init :7, 821, 630, 235, 197
track:8, 821, 630, 235, 197
track:9, 822, 630, 235, 197
track:10, 821, 631, 235, 197
track:11, 823, 630, 235, 197
track:12, 823, 630, 235, 197
track:13, 824, 630, 235, 197
track:14, 824, 630, 235, 197
track:15, 824, 630, 235, 197
track:16, 825, 630, 235, 197
track:17, 826, 630, 235, 197
track:18, 825, 630, 235, 197
track:19, 825, 629, 235, 197
track:20, 821, 626, 247, 207
track:21, 820, 626, 247, 207
track:22, 827, 631, 235, 197
track:23, 828, 631, 235, 197
track:24, 827, 631, 235, 197
track:25, 828, 630, 235, 197
track:26, 829, 631, 235, 197
track:27, 829, 631, 235, 197
track:28, 829, 631, 235, 197
track:29, 829, 630, 235, 197
track:30, 829, 630, 235, 197
track:31, 830, 629, 235, 197
track:32, 831, 631, 235, 197
track:33, 829, 630, 235, 197
track:34, 830, 631, 235, 197
track:35, 830, 630, 235, 197
track:36, 830, 631, 235, 197
track:37, 829, 630, 235, 197
track:38, 831, 630, 235, 197
track:39, 830, 630, 235, 197
track:40, 830, 630, 235, 197
track:41, 831, 629, 235, 197
track:42, 830, 631, 235, 197
track:43, 831, 630, 235, 197
track:44, 830, 631, 235, 197
track:45, 832, 630, 235, 197
track:46, 830, 631, 235, 197
track:48, 832, 630, 235, 197
track:49, 830, 630, 235, 197
track:50, 831, 629, 235, 197
track:51, 832, 629, 235, 197
track:52, 831, 628, 235, 197
track:53, 832, 629, 235, 197
track:54, 831, 629, 235, 197
track:55, 832, 629, 235, 197
track:56, 831, 629, 235, 197
track:57, 831, 628, 235, 197
track:58, 831, 629, 235, 197
track:59, 830, 628, 235, 197
track:60, 832, 628, 235, 197
track:61, 831, 630, 235, 197
track:62, 830, 629, 235, 197
track:63, 829, 629, 235, 197
track:64, 830, 629, 235, 197
track:65, 829, 629, 235, 197
track:66, 828, 629, 235, 197
track:67, 829, 628, 235, 197
track:68, 829, 629, 235, 197
track:69, 828, 629, 235, 197
track:70, 829, 628, 235, 197
track:71, 829, 629, 235, 197
track:72, 828, 629, 235, 197
track:73, 828, 629, 235, 197
track:74, 828, 628, 235, 197
track:75, 828, 629, 235, 197
track:76, 828, 629, 235, 197
track:77, 827, 629, 235, 197
track:78, 828, 628, 235, 197
track:79, 828, 629, 235, 197
track:80, 828, 629, 235, 197
track:81, 828, 628, 235, 197
track:82, 827, 629, 235, 197
init :83, 826, 630, 240, 199
track:84, 826, 630, 240, 199
track:85, 826, 630, 240, 199
track:86, 825, 631, 240, 199
track:87, 826, 631, 240, 199
track:88, 826, 632, 240, 199
track:89, 826, 631, 240, 199
track:90, 826, 631, 240, 199
track:91, 826, 631, 240, 199
track:92, 827, 632, 240, 199
track:93, 826, 631, 240, 199
track:94, 826, 631, 240, 199
track:95, 826, 631, 240, 199
track:96, 826, 630, 240, 199
track:97, 826, 629, 240, 199
track:98, 828, 630, 240, 199
track:99, 828, 630, 240, 199
track:100, 829, 629, 240, 199
track:101, 830, 629, 240, 199
track:102, 830, 628, 240, 199
track:103, 831, 626, 240, 199
track:104, 831, 627, 240, 199
track:105, 833, 626, 240, 199
track:106, 832, 625, 240, 199
track:107, 833, 623, 240, 199
track:108, 834, 622, 240, 199
track:109, 834, 622, 240, 199
track:110, 834, 620, 240, 199
track:111, 835, 619, 240, 199
track:112, 835, 617, 240, 199
track:113, 841, 620, 229, 190
track:114, 842, 620, 229, 190
track:115, 841, 618, 229, 190
track:116, 843, 616, 229, 190
track:117, 845, 613, 229, 190
track:120, 846, 611, 229, 190
track:121, 847, 608, 229, 190
track:122, 853, 609, 218, 180
track:123, 853, 608, 218, 180
track:124, 853, 608, 218, 180
track:125, 851, 606, 218, 180
track:126, 848, 604, 218, 180
track:127, 846, 602, 218, 180
track:128, 847, 602, 218, 180
track:129, 846, 602, 218, 180
track:130, 845, 604, 218, 180
track:131, 846, 604, 218, 180
track:132, 848, 608, 218, 180
track:133, 850, 609, 218, 180
track:134, 851, 610, 218, 180
track:135, 851, 611, 218, 180
track:136, 852, 611, 218, 180
track:137, 854, 611, 218, 180
track:138, 854, 614, 218, 180
track:139, 853, 614, 218, 180
track:140, 853, 613, 218, 180
track:141, 852, 613, 218, 180
track:142, 851, 614, 218, 180
track:143, 850, 613, 218, 180
track:144, 851, 614, 218, 180
track:145, 848, 617, 218, 180
track:146, 847, 619, 218, 180
track:147, 847, 620, 218, 180
track:148, 848, 621, 218, 180
track:149, 847, 621, 218, 180
track:150, 853, 628, 207, 172
track:151, 853, 632, 207, 172
track:152, 853, 634, 207, 172
track:153, 855, 637, 207, 172
track:154, 854, 637, 207, 172
track:155, 855, 638, 207, 172
track:156, 854, 639, 207, 172
track:157, 855, 641, 207, 172
track:158, 857, 642, 207, 172
track:159, 858, 642, 207, 172
track:160, 856, 643, 207, 172
track:161, 855, 642, 207, 172
track:162, 858, 646, 197, 164
track:163, 856, 646, 197, 164
track:164, 856, 646, 197, 164
init :165, 863, 659, 166, 147
track:166, 863, 660, 166, 147
track:167, 864, 659, 166, 147
track:168, 864, 659, 166, 147
track:169, 864, 658, 166, 147
track:170, 865, 659, 166, 147
track:171, 866, 658, 166, 147
track:172, 867, 657, 166, 147
track:173, 867, 657, 166, 147
track:174, 867, 657, 166, 147
track:175, 864, 657, 166, 147
track:176, 862, 658, 166, 147
track:177, 862, 658, 166, 147
track:178, 864, 659, 166, 147
track:179, 865, 659, 166, 147
track:180, 865, 660, 166, 147
track:181, 866, 661, 166, 147
track:182, 868, 663, 166, 147
track:183, 865, 662, 174, 154
track:184, 865, 662, 174, 154
track:185, 865, 665, 174, 154
track:186, 865, 664, 174, 154
track:187, 861, 657, 174, 154
track:188, 857, 654, 174, 154
track:189, 860, 657, 166, 147
track:190, 858, 656, 166, 147
track:191, 858, 655, 166, 147
track:192, 857, 649, 166, 147
track:193, 856, 648, 166, 147
track:194, 856, 647, 166, 147
track:195, 857, 646, 166, 147
track:196, 859, 645, 166, 147
track:197, 859, 644, 166, 147
track:198, 856, 644, 166, 147
track:199, 856, 644, 166, 147
track:200, 854, 645, 166, 147
track:201, 853, 646, 166, 147
track:202, 852, 644, 166, 147
track:203, 852, 641, 166, 147
track:204, 852, 640, 166, 147
track:205, 852, 639, 166, 147
track:206, 857, 641, 158, 140
track:207, 854, 639, 158, 140
track:208, 854, 639, 158, 140
track:209, 853, 636, 158, 140
track:210, 851, 633, 158, 140
track:211, 850, 631, 158, 140
track:212, 850, 628, 158, 140
track:213, 849, 628, 158, 140
track:214, 853, 629, 151, 133
track:215, 853, 628, 151, 133
track:216, 852, 627, 151, 133
track:217, 852, 628, 151, 133
track:218, 852, 628, 151, 133
track:219, 856, 632, 143, 127
track:220, 855, 636, 143, 127
track:221, 855, 638, 143, 127
track:222, 855, 639, 143, 127
track:223, 855, 640, 143, 127
track:224, 855, 642, 143, 127
track:225, 855, 643, 143, 127
track:226, 855, 644, 143, 127
track:227, 855, 646, 143, 127
track:228, 855, 645, 143, 127
track:229, 855, 645, 143, 127
track:230, 855, 645, 143, 127
track:231, 855, 645, 143, 127
track:232, 854, 640, 143, 127
track:233, 853, 640, 143, 127
track:234, 855, 643, 137, 121
track:235, 855, 643, 137, 121
track:236, 857, 642, 137, 121
track:237, 861, 645, 130, 115
track:238, 861, 645, 130, 115
track:239, 862, 647, 130, 115
track:240, 863, 648, 130, 115
track:241, 863, 650, 130, 115
track:242, 864, 650, 130, 115
track:243, 864, 649, 130, 115
track:244, 864, 649, 130, 115
track:245, 864, 650, 130, 115
track:246, 864, 651, 130, 115
init :247, 863, 656, 120, 88
track:248, 863, 656, 120, 88
track:249, 863, 658, 120, 88
track:250, 863, 660, 120, 88
track:251, 864, 662, 120, 88
track:252, 864, 663, 120, 88
track:253, 864, 663, 120, 88
track:254, 865, 666, 120, 88
track:255, 866, 670, 120, 88
track:256, 866, 672, 120, 88
track:257, 866, 675, 120, 88
track:258, 866, 675, 120, 88
track:259, 867, 676, 120, 88
track:260, 867, 678, 120, 88
track:261, 868, 678, 120, 88
track:262, 868, 678, 120, 88
track:263, 867, 678, 120, 88
track:264, 867, 680, 120, 88
track:265, 867, 682, 120, 88
track:266, 867, 684, 120, 88
track:267, 865, 684, 126, 92
track:268, 865, 684, 126, 92
track:269, 865, 685, 126, 92
track:270, 866, 688, 126, 92
track:271, 867, 690, 126, 92
track:272, 867, 694, 126, 92
track:273, 866, 695, 126, 92
track:274, 867, 697, 126, 92
track:275, 868, 698, 126, 92
track:276, 866, 699, 132, 97
track:277, 867, 702, 132, 97
track:278, 868, 702, 132, 97
track:279, 869, 702, 132, 97
track:280, 866, 699, 139, 102
track:281, 863, 695, 146, 107
track:282, 865, 696, 146, 107
track:283, 865, 697, 146, 107
track:284, 867, 699, 146, 107
track:285, 869, 700, 146, 107
track:286, 871, 700, 146, 107
track:287, 871, 697, 146, 107
track:288, 869, 694, 153, 112
track:289, 865, 688, 161, 118
track:290, 865, 684, 161, 118
track:291, 862, 674, 169, 124
track:292, 859, 666, 177, 130
track:293, 859, 664, 177, 130
track:294, 856, 660, 186, 137
track:295, 853, 655, 195, 143
track:296, 854, 654, 195, 143
track:297, 850, 652, 205, 151
track:298, 849, 652, 205, 151
track:299, 843, 649, 216, 158
track:300, 841, 650, 216, 158
track:301, 839, 652, 216, 158
track:302, 836, 657, 216, 158
track:303, 838, 659, 216, 158
track:304, 830, 659, 226, 166
track:305, 826, 660, 226, 166
track:306, 828, 659, 226, 166
track:307, 826, 656, 226, 166
track:308, 820, 652, 238, 174
track:309, 814, 645, 249, 183
track:310, 807, 636, 262, 192
track:311, 808, 619, 262, 192
track:312, 807, 611, 262, 192
track:313, 807, 610, 262, 192
track:314, 809, 604, 262, 192
track:315, 808, 596, 262, 192
track:316, 810, 584, 262, 192
track:317, 815, 584, 249, 183
track:318, 817, 583, 249, 183
track:319, 818, 581, 249, 183
track:320, 824, 572, 249, 183
track:321, 828, 564, 249, 183
track:322, 829, 565, 249, 183
track:323, 829, 563, 249, 183
track:324, 827, 568, 249, 183
track:325, 834, 571, 238, 174
track:326, 839, 566, 226, 166
track:327, 835, 565, 226, 166
track:328, 835, 564, 226, 166
init :329, 853, 581, 193, 171
track:330, 852, 586, 193, 171
track:331, 850, 589, 193, 171
track:332, 848, 592, 193, 171
track:333, 848, 593, 193, 171
track:334, 847, 595, 193, 171
track:335, 847, 596, 193, 171
track:336, 847, 599, 193, 171
track:337, 848, 601, 193, 171
track:338, 847, 601, 193, 171
track:339, 848, 597, 193, 171
track:340, 853, 599, 184, 163
track:341, 853, 599, 184, 163
track:342, 858, 601, 175, 155
track:343, 857, 601, 175, 155
track:344, 856, 600, 175, 155
track:345, 857, 596, 175, 155
track:346, 863, 600, 167, 148
track:347, 861, 602, 167, 148
track:348, 862, 602, 167, 148
track:349, 865, 608, 159, 141
track:350, 866, 612, 159, 141
track:351, 868, 614, 159, 141
track:352, 871, 622, 151, 134
track:353, 874, 625, 144, 128
track:354, 873, 627, 144, 128
track:355, 874, 629, 144, 128
track:356, 874, 629, 144, 128
track:357, 876, 633, 137, 122
track:358, 877, 633, 137, 122
track:359, 876, 633, 137, 122
track:360, 876, 633, 137, 122
track:361, 874, 633, 137, 122
track:362, 873, 633, 137, 122
track:363, 873, 633, 137, 122
track:364, 876, 637, 131, 116
track:365, 879, 640, 124, 110
track:366, 879, 640, 124, 110
track:367, 877, 641, 124, 110
track:368, 877, 642, 124, 110
track:369, 877, 642, 124, 110
track:370, 875, 646, 124, 110
track:371, 875, 653, 124, 110
track:372, 874, 657, 124, 110
track:373, 875, 657, 124, 110
track:374, 873, 658, 124, 110
track:375, 872, 659, 124, 110
track:376, 870, 659, 124, 110
track:377, 868, 661, 124, 110
track:378, 867, 661, 124, 110
track:379, 867, 662, 124, 110
track:380, 867, 661, 124, 110
track:381, 867, 661, 124, 110
track:382, 863, 660, 124, 110
track:383, 864, 660, 124, 110
track:384, 865, 662, 118, 105
track:385, 867, 663, 113, 100
track:386, 867, 662, 113, 100
track:387, 867, 662, 113, 100
track:388, 867, 663, 113, 100
track:389, 866, 662, 113, 100
track:390, 865, 661, 113, 100
track:391, 866, 663, 113, 100
track:392, 866, 667, 113, 100
track:393, 866, 668, 113, 100
track:394, 869, 670, 107, 95
track:395, 870, 676, 107, 95
track:396, 871, 680, 107, 95
track:397, 873, 683, 107, 95
track:398, 873, 685, 107, 95
track:399, 874, 688, 107, 95
track:400, 878, 695, 102, 91
track:401, 879, 701, 102, 91
track:402, 881, 706, 102, 91
track:403, 881, 705, 102, 91
track:404, 881, 707, 102, 91
track:405, 882, 707, 102, 91
track:406, 882, 707, 102, 91
track:407, 883, 707, 102, 91
track:408, 883, 707, 102, 91
track:409, 883, 706, 102, 91
track:410, 884, 703, 102, 91
init :411, 881, 700, 101, 77
track:412, 881, 699, 101, 77
track:413, 882, 699, 101, 77
track:414, 881, 698, 101, 77
track:415, 881, 699, 101, 77
track:416, 881, 700, 101, 77
track:417, 882, 701, 101, 77
track:418, 882, 702, 101, 77
track:419, 882, 701, 101, 77
track:420, 878, 701, 106, 81
track:421, 878, 700, 106, 81
track:422, 876, 699, 106, 81
track:423, 876, 698, 106, 81
track:424, 877, 694, 106, 81
track:425, 877, 693, 106, 81
track:426, 876, 691, 106, 81
track:427, 875, 690, 106, 81
track:428, 874, 690, 106, 81
track:429, 876, 692, 101, 77
track:430, 875, 692, 101, 77
track:431, 875, 692, 101, 77
track:432, 874, 691, 101, 77
track:433, 873, 691, 101, 77
track:434, 873, 692, 101, 77
track:435, 871, 692, 101, 77
track:436, 871, 693, 101, 77
track:437, 871, 694, 101, 77
track:438, 871, 695, 101, 77
track:439, 872, 696, 101, 77
track:440, 872, 697, 101, 77
track:441, 872, 696, 101, 77
track:442, 873, 697, 101, 77
track:443, 872, 697, 101, 77
track:444, 872, 698, 101, 77
track:445, 872, 698, 101, 77
track:446, 871, 698, 106, 81
track:447, 872, 697, 106, 81
track:448, 871, 696, 106, 81
track:449, 871, 695, 106, 81
track:450, 871, 694, 106, 81
track:451, 869, 694, 111, 85
track:452, 870, 695, 111, 85
track:453, 870, 696, 111, 85
track:454, 872, 696, 111, 85
track:455, 873, 696, 111, 85
track:456, 874, 697, 111, 85
track:457, 873, 696, 111, 85
track:458, 873, 696, 111, 85
track:459, 872, 695, 111, 85
track:460, 872, 694, 111, 85
track:461, 873, 694, 111, 85
track:462, 870, 691, 117, 89
track:463, 870, 691, 117, 89
track:464, 869, 688, 117, 89
track:465, 869, 686, 117, 89
track:466, 866, 684, 123, 94
track:467, 866, 685, 123, 94
track:468, 865, 685, 123, 94
track:469, 866, 685, 123, 94
track:470, 867, 686, 123, 94
track:471, 868, 688, 123, 94
track:472, 868, 689, 123, 94
track:473, 868, 691, 123, 94
track:474, 869, 693, 123, 94
track:475, 870, 694, 123, 94
track:476, 872, 692, 123, 94
track:477, 872, 692, 123, 94
track:478, 874, 692, 123, 94
track:479, 873, 688, 129, 98
track:480, 872, 676, 135, 103
track:481, 871, 671, 142, 108
track:482, 871, 670, 142, 108
track:483, 874, 662, 142, 108
track:484, 876, 660, 142, 108
track:485, 876, 661, 142, 108
track:486, 878, 664, 142, 108
track:487, 877, 665, 142, 108
track:488, 873, 666, 149, 114
track:490, 865, 666, 157, 119
track:491, 864, 668, 157, 119
track:492, 863, 669, 157, 119
init :493, 858, 664, 180, 142
track:494, 857, 664, 180, 142
track:495, 854, 659, 180, 142
track:496, 853, 655, 180, 142
track:497, 852, 653, 180, 142
track:498, 851, 650, 180, 142
track:499, 850, 647, 180, 142
track:500, 849, 642, 180, 142
track:501, 849, 639, 180, 142
track:502, 848, 637, 180, 142
track:503, 849, 635, 180, 142
track:504, 849, 634, 180, 142
track:505, 847, 633, 180, 142
track:506, 847, 632, 180, 142
track:507, 847, 632, 180, 142
track:508, 847, 630, 180, 142
track:509, 847, 625, 180, 142
track:510, 846, 623, 180, 142
track:511, 846, 621, 180, 142
track:512, 845, 621, 180, 142
track:513, 844, 620, 180, 142
track:514, 844, 621, 180, 142
track:515, 845, 622, 180, 142
track:516, 845, 621, 180, 142
track:517, 845, 620, 180, 142
track:518, 849, 622, 171, 135
track:519, 850, 621, 171, 135
track:520, 850, 621, 171, 135
track:521, 850, 619, 171, 135
track:522, 850, 619, 171, 135
track:523, 854, 623, 163, 129
track:524, 854, 626, 163, 129
track:525, 860, 630, 155, 123
track:526, 860, 631, 155, 123
track:527, 861, 631, 155, 123
track:528, 862, 633, 148, 117
track:529, 863, 633, 148, 117
track:530, 864, 632, 148, 117
track:531, 865, 631, 148, 117
track:532, 866, 631, 148, 117
track:533, 866, 632, 148, 117
track:534, 871, 634, 141, 111
track:535, 874, 638, 134, 106
track:536, 874, 639, 134, 106
track:537, 874, 639, 134, 106
track:538, 874, 641, 134, 106
track:539, 874, 642, 134, 106
track:540, 873, 642, 134, 106
track:543, 876, 647, 128, 101
track:544, 875, 647, 128, 101
track:546, 871, 653, 128, 101
track:547, 871, 652, 128, 101
track:548, 873, 656, 122, 96
track:549, 873, 659, 122, 96
track:550, 872, 660, 122, 96
track:551, 871, 662, 122, 96
track:552, 871, 662, 122, 96
track:553, 873, 664, 116, 92
track:554, 873, 663, 116, 92
track:555, 873, 663, 116, 92
track:556, 872, 663, 116, 92
track:557, 872, 663, 116, 92
track:558, 873, 671, 111, 87
track:559, 873, 674, 111, 87
track:560, 873, 677, 111, 87
track:561, 873, 681, 111, 87
track:562, 873, 681, 111, 87
track:563, 873, 683, 111, 87
track:564, 873, 685, 111, 87
track:565, 873, 686, 111, 87
track:566, 872, 688, 111, 87
track:567, 873, 688, 111, 87
track:568, 874, 691, 111, 87
track:569, 874, 692, 111, 87
track:570, 873, 695, 111, 87
track:571, 873, 698, 111, 87
track:572, 873, 698, 111, 87
track:573, 874, 700, 111, 87
track:574, 876, 702, 111, 87
init :575, 876, 698, 101, 85
track:576, 875, 696, 101, 85
track:577, 874, 696, 101, 85
track:578, 875, 695, 101, 85
track:579, 875, 693, 101, 85
track:580, 877, 692, 101, 85
track:581, 877, 693, 101, 85
track:582, 877, 693, 101, 85
track:583, 876, 695, 101, 85
track:584, 875, 696, 101, 85
track:585, 875, 697, 101, 85
track:586, 876, 696, 101, 85
track:587, 875, 697, 101, 85
track:588, 875, 697, 101, 85
track:589, 877, 696, 101, 85
track:590, 875, 695, 101, 85
track:591, 873, 697, 101, 85
track:592, 871, 695, 106, 89
track:593, 871, 694, 106, 89
track:594, 870, 693, 106, 89
track:595, 871, 684, 106, 89
track:596, 867, 679, 111, 94
track:597, 867, 679, 111, 94
track:598, 866, 675, 111, 94
track:599, 866, 668, 111, 94
track:600, 866, 665, 111, 94
track:601, 866, 665, 111, 94
track:602, 865, 662, 117, 98
track:603, 863, 662, 117, 98
track:604, 863, 657, 117, 98
track:605, 862, 653, 117, 98
track:606, 862, 652, 117, 98
track:607, 863, 652, 117, 98
track:608, 862, 652, 117, 98
track:609, 863, 652, 117, 98
track:610, 863, 654, 117, 98
track:611, 863, 657, 117, 98
track:612, 860, 655, 123, 103
track:613, 859, 658, 123, 103
track:614, 859, 660, 123, 103
track:615, 860, 663, 123, 103
track:616, 859, 665, 123, 103
track:617, 857, 663, 129, 108
track:618, 857, 663, 129, 108
track:619, 856, 661, 129, 108
track:620, 858, 660, 129, 108
track:621, 859, 660, 129, 108
track:622, 859, 660, 129, 108
track:623, 858, 660, 129, 108
track:624, 857, 658, 129, 108
track:625, 858, 658, 129, 108
track:626, 858, 659, 129, 108
track:627, 859, 660, 129, 108
track:628, 856, 658, 135, 114
track:629, 855, 657, 135, 114
track:630, 855, 654, 135, 114
track:631, 852, 651, 142, 120
track:632, 852, 652, 142, 120
track:633, 854, 654, 142, 120
track:634, 854, 657, 142, 120
track:635, 854, 660, 142, 120
track:636, 856, 661, 142, 120
track:637, 856, 661, 142, 120
track:638, 858, 662, 142, 120
track:639, 859, 662, 142, 120
track:640, 859, 662, 142, 120
track:641, 859, 659, 142, 120
track:642, 859, 660, 142, 120
track:643, 859, 658, 142, 120
track:644, 859, 657, 142, 120
track:645, 859, 648, 142, 120
track:646, 860, 647, 142, 120
track:647, 860, 646, 142, 120
track:648, 860, 646, 142, 120
track:649, 860, 647, 142, 120
track:650, 862, 647, 142, 120
track:651, 864, 647, 142, 120
track:652, 864, 646, 142, 120
track:653, 865, 646, 142, 120
track:654, 865, 648, 142, 120
track:655, 866, 651, 142, 120
track:656, 867, 653, 142, 120
init :657, 872, 656, 138, 116
track:658, 874, 659, 138, 116
track:659, 875, 659, 138, 116
track:660, 874, 658, 138, 116
track:661, 876, 659, 138, 116
track:662, 876, 658, 138, 116
track:663, 876, 657, 138, 116
track:664, 877, 656, 138, 116
track:665, 878, 654, 138, 116
track:666, 879, 652, 138, 116
track:667, 879, 652, 138, 116
track:668, 879, 650, 138, 116
track:669, 879, 649, 138, 116
track:670, 881, 649, 138, 116
track:671, 878, 650, 138, 116
track:672, 877, 649, 138, 116
track:673, 876, 648, 138, 116
track:674, 875, 647, 138, 116
track:675, 875, 647, 138, 116
track:676, 874, 647, 138, 116
track:677, 873, 647, 138, 116
track:678, 871, 650, 138, 116
track:679, 871, 658, 138, 116
track:680, 872, 666, 138, 116
track:681, 871, 668, 138, 116
track:682, 871, 668, 138, 116
track:683, 868, 667, 138, 116
track:684, 867, 666, 138, 116
track:685, 864, 666, 145, 122
track:686, 865, 668, 145, 122
track:687, 865, 669, 145, 122
track:688, 864, 668, 145, 122
track:689, 863, 666, 145, 122
track:690, 862, 664, 145, 122
track:691, 862, 663, 145, 122
track:692, 862, 663, 145, 122
track:693, 861, 662, 145, 122
track:694, 861, 661, 145, 122
track:695, 861, 661, 145, 122
track:696, 860, 659, 145, 122
track:697, 861, 659, 145, 122
track:698, 858, 658, 145, 122
track:699, 856, 658, 145, 122
track:700, 855, 659, 145, 122
track:701, 855, 660, 145, 122
track:702, 856, 661, 145, 122
track:703, 856, 664, 145, 122
track:704, 855, 669, 145, 122
track:705, 853, 674, 145, 122
track:706, 852, 675, 145, 122
track:707, 852, 676, 145, 122
track:708, 851, 677, 145, 122
track:709, 851, 678, 145, 122
track:710, 851, 676, 145, 122
track:711, 852, 675, 145, 122
track:712, 851, 672, 145, 122
track:713, 851, 671, 145, 122
track:714, 850, 671, 145, 122
track:715, 850, 673, 145, 122
track:716, 850, 673, 145, 122
track:717, 850, 675, 145, 122
track:718, 851, 675, 145, 122
track:719, 852, 676, 145, 122
track:720, 852, 676, 145, 122
track:721, 853, 676, 145, 122
track:722, 852, 676, 145, 122
track:723, 853, 675, 145, 122
track:724, 853, 672, 145, 122
track:725, 854, 668, 145, 122
track:726, 854, 667, 145, 122
track:727, 854, 666, 145, 122
track:728, 854, 663, 145, 122
track:729, 850, 654, 152, 128
track:730, 852, 653, 152, 128
track:731, 853, 653, 152, 128
track:732, 852, 652, 152, 128
track:733, 851, 651, 152, 128
track:734, 849, 644, 160, 134
track:735, 851, 639, 160, 134
track:736, 850, 638, 160, 134
track:737, 851, 637, 160, 134
track:738, 849, 636, 160, 134
init :739, 849, 636, 166, 127
track:740, 850, 637, 166, 127
track:741, 850, 638, 166, 127
track:742, 851, 639, 166, 127
track:743, 850, 639, 166, 127
track:744, 850, 640, 166, 127
track:745, 850, 638, 166, 127
track:746, 850, 638, 166, 127
track:747, 850, 636, 166, 127
track:748, 850, 627, 166, 127
track:749, 848, 622, 166, 127
track:750, 847, 622, 166, 127
track:751, 846, 621, 166, 127
track:752, 847, 624, 166, 127
track:753, 852, 627, 158, 121
track:754, 858, 630, 151, 115
track:755, 861, 629, 151, 115
track:756, 861, 629, 151, 115
track:757, 860, 628, 151, 115
track:758, 861, 626, 151, 115
track:759, 859, 628, 151, 115
track:760, 860, 632, 151, 115
track:761, 860, 633, 151, 115
track:762, 863, 633, 151, 115
track:763, 865, 632, 151, 115
track:764, 867, 633, 151, 115
track:765, 865, 633, 151, 115
track:766, 865, 633, 151, 115
track:767, 864, 634, 151, 115
track:768, 864, 636, 151, 115
track:769, 864, 637, 151, 115
track:770, 868, 647, 151, 115
track:771, 868, 647, 151, 115
track:772, 868, 646, 151, 115
track:773, 872, 648, 143, 110
track:774, 874, 648, 143, 110
track:775, 877, 651, 137, 104
track:776, 877, 651, 137, 104
track:777, 878, 650, 137, 104
track:778, 879, 649, 137, 104
track:779, 881, 649, 137, 104
track:780, 881, 649, 137, 104
track:781, 881, 649, 137, 104
track:782, 881, 649, 137, 104
track:783, 881, 649, 137, 104
track:784, 880, 648, 137, 104
track:785, 880, 649, 137, 104
track:786, 880, 649, 137, 104
track:787, 879, 649, 137, 104
track:788, 878, 650, 137, 104
track:789, 881, 653, 130, 100
track:790, 880, 653, 130, 100
track:791, 881, 652, 130, 100
track:792, 881, 651, 130, 100
track:793, 880, 652, 130, 100
track:794, 880, 653, 130, 100
track:795, 880, 657, 130, 100
track:796, 881, 658, 130, 100
track:797, 881, 657, 130, 100
track:798, 880, 657, 130, 100
track:799, 880, 657, 130, 100
track:800, 880, 658, 130, 100
track:801, 880, 659, 130, 100
track:802, 879, 659, 130, 100
track:803, 879, 660, 130, 100
track:804, 879, 661, 130, 100
track:805, 879, 661, 130, 100
track:806, 879, 661, 130, 100
track:807, 878, 661, 130, 100
track:808, 878, 662, 130, 100
track:809, 878, 663, 130, 100
track:810, 879, 665, 130, 100
track:811, 879, 666, 130, 100
track:812, 877, 667, 130, 100
track:813, 876, 667, 130, 100
track:814, 874, 668, 130, 100
track:815, 873, 667, 130, 100
track:816, 873, 667, 130, 100
track:817, 873, 670, 130, 100
track:818, 872, 676, 130, 100
track:819, 872, 678, 130, 100
track:820, 869, 689, 130, 100
init :821, 853, 680, 147, 127
track:822, 853, 681, 147, 127
track:823, 852, 679, 147, 127
track:824, 852, 677, 147, 127
track:825, 851, 678, 147, 127
track:826, 851, 678, 147, 127
track:827, 851, 683, 147, 127
track:828, 850, 687, 147, 127
track:829, 851, 690, 147, 127
track:830, 853, 690, 147, 127
track:831, 853, 690, 147, 127
track:832, 854, 691, 147, 127
track:833, 857, 688, 147, 127
track:834, 853, 680, 154, 133
track:835, 853, 670, 154, 133
track:836, 851, 668, 162, 140
track:837, 850, 664, 162, 140
track:838, 849, 662, 162, 140
track:839, 847, 657, 162, 140
track:840, 845, 652, 162, 140
track:841, 840, 648, 170, 147
track:842, 838, 648, 170, 147
track:843, 836, 643, 170, 147
track:844, 829, 636, 179, 154
track:845, 822, 623, 179, 154
track:846, 823, 623, 179, 154
track:847, 822, 616, 179, 154
track:848, 821, 610, 179, 154
track:849, 820, 608, 179, 154
track:850, 819, 606, 179, 154
track:851, 819, 606, 179, 154
track:852, 824, 602, 179, 154
track:853, 827, 598, 179, 154
track:854, 829, 599, 179, 154
track:855, 828, 602, 179, 154
track:856, 829, 603, 179, 154
track:857, 829, 604, 179, 154
track:858, 831, 602, 179, 154
track:859, 831, 598, 179, 154
track:860, 832, 597, 179, 154
track:861, 831, 597, 179, 154
track:862, 831, 599, 179, 154
track:863, 833, 603, 179, 154
track:864, 834, 608, 179, 154
track:865, 837, 618, 170, 147
track:866, 838, 619, 170, 147
track:867, 838, 623, 170, 147
track:868, 839, 626, 170, 147
track:869, 840, 627, 170, 147
track:870, 840, 630, 170, 147
track:871, 840, 632, 170, 147
track:872, 841, 632, 170, 147
track:873, 845, 636, 162, 140
track:874, 846, 636, 162, 140
track:875, 848, 637, 162, 140
track:876, 848, 637, 162, 140
track:877, 849, 639, 162, 140
track:878, 851, 639, 162, 140
track:879, 852, 638, 162, 140
track:880, 856, 641, 154, 133
track:881, 856, 640, 154, 133
track:882, 855, 640, 154, 133
track:883, 861, 642, 147, 127
track:884, 863, 641, 147, 127
track:885, 865, 641, 147, 127
track:886, 865, 642, 147, 127
track:887, 870, 645, 140, 121
track:888, 874, 647, 133, 115
track:889, 875, 646, 133, 115
track:890, 877, 645, 133, 115
track:891, 878, 645, 133, 115
track:892, 879, 643, 133, 115
track:893, 880, 643, 133, 115
track:894, 881, 643, 133, 115
track:895, 882, 643, 133, 115
track:896, 882, 643, 133, 115
track:897, 882, 644, 133, 115
track:898, 880, 642, 133, 115
track:899, 878, 642, 133, 115
track:900, 877, 643, 133, 115
track:901, 877, 644, 133, 115
track:902, 876, 645, 133, 115
init :903, 881, 654, 120, 96
track:904, 882, 654, 120, 96
track:905, 883, 655, 120, 96
track:906, 883, 655, 120, 96
track:907, 908, 640, 120, 96
track:908, 912, 639, 120, 96
track:909, 916, 650, 114, 91
track:910, 920, 656, 114, 91
track:911, 918, 656, 114, 91
track:912, 918, 658, 114, 91
track:913, 921, 664, 114, 91
track:914, 920, 665, 114, 91
track:915, 918, 665, 120, 96
track:916, 923, 668, 114, 91
track:917, 923, 670, 114, 91
track:918, 924, 672, 114, 91
track:919, 924, 672, 114, 91
track:920, 920, 673, 114, 91
track:921, 920, 674, 114, 91
track:922, 915, 673, 114, 91
track:923, 910, 672, 114, 91
track:924, 904, 671, 114, 91
track:925, 896, 671, 114, 91
track:926, 898, 673, 109, 87
track:927, 895, 673, 109, 87
track:928, 886, 674, 109, 87
track:929, 881, 672, 109, 87
track:930, 876, 672, 109, 87
track:931, 876, 671, 109, 87
track:932, 873, 670, 109, 87
track:933, 871, 667, 109, 87
track:934, 868, 664, 109, 87
track:935, 867, 662, 109, 87
track:936, 868, 661, 109, 87
track:937, 869, 660, 109, 87
track:938, 866, 657, 109, 87
track:939, 867, 656, 109, 87
track:940, 866, 654, 109, 87
track:941, 866, 653, 109, 87
track:942, 864, 652, 109, 87
track:943, 863, 651, 109, 87
track:944, 860, 651, 109, 87
track:945, 858, 650, 109, 87
track:946, 859, 650, 109, 87
track:947, 857, 653, 104, 83
track:948, 853, 654, 104, 83
track:949, 848, 655, 104, 83
track:950, 843, 656, 104, 83
track:951, 842, 656, 104, 83
track:952, 841, 657, 104, 83
track:953, 838, 659, 104, 83
track:954, 834, 660, 104, 83
track:955, 832, 660, 104, 83
track:956, 832, 662, 104, 83
track:957, 830, 662, 104, 83
track:958, 830, 663, 104, 83
track:959, 828, 664, 104, 83
track:960, 827, 665, 104, 83
track:961, 825, 666, 104, 83
track:962, 823, 665, 104, 83
track:963, 819, 666, 104, 83
track:964, 817, 667, 104, 83
track:965, 817, 667, 104, 83
track:966, 810, 668, 104, 83
track:967, 807, 667, 104, 83
track:968, 802, 668, 104, 83
track:969, 795, 670, 104, 83
track:970, 795, 670, 104, 83
track:971, 790, 670, 104, 83
track:972, 784, 670, 104, 83
track:973, 780, 669, 104, 83
track:974, 776, 672, 99, 79
track:975, 775, 672, 99, 79
track:976, 773, 672, 99, 79
track:977, 770, 672, 99, 79
track:978, 767, 672, 99, 79
track:979, 765, 673, 99, 79
track:980, 765, 673, 99, 79
track:981, 763, 673, 99, 79
track:982, 763, 673, 99, 79
track:983, 765, 676, 94, 75
track:984, 765, 676, 94, 75
init :985, 692, 586, 484, 246
track:986, 692, 586, 484, 246
track:987, 693, 587, 484, 246
track:988, 710, 593, 461, 234
track:989, 711, 594, 461, 234
track:990, 713, 594, 461, 234
track:991, 710, 593, 461, 234
track:992, 714, 594, 461, 234
track:993, 712, 594, 461, 234
track:994, 715, 591, 461, 234
track:995, 712, 592, 461, 234
track:996, 716, 588, 461, 234
track:997, 716, 588, 461, 234
track:998, 719, 586, 461, 234
track:999, 719, 585, 461, 234
track:1000, 719, 585, 461, 234
track:1001, 727, 580, 461, 234
track:1002, 730, 580, 461, 234
track:1003, 734, 575, 461, 234
track:1004, 739, 573, 461, 234
track:1005, 743, 573, 461, 234
track:1006, 753, 574, 439, 223
track:1007, 755, 573, 439, 223
track:1008, 756, 570, 439, 223
track:1009, 754, 570, 439, 223
track:1010, 755, 569, 439, 223
track:1011, 748, 567, 439, 223
track:1012, 747, 567, 439, 223
track:1013, 740, 567, 439, 223
track:1014, 736, 565, 439, 223
track:1015, 736, 566, 439, 223
track:1016, 737, 571, 418, 213
track:1017, 747, 574, 398, 202
track:1018, 750, 572, 398, 202
track:1019, 745, 572, 398, 202
track:1020, 746, 573, 398, 202
track:1021, 742, 571, 398, 202
track:1022, 744, 570, 398, 202
track:1023, 741, 568, 398, 202
track:1024, 740, 569, 398, 202
track:1025, 737, 568, 398, 202
track:1026, 731, 570, 398, 202
track:1027, 730, 570, 398, 202
track:1028, 730, 569, 398, 202
track:1029, 732, 575, 398, 202
track:1030, 726, 576, 398, 202
track:1031, 718, 578, 398, 202
track:1032, 726, 581, 379, 193
track:1033, 716, 581, 379, 193
track:1034, 711, 584, 379, 193
track:1035, 713, 584, 379, 193
track:1036, 710, 585, 379, 193
track:1037, 708, 586, 379, 193
track:1038, 707, 589, 379, 193
track:1039, 707, 591, 379, 193
track:1040, 711, 597, 361, 184
track:1041, 712, 599, 361, 184
track:1042, 712, 600, 361, 184
track:1043, 708, 603, 361, 184
track:1044, 711, 604, 361, 184
track:1045, 709, 603, 361, 184
track:1046, 714, 603, 361, 184
track:1047, 713, 607, 361, 184
track:1048, 721, 605, 361, 184
track:1049, 724, 603, 361, 184
track:1050, 727, 602, 361, 184
track:1051, 729, 602, 361, 184
track:1052, 731, 600, 361, 184
track:1053, 736, 599, 361, 184
track:1054, 748, 596, 361, 184
track:1055, 756, 601, 344, 175
track:1056, 762, 601, 344, 175
track:1057, 765, 602, 344, 175
track:1058, 765, 601, 344, 175
track:1059, 763, 602, 344, 175
track:1060, 763, 603, 344, 175
track:1061, 762, 605, 344, 175
track:1062, 762, 606, 344, 175
track:1063, 761, 607, 344, 175
track:1064, 751, 607, 344, 175
track:1065, 752, 606, 344, 175
track:1066, 746, 605, 344, 175
init :1067, 775, 617, 443, 132
track:1068, 770, 616, 443, 132
track:1069, 748, 614, 465, 139
track:1070, 746, 614, 465, 139
track:1071, 745, 613, 465, 139
track:1072, 715, 609, 488, 146
track:1073, 717, 613, 465, 139
track:1074, 696, 610, 488, 146
track:1075, 694, 610, 488, 146
track:1076, 681, 609, 488, 146
track:1077, 677, 611, 488, 146
track:1078, 661, 609, 488, 146
track:1079, 652, 613, 488, 146
track:1080, 659, 616, 465, 139
track:1081, 663, 620, 443, 132
track:1082, 648, 616, 465, 139
track:1083, 646, 617, 465, 139
track:1084, 632, 615, 488, 146
track:1085, 640, 618, 465, 139
track:1086, 637, 617, 465, 139
track:1087, 637, 616, 465, 139
track:1088, 638, 616, 465, 139
track:1089, 638, 615, 465, 139
track:1090, 640, 615, 465, 139
track:1091, 640, 618, 465, 139
track:1092, 636, 618, 465, 139
track:1093, 645, 620, 465, 139
track:1094, 641, 620, 465, 139
track:1095, 641, 621, 465, 139
track:1096, 639, 622, 465, 139
track:1097, 648, 623, 465, 139
track:1098, 648, 624, 465, 139
track:1099, 648, 623, 465, 139
track:1100, 649, 624, 465, 139
track:1101, 636, 622, 488, 146
track:1102, 640, 622, 488, 146
track:1103, 642, 622, 488, 146
track:1104, 631, 621, 513, 153
track:1105, 639, 623, 488, 146
track:1106, 638, 623, 488, 146
track:1107, 649, 625, 465, 139
track:1108, 643, 627, 465, 139
track:1109, 633, 626, 465, 139
track:1110, 640, 627, 465, 139
track:1111, 639, 628, 465, 139
track:1112, 633, 627, 465, 139
track:1113, 640, 630, 443, 132
track:1114, 638, 628, 443, 132
track:1115, 631, 628, 443, 132
track:1116, 630, 628, 443, 132
track:1117, 619, 625, 465, 139
track:1118, 618, 627, 465, 139
track:1119, 618, 629, 465, 139
track:1120, 619, 630, 465, 139
track:1121, 607, 629, 488, 146
track:1122, 613, 632, 488, 146
track:1123, 614, 630, 488, 146
track:1124, 621, 633, 465, 139
track:1125, 611, 630, 488, 146
track:1126, 619, 631, 488, 146
track:1127, 630, 632, 488, 146
track:1128, 725, 635, 465, 139
track:1129, 714, 637, 443, 132
track:1130, 694, 636, 422, 126
track:1131, 708, 632, 422, 126
track:1132, 725, 633, 402, 120
track:1133, 741, 632, 383, 114
track:1134, 732, 628, 402, 120
track:1135, 735, 627, 402, 120
track:1136, 764, 629, 402, 120
track:1137, 767, 632, 383, 114
track:1138, 767, 631, 383, 114
track:1139, 769, 633, 383, 114
track:1140, 767, 632, 383, 114
track:1141, 760, 632, 383, 114
track:1142, 764, 634, 364, 109
track:1143, 757, 635, 364, 109
track:1144, 751, 634, 364, 109
track:1145, 750, 632, 364, 109
track:1146, 750, 633, 347, 103
track:1147, 756, 633, 331, 99
track:1148, 752, 637, 315, 94
init :1149, 798, 633, 193, 179
track:1150, 798, 633, 193, 179
track:1151, 796, 633, 193, 179
track:1152, 792, 634, 193, 179
track:1153, 788, 636, 193, 179
track:1154, 785, 636, 193, 179
track:1155, 786, 637, 193, 179
track:1156, 783, 639, 193, 179
track:1157, 785, 640, 193, 179
track:1158, 786, 639, 193, 179
track:1159, 788, 637, 193, 179
track:1160, 785, 637, 193, 179
track:1161, 791, 635, 193, 179
track:1162, 794, 640, 184, 170
track:1163, 791, 641, 184, 170
track:1164, 783, 642, 184, 170
track:1165, 790, 642, 184, 170
track:1166, 789, 643, 184, 170
track:1167, 784, 644, 184, 170
track:1168, 788, 649, 175, 162
track:1169, 776, 650, 175, 162
track:1170, 771, 650, 175, 162
track:1171, 768, 643, 184, 170
track:1172, 754, 641, 184, 170
track:1173, 748, 643, 184, 170
track:1174, 748, 639, 184, 170
track:1175, 753, 644, 175, 162
track:1176, 746, 643, 175, 162
track:1177, 755, 639, 175, 162
track:1178, 755, 641, 175, 162
track:1179, 759, 638, 175, 162
track:1180, 755, 638, 175, 162
track:1181, 764, 643, 167, 155
track:1182, 763, 641, 167, 155
track:1183, 769, 640, 159, 147
track:1184, 771, 642, 151, 140
track:1185, 773, 642, 151, 140
track:1186, 774, 641, 151, 140
track:1187, 779, 641, 151, 140
track:1188, 779, 641, 151, 140
track:1189, 787, 640, 151, 140
track:1190, 783, 638, 151, 140
track:1191, 788, 634, 151, 140
track:1192, 795, 632, 151, 140
track:1193, 796, 630, 151, 140
track:1194, 798, 631, 144, 134
track:1195, 798, 635, 137, 127
track:1196, 796, 634, 137, 127
track:1197, 798, 635, 131, 121
track:1198, 799, 633, 131, 121
track:1199, 798, 632, 131, 121
track:1200, 798, 632, 131, 121
track:1201, 804, 635, 124, 115
track:1202, 804, 634, 124, 115
track:1203, 809, 634, 124, 115
track:1204, 814, 634, 124, 115
track:1205, 816, 635, 124, 115
track:1206, 821, 637, 118, 110
track:1207, 832, 638, 118, 110
track:1208, 837, 641, 113, 105
track:1209, 838, 642, 113, 105
track:1210, 847, 642, 113, 105
track:1211, 853, 644, 113, 105
track:1212, 857, 645, 113, 105
track:1213, 863, 647, 113, 105
track:1214, 863, 647, 113, 105
track:1215, 864, 647, 113, 105
track:1216, 869, 650, 107, 100
track:1217, 870, 651, 107, 100
track:1218, 870, 652, 107, 100
track:1219, 871, 652, 107, 100
track:1220, 872, 652, 107, 100
track:1221, 871, 653, 107, 100
track:1222, 877, 655, 107, 100
track:1223, 881, 657, 102, 95
track:1224, 881, 657, 102, 95
track:1225, 884, 656, 102, 95
track:1226, 889, 657, 102, 95
track:1227, 890, 658, 97, 90
track:1228, 898, 659, 97, 90
track:1229, 898, 659, 97, 90
track:1230, 902, 662, 93, 86
init :1231, 909, 659, 267, 98
track:1232, 907, 659, 267, 98
track:1233, 905, 660, 267, 98
track:1234, 911, 664, 254, 93
track:1235, 915, 668, 242, 89
track:1236, 917, 670, 231, 85
track:1237, 913, 669, 231, 85
track:1238, 917, 671, 220, 81
track:1239, 916, 670, 220, 81
track:1240, 920, 672, 209, 77
track:1241, 919, 672, 209, 77
track:1242, 919, 672, 209, 77
track:1243, 912, 670, 220, 81
track:1244, 916, 670, 220, 81
track:1245, 902, 671, 231, 85
track:1246, 901, 673, 231, 85
track:1247, 902, 677, 220, 81
track:1248, 898, 679, 220, 81
track:1249, 897, 679, 220, 81
track:1250, 897, 677, 220, 81
track:1251, 895, 678, 209, 77
track:1252, 960, 675, 209, 77
track:1253, 955, 675, 209, 77
track:1254, 948, 671, 220, 81
track:1255, 950, 675, 209, 77
track:1256, 944, 671, 220, 81
track:1257, 937, 670, 220, 81
track:1258, 934, 671, 220, 81
track:1259, 928, 668, 231, 85
track:1260, 920, 670, 231, 85
track:1261, 918, 670, 231, 85
track:1262, 913, 670, 231, 85
track:1263, 912, 669, 231, 85
track:1264, 907, 666, 242, 89
track:1265, 913, 667, 231, 85
track:1266, 912, 666, 231, 85
track:1267, 916, 664, 231, 85
track:1268, 912, 663, 231, 85
track:1269, 905, 659, 242, 89
track:1270, 910, 658, 231, 85
track:1271, 905, 655, 231, 85
track:1272, 909, 656, 220, 81
track:1273, 904, 655, 220, 81
track:1274, 908, 655, 220, 81
track:1275, 900, 655, 220, 81
track:1276, 893, 655, 220, 81
track:1277, 893, 656, 220, 81
track:1278, 886, 655, 220, 81
track:1279, 876, 651, 231, 85
track:1280, 872, 651, 231, 85
track:1281, 873, 654, 220, 81
track:1282, 873, 654, 220, 81
track:1283, 864, 655, 220, 81
track:1284, 862, 654, 220, 81
track:1285, 859, 654, 220, 81
track:1286, 847, 651, 220, 81
track:1287, 855, 652, 209, 77
track:1288, 861, 651, 209, 77
track:1289, 850, 650, 209, 77
track:1290, 847, 648, 220, 81
track:1291, 852, 648, 220, 81
track:1292, 851, 649, 220, 81
track:1293, 859, 650, 209, 77
track:1294, 855, 650, 209, 77
track:1295, 850, 646, 220, 81
track:1296, 860, 650, 209, 77
track:1297, 863, 648, 209, 77
track:1298, 855, 646, 220, 81
track:1299, 855, 647, 220, 81
track:1300, 853, 647, 220, 81
track:1301, 852, 649, 220, 81
track:1302, 851, 647, 220, 81
track:1303, 862, 646, 231, 85
track:1304, 860, 649, 231, 85
track:1305, 865, 651, 220, 81
track:1306, 868, 652, 209, 77
track:1307, 872, 653, 199, 73
track:1308, 875, 654, 199, 73
track:1309, 875, 655, 199, 73
track:1310, 877, 654, 199, 73
track:1311, 879, 655, 199, 73
track:1312, 873, 654, 209, 77
init :1313, 867, 667, 161, 57
track:1314, 867, 667, 161, 57
track:1315, 866, 668, 161, 57
track:1316, 870, 669, 153, 54
track:1317, 864, 668, 161, 57
track:1318, 863, 669, 161, 57
track:1319, 860, 669, 161, 57
track:1320, 864, 670, 153, 54
track:1321, 863, 671, 153, 54
track:1322, 860, 671, 161, 57
track:1323, 858, 670, 169, 60
track:1324, 857, 670, 169, 60
track:1325, 858, 671, 169, 60
track:1326, 861, 672, 169, 60
track:1327, 863, 672, 169, 60
track:1328, 864, 673, 169, 60
track:1329, 866, 673, 169, 60
track:1330, 864, 674, 169, 60
track:1331, 860, 673, 178, 63
track:1332, 855, 673, 178, 63
track:1333, 851, 673, 178, 63
track:1334, 854, 675, 169, 60
track:1335, 850, 675, 169, 60
track:1336, 844, 675, 169, 60
track:1337, 842, 675, 169, 60
track:1338, 843, 676, 161, 57
track:1339, 843, 675, 161, 57
track:1340, 842, 676, 161, 57
track:1341, 843, 676, 161, 57
track:1342, 841, 677, 161, 57
track:1343, 836, 675, 169, 60
track:1344, 837, 675, 169, 60
track:1345, 837, 676, 169, 60
track:1346, 837, 677, 169, 60
track:1347, 839, 677, 169, 60
track:1348, 835, 677, 169, 60
track:1349, 836, 677, 169, 60
track:1350, 836, 678, 169, 60
track:1351, 836, 678, 169, 60
track:1352, 832, 679, 169, 60
track:1353, 835, 680, 161, 57
track:1354, 834, 679, 161, 57
track:1355, 834, 679, 161, 57
track:1356, 836, 679, 161, 57
track:1357, 836, 680, 161, 57
track:1358, 833, 678, 169, 60
track:1359, 836, 680, 161, 57
track:1360, 835, 680, 161, 57
track:1361, 835, 681, 161, 57
track:1362, 834, 681, 161, 57
track:1363, 833, 682, 169, 60
track:1364, 836, 684, 161, 57
track:1365, 836, 683, 161, 57
track:1366, 835, 682, 161, 57
track:1367, 834, 683, 161, 57
track:1368, 833, 684, 161, 57
track:1369, 834, 684, 161, 57
track:1370, 832, 685, 161, 57
track:1371, 829, 685, 161, 57
track:1372, 830, 687, 161, 57
track:1373, 822, 688, 169, 60
track:1374, 823, 688, 169, 60
track:1375, 820, 687, 169, 60
track:1376, 819, 687, 169, 60
track:1377, 818, 687, 169, 60
track:1378, 813, 688, 169, 60
track:1379, 812, 688, 169, 60
track:1380, 807, 689, 169, 60
track:1381, 805, 690, 169, 60
track:1382, 800, 691, 169, 60
track:1383, 798, 692, 169, 60
track:1384, 796, 692, 169, 60
track:1385, 794, 693, 169, 60
track:1386, 800, 695, 161, 57
track:1387, 802, 696, 161, 57
track:1388, 804, 697, 161, 57
track:1389, 804, 697, 161, 57
track:1390, 809, 698, 161, 57
track:1391, 812, 698, 161, 57
track:1392, 810, 698, 169, 60
track:1393, 816, 699, 169, 60
track:1394, 816, 701, 169, 60
init :1395, 835, 708, 198, 59
track:1396, 835, 708, 198, 59
track:1397, 835, 709, 198, 59
track:1398, 829, 708, 208, 62
track:1399, 828, 708, 208, 62
track:1400, 830, 710, 198, 59
track:1401, 821, 711, 208, 62
track:1402, 816, 711, 208, 62
track:1403, 808, 711, 218, 65
track:1404, 805, 711, 218, 65
track:1405, 801, 710, 218, 65
track:1406, 799, 711, 218, 65
track:1407, 794, 712, 218, 65
track:1408, 798, 713, 208, 62
track:1409, 798, 713, 208, 62
track:1410, 798, 714, 208, 62
track:1411, 797, 715, 208, 62
track:1412, 799, 715, 208, 62
track:1413, 799, 716, 208, 62
track:1414, 800, 716, 208, 62
track:1415, 800, 717, 208, 62
track:1416, 797, 717, 218, 65
track:1417, 796, 717, 218, 65
track:1418, 796, 718, 218, 65
track:1419, 799, 719, 208, 62
track:1420, 793, 718, 218, 65
track:1421, 793, 719, 218, 65
track:1422, 791, 720, 218, 65
track:1423, 786, 720, 229, 68
track:1424, 787, 719, 229, 68
track:1425, 789, 721, 229, 68
track:1426, 793, 722, 218, 65
track:1427, 786, 721, 229, 68
track:1428, 788, 722, 229, 68
track:1429, 781, 721, 241, 72
track:1430, 780, 722, 241, 72
track:1431, 777, 722, 241, 72
track:1432, 782, 725, 229, 68
track:1433, 781, 726, 229, 68
track:1434, 783, 727, 229, 68
track:1435, 781, 727, 229, 68
track:1436, 779, 729, 229, 68
track:1437, 778, 730, 229, 68
track:1438, 771, 728, 241, 72
track:1439, 773, 729, 241, 72
track:1440, 774, 730, 229, 68
track:1441, 771, 730, 229, 68
track:1442, 761, 728, 229, 68
track:1443, 763, 730, 218, 65
track:1444, 758, 730, 229, 68
track:1445, 758, 729, 229, 68
track:1446, 750, 727, 229, 68
track:1447, 746, 727, 229, 68
track:1448, 741, 727, 229, 68
track:1449, 744, 727, 229, 68
track:1450, 744, 725, 229, 68
track:1451, 746, 724, 229, 68
track:1452, 746, 721, 241, 72
track:1453, 761, 718, 253, 75
track:1454, 761, 716, 253, 75
track:1455, 766, 715, 253, 75
track:1456, 778, 714, 253, 75
track:1457, 790, 712, 253, 75
track:1458, 789, 711, 253, 75
track:1459, 789, 710, 253, 75
track:1460, 796, 709, 253, 75
track:1461, 802, 710, 253, 75
track:1462, 810, 711, 241, 72
track:1463, 814, 709, 241, 72
track:1464, 809, 706, 253, 75
track:1465, 816, 704, 253, 75
track:1466, 826, 703, 241, 72
track:1467, 834, 700, 229, 68
track:1468, 837, 697, 229, 68
track:1469, 839, 697, 218, 65
track:1470, 833, 694, 229, 68
track:1471, 836, 698, 229, 68
track:1472, 835, 697, 229, 68
track:1473, 839, 699, 218, 65
track:1474, 832, 698, 229, 68
track:1475, 833, 697, 229, 68
track:1476, 835, 697, 218, 65
init :1477, 853, 685, 166, 155
track:1478, 853, 685, 166, 155
track:1479, 855, 683, 166, 155
track:1480, 856, 681, 166, 155
track:1481, 858, 678, 166, 155
track:1482, 860, 675, 166, 155
track:1483, 859, 675, 166, 155
track:1484, 864, 674, 166, 155
track:1485, 868, 672, 166, 155
track:1486, 874, 671, 166, 155
track:1487, 881, 667, 166, 155
track:1488, 880, 667, 166, 155
track:1489, 882, 667, 166, 155
track:1490, 882, 666, 166, 155
track:1491, 888, 663, 166, 155
track:1492, 889, 662, 166, 155
track:1493, 891, 661, 166, 155
track:1494, 892, 662, 158, 148
track:1495, 886, 657, 158, 148
track:1496, 884, 653, 158, 148
track:1497, 881, 652, 158, 148
track:1498, 879, 652, 158, 148
track:1499, 869, 645, 158, 148
track:1500, 865, 645, 151, 141
track:1501, 860, 638, 158, 148
track:1502, 849, 638, 151, 141
track:1503, 850, 641, 143, 134
track:1504, 852, 637, 143, 134
track:1505, 844, 632, 143, 134
track:1506, 841, 630, 143, 134
track:1507, 837, 625, 143, 134
track:1508, 839, 625, 143, 134
track:1509, 835, 623, 143, 134
track:1510, 835, 618, 143, 134
track:1511, 838, 618, 137, 128
track:1512, 827, 614, 137, 128
track:1513, 825, 613, 137, 128
track:1514, 812, 612, 137, 128
track:1515, 794, 611, 137, 128
track:1516, 769, 610, 137, 128
track:1517, 743, 611, 137, 128
track:1518, 743, 610, 137, 128
track:1519, 717, 609, 137, 128
track:1520, 696, 611, 137, 128
track:1521, 673, 610, 137, 128
track:1522, 665, 614, 130, 121
track:1523, 664, 619, 124, 116
track:1524, 658, 619, 124, 116
track:1525, 655, 619, 124, 116
track:1526, 662, 616, 124, 116
track:1527, 669, 616, 124, 116
track:1528, 672, 619, 118, 110
track:1529, 702, 622, 112, 105
track:1530, 726, 622, 112, 105
track:1531, 751, 623, 107, 100
track:1532, 777, 621, 107, 100
track:1533, 777, 622, 107, 100
track:1534, 806, 622, 107, 100
track:1535, 833, 624, 102, 95
track:1536, 857, 628, 97, 91
track:1537, 876, 630, 97, 91
track:1538, 876, 629, 97, 91
track:1539, 890, 633, 92, 86
track:1540, 899, 633, 92, 86
track:1541, 906, 635, 92, 86
track:1542, 906, 634, 92, 86
track:1543, 907, 635, 92, 86
track:1544, 908, 638, 88, 82
track:1545, 905, 640, 88, 82
track:1546, 904, 642, 88, 82
track:1547, 896, 643, 88, 82
track:1548, 896, 643, 88, 82
track:1549, 887, 644, 88, 82
track:1550, 879, 646, 88, 82
track:1551, 874, 647, 88, 82
track:1552, 869, 648, 88, 82
track:1553, 870, 651, 84, 78
track:1554, 870, 652, 84, 78
track:1555, 872, 654, 80, 75
track:1556, 875, 653, 80, 75
track:1557, 878, 653, 80, 75
track:1558, 878, 654, 80, 75
init :1559, 886, 664, 198, 72
track:1560, 888, 665, 198, 72
track:1561, 890, 665, 198, 72
track:1562, 899, 667, 189, 69
track:1563, 900, 667, 189, 69
track:1564, 901, 668, 189, 69
track:1565, 901, 668, 189, 69
track:1566, 901, 668, 189, 69
track:1567, 900, 668, 189, 69
track:1568, 899, 669, 189, 69
track:1569, 903, 671, 180, 65
track:1570, 902, 671, 180, 65
track:1571, 902, 673, 171, 62
track:1572, 899, 673, 171, 62
track:1573, 899, 674, 171, 62
track:1574, 900, 676, 163, 59
track:1575, 898, 676, 163, 59
track:1576, 893, 676, 163, 59
track:1577, 889, 675, 163, 59
track:1578, 889, 676, 163, 59
track:1579, 892, 677, 155, 56
track:1580, 888, 678, 155, 56
track:1581, 885, 678, 155, 56
track:1582, 885, 678, 155, 56
track:1583, 883, 679, 155, 56
track:1584, 889, 679, 148, 54
track:1585, 879, 680, 148, 54
track:1586, 878, 680, 148, 54
track:1587, 883, 682, 141, 51
track:1588, 886, 683, 134, 49
track:1589, 889, 682, 134, 49
track:1590, 895, 683, 128, 46
track:1591, 897, 683, 128, 46
track:1592, 894, 682, 134, 49
track:1593, 890, 682, 134, 49
track:1594, 891, 684, 134, 49
track:1595, 889, 685, 134, 49
track:1596, 883, 685, 134, 49
track:1599, 920, 677, 134, 49
track:1600, 919, 674, 141, 51
track:1601, 913, 670, 141, 51
track:1602, 918, 670, 134, 49
track:1603, 920, 671, 128, 46
track:1604, 917, 671, 128, 46
track:1605, 917, 672, 128, 46
track:1606, 912, 673, 128, 46
track:1607, 912, 674, 128, 46
track:1608, 910, 672, 128, 46
elapseTime: 16.446
