init :7, 821, 630, 235, 197
track:8, 821, 630, 235, 197
track:9, 822, 630, 235, 197
track:10, 821, 631, 235, 197
track:11, 823, 630, 235, 197
track:12, 823, 630, 235, 197
track:13, 824, 630, 235, 197
track:14, 824, 630, 235, 197
track:15, 824, 630, 235, 197
track:16, 825, 630, 235, 197
track:17, 826, 630, 235, 197
track:18, 825, 630, 235, 197
track:19, 825, 629, 235, 197
track:20, 821, 626, 247, 207
track:21, 820, 626, 247, 207
track:22, 827, 631, 235, 197
track:23, 828, 631, 235, 197
track:24, 827, 631, 235, 197
track:25, 828, 630, 235, 197
track:26, 829, 631, 235, 197
track:27, 829, 631, 235, 197
track:28, 829, 631, 235, 197
track:29, 829, 630, 235, 197
track:30, 829, 630, 235, 197
track:31, 830, 629, 235, 197
track:32, 831, 631, 235, 197
track:33, 829, 630, 235, 197
track:34, 830, 631, 235, 197
track:35, 830, 630, 235, 197
track:36, 830, 631, 235, 197
track:37, 829, 630, 235, 197
track:38, 831, 630, 235, 197
track:39, 830, 630, 235, 197
track:40, 830, 630, 235, 197
track:41, 831, 629, 235, 197
track:42, 830, 631, 235, 197
track:43, 831, 630, 235, 197
track:44, 830, 631, 235, 197
track:45, 832, 630, 235, 197
track:46, 830, 631, 235, 197
track:48, 832, 630, 235, 197
track:49, 830, 630, 235, 197
track:50, 831, 629, 235, 197
track:51, 832, 629, 235, 197
track:52, 831, 628, 235, 197
track:53, 832, 629, 235, 197
track:54, 831, 629, 235, 197
track:55, 832, 629, 235, 197
track:56, 831, 629, 235, 197
track:57, 831, 628, 235, 197
track:58, 831, 629, 235, 197
track:59, 830, 628, 235, 197
track:60, 832, 628, 235, 197
track:61, 831, 630, 235, 197
track:62, 830, 629, 235, 197
track:63, 829, 629, 235, 197
track:64, 830, 629, 235, 197
track:65, 829, 629, 235, 197
track:66, 828, 629, 235, 197
track:67, 829, 628, 235, 197
track:68, 829, 629, 235, 197
track:69, 828, 629, 235, 197
track:70, 829, 628, 235, 197
track:71, 829, 629, 235, 197
track:72, 828, 629, 235, 197
track:73, 828, 629, 235, 197
track:74, 828, 628, 235, 197
track:75, 828, 629, 235, 197
track:76, 828, 629, 235, 197
track:77, 827, 629, 235, 197
track:78, 828, 628, 235, 197
track:79, 828, 629, 235, 197
track:80, 828, 629, 235, 197
track:81, 828, 628, 235, 197
track:82, 827, 629, 235, 197
track:83, 828, 630, 235, 197
track:84, 827, 629, 235, 197
track:85, 828, 629, 235, 197
track:86, 827, 630, 235, 197
track:87, 827, 629, 235, 197
track:88, 828, 629, 235, 197
init :89, 826, 633, 240, 197
track:90, 826, 633, 240, 197
track:91, 827, 633, 240, 197
track:92, 827, 633, 240, 197
track:93, 827, 634, 240, 197
track:94, 827, 633, 240, 197
track:95, 827, 633, 240, 197
track:96, 828, 633, 240, 197
track:97, 829, 632, 240, 197
track:98, 829, 632, 240, 197
track:99, 829, 631, 240, 197
track:100, 829, 631, 240, 197
track:101, 830, 632, 240, 197
track:102, 831, 631, 240, 197
track:103, 832, 629, 240, 197
track:104, 831, 628, 240, 197
track:105, 832, 628, 240, 197
track:106, 833, 628, 240, 197
track:107, 834, 626, 240, 197
track:108, 834, 624, 240, 197
track:109, 834, 623, 240, 197
track:110, 835, 622, 240, 197
track:111, 834, 621, 240, 197
track:112, 840, 623, 229, 188
track:113, 840, 622, 229, 188
track:114, 842, 622, 229, 188
track:115, 842, 619, 229, 188
track:116, 842, 618, 229, 188
track:117, 843, 616, 229, 188
track:120, 846, 613, 229, 188
track:121, 847, 610, 229, 188
track:122, 846, 609, 229, 188
track:123, 846, 608, 229, 188
track:124, 845, 609, 229, 188
track:125, 844, 606, 229, 188
track:126, 842, 600, 229, 188
track:127, 846, 604, 218, 179
track:128, 847, 604, 218, 179
track:129, 851, 607, 207, 170
track:130, 851, 609, 207, 170
track:131, 852, 610, 207, 170
track:132, 854, 613, 207, 170
track:133, 855, 615, 207, 170
track:134, 855, 615, 207, 170
track:135, 857, 616, 207, 170
track:136, 857, 618, 207, 170
track:137, 858, 619, 207, 170
track:138, 858, 620, 207, 170
track:139, 859, 619, 207, 170
track:140, 858, 618, 207, 170
track:141, 858, 618, 207, 170
track:142, 856, 620, 207, 170
track:143, 855, 620, 207, 170
track:144, 855, 620, 207, 170
track:145, 852, 624, 207, 170
track:146, 851, 625, 207, 170
track:147, 851, 625, 207, 170
track:148, 853, 627, 207, 170
track:149, 853, 627, 207, 170
track:150, 854, 630, 207, 170
track:151, 853, 633, 207, 170
track:152, 854, 635, 207, 170
track:153, 854, 637, 207, 170
track:154, 860, 643, 197, 162
track:155, 860, 645, 197, 162
track:156, 861, 646, 197, 162
track:157, 862, 647, 197, 162
track:158, 862, 647, 197, 162
track:159, 863, 648, 197, 162
track:160, 861, 648, 197, 162
track:161, 859, 648, 197, 162
track:162, 858, 648, 197, 162
track:163, 857, 648, 197, 162
track:164, 860, 652, 188, 154
track:165, 860, 653, 188, 154
track:166, 861, 653, 188, 154
track:167, 862, 653, 188, 154
track:168, 861, 654, 188, 154
track:169, 861, 654, 188, 154
track:170, 861, 653, 188, 154
track:171, 863, 651, 188, 154
track:172, 864, 650, 188, 154
track:173, 864, 650, 188, 154
track:174, 864, 650, 188, 154
track:175, 862, 650, 188, 154
track:176, 865, 654, 179, 147
init :177, 863, 651, 161, 155
track:178, 864, 651, 161, 155
track:179, 864, 652, 161, 155
track:180, 865, 654, 161, 155
track:181, 865, 655, 161, 155
track:182, 867, 658, 161, 155
track:183, 868, 660, 161, 155
track:184, 870, 661, 161, 155
track:185, 869, 662, 161, 155
track:186, 867, 661, 161, 155
track:187, 865, 656, 161, 155
track:188, 860, 653, 161, 155
track:189, 860, 653, 161, 155
track:190, 857, 651, 161, 155
track:191, 857, 649, 161, 155
track:192, 857, 644, 161, 155
track:193, 855, 643, 161, 155
track:194, 854, 642, 161, 155
track:195, 857, 641, 161, 155
track:196, 857, 640, 161, 155
track:197, 858, 638, 161, 155
track:198, 855, 637, 161, 155
track:199, 855, 639, 161, 155
track:200, 853, 639, 161, 155
track:201, 851, 640, 161, 155
track:202, 850, 638, 161, 155
track:203, 850, 636, 161, 155
track:204, 850, 636, 161, 155
track:205, 851, 634, 161, 155
track:206, 852, 632, 161, 155
track:207, 849, 631, 161, 155
track:208, 850, 630, 161, 155
track:209, 851, 631, 153, 148
track:210, 850, 627, 153, 148
track:211, 849, 626, 153, 148
track:212, 853, 626, 146, 141
track:213, 853, 625, 146, 141
track:214, 852, 625, 146, 141
track:215, 852, 623, 146, 141
track:216, 852, 623, 146, 141
track:217, 856, 626, 139, 134
track:218, 856, 626, 139, 134
track:219, 856, 627, 139, 134
track:220, 855, 631, 139, 134
track:221, 855, 633, 139, 134
track:222, 855, 635, 139, 134
track:223, 855, 635, 139, 134
track:224, 854, 637, 139, 134
track:225, 855, 639, 139, 134
track:226, 855, 640, 139, 134
track:227, 856, 640, 139, 134
track:228, 855, 640, 139, 134
track:229, 855, 641, 139, 134
track:230, 855, 641, 139, 134
track:231, 855, 640, 139, 134
track:232, 854, 636, 139, 134
track:233, 853, 636, 139, 134
track:234, 856, 639, 132, 128
track:235, 858, 641, 126, 121
track:236, 858, 640, 126, 121
track:237, 861, 641, 126, 121
track:238, 861, 641, 126, 121
track:239, 862, 642, 126, 121
track:240, 863, 644, 126, 121
track:241, 863, 646, 126, 121
track:242, 864, 645, 126, 121
track:243, 864, 646, 126, 121
track:244, 864, 646, 126, 121
track:245, 863, 646, 126, 121
track:246, 863, 646, 126, 121
track:247, 864, 647, 126, 121
track:248, 864, 646, 126, 121
track:249, 864, 647, 126, 121
track:250, 864, 649, 126, 121
track:251, 864, 650, 126, 121
track:252, 866, 652, 126, 121
track:253, 865, 653, 126, 121
track:254, 867, 655, 126, 121
track:255, 867, 658, 126, 121
track:256, 866, 660, 126, 121
track:257, 868, 663, 126, 121
track:258, 868, 664, 126, 121
track:259, 868, 664, 126, 121
track:260, 868, 667, 126, 121
track:261, 868, 667, 126, 121
track:262, 868, 668, 126, 121
track:263, 869, 668, 126, 121
track:264, 868, 670, 126, 121
init :265, 867, 680, 124, 96
track:266, 867, 681, 124, 96
track:267, 868, 683, 124, 96
track:268, 868, 684, 124, 96
track:269, 868, 685, 124, 96
track:270, 868, 687, 124, 96
track:271, 866, 688, 130, 101
track:272, 867, 691, 130, 101
track:273, 867, 692, 130, 101
track:274, 868, 694, 130, 101
track:275, 868, 696, 130, 101
track:276, 865, 697, 137, 106
track:277, 868, 700, 137, 106
track:278, 864, 697, 144, 111
track:279, 864, 697, 144, 111
track:280, 863, 694, 151, 117
track:281, 862, 693, 151, 117
track:282, 865, 694, 151, 117
track:283, 866, 695, 151, 117
track:284, 868, 697, 151, 117
track:285, 869, 698, 151, 117
track:286, 871, 697, 151, 117
track:287, 869, 691, 158, 123
track:288, 869, 691, 158, 123
track:289, 869, 687, 158, 123
track:290, 866, 680, 166, 129
track:291, 866, 674, 166, 129
track:292, 867, 668, 166, 129
track:293, 864, 664, 174, 135
track:294, 865, 662, 174, 135
track:295, 863, 657, 183, 142
track:296, 864, 656, 183, 142
track:297, 864, 657, 183, 142
track:298, 859, 655, 192, 149
track:299, 853, 651, 202, 156
track:300, 846, 650, 212, 164
track:301, 840, 647, 223, 172
track:302, 840, 650, 223, 172
track:303, 837, 653, 223, 172
track:304, 837, 656, 223, 172
track:305, 828, 654, 234, 181
track:306, 828, 654, 234, 181
track:307, 822, 646, 246, 190
track:308, 817, 641, 258, 200
track:309, 817, 640, 258, 200
track:310, 808, 629, 271, 210
track:311, 807, 611, 271, 210
track:312, 815, 609, 258, 200
track:313, 815, 607, 258, 200
track:314, 817, 601, 258, 200
track:315, 817, 593, 258, 200
track:316, 822, 589, 246, 190
track:317, 823, 582, 246, 190
track:318, 824, 580, 246, 190
track:319, 825, 579, 246, 190
track:320, 836, 574, 234, 181
track:321, 843, 572, 223, 172
track:322, 850, 575, 212, 164
track:323, 851, 574, 212, 164
track:324, 849, 579, 212, 164
track:325, 847, 577, 212, 164
track:326, 848, 569, 212, 164
track:327, 846, 567, 212, 164
track:328, 845, 567, 212, 164
track:329, 842, 574, 212, 164
track:330, 840, 583, 212, 164
track:331, 844, 590, 202, 156
track:332, 842, 592, 202, 156
track:333, 841, 593, 202, 156
track:334, 841, 595, 202, 156
track:335, 840, 596, 202, 156
track:336, 840, 600, 202, 156
track:337, 841, 601, 202, 156
track:338, 847, 605, 192, 149
track:339, 848, 600, 192, 149
track:340, 850, 598, 192, 149
track:341, 849, 597, 192, 149
track:342, 849, 597, 192, 149
track:343, 849, 597, 192, 149
track:344, 848, 595, 192, 149
track:345, 850, 591, 192, 149
track:346, 853, 595, 183, 142
track:347, 855, 597, 183, 142
track:348, 858, 601, 174, 135
track:349, 858, 605, 174, 135
track:350, 858, 608, 174, 135
track:351, 860, 611, 174, 135
track:352, 860, 616, 174, 135
init :353, 872, 628, 147, 119
track:354, 871, 630, 147, 119
track:355, 872, 631, 147, 119
track:356, 871, 632, 147, 119
track:357, 875, 635, 140, 113
track:358, 873, 635, 140, 113
track:359, 874, 636, 140, 113
track:360, 874, 636, 140, 113
track:361, 872, 637, 140, 113
track:362, 874, 638, 133, 108
track:363, 875, 638, 133, 108
track:364, 874, 639, 133, 108
track:365, 874, 640, 133, 108
track:366, 875, 643, 127, 103
track:367, 874, 643, 127, 103
track:368, 874, 644, 127, 103
track:369, 874, 644, 127, 103
track:370, 876, 650, 121, 98
track:371, 876, 658, 121, 98
track:372, 875, 661, 121, 98
track:373, 875, 661, 121, 98
track:374, 874, 662, 121, 98
track:375, 873, 663, 121, 98
track:376, 870, 664, 121, 98
track:377, 869, 664, 121, 98
track:378, 868, 665, 121, 98
track:379, 868, 666, 121, 98
track:380, 867, 665, 121, 98
track:381, 867, 665, 121, 98
track:382, 864, 665, 121, 98
track:383, 867, 667, 115, 93
track:384, 868, 669, 110, 89
track:385, 867, 667, 110, 89
track:386, 868, 666, 110, 89
track:387, 867, 666, 110, 89
track:388, 867, 667, 110, 89
track:389, 866, 666, 110, 89
track:390, 866, 666, 110, 89
track:391, 866, 668, 110, 89
track:392, 866, 671, 110, 89
track:393, 867, 671, 110, 89
track:394, 867, 672, 110, 89
track:395, 868, 678, 110, 89
track:396, 869, 681, 110, 89
track:397, 871, 686, 110, 89
track:398, 871, 686, 110, 89
track:399, 875, 691, 104, 85
track:400, 877, 699, 99, 81
track:401, 878, 704, 99, 81
track:402, 880, 708, 99, 81
track:403, 880, 708, 99, 81
track:404, 880, 710, 99, 81
track:405, 881, 710, 99, 81
track:406, 882, 710, 99, 81
track:407, 883, 710, 99, 81
track:408, 883, 710, 99, 81
track:409, 883, 709, 99, 81
track:410, 883, 708, 99, 81
track:411, 884, 705, 99, 81
track:412, 885, 702, 99, 81
track:413, 885, 702, 99, 81
track:414, 885, 702, 99, 81
track:415, 885, 702, 99, 81
track:416, 885, 704, 99, 81
track:417, 886, 704, 99, 81
track:418, 886, 704, 99, 81
track:419, 886, 705, 99, 81
track:420, 884, 706, 99, 81
track:421, 881, 704, 104, 85
track:422, 880, 702, 104, 85
track:423, 880, 702, 104, 85
track:424, 880, 699, 104, 85
track:425, 879, 697, 104, 85
track:426, 879, 695, 104, 85
track:427, 878, 693, 104, 85
track:428, 878, 693, 104, 85
track:429, 877, 693, 104, 85
track:430, 876, 693, 104, 85
track:431, 876, 693, 104, 85
track:432, 876, 693, 104, 85
track:433, 876, 693, 104, 85
track:434, 875, 693, 104, 85
track:435, 873, 693, 104, 85
track:436, 873, 695, 104, 85
track:437, 873, 696, 104, 85
track:438, 873, 697, 104, 85
track:439, 874, 698, 104, 85
track:440, 874, 698, 104, 85
init :441, 867, 693, 115, 88
track:442, 868, 694, 115, 88
track:443, 868, 694, 115, 88
track:444, 867, 695, 115, 88
track:445, 867, 696, 115, 88
track:446, 867, 697, 115, 88
track:447, 868, 696, 115, 88
track:448, 868, 696, 115, 88
track:449, 867, 695, 115, 88
track:450, 868, 695, 115, 88
track:451, 869, 696, 115, 88
track:452, 870, 698, 115, 88
track:453, 867, 696, 121, 92
track:454, 868, 697, 121, 92
track:455, 869, 697, 121, 92
track:456, 870, 697, 121, 92
track:457, 869, 698, 121, 92
track:458, 869, 697, 121, 92
track:459, 869, 696, 121, 92
track:460, 869, 694, 121, 92
track:461, 869, 694, 121, 92
track:462, 869, 694, 121, 92
track:463, 869, 694, 121, 92
track:464, 866, 690, 127, 97
track:465, 862, 684, 133, 102
track:466, 862, 685, 133, 102
track:467, 862, 686, 133, 102
track:468, 862, 686, 133, 102
track:469, 863, 687, 133, 102
track:470, 863, 689, 133, 102
track:471, 865, 690, 133, 102
track:472, 865, 690, 133, 102
track:473, 865, 692, 133, 102
track:474, 861, 692, 140, 107
track:475, 864, 693, 140, 107
track:476, 866, 692, 140, 107
track:477, 866, 691, 140, 107
track:478, 868, 690, 140, 107
track:479, 866, 686, 147, 112
track:480, 869, 678, 147, 112
track:481, 870, 675, 147, 112
track:482, 870, 674, 147, 112
track:483, 873, 665, 147, 112
track:484, 871, 661, 154, 118
track:485, 873, 663, 154, 118
track:486, 872, 667, 154, 118
track:487, 872, 667, 154, 118
track:488, 868, 669, 162, 124
track:490, 865, 672, 162, 124
track:491, 862, 673, 162, 124
track:492, 861, 674, 162, 124
track:493, 855, 670, 170, 130
track:494, 853, 670, 170, 130
track:495, 847, 661, 178, 137
track:496, 846, 656, 178, 137
track:497, 845, 655, 178, 137
track:498, 843, 653, 178, 137
track:499, 842, 648, 178, 137
track:500, 841, 644, 178, 137
track:501, 842, 639, 178, 137
track:502, 842, 639, 178, 137
track:503, 842, 637, 178, 137
track:504, 841, 636, 178, 137
track:505, 844, 638, 170, 130
track:506, 843, 637, 170, 130
track:507, 843, 637, 170, 130
track:508, 847, 638, 162, 124
track:509, 847, 634, 162, 124
track:510, 847, 631, 162, 124
track:511, 846, 629, 162, 124
track:512, 846, 629, 162, 124
track:513, 846, 629, 162, 124
track:514, 842, 626, 170, 130
track:515, 842, 627, 170, 130
track:516, 842, 626, 170, 130
track:517, 842, 626, 170, 130
track:518, 842, 624, 170, 130
track:519, 842, 623, 170, 130
track:520, 842, 622, 170, 130
track:521, 847, 624, 162, 124
track:522, 848, 624, 162, 124
track:523, 847, 625, 162, 124
track:524, 847, 627, 162, 124
track:525, 849, 630, 162, 124
track:526, 851, 630, 162, 124
track:527, 849, 630, 162, 124
track:528, 854, 632, 154, 118
init :529, 867, 636, 138, 98
track:530, 868, 635, 138, 98
track:531, 868, 634, 138, 98
track:532, 869, 635, 138, 98
track:533, 870, 637, 138, 98
track:534, 871, 637, 138, 98
track:535, 870, 638, 138, 98
track:536, 870, 641, 138, 98
track:537, 871, 641, 138, 98
track:538, 874, 644, 131, 93
track:539, 877, 648, 125, 89
track:540, 877, 648, 125, 89
track:543, 875, 649, 125, 89
track:544, 874, 649, 125, 89
track:546, 875, 655, 119, 85
track:547, 876, 656, 119, 85
track:548, 874, 659, 119, 85
track:549, 873, 661, 119, 85
track:550, 873, 663, 119, 85
track:551, 871, 664, 119, 85
track:552, 870, 664, 119, 85
track:553, 871, 664, 119, 85
track:554, 869, 663, 119, 85
track:555, 869, 664, 119, 85
track:556, 869, 665, 119, 85
track:557, 869, 665, 119, 85
track:558, 869, 670, 119, 85
track:559, 871, 674, 114, 81
track:560, 870, 677, 114, 81
track:561, 870, 681, 114, 81
track:562, 871, 681, 114, 81
track:563, 871, 684, 114, 81
track:564, 874, 686, 108, 77
track:565, 873, 688, 108, 77
track:566, 875, 691, 103, 73
track:567, 876, 691, 103, 73
track:568, 877, 693, 103, 73
track:569, 877, 695, 103, 73
track:570, 876, 697, 103, 73
track:571, 876, 700, 103, 73
track:572, 877, 700, 103, 73
track:573, 877, 704, 103, 73
track:574, 878, 705, 103, 73
track:575, 880, 704, 103, 73
track:576, 878, 703, 103, 73
track:577, 878, 702, 103, 73
track:578, 878, 700, 103, 73
track:579, 879, 698, 103, 73
track:580, 881, 698, 103, 73
track:581, 881, 698, 103, 73
track:582, 881, 698, 103, 73
track:583, 880, 700, 103, 73
track:584, 881, 702, 103, 73
track:585, 877, 700, 108, 77
track:586, 878, 701, 108, 77
track:587, 878, 701, 108, 77
track:588, 878, 702, 108, 77
track:589, 879, 701, 108, 77
track:590, 878, 701, 108, 77
track:591, 875, 702, 108, 77
track:592, 875, 702, 108, 77
track:593, 875, 701, 108, 77
track:594, 876, 699, 108, 77
track:595, 875, 690, 108, 77
track:596, 871, 686, 114, 81
track:597, 871, 686, 114, 81
track:598, 869, 681, 114, 81
track:599, 869, 675, 114, 81
track:600, 870, 672, 114, 81
track:601, 871, 671, 114, 81
track:602, 868, 669, 119, 85
track:603, 868, 668, 119, 85
track:604, 868, 664, 119, 85
track:605, 867, 661, 119, 85
track:606, 867, 659, 119, 85
track:607, 867, 659, 119, 85
track:608, 868, 660, 119, 85
track:609, 868, 660, 119, 85
track:610, 868, 661, 119, 85
track:611, 869, 664, 119, 85
track:612, 868, 665, 119, 85
track:613, 868, 667, 119, 85
track:614, 869, 669, 119, 85
track:615, 868, 671, 119, 85
track:616, 865, 672, 125, 89
init :617, 863, 667, 129, 103
track:618, 860, 663, 135, 108
track:619, 859, 662, 135, 108
track:620, 861, 661, 135, 108
track:621, 862, 661, 135, 108
track:622, 862, 661, 135, 108
track:623, 861, 660, 135, 108
track:624, 860, 658, 135, 108
track:625, 861, 658, 135, 108
track:626, 862, 659, 135, 108
track:627, 862, 660, 135, 108
track:628, 863, 660, 135, 108
track:629, 862, 660, 135, 108
track:630, 862, 657, 135, 108
track:631, 862, 656, 135, 108
track:632, 862, 656, 135, 108
track:633, 864, 659, 135, 108
track:634, 861, 660, 142, 114
track:635, 861, 663, 142, 114
track:636, 862, 664, 142, 114
track:637, 863, 664, 142, 114
track:638, 864, 665, 142, 114
track:639, 866, 666, 142, 114
track:640, 866, 665, 142, 114
track:641, 866, 663, 142, 114
track:642, 866, 663, 142, 114
track:643, 866, 661, 142, 114
track:644, 866, 660, 142, 114
track:645, 866, 650, 142, 114
track:646, 866, 649, 142, 114
track:647, 866, 649, 142, 114
track:648, 866, 648, 142, 114
track:649, 867, 649, 142, 114
track:650, 868, 649, 142, 114
track:651, 870, 648, 142, 114
track:652, 870, 649, 142, 114
track:653, 872, 648, 142, 114
track:654, 872, 649, 142, 114
track:655, 873, 652, 142, 114
track:656, 874, 655, 142, 114
track:657, 873, 656, 142, 114
track:658, 875, 659, 142, 114
track:659, 876, 658, 142, 114
track:660, 877, 657, 142, 114
track:661, 877, 657, 142, 114
track:662, 878, 658, 142, 114
track:663, 879, 657, 142, 114
track:664, 879, 656, 142, 114
track:665, 881, 654, 142, 114
track:666, 881, 652, 142, 114
track:667, 880, 651, 142, 114
track:668, 881, 650, 142, 114
track:669, 880, 648, 142, 114
track:670, 881, 648, 142, 114
track:671, 879, 649, 142, 114
track:672, 879, 649, 142, 114
track:673, 877, 649, 142, 114
track:674, 875, 647, 142, 114
track:675, 875, 646, 142, 114
track:676, 875, 647, 142, 114
track:677, 875, 647, 142, 114
track:678, 872, 650, 142, 114
track:679, 872, 659, 142, 114
track:680, 873, 666, 142, 114
track:681, 873, 668, 142, 114
track:682, 873, 669, 142, 114
track:683, 871, 667, 142, 114
track:684, 870, 666, 142, 114
track:685, 870, 668, 142, 114
track:686, 870, 670, 142, 114
track:687, 870, 671, 142, 114
track:688, 870, 671, 142, 114
track:689, 869, 670, 142, 114
track:690, 867, 667, 142, 114
track:691, 866, 666, 142, 114
track:692, 866, 666, 142, 114
track:693, 866, 664, 142, 114
track:694, 866, 664, 142, 114
track:695, 867, 663, 142, 114
track:696, 866, 661, 142, 114
track:697, 865, 661, 142, 114
track:698, 863, 660, 142, 114
track:699, 861, 661, 142, 114
track:700, 860, 663, 142, 114
track:701, 861, 664, 142, 114
track:702, 861, 664, 142, 114
track:703, 861, 668, 142, 114
track:704, 860, 672, 142, 114
init :705, 853, 677, 147, 124
track:706, 853, 678, 147, 124
track:707, 853, 678, 147, 124
track:708, 851, 680, 147, 124
track:709, 852, 680, 147, 124
track:710, 852, 679, 147, 124
track:711, 852, 678, 147, 124
track:712, 852, 676, 147, 124
track:713, 852, 675, 147, 124
track:714, 851, 674, 147, 124
track:715, 851, 676, 147, 124
track:716, 851, 676, 147, 124
track:717, 851, 677, 147, 124
track:718, 852, 678, 147, 124
track:719, 849, 675, 154, 130
track:720, 849, 675, 154, 130
track:721, 850, 675, 154, 130
track:722, 850, 675, 154, 130
track:723, 851, 674, 154, 130
track:724, 850, 671, 154, 130
track:725, 848, 666, 162, 137
track:726, 848, 665, 162, 137
track:727, 849, 664, 162, 137
track:728, 849, 661, 162, 137
track:729, 848, 656, 162, 137
track:730, 850, 653, 162, 137
track:731, 850, 653, 162, 137
track:732, 850, 652, 162, 137
track:733, 850, 651, 162, 137
track:734, 850, 648, 162, 137
track:735, 851, 643, 162, 137
track:736, 850, 643, 162, 137
track:737, 852, 640, 162, 137
track:738, 850, 640, 162, 137
track:739, 850, 640, 162, 137
track:740, 852, 641, 162, 137
track:741, 853, 642, 162, 137
track:742, 852, 642, 162, 137
track:743, 846, 639, 170, 144
track:744, 846, 639, 170, 144
track:745, 848, 638, 170, 144
track:746, 852, 640, 162, 137
track:747, 852, 638, 162, 137
track:748, 851, 630, 162, 137
track:749, 851, 626, 162, 137
track:750, 849, 625, 162, 137
track:751, 849, 624, 162, 137
track:752, 848, 625, 162, 137
track:753, 849, 627, 162, 137
track:754, 852, 627, 162, 137
track:755, 854, 626, 162, 137
track:756, 854, 626, 162, 137
track:757, 855, 626, 162, 137
track:758, 855, 623, 162, 137
track:759, 854, 625, 162, 137
track:760, 858, 632, 154, 130
track:761, 857, 632, 154, 130
track:762, 860, 634, 154, 130
track:763, 863, 633, 154, 130
track:764, 863, 633, 154, 130
track:765, 861, 635, 154, 130
track:766, 862, 634, 154, 130
track:767, 860, 634, 154, 130
track:768, 861, 635, 154, 130
track:769, 861, 637, 154, 130
track:770, 863, 645, 154, 130
track:771, 865, 646, 154, 130
track:772, 865, 646, 154, 130
track:773, 867, 645, 154, 130
track:774, 867, 645, 154, 130
track:775, 867, 645, 154, 130
track:776, 867, 645, 154, 130
track:777, 868, 644, 154, 130
track:778, 873, 646, 147, 124
track:779, 874, 646, 147, 124
track:780, 874, 646, 147, 124
track:781, 877, 648, 140, 118
track:782, 878, 649, 140, 118
track:783, 878, 649, 140, 118
track:784, 877, 647, 140, 118
track:785, 877, 647, 140, 118
track:786, 877, 648, 140, 118
track:787, 876, 649, 140, 118
track:788, 876, 649, 140, 118
track:789, 875, 650, 140, 118
track:790, 874, 649, 140, 118
track:791, 874, 649, 140, 118
track:792, 874, 648, 140, 118
init :793, 876, 654, 133, 93
track:794, 876, 655, 133, 93
track:795, 876, 658, 133, 93
track:796, 876, 659, 133, 93
track:797, 877, 659, 133, 93
track:798, 876, 659, 133, 93
track:799, 876, 660, 133, 93
track:800, 876, 661, 133, 93
track:801, 876, 661, 133, 93
track:802, 875, 662, 133, 93
track:803, 875, 663, 133, 93
track:804, 876, 663, 133, 93
track:805, 874, 663, 133, 93
track:806, 874, 664, 133, 93
track:807, 873, 663, 133, 93
track:808, 873, 664, 133, 93
track:809, 873, 665, 133, 93
track:810, 874, 667, 133, 93
track:811, 874, 668, 133, 93
track:812, 873, 669, 133, 93
track:813, 871, 670, 133, 93
track:814, 869, 670, 133, 93
track:815, 869, 670, 133, 93
track:816, 868, 670, 133, 93
track:817, 869, 672, 133, 93
track:818, 868, 678, 133, 93
track:819, 864, 678, 140, 98
track:820, 862, 689, 140, 98
track:821, 861, 689, 140, 98
track:822, 861, 690, 140, 98
track:823, 858, 687, 147, 103
track:824, 858, 686, 147, 103
track:825, 856, 686, 147, 103
track:826, 857, 687, 147, 103
track:827, 856, 691, 147, 103
track:828, 856, 696, 147, 103
track:829, 857, 698, 147, 103
track:830, 859, 699, 147, 103
track:831, 859, 699, 147, 103
track:832, 856, 697, 154, 108
track:833, 854, 694, 162, 113
track:834, 856, 687, 162, 113
track:835, 857, 680, 162, 113
track:836, 857, 679, 162, 113
track:837, 856, 673, 162, 113
track:838, 850, 668, 170, 119
track:839, 848, 666, 170, 119
track:840, 846, 660, 170, 119
track:841, 847, 659, 170, 119
track:842, 845, 658, 170, 119
track:843, 842, 654, 170, 119
track:844, 836, 648, 178, 125
track:845, 830, 633, 178, 125
track:846, 829, 633, 178, 125
track:847, 823, 623, 187, 131
track:848, 823, 617, 187, 131
track:849, 822, 616, 187, 131
track:850, 822, 614, 187, 131
track:851, 821, 614, 187, 131
track:852, 826, 611, 187, 131
track:853, 831, 607, 187, 131
track:854, 833, 607, 187, 131
track:855, 831, 610, 187, 131
track:856, 831, 611, 187, 131
track:857, 831, 612, 187, 131
track:858, 833, 610, 187, 131
track:859, 834, 607, 187, 131
track:860, 834, 604, 187, 131
track:861, 835, 603, 187, 131
track:862, 834, 606, 187, 131
track:863, 834, 609, 187, 131
track:864, 835, 616, 187, 131
track:865, 835, 622, 187, 131
track:866, 836, 624, 187, 131
track:867, 835, 629, 187, 131
track:868, 839, 633, 178, 125
track:869, 840, 632, 178, 125
track:870, 841, 638, 178, 125
track:871, 841, 638, 178, 125
track:872, 841, 639, 178, 125
track:873, 841, 640, 178, 125
track:874, 842, 639, 178, 125
track:875, 844, 641, 178, 125
track:876, 848, 645, 170, 119
track:877, 852, 648, 162, 113
track:878, 858, 650, 154, 108
track:879, 861, 650, 154, 108
track:880, 861, 649, 154, 108
init :881, 863, 643, 147, 124
track:882, 863, 643, 147, 124
track:883, 865, 642, 147, 124
track:884, 867, 642, 147, 124
track:885, 869, 642, 147, 124
track:886, 869, 642, 147, 124
track:887, 870, 644, 147, 124
track:888, 870, 644, 147, 124
track:889, 875, 645, 140, 118
track:890, 877, 643, 140, 118
track:891, 877, 643, 140, 118
track:892, 882, 645, 133, 112
track:893, 883, 643, 133, 112
track:894, 883, 643, 133, 112
track:895, 884, 644, 133, 112
track:896, 887, 647, 127, 107
track:897, 888, 645, 127, 107
track:898, 885, 645, 127, 107
track:899, 884, 645, 127, 107
track:900, 882, 647, 127, 107
track:901, 883, 647, 127, 107
track:902, 881, 649, 127, 107
track:903, 883, 652, 121, 102
track:904, 887, 653, 115, 97
track:905, 887, 653, 115, 97
track:906, 888, 654, 115, 97
track:907, 912, 636, 115, 97
track:908, 918, 637, 115, 97
track:909, 920, 648, 115, 97
track:910, 919, 653, 115, 97
track:911, 920, 656, 115, 97
track:912, 921, 658, 115, 97
track:913, 922, 662, 115, 97
track:914, 918, 661, 121, 102
track:915, 920, 666, 121, 102
track:916, 920, 667, 121, 102
track:917, 923, 670, 115, 97
track:918, 924, 672, 115, 97
track:919, 925, 673, 115, 97
track:920, 922, 673, 115, 97
track:921, 921, 673, 115, 97
track:922, 918, 673, 115, 97
track:923, 912, 671, 115, 97
track:924, 905, 671, 115, 97
track:925, 899, 670, 115, 97
track:926, 901, 673, 110, 93
track:927, 898, 673, 110, 93
track:928, 888, 674, 110, 93
track:929, 883, 672, 110, 93
track:930, 879, 670, 110, 93
track:931, 881, 673, 104, 88
track:932, 875, 672, 104, 88
track:933, 874, 670, 104, 88
track:934, 874, 667, 104, 88
track:935, 875, 666, 99, 84
track:936, 874, 666, 99, 84
track:937, 875, 663, 99, 84
track:938, 877, 664, 95, 80
track:939, 876, 663, 95, 80
track:940, 875, 661, 95, 80
track:941, 875, 660, 95, 80
track:942, 874, 659, 95, 80
track:943, 873, 658, 95, 80
track:944, 870, 658, 95, 80
track:945, 869, 657, 95, 80
track:946, 868, 657, 95, 80
track:947, 864, 657, 95, 80
track:948, 859, 659, 95, 80
track:949, 854, 660, 95, 80
track:950, 850, 661, 95, 80
track:951, 849, 662, 95, 80
track:952, 846, 663, 95, 80
track:953, 843, 665, 95, 80
track:954, 843, 667, 90, 76
track:955, 841, 669, 90, 76
track:956, 841, 669, 90, 76
track:957, 839, 670, 90, 76
track:958, 838, 671, 90, 76
track:959, 836, 672, 90, 76
track:960, 837, 672, 90, 76
track:961, 835, 673, 90, 76
track:962, 830, 674, 90, 76
track:963, 828, 674, 90, 76
track:964, 826, 674, 90, 76
track:965, 825, 675, 90, 76
track:966, 819, 675, 90, 76
track:967, 815, 675, 90, 76
track:968, 809, 676, 90, 76
init :969, 715, 584, 429, 244
track:970, 715, 584, 429, 244
track:971, 713, 585, 429, 244
track:972, 710, 586, 429, 244
track:973, 709, 588, 429, 244
track:974, 702, 587, 429, 244
track:975, 703, 587, 429, 244
track:976, 699, 589, 429, 244
track:977, 697, 589, 429, 244
track:978, 697, 589, 429, 244
track:979, 698, 591, 429, 244
track:980, 684, 583, 450, 256
track:981, 675, 575, 473, 269
track:982, 675, 577, 473, 269
track:983, 675, 578, 473, 269
track:984, 682, 582, 473, 269
track:985, 678, 579, 473, 269
track:986, 682, 581, 473, 269
track:987, 683, 580, 473, 269
track:988, 684, 579, 473, 269
track:989, 687, 579, 473, 269
track:990, 689, 577, 473, 269
track:991, 692, 581, 473, 269
track:992, 701, 587, 450, 256
track:993, 701, 585, 450, 256
track:994, 706, 588, 429, 244
track:995, 704, 591, 429, 244
track:996, 708, 594, 409, 232
track:997, 712, 592, 409, 232
track:998, 720, 594, 389, 221
track:999, 724, 594, 389, 221
track:1000, 725, 592, 389, 221
track:1001, 728, 589, 389, 221
track:1002, 732, 587, 389, 221
track:1003, 742, 586, 389, 221
track:1004, 747, 580, 389, 221
track:1005, 747, 578, 389, 221
track:1006, 748, 576, 389, 221
track:1007, 752, 573, 389, 221
track:1008, 752, 569, 389, 221
track:1009, 749, 568, 389, 221
track:1010, 746, 568, 389, 221
track:1011, 744, 568, 389, 221
track:1012, 753, 570, 371, 211
track:1013, 746, 568, 371, 211
track:1014, 742, 570, 371, 211
track:1015, 744, 568, 371, 211
track:1016, 741, 568, 371, 211
track:1017, 738, 567, 371, 211
track:1018, 731, 565, 371, 211
track:1019, 742, 572, 353, 201
track:1020, 739, 572, 353, 201
track:1021, 739, 570, 353, 201
track:1022, 742, 574, 336, 191
track:1023, 744, 572, 336, 191
track:1024, 751, 578, 320, 182
track:1025, 752, 579, 320, 182
track:1026, 746, 577, 320, 182
track:1027, 751, 582, 305, 173
track:1028, 746, 585, 305, 173
track:1029, 742, 585, 305, 173
track:1030, 743, 585, 305, 173
track:1031, 746, 589, 290, 165
track:1032, 738, 590, 290, 165
track:1033, 726, 588, 305, 173
track:1034, 730, 593, 290, 165
track:1035, 731, 594, 290, 165
track:1036, 727, 594, 290, 165
track:1037, 731, 600, 277, 157
track:1038, 730, 602, 277, 157
track:1039, 735, 609, 263, 150
track:1040, 738, 615, 251, 143
track:1041, 736, 616, 251, 143
track:1042, 732, 618, 251, 143
track:1043, 731, 620, 251, 143
track:1044, 732, 622, 251, 143
track:1045, 733, 621, 251, 143
track:1046, 732, 621, 263, 150
track:1047, 735, 624, 263, 150
track:1048, 736, 622, 263, 150
track:1049, 741, 619, 263, 150
track:1050, 748, 622, 251, 143
track:1051, 751, 620, 251, 143
track:1052, 758, 620, 251, 143
track:1053, 769, 623, 239, 136
track:1054, 780, 626, 228, 129
track:1055, 783, 624, 228, 129
track:1056, 788, 625, 228, 129
init :1057, 789, 610, 452, 145
track:1058, 789, 610, 452, 145
track:1059, 790, 611, 452, 145
track:1060, 791, 611, 452, 145
track:1061, 791, 611, 452, 145
track:1062, 790, 612, 452, 145
track:1063, 788, 613, 452, 145
track:1064, 784, 614, 452, 145
track:1065, 784, 614, 452, 145
track:1066, 777, 613, 452, 145
track:1067, 770, 613, 452, 145
track:1068, 752, 610, 475, 152
track:1069, 753, 613, 452, 145
track:1070, 750, 613, 452, 145
track:1071, 731, 609, 475, 152
track:1072, 718, 608, 475, 152
track:1073, 702, 609, 475, 152
track:1074, 702, 611, 452, 145
track:1075, 699, 611, 452, 145
track:1076, 691, 611, 452, 145
track:1077, 684, 611, 452, 145
track:1078, 666, 611, 452, 145
track:1079, 650, 609, 475, 152
track:1080, 657, 613, 452, 145
track:1081, 647, 612, 452, 145
track:1082, 644, 613, 452, 145
track:1083, 636, 613, 452, 145
track:1084, 636, 615, 452, 145
track:1085, 635, 615, 452, 145
track:1086, 637, 614, 452, 145
track:1087, 637, 613, 452, 145
track:1088, 633, 613, 452, 145
track:1089, 631, 614, 452, 145
track:1090, 631, 614, 452, 145
track:1091, 631, 617, 452, 145
track:1092, 632, 617, 452, 145
track:1093, 629, 615, 475, 152
track:1094, 632, 616, 475, 152
track:1095, 617, 615, 498, 160
track:1096, 601, 612, 523, 168
track:1097, 615, 616, 498, 160
track:1098, 616, 617, 498, 160
track:1099, 618, 615, 498, 160
track:1100, 619, 614, 498, 160
track:1101, 620, 615, 498, 160
track:1102, 616, 616, 498, 160
track:1103, 626, 620, 475, 152
track:1104, 620, 617, 498, 160
track:1105, 621, 618, 498, 160
track:1106, 608, 618, 498, 160
track:1107, 615, 617, 498, 160
track:1108, 612, 618, 498, 160
track:1109, 614, 619, 498, 160
track:1110, 609, 620, 498, 160
track:1111, 603, 623, 498, 160
track:1112, 600, 624, 498, 160
track:1113, 604, 628, 498, 160
track:1114, 595, 628, 498, 160
track:1115, 588, 629, 498, 160
track:1116, 586, 628, 498, 160
track:1117, 589, 629, 498, 160
track:1118, 595, 632, 475, 152
track:1119, 599, 633, 475, 152
track:1120, 609, 636, 452, 145
track:1121, 609, 637, 452, 145
track:1122, 607, 636, 452, 145
track:1123, 590, 632, 475, 152
track:1124, 595, 633, 475, 152
track:1125, 587, 628, 498, 160
track:1126, 608, 633, 475, 152
track:1127, 698, 626, 475, 152
track:1128, 619, 629, 475, 152
track:1129, 633, 631, 452, 145
track:1130, 646, 632, 452, 145
track:1131, 668, 632, 430, 138
track:1132, 683, 630, 430, 138
track:1133, 711, 631, 410, 132
track:1134, 737, 629, 430, 138
track:1135, 739, 629, 430, 138
track:1136, 738, 629, 430, 138
track:1137, 741, 628, 430, 138
track:1138, 740, 631, 430, 138
track:1139, 739, 631, 430, 138
track:1140, 736, 631, 430, 138
track:1141, 732, 633, 430, 138
track:1142, 726, 635, 430, 138
track:1143, 716, 639, 430, 138
track:1144, 714, 642, 430, 138
init :1145, 821, 630, 203, 184
track:1146, 815, 630, 203, 184
track:1147, 808, 631, 203, 184
track:1148, 798, 631, 203, 184
track:1149, 790, 632, 203, 184
track:1150, 789, 632, 203, 184
track:1151, 785, 632, 203, 184
track:1152, 783, 633, 203, 184
track:1153, 781, 633, 203, 184
track:1154, 778, 633, 203, 184
track:1155, 782, 633, 203, 184
track:1156, 787, 636, 203, 184
track:1157, 793, 644, 193, 175
track:1158, 786, 642, 193, 175
track:1159, 796, 642, 193, 175
track:1160, 797, 641, 193, 175
track:1161, 791, 636, 203, 184
track:1162, 796, 637, 203, 184
track:1163, 798, 638, 203, 184
track:1164, 802, 643, 193, 175
track:1165, 797, 644, 193, 175
track:1166, 805, 644, 193, 175
track:1167, 791, 640, 203, 184
track:1168, 782, 640, 203, 184
track:1169, 777, 641, 203, 184
track:1170, 778, 640, 203, 184
track:1171, 778, 638, 203, 184
track:1172, 776, 637, 203, 184
track:1173, 764, 637, 203, 184
track:1174, 768, 635, 203, 184
track:1175, 767, 634, 203, 184
track:1176, 760, 641, 193, 175
track:1177, 770, 644, 184, 167
track:1178, 766, 643, 184, 167
track:1179, 769, 642, 184, 167
track:1180, 768, 641, 184, 167
track:1181, 770, 643, 175, 159
track:1182, 771, 641, 175, 159
track:1183, 778, 639, 175, 159
track:1184, 773, 637, 175, 159
track:1185, 776, 636, 175, 159
track:1186, 777, 634, 175, 159
track:1187, 788, 637, 167, 151
track:1188, 783, 636, 167, 151
track:1189, 789, 640, 159, 144
track:1190, 788, 639, 159, 144
track:1191, 793, 637, 159, 144
track:1192, 795, 633, 159, 144
track:1193, 797, 633, 151, 137
track:1194, 798, 635, 144, 131
track:1195, 799, 634, 144, 131
track:1196, 796, 632, 144, 131
track:1197, 795, 633, 137, 125
track:1198, 796, 631, 137, 125
track:1199, 796, 631, 137, 125
track:1200, 797, 631, 137, 125
track:1201, 801, 634, 131, 119
track:1202, 804, 633, 131, 119
track:1203, 804, 633, 131, 119
track:1204, 812, 633, 131, 119
track:1205, 813, 636, 125, 113
track:1206, 817, 636, 125, 113
track:1207, 831, 641, 119, 108
track:1208, 831, 640, 119, 108
track:1209, 832, 640, 119, 108
track:1210, 842, 641, 119, 108
track:1211, 848, 643, 119, 108
track:1212, 854, 648, 113, 102
track:1213, 859, 649, 113, 102
track:1214, 860, 650, 113, 102
track:1215, 864, 653, 108, 98
track:1216, 869, 656, 103, 93
track:1217, 869, 655, 103, 93
track:1218, 869, 657, 103, 93
track:1219, 868, 656, 103, 93
track:1220, 872, 659, 98, 89
track:1221, 874, 663, 93, 84
track:1222, 876, 663, 93, 84
track:1223, 879, 664, 93, 84
track:1224, 881, 667, 89, 80
track:1225, 883, 666, 89, 80
track:1226, 886, 666, 89, 80
track:1227, 888, 666, 89, 80
track:1228, 894, 667, 84, 76
track:1229, 894, 667, 84, 76
track:1230, 897, 667, 84, 76
track:1231, 899, 669, 80, 73
track:1232, 901, 670, 80, 73
init :1233, 913, 662, 253, 98
track:1234, 913, 662, 253, 98
track:1235, 912, 662, 253, 98
track:1236, 915, 665, 241, 93
track:1237, 911, 665, 241, 93
track:1238, 913, 667, 229, 89
track:1239, 912, 667, 229, 89
track:1240, 919, 668, 219, 85
track:1241, 918, 668, 219, 85
track:1242, 914, 668, 219, 85
track:1243, 913, 669, 219, 85
track:1244, 918, 668, 219, 85
track:1245, 912, 669, 219, 85
track:1246, 917, 671, 208, 81
track:1247, 911, 674, 208, 81
track:1248, 910, 675, 208, 81
track:1249, 916, 678, 198, 77
track:1250, 907, 679, 198, 77
track:1251, 900, 677, 208, 81
track:1252, 874, 669, 219, 85
track:1253, 865, 667, 219, 85
track:1254, 856, 664, 229, 89
track:1255, 848, 660, 241, 93
track:1256, 841, 658, 241, 93
track:1257, 836, 659, 241, 93
track:1258, 821, 654, 253, 98
track:1259, 819, 650, 253, 98
track:1260, 823, 648, 241, 93
track:1261, 787, 648, 241, 93
track:1262, 789, 646, 241, 93
track:1263, 802, 648, 241, 93
track:1264, 806, 646, 241, 93
track:1265, 807, 646, 241, 93
track:1266, 815, 642, 253, 98
track:1267, 822, 644, 241, 93
track:1268, 824, 650, 229, 89
track:1269, 816, 646, 241, 93
track:1270, 814, 648, 241, 93
track:1271, 804, 648, 241, 93
track:1272, 797, 646, 253, 98
track:1273, 802, 648, 241, 93
track:1274, 802, 650, 241, 93
track:1275, 794, 649, 253, 98
track:1276, 797, 652, 241, 93
track:1277, 787, 651, 253, 98
track:1278, 775, 649, 266, 103
track:1279, 775, 649, 266, 103
track:1280, 768, 651, 266, 103
track:1281, 763, 651, 266, 103
track:1282, 744, 650, 266, 103
track:1283, 743, 652, 266, 103
track:1284, 743, 652, 266, 103
track:1285, 742, 652, 266, 103
track:1286, 744, 648, 266, 103
track:1287, 738, 646, 266, 103
track:1288, 738, 645, 266, 103
track:1289, 737, 645, 266, 103
track:1290, 730, 644, 266, 103
track:1291, 730, 645, 266, 103
track:1292, 735, 644, 266, 103
track:1293, 729, 644, 266, 103
track:1294, 732, 645, 266, 103
track:1295, 728, 644, 266, 103
track:1296, 735, 646, 253, 98
track:1297, 737, 645, 253, 98
track:1298, 735, 644, 253, 98
track:1299, 738, 644, 253, 98
track:1300, 747, 644, 253, 98
track:1301, 736, 645, 241, 93
track:1302, 740, 646, 241, 93
track:1303, 746, 647, 241, 93
track:1304, 749, 646, 241, 93
track:1305, 748, 648, 241, 93
track:1306, 746, 648, 241, 93
track:1307, 758, 648, 229, 89
track:1308, 755, 649, 229, 89
track:1309, 755, 651, 229, 89
track:1310, 748, 646, 241, 93
track:1311, 756, 650, 229, 89
track:1312, 752, 648, 241, 93
track:1313, 744, 646, 253, 98
track:1314, 734, 645, 266, 103
track:1315, 746, 647, 266, 103
track:1316, 740, 646, 266, 103
track:1317, 732, 647, 266, 103
track:1318, 732, 646, 266, 103
track:1319, 730, 646, 266, 103
track:1320, 730, 646, 266, 103
init :1321, 858, 672, 166, 54
track:1322, 859, 672, 166, 54
track:1323, 864, 674, 166, 54
track:1324, 867, 675, 158, 51
track:1325, 867, 676, 158, 51
track:1326, 868, 676, 158, 51
track:1327, 867, 676, 166, 54
track:1328, 872, 678, 158, 51
track:1329, 872, 679, 158, 51
track:1330, 871, 679, 158, 51
track:1331, 871, 679, 158, 51
track:1332, 867, 679, 158, 51
track:1333, 863, 679, 158, 51
track:1334, 862, 679, 158, 51
track:1335, 858, 679, 158, 51
track:1336, 854, 679, 158, 51
track:1337, 850, 679, 158, 51
track:1338, 848, 678, 158, 51
track:1339, 847, 678, 158, 51
track:1340, 847, 679, 158, 51
track:1341, 847, 679, 158, 51
track:1342, 846, 679, 158, 51
track:1343, 843, 679, 166, 54
track:1344, 843, 679, 166, 54
track:1345, 843, 680, 166, 54
track:1346, 839, 679, 174, 57
track:1347, 840, 680, 174, 57
track:1348, 838, 680, 174, 57
track:1349, 837, 680, 174, 57
track:1350, 837, 680, 174, 57
track:1351, 834, 680, 174, 57
track:1352, 834, 681, 174, 57
track:1353, 838, 682, 166, 54
track:1354, 833, 681, 174, 57
track:1355, 830, 681, 183, 60
track:1356, 831, 681, 183, 60
track:1357, 835, 682, 174, 57
track:1358, 838, 684, 166, 54
track:1359, 838, 684, 166, 54
track:1360, 837, 684, 166, 54
track:1361, 840, 685, 158, 51
track:1362, 840, 686, 158, 51
track:1363, 840, 686, 158, 51
track:1364, 836, 686, 166, 54
track:1365, 838, 686, 166, 54
track:1366, 837, 686, 166, 54
track:1367, 837, 687, 166, 54
track:1368, 837, 687, 166, 54
track:1369, 838, 687, 166, 54
track:1370, 836, 688, 166, 54
track:1371, 828, 688, 174, 57
track:1372, 827, 688, 174, 57
track:1373, 824, 689, 174, 57
track:1374, 825, 689, 174, 57
track:1375, 824, 689, 174, 57
track:1376, 823, 689, 174, 57
track:1377, 821, 689, 174, 57
track:1378, 811, 690, 174, 57
track:1379, 812, 690, 174, 57
track:1380, 808, 691, 174, 57
track:1381, 806, 692, 174, 57
track:1382, 802, 693, 174, 57
track:1383, 799, 694, 174, 57
track:1384, 798, 694, 174, 57
track:1385, 793, 694, 183, 60
track:1386, 795, 695, 183, 60
track:1387, 793, 695, 192, 63
track:1388, 795, 696, 192, 63
track:1389, 800, 698, 183, 60
track:1390, 803, 699, 183, 60
track:1391, 805, 700, 183, 60
track:1392, 806, 699, 192, 63
track:1393, 811, 700, 192, 63
track:1394, 812, 701, 192, 63
track:1395, 814, 702, 192, 63
track:1396, 814, 703, 192, 63
track:1397, 819, 705, 183, 60
track:1398, 818, 706, 183, 60
track:1399, 817, 706, 183, 60
track:1400, 814, 707, 183, 60
track:1401, 809, 708, 183, 60
track:1402, 803, 709, 183, 60
track:1403, 800, 709, 183, 60
track:1404, 798, 710, 183, 60
track:1405, 794, 711, 183, 60
track:1406, 791, 710, 183, 60
track:1407, 787, 711, 183, 60
track:1408, 781, 709, 192, 63
init :1409, 793, 713, 230, 67
track:1410, 792, 713, 230, 67
track:1411, 791, 713, 230, 67
track:1412, 793, 715, 230, 67
track:1413, 791, 715, 230, 67
track:1414, 791, 715, 230, 67
track:1415, 794, 716, 230, 67
track:1416, 794, 716, 230, 67
track:1417, 793, 717, 230, 67
track:1418, 792, 719, 230, 67
track:1419, 788, 717, 241, 70
track:1420, 791, 719, 230, 67
track:1421, 789, 720, 230, 67
track:1422, 788, 721, 230, 67
track:1423, 783, 720, 241, 70
track:1424, 784, 721, 241, 70
track:1425, 787, 721, 241, 70
track:1426, 786, 723, 241, 70
track:1427, 786, 723, 241, 70
track:1428, 788, 724, 241, 70
track:1429, 787, 724, 241, 70
track:1430, 786, 725, 241, 70
track:1431, 783, 725, 241, 70
track:1432, 782, 725, 241, 70
track:1433, 781, 725, 241, 70
track:1434, 781, 725, 241, 70
track:1435, 772, 726, 254, 74
track:1436, 770, 726, 254, 74
track:1437, 771, 726, 254, 74
track:1438, 763, 726, 266, 78
track:1439, 762, 728, 266, 78
track:1440, 769, 730, 254, 74
track:1441, 765, 731, 254, 74
track:1442, 755, 730, 266, 78
track:1443, 755, 731, 266, 78
track:1444, 752, 730, 266, 78
track:1445, 744, 731, 266, 78
track:1446, 739, 730, 280, 81
track:1447, 729, 728, 294, 86
track:1448, 728, 728, 294, 86
track:1449, 728, 728, 294, 86
track:1450, 729, 727, 294, 86
track:1451, 732, 727, 294, 86
track:1452, 734, 726, 294, 86
track:1453, 752, 726, 280, 81
track:1454, 751, 724, 280, 81
track:1455, 761, 723, 280, 81
track:1456, 775, 722, 280, 81
track:1457, 778, 720, 294, 86
track:1458, 784, 716, 294, 86
track:1459, 788, 716, 294, 86
track:1460, 800, 715, 294, 86
track:1461, 808, 714, 280, 81
track:1462, 809, 712, 280, 81
track:1463, 809, 712, 280, 81
track:1464, 815, 712, 266, 78
track:1465, 823, 709, 266, 78
track:1466, 822, 706, 280, 81
track:1467, 831, 709, 266, 78
track:1468, 833, 709, 266, 78
track:1469, 831, 708, 266, 78
track:1470, 831, 709, 266, 78
track:1471, 834, 711, 254, 74
track:1472, 827, 711, 254, 74
track:1473, 830, 711, 254, 74
track:1474, 819, 708, 266, 78
track:1475, 811, 705, 266, 78
track:1476, 815, 706, 266, 78
track:1477, 823, 707, 254, 74
track:1478, 829, 708, 241, 70
track:1479, 828, 705, 241, 70
track:1480, 822, 701, 254, 74
track:1481, 826, 702, 254, 74
track:1482, 829, 702, 254, 74
track:1483, 826, 700, 266, 78
track:1484, 829, 700, 266, 78
track:1485, 830, 702, 266, 78
track:1486, 835, 702, 266, 78
track:1487, 845, 702, 266, 78
track:1488, 849, 701, 254, 74
track:1489, 856, 701, 241, 70
track:1490, 857, 701, 241, 70
track:1491, 853, 700, 254, 74
track:1492, 859, 701, 241, 70
track:1493, 862, 701, 241, 70
track:1494, 852, 699, 254, 74
track:1495, 845, 697, 266, 78
track:1496, 833, 694, 266, 78
init :1497, 849, 646, 300, 140
track:1498, 849, 646, 300, 140
track:1499, 846, 644, 300, 140
track:1500, 842, 641, 300, 140
track:1501, 834, 638, 300, 140
track:1502, 829, 636, 300, 140
track:1503, 830, 635, 300, 140
track:1504, 827, 633, 300, 140
track:1505, 826, 629, 300, 140
track:1506, 827, 625, 300, 140
track:1507, 821, 622, 300, 140
track:1508, 823, 622, 300, 140
track:1509, 822, 623, 300, 140
track:1510, 817, 618, 300, 140
track:1511, 823, 615, 300, 140
track:1512, 817, 615, 300, 140
track:1513, 817, 614, 300, 140
track:1514, 797, 611, 300, 140
track:1515, 778, 613, 286, 133
track:1516, 760, 610, 286, 133
track:1517, 728, 613, 286, 133
track:1518, 731, 614, 286, 133
track:1519, 711, 615, 286, 133
track:1520, 698, 617, 272, 127
track:1521, 680, 620, 272, 127
track:1522, 650, 615, 286, 133
track:1523, 656, 614, 286, 133
track:1524, 635, 617, 286, 133
track:1525, 649, 619, 272, 127
track:1526, 650, 616, 272, 127
track:1527, 657, 618, 272, 127
track:1528, 658, 619, 272, 127
track:1529, 689, 618, 272, 127
track:1530, 706, 619, 272, 127
track:1531, 730, 618, 272, 127
track:1532, 757, 617, 272, 127
track:1533, 758, 616, 272, 127
track:1534, 785, 615, 272, 127
track:1535, 813, 615, 272, 127
track:1536, 843, 620, 259, 121
track:1537, 854, 622, 247, 115
track:1538, 864, 626, 235, 110
track:1539, 880, 627, 235, 110
track:1540, 890, 627, 235, 110
track:1541, 895, 629, 235, 110
track:1542, 895, 630, 235, 110
track:1543, 899, 630, 235, 110
track:1544, 902, 632, 235, 110
track:1545, 899, 633, 235, 110
track:1546, 895, 637, 224, 104
track:1547, 889, 638, 224, 104
track:1548, 887, 640, 224, 104
track:1549, 880, 642, 224, 104
track:1550, 878, 643, 224, 104
track:1551, 872, 645, 224, 104
track:1552, 869, 647, 224, 104
track:1553, 867, 647, 224, 104
track:1554, 864, 649, 224, 104
track:1555, 868, 651, 213, 99
track:1556, 870, 651, 213, 99
track:1557, 870, 651, 213, 99
track:1558, 870, 650, 213, 99
track:1559, 884, 652, 203, 95
track:1560, 887, 656, 193, 90
track:1561, 895, 656, 193, 90
track:1562, 896, 658, 193, 90
track:1563, 897, 657, 193, 90
track:1564, 899, 659, 193, 90
track:1565, 902, 658, 193, 90
track:1566, 901, 660, 193, 90
track:1567, 901, 661, 193, 90
track:1568, 900, 661, 193, 90
track:1569, 899, 662, 193, 90
track:1570, 899, 662, 193, 90
track:1571, 897, 661, 193, 90
track:1572, 892, 662, 193, 90
track:1573, 894, 662, 193, 90
track:1574, 897, 665, 184, 86
track:1575, 895, 665, 184, 86
track:1576, 891, 665, 184, 86
track:1577, 893, 666, 175, 82
track:1578, 890, 666, 175, 82
track:1579, 891, 666, 175, 82
track:1580, 889, 667, 175, 82
track:1581, 891, 669, 167, 78
track:1582, 891, 671, 167, 78
track:1583, 887, 670, 167, 78
track:1584, 886, 670, 167, 78
init :1585, 900, 677, 138, 72
track:1586, 900, 677, 138, 72
track:1587, 902, 679, 131, 69
track:1588, 902, 678, 131, 69
track:1589, 899, 677, 138, 72
track:1590, 899, 678, 138, 72
track:1591, 902, 679, 131, 69
track:1592, 901, 680, 131, 69
track:1593, 900, 679, 131, 69
track:1594, 900, 680, 131, 69
track:1595, 897, 680, 131, 69
track:1596, 894, 681, 131, 69
track:1599, 893, 682, 131, 69
track:1600, 890, 681, 131, 69
track:1601, 893, 683, 125, 65
track:1602, 892, 684, 125, 65
track:1603, 892, 684, 125, 65
track:1604, 892, 685, 119, 62
track:1605, 890, 687, 114, 59
track:1606, 884, 686, 119, 62
track:1607, 881, 686, 119, 62
track:1608, 881, 686, 119, 62
elapseTime: 15.918
