init :7, 821, 630, 235, 197
track:8, 821, 630, 235, 197
track:9, 822, 630, 235, 197
track:10, 821, 631, 235, 197
track:11, 823, 630, 235, 197
track:12, 823, 630, 235, 197
track:13, 824, 630, 235, 197
track:14, 824, 630, 235, 197
track:15, 824, 630, 235, 197
track:16, 825, 630, 235, 197
track:17, 826, 630, 235, 197
track:18, 825, 630, 235, 197
track:19, 825, 629, 235, 197
track:20, 821, 626, 247, 207
track:21, 820, 626, 247, 207
track:22, 827, 631, 235, 197
track:23, 828, 631, 235, 197
track:24, 827, 631, 235, 197
track:25, 828, 630, 235, 197
track:26, 829, 631, 235, 197
track:27, 829, 631, 235, 197
track:28, 829, 631, 235, 197
track:29, 829, 630, 235, 197
track:30, 829, 630, 235, 197
track:31, 830, 629, 235, 197
track:32, 831, 631, 235, 197
track:33, 829, 630, 235, 197
track:34, 830, 631, 235, 197
track:35, 830, 630, 235, 197
track:36, 830, 631, 235, 197
track:37, 829, 630, 235, 197
track:38, 831, 630, 235, 197
track:39, 830, 630, 235, 197
track:40, 830, 630, 235, 197
track:41, 831, 629, 235, 197
track:42, 830, 631, 235, 197
track:43, 831, 630, 235, 197
track:44, 830, 631, 235, 197
track:45, 832, 630, 235, 197
track:46, 830, 631, 235, 197
track:48, 832, 630, 235, 197
init :49, 826, 630, 235, 197
track:50, 827, 630, 235, 197
track:51, 827, 630, 235, 197
track:52, 826, 629, 235, 197
track:53, 826, 629, 235, 197
track:54, 826, 630, 235, 197
track:55, 828, 629, 235, 197
track:56, 826, 630, 235, 197
track:57, 828, 629, 235, 197
track:58, 827, 630, 235, 197
track:59, 826, 630, 235, 197
track:60, 827, 629, 235, 197
track:61, 826, 630, 235, 197
track:62, 825, 629, 235, 197
track:63, 824, 629, 235, 197
track:64, 824, 629, 235, 197
track:65, 823, 630, 235, 197
track:66, 825, 630, 235, 197
track:67, 825, 629, 235, 197
track:68, 823, 630, 235, 197
track:69, 825, 629, 235, 197
track:70, 824, 630, 235, 197
track:71, 823, 630, 235, 197
track:72, 824, 629, 235, 197
track:73, 823, 630, 235, 197
track:74, 824, 630, 235, 197
track:75, 823, 630, 235, 197
track:76, 823, 630, 235, 197
track:77, 824, 630, 235, 197
track:78, 823, 630, 235, 197
track:79, 824, 630, 235, 197
track:80, 824, 630, 235, 197
track:81, 824, 630, 235, 197
track:82, 823, 630, 235, 197
track:83, 822, 630, 235, 197
track:84, 823, 630, 235, 197
track:85, 822, 630, 235, 197
track:86, 822, 630, 235, 197
track:87, 822, 631, 235, 197
track:88, 824, 630, 235, 197
track:89, 823, 630, 235, 197
track:90, 823, 631, 235, 197
track:91, 823, 630, 235, 197
track:92, 823, 631, 235, 197
track:93, 824, 631, 235, 197
track:94, 824, 630, 235, 197
track:95, 824, 631, 235, 197
track:96, 825, 630, 235, 197
init :97, 826, 628, 240, 197
track:98, 827, 627, 240, 197
track:99, 827, 628, 240, 197
track:100, 829, 628, 240, 197
track:101, 829, 627, 240, 197
track:102, 830, 627, 240, 197
track:103, 831, 626, 240, 197
track:104, 830, 626, 240, 197
track:105, 832, 625, 240, 197
track:106, 837, 629, 229, 188
track:107, 832, 622, 240, 197
track:108, 832, 621, 240, 197
track:109, 833, 620, 240, 197
track:110, 832, 619, 240, 197
track:111, 833, 618, 240, 197
track:112, 834, 614, 240, 197
track:113, 834, 613, 240, 197
track:114, 833, 614, 240, 197
track:115, 834, 612, 240, 197
track:116, 836, 609, 240, 197
track:117, 837, 608, 240, 197
track:120, 837, 604, 240, 197
track:121, 839, 603, 240, 197
track:122, 846, 605, 229, 188
track:123, 845, 604, 229, 188
track:124, 852, 607, 218, 179
track:125, 856, 608, 207, 170
track:126, 853, 605, 207, 170
track:127, 851, 603, 207, 170
track:128, 851, 603, 207, 170
track:129, 850, 603, 207, 170
track:130, 851, 604, 207, 170
track:131, 850, 605, 207, 170
track:132, 853, 609, 207, 170
track:133, 853, 611, 207, 170
track:134, 855, 612, 207, 170
track:135, 854, 614, 207, 170
track:136, 856, 614, 207, 170
track:137, 857, 615, 207, 170
track:138, 859, 616, 207, 170
track:139, 858, 616, 207, 170
track:140, 858, 615, 207, 170
track:141, 858, 615, 207, 170
track:142, 855, 616, 207, 170
track:143, 855, 616, 207, 170
track:144, 855, 616, 207, 170
init :145, 858, 625, 180, 150
track:146, 858, 625, 180, 150
track:147, 859, 627, 180, 150
track:148, 860, 629, 180, 150
track:149, 864, 633, 171, 143
track:150, 864, 636, 171, 143
track:151, 865, 639, 171, 143
track:152, 865, 642, 171, 143
track:153, 865, 644, 171, 143
track:154, 860, 641, 180, 150
track:155, 861, 642, 180, 150
track:156, 861, 644, 180, 150
track:157, 862, 645, 180, 150
track:158, 862, 646, 180, 150
track:159, 862, 646, 180, 150
track:160, 862, 646, 180, 150
track:161, 860, 647, 180, 150
track:162, 856, 647, 180, 150
track:163, 861, 649, 171, 143
track:164, 861, 650, 171, 143
track:165, 861, 651, 171, 143
track:166, 861, 651, 171, 143
track:167, 866, 654, 163, 136
track:168, 866, 654, 163, 136
track:169, 866, 654, 163, 136
track:170, 867, 653, 163, 136
track:171, 868, 652, 163, 136
track:172, 869, 651, 163, 136
track:173, 869, 651, 163, 136
track:174, 869, 651, 163, 136
track:175, 867, 651, 163, 136
track:176, 863, 651, 163, 136
track:177, 864, 651, 163, 136
track:178, 866, 652, 163, 136
track:179, 867, 651, 163, 136
track:180, 869, 653, 163, 136
track:181, 869, 655, 163, 136
track:182, 870, 659, 163, 136
track:183, 872, 661, 163, 136
track:184, 872, 662, 163, 136
track:185, 874, 664, 163, 136
track:186, 873, 662, 163, 136
track:187, 869, 655, 163, 136
track:188, 864, 652, 163, 136
track:189, 863, 651, 163, 136
track:190, 861, 650, 163, 136
track:191, 860, 647, 163, 136
track:192, 859, 643, 163, 136
init :193, 858, 643, 161, 150
track:194, 858, 643, 161, 150
track:195, 860, 642, 161, 150
track:196, 861, 641, 161, 150
track:197, 860, 639, 161, 150
track:198, 858, 640, 161, 150
track:199, 858, 640, 161, 150
track:200, 857, 643, 161, 150
track:201, 854, 643, 161, 150
track:202, 854, 641, 161, 150
track:203, 853, 639, 161, 150
track:204, 853, 639, 161, 150
track:205, 854, 636, 161, 150
track:206, 855, 635, 161, 150
track:207, 852, 634, 161, 150
track:208, 852, 633, 161, 150
track:209, 850, 631, 161, 150
track:210, 852, 631, 153, 143
track:211, 852, 628, 153, 143
track:212, 851, 625, 153, 143
track:213, 851, 626, 153, 143
track:214, 854, 627, 146, 136
track:215, 854, 626, 146, 136
track:216, 855, 625, 146, 136
track:217, 854, 625, 146, 136
track:218, 854, 626, 146, 136
track:219, 854, 627, 146, 136
track:220, 854, 631, 146, 136
track:221, 853, 633, 146, 136
track:222, 853, 634, 146, 136
track:223, 853, 635, 146, 136
track:224, 853, 637, 146, 136
track:225, 853, 639, 146, 136
track:226, 853, 639, 146, 136
track:227, 853, 639, 146, 136
track:228, 853, 639, 146, 136
track:229, 854, 640, 146, 136
track:230, 857, 642, 139, 130
track:231, 857, 642, 139, 130
track:232, 858, 642, 132, 123
track:233, 858, 642, 132, 123
track:234, 857, 642, 132, 123
track:235, 857, 642, 132, 123
track:236, 860, 642, 126, 118
track:237, 861, 643, 126, 118
track:238, 863, 643, 126, 118
track:239, 866, 647, 120, 112
track:240, 867, 649, 120, 112
init :241, 863, 651, 120, 101
track:242, 864, 651, 120, 101
track:243, 864, 651, 120, 101
track:244, 864, 652, 120, 101
track:245, 864, 652, 120, 101
track:246, 864, 653, 120, 101
track:247, 864, 654, 120, 101
track:248, 865, 654, 120, 101
track:249, 864, 655, 120, 101
track:250, 864, 655, 120, 101
track:251, 865, 658, 120, 101
track:252, 866, 659, 120, 101
track:253, 866, 659, 120, 101
track:254, 867, 663, 120, 101
track:255, 866, 664, 120, 101
track:256, 867, 666, 120, 101
track:257, 869, 670, 120, 101
track:258, 868, 670, 120, 101
track:259, 869, 671, 120, 101
track:260, 869, 673, 120, 101
track:261, 869, 674, 120, 101
track:262, 869, 674, 120, 101
track:263, 869, 674, 120, 101
track:264, 869, 676, 120, 101
track:265, 869, 678, 120, 101
track:266, 869, 679, 120, 101
track:267, 869, 681, 120, 101
track:268, 870, 681, 120, 101
track:269, 869, 682, 120, 101
track:270, 870, 685, 120, 101
track:271, 871, 688, 120, 101
track:272, 871, 691, 120, 101
track:273, 868, 690, 126, 106
track:274, 868, 691, 126, 106
track:275, 869, 693, 126, 106
track:276, 870, 696, 126, 106
track:277, 868, 697, 132, 111
track:278, 868, 697, 132, 111
track:279, 869, 696, 132, 111
track:280, 871, 694, 132, 111
track:281, 869, 692, 139, 117
track:282, 870, 693, 139, 117
track:283, 870, 694, 139, 117
track:284, 871, 697, 139, 117
track:285, 870, 696, 146, 123
track:286, 872, 695, 146, 123
track:287, 870, 689, 153, 129
track:288, 870, 688, 153, 129
init :289, 872, 677, 161, 150
track:290, 872, 673, 161, 150
track:291, 872, 667, 161, 150
track:292, 870, 659, 169, 158
track:293, 871, 659, 169, 158
track:294, 871, 657, 169, 158
track:295, 869, 650, 178, 165
track:296, 871, 650, 178, 165
track:297, 866, 647, 186, 174
track:298, 861, 643, 196, 182
track:299, 859, 644, 196, 182
track:300, 858, 645, 196, 182
track:301, 855, 647, 196, 182
track:302, 850, 648, 205, 191
track:303, 845, 646, 216, 201
track:304, 843, 649, 216, 201
track:305, 837, 645, 227, 211
track:306, 831, 641, 238, 222
track:307, 830, 639, 238, 222
track:308, 831, 638, 238, 222
track:309, 825, 631, 250, 233
track:310, 823, 624, 250, 233
track:311, 822, 607, 250, 233
track:312, 824, 599, 250, 233
track:313, 828, 602, 238, 222
track:314, 830, 597, 238, 222
track:315, 828, 588, 238, 222
track:316, 830, 579, 238, 222
track:317, 832, 573, 238, 222
track:318, 833, 570, 238, 222
track:319, 834, 569, 238, 222
track:320, 844, 565, 227, 211
track:321, 847, 557, 227, 211
track:322, 853, 562, 216, 201
track:323, 853, 561, 216, 201
track:324, 852, 565, 216, 201
track:325, 854, 567, 205, 191
track:326, 859, 564, 196, 182
track:327, 856, 564, 196, 182
track:328, 856, 565, 196, 182
track:329, 853, 570, 196, 182
track:330, 851, 581, 196, 182
track:331, 850, 582, 196, 182
track:332, 853, 588, 186, 174
track:333, 853, 588, 186, 174
track:334, 852, 589, 186, 174
track:335, 851, 590, 186, 174
track:336, 852, 594, 186, 174
init :337, 853, 599, 184, 168
track:338, 853, 599, 184, 168
track:339, 853, 595, 184, 168
track:340, 854, 594, 184, 168
track:341, 854, 594, 184, 168
track:342, 855, 593, 184, 168
track:343, 855, 593, 184, 168
track:344, 854, 591, 184, 168
track:345, 860, 592, 175, 160
track:346, 860, 593, 175, 160
track:347, 859, 595, 175, 160
track:348, 859, 595, 175, 160
track:349, 864, 602, 167, 152
track:350, 867, 609, 159, 145
track:351, 868, 612, 159, 145
track:352, 872, 619, 151, 138
track:353, 873, 619, 151, 138
track:354, 872, 621, 151, 138
track:355, 872, 622, 151, 138
track:356, 872, 622, 151, 138
track:357, 871, 623, 151, 138
track:358, 870, 624, 151, 138
track:359, 874, 628, 144, 132
track:360, 876, 630, 137, 125
track:361, 875, 629, 137, 125
track:362, 875, 630, 137, 125
track:363, 874, 629, 137, 125
track:364, 874, 631, 137, 125
track:365, 873, 631, 137, 125
track:366, 872, 631, 137, 125
track:367, 872, 633, 137, 125
track:368, 872, 632, 137, 125
track:369, 871, 634, 137, 125
track:370, 870, 638, 137, 125
track:371, 870, 644, 137, 125
track:372, 870, 648, 137, 125
track:373, 869, 649, 137, 125
track:374, 869, 649, 137, 125
track:375, 867, 650, 137, 125
track:376, 864, 651, 137, 125
track:377, 866, 653, 131, 119
track:378, 866, 654, 131, 119
track:379, 866, 655, 131, 119
track:380, 867, 654, 131, 119
track:381, 866, 654, 131, 119
track:382, 863, 654, 131, 119
track:383, 864, 654, 131, 119
track:384, 861, 653, 131, 119
init :385, 863, 662, 110, 93
track:386, 863, 662, 110, 93
track:387, 864, 663, 110, 93
track:388, 864, 663, 110, 93
track:389, 863, 662, 110, 93
track:390, 863, 662, 110, 93
track:391, 863, 665, 110, 93
track:392, 863, 668, 110, 93
track:393, 863, 668, 110, 93
track:394, 863, 669, 110, 93
track:395, 864, 674, 110, 93
track:396, 865, 678, 110, 93
track:397, 867, 682, 110, 93
track:398, 868, 683, 110, 93
track:399, 869, 687, 110, 93
track:400, 870, 692, 110, 93
track:401, 871, 697, 110, 93
track:402, 872, 700, 110, 93
track:403, 872, 702, 110, 93
track:404, 872, 703, 110, 93
track:405, 873, 703, 110, 93
track:406, 874, 703, 110, 93
track:407, 876, 703, 110, 93
track:408, 876, 703, 110, 93
track:409, 876, 701, 110, 93
track:410, 876, 700, 110, 93
track:411, 877, 696, 110, 93
track:412, 877, 695, 110, 93
track:413, 877, 694, 110, 93
track:414, 877, 693, 110, 93
track:415, 877, 695, 110, 93
track:416, 878, 697, 110, 93
track:417, 878, 697, 110, 93
track:418, 878, 697, 110, 93
track:419, 878, 697, 110, 93
track:420, 877, 698, 110, 93
track:421, 876, 698, 110, 93
track:422, 875, 697, 110, 93
track:423, 875, 696, 110, 93
track:424, 874, 693, 110, 93
track:425, 874, 691, 110, 93
track:426, 874, 689, 110, 93
track:427, 873, 688, 110, 93
track:428, 872, 687, 110, 93
track:429, 872, 688, 110, 93
track:430, 871, 688, 110, 93
track:431, 871, 688, 110, 93
track:432, 870, 687, 110, 93
init :433, 872, 690, 110, 83
track:434, 871, 690, 110, 83
track:435, 871, 691, 110, 83
track:436, 871, 691, 110, 83
track:437, 870, 693, 110, 83
track:438, 870, 694, 110, 83
track:439, 871, 695, 110, 83
track:440, 872, 696, 110, 83
track:441, 872, 696, 110, 83
track:442, 872, 695, 110, 83
track:443, 873, 696, 110, 83
track:444, 873, 696, 110, 83
track:445, 873, 697, 110, 83
track:446, 874, 698, 110, 83
track:447, 873, 697, 110, 83
track:448, 873, 696, 110, 83
track:449, 873, 695, 110, 83
track:450, 873, 695, 110, 83
track:451, 874, 696, 110, 83
track:452, 875, 698, 110, 83
track:453, 876, 699, 110, 83
track:454, 877, 699, 110, 83
track:455, 877, 699, 110, 83
track:456, 877, 700, 110, 83
track:457, 875, 697, 115, 87
track:458, 874, 697, 115, 87
track:459, 875, 697, 115, 87
track:460, 872, 694, 121, 92
track:461, 872, 694, 121, 92
track:462, 873, 693, 121, 92
track:463, 872, 693, 121, 92
track:464, 871, 690, 121, 92
track:465, 871, 687, 121, 92
track:466, 869, 686, 127, 96
track:467, 869, 686, 127, 96
track:468, 869, 687, 127, 96
track:469, 869, 687, 127, 96
track:470, 870, 689, 127, 96
track:471, 872, 690, 127, 96
track:472, 869, 688, 134, 101
track:473, 869, 690, 134, 101
track:474, 869, 693, 134, 101
track:475, 871, 693, 134, 101
track:476, 873, 692, 134, 101
track:477, 874, 691, 134, 101
track:478, 875, 690, 134, 101
track:479, 873, 687, 140, 106
track:480, 876, 679, 140, 106
init :481, 872, 669, 147, 124
track:482, 872, 669, 147, 124
track:483, 875, 663, 147, 124
track:484, 876, 662, 147, 124
track:485, 874, 658, 154, 130
track:486, 875, 663, 154, 130
track:487, 875, 663, 154, 130
track:488, 873, 667, 154, 130
track:490, 871, 671, 154, 130
track:491, 868, 672, 154, 130
track:492, 863, 670, 162, 137
track:493, 861, 670, 162, 137
track:494, 861, 669, 162, 137
track:495, 854, 660, 170, 144
track:496, 852, 655, 170, 144
track:497, 851, 654, 170, 144
track:498, 850, 651, 170, 144
track:499, 849, 648, 170, 144
track:500, 847, 642, 170, 144
track:501, 848, 638, 170, 144
track:502, 848, 638, 170, 144
track:503, 846, 636, 170, 144
track:504, 847, 634, 170, 144
track:505, 846, 633, 170, 144
track:506, 845, 632, 170, 144
track:507, 846, 632, 170, 144
track:508, 846, 631, 170, 144
track:509, 846, 627, 170, 144
track:510, 846, 623, 170, 144
track:511, 844, 621, 170, 144
track:512, 845, 621, 170, 144
track:513, 844, 621, 170, 144
track:514, 845, 622, 170, 144
track:515, 845, 622, 170, 144
track:516, 849, 625, 162, 137
track:517, 848, 625, 162, 137
track:518, 849, 623, 162, 137
track:519, 848, 622, 162, 137
track:520, 850, 621, 162, 137
track:521, 850, 620, 162, 137
track:522, 849, 620, 162, 137
track:523, 849, 621, 162, 137
track:524, 850, 623, 162, 137
track:525, 852, 624, 162, 137
track:526, 853, 626, 162, 137
track:527, 853, 627, 162, 137
track:528, 855, 628, 154, 130
init :529, 867, 636, 138, 98
track:530, 868, 635, 138, 98
track:531, 868, 634, 138, 98
track:532, 869, 635, 138, 98
track:533, 870, 637, 138, 98
track:534, 871, 637, 138, 98
track:535, 870, 638, 138, 98
track:536, 870, 641, 138, 98
track:537, 871, 641, 138, 98
track:538, 874, 644, 131, 93
track:539, 877, 648, 125, 89
track:540, 877, 648, 125, 89
track:543, 875, 649, 125, 89
track:544, 874, 649, 125, 89
track:546, 875, 655, 119, 85
track:547, 876, 656, 119, 85
track:548, 874, 659, 119, 85
track:549, 873, 661, 119, 85
track:550, 873, 663, 119, 85
track:551, 871, 664, 119, 85
track:552, 870, 664, 119, 85
track:553, 871, 664, 119, 85
track:554, 869, 663, 119, 85
track:555, 869, 664, 119, 85
track:556, 869, 665, 119, 85
track:557, 869, 665, 119, 85
track:558, 869, 670, 119, 85
track:559, 871, 674, 114, 81
track:560, 870, 677, 114, 81
track:561, 870, 681, 114, 81
track:562, 871, 681, 114, 81
track:563, 871, 684, 114, 81
track:564, 874, 686, 108, 77
track:565, 873, 688, 108, 77
track:566, 875, 691, 103, 73
track:567, 876, 691, 103, 73
track:568, 877, 693, 103, 73
track:569, 877, 695, 103, 73
track:570, 876, 697, 103, 73
track:571, 876, 700, 103, 73
track:572, 877, 700, 103, 73
track:573, 877, 704, 103, 73
track:574, 878, 705, 103, 73
track:575, 880, 704, 103, 73
track:576, 878, 703, 103, 73
init :577, 872, 700, 101, 75
track:578, 872, 699, 101, 75
track:579, 873, 696, 101, 75
track:580, 874, 697, 101, 75
track:581, 874, 696, 101, 75
track:582, 874, 697, 101, 75
track:583, 874, 699, 101, 75
track:584, 874, 701, 101, 75
track:585, 874, 700, 101, 75
track:586, 873, 701, 101, 75
track:587, 871, 700, 106, 79
track:588, 871, 701, 106, 79
track:589, 872, 699, 106, 79
track:590, 871, 699, 106, 79
track:591, 870, 700, 106, 79
track:592, 869, 700, 106, 79
track:593, 868, 699, 106, 79
track:594, 868, 697, 106, 79
track:595, 865, 687, 111, 83
track:596, 864, 684, 111, 83
track:597, 864, 684, 111, 83
track:598, 864, 680, 111, 83
track:599, 863, 673, 111, 83
track:600, 863, 670, 111, 83
track:601, 864, 670, 111, 83
track:602, 864, 670, 111, 83
track:603, 864, 669, 111, 83
track:604, 863, 665, 111, 83
track:605, 863, 662, 111, 83
track:606, 862, 660, 111, 83
track:607, 862, 660, 111, 83
track:608, 863, 660, 111, 83
track:609, 863, 660, 111, 83
track:610, 860, 659, 117, 87
track:611, 860, 662, 117, 87
track:612, 861, 662, 117, 87
track:613, 860, 666, 117, 87
track:614, 857, 665, 123, 91
track:615, 857, 668, 123, 91
track:616, 854, 668, 129, 96
track:617, 854, 669, 129, 96
track:618, 854, 668, 129, 96
track:619, 854, 667, 129, 96
track:620, 856, 666, 129, 96
track:621, 857, 665, 129, 96
track:622, 857, 665, 129, 96
track:623, 856, 665, 129, 96
track:624, 854, 663, 129, 96
init :625, 858, 656, 133, 114
track:626, 862, 659, 127, 109
track:627, 863, 659, 127, 109
track:628, 864, 660, 127, 109
track:629, 864, 660, 127, 109
track:630, 864, 659, 127, 109
track:631, 860, 656, 133, 114
track:632, 859, 656, 133, 114
track:633, 861, 659, 133, 114
track:634, 859, 659, 140, 120
track:635, 859, 661, 140, 120
track:636, 860, 663, 140, 120
track:637, 860, 662, 140, 120
track:638, 862, 663, 140, 120
track:639, 862, 664, 140, 120
track:640, 863, 663, 140, 120
track:641, 860, 658, 147, 126
track:642, 860, 658, 147, 126
track:643, 860, 656, 147, 126
track:644, 860, 655, 147, 126
track:645, 860, 645, 147, 126
track:646, 861, 644, 147, 126
track:647, 861, 643, 147, 126
track:648, 861, 643, 147, 126
track:649, 860, 644, 147, 126
track:650, 862, 644, 147, 126
track:651, 864, 644, 147, 126
track:652, 865, 644, 147, 126
track:653, 865, 644, 147, 126
track:654, 866, 645, 147, 126
track:655, 867, 650, 147, 126
track:656, 868, 651, 147, 126
track:657, 868, 652, 147, 126
track:658, 870, 655, 147, 126
track:659, 872, 654, 147, 126
track:660, 871, 653, 147, 126
track:661, 872, 652, 147, 126
track:662, 871, 653, 147, 126
track:663, 873, 652, 147, 126
track:664, 874, 650, 147, 126
track:665, 878, 651, 140, 120
track:666, 879, 649, 140, 120
track:667, 878, 649, 140, 120
track:668, 878, 648, 140, 120
track:669, 879, 647, 140, 120
track:670, 880, 646, 140, 120
track:671, 877, 646, 140, 120
track:672, 877, 647, 140, 120
init :673, 872, 651, 143, 116
track:674, 871, 650, 143, 116
track:675, 870, 650, 143, 116
track:676, 870, 651, 143, 116
track:677, 870, 651, 143, 116
track:678, 868, 653, 143, 116
track:679, 867, 663, 143, 116
track:680, 868, 670, 143, 116
track:681, 868, 672, 143, 116
track:682, 868, 673, 143, 116
track:683, 866, 672, 143, 116
track:684, 865, 671, 143, 116
track:685, 865, 673, 143, 116
track:686, 865, 675, 143, 116
track:687, 865, 676, 143, 116
track:688, 865, 675, 143, 116
track:689, 860, 671, 150, 122
track:690, 859, 670, 150, 122
track:691, 858, 668, 150, 122
track:692, 858, 667, 150, 122
track:693, 858, 666, 150, 122
track:694, 858, 666, 150, 122
track:695, 858, 665, 150, 122
track:696, 853, 661, 158, 128
track:697, 853, 660, 158, 128
track:698, 851, 659, 158, 128
track:699, 848, 659, 158, 128
track:700, 849, 660, 158, 128
track:701, 848, 662, 158, 128
track:702, 849, 662, 158, 128
track:703, 849, 665, 158, 128
track:704, 847, 671, 158, 128
track:705, 847, 675, 158, 128
track:706, 845, 676, 158, 128
track:707, 846, 677, 158, 128
track:708, 844, 679, 158, 128
track:709, 844, 679, 158, 128
track:710, 845, 678, 158, 128
track:711, 845, 677, 158, 128
track:712, 844, 674, 158, 128
track:713, 844, 673, 158, 128
track:714, 844, 673, 158, 128
track:715, 843, 674, 158, 128
track:716, 843, 674, 158, 128
track:717, 844, 675, 158, 128
track:718, 844, 676, 158, 128
track:719, 845, 676, 158, 128
track:720, 845, 677, 158, 128
init :721, 853, 675, 147, 124
track:722, 853, 675, 147, 124
track:723, 853, 675, 147, 124
track:724, 854, 671, 147, 124
track:725, 854, 668, 147, 124
track:726, 854, 668, 147, 124
track:727, 854, 666, 147, 124
track:728, 855, 663, 147, 124
track:729, 852, 654, 154, 130
track:730, 852, 652, 154, 130
track:731, 853, 651, 154, 130
track:732, 853, 653, 154, 130
track:733, 852, 651, 154, 130
track:734, 853, 647, 154, 130
track:735, 854, 643, 154, 130
track:736, 855, 641, 154, 130
track:737, 854, 640, 154, 130
track:738, 853, 638, 154, 130
track:739, 850, 636, 162, 137
track:740, 852, 638, 162, 137
track:741, 852, 638, 162, 137
track:742, 853, 639, 162, 137
track:743, 851, 639, 162, 137
track:744, 850, 640, 162, 137
track:745, 851, 638, 162, 137
track:746, 851, 637, 162, 137
track:747, 851, 635, 162, 137
track:748, 852, 626, 162, 137
track:749, 851, 621, 162, 137
track:750, 848, 621, 162, 137
track:751, 848, 620, 162, 137
track:752, 848, 622, 162, 137
track:753, 850, 624, 162, 137
track:754, 852, 624, 162, 137
track:755, 855, 623, 162, 137
track:756, 855, 623, 162, 137
track:757, 856, 622, 162, 137
track:758, 855, 619, 162, 137
track:759, 853, 623, 162, 137
track:760, 855, 626, 162, 137
track:761, 854, 627, 162, 137
track:762, 856, 628, 162, 137
track:763, 859, 627, 162, 137
track:764, 860, 627, 162, 137
track:765, 859, 628, 162, 137
track:766, 859, 627, 162, 137
track:767, 857, 627, 162, 137
track:768, 861, 632, 154, 130
init :769, 863, 638, 147, 122
track:770, 865, 647, 147, 122
track:771, 866, 648, 147, 122
track:772, 867, 647, 147, 122
track:773, 867, 646, 147, 122
track:774, 869, 646, 147, 122
track:775, 868, 646, 147, 122
track:776, 868, 647, 147, 122
track:777, 869, 647, 147, 122
track:778, 870, 646, 147, 122
track:779, 871, 646, 147, 122
track:780, 872, 646, 147, 122
track:781, 876, 648, 140, 116
track:782, 876, 648, 140, 116
track:783, 880, 650, 133, 111
track:784, 879, 649, 133, 111
track:785, 878, 650, 133, 111
track:786, 881, 653, 127, 105
track:787, 880, 653, 127, 105
track:788, 879, 654, 127, 105
track:789, 879, 654, 127, 105
track:790, 875, 650, 133, 111
track:791, 876, 651, 133, 111
track:792, 875, 649, 133, 111
track:793, 875, 650, 133, 111
track:794, 874, 653, 133, 111
track:795, 875, 657, 133, 111
track:796, 878, 660, 127, 105
track:797, 878, 659, 127, 105
track:798, 874, 655, 133, 111
track:799, 877, 659, 127, 105
track:800, 875, 658, 133, 111
track:801, 875, 658, 133, 111
track:802, 874, 658, 133, 111
track:803, 873, 659, 133, 111
track:804, 874, 660, 133, 111
track:805, 874, 660, 133, 111
track:806, 873, 660, 133, 111
track:807, 876, 663, 127, 105
track:808, 872, 662, 133, 111
track:809, 873, 662, 133, 111
track:810, 873, 665, 133, 111
track:811, 873, 665, 133, 111
track:812, 872, 667, 133, 111
track:813, 870, 666, 133, 111
track:814, 867, 666, 133, 111
track:815, 863, 663, 140, 116
track:816, 864, 663, 140, 116
init :817, 863, 669, 147, 109
track:818, 862, 675, 147, 109
track:819, 862, 676, 147, 109
track:820, 860, 687, 147, 109
track:821, 859, 688, 147, 109
track:822, 859, 688, 147, 109
track:823, 858, 687, 147, 109
track:824, 855, 684, 154, 114
track:825, 854, 685, 154, 114
track:826, 853, 685, 154, 114
track:827, 849, 686, 162, 120
track:828, 850, 693, 162, 120
track:829, 846, 692, 170, 126
track:830, 847, 693, 170, 126
track:831, 848, 693, 170, 126
track:832, 848, 694, 170, 126
track:833, 847, 690, 179, 132
track:834, 847, 682, 179, 132
track:835, 847, 675, 179, 132
track:836, 847, 674, 179, 132
track:837, 850, 671, 179, 132
track:838, 846, 667, 179, 132
track:839, 844, 663, 179, 132
track:840, 839, 656, 188, 139
track:841, 842, 658, 179, 132
track:842, 836, 654, 188, 139
track:843, 828, 646, 197, 146
track:844, 829, 643, 197, 146
track:845, 819, 629, 197, 146
track:846, 820, 628, 197, 146
track:847, 821, 622, 197, 146
track:848, 820, 616, 197, 146
track:849, 819, 614, 197, 146
track:850, 818, 612, 197, 146
track:851, 818, 612, 197, 146
track:852, 822, 609, 197, 146
track:853, 826, 605, 197, 146
track:854, 828, 606, 197, 146
track:855, 828, 610, 197, 146
track:856, 827, 611, 197, 146
track:857, 828, 611, 197, 146
track:858, 829, 609, 197, 146
track:859, 831, 605, 197, 146
track:860, 831, 602, 197, 146
track:861, 830, 603, 197, 146
track:862, 829, 604, 197, 146
track:863, 830, 609, 197, 146
track:864, 831, 615, 197, 146
init :865, 844, 623, 175, 147
track:866, 844, 623, 175, 147
track:867, 844, 628, 175, 147
track:868, 844, 630, 175, 147
track:869, 844, 631, 175, 147
track:870, 845, 635, 175, 147
track:871, 850, 638, 167, 140
track:872, 851, 640, 167, 140
track:873, 851, 639, 167, 140
track:874, 852, 639, 167, 140
track:875, 855, 642, 159, 133
track:876, 856, 643, 159, 133
track:877, 856, 643, 159, 133
track:878, 857, 644, 159, 133
track:879, 860, 643, 159, 133
track:880, 859, 643, 159, 133
track:881, 859, 642, 159, 133
track:882, 860, 642, 159, 133
track:883, 861, 641, 159, 133
track:884, 868, 644, 151, 127
track:885, 870, 643, 151, 127
track:886, 870, 643, 151, 127
track:887, 874, 647, 144, 121
track:888, 875, 647, 144, 121
track:889, 876, 647, 144, 121
track:890, 877, 645, 144, 121
track:891, 879, 645, 144, 121
track:892, 879, 644, 144, 121
track:893, 880, 643, 144, 121
track:894, 880, 642, 144, 121
track:895, 881, 643, 144, 121
track:896, 886, 645, 137, 115
track:897, 885, 645, 137, 115
track:898, 883, 644, 137, 115
track:899, 883, 646, 131, 110
track:900, 883, 648, 131, 110
track:901, 883, 648, 131, 110
track:902, 883, 650, 131, 110
track:903, 885, 653, 124, 104
track:904, 885, 652, 124, 104
track:905, 886, 653, 124, 104
track:906, 885, 653, 124, 104
track:907, 911, 641, 124, 104
track:908, 912, 640, 124, 104
track:909, 912, 652, 124, 104
track:910, 911, 657, 131, 110
track:911, 909, 654, 131, 110
track:912, 908, 656, 137, 115
init :913, 807, 565, 286, 259
track:914, 809, 566, 286, 259
track:915, 811, 570, 286, 259
track:916, 810, 570, 286, 259
track:917, 812, 571, 286, 259
track:918, 819, 579, 272, 247
track:919, 819, 580, 272, 247
track:920, 817, 581, 272, 247
track:921, 809, 575, 286, 259
track:922, 805, 575, 286, 259
track:923, 800, 575, 286, 259
track:924, 795, 572, 286, 259
track:925, 789, 572, 286, 259
track:926, 788, 572, 286, 259
track:927, 787, 573, 286, 259
track:928, 779, 573, 286, 259
track:929, 773, 573, 286, 259
track:930, 770, 571, 286, 259
track:931, 771, 571, 286, 259
track:932, 773, 576, 272, 247
track:933, 771, 573, 272, 247
track:934, 772, 572, 272, 247
track:935, 772, 569, 272, 247
track:936, 772, 568, 272, 247
track:937, 772, 566, 272, 247
track:938, 773, 565, 272, 247
track:939, 775, 563, 272, 247
track:940, 774, 561, 272, 247
track:941, 775, 561, 272, 247
track:942, 774, 559, 272, 247
track:943, 770, 559, 272, 247
track:944, 771, 558, 272, 247
track:945, 770, 558, 272, 247
track:946, 769, 558, 272, 247
track:947, 767, 557, 272, 247
track:948, 762, 559, 272, 247
track:949, 758, 560, 272, 247
track:950, 756, 563, 272, 247
track:951, 754, 562, 272, 247
track:952, 750, 564, 272, 247
track:953, 746, 566, 272, 247
track:954, 747, 566, 272, 247
track:955, 747, 566, 272, 247
track:956, 744, 567, 272, 247
track:957, 744, 569, 272, 247
track:958, 744, 569, 272, 247
track:959, 741, 571, 272, 247
track:960, 741, 571, 272, 247
init :961, 747, 584, 383, 236
track:962, 746, 585, 383, 236
track:963, 744, 587, 383, 236
track:964, 744, 587, 383, 236
track:965, 743, 587, 383, 236
track:966, 741, 588, 383, 236
track:967, 739, 589, 383, 236
track:968, 737, 589, 383, 236
track:969, 729, 590, 383, 236
track:970, 729, 589, 383, 236
track:971, 728, 590, 383, 236
track:972, 721, 593, 383, 236
track:973, 718, 591, 383, 236
track:974, 711, 592, 383, 236
track:975, 719, 597, 365, 225
track:976, 715, 597, 365, 225
track:977, 712, 598, 365, 225
track:978, 711, 598, 365, 225
track:979, 708, 597, 365, 225
track:980, 702, 594, 383, 236
track:981, 703, 593, 383, 236
track:982, 701, 594, 383, 236
track:983, 702, 595, 383, 236
track:984, 704, 594, 383, 236
track:985, 706, 594, 383, 236
track:986, 706, 596, 383, 236
track:987, 700, 589, 402, 248
track:988, 699, 590, 402, 248
track:989, 703, 587, 402, 248
track:990, 703, 588, 402, 248
track:991, 714, 596, 383, 236
track:992, 709, 596, 383, 236
track:993, 714, 597, 383, 236
track:994, 711, 595, 383, 236
track:995, 712, 595, 383, 236
track:996, 713, 591, 383, 236
track:997, 717, 593, 383, 236
track:998, 712, 588, 383, 236
track:999, 723, 590, 365, 225
track:1000, 733, 595, 347, 214
track:1001, 734, 593, 347, 214
track:1002, 740, 591, 347, 214
track:1003, 746, 586, 347, 214
track:1004, 748, 583, 347, 214
track:1005, 755, 587, 331, 204
track:1006, 759, 585, 331, 204
track:1007, 764, 582, 331, 204
track:1008, 754, 576, 347, 214
init :1009, 761, 573, 489, 199
track:1010, 761, 573, 489, 199
track:1011, 771, 578, 466, 190
track:1012, 768, 577, 466, 190
track:1013, 761, 578, 466, 190
track:1014, 757, 578, 466, 190
track:1015, 757, 577, 466, 190
track:1016, 753, 576, 466, 190
track:1017, 751, 575, 466, 190
track:1018, 747, 576, 466, 190
track:1019, 731, 571, 489, 199
track:1020, 729, 569, 489, 199
track:1021, 731, 570, 489, 199
track:1022, 742, 574, 466, 190
track:1023, 740, 574, 466, 190
track:1024, 736, 575, 466, 190
track:1025, 738, 575, 466, 190
track:1026, 736, 575, 466, 190
track:1027, 731, 577, 466, 190
track:1028, 740, 579, 444, 180
track:1029, 736, 579, 444, 180
track:1030, 731, 580, 444, 180
track:1031, 728, 581, 444, 180
track:1032, 726, 584, 444, 180
track:1033, 722, 585, 444, 180
track:1034, 719, 586, 444, 180
track:1035, 717, 588, 444, 180
track:1036, 714, 589, 444, 180
track:1037, 713, 592, 444, 180
track:1038, 710, 595, 444, 180
track:1039, 714, 598, 444, 180
track:1040, 712, 600, 444, 180
track:1041, 712, 601, 444, 180
track:1042, 716, 607, 422, 172
track:1043, 714, 607, 422, 172
track:1044, 717, 608, 422, 172
track:1045, 716, 610, 422, 172
track:1046, 723, 615, 402, 164
track:1047, 728, 616, 402, 164
track:1048, 724, 614, 422, 172
track:1049, 730, 612, 422, 172
track:1050, 733, 610, 422, 172
track:1051, 727, 604, 444, 180
track:1052, 732, 604, 444, 180
track:1053, 748, 606, 422, 172
track:1054, 758, 604, 422, 172
track:1055, 758, 605, 422, 172
track:1056, 763, 605, 422, 172
init :1057, 789, 610, 452, 145
track:1058, 789, 610, 452, 145
track:1059, 790, 611, 452, 145
track:1060, 791, 611, 452, 145
track:1061, 791, 611, 452, 145
track:1062, 790, 612, 452, 145
track:1063, 788, 613, 452, 145
track:1064, 784, 614, 452, 145
track:1065, 784, 614, 452, 145
track:1066, 777, 613, 452, 145
track:1067, 770, 613, 452, 145
track:1068, 752, 610, 475, 152
track:1069, 753, 613, 452, 145
track:1070, 750, 613, 452, 145
track:1071, 731, 609, 475, 152
track:1072, 718, 608, 475, 152
track:1073, 702, 609, 475, 152
track:1074, 702, 611, 452, 145
track:1075, 699, 611, 452, 145
track:1076, 691, 611, 452, 145
track:1077, 684, 611, 452, 145
track:1078, 666, 611, 452, 145
track:1079, 650, 609, 475, 152
track:1080, 657, 613, 452, 145
track:1081, 647, 612, 452, 145
track:1082, 644, 613, 452, 145
track:1083, 636, 613, 452, 145
track:1084, 636, 615, 452, 145
track:1085, 635, 615, 452, 145
track:1086, 637, 614, 452, 145
track:1087, 637, 613, 452, 145
track:1088, 633, 613, 452, 145
track:1089, 631, 614, 452, 145
track:1090, 631, 614, 452, 145
track:1091, 631, 617, 452, 145
track:1092, 632, 617, 452, 145
track:1093, 629, 615, 475, 152
track:1094, 632, 616, 475, 152
track:1095, 617, 615, 498, 160
track:1096, 601, 612, 523, 168
track:1097, 615, 616, 498, 160
track:1098, 616, 617, 498, 160
track:1099, 618, 615, 498, 160
track:1100, 619, 614, 498, 160
track:1101, 620, 615, 498, 160
track:1102, 616, 616, 498, 160
track:1103, 626, 620, 475, 152
track:1104, 620, 617, 498, 160
init :1105, 692, 628, 466, 163
track:1106, 691, 629, 466, 163
track:1107, 691, 628, 466, 163
track:1108, 688, 628, 466, 163
track:1109, 685, 630, 466, 163
track:1110, 685, 630, 466, 163
track:1111, 681, 631, 466, 163
track:1112, 679, 633, 466, 163
track:1113, 671, 634, 466, 163
track:1114, 671, 635, 466, 163
track:1115, 667, 636, 466, 163
track:1116, 675, 638, 444, 155
track:1117, 675, 641, 444, 155
track:1118, 670, 640, 444, 155
track:1119, 669, 639, 444, 155
track:1120, 667, 640, 444, 155
track:1121, 667, 640, 444, 155
track:1122, 672, 640, 444, 155
track:1123, 657, 637, 466, 163
track:1124, 655, 639, 466, 163
track:1125, 658, 642, 466, 163
track:1126, 658, 642, 466, 163
track:1127, 642, 646, 466, 163
track:1128, 650, 645, 466, 163
track:1129, 675, 646, 444, 155
track:1130, 669, 647, 444, 155
track:1131, 675, 642, 444, 155
track:1132, 686, 647, 423, 148
track:1133, 694, 646, 423, 148
track:1134, 767, 650, 423, 148
track:1135, 821, 654, 403, 141
track:1136, 821, 655, 403, 141
track:1137, 833, 672, 383, 134
track:1138, 819, 673, 403, 141
track:1139, 819, 677, 403, 141
track:1140, 830, 678, 403, 141
track:1141, 814, 677, 403, 141
track:1142, 803, 682, 403, 141
track:1143, 790, 683, 423, 148
track:1144, 773, 681, 444, 155
track:1145, 784, 687, 423, 148
track:1146, 790, 689, 403, 141
track:1147, 791, 693, 383, 134
track:1148, 776, 693, 403, 141
track:1149, 775, 692, 403, 141
track:1150, 765, 690, 423, 148
track:1151, 764, 686, 423, 148
track:1152, 751, 687, 423, 148
init :1153, 784, 636, 216, 176
track:1154, 784, 637, 216, 176
track:1155, 784, 638, 216, 176
track:1156, 785, 639, 216, 176
track:1157, 786, 640, 216, 176
track:1158, 788, 640, 216, 176
track:1159, 788, 639, 216, 176
track:1160, 788, 639, 216, 176
track:1161, 783, 634, 227, 185
track:1162, 791, 638, 216, 176
track:1163, 798, 642, 206, 168
track:1164, 802, 643, 206, 168
track:1165, 800, 643, 206, 168
track:1166, 797, 646, 206, 168
track:1167, 799, 647, 206, 168
track:1168, 792, 647, 206, 168
track:1169, 784, 648, 206, 168
track:1170, 786, 647, 206, 168
track:1171, 787, 646, 206, 168
track:1172, 785, 649, 196, 160
track:1173, 785, 650, 196, 160
track:1174, 787, 652, 187, 152
track:1175, 784, 653, 187, 152
track:1176, 784, 653, 187, 152
track:1177, 778, 653, 187, 152
track:1178, 776, 654, 187, 152
track:1179, 775, 649, 187, 152
track:1180, 774, 649, 187, 152
track:1181, 773, 644, 196, 160
track:1182, 773, 643, 196, 160
track:1183, 774, 638, 196, 160
track:1184, 776, 636, 196, 160
track:1185, 777, 636, 196, 160
track:1186, 775, 633, 196, 160
track:1187, 782, 631, 196, 160
track:1188, 784, 634, 187, 152
track:1189, 784, 632, 187, 152
track:1190, 781, 633, 187, 152
track:1191, 789, 635, 178, 145
track:1192, 796, 635, 169, 138
track:1193, 796, 633, 169, 138
track:1194, 799, 631, 161, 131
track:1195, 797, 630, 161, 131
track:1196, 794, 628, 161, 131
track:1197, 796, 630, 154, 125
track:1198, 795, 629, 154, 125
track:1199, 796, 628, 154, 125
track:1200, 797, 626, 154, 125
init :1201, 798, 630, 364, 109
track:1202, 798, 630, 364, 109
track:1203, 799, 630, 364, 109
track:1204, 813, 633, 347, 104
track:1205, 813, 633, 347, 104
track:1206, 818, 633, 347, 104
track:1207, 822, 634, 347, 104
track:1208, 826, 634, 347, 104
track:1209, 826, 634, 347, 104
track:1210, 833, 634, 347, 104
track:1211, 840, 635, 347, 104
track:1212, 834, 633, 364, 109
track:1213, 833, 633, 364, 109
track:1214, 836, 634, 364, 109
track:1215, 845, 638, 347, 104
track:1216, 846, 639, 347, 104
track:1217, 848, 639, 347, 104
track:1218, 857, 642, 330, 99
track:1219, 856, 641, 330, 99
track:1220, 852, 642, 330, 99
track:1221, 850, 643, 330, 99
track:1222, 852, 644, 330, 99
track:1223, 849, 645, 330, 99
track:1224, 851, 645, 330, 99
track:1225, 854, 646, 330, 99
track:1226, 861, 648, 314, 94
track:1227, 864, 648, 314, 94
track:1228, 865, 649, 314, 94
track:1229, 861, 650, 314, 94
track:1230, 867, 651, 299, 90
track:1231, 877, 654, 285, 85
track:1232, 877, 654, 285, 85
track:1233, 873, 655, 285, 85
track:1234, 873, 656, 285, 85
track:1235, 872, 658, 285, 85
track:1236, 878, 659, 272, 81
track:1237, 883, 660, 259, 77
track:1238, 889, 659, 246, 74
track:1239, 889, 659, 246, 74
track:1240, 897, 660, 235, 70
track:1241, 890, 659, 246, 74
track:1242, 889, 662, 246, 74
track:1243, 880, 662, 259, 77
track:1244, 887, 664, 246, 74
track:1245, 879, 664, 246, 74
track:1246, 879, 669, 246, 74
track:1247, 875, 673, 259, 77
track:1248, 882, 680, 246, 74
init :1249, 950, 669, 170, 93
track:1250, 947, 669, 170, 93
track:1251, 943, 667, 170, 93
track:1252, 936, 666, 170, 93
track:1253, 932, 665, 170, 93
track:1254, 934, 666, 162, 89
track:1255, 932, 667, 154, 84
track:1256, 924, 665, 154, 84
track:1257, 918, 663, 154, 84
track:1258, 919, 664, 147, 80
track:1259, 923, 665, 140, 77
track:1260, 911, 660, 147, 80
track:1261, 910, 658, 147, 80
track:1262, 901, 659, 147, 80
track:1263, 894, 657, 147, 80
track:1264, 898, 660, 140, 77
track:1265, 897, 660, 147, 80
track:1266, 897, 660, 147, 80
track:1267, 896, 656, 147, 80
track:1268, 897, 656, 147, 80
track:1269, 894, 656, 147, 80
track:1270, 896, 655, 147, 80
track:1271, 895, 654, 147, 80
track:1272, 892, 652, 147, 80
track:1273, 890, 651, 147, 80
track:1274, 887, 649, 147, 80
track:1275, 884, 648, 147, 80
track:1276, 880, 649, 147, 80
track:1277, 870, 653, 147, 80
track:1278, 867, 651, 147, 80
track:1279, 869, 654, 140, 77
track:1280, 862, 655, 140, 77
track:1281, 853, 656, 140, 77
track:1282, 848, 654, 140, 77
track:1283, 845, 655, 140, 77
track:1284, 841, 653, 147, 80
track:1285, 831, 655, 147, 80
track:1286, 827, 654, 147, 80
track:1287, 819, 650, 154, 84
track:1288, 817, 650, 154, 84
track:1289, 821, 653, 147, 80
track:1290, 822, 652, 147, 80
track:1291, 817, 649, 154, 84
track:1292, 817, 649, 154, 84
track:1293, 813, 648, 154, 84
track:1294, 813, 649, 154, 84
track:1295, 816, 652, 147, 80
track:1296, 815, 651, 147, 80
init :1297, 867, 656, 147, 70
track:1298, 868, 656, 147, 70
track:1299, 867, 657, 147, 70
track:1300, 867, 658, 147, 70
track:1301, 861, 657, 154, 74
track:1302, 865, 659, 147, 70
track:1303, 860, 657, 154, 74
track:1304, 857, 655, 162, 77
track:1305, 857, 656, 162, 77
track:1306, 859, 657, 162, 77
track:1307, 860, 657, 162, 77
track:1308, 863, 660, 154, 74
track:1309, 863, 660, 154, 74
track:1310, 863, 660, 154, 74
track:1311, 865, 660, 154, 74
track:1312, 868, 662, 147, 70
track:1313, 864, 661, 154, 74
track:1314, 864, 662, 154, 74
track:1315, 868, 664, 147, 70
track:1316, 867, 664, 147, 70
track:1317, 860, 663, 154, 74
track:1318, 859, 664, 154, 74
track:1319, 860, 663, 154, 74
track:1320, 862, 665, 147, 70
track:1321, 860, 665, 147, 70
track:1322, 862, 665, 147, 70
track:1323, 866, 667, 140, 67
track:1324, 866, 668, 140, 67
track:1325, 867, 668, 140, 67
track:1326, 869, 670, 140, 67
track:1327, 871, 670, 140, 67
track:1328, 872, 670, 140, 67
track:1329, 872, 671, 140, 67
track:1330, 872, 671, 140, 67
track:1331, 871, 672, 140, 67
track:1332, 868, 671, 140, 67
track:1333, 862, 672, 140, 67
track:1334, 863, 672, 140, 67
track:1335, 856, 671, 147, 70
track:1336, 849, 671, 147, 70
track:1337, 846, 671, 147, 70
track:1338, 846, 672, 147, 70
track:1339, 842, 670, 154, 74
track:1340, 842, 670, 154, 74
track:1341, 838, 671, 154, 74
track:1342, 839, 671, 154, 74
track:1343, 841, 671, 147, 70
track:1344, 841, 672, 147, 70
init :1345, 849, 680, 170, 49
track:1346, 849, 680, 170, 49
track:1347, 849, 680, 170, 49
track:1348, 848, 681, 170, 49
track:1349, 849, 681, 170, 49
track:1350, 848, 681, 170, 49
track:1351, 847, 682, 170, 49
track:1352, 845, 682, 170, 49
track:1353, 844, 682, 170, 49
track:1354, 843, 682, 170, 49
track:1355, 844, 683, 170, 49
track:1356, 844, 683, 170, 49
track:1357, 845, 684, 170, 49
track:1358, 846, 684, 170, 49
track:1359, 846, 683, 170, 49
track:1360, 846, 684, 170, 49
track:1361, 845, 684, 170, 49
track:1362, 842, 684, 178, 51
track:1363, 843, 686, 178, 51
track:1364, 842, 686, 178, 51
track:1365, 842, 686, 178, 51
track:1366, 846, 687, 170, 49
track:1367, 846, 686, 170, 49
track:1368, 842, 686, 178, 51
track:1369, 840, 687, 178, 51
track:1370, 839, 687, 178, 51
track:1371, 842, 689, 170, 49
track:1372, 841, 690, 170, 49
track:1373, 835, 690, 178, 51
track:1374, 834, 690, 178, 51
track:1375, 830, 690, 178, 51
track:1376, 824, 689, 187, 54
track:1377, 828, 691, 178, 51
track:1378, 826, 692, 178, 51
track:1379, 828, 694, 170, 49
track:1380, 821, 694, 170, 49
track:1381, 816, 694, 178, 51
track:1382, 813, 695, 178, 51
track:1383, 807, 694, 187, 54
track:1384, 806, 696, 187, 54
track:1385, 805, 696, 187, 54
track:1386, 805, 697, 187, 54
track:1387, 807, 698, 187, 54
track:1388, 807, 699, 187, 54
track:1389, 813, 701, 178, 51
track:1390, 816, 702, 178, 51
track:1391, 818, 702, 178, 51
track:1392, 824, 704, 178, 51
init :1393, 835, 708, 198, 59
track:1394, 835, 708, 198, 59
track:1395, 841, 710, 189, 56
track:1396, 842, 710, 189, 56
track:1397, 844, 711, 189, 56
track:1398, 845, 712, 189, 56
track:1399, 843, 712, 189, 56
track:1400, 838, 713, 189, 56
track:1401, 834, 714, 189, 56
track:1402, 825, 713, 198, 59
track:1403, 821, 713, 198, 59
track:1404, 820, 713, 198, 59
track:1405, 817, 713, 198, 59
track:1406, 810, 712, 208, 62
track:1407, 804, 712, 208, 62
track:1408, 801, 713, 208, 62
track:1409, 801, 714, 208, 62
track:1410, 800, 714, 208, 62
track:1411, 800, 715, 208, 62
track:1412, 796, 714, 218, 65
track:1413, 802, 716, 208, 62
track:1414, 803, 716, 208, 62
track:1415, 799, 715, 218, 65
track:1416, 800, 716, 218, 65
track:1417, 801, 717, 218, 65
track:1418, 798, 718, 218, 65
track:1419, 796, 718, 218, 65
track:1420, 796, 718, 218, 65
track:1421, 795, 720, 218, 65
track:1422, 794, 720, 218, 65
track:1423, 794, 720, 218, 65
track:1424, 793, 721, 218, 65
track:1425, 794, 721, 218, 65
track:1426, 793, 722, 218, 65
track:1427, 794, 722, 218, 65
track:1428, 792, 721, 218, 65
track:1429, 791, 722, 218, 65
track:1430, 791, 722, 218, 65
track:1431, 790, 722, 218, 65
track:1432, 788, 723, 218, 65
track:1433, 787, 724, 218, 65
track:1434, 786, 724, 218, 65
track:1435, 783, 725, 218, 65
track:1436, 781, 724, 218, 65
track:1437, 783, 727, 208, 62
track:1438, 786, 728, 198, 59
track:1439, 785, 728, 198, 59
track:1440, 785, 729, 198, 59
init :1441, 784, 724, 244, 109
track:1442, 780, 724, 244, 109
track:1443, 778, 724, 244, 109
track:1444, 777, 724, 244, 109
track:1445, 772, 724, 244, 109
track:1446, 765, 725, 244, 109
track:1447, 762, 724, 244, 109
track:1448, 760, 724, 244, 109
track:1449, 759, 724, 244, 109
track:1450, 760, 722, 244, 109
track:1451, 762, 721, 244, 109
track:1452, 768, 723, 232, 104
track:1453, 769, 719, 244, 109
track:1454, 768, 721, 244, 109
track:1455, 774, 721, 244, 109
track:1456, 780, 721, 244, 109
track:1457, 790, 723, 244, 109
track:1458, 790, 723, 244, 109
track:1459, 791, 723, 244, 109
track:1460, 799, 725, 244, 109
track:1461, 809, 730, 232, 104
track:1462, 821, 735, 221, 99
track:1463, 821, 733, 221, 99
track:1464, 830, 738, 211, 94
track:1465, 839, 736, 211, 94
track:1466, 848, 743, 201, 90
track:1467, 844, 742, 211, 94
track:1468, 844, 743, 211, 94
track:1469, 844, 745, 211, 94
track:1470, 842, 746, 211, 94
track:1471, 840, 745, 211, 94
track:1472, 834, 742, 221, 99
track:1473, 831, 740, 221, 99
track:1474, 826, 733, 221, 99
track:1475, 820, 731, 232, 104
track:1476, 819, 732, 232, 104
track:1477, 828, 735, 221, 99
track:1478, 820, 732, 232, 104
track:1479, 819, 733, 232, 104
track:1480, 822, 734, 232, 104
track:1481, 822, 733, 232, 104
track:1482, 825, 737, 232, 104
track:1483, 822, 734, 232, 104
track:1484, 828, 732, 232, 104
track:1485, 830, 731, 221, 99
track:1486, 832, 727, 221, 99
track:1487, 840, 729, 221, 99
track:1488, 840, 728, 221, 99
init :1489, 867, 651, 244, 168
track:1490, 867, 650, 244, 168
track:1491, 871, 648, 244, 168
track:1492, 871, 646, 244, 168
track:1493, 872, 646, 244, 168
track:1494, 873, 643, 244, 168
track:1495, 869, 639, 244, 168
track:1496, 866, 636, 244, 168
track:1497, 863, 630, 244, 168
track:1498, 865, 634, 232, 160
track:1499, 864, 633, 232, 160
track:1500, 853, 627, 232, 160
track:1501, 845, 622, 244, 168
track:1502, 837, 614, 256, 176
track:1503, 843, 618, 244, 168
track:1504, 843, 615, 244, 168
track:1505, 834, 609, 256, 176
track:1506, 841, 605, 256, 176
track:1507, 838, 605, 256, 176
track:1508, 843, 602, 256, 176
track:1509, 834, 597, 269, 185
track:1510, 840, 596, 269, 185
track:1511, 838, 590, 269, 185
track:1512, 839, 596, 256, 176
track:1513, 841, 591, 256, 176
track:1514, 813, 586, 269, 185
track:1515, 799, 592, 256, 176
track:1516, 783, 596, 256, 176
track:1517, 766, 599, 244, 168
track:1518, 768, 601, 232, 160
track:1519, 749, 602, 232, 160
track:1520, 741, 603, 232, 160
track:1521, 719, 601, 232, 160
track:1522, 701, 605, 232, 160
track:1523, 690, 604, 244, 168
track:1524, 682, 605, 232, 160
track:1525, 685, 602, 244, 168
track:1526, 689, 607, 244, 168
track:1527, 703, 601, 244, 168
track:1528, 700, 603, 244, 168
track:1529, 726, 600, 244, 168
track:1530, 746, 604, 244, 168
track:1531, 772, 600, 244, 168
track:1532, 796, 599, 244, 168
track:1533, 797, 601, 244, 168
track:1534, 815, 595, 256, 176
track:1535, 841, 600, 256, 176
track:1536, 866, 605, 244, 168
init :1537, 876, 638, 240, 77
track:1538, 876, 638, 240, 77
track:1539, 892, 637, 240, 77
track:1540, 901, 641, 229, 73
track:1541, 904, 642, 229, 73
track:1542, 907, 642, 229, 73
track:1543, 912, 644, 218, 70
track:1544, 911, 644, 218, 70
track:1545, 903, 644, 229, 73
track:1546, 898, 645, 229, 73
track:1547, 895, 648, 218, 70
track:1548, 893, 649, 218, 70
track:1549, 880, 649, 229, 73
track:1550, 872, 651, 229, 73
track:1551, 871, 653, 218, 70
track:1552, 866, 654, 218, 70
track:1553, 869, 658, 207, 67
track:1554, 872, 660, 197, 63
track:1555, 869, 661, 197, 63
track:1556, 869, 661, 197, 63
track:1557, 871, 663, 197, 63
track:1558, 875, 665, 188, 60
track:1559, 877, 665, 188, 60
track:1560, 883, 666, 179, 57
track:1561, 886, 667, 179, 57
track:1562, 894, 669, 171, 55
track:1563, 895, 669, 171, 55
track:1564, 896, 669, 171, 55
track:1565, 899, 670, 171, 55
track:1566, 901, 671, 162, 52
track:1567, 900, 672, 162, 52
track:1568, 904, 673, 155, 50
track:1569, 906, 674, 147, 47
track:1570, 906, 675, 147, 47
track:1571, 906, 675, 140, 45
track:1572, 904, 676, 140, 45
track:1573, 903, 675, 140, 45
track:1574, 902, 676, 140, 45
track:1575, 901, 677, 140, 45
track:1576, 893, 678, 134, 43
track:1577, 897, 679, 127, 41
track:1578, 900, 680, 121, 39
track:1579, 900, 681, 121, 39
track:1580, 891, 682, 121, 39
track:1581, 893, 683, 115, 37
track:1582, 893, 684, 110, 35
track:1583, 891, 684, 110, 35
track:1584, 893, 685, 105, 34
init :1585, 900, 677, 138, 72
track:1586, 900, 677, 138, 72
track:1587, 902, 679, 131, 69
track:1588, 902, 678, 131, 69
track:1589, 899, 677, 138, 72
track:1590, 899, 678, 138, 72
track:1591, 902, 679, 131, 69
track:1592, 901, 680, 131, 69
track:1593, 900, 679, 131, 69
track:1594, 900, 680, 131, 69
track:1595, 897, 680, 131, 69
track:1596, 894, 681, 131, 69
track:1599, 893, 682, 131, 69
track:1600, 890, 681, 131, 69
track:1601, 893, 683, 125, 65
track:1602, 892, 684, 125, 65
track:1603, 892, 684, 125, 65
track:1604, 892, 685, 119, 62
track:1605, 890, 687, 114, 59
track:1606, 884, 686, 119, 62
track:1607, 881, 686, 119, 62
track:1608, 881, 686, 119, 62
elapseTime: 16.536
