init :7, 821, 630, 235, 197
track:8, 821, 630, 235, 197
track:9, 822, 630, 235, 197
track:10, 821, 631, 235, 197
track:11, 823, 630, 235, 197
track:12, 823, 630, 235, 197
track:13, 824, 630, 235, 197
track:14, 824, 630, 235, 197
track:15, 824, 630, 235, 197
track:16, 825, 630, 235, 197
track:17, 826, 630, 235, 197
track:18, 825, 630, 235, 197
track:19, 825, 629, 235, 197
track:20, 821, 626, 247, 207
track:21, 820, 626, 247, 207
track:22, 827, 631, 235, 197
track:23, 828, 631, 235, 197
track:24, 827, 631, 235, 197
track:25, 828, 630, 235, 197
track:26, 829, 631, 235, 197
track:27, 829, 631, 235, 197
track:28, 829, 631, 235, 197
track:29, 829, 630, 235, 197
track:30, 829, 630, 235, 197
track:31, 830, 629, 235, 197
track:32, 831, 631, 235, 197
track:33, 829, 630, 235, 197
track:34, 830, 631, 235, 197
track:35, 830, 630, 235, 197
track:36, 830, 631, 235, 197
track:37, 829, 630, 235, 197
track:38, 831, 630, 235, 197
track:39, 830, 630, 235, 197
track:40, 830, 630, 235, 197
track:41, 831, 629, 235, 197
track:42, 830, 631, 235, 197
track:43, 831, 630, 235, 197
track:44, 830, 631, 235, 197
track:45, 832, 630, 235, 197
track:46, 830, 631, 235, 197
track:48, 832, 630, 235, 197
track:49, 830, 630, 235, 197
track:50, 831, 629, 235, 197
track:51, 832, 629, 235, 197
track:52, 831, 628, 235, 197
track:53, 832, 629, 235, 197
track:54, 831, 629, 235, 197
track:55, 832, 629, 235, 197
track:56, 831, 629, 235, 197
track:57, 831, 628, 235, 197
track:58, 831, 629, 235, 197
track:59, 830, 628, 235, 197
track:60, 832, 628, 235, 197
track:61, 831, 630, 235, 197
track:62, 830, 629, 235, 197
track:63, 829, 629, 235, 197
track:64, 830, 629, 235, 197
track:65, 829, 629, 235, 197
track:66, 828, 629, 235, 197
track:67, 829, 628, 235, 197
track:68, 829, 629, 235, 197
track:69, 828, 629, 235, 197
track:70, 829, 628, 235, 197
track:71, 829, 629, 235, 197
track:72, 828, 629, 235, 197
track:73, 828, 629, 235, 197
track:74, 828, 628, 235, 197
track:75, 828, 629, 235, 197
track:76, 828, 629, 235, 197
track:77, 827, 629, 235, 197
track:78, 828, 628, 235, 197
track:79, 828, 629, 235, 197
track:80, 828, 629, 235, 197
track:81, 828, 628, 235, 197
track:82, 827, 629, 235, 197
track:83, 828, 630, 235, 197
track:84, 827, 629, 235, 197
track:85, 828, 629, 235, 197
init :86, 821, 633, 240, 197
track:87, 821, 633, 240, 197
track:88, 821, 633, 240, 197
track:89, 822, 633, 240, 197
track:90, 822, 632, 240, 197
track:91, 822, 633, 240, 197
track:92, 822, 633, 240, 197
track:93, 821, 633, 240, 197
track:94, 821, 633, 240, 197
track:95, 822, 634, 240, 197
track:96, 823, 633, 240, 197
track:97, 822, 632, 240, 197
track:98, 823, 633, 240, 197
track:99, 824, 632, 240, 197
track:100, 824, 631, 240, 197
track:101, 826, 631, 240, 197
track:102, 827, 630, 240, 197
track:103, 827, 629, 240, 197
track:104, 827, 629, 240, 197
track:105, 827, 628, 240, 197
track:106, 828, 628, 240, 197
track:107, 829, 628, 240, 197
track:108, 830, 625, 240, 197
track:109, 830, 624, 240, 197
track:110, 830, 623, 240, 197
track:111, 836, 625, 229, 188
track:112, 835, 623, 229, 188
track:113, 836, 622, 229, 188
track:114, 836, 621, 229, 188
track:115, 836, 620, 229, 188
track:116, 837, 618, 229, 188
track:117, 838, 617, 229, 188
track:120, 840, 613, 229, 188
track:121, 842, 610, 229, 188
track:122, 843, 609, 229, 188
track:123, 841, 607, 229, 188
track:124, 844, 607, 229, 188
track:125, 842, 604, 229, 188
track:126, 838, 602, 229, 188
track:127, 836, 600, 229, 188
track:128, 838, 600, 229, 188
track:129, 838, 598, 229, 188
track:130, 835, 600, 229, 188
track:131, 837, 603, 229, 188
track:132, 845, 609, 218, 179
track:133, 846, 611, 218, 179
track:134, 846, 611, 218, 179
track:135, 845, 613, 218, 179
track:136, 847, 614, 218, 179
track:137, 848, 615, 218, 179
track:138, 849, 615, 218, 179
track:139, 849, 615, 218, 179
track:140, 849, 614, 218, 179
track:141, 853, 618, 207, 170
track:142, 852, 619, 207, 170
track:143, 851, 620, 207, 170
track:144, 851, 620, 207, 170
track:145, 848, 623, 207, 170
track:146, 847, 624, 207, 170
track:147, 847, 624, 207, 170
track:148, 849, 626, 207, 170
track:149, 849, 628, 207, 170
track:150, 849, 630, 207, 170
track:151, 849, 633, 207, 170
track:152, 850, 636, 207, 170
track:153, 850, 638, 207, 170
track:154, 850, 640, 207, 170
track:155, 850, 641, 207, 170
track:156, 850, 641, 207, 170
track:157, 852, 642, 207, 170
track:158, 854, 642, 207, 170
track:159, 853, 644, 207, 170
track:160, 851, 644, 207, 170
track:161, 852, 644, 207, 170
track:162, 849, 644, 207, 170
track:163, 847, 644, 207, 170
track:164, 847, 645, 207, 170
track:165, 847, 645, 207, 170
track:166, 847, 645, 207, 170
track:167, 847, 645, 207, 170
track:168, 846, 644, 207, 170
track:169, 846, 644, 207, 170
track:170, 847, 644, 207, 170
init :171, 867, 659, 161, 147
track:172, 867, 658, 161, 147
track:173, 867, 659, 161, 147
track:174, 867, 658, 161, 147
track:175, 864, 659, 161, 147
track:176, 863, 660, 161, 147
track:177, 863, 659, 161, 147
track:178, 865, 660, 161, 147
track:179, 865, 660, 161, 147
track:180, 867, 662, 161, 147
track:181, 867, 664, 161, 147
track:182, 868, 665, 161, 147
track:183, 870, 669, 161, 147
track:184, 870, 669, 161, 147
track:185, 871, 670, 161, 147
track:186, 870, 670, 161, 147
track:187, 867, 663, 161, 147
track:188, 862, 660, 161, 147
track:189, 861, 659, 161, 147
track:190, 859, 659, 161, 147
track:191, 858, 656, 161, 147
track:192, 857, 651, 161, 147
track:193, 856, 650, 161, 147
track:194, 857, 649, 161, 147
track:195, 859, 649, 161, 147
track:196, 861, 646, 161, 147
track:197, 859, 646, 161, 147
track:198, 858, 645, 161, 147
track:199, 857, 646, 161, 147
track:200, 855, 648, 161, 147
track:201, 854, 647, 161, 147
track:202, 851, 646, 161, 147
track:203, 852, 642, 161, 147
track:204, 853, 642, 161, 147
track:205, 853, 639, 161, 147
track:206, 854, 639, 161, 147
track:207, 851, 637, 161, 147
track:208, 851, 637, 161, 147
track:209, 849, 634, 161, 147
track:210, 846, 632, 161, 147
track:211, 846, 629, 161, 147
track:212, 847, 627, 161, 147
track:213, 846, 625, 161, 147
track:214, 851, 627, 153, 140
track:215, 850, 626, 153, 140
track:216, 850, 625, 153, 140
track:217, 849, 626, 153, 140
track:218, 850, 627, 153, 140
track:219, 852, 631, 146, 133
track:220, 852, 635, 146, 133
track:221, 852, 637, 146, 133
track:222, 852, 639, 146, 133
track:223, 851, 639, 146, 133
track:224, 851, 642, 146, 133
track:225, 855, 646, 139, 127
track:226, 855, 646, 139, 127
track:227, 856, 647, 139, 127
track:228, 855, 647, 139, 127
track:229, 856, 647, 139, 127
track:230, 856, 647, 139, 127
track:231, 859, 649, 132, 121
track:232, 858, 644, 132, 121
track:233, 857, 645, 132, 121
track:234, 857, 644, 132, 121
track:235, 856, 643, 132, 121
track:236, 860, 645, 126, 115
track:237, 862, 646, 126, 115
track:238, 862, 646, 126, 115
track:239, 862, 648, 126, 115
track:240, 863, 650, 126, 115
track:241, 864, 651, 126, 115
track:242, 865, 650, 126, 115
track:243, 864, 651, 126, 115
track:244, 864, 650, 126, 115
track:245, 864, 652, 126, 115
track:246, 864, 652, 126, 115
track:247, 867, 654, 120, 110
track:248, 867, 654, 120, 110
track:249, 867, 655, 120, 110
track:250, 868, 656, 120, 110
track:251, 868, 658, 120, 110
track:252, 871, 663, 114, 104
track:253, 871, 663, 114, 104
track:254, 872, 665, 114, 104
track:255, 873, 669, 114, 104
init :256, 867, 667, 115, 101
track:257, 867, 671, 115, 101
track:258, 868, 671, 115, 101
track:259, 869, 672, 115, 101
track:260, 869, 674, 115, 101
track:261, 869, 675, 115, 101
track:262, 869, 675, 115, 101
track:263, 868, 675, 115, 101
track:264, 868, 678, 115, 101
track:265, 868, 679, 115, 101
track:266, 868, 680, 115, 101
track:267, 869, 683, 115, 101
track:268, 869, 683, 115, 101
track:269, 869, 684, 115, 101
track:270, 869, 685, 115, 101
track:271, 870, 690, 115, 101
track:272, 868, 690, 121, 106
track:273, 868, 691, 121, 106
track:274, 868, 693, 121, 106
track:275, 869, 694, 121, 106
track:276, 869, 697, 121, 106
track:277, 868, 697, 127, 111
track:278, 868, 698, 127, 111
track:279, 868, 698, 127, 111
track:280, 870, 697, 127, 111
track:281, 870, 696, 127, 111
track:282, 869, 696, 133, 117
track:283, 869, 695, 133, 117
track:284, 868, 695, 140, 123
track:285, 870, 697, 140, 123
track:286, 868, 693, 147, 129
track:287, 865, 687, 154, 135
track:288, 865, 686, 154, 135
track:289, 866, 683, 154, 135
track:290, 866, 679, 154, 135
track:291, 862, 670, 162, 142
track:292, 863, 664, 162, 142
track:293, 859, 660, 170, 149
track:294, 861, 658, 170, 149
track:295, 862, 656, 170, 149
track:296, 863, 656, 170, 149
track:297, 858, 653, 178, 157
track:298, 854, 650, 187, 165
track:299, 853, 650, 187, 165
track:300, 846, 649, 197, 173
track:301, 840, 646, 207, 181
track:302, 834, 647, 217, 190
track:303, 828, 643, 228, 200
track:304, 825, 647, 228, 200
track:305, 824, 648, 228, 200
track:306, 818, 642, 239, 210
track:307, 817, 641, 239, 210
track:308, 817, 641, 239, 210
track:309, 816, 639, 239, 210
track:310, 815, 631, 239, 210
track:311, 814, 615, 239, 210
track:312, 815, 608, 239, 210
track:313, 816, 606, 239, 210
track:314, 817, 600, 239, 210
track:315, 817, 593, 239, 210
track:316, 821, 586, 228, 200
track:317, 824, 581, 228, 200
track:318, 825, 579, 228, 200
track:319, 826, 578, 228, 200
track:320, 832, 568, 228, 200
track:321, 840, 567, 217, 190
track:322, 845, 570, 207, 181
track:323, 846, 569, 207, 181
track:324, 846, 574, 207, 181
track:325, 846, 571, 207, 181
track:326, 845, 561, 207, 181
track:327, 847, 564, 197, 173
track:328, 846, 565, 197, 173
track:329, 849, 581, 187, 165
track:330, 846, 586, 187, 165
track:331, 846, 587, 187, 165
track:332, 843, 590, 187, 165
track:333, 843, 591, 187, 165
track:334, 843, 593, 187, 165
track:335, 842, 595, 187, 165
track:336, 842, 597, 187, 165
track:337, 842, 598, 187, 165
track:338, 843, 598, 187, 165
track:339, 843, 595, 187, 165
track:340, 845, 593, 187, 165
init :341, 853, 599, 180, 158
track:342, 853, 598, 180, 158
track:343, 854, 598, 180, 158
track:344, 854, 598, 180, 158
track:345, 855, 595, 180, 158
track:346, 859, 600, 171, 150
track:347, 863, 604, 163, 143
track:348, 864, 604, 163, 143
track:349, 864, 607, 163, 143
track:350, 863, 611, 163, 143
track:351, 865, 615, 163, 143
track:352, 865, 619, 163, 143
track:353, 865, 619, 163, 143
track:354, 865, 621, 163, 143
track:355, 864, 621, 163, 143
track:356, 864, 621, 163, 143
track:357, 864, 622, 163, 143
track:358, 863, 622, 163, 143
track:359, 867, 626, 155, 136
track:360, 865, 626, 155, 136
track:361, 863, 626, 155, 136
track:362, 863, 626, 155, 136
track:363, 863, 627, 155, 136
track:364, 867, 630, 148, 130
track:365, 870, 633, 141, 124
track:366, 868, 633, 141, 124
track:367, 868, 634, 141, 124
track:368, 867, 634, 141, 124
track:369, 867, 635, 141, 124
track:370, 867, 640, 141, 124
track:371, 866, 646, 141, 124
track:372, 866, 649, 141, 124
track:373, 867, 649, 141, 124
track:374, 865, 650, 141, 124
track:375, 864, 650, 141, 124
track:376, 861, 651, 141, 124
track:377, 860, 653, 141, 124
track:378, 859, 653, 141, 124
track:379, 860, 654, 141, 124
track:380, 859, 654, 141, 124
track:381, 863, 656, 134, 118
track:382, 859, 655, 134, 118
track:383, 859, 655, 134, 118
track:384, 857, 654, 134, 118
track:385, 857, 653, 134, 118
track:386, 857, 653, 134, 118
track:387, 860, 656, 128, 112
track:388, 861, 656, 128, 112
track:389, 859, 655, 128, 112
track:390, 861, 658, 122, 107
track:391, 862, 660, 122, 107
track:392, 865, 665, 116, 102
track:393, 864, 665, 116, 102
track:394, 865, 666, 116, 102
track:395, 865, 672, 116, 102
track:396, 867, 675, 116, 102
track:397, 868, 680, 116, 102
track:398, 869, 680, 116, 102
track:399, 870, 684, 116, 102
track:400, 871, 689, 116, 102
track:401, 872, 693, 116, 102
track:402, 873, 699, 116, 102
track:403, 874, 698, 116, 102
track:404, 874, 700, 116, 102
track:405, 874, 700, 116, 102
track:406, 875, 700, 116, 102
track:407, 876, 700, 116, 102
track:408, 876, 700, 116, 102
track:409, 876, 699, 116, 102
track:410, 879, 699, 111, 97
track:411, 879, 697, 111, 97
track:412, 881, 695, 111, 97
track:413, 880, 695, 111, 97
track:414, 880, 693, 111, 97
track:415, 881, 695, 111, 97
track:416, 881, 696, 111, 97
track:417, 881, 697, 111, 97
track:418, 881, 697, 111, 97
track:419, 881, 697, 111, 97
track:420, 879, 698, 111, 97
track:421, 879, 698, 111, 97
track:422, 878, 697, 111, 97
track:423, 878, 696, 111, 97
track:424, 875, 691, 116, 102
track:425, 874, 689, 116, 102
init :426, 872, 693, 106, 77
track:427, 871, 692, 106, 77
track:428, 871, 692, 106, 77
track:429, 870, 692, 106, 77
track:430, 870, 693, 106, 77
track:431, 870, 693, 106, 77
track:432, 870, 692, 106, 77
track:433, 869, 693, 106, 77
track:434, 868, 692, 106, 77
track:435, 867, 692, 106, 77
track:436, 867, 694, 106, 77
track:437, 867, 695, 106, 77
track:438, 867, 696, 106, 77
track:439, 868, 697, 106, 77
track:440, 868, 697, 106, 77
track:441, 866, 695, 111, 81
track:442, 867, 695, 111, 81
track:443, 867, 696, 111, 81
track:444, 866, 696, 111, 81
track:445, 866, 696, 111, 81
track:446, 866, 698, 111, 81
track:447, 866, 697, 111, 81
track:448, 866, 697, 111, 81
track:449, 867, 695, 111, 81
track:450, 867, 695, 111, 81
track:451, 867, 696, 111, 81
track:452, 868, 698, 111, 81
track:453, 868, 698, 111, 81
track:454, 870, 699, 111, 81
track:455, 870, 699, 111, 81
track:456, 871, 700, 111, 81
track:457, 868, 697, 117, 85
track:458, 868, 696, 117, 85
track:459, 868, 696, 117, 85
track:460, 868, 694, 117, 85
track:461, 868, 694, 117, 85
track:462, 868, 694, 117, 85
track:463, 869, 694, 117, 85
track:464, 867, 691, 117, 85
track:465, 867, 689, 117, 85
track:466, 867, 689, 117, 85
track:467, 867, 689, 117, 85
track:468, 866, 690, 117, 85
track:469, 867, 691, 117, 85
track:470, 865, 690, 123, 89
track:471, 867, 692, 123, 89
track:472, 867, 692, 123, 89
track:473, 864, 691, 129, 94
track:474, 864, 694, 129, 94
track:475, 864, 692, 135, 98
track:476, 864, 691, 135, 98
track:477, 865, 691, 135, 98
track:478, 867, 691, 135, 98
track:479, 865, 687, 142, 103
track:480, 863, 673, 149, 108
track:481, 864, 671, 149, 108
track:482, 865, 671, 149, 108
track:483, 867, 663, 149, 108
track:484, 868, 662, 149, 108
track:485, 871, 662, 149, 108
track:486, 867, 663, 157, 114
track:487, 867, 664, 157, 114
track:488, 866, 667, 157, 114
track:490, 863, 670, 157, 114
track:491, 861, 671, 157, 114
track:492, 860, 672, 157, 114
track:493, 855, 670, 164, 119
track:494, 853, 671, 164, 119
track:495, 849, 662, 164, 119
track:496, 848, 658, 164, 119
track:497, 846, 657, 164, 119
track:498, 846, 655, 164, 119
track:499, 845, 651, 164, 119
track:500, 844, 647, 164, 119
track:501, 843, 643, 164, 119
track:502, 843, 642, 164, 119
track:503, 844, 640, 164, 119
track:504, 844, 639, 164, 119
track:505, 842, 638, 164, 119
track:506, 842, 637, 164, 119
track:507, 842, 637, 164, 119
track:508, 841, 636, 164, 119
track:509, 841, 632, 164, 119
track:510, 841, 629, 164, 119
init :511, 853, 623, 156, 137
track:512, 853, 623, 156, 137
track:513, 853, 623, 156, 137
track:514, 853, 624, 156, 137
track:515, 856, 628, 149, 130
track:516, 857, 628, 149, 130
track:517, 857, 628, 149, 130
track:518, 856, 625, 149, 130
track:519, 856, 624, 149, 130
track:520, 857, 624, 149, 130
track:521, 858, 623, 149, 130
track:522, 857, 623, 149, 130
track:523, 857, 624, 149, 130
track:524, 857, 626, 149, 130
track:525, 859, 628, 149, 130
track:526, 859, 629, 149, 130
track:527, 859, 629, 149, 130
track:528, 862, 632, 141, 124
track:529, 867, 633, 135, 118
track:530, 869, 631, 135, 118
track:531, 869, 630, 135, 118
track:532, 868, 630, 135, 118
track:533, 870, 631, 135, 118
track:534, 873, 634, 128, 113
track:535, 872, 634, 128, 113
track:536, 873, 637, 128, 113
track:537, 873, 637, 128, 113
track:538, 876, 641, 122, 107
track:539, 880, 645, 116, 102
track:540, 880, 645, 116, 102
track:543, 877, 645, 116, 102
track:544, 877, 646, 116, 102
track:546, 879, 655, 111, 97
track:547, 878, 655, 111, 97
track:548, 879, 658, 106, 93
track:549, 878, 660, 106, 93
track:550, 877, 662, 106, 93
track:551, 876, 663, 106, 93
track:552, 876, 664, 106, 93
track:553, 876, 663, 106, 93
track:554, 874, 662, 106, 93
track:555, 877, 665, 101, 88
track:556, 877, 666, 101, 88
track:557, 877, 666, 101, 88
track:558, 876, 670, 101, 88
track:559, 879, 674, 96, 84
track:560, 879, 677, 96, 84
track:561, 878, 682, 96, 84
track:562, 878, 682, 96, 84
track:563, 878, 684, 96, 84
track:564, 878, 686, 96, 84
track:565, 878, 687, 96, 84
track:566, 877, 689, 96, 84
track:567, 877, 689, 96, 84
track:568, 878, 692, 96, 84
track:569, 879, 693, 96, 84
track:570, 877, 696, 96, 84
track:571, 878, 698, 96, 84
track:572, 879, 699, 96, 84
track:573, 880, 702, 96, 84
track:574, 881, 704, 96, 84
track:575, 882, 703, 96, 84
track:576, 880, 701, 96, 84
track:577, 881, 700, 96, 84
track:578, 880, 698, 96, 84
track:579, 881, 696, 96, 84
track:580, 883, 696, 96, 84
track:581, 883, 696, 96, 84
track:582, 883, 696, 96, 84
track:583, 882, 699, 96, 84
track:584, 882, 700, 96, 84
track:585, 883, 700, 96, 84
track:586, 882, 700, 96, 84
track:587, 883, 701, 96, 84
track:588, 883, 701, 96, 84
track:589, 883, 701, 96, 84
track:590, 882, 700, 96, 84
track:591, 878, 700, 101, 88
track:592, 878, 700, 101, 88
track:593, 877, 699, 101, 88
track:594, 877, 697, 101, 88
track:595, 878, 689, 101, 88
init :596, 872, 677, 106, 88
track:597, 872, 677, 106, 88
track:598, 872, 675, 106, 88
track:599, 871, 667, 106, 88
track:600, 872, 665, 106, 88
track:601, 873, 664, 106, 88
track:602, 873, 664, 106, 88
track:603, 872, 663, 106, 88
track:604, 872, 657, 106, 88
track:605, 872, 655, 106, 88
track:606, 872, 654, 106, 88
track:607, 872, 654, 106, 88
track:608, 870, 652, 111, 92
track:609, 870, 651, 111, 92
track:610, 869, 652, 111, 92
track:611, 870, 656, 111, 92
track:612, 870, 656, 111, 92
track:613, 869, 659, 111, 92
track:614, 870, 661, 111, 92
track:615, 871, 663, 111, 92
track:616, 868, 664, 117, 97
track:617, 868, 664, 117, 97
track:618, 867, 663, 117, 97
track:619, 868, 662, 117, 97
track:620, 868, 662, 117, 97
track:621, 867, 658, 123, 102
track:622, 867, 658, 123, 102
track:623, 865, 658, 123, 102
track:624, 865, 656, 123, 102
track:625, 865, 656, 123, 102
track:626, 866, 657, 123, 102
track:627, 867, 657, 123, 102
track:628, 867, 658, 123, 102
track:629, 866, 658, 123, 102
track:630, 867, 656, 123, 102
track:631, 866, 655, 123, 102
track:632, 867, 655, 123, 102
track:633, 869, 658, 123, 102
track:634, 869, 661, 123, 102
track:635, 866, 661, 129, 107
track:636, 867, 662, 129, 107
track:637, 868, 663, 129, 107
track:638, 867, 661, 135, 112
track:639, 867, 662, 135, 112
track:640, 867, 661, 135, 112
track:641, 867, 659, 135, 112
track:642, 867, 659, 135, 112
track:643, 867, 657, 135, 112
track:644, 867, 656, 135, 112
track:645, 867, 646, 135, 112
track:646, 868, 644, 135, 112
track:647, 869, 645, 135, 112
track:648, 868, 644, 135, 112
track:649, 868, 645, 135, 112
track:650, 870, 645, 135, 112
track:651, 871, 645, 135, 112
track:652, 873, 645, 135, 112
track:653, 873, 645, 135, 112
track:654, 873, 645, 135, 112
track:655, 874, 650, 135, 112
track:656, 875, 651, 135, 112
track:657, 875, 652, 135, 112
track:658, 877, 655, 135, 112
track:659, 878, 654, 135, 112
track:660, 879, 654, 135, 112
track:661, 879, 653, 135, 112
track:662, 879, 653, 135, 112
track:663, 880, 653, 135, 112
track:664, 881, 652, 135, 112
track:665, 882, 649, 135, 112
track:666, 882, 648, 135, 112
track:667, 882, 648, 135, 112
track:668, 883, 645, 135, 112
track:669, 882, 645, 135, 112
track:670, 882, 644, 135, 112
track:671, 880, 644, 135, 112
track:672, 880, 645, 135, 112
track:673, 879, 645, 135, 112
track:674, 877, 644, 135, 112
track:675, 877, 643, 135, 112
track:676, 877, 643, 135, 112
track:677, 876, 643, 135, 112
track:678, 874, 645, 135, 112
track:679, 873, 655, 135, 112
track:680, 875, 662, 135, 112
init :681, 872, 669, 143, 119
track:682, 872, 669, 143, 119
track:683, 870, 668, 143, 119
track:684, 869, 668, 143, 119
track:685, 868, 669, 143, 119
track:686, 868, 672, 143, 119
track:687, 869, 672, 143, 119
track:688, 865, 670, 150, 125
track:689, 864, 668, 150, 125
track:690, 863, 666, 150, 125
track:691, 862, 664, 150, 125
track:692, 861, 663, 150, 125
track:693, 861, 663, 150, 125
track:694, 861, 662, 150, 125
track:695, 862, 661, 150, 125
track:696, 861, 660, 150, 125
track:697, 861, 659, 150, 125
track:698, 859, 658, 150, 125
track:699, 856, 659, 150, 125
track:700, 856, 660, 150, 125
track:701, 856, 661, 150, 125
track:702, 856, 661, 150, 125
track:703, 856, 664, 150, 125
track:704, 854, 670, 150, 125
track:705, 853, 675, 150, 125
track:706, 852, 676, 150, 125
track:707, 853, 676, 150, 125
track:708, 852, 677, 150, 125
track:709, 853, 678, 150, 125
track:710, 853, 676, 150, 125
track:711, 853, 676, 150, 125
track:712, 852, 672, 150, 125
track:713, 852, 671, 150, 125
track:714, 851, 671, 150, 125
track:715, 851, 673, 150, 125
track:716, 851, 674, 150, 125
track:717, 851, 675, 150, 125
track:718, 852, 675, 150, 125
track:719, 853, 675, 150, 125
track:720, 854, 677, 150, 125
track:721, 854, 676, 150, 125
track:722, 853, 676, 150, 125
track:723, 854, 675, 150, 125
track:724, 854, 672, 150, 125
track:725, 855, 669, 150, 125
track:726, 855, 667, 150, 125
track:727, 855, 666, 150, 125
track:728, 851, 661, 158, 131
track:729, 851, 655, 158, 131
track:730, 852, 653, 158, 131
track:731, 853, 653, 158, 131
track:732, 854, 653, 158, 131
track:733, 853, 651, 158, 131
track:734, 853, 646, 158, 131
track:735, 851, 638, 166, 138
track:736, 851, 638, 166, 138
track:737, 851, 637, 166, 138
track:738, 850, 635, 166, 138
track:739, 849, 636, 166, 138
track:740, 850, 638, 166, 138
track:741, 851, 638, 166, 138
track:742, 851, 639, 166, 138
track:743, 850, 640, 166, 138
track:744, 849, 639, 166, 138
track:745, 850, 637, 166, 138
track:746, 850, 637, 166, 138
track:747, 850, 635, 166, 138
track:748, 850, 628, 166, 138
track:749, 849, 621, 166, 138
track:750, 848, 621, 166, 138
track:751, 847, 621, 166, 138
track:752, 847, 623, 166, 138
track:753, 848, 623, 166, 138
track:754, 850, 624, 166, 138
track:755, 853, 623, 166, 138
track:756, 853, 623, 166, 138
track:757, 854, 622, 166, 138
track:758, 853, 620, 166, 138
track:759, 852, 622, 166, 138
track:760, 857, 629, 158, 131
track:761, 857, 630, 158, 131
track:762, 859, 630, 158, 131
track:763, 862, 630, 158, 131
track:764, 863, 629, 158, 131
track:765, 861, 630, 158, 131
init :766, 858, 633, 156, 124
track:767, 857, 634, 156, 124
track:768, 857, 636, 156, 124
track:769, 857, 638, 156, 124
track:770, 861, 646, 156, 124
track:771, 862, 646, 156, 124
track:772, 862, 647, 156, 124
track:773, 862, 646, 156, 124
track:774, 863, 646, 156, 124
track:775, 864, 646, 156, 124
track:776, 864, 646, 156, 124
track:777, 868, 648, 149, 118
track:778, 869, 648, 149, 118
track:779, 870, 647, 149, 118
track:780, 871, 647, 149, 118
track:781, 871, 647, 149, 118
track:782, 871, 647, 149, 118
track:783, 871, 647, 149, 118
track:784, 874, 649, 141, 112
track:785, 873, 649, 141, 112
track:786, 873, 649, 141, 112
track:787, 872, 650, 141, 112
track:788, 871, 650, 141, 112
track:789, 871, 650, 141, 112
track:790, 871, 650, 141, 112
track:791, 871, 650, 141, 112
track:792, 870, 649, 141, 112
track:793, 873, 652, 135, 107
track:794, 873, 653, 135, 107
track:795, 877, 660, 128, 102
track:796, 877, 661, 128, 102
track:797, 876, 660, 128, 102
track:798, 876, 659, 128, 102
track:799, 876, 660, 128, 102
track:800, 876, 661, 128, 102
track:801, 876, 662, 128, 102
track:802, 876, 663, 128, 102
track:803, 876, 663, 128, 102
track:804, 877, 664, 128, 102
track:805, 876, 664, 128, 102
track:806, 875, 664, 128, 102
track:807, 874, 664, 128, 102
track:808, 874, 665, 128, 102
track:809, 874, 666, 128, 102
track:810, 874, 668, 128, 102
track:811, 875, 669, 128, 102
track:812, 874, 671, 128, 102
track:813, 871, 671, 128, 102
track:814, 866, 668, 135, 107
track:815, 866, 668, 135, 107
track:816, 866, 668, 135, 107
track:817, 865, 671, 135, 107
track:818, 864, 677, 135, 107
track:819, 864, 679, 135, 107
track:820, 859, 688, 141, 112
track:821, 858, 689, 141, 112
track:822, 857, 689, 141, 112
track:823, 857, 688, 141, 112
track:824, 854, 683, 149, 118
track:825, 853, 684, 149, 118
track:826, 852, 684, 149, 118
track:827, 852, 689, 149, 118
track:828, 852, 693, 149, 118
track:829, 853, 696, 149, 118
track:830, 852, 694, 156, 124
track:831, 852, 695, 156, 124
track:832, 853, 695, 156, 124
track:833, 851, 691, 164, 130
track:834, 852, 685, 164, 130
track:835, 852, 676, 164, 130
track:836, 851, 676, 164, 130
track:837, 851, 669, 164, 130
track:838, 849, 668, 164, 130
track:839, 848, 664, 164, 130
track:840, 846, 660, 164, 130
track:841, 846, 659, 164, 130
track:842, 840, 656, 172, 137
track:843, 832, 648, 181, 144
track:844, 830, 645, 181, 144
track:845, 825, 631, 181, 144
track:846, 824, 631, 181, 144
track:847, 823, 625, 181, 144
track:848, 823, 618, 181, 144
track:849, 817, 613, 190, 151
track:850, 816, 612, 190, 151
init :851, 821, 604, 198, 173
track:852, 825, 601, 198, 173
track:853, 829, 596, 198, 173
track:854, 831, 598, 198, 173
track:855, 832, 602, 198, 173
track:856, 831, 604, 198, 173
track:857, 832, 604, 198, 173
track:858, 831, 600, 198, 173
track:859, 832, 598, 198, 173
track:860, 832, 595, 198, 173
track:861, 832, 595, 198, 173
track:862, 832, 596, 198, 173
track:863, 833, 601, 198, 173
track:864, 838, 609, 189, 165
track:865, 839, 616, 189, 165
track:866, 843, 620, 180, 157
track:867, 843, 625, 180, 157
track:868, 844, 627, 180, 157
track:869, 845, 627, 180, 157
track:870, 845, 631, 180, 157
track:871, 845, 631, 180, 157
track:872, 845, 632, 180, 157
track:873, 846, 633, 180, 157
track:874, 846, 633, 180, 157
track:875, 850, 637, 171, 149
track:876, 851, 637, 171, 149
track:877, 851, 637, 171, 149
track:878, 853, 638, 171, 149
track:879, 859, 641, 163, 142
track:880, 858, 640, 163, 142
track:881, 858, 640, 163, 142
track:882, 857, 640, 163, 142
track:883, 860, 639, 163, 142
track:884, 863, 638, 163, 142
track:885, 868, 642, 155, 136
track:886, 870, 641, 155, 136
track:887, 870, 642, 155, 136
track:888, 872, 643, 155, 136
track:889, 871, 641, 155, 136
track:890, 874, 639, 155, 136
track:891, 875, 639, 155, 136
track:892, 875, 639, 155, 136
track:893, 877, 638, 155, 136
track:894, 876, 638, 155, 136
track:895, 882, 641, 148, 129
track:896, 885, 644, 141, 123
track:897, 884, 643, 141, 123
track:898, 882, 642, 141, 123
track:899, 880, 642, 141, 123
track:900, 879, 643, 141, 123
track:901, 882, 646, 134, 117
track:902, 885, 652, 128, 112
track:903, 883, 652, 128, 112
track:904, 883, 651, 128, 112
track:905, 884, 651, 128, 112
track:906, 885, 651, 128, 112
track:907, 906, 634, 134, 117
track:908, 910, 633, 134, 117
track:909, 912, 642, 134, 117
track:910, 914, 650, 134, 117
track:911, 917, 650, 134, 117
track:912, 911, 651, 134, 117
track:913, 910, 654, 134, 117
track:914, 911, 657, 134, 117
track:915, 912, 660, 134, 117
track:916, 915, 662, 134, 117
track:917, 916, 665, 134, 117
track:918, 917, 666, 134, 117
track:919, 920, 670, 128, 112
track:920, 921, 673, 122, 106
track:921, 921, 673, 122, 106
track:922, 917, 672, 122, 106
track:923, 910, 672, 122, 106
track:924, 905, 671, 122, 106
track:925, 896, 671, 122, 106
track:926, 896, 670, 122, 106
track:927, 894, 671, 122, 106
track:928, 883, 672, 122, 106
track:929, 872, 669, 128, 112
track:930, 872, 669, 122, 106
track:931, 872, 669, 122, 106
track:932, 867, 666, 122, 106
track:933, 866, 664, 122, 106
track:934, 864, 661, 122, 106
track:935, 864, 658, 122, 106
init :936, 770, 578, 318, 233
track:937, 772, 577, 318, 233
track:938, 775, 574, 318, 233
track:939, 776, 574, 318, 233
track:940, 776, 572, 318, 233
track:941, 775, 571, 318, 233
track:942, 784, 577, 303, 222
track:943, 776, 571, 318, 233
track:944, 777, 570, 318, 233
track:945, 776, 571, 318, 233
track:946, 776, 569, 318, 233
track:947, 772, 569, 318, 233
track:948, 767, 571, 318, 233
track:949, 765, 573, 318, 233
track:950, 763, 573, 318, 233
track:951, 761, 574, 318, 233
track:952, 759, 576, 318, 233
track:953, 756, 576, 318, 233
track:954, 752, 580, 318, 233
track:955, 751, 579, 318, 233
track:956, 750, 580, 318, 233
track:957, 750, 581, 318, 233
track:958, 748, 584, 318, 233
track:959, 746, 584, 318, 233
track:960, 745, 585, 318, 233
track:961, 743, 584, 318, 233
track:962, 741, 586, 318, 233
track:963, 739, 588, 318, 233
track:964, 738, 588, 318, 233
track:965, 737, 588, 318, 233
track:966, 736, 587, 318, 233
track:967, 730, 590, 318, 233
track:968, 725, 590, 318, 233
track:969, 729, 595, 303, 222
track:970, 726, 595, 303, 222
track:971, 721, 595, 303, 222
track:972, 718, 595, 303, 222
track:973, 712, 597, 303, 222
track:974, 709, 596, 303, 222
track:975, 707, 597, 303, 222
track:976, 705, 597, 303, 222
track:977, 701, 595, 303, 222
track:978, 700, 596, 303, 222
track:979, 699, 596, 303, 222
track:980, 699, 596, 303, 222
track:981, 699, 598, 303, 222
track:982, 698, 598, 303, 222
track:983, 700, 598, 303, 222
track:984, 698, 598, 303, 222
track:985, 698, 599, 303, 222
track:986, 700, 598, 303, 222
track:987, 701, 598, 303, 222
track:988, 708, 603, 288, 211
track:989, 710, 604, 288, 211
track:990, 709, 604, 288, 211
track:991, 711, 604, 288, 211
track:992, 712, 604, 288, 211
track:993, 709, 603, 288, 211
track:994, 711, 602, 288, 211
track:995, 711, 602, 288, 211
track:996, 711, 601, 288, 211
track:997, 712, 598, 288, 211
track:998, 715, 596, 288, 211
track:999, 722, 593, 288, 211
track:1000, 722, 592, 288, 211
track:1001, 727, 590, 288, 211
track:1002, 731, 587, 288, 211
track:1003, 737, 584, 288, 211
track:1004, 741, 580, 288, 211
track:1005, 749, 585, 275, 201
track:1006, 752, 581, 275, 201
track:1007, 753, 579, 275, 201
track:1008, 760, 580, 262, 192
track:1009, 757, 578, 262, 192
track:1010, 762, 583, 249, 183
track:1011, 762, 582, 249, 183
track:1012, 760, 579, 249, 183
track:1013, 758, 577, 249, 183
track:1014, 752, 574, 249, 183
track:1015, 753, 575, 249, 183
track:1016, 749, 574, 249, 183
track:1017, 751, 578, 237, 174
track:1018, 749, 579, 237, 174
track:1019, 751, 578, 237, 174
track:1020, 753, 582, 226, 166
init :1021, 752, 576, 466, 184
track:1022, 751, 575, 466, 184
track:1023, 749, 573, 466, 184
track:1024, 746, 572, 466, 184
track:1025, 749, 571, 466, 184
track:1026, 745, 571, 466, 184
track:1027, 752, 576, 444, 175
track:1028, 746, 577, 444, 175
track:1029, 742, 578, 444, 175
track:1030, 753, 584, 423, 167
track:1031, 760, 587, 403, 159
track:1032, 745, 584, 423, 167
track:1033, 742, 585, 423, 167
track:1034, 739, 588, 423, 167
track:1035, 743, 590, 423, 167
track:1036, 738, 590, 423, 167
track:1037, 734, 592, 423, 167
track:1038, 721, 590, 444, 175
track:1039, 720, 593, 444, 175
track:1040, 719, 594, 444, 175
track:1041, 716, 595, 444, 175
track:1042, 717, 599, 444, 175
track:1043, 714, 600, 444, 175
track:1044, 725, 605, 423, 167
track:1045, 728, 604, 423, 167
track:1046, 728, 607, 423, 167
track:1047, 731, 610, 423, 167
track:1048, 732, 611, 423, 167
track:1049, 736, 611, 423, 167
track:1050, 739, 610, 423, 167
track:1051, 734, 605, 444, 175
track:1052, 739, 603, 444, 175
track:1053, 745, 604, 444, 175
track:1054, 764, 607, 423, 167
track:1055, 774, 610, 403, 159
track:1056, 779, 609, 403, 159
track:1057, 784, 608, 403, 159
track:1058, 786, 610, 403, 159
track:1059, 784, 610, 403, 159
track:1060, 782, 611, 403, 159
track:1061, 779, 612, 403, 159
track:1062, 772, 606, 423, 167
track:1063, 770, 606, 423, 167
track:1064, 767, 607, 423, 167
track:1065, 775, 610, 403, 159
track:1066, 775, 614, 383, 151
track:1067, 762, 614, 383, 151
track:1068, 755, 613, 383, 151
track:1069, 745, 612, 383, 151
track:1070, 755, 615, 365, 144
track:1071, 748, 618, 365, 144
track:1072, 728, 617, 365, 144
track:1073, 721, 620, 365, 144
track:1074, 694, 619, 365, 144
track:1075, 695, 618, 365, 144
track:1076, 689, 617, 365, 144
track:1077, 683, 617, 365, 144
track:1078, 665, 618, 365, 144
track:1079, 658, 619, 365, 144
track:1080, 654, 620, 365, 144
track:1081, 649, 619, 365, 144
track:1082, 645, 620, 365, 144
track:1083, 639, 620, 365, 144
track:1084, 626, 616, 383, 151
track:1085, 617, 614, 403, 159
track:1086, 625, 613, 403, 159
track:1087, 625, 614, 403, 159
track:1088, 622, 615, 403, 159
track:1089, 623, 615, 403, 159
track:1090, 624, 615, 403, 159
track:1091, 623, 615, 403, 159
track:1092, 619, 616, 403, 159
track:1093, 618, 617, 403, 159
track:1094, 615, 618, 403, 159
track:1095, 617, 617, 403, 159
track:1096, 617, 618, 403, 159
track:1097, 622, 618, 403, 159
track:1098, 620, 616, 403, 159
track:1099, 626, 619, 403, 159
track:1100, 634, 622, 383, 151
track:1101, 639, 620, 383, 151
track:1102, 636, 619, 383, 151
track:1103, 637, 620, 383, 151
track:1104, 638, 622, 383, 151
track:1105, 634, 622, 383, 151
init :1106, 701, 628, 456, 166
track:1107, 701, 628, 456, 166
track:1108, 699, 629, 456, 166
track:1109, 695, 631, 456, 166
track:1110, 694, 632, 456, 166
track:1111, 690, 634, 456, 166
track:1112, 685, 634, 456, 166
track:1113, 680, 635, 456, 166
track:1114, 693, 641, 434, 158
track:1115, 680, 637, 456, 166
track:1116, 673, 637, 456, 166
track:1117, 667, 636, 456, 166
track:1118, 679, 641, 434, 158
track:1119, 674, 642, 434, 158
track:1120, 676, 643, 434, 158
track:1121, 672, 642, 434, 158
track:1122, 682, 645, 414, 151
track:1123, 687, 646, 414, 151
track:1124, 677, 647, 414, 151
track:1125, 674, 646, 414, 151
track:1126, 678, 649, 414, 151
track:1127, 681, 647, 414, 151
track:1128, 686, 650, 394, 143
track:1129, 697, 651, 394, 143
track:1130, 696, 655, 394, 143
track:1131, 702, 651, 394, 143
track:1132, 698, 654, 394, 143
track:1133, 809, 650, 414, 151
track:1134, 822, 659, 394, 143
track:1135, 824, 656, 394, 143
track:1136, 814, 657, 414, 151
track:1137, 819, 660, 414, 151
track:1138, 821, 659, 414, 151
track:1139, 828, 657, 394, 143
track:1140, 820, 657, 414, 151
track:1141, 794, 663, 414, 151
track:1142, 801, 667, 414, 151
track:1143, 784, 672, 434, 158
track:1144, 773, 677, 434, 158
track:1145, 771, 679, 434, 158
track:1146, 771, 680, 434, 158
track:1147, 760, 681, 434, 158
track:1148, 757, 683, 434, 158
track:1149, 748, 676, 456, 166
track:1150, 747, 679, 456, 166
track:1151, 743, 673, 456, 166
track:1152, 740, 663, 456, 166
track:1153, 732, 660, 456, 166
track:1154, 742, 666, 434, 158
track:1155, 742, 667, 434, 158
track:1156, 754, 672, 414, 151
track:1157, 754, 672, 414, 151
track:1158, 752, 670, 414, 151
track:1159, 758, 669, 414, 151
track:1160, 758, 672, 414, 151
track:1161, 765, 674, 414, 151
track:1162, 768, 672, 414, 151
track:1163, 771, 670, 414, 151
track:1164, 773, 664, 434, 158
track:1165, 776, 662, 434, 158
track:1166, 781, 665, 434, 158
track:1167, 763, 662, 456, 166
track:1168, 776, 665, 434, 158
track:1169, 775, 659, 456, 166
track:1170, 760, 652, 479, 174
track:1171, 761, 658, 456, 166
track:1172, 778, 658, 434, 158
track:1173, 795, 657, 434, 158
track:1174, 785, 657, 434, 158
track:1175, 806, 658, 434, 158
track:1176, 824, 658, 434, 158
track:1177, 848, 660, 434, 158
track:1178, 849, 657, 434, 158
track:1179, 846, 654, 434, 158
track:1180, 852, 654, 434, 158
track:1181, 841, 650, 456, 166
track:1182, 837, 652, 456, 166
track:1183, 840, 652, 456, 166
track:1184, 841, 651, 456, 166
track:1185, 841, 652, 456, 166
track:1186, 836, 645, 479, 174
track:1187, 841, 646, 479, 174
track:1188, 856, 651, 456, 166
track:1189, 851, 648, 479, 174
track:1190, 850, 646, 479, 174
init :1191, 793, 633, 387, 127
track:1192, 790, 631, 387, 127
track:1193, 790, 630, 387, 127
track:1194, 786, 629, 387, 127
track:1195, 786, 628, 387, 127
track:1196, 791, 631, 369, 121
track:1197, 795, 629, 369, 121
track:1198, 786, 624, 387, 127
track:1199, 781, 626, 387, 127
track:1200, 778, 625, 387, 127
track:1201, 781, 625, 387, 127
track:1202, 789, 629, 369, 121
track:1203, 790, 629, 369, 121
track:1204, 791, 628, 369, 121
track:1205, 792, 627, 369, 121
track:1206, 789, 625, 387, 127
track:1207, 789, 624, 387, 127
track:1208, 802, 624, 387, 127
track:1209, 802, 625, 387, 127
track:1210, 813, 624, 387, 127
track:1211, 822, 629, 369, 121
track:1212, 825, 628, 369, 121
track:1213, 829, 629, 369, 121
track:1214, 830, 632, 369, 121
track:1215, 840, 635, 351, 115
track:1216, 838, 635, 351, 115
track:1217, 842, 637, 351, 115
track:1218, 839, 638, 351, 115
track:1219, 838, 638, 351, 115
track:1220, 842, 641, 334, 110
track:1221, 844, 641, 334, 110
track:1222, 846, 642, 334, 110
track:1223, 844, 641, 334, 110
track:1224, 844, 640, 334, 110
track:1225, 844, 641, 334, 110
track:1226, 853, 645, 318, 104
track:1227, 862, 647, 303, 100
track:1228, 864, 647, 303, 100
track:1229, 866, 647, 303, 100
track:1230, 870, 646, 303, 100
track:1231, 865, 645, 303, 100
track:1232, 864, 648, 303, 100
track:1233, 867, 648, 303, 100
track:1234, 866, 648, 303, 100
track:1235, 869, 651, 289, 95
track:1236, 877, 654, 275, 90
track:1237, 881, 654, 275, 90
track:1238, 871, 654, 275, 90
track:1239, 872, 654, 275, 90
track:1240, 870, 655, 275, 90
track:1241, 873, 656, 275, 90
track:1242, 873, 658, 275, 90
track:1243, 873, 659, 275, 90
track:1244, 873, 661, 275, 90
track:1245, 860, 662, 275, 90
track:1246, 863, 667, 275, 90
track:1247, 865, 669, 275, 90
track:1248, 921, 673, 262, 86
track:1249, 919, 673, 262, 86
track:1250, 976, 675, 262, 86
track:1251, 921, 674, 262, 86
track:1252, 891, 675, 262, 86
track:1253, 888, 678, 249, 82
track:1254, 887, 678, 249, 82
track:1255, 881, 676, 262, 86
track:1256, 881, 677, 262, 86
track:1257, 875, 678, 262, 86
track:1258, 867, 674, 275, 90
track:1259, 863, 675, 275, 90
track:1260, 867, 677, 262, 86
track:1261, 872, 677, 262, 86
track:1262, 853, 679, 262, 86
track:1263, 852, 679, 262, 86
track:1264, 872, 676, 262, 86
track:1265, 853, 678, 262, 86
track:1266, 863, 680, 249, 82
track:1267, 862, 679, 249, 82
track:1268, 860, 678, 249, 82
track:1269, 860, 678, 249, 82
track:1270, 858, 678, 249, 82
track:1271, 856, 677, 249, 82
track:1272, 855, 676, 249, 82
track:1273, 850, 675, 249, 82
track:1274, 847, 676, 249, 82
track:1275, 850, 677, 238, 78
init :1276, 923, 656, 124, 75
track:1277, 919, 656, 124, 75
track:1278, 910, 655, 130, 79
track:1279, 911, 655, 130, 79
track:1280, 902, 656, 130, 79
track:1281, 898, 656, 130, 79
track:1282, 890, 657, 130, 79
track:1283, 887, 657, 130, 79
track:1284, 886, 658, 130, 79
track:1285, 877, 658, 130, 79
track:1286, 873, 656, 130, 79
track:1287, 869, 653, 137, 83
track:1288, 868, 653, 137, 83
track:1289, 869, 653, 137, 83
track:1290, 867, 653, 137, 83
track:1291, 867, 654, 137, 83
track:1292, 864, 654, 137, 83
track:1293, 861, 654, 137, 83
track:1294, 862, 653, 137, 83
track:1295, 861, 653, 137, 83
track:1296, 859, 652, 137, 83
track:1297, 858, 652, 137, 83
track:1298, 860, 653, 130, 79
track:1299, 860, 654, 130, 79
track:1300, 861, 655, 130, 79
track:1301, 859, 656, 130, 79
track:1302, 859, 655, 130, 79
track:1303, 856, 655, 130, 79
track:1304, 856, 655, 130, 79
track:1305, 859, 655, 130, 79
track:1306, 858, 656, 130, 79
track:1307, 857, 656, 130, 79
track:1308, 858, 658, 130, 79
track:1309, 860, 660, 124, 75
track:1310, 860, 660, 124, 75
track:1311, 862, 662, 118, 71
track:1312, 861, 662, 118, 71
track:1313, 862, 664, 112, 68
track:1314, 862, 664, 112, 68
track:1315, 861, 665, 112, 68
track:1316, 861, 665, 112, 68
track:1317, 860, 665, 112, 68
track:1318, 859, 665, 112, 68
track:1319, 858, 665, 112, 68
track:1320, 859, 667, 107, 65
track:1321, 860, 669, 102, 62
track:1322, 861, 671, 102, 62
track:1323, 861, 672, 102, 62
track:1324, 861, 673, 102, 62
track:1325, 863, 674, 102, 62
track:1326, 865, 675, 102, 62
track:1327, 866, 676, 102, 62
track:1328, 868, 676, 102, 62
track:1329, 867, 676, 102, 62
track:1330, 865, 676, 102, 62
track:1331, 864, 677, 102, 62
track:1332, 862, 676, 102, 62
track:1333, 858, 676, 102, 62
track:1334, 859, 676, 102, 62
track:1335, 853, 676, 102, 62
track:1336, 847, 676, 102, 62
track:1337, 844, 676, 102, 62
track:1338, 844, 677, 97, 59
track:1339, 843, 677, 97, 59
track:1340, 843, 677, 97, 59
track:1341, 844, 680, 93, 56
track:1342, 843, 680, 93, 56
track:1343, 842, 680, 93, 56
track:1344, 842, 680, 93, 56
track:1345, 843, 680, 93, 56
track:1346, 844, 682, 88, 53
track:1347, 846, 682, 88, 53
track:1348, 845, 682, 88, 53
track:1349, 844, 682, 88, 53
track:1350, 843, 683, 88, 53
track:1351, 842, 683, 88, 53
track:1352, 840, 683, 88, 53
track:1353, 840, 684, 88, 53
track:1354, 840, 684, 88, 53
track:1355, 841, 685, 88, 53
track:1356, 841, 686, 88, 53
track:1357, 841, 686, 88, 53
track:1358, 842, 687, 84, 51
track:1359, 841, 687, 84, 51
track:1360, 842, 688, 84, 51
init :1361, 849, 685, 180, 49
track:1362, 848, 686, 180, 49
track:1363, 850, 687, 180, 49
track:1364, 855, 688, 171, 47
track:1365, 855, 688, 171, 47
track:1366, 850, 687, 180, 49
track:1367, 850, 687, 180, 49
track:1368, 844, 687, 189, 51
track:1369, 844, 687, 189, 51
track:1370, 843, 688, 189, 51
track:1371, 846, 690, 180, 49
track:1372, 846, 691, 180, 49
track:1373, 839, 690, 189, 51
track:1374, 833, 689, 198, 54
track:1375, 835, 691, 189, 51
track:1376, 838, 692, 180, 49
track:1377, 832, 690, 189, 51
track:1378, 829, 691, 189, 51
track:1379, 827, 692, 189, 51
track:1380, 824, 692, 189, 51
track:1381, 821, 693, 189, 51
track:1382, 814, 693, 198, 54
track:1383, 811, 694, 198, 54
track:1384, 804, 694, 208, 57
track:1385, 808, 695, 198, 54
track:1386, 809, 697, 198, 54
track:1387, 810, 698, 198, 54
track:1388, 806, 698, 208, 57
track:1389, 808, 699, 208, 57
track:1390, 805, 698, 219, 60
track:1391, 808, 699, 219, 60
track:1392, 819, 701, 208, 57
track:1393, 823, 703, 208, 57
track:1394, 825, 703, 208, 57
track:1395, 825, 704, 208, 57
track:1396, 832, 705, 198, 54
track:1397, 833, 706, 198, 54
track:1398, 832, 707, 198, 54
track:1399, 833, 707, 198, 54
track:1400, 830, 708, 198, 54
track:1401, 820, 708, 208, 57
track:1402, 816, 709, 208, 57
track:1403, 811, 710, 208, 57
track:1404, 804, 709, 219, 60
track:1405, 800, 709, 219, 60
track:1406, 798, 710, 219, 60
track:1407, 801, 711, 208, 57
track:1408, 799, 711, 208, 57
track:1409, 793, 710, 219, 60
track:1410, 791, 710, 219, 60
track:1411, 790, 711, 219, 60
track:1412, 784, 711, 230, 63
track:1413, 786, 711, 230, 63
track:1414, 786, 711, 230, 63
track:1415, 787, 711, 230, 63
track:1416, 787, 713, 230, 63
track:1417, 788, 713, 230, 63
track:1418, 786, 715, 230, 63
track:1419, 788, 715, 230, 63
track:1420, 779, 713, 241, 66
track:1421, 776, 715, 241, 66
track:1422, 782, 717, 230, 63
track:1423, 776, 715, 241, 66
track:1424, 781, 717, 230, 63
track:1425, 775, 716, 241, 66
track:1426, 775, 716, 241, 66
track:1427, 776, 716, 241, 66
track:1428, 774, 716, 241, 66
track:1429, 777, 716, 241, 66
track:1430, 776, 717, 241, 66
track:1431, 771, 717, 241, 66
track:1432, 772, 719, 241, 66
track:1433, 775, 721, 230, 63
track:1434, 775, 721, 230, 63
track:1435, 774, 722, 230, 63
track:1436, 771, 722, 230, 63
track:1437, 767, 721, 230, 63
track:1438, 766, 721, 230, 63
track:1439, 773, 724, 219, 60
track:1440, 776, 725, 208, 57
track:1441, 774, 725, 208, 57
track:1442, 769, 725, 208, 57
track:1443, 760, 724, 219, 60
track:1444, 759, 723, 219, 60
track:1445, 755, 724, 219, 60
init :1446, 770, 719, 240, 119
track:1447, 767, 719, 240, 119
track:1448, 765, 719, 240, 119
track:1449, 763, 718, 240, 119
track:1450, 763, 717, 240, 119
track:1451, 770, 719, 229, 113
track:1452, 772, 718, 229, 113
track:1453, 773, 716, 240, 119
track:1454, 775, 717, 240, 119
track:1455, 780, 717, 240, 119
track:1456, 784, 719, 240, 119
track:1457, 793, 722, 229, 113
track:1458, 797, 722, 229, 113
track:1459, 799, 722, 229, 113
track:1460, 803, 722, 229, 113
track:1461, 813, 724, 218, 108
track:1462, 816, 724, 218, 108
track:1463, 819, 727, 207, 103
track:1464, 820, 727, 207, 103
track:1465, 832, 731, 197, 98
track:1466, 837, 734, 188, 93
track:1467, 840, 736, 188, 93
track:1468, 843, 736, 188, 93
track:1469, 846, 736, 179, 89
track:1470, 848, 736, 179, 89
track:1471, 846, 736, 179, 89
track:1472, 844, 735, 179, 89
track:1473, 846, 736, 179, 89
track:1474, 839, 732, 188, 93
track:1475, 845, 732, 188, 93
track:1476, 839, 731, 197, 98
track:1477, 834, 734, 197, 98
track:1478, 830, 731, 207, 103
track:1479, 827, 745, 207, 103
track:1480, 826, 747, 207, 103
track:1481, 826, 746, 207, 103
track:1482, 827, 746, 207, 103
track:1483, 828, 745, 207, 103
track:1484, 835, 743, 207, 103
track:1485, 838, 745, 197, 98
track:1486, 847, 745, 188, 93
track:1487, 850, 745, 179, 89
track:1488, 855, 746, 171, 85
track:1489, 854, 745, 171, 85
track:1490, 852, 742, 171, 85
track:1491, 858, 741, 162, 81
track:1492, 860, 739, 155, 77
track:1493, 859, 738, 155, 77
track:1494, 855, 735, 155, 77
track:1495, 853, 731, 155, 77
track:1496, 850, 728, 147, 73
track:1497, 843, 722, 147, 73
track:1498, 845, 721, 147, 73
track:1499, 837, 719, 147, 73
track:1500, 826, 714, 147, 73
track:1501, 821, 709, 147, 73
track:1502, 820, 706, 147, 73
track:1503, 818, 705, 140, 70
track:1504, 818, 702, 140, 70
track:1505, 813, 698, 134, 66
track:1506, 817, 695, 127, 63
track:1507, 819, 693, 121, 60
track:1508, 818, 692, 121, 60
track:1509, 819, 692, 115, 57
track:1510, 819, 689, 110, 55
track:1511, 820, 687, 110, 55
track:1512, 810, 684, 110, 55
track:1513, 811, 683, 110, 55
track:1514, 797, 682, 110, 55
track:1515, 779, 683, 105, 52
track:1516, 760, 685, 100, 49
track:1517, 736, 684, 100, 49
track:1518, 736, 685, 100, 49
track:1519, 707, 685, 100, 49
track:1520, 689, 686, 95, 47
track:1521, 673, 687, 90, 45
track:1522, 661, 686, 90, 45
track:1523, 657, 686, 90, 45
track:1524, 650, 686, 90, 45
track:1525, 651, 686, 86, 43
track:1526, 659, 687, 86, 43
track:1527, 668, 688, 82, 41
track:1528, 668, 688, 82, 41
track:1529, 698, 686, 78, 39
track:1530, 721, 686, 78, 39
init :1531, 761, 633, 249, 85
track:1532, 787, 633, 249, 85
track:1533, 787, 633, 249, 85
track:1534, 818, 635, 237, 81
track:1535, 841, 635, 237, 81
track:1536, 865, 635, 237, 81
track:1537, 881, 635, 237, 81
track:1538, 881, 636, 237, 81
track:1539, 890, 637, 237, 81
track:1540, 892, 636, 249, 85
track:1541, 901, 640, 237, 81
track:1542, 903, 642, 237, 81
track:1543, 910, 644, 226, 77
track:1544, 908, 644, 226, 77
track:1545, 906, 644, 226, 77
track:1546, 903, 645, 226, 77
track:1547, 895, 647, 226, 77
track:1548, 893, 649, 226, 77
track:1549, 889, 651, 226, 77
track:1550, 878, 654, 215, 73
track:1551, 880, 658, 205, 70
track:1552, 875, 658, 205, 70
track:1553, 874, 658, 205, 70
track:1554, 875, 661, 195, 67
track:1555, 873, 663, 195, 67
track:1556, 877, 665, 186, 63
track:1557, 883, 667, 177, 60
track:1558, 882, 667, 177, 60
track:1559, 886, 667, 177, 60
track:1560, 890, 669, 177, 60
track:1561, 893, 669, 177, 60
track:1562, 899, 671, 169, 58
track:1563, 900, 671, 169, 58
track:1564, 901, 671, 169, 58
track:1565, 904, 673, 161, 55
track:1566, 906, 674, 153, 52
track:1567, 909, 676, 146, 50
track:1568, 907, 675, 146, 50
track:1569, 907, 675, 146, 50
track:1570, 906, 676, 146, 50
track:1571, 904, 675, 146, 50
track:1572, 906, 676, 139, 47
track:1573, 906, 676, 139, 47
track:1574, 904, 675, 139, 47
track:1575, 900, 676, 139, 47
track:1576, 901, 677, 132, 45
track:1577, 898, 675, 132, 45
track:1578, 897, 677, 132, 45
track:1579, 894, 676, 132, 45
track:1580, 895, 679, 126, 43
track:1581, 895, 680, 120, 41
track:1582, 895, 682, 114, 39
track:1583, 894, 682, 114, 39
track:1584, 895, 683, 109, 37
track:1585, 897, 683, 103, 35
track:1586, 898, 684, 99, 34
track:1587, 899, 684, 99, 34
track:1588, 899, 684, 99, 34
track:1589, 900, 684, 94, 32
track:1590, 899, 685, 94, 32
track:1591, 902, 687, 89, 31
track:1592, 902, 687, 89, 31
track:1593, 901, 687, 89, 31
track:1594, 900, 687, 89, 31
track:1595, 901, 689, 85, 29
track:1596, 899, 689, 85, 29
track:1599, 896, 689, 85, 29
track:1600, 898, 690, 81, 28
track:1601, 901, 690, 77, 26
track:1602, 898, 689, 77, 26
track:1603, 900, 689, 74, 25
track:1604, 896, 688, 74, 25
track:1605, 896, 689, 70, 24
track:1606, 892, 689, 70, 24
track:1607, 894, 689, 67, 23
track:1608, 894, 689, 67, 23
elapseTime: 15.885
