init :7, 821, 630, 235, 197
track:8, 821, 630, 235, 197
track:9, 822, 630, 235, 197
track:10, 821, 631, 235, 197
track:11, 823, 630, 235, 197
track:12, 823, 630, 235, 197
track:13, 824, 630, 235, 197
track:14, 824, 630, 235, 197
track:15, 824, 630, 235, 197
track:16, 825, 630, 235, 197
track:17, 826, 630, 235, 197
track:18, 825, 630, 235, 197
track:19, 825, 629, 235, 197
track:20, 821, 626, 247, 207
track:21, 820, 626, 247, 207
track:22, 827, 631, 235, 197
track:23, 828, 631, 235, 197
track:24, 827, 631, 235, 197
track:25, 828, 630, 235, 197
track:26, 829, 631, 235, 197
track:27, 829, 631, 235, 197
track:28, 829, 631, 235, 197
track:29, 829, 630, 235, 197
track:30, 829, 630, 235, 197
track:31, 830, 629, 235, 197
track:32, 831, 631, 235, 197
track:33, 829, 630, 235, 197
track:34, 830, 631, 235, 197
track:35, 830, 630, 235, 197
track:36, 830, 631, 235, 197
track:37, 829, 630, 235, 197
track:38, 831, 630, 235, 197
track:39, 830, 630, 235, 197
track:40, 830, 630, 235, 197
track:41, 831, 629, 235, 197
track:42, 830, 631, 235, 197
track:43, 831, 630, 235, 197
track:44, 830, 631, 235, 197
track:45, 832, 630, 235, 197
track:46, 830, 631, 235, 197
track:48, 832, 630, 235, 197
track:49, 830, 630, 235, 197
track:50, 831, 629, 235, 197
track:51, 832, 629, 235, 197
track:52, 831, 628, 235, 197
track:53, 832, 629, 235, 197
track:54, 831, 629, 235, 197
track:55, 832, 629, 235, 197
track:56, 831, 629, 235, 197
track:57, 831, 628, 235, 197
track:58, 831, 629, 235, 197
track:59, 830, 628, 235, 197
track:60, 832, 628, 235, 197
track:61, 831, 630, 235, 197
track:62, 830, 629, 235, 197
track:63, 829, 629, 235, 197
track:64, 830, 629, 235, 197
track:65, 829, 629, 235, 197
track:66, 828, 629, 235, 197
track:67, 829, 628, 235, 197
track:68, 829, 629, 235, 197
track:69, 828, 629, 235, 197
track:70, 829, 628, 235, 197
track:71, 829, 629, 235, 197
track:72, 828, 629, 235, 197
track:73, 828, 629, 235, 197
track:74, 828, 628, 235, 197
track:75, 828, 629, 235, 197
track:76, 828, 629, 235, 197
track:77, 827, 629, 235, 197
track:78, 828, 628, 235, 197
track:79, 828, 629, 235, 197
track:80, 828, 629, 235, 197
track:81, 828, 628, 235, 197
track:82, 827, 629, 235, 197
track:83, 828, 630, 235, 197
track:84, 827, 629, 235, 197
track:85, 828, 629, 235, 197
track:86, 827, 630, 235, 197
track:87, 827, 629, 235, 197
track:88, 828, 629, 235, 197
track:89, 827, 630, 235, 197
track:90, 827, 630, 235, 197
track:91, 829, 629, 235, 197
track:92, 828, 630, 235, 197
init :93, 826, 633, 235, 197
track:94, 826, 633, 235, 197
track:95, 827, 633, 235, 197
track:96, 827, 634, 235, 197
track:97, 827, 633, 235, 197
track:98, 828, 632, 235, 197
track:99, 828, 632, 235, 197
track:100, 830, 632, 235, 197
track:101, 830, 631, 235, 197
track:102, 830, 631, 235, 197
track:103, 830, 629, 235, 197
track:104, 830, 630, 235, 197
track:105, 831, 628, 235, 197
track:106, 832, 629, 235, 197
track:107, 833, 627, 235, 197
track:108, 833, 625, 235, 197
track:109, 833, 624, 235, 197
track:110, 834, 623, 235, 197
track:111, 840, 626, 224, 188
track:112, 840, 624, 224, 188
track:113, 840, 622, 224, 188
track:114, 840, 622, 224, 188
track:115, 841, 620, 224, 188
track:116, 843, 618, 224, 188
track:117, 844, 616, 224, 188
track:120, 846, 613, 224, 188
track:121, 847, 611, 224, 188
track:122, 853, 614, 213, 179
track:123, 853, 612, 213, 179
track:124, 853, 611, 213, 179
track:125, 852, 609, 213, 179
track:126, 848, 605, 213, 179
track:127, 847, 605, 213, 179
track:128, 847, 606, 213, 179
track:129, 846, 605, 213, 179
track:130, 847, 606, 213, 179
track:131, 847, 607, 213, 179
track:132, 850, 610, 213, 179
track:133, 852, 611, 213, 179
track:134, 851, 611, 213, 179
track:135, 851, 612, 213, 179
track:136, 853, 614, 213, 179
track:137, 854, 615, 213, 179
track:138, 855, 616, 213, 179
track:139, 856, 616, 213, 179
track:140, 854, 616, 213, 179
track:141, 853, 615, 213, 179
track:142, 851, 615, 213, 179
track:143, 851, 616, 213, 179
track:144, 851, 617, 213, 179
track:145, 847, 620, 213, 179
track:146, 848, 621, 213, 179
track:147, 848, 621, 213, 179
track:148, 849, 624, 213, 179
track:149, 848, 624, 213, 179
track:150, 849, 627, 213, 179
track:151, 854, 634, 203, 170
track:152, 854, 637, 203, 170
track:153, 854, 640, 203, 170
track:154, 854, 641, 203, 170
track:155, 855, 643, 203, 170
track:156, 855, 643, 203, 170
track:157, 857, 643, 203, 170
track:158, 862, 647, 193, 162
track:159, 862, 648, 193, 162
track:160, 862, 650, 193, 162
track:161, 859, 649, 193, 162
track:162, 857, 648, 193, 162
track:163, 855, 649, 193, 162
track:164, 860, 652, 184, 154
track:165, 856, 650, 193, 162
track:166, 856, 650, 193, 162
track:167, 856, 649, 193, 162
track:168, 856, 649, 193, 162
track:169, 856, 650, 193, 162
track:170, 856, 649, 193, 162
track:171, 858, 648, 193, 162
track:172, 858, 647, 193, 162
track:173, 859, 645, 193, 162
track:174, 857, 644, 193, 162
track:175, 855, 646, 193, 162
track:176, 855, 646, 193, 162
track:177, 860, 650, 184, 154
track:178, 861, 651, 184, 154
track:179, 861, 651, 184, 154
track:180, 863, 653, 184, 154
track:181, 863, 654, 184, 154
track:182, 864, 656, 184, 154
track:183, 866, 660, 184, 154
track:184, 868, 661, 184, 154
init :185, 872, 654, 161, 163
track:186, 870, 652, 161, 163
track:187, 867, 648, 161, 163
track:188, 863, 647, 161, 163
track:189, 862, 645, 161, 163
track:190, 859, 642, 161, 163
track:191, 859, 641, 161, 163
track:192, 857, 639, 161, 163
track:193, 858, 636, 161, 163
track:194, 857, 636, 161, 163
track:195, 858, 634, 161, 163
track:196, 859, 632, 161, 163
track:197, 860, 630, 161, 163
track:198, 862, 634, 153, 155
track:199, 862, 633, 153, 155
track:200, 858, 636, 153, 155
track:201, 856, 636, 153, 155
track:202, 855, 633, 153, 155
track:203, 855, 631, 153, 155
track:204, 856, 630, 153, 155
track:205, 856, 628, 153, 155
track:206, 857, 627, 153, 155
track:207, 855, 627, 153, 155
track:208, 854, 625, 153, 155
track:209, 856, 627, 146, 148
track:210, 854, 623, 146, 148
track:211, 852, 619, 146, 148
track:212, 856, 621, 139, 141
track:213, 856, 621, 139, 141
track:214, 856, 620, 139, 141
track:215, 857, 619, 139, 141
track:216, 856, 618, 139, 141
track:217, 855, 619, 139, 141
track:218, 856, 619, 139, 141
track:219, 854, 621, 139, 141
track:220, 854, 624, 139, 141
track:221, 855, 626, 139, 141
track:222, 855, 628, 139, 141
track:223, 855, 627, 139, 141
track:224, 854, 629, 139, 141
track:225, 854, 631, 139, 141
track:226, 855, 632, 139, 141
track:227, 855, 633, 139, 141
track:228, 855, 633, 139, 141
track:229, 855, 634, 139, 141
track:230, 854, 633, 139, 141
track:231, 854, 633, 139, 141
track:232, 853, 629, 139, 141
track:233, 851, 629, 139, 141
track:234, 853, 629, 139, 141
track:235, 852, 628, 139, 141
track:236, 857, 630, 132, 134
track:237, 861, 633, 126, 128
track:238, 861, 633, 126, 128
track:239, 863, 634, 126, 128
track:240, 863, 637, 126, 128
track:241, 863, 638, 126, 128
track:242, 864, 638, 126, 128
track:243, 864, 638, 126, 128
track:244, 864, 638, 126, 128
track:245, 863, 639, 126, 128
track:246, 867, 643, 120, 122
track:247, 867, 643, 120, 122
track:248, 866, 642, 120, 122
track:249, 867, 642, 120, 122
track:250, 867, 644, 120, 122
track:251, 867, 646, 120, 122
track:252, 868, 648, 120, 122
track:253, 868, 648, 120, 122
track:254, 869, 650, 120, 122
track:255, 869, 654, 120, 122
track:256, 869, 655, 120, 122
track:257, 870, 659, 120, 122
track:258, 870, 659, 120, 122
track:259, 870, 661, 120, 122
track:260, 870, 662, 120, 122
track:261, 871, 663, 120, 122
track:262, 872, 664, 120, 122
track:263, 871, 663, 120, 122
track:264, 870, 666, 120, 122
track:265, 870, 668, 120, 122
track:266, 870, 669, 120, 122
track:267, 870, 671, 120, 122
track:268, 870, 671, 120, 122
track:269, 870, 672, 120, 122
track:270, 871, 674, 120, 122
track:271, 872, 678, 120, 122
track:272, 873, 681, 120, 122
track:273, 873, 681, 120, 122
track:274, 873, 683, 120, 122
track:275, 873, 685, 120, 122
track:276, 873, 688, 120, 122
init :277, 867, 698, 133, 109
track:278, 867, 698, 133, 109
track:279, 868, 698, 133, 109
track:280, 868, 697, 133, 109
track:281, 870, 695, 133, 109
track:282, 871, 697, 133, 109
track:283, 872, 698, 133, 109
track:284, 873, 700, 133, 109
track:285, 871, 699, 140, 114
track:286, 873, 698, 140, 114
track:287, 872, 692, 147, 120
track:288, 872, 691, 147, 120
track:289, 869, 687, 154, 126
track:290, 866, 679, 162, 132
track:291, 865, 672, 162, 132
track:292, 867, 667, 162, 132
track:293, 867, 666, 162, 132
track:294, 864, 661, 170, 139
track:295, 866, 658, 170, 139
track:296, 867, 659, 170, 139
track:297, 862, 656, 178, 146
track:298, 859, 653, 187, 153
track:299, 858, 653, 187, 153
track:300, 851, 650, 197, 161
track:301, 844, 649, 206, 169
track:302, 838, 649, 217, 178
track:303, 838, 651, 217, 178
track:304, 831, 650, 227, 186
track:305, 824, 648, 239, 196
track:306, 822, 648, 239, 196
track:307, 822, 644, 239, 196
track:308, 822, 644, 239, 196
track:309, 822, 641, 239, 196
track:310, 814, 631, 251, 206
track:311, 815, 615, 251, 206
track:312, 815, 606, 251, 206
track:313, 815, 604, 251, 206
track:314, 822, 604, 239, 196
track:315, 821, 596, 239, 196
track:316, 820, 588, 239, 196
track:317, 828, 582, 227, 186
track:318, 834, 587, 217, 178
track:319, 835, 585, 217, 178
track:320, 840, 576, 217, 178
track:321, 843, 569, 217, 178
track:322, 844, 569, 217, 178
track:323, 845, 569, 217, 178
track:324, 844, 573, 217, 178
track:325, 844, 570, 217, 178
track:326, 843, 562, 217, 178
track:327, 841, 561, 217, 178
track:328, 841, 560, 217, 178
track:329, 842, 573, 206, 169
track:330, 840, 580, 206, 169
track:331, 838, 582, 206, 169
track:332, 837, 585, 206, 169
track:333, 842, 590, 197, 161
track:334, 841, 592, 197, 161
track:335, 841, 592, 197, 161
track:336, 845, 600, 187, 153
track:337, 845, 601, 187, 153
track:338, 846, 601, 187, 153
track:339, 846, 597, 187, 153
track:340, 852, 598, 178, 146
track:341, 853, 599, 178, 146
track:342, 853, 598, 178, 146
track:343, 853, 598, 178, 146
track:344, 852, 596, 178, 146
track:345, 852, 593, 178, 146
track:346, 853, 595, 178, 146
track:347, 857, 599, 170, 139
track:348, 857, 599, 170, 139
track:349, 859, 603, 170, 139
track:350, 858, 608, 170, 139
track:351, 859, 610, 170, 139
track:352, 863, 617, 162, 132
track:353, 863, 617, 162, 132
track:354, 863, 620, 162, 132
track:355, 867, 624, 154, 126
track:356, 867, 624, 154, 126
track:357, 870, 627, 147, 120
track:358, 870, 627, 147, 120
track:359, 869, 627, 147, 120
track:360, 867, 626, 147, 120
track:361, 867, 628, 147, 120
track:362, 867, 628, 147, 120
track:363, 867, 628, 147, 120
track:364, 867, 628, 147, 120
track:365, 867, 629, 147, 120
track:366, 865, 629, 147, 120
track:367, 865, 631, 147, 120
track:368, 864, 631, 147, 120
init :369, 876, 646, 124, 96
track:370, 875, 651, 124, 96
track:371, 875, 657, 124, 96
track:372, 874, 661, 124, 96
track:373, 874, 662, 124, 96
track:374, 874, 662, 124, 96
track:375, 874, 664, 124, 96
track:376, 870, 664, 124, 96
track:377, 868, 665, 124, 96
track:378, 868, 665, 124, 96
track:379, 868, 667, 124, 96
track:380, 867, 667, 124, 96
track:381, 867, 666, 124, 96
track:382, 865, 666, 124, 96
track:383, 865, 666, 124, 96
track:384, 863, 665, 124, 96
track:385, 863, 664, 124, 96
track:386, 863, 663, 124, 96
track:387, 865, 665, 118, 91
track:388, 865, 665, 118, 91
track:389, 864, 664, 118, 91
track:390, 864, 664, 118, 91
track:391, 867, 668, 112, 87
track:392, 868, 672, 112, 87
track:393, 867, 672, 112, 87
track:394, 868, 673, 112, 87
track:395, 869, 678, 112, 87
track:396, 869, 681, 112, 87
track:397, 872, 686, 112, 87
track:398, 872, 687, 112, 87
track:399, 873, 690, 112, 87
track:400, 874, 696, 112, 87
track:401, 875, 701, 112, 87
track:402, 876, 705, 112, 87
track:403, 876, 705, 112, 87
track:404, 877, 707, 112, 87
track:405, 878, 707, 112, 87
track:406, 879, 706, 112, 87
track:407, 880, 707, 112, 87
track:408, 879, 706, 112, 87
track:409, 880, 705, 112, 87
track:410, 880, 703, 112, 87
track:411, 881, 701, 112, 87
track:412, 882, 699, 112, 87
track:413, 882, 698, 112, 87
track:414, 881, 697, 112, 87
track:415, 881, 699, 112, 87
track:416, 881, 700, 112, 87
track:417, 882, 701, 112, 87
track:418, 882, 702, 112, 87
track:419, 883, 702, 112, 87
track:420, 881, 702, 112, 87
track:421, 880, 703, 112, 87
track:422, 879, 700, 112, 87
track:423, 879, 700, 112, 87
track:424, 878, 697, 112, 87
track:425, 878, 696, 112, 87
track:426, 877, 693, 112, 87
track:427, 876, 692, 112, 87
track:428, 876, 692, 112, 87
track:429, 875, 692, 112, 87
track:430, 875, 692, 112, 87
track:431, 876, 692, 112, 87
track:432, 874, 692, 112, 87
track:433, 874, 692, 112, 87
track:434, 873, 692, 112, 87
track:435, 872, 692, 112, 87
track:436, 871, 693, 112, 87
track:437, 871, 695, 112, 87
track:438, 871, 695, 112, 87
track:439, 872, 697, 112, 87
track:440, 873, 697, 112, 87
track:441, 873, 697, 112, 87
track:442, 873, 698, 112, 87
track:443, 874, 698, 112, 87
track:444, 874, 698, 112, 87
track:445, 873, 699, 112, 87
track:446, 874, 699, 112, 87
track:447, 874, 699, 112, 87
track:448, 874, 698, 112, 87
track:449, 874, 697, 112, 87
track:450, 874, 697, 112, 87
track:451, 875, 698, 112, 87
track:452, 872, 698, 118, 91
track:453, 870, 697, 124, 96
track:454, 871, 697, 124, 96
track:455, 872, 698, 124, 96
track:456, 872, 698, 124, 96
track:457, 872, 698, 124, 96
track:458, 872, 698, 124, 96
track:459, 871, 697, 124, 96
track:460, 872, 696, 124, 96
init :461, 872, 687, 124, 101
track:462, 872, 687, 124, 101
track:463, 872, 687, 124, 101
track:464, 872, 684, 124, 101
track:465, 872, 683, 124, 101
track:466, 872, 683, 124, 101
track:467, 872, 683, 124, 101
track:468, 871, 683, 124, 101
track:469, 871, 684, 124, 101
track:470, 873, 684, 124, 101
track:471, 875, 686, 124, 101
track:472, 875, 686, 124, 101
track:473, 873, 685, 130, 106
track:474, 873, 688, 130, 106
track:475, 875, 688, 130, 106
track:476, 877, 687, 130, 106
track:477, 877, 687, 130, 106
track:478, 879, 686, 130, 106
track:479, 878, 681, 137, 111
track:480, 876, 669, 144, 117
track:481, 877, 667, 144, 117
track:482, 878, 666, 144, 117
track:483, 881, 659, 144, 117
track:484, 882, 657, 144, 117
track:485, 880, 655, 151, 123
track:486, 881, 658, 151, 123
track:487, 881, 660, 151, 123
track:488, 880, 664, 151, 123
track:490, 873, 664, 158, 129
track:491, 871, 665, 158, 129
track:492, 870, 665, 158, 129
track:493, 869, 665, 158, 129
track:494, 867, 665, 158, 129
track:495, 864, 657, 158, 129
track:496, 862, 653, 158, 129
track:497, 862, 652, 158, 129
track:498, 861, 649, 158, 129
track:499, 860, 646, 158, 129
track:500, 859, 641, 158, 129
track:501, 859, 637, 158, 129
track:502, 859, 636, 158, 129
track:503, 859, 635, 158, 129
track:504, 855, 631, 166, 135
track:505, 853, 630, 166, 135
track:506, 853, 630, 166, 135
track:507, 854, 629, 166, 135
track:508, 853, 627, 166, 135
track:509, 853, 625, 166, 135
track:510, 852, 620, 166, 135
track:511, 852, 618, 166, 135
track:512, 851, 619, 166, 135
track:513, 851, 619, 166, 135
track:514, 851, 619, 166, 135
track:515, 851, 620, 166, 135
track:516, 851, 619, 166, 135
track:517, 851, 618, 166, 135
track:518, 850, 616, 166, 135
track:519, 851, 615, 166, 135
track:520, 851, 615, 166, 135
track:521, 855, 616, 158, 129
track:522, 856, 616, 158, 129
track:523, 855, 618, 158, 129
track:524, 856, 620, 158, 129
track:525, 857, 623, 158, 129
track:526, 859, 623, 158, 129
track:527, 858, 624, 158, 129
track:528, 858, 623, 158, 129
track:529, 859, 622, 158, 129
track:530, 863, 623, 151, 123
track:531, 863, 623, 151, 123
track:532, 863, 623, 151, 123
track:533, 869, 626, 144, 117
track:534, 872, 629, 137, 111
track:535, 871, 631, 137, 111
track:536, 871, 633, 137, 111
track:537, 871, 634, 137, 111
track:538, 875, 636, 130, 106
track:539, 876, 638, 130, 106
track:540, 878, 641, 124, 101
track:543, 876, 643, 124, 101
track:544, 875, 643, 124, 101
track:546, 873, 648, 124, 101
track:547, 873, 649, 124, 101
track:548, 875, 653, 118, 96
track:549, 874, 656, 118, 96
track:550, 876, 660, 112, 92
track:551, 875, 661, 112, 92
track:552, 875, 661, 112, 92
init :553, 881, 664, 101, 83
track:554, 881, 664, 101, 83
track:555, 881, 664, 101, 83
track:556, 880, 665, 101, 83
track:557, 880, 665, 101, 83
track:558, 880, 670, 101, 83
track:559, 879, 672, 101, 83
track:560, 879, 676, 101, 83
track:561, 882, 680, 96, 79
track:562, 881, 680, 96, 79
track:563, 882, 682, 96, 79
track:564, 881, 685, 96, 79
track:565, 881, 686, 96, 79
track:566, 881, 688, 96, 79
track:567, 881, 688, 96, 79
track:568, 882, 691, 96, 79
track:569, 883, 692, 96, 79
track:570, 881, 695, 96, 79
track:571, 882, 697, 96, 79
track:572, 882, 697, 96, 79
track:573, 883, 700, 96, 79
track:574, 884, 702, 96, 79
track:575, 885, 701, 96, 79
track:576, 884, 699, 96, 79
track:577, 883, 699, 96, 79
track:578, 883, 697, 96, 79
track:579, 884, 694, 96, 79
track:580, 886, 695, 96, 79
track:581, 887, 695, 96, 79
track:582, 887, 695, 96, 79
track:583, 885, 698, 96, 79
track:584, 886, 698, 96, 79
track:585, 886, 699, 96, 79
track:586, 886, 699, 96, 79
track:587, 886, 700, 96, 79
track:588, 886, 700, 96, 79
track:589, 886, 699, 96, 79
track:590, 882, 696, 101, 83
track:591, 881, 698, 101, 83
track:592, 881, 698, 101, 83
track:593, 878, 694, 106, 87
track:594, 878, 693, 106, 87
track:595, 878, 684, 106, 87
track:596, 877, 682, 106, 87
track:597, 877, 682, 106, 87
track:598, 876, 678, 106, 87
track:599, 876, 670, 106, 87
track:600, 876, 668, 106, 87
track:601, 877, 668, 106, 87
track:602, 877, 667, 106, 87
track:603, 877, 667, 106, 87
track:604, 874, 658, 111, 92
track:605, 873, 656, 111, 92
track:606, 873, 655, 111, 92
track:607, 871, 653, 117, 96
track:608, 871, 653, 117, 96
track:609, 872, 653, 117, 96
track:610, 871, 654, 117, 96
track:611, 872, 657, 117, 96
track:612, 872, 658, 117, 96
track:613, 872, 660, 117, 96
track:614, 872, 662, 117, 96
track:615, 872, 664, 117, 96
track:616, 871, 667, 117, 96
track:617, 872, 667, 117, 96
track:618, 872, 667, 117, 96
track:619, 871, 666, 117, 96
track:620, 870, 663, 123, 101
track:621, 871, 663, 123, 101
track:622, 871, 663, 123, 101
track:623, 870, 662, 123, 101
track:624, 868, 661, 123, 101
track:625, 869, 660, 123, 101
track:626, 871, 661, 123, 101
track:627, 870, 662, 123, 101
track:628, 871, 662, 123, 101
track:629, 870, 662, 123, 101
track:630, 871, 660, 123, 101
track:631, 868, 657, 129, 106
track:632, 868, 657, 129, 106
track:633, 869, 660, 129, 106
track:634, 867, 660, 135, 111
track:635, 867, 662, 135, 111
track:636, 868, 663, 135, 111
track:637, 869, 663, 135, 111
track:638, 871, 665, 135, 111
track:639, 872, 665, 135, 111
track:640, 872, 665, 135, 111
track:641, 872, 663, 135, 111
track:642, 871, 663, 135, 111
track:643, 872, 661, 135, 111
track:644, 871, 659, 135, 111
init :645, 858, 654, 152, 119
track:646, 858, 652, 152, 119
track:647, 859, 652, 152, 119
track:648, 859, 652, 152, 119
track:649, 859, 653, 152, 119
track:650, 861, 654, 152, 119
track:651, 862, 654, 152, 119
track:652, 863, 654, 152, 119
track:653, 864, 653, 152, 119
track:654, 865, 654, 152, 119
track:655, 866, 658, 152, 119
track:656, 867, 659, 152, 119
track:657, 868, 660, 152, 119
track:658, 870, 663, 152, 119
track:659, 871, 663, 152, 119
track:660, 871, 661, 152, 119
track:661, 871, 661, 152, 119
track:662, 871, 661, 152, 119
track:663, 872, 661, 152, 119
track:664, 873, 659, 152, 119
track:665, 874, 657, 152, 119
track:666, 874, 655, 152, 119
track:667, 874, 655, 152, 119
track:668, 874, 654, 152, 119
track:669, 875, 653, 152, 119
track:670, 875, 652, 152, 119
track:671, 872, 652, 152, 119
track:672, 872, 652, 152, 119
track:673, 870, 652, 152, 119
track:674, 869, 650, 152, 119
track:675, 869, 650, 152, 119
track:676, 869, 650, 152, 119
track:677, 868, 651, 152, 119
track:678, 870, 655, 145, 113
track:679, 869, 664, 145, 113
track:680, 866, 670, 152, 119
track:681, 866, 671, 152, 119
track:682, 866, 672, 152, 119
track:683, 864, 670, 152, 119
track:684, 858, 667, 160, 125
track:685, 859, 670, 160, 125
track:686, 860, 672, 160, 125
track:687, 860, 673, 160, 125
track:688, 859, 672, 160, 125
track:689, 858, 671, 160, 125
track:690, 857, 668, 160, 125
track:691, 857, 667, 160, 125
track:692, 856, 666, 160, 125
track:693, 856, 665, 160, 125
track:694, 856, 664, 160, 125
track:695, 856, 664, 160, 125
track:696, 855, 662, 160, 125
track:697, 855, 662, 160, 125
track:698, 853, 662, 160, 125
track:699, 851, 662, 160, 125
track:700, 851, 662, 160, 125
track:701, 851, 664, 160, 125
track:702, 851, 664, 160, 125
track:703, 851, 668, 160, 125
track:704, 846, 670, 168, 131
track:705, 844, 674, 168, 131
track:706, 839, 673, 176, 138
track:707, 842, 676, 168, 131
track:708, 843, 677, 168, 131
track:709, 842, 678, 168, 131
track:710, 842, 676, 168, 131
track:711, 842, 676, 168, 131
track:712, 841, 674, 168, 131
track:713, 842, 672, 168, 131
track:714, 841, 671, 168, 131
track:715, 841, 672, 168, 131
track:716, 841, 673, 168, 131
track:717, 841, 674, 168, 131
track:718, 839, 671, 176, 138
track:719, 840, 672, 176, 138
track:720, 840, 672, 176, 138
track:721, 840, 673, 176, 138
track:722, 840, 673, 176, 138
track:723, 841, 673, 176, 138
track:724, 841, 670, 176, 138
track:725, 842, 667, 176, 138
track:726, 842, 665, 176, 138
track:727, 842, 664, 176, 138
track:728, 842, 662, 176, 138
track:729, 841, 657, 176, 138
track:730, 837, 651, 185, 145
track:731, 839, 651, 185, 145
track:732, 840, 651, 185, 145
track:733, 839, 649, 185, 145
track:734, 840, 646, 185, 145
track:735, 839, 641, 185, 145
track:736, 840, 640, 185, 145
init :737, 849, 636, 175, 127
track:738, 852, 639, 167, 121
track:739, 847, 636, 175, 127
track:740, 848, 637, 175, 127
track:741, 850, 638, 175, 127
track:742, 849, 640, 175, 127
track:743, 843, 639, 184, 133
track:744, 843, 638, 184, 133
track:745, 843, 636, 184, 133
track:746, 844, 636, 184, 133
track:747, 848, 637, 175, 127
track:748, 848, 628, 175, 127
track:749, 848, 623, 175, 127
track:750, 846, 622, 175, 127
track:751, 845, 621, 175, 127
track:752, 845, 623, 175, 127
track:753, 847, 624, 175, 127
track:754, 849, 625, 175, 127
track:755, 851, 624, 175, 127
track:756, 851, 625, 175, 127
track:757, 857, 626, 167, 121
track:758, 856, 625, 167, 121
track:759, 855, 626, 167, 121
track:760, 855, 629, 167, 121
track:761, 855, 631, 167, 121
track:762, 859, 632, 167, 121
track:763, 860, 631, 167, 121
track:764, 861, 630, 167, 121
track:765, 863, 634, 159, 115
track:766, 863, 633, 159, 115
track:767, 862, 634, 159, 115
track:768, 862, 636, 159, 115
track:769, 863, 637, 159, 115
track:770, 865, 646, 159, 115
track:771, 865, 646, 159, 115
track:772, 866, 647, 159, 115
track:773, 868, 645, 159, 115
track:774, 868, 644, 159, 115
track:775, 868, 645, 159, 115
track:776, 869, 645, 159, 115
track:777, 870, 644, 159, 115
track:778, 875, 646, 151, 110
track:779, 876, 646, 151, 110
track:780, 879, 648, 144, 104
track:781, 880, 648, 144, 104
track:782, 879, 648, 144, 104
track:783, 879, 648, 144, 104
track:784, 879, 647, 144, 104
track:785, 878, 648, 144, 104
track:786, 878, 648, 144, 104
track:787, 878, 649, 144, 104
track:788, 877, 649, 144, 104
track:789, 876, 649, 144, 104
track:790, 875, 649, 144, 104
track:791, 875, 649, 144, 104
track:792, 875, 648, 144, 104
track:793, 874, 649, 144, 104
track:794, 874, 650, 144, 104
track:795, 874, 654, 144, 104
track:796, 875, 655, 144, 104
track:797, 875, 654, 144, 104
track:798, 874, 654, 144, 104
track:799, 874, 654, 144, 104
track:800, 874, 656, 144, 104
track:801, 874, 656, 144, 104
track:802, 874, 657, 144, 104
track:803, 873, 657, 144, 104
track:804, 874, 658, 144, 104
track:805, 873, 658, 144, 104
track:806, 873, 658, 144, 104
track:807, 872, 658, 144, 104
track:808, 871, 659, 144, 104
track:809, 871, 660, 144, 104
track:810, 872, 663, 144, 104
track:811, 872, 664, 144, 104
track:812, 871, 666, 144, 104
track:813, 870, 665, 144, 104
track:814, 868, 665, 144, 104
track:815, 863, 662, 151, 110
track:816, 864, 661, 151, 110
track:817, 863, 664, 151, 110
track:818, 863, 671, 151, 110
track:819, 863, 673, 151, 110
track:820, 860, 684, 151, 110
track:821, 860, 683, 151, 110
track:822, 860, 685, 151, 110
track:823, 856, 681, 159, 115
track:824, 854, 681, 159, 115
track:825, 854, 681, 159, 115
track:826, 854, 681, 159, 115
track:827, 852, 684, 159, 115
track:828, 853, 690, 159, 115
init :829, 853, 685, 156, 145
track:830, 854, 686, 156, 145
track:831, 855, 686, 156, 145
track:832, 855, 687, 156, 145
track:833, 858, 685, 156, 145
track:834, 859, 677, 156, 145
track:835, 854, 666, 164, 152
track:836, 854, 666, 164, 152
track:837, 854, 660, 164, 152
track:838, 849, 655, 172, 160
track:839, 847, 650, 172, 160
track:840, 844, 646, 172, 160
track:841, 845, 646, 172, 160
track:842, 843, 645, 172, 160
track:843, 840, 639, 172, 160
track:844, 838, 636, 172, 160
track:845, 832, 621, 172, 160
track:846, 831, 621, 172, 160
track:847, 826, 612, 181, 168
track:848, 827, 606, 181, 168
track:849, 827, 604, 181, 168
track:850, 826, 603, 181, 168
track:851, 826, 602, 181, 168
track:852, 830, 598, 181, 168
track:853, 834, 594, 181, 168
track:854, 834, 596, 181, 168
track:855, 835, 599, 181, 168
track:856, 834, 600, 181, 168
track:857, 835, 601, 181, 168
track:858, 836, 599, 181, 168
track:859, 837, 594, 181, 168
track:860, 838, 593, 181, 168
track:861, 838, 592, 181, 168
track:862, 837, 595, 181, 168
track:863, 838, 599, 181, 168
track:864, 839, 604, 181, 168
track:865, 839, 612, 181, 168
track:866, 838, 612, 181, 168
track:867, 839, 616, 181, 168
track:868, 839, 618, 181, 168
track:869, 840, 618, 181, 168
track:870, 839, 624, 181, 168
track:871, 840, 624, 181, 168
track:872, 840, 624, 181, 168
track:873, 841, 623, 181, 168
track:874, 842, 623, 181, 168
track:875, 846, 629, 172, 160
track:876, 851, 633, 164, 152
track:877, 853, 633, 164, 152
track:878, 858, 637, 156, 145
track:879, 860, 638, 156, 145
track:880, 860, 636, 156, 145
track:881, 860, 637, 156, 145
track:882, 860, 637, 156, 145
track:883, 862, 635, 156, 145
track:884, 868, 638, 149, 138
track:885, 869, 637, 149, 138
track:886, 873, 640, 141, 132
track:887, 874, 641, 141, 132
track:888, 875, 642, 141, 132
track:889, 877, 640, 141, 132
track:890, 882, 642, 135, 125
track:891, 882, 642, 135, 125
track:892, 883, 641, 135, 125
track:893, 884, 640, 135, 125
track:894, 884, 640, 135, 125
track:895, 885, 640, 135, 125
track:896, 885, 640, 135, 125
track:897, 885, 640, 135, 125
track:898, 883, 639, 135, 125
track:899, 882, 639, 135, 125
track:900, 880, 640, 135, 125
track:901, 882, 643, 128, 119
track:902, 881, 645, 128, 119
track:903, 881, 646, 128, 119
track:904, 881, 645, 128, 119
track:905, 880, 645, 128, 119
track:906, 880, 645, 128, 119
track:907, 908, 633, 135, 125
track:908, 914, 626, 135, 125
track:909, 918, 638, 135, 125
track:910, 914, 644, 135, 125
track:911, 915, 643, 135, 125
track:912, 917, 648, 135, 125
track:913, 915, 649, 135, 125
track:914, 916, 653, 135, 125
track:915, 921, 660, 128, 119
track:916, 922, 660, 128, 119
track:917, 923, 662, 128, 119
track:918, 926, 667, 122, 114
track:919, 926, 665, 122, 114
track:920, 921, 666, 122, 114
init :921, 807, 584, 290, 249
track:922, 803, 584, 290, 249
track:923, 799, 582, 290, 249
track:924, 795, 581, 290, 249
track:925, 789, 581, 290, 249
track:926, 788, 580, 290, 249
track:927, 786, 582, 290, 249
track:928, 778, 580, 290, 249
track:929, 774, 580, 290, 249
track:930, 770, 579, 290, 249
track:931, 770, 579, 290, 249
track:932, 769, 579, 290, 249
track:933, 769, 577, 290, 249
track:934, 768, 575, 290, 249
track:935, 767, 572, 290, 249
track:936, 767, 572, 290, 249
track:937, 769, 569, 290, 249
track:938, 777, 575, 276, 237
track:939, 775, 572, 276, 237
track:940, 774, 572, 276, 237
track:941, 777, 573, 276, 237
track:942, 772, 570, 276, 237
track:943, 773, 570, 276, 237
track:944, 774, 568, 276, 237
track:945, 774, 568, 276, 237
track:946, 773, 567, 276, 237
track:947, 767, 567, 276, 237
track:948, 762, 569, 276, 237
track:949, 760, 570, 276, 237
track:950, 754, 573, 276, 237
track:951, 756, 573, 276, 237
track:952, 753, 575, 276, 237
track:953, 749, 575, 276, 237
track:954, 749, 576, 276, 237
track:955, 747, 576, 276, 237
track:956, 753, 583, 263, 226
track:957, 749, 584, 263, 226
track:958, 750, 585, 263, 226
track:959, 749, 586, 263, 226
track:960, 747, 588, 263, 226
track:961, 748, 589, 263, 226
track:962, 746, 591, 263, 226
track:963, 738, 592, 263, 226
track:964, 737, 591, 263, 226
track:965, 737, 592, 263, 226
track:966, 732, 591, 263, 226
track:967, 730, 593, 263, 226
track:968, 723, 594, 263, 226
track:969, 718, 593, 263, 226
track:970, 719, 593, 263, 226
track:971, 716, 593, 263, 226
track:972, 709, 592, 263, 226
track:973, 707, 595, 263, 226
track:974, 699, 594, 263, 226
track:975, 702, 594, 263, 226
track:976, 700, 595, 263, 226
track:977, 694, 596, 263, 226
track:978, 695, 596, 263, 226
track:979, 693, 596, 263, 226
track:980, 693, 596, 263, 226
track:981, 692, 597, 263, 226
track:982, 693, 597, 263, 226
track:983, 692, 597, 263, 226
track:984, 694, 597, 263, 226
track:985, 693, 597, 263, 226
track:986, 694, 597, 263, 226
track:987, 696, 598, 263, 226
track:988, 699, 598, 263, 226
track:989, 699, 599, 263, 226
track:990, 701, 599, 263, 226
track:991, 701, 599, 263, 226
track:992, 704, 603, 251, 215
track:993, 704, 602, 251, 215
track:994, 705, 601, 251, 215
track:995, 703, 600, 251, 215
track:996, 705, 599, 251, 215
track:997, 704, 595, 251, 215
track:998, 715, 599, 239, 205
track:999, 722, 596, 239, 205
track:1000, 725, 600, 227, 195
track:1001, 730, 596, 227, 195
track:1002, 735, 595, 227, 195
track:1003, 740, 590, 227, 195
track:1004, 744, 587, 227, 195
track:1005, 747, 586, 227, 195
track:1006, 748, 585, 227, 195
track:1007, 751, 582, 227, 195
track:1008, 759, 583, 216, 186
track:1009, 755, 579, 216, 186
track:1010, 757, 581, 216, 186
track:1011, 755, 579, 216, 186
track:1012, 753, 577, 216, 186
init :1013, 766, 576, 470, 189
track:1014, 776, 581, 448, 180
track:1015, 776, 581, 448, 180
track:1016, 772, 580, 448, 180
track:1017, 767, 580, 448, 180
track:1018, 766, 581, 448, 180
track:1019, 761, 580, 448, 180
track:1020, 760, 579, 448, 180
track:1021, 758, 580, 448, 180
track:1022, 758, 580, 448, 180
track:1023, 755, 581, 448, 180
track:1024, 750, 580, 448, 180
track:1025, 748, 579, 448, 180
track:1026, 747, 578, 448, 180
track:1027, 747, 579, 448, 180
track:1028, 754, 582, 426, 171
track:1029, 752, 583, 426, 171
track:1030, 750, 584, 426, 171
track:1031, 753, 589, 406, 163
track:1032, 746, 591, 406, 163
track:1033, 742, 592, 406, 163
track:1034, 739, 593, 406, 163
track:1035, 737, 595, 406, 163
track:1036, 727, 594, 426, 171
track:1037, 723, 596, 426, 171
track:1038, 721, 600, 426, 171
track:1039, 720, 603, 426, 171
track:1040, 711, 598, 448, 180
track:1041, 719, 605, 426, 171
track:1042, 718, 606, 426, 171
track:1043, 717, 607, 426, 171
track:1044, 729, 613, 406, 163
track:1045, 718, 610, 426, 171
track:1046, 719, 613, 426, 171
track:1047, 732, 618, 406, 163
track:1048, 736, 616, 406, 163
track:1049, 741, 614, 406, 163
track:1050, 732, 611, 426, 171
track:1051, 743, 609, 426, 171
track:1052, 744, 609, 426, 171
track:1053, 751, 606, 426, 171
track:1054, 757, 608, 426, 171
track:1055, 762, 606, 426, 171
track:1056, 766, 607, 426, 171
track:1057, 770, 609, 426, 171
track:1058, 773, 609, 426, 171
track:1059, 769, 610, 426, 171
track:1060, 779, 614, 406, 163
track:1061, 775, 616, 406, 163
track:1062, 783, 618, 387, 155
track:1063, 778, 618, 387, 155
track:1064, 768, 613, 406, 163
track:1065, 764, 613, 406, 163
track:1066, 759, 614, 406, 163
track:1067, 752, 613, 406, 163
track:1068, 746, 613, 406, 163
track:1069, 735, 614, 406, 163
track:1070, 733, 615, 406, 163
track:1071, 736, 620, 387, 155
track:1072, 720, 621, 387, 155
track:1073, 704, 622, 387, 155
track:1074, 693, 622, 387, 155
track:1075, 693, 620, 387, 155
track:1076, 682, 619, 387, 155
track:1077, 668, 617, 406, 163
track:1078, 644, 616, 406, 163
track:1079, 642, 616, 406, 163
track:1080, 642, 616, 406, 163
track:1081, 620, 616, 406, 163
track:1082, 624, 618, 406, 163
track:1083, 612, 615, 426, 171
track:1084, 612, 617, 426, 171
track:1085, 614, 619, 426, 171
track:1086, 623, 621, 406, 163
track:1087, 624, 620, 406, 163
track:1088, 623, 621, 406, 163
track:1089, 621, 621, 406, 163
track:1090, 621, 622, 406, 163
track:1091, 630, 626, 387, 155
track:1092, 623, 626, 387, 155
track:1093, 624, 628, 387, 155
track:1094, 627, 626, 387, 155
track:1095, 629, 626, 387, 155
track:1096, 633, 626, 387, 155
track:1097, 645, 628, 368, 148
track:1098, 647, 628, 368, 148
track:1099, 645, 628, 368, 148
track:1100, 643, 628, 368, 148
track:1101, 646, 627, 368, 148
track:1102, 646, 626, 368, 148
track:1103, 645, 627, 368, 148
track:1104, 653, 629, 351, 141
init :1105, 692, 628, 466, 163
track:1106, 691, 629, 466, 163
track:1107, 691, 628, 466, 163
track:1108, 688, 628, 466, 163
track:1109, 685, 630, 466, 163
track:1110, 685, 630, 466, 163
track:1111, 681, 631, 466, 163
track:1112, 679, 633, 466, 163
track:1113, 671, 634, 466, 163
track:1114, 671, 635, 466, 163
track:1115, 667, 636, 466, 163
track:1116, 675, 638, 444, 155
track:1117, 675, 641, 444, 155
track:1118, 670, 640, 444, 155
track:1119, 669, 639, 444, 155
track:1120, 667, 640, 444, 155
track:1121, 667, 640, 444, 155
track:1122, 672, 640, 444, 155
track:1123, 657, 637, 466, 163
track:1124, 655, 639, 466, 163
track:1125, 658, 642, 466, 163
track:1126, 658, 642, 466, 163
track:1127, 642, 646, 466, 163
track:1128, 650, 645, 466, 163
track:1129, 675, 646, 444, 155
track:1130, 669, 647, 444, 155
track:1131, 675, 642, 444, 155
track:1132, 686, 647, 423, 148
track:1133, 694, 646, 423, 148
track:1134, 767, 650, 423, 148
track:1135, 821, 654, 403, 141
track:1136, 821, 655, 403, 141
track:1137, 833, 672, 383, 134
track:1138, 819, 673, 403, 141
track:1139, 819, 677, 403, 141
track:1140, 830, 678, 403, 141
track:1141, 814, 677, 403, 141
track:1142, 803, 682, 403, 141
track:1143, 790, 683, 423, 148
track:1144, 773, 681, 444, 155
track:1145, 784, 687, 423, 148
track:1146, 790, 689, 403, 141
track:1147, 791, 693, 383, 134
track:1148, 776, 693, 403, 141
track:1149, 775, 692, 403, 141
track:1150, 765, 690, 423, 148
track:1151, 764, 686, 423, 148
track:1152, 751, 687, 423, 148
track:1153, 751, 686, 423, 148
track:1154, 749, 683, 423, 148
track:1155, 746, 683, 423, 148
track:1156, 749, 680, 423, 148
track:1157, 755, 680, 403, 141
track:1158, 763, 679, 403, 141
track:1159, 759, 673, 423, 148
track:1160, 760, 671, 423, 148
track:1161, 762, 669, 423, 148
track:1162, 761, 666, 444, 155
track:1163, 764, 664, 444, 155
track:1164, 771, 664, 444, 155
track:1165, 777, 665, 444, 155
track:1166, 762, 662, 466, 163
track:1167, 763, 663, 466, 163
track:1168, 755, 664, 466, 163
track:1169, 762, 661, 489, 171
track:1170, 777, 665, 466, 163
track:1171, 783, 663, 466, 163
track:1172, 770, 657, 489, 171
track:1173, 767, 653, 514, 180
track:1174, 765, 650, 514, 180
track:1175, 779, 652, 489, 171
track:1176, 789, 656, 466, 163
track:1177, 795, 655, 489, 171
track:1178, 810, 651, 489, 171
track:1179, 815, 650, 489, 171
track:1180, 800, 643, 514, 180
track:1181, 799, 641, 514, 180
track:1182, 804, 643, 514, 180
track:1183, 803, 641, 539, 189
track:1184, 783, 635, 539, 189
track:1185, 794, 641, 539, 189
track:1186, 795, 637, 566, 198
track:1187, 807, 639, 539, 189
track:1188, 816, 641, 539, 189
track:1189, 808, 637, 539, 189
track:1190, 819, 640, 539, 189
track:1191, 820, 637, 539, 189
track:1192, 810, 630, 539, 189
track:1193, 807, 630, 539, 189
track:1194, 806, 629, 539, 189
track:1195, 802, 630, 539, 189
track:1196, 799, 627, 539, 189
init :1197, 793, 630, 373, 111
track:1198, 791, 630, 373, 111
track:1199, 796, 632, 355, 106
track:1200, 788, 630, 373, 111
track:1201, 787, 629, 373, 111
track:1202, 788, 628, 373, 111
track:1203, 799, 631, 355, 106
track:1204, 802, 630, 355, 106
track:1205, 804, 630, 355, 106
track:1206, 808, 629, 355, 106
track:1207, 810, 630, 355, 106
track:1208, 820, 633, 338, 101
track:1209, 821, 633, 338, 101
track:1210, 829, 633, 338, 101
track:1211, 832, 634, 338, 101
track:1212, 829, 632, 355, 106
track:1213, 823, 631, 373, 111
track:1214, 822, 630, 373, 111
track:1215, 836, 635, 355, 106
track:1216, 834, 635, 355, 106
track:1217, 834, 635, 355, 106
track:1218, 838, 637, 355, 106
track:1219, 844, 638, 338, 101
track:1220, 840, 638, 355, 106
track:1221, 833, 638, 355, 106
track:1222, 839, 641, 338, 101
track:1223, 836, 641, 355, 106
track:1224, 843, 643, 338, 101
track:1225, 850, 644, 338, 101
track:1226, 848, 643, 338, 101
track:1227, 846, 643, 338, 101
track:1228, 855, 646, 322, 96
track:1229, 856, 646, 322, 96
track:1230, 858, 646, 322, 96
track:1231, 859, 647, 322, 96
track:1232, 854, 646, 338, 101
track:1233, 850, 647, 338, 101
track:1234, 858, 649, 322, 96
track:1235, 864, 651, 307, 91
track:1236, 851, 651, 322, 96
track:1237, 852, 652, 307, 91
track:1238, 850, 651, 307, 91
track:1239, 859, 652, 292, 87
track:1240, 858, 652, 292, 87
track:1241, 859, 652, 292, 87
track:1242, 856, 652, 292, 87
track:1243, 856, 655, 292, 87
track:1244, 858, 659, 292, 87
track:1245, 867, 661, 278, 83
track:1246, 868, 662, 278, 83
track:1247, 876, 666, 265, 79
track:1248, 887, 670, 252, 75
track:1249, 889, 674, 252, 75
track:1250, 884, 672, 265, 79
track:1251, 859, 670, 278, 83
track:1252, 864, 674, 278, 83
track:1253, 878, 678, 265, 79
track:1254, 877, 681, 252, 75
track:1255, 883, 682, 252, 75
track:1256, 879, 683, 252, 75
track:1257, 874, 684, 252, 75
track:1258, 875, 686, 240, 72
track:1259, 874, 686, 240, 72
track:1260, 882, 689, 229, 68
track:1261, 880, 689, 229, 68
track:1262, 886, 691, 218, 65
track:1263, 884, 689, 218, 65
track:1264, 889, 689, 208, 62
track:1265, 893, 687, 208, 62
track:1266, 898, 686, 198, 59
track:1267, 897, 684, 198, 59
track:1268, 892, 682, 198, 59
track:1269, 894, 681, 198, 59
track:1270, 893, 680, 198, 59
track:1271, 890, 678, 198, 59
track:1272, 892, 677, 188, 56
track:1273, 881, 673, 198, 59
track:1274, 885, 674, 188, 56
track:1275, 880, 673, 188, 56
track:1276, 878, 673, 188, 56
track:1277, 868, 671, 198, 59
track:1278, 869, 670, 198, 59
track:1279, 866, 669, 198, 59
track:1280, 853, 671, 188, 56
track:1281, 856, 671, 179, 53
track:1282, 854, 671, 179, 53
track:1283, 847, 670, 179, 53
track:1284, 847, 670, 179, 53
track:1285, 839, 673, 171, 51
track:1286, 838, 671, 171, 51
track:1287, 836, 669, 171, 51
track:1288, 836, 668, 171, 51
init :1289, 872, 659, 143, 72
track:1290, 871, 659, 143, 72
track:1291, 870, 660, 143, 72
track:1292, 868, 660, 143, 72
track:1293, 867, 660, 143, 72
track:1294, 865, 660, 143, 72
track:1295, 865, 660, 143, 72
track:1296, 864, 659, 143, 72
track:1297, 865, 659, 143, 72
track:1298, 864, 659, 143, 72
track:1299, 864, 659, 143, 72
track:1300, 866, 661, 136, 69
track:1301, 865, 661, 136, 69
track:1302, 865, 661, 136, 69
track:1303, 866, 663, 130, 65
track:1304, 866, 663, 130, 65
track:1305, 867, 662, 130, 65
track:1306, 867, 662, 130, 65
track:1307, 868, 663, 130, 65
track:1308, 867, 664, 130, 65
track:1309, 866, 665, 130, 65
track:1310, 867, 665, 130, 65
track:1311, 869, 665, 130, 65
track:1312, 868, 666, 130, 65
track:1313, 868, 666, 130, 65
track:1314, 868, 665, 130, 65
track:1315, 863, 665, 136, 69
track:1316, 863, 665, 136, 69
track:1317, 861, 666, 136, 69
track:1318, 860, 666, 136, 69
track:1319, 860, 666, 136, 69
track:1320, 858, 667, 136, 69
track:1321, 859, 669, 130, 65
track:1322, 860, 670, 130, 65
track:1323, 861, 669, 130, 65
track:1324, 861, 670, 130, 65
track:1325, 862, 671, 130, 65
track:1326, 866, 672, 124, 62
track:1327, 867, 673, 124, 62
track:1328, 869, 673, 124, 62
track:1329, 870, 674, 124, 62
track:1330, 870, 674, 124, 62
track:1331, 866, 674, 124, 62
track:1332, 864, 674, 124, 62
track:1333, 862, 674, 124, 62
track:1334, 860, 674, 124, 62
track:1335, 854, 674, 124, 62
track:1336, 850, 674, 124, 62
track:1337, 846, 674, 124, 62
track:1338, 844, 674, 124, 62
track:1339, 844, 674, 124, 62
track:1340, 843, 674, 124, 62
track:1341, 841, 674, 124, 62
track:1342, 842, 675, 124, 62
track:1343, 844, 676, 118, 59
track:1344, 844, 676, 118, 59
track:1345, 843, 677, 118, 59
track:1346, 844, 677, 118, 59
track:1347, 844, 677, 118, 59
track:1348, 839, 677, 124, 62
track:1349, 843, 679, 118, 59
track:1350, 841, 679, 118, 59
track:1351, 840, 679, 118, 59
track:1352, 840, 679, 118, 59
track:1353, 837, 680, 118, 59
track:1354, 839, 679, 118, 59
track:1355, 841, 679, 118, 59
track:1356, 841, 681, 118, 59
track:1357, 840, 681, 118, 59
track:1358, 840, 682, 118, 59
track:1359, 839, 681, 118, 59
track:1360, 840, 682, 118, 59
track:1361, 840, 682, 118, 59
track:1362, 842, 684, 112, 56
track:1363, 843, 685, 112, 56
track:1364, 843, 685, 112, 56
track:1365, 841, 685, 112, 56
track:1366, 841, 685, 112, 56
track:1367, 841, 685, 112, 56
track:1368, 839, 687, 112, 56
track:1369, 840, 687, 112, 56
track:1370, 839, 688, 112, 56
track:1371, 836, 690, 112, 56
track:1372, 835, 691, 112, 56
track:1373, 833, 692, 112, 56
track:1374, 831, 693, 112, 56
track:1375, 829, 693, 112, 56
track:1376, 827, 692, 112, 56
track:1377, 826, 692, 112, 56
track:1378, 822, 693, 112, 56
track:1379, 821, 694, 112, 56
track:1380, 816, 695, 112, 56
init :1381, 816, 695, 193, 62
track:1382, 814, 696, 193, 62
track:1383, 812, 696, 193, 62
track:1384, 810, 697, 193, 62
track:1385, 813, 699, 184, 59
track:1386, 809, 698, 193, 62
track:1387, 810, 699, 193, 62
track:1388, 813, 700, 193, 62
track:1389, 815, 701, 193, 62
track:1390, 817, 702, 193, 62
track:1391, 825, 704, 184, 59
track:1392, 829, 705, 184, 59
track:1393, 833, 707, 184, 59
track:1394, 834, 707, 184, 59
track:1395, 837, 707, 184, 59
track:1396, 838, 708, 184, 59
track:1397, 834, 709, 193, 62
track:1398, 829, 709, 203, 65
track:1399, 833, 710, 193, 62
track:1400, 829, 711, 193, 62
track:1401, 821, 710, 203, 65
track:1402, 816, 711, 203, 65
track:1403, 810, 712, 203, 65
track:1404, 810, 712, 203, 65
track:1405, 806, 714, 203, 65
track:1406, 804, 714, 203, 65
track:1407, 799, 715, 203, 65
track:1408, 795, 715, 203, 65
track:1409, 795, 714, 203, 65
track:1410, 796, 714, 203, 65
track:1411, 795, 715, 203, 65
track:1412, 794, 715, 203, 65
track:1413, 798, 717, 203, 65
track:1414, 797, 717, 203, 65
track:1415, 797, 717, 203, 65
track:1416, 796, 718, 203, 65
track:1417, 796, 718, 203, 65
track:1418, 794, 719, 203, 65
track:1419, 794, 719, 203, 65
track:1420, 793, 720, 203, 65
track:1421, 786, 719, 213, 68
track:1422, 785, 720, 213, 68
track:1423, 785, 720, 213, 68
track:1424, 785, 720, 213, 68
track:1425, 786, 721, 213, 68
track:1426, 784, 721, 213, 68
track:1427, 783, 721, 213, 68
track:1428, 784, 722, 213, 68
track:1429, 779, 721, 223, 72
track:1430, 778, 721, 223, 72
track:1431, 776, 722, 223, 72
track:1432, 778, 725, 213, 68
track:1433, 777, 726, 213, 68
track:1434, 780, 727, 203, 65
track:1435, 779, 728, 203, 65
track:1436, 777, 729, 203, 65
track:1437, 776, 729, 203, 65
track:1438, 771, 729, 213, 68
track:1439, 771, 729, 213, 68
track:1440, 771, 731, 213, 68
track:1441, 766, 730, 213, 68
track:1442, 761, 729, 213, 68
track:1443, 761, 730, 213, 68
track:1444, 761, 731, 203, 65
track:1445, 761, 732, 193, 62
track:1446, 751, 735, 184, 59
track:1447, 751, 734, 184, 59
track:1448, 748, 734, 184, 59
track:1449, 749, 734, 184, 59
track:1450, 748, 734, 184, 59
track:1451, 753, 736, 175, 56
track:1452, 754, 736, 175, 56
track:1453, 756, 738, 184, 59
track:1454, 758, 739, 184, 59
track:1455, 760, 741, 184, 59
track:1456, 765, 741, 184, 59
track:1457, 775, 742, 175, 56
track:1458, 778, 743, 175, 56
track:1459, 777, 743, 184, 59
track:1460, 783, 747, 175, 56
track:1461, 791, 750, 167, 54
track:1462, 796, 751, 159, 51
track:1463, 797, 751, 159, 51
track:1464, 846, 748, 159, 51
track:1465, 861, 744, 167, 54
track:1466, 855, 741, 167, 54
track:1467, 856, 739, 167, 54
track:1468, 856, 738, 167, 54
track:1469, 851, 739, 167, 54
track:1470, 841, 738, 167, 54
track:1471, 835, 735, 167, 54
track:1472, 836, 731, 167, 54
init :1473, 853, 690, 156, 158
track:1474, 850, 688, 156, 158
track:1475, 846, 686, 156, 158
track:1476, 845, 684, 156, 158
track:1477, 845, 683, 156, 158
track:1478, 845, 683, 156, 158
track:1479, 845, 680, 156, 158
track:1480, 845, 678, 156, 158
track:1481, 847, 675, 156, 158
track:1482, 854, 671, 156, 158
track:1483, 854, 670, 156, 158
track:1484, 859, 670, 156, 158
track:1485, 866, 668, 156, 158
track:1486, 871, 667, 156, 158
track:1487, 874, 663, 156, 158
track:1488, 871, 659, 164, 166
track:1489, 878, 662, 156, 158
track:1490, 885, 664, 149, 150
track:1491, 888, 661, 149, 150
track:1492, 889, 658, 149, 150
track:1493, 888, 658, 149, 150
track:1494, 888, 656, 149, 150
track:1495, 887, 656, 141, 143
track:1496, 887, 652, 141, 143
track:1497, 890, 651, 141, 143
track:1498, 885, 648, 141, 143
track:1499, 880, 646, 141, 143
track:1500, 881, 640, 141, 143
track:1501, 885, 636, 141, 143
track:1502, 882, 634, 141, 143
track:1503, 879, 632, 141, 143
track:1504, 878, 633, 135, 136
track:1505, 873, 627, 141, 143
track:1506, 868, 623, 141, 143
track:1507, 872, 620, 141, 143
track:1508, 876, 624, 135, 136
track:1509, 875, 622, 135, 136
track:1510, 882, 622, 128, 130
track:1511, 884, 619, 128, 130
track:1512, 875, 618, 128, 130
track:1513, 872, 617, 128, 130
track:1514, 859, 615, 128, 130
track:1515, 850, 619, 122, 124
track:1516, 828, 621, 122, 124
track:1517, 837, 619, 122, 124
track:1518, 836, 619, 128, 130
track:1519, 826, 612, 122, 124
track:1520, 812, 616, 116, 118
track:1521, 800, 619, 111, 112
track:1522, 786, 622, 111, 112
track:1523, 779, 621, 111, 112
track:1524, 771, 621, 111, 112
track:1525, 761, 622, 111, 112
track:1526, 759, 622, 111, 112
track:1527, 763, 622, 111, 112
track:1528, 763, 622, 111, 112
track:1529, 774, 626, 106, 107
track:1530, 789, 628, 106, 107
track:1531, 808, 629, 106, 107
track:1532, 835, 630, 106, 107
track:1533, 844, 628, 106, 107
track:1534, 863, 628, 106, 107
track:1535, 885, 627, 111, 112
track:1536, 906, 627, 111, 112
track:1537, 923, 627, 111, 112
track:1538, 930, 626, 111, 112
track:1539, 941, 627, 111, 112
track:1540, 951, 629, 111, 112
track:1541, 954, 630, 111, 112
track:1542, 954, 631, 111, 112
track:1543, 955, 632, 111, 112
track:1544, 955, 632, 111, 112
track:1545, 956, 635, 106, 107
track:1546, 956, 637, 101, 102
track:1547, 947, 641, 101, 102
track:1548, 944, 640, 101, 102
track:1549, 938, 644, 101, 102
track:1550, 928, 644, 101, 102
track:1551, 920, 646, 101, 102
track:1552, 914, 647, 101, 102
track:1553, 912, 647, 101, 102
track:1554, 911, 648, 101, 102
track:1555, 909, 649, 101, 102
track:1556, 907, 649, 101, 102
track:1557, 909, 649, 101, 102
track:1558, 909, 649, 101, 102
track:1559, 913, 650, 101, 102
track:1560, 918, 651, 101, 102
track:1561, 924, 655, 96, 97
track:1562, 926, 656, 96, 97
track:1563, 926, 656, 96, 97
track:1564, 927, 656, 96, 97
init :1565, 909, 669, 184, 72
track:1566, 910, 669, 184, 72
track:1567, 909, 668, 184, 72
track:1568, 908, 669, 184, 72
track:1569, 907, 669, 184, 72
track:1570, 903, 670, 184, 72
track:1571, 906, 672, 175, 69
track:1572, 909, 674, 167, 65
track:1573, 910, 674, 167, 65
track:1574, 904, 674, 167, 65
track:1575, 904, 676, 159, 62
track:1576, 902, 676, 159, 62
track:1577, 899, 676, 159, 62
track:1578, 899, 677, 159, 62
track:1579, 895, 677, 159, 62
track:1580, 891, 677, 159, 62
track:1581, 890, 677, 159, 62
track:1582, 884, 676, 159, 62
track:1583, 889, 679, 151, 59
track:1584, 889, 679, 151, 59
track:1585, 883, 679, 151, 59
track:1586, 888, 681, 144, 56
track:1587, 889, 682, 144, 56
track:1588, 889, 682, 144, 56
track:1589, 892, 683, 137, 54
track:1590, 894, 683, 137, 54
track:1591, 892, 682, 137, 54
track:1592, 893, 683, 137, 54
track:1593, 894, 682, 137, 54
track:1594, 889, 684, 137, 54
track:1595, 893, 685, 137, 54
track:1596, 891, 686, 137, 54
track:1599, 885, 687, 137, 54
track:1600, 879, 687, 137, 54
track:1601, 880, 688, 137, 54
track:1602, 885, 688, 137, 54
track:1603, 877, 686, 137, 54
track:1604, 874, 687, 137, 54
track:1605, 870, 685, 144, 56
track:1606, 870, 686, 144, 56
track:1607, 911, 684, 151, 59
track:1608, 911, 685, 144, 56
elapseTime: 16.158
