init :7, 821, 630, 235, 197
track:8, 821, 630, 235, 197
track:9, 822, 630, 235, 197
track:10, 821, 631, 235, 197
track:11, 823, 630, 235, 197
track:12, 823, 630, 235, 197
track:13, 824, 630, 235, 197
track:14, 824, 630, 235, 197
track:15, 824, 630, 235, 197
track:16, 825, 630, 235, 197
track:17, 826, 630, 235, 197
track:18, 825, 630, 235, 197
track:19, 825, 629, 235, 197
track:20, 821, 626, 247, 207
track:21, 820, 626, 247, 207
track:22, 827, 631, 235, 197
track:23, 828, 631, 235, 197
track:24, 827, 631, 235, 197
track:25, 828, 630, 235, 197
track:26, 829, 631, 235, 197
track:27, 829, 631, 235, 197
track:28, 829, 631, 235, 197
track:29, 829, 630, 235, 197
track:30, 829, 630, 235, 197
track:31, 830, 629, 235, 197
track:32, 831, 631, 235, 197
track:33, 829, 630, 235, 197
track:34, 830, 631, 235, 197
track:35, 830, 630, 235, 197
track:36, 830, 631, 235, 197
track:37, 829, 630, 235, 197
track:38, 831, 630, 235, 197
track:39, 830, 630, 235, 197
track:40, 830, 630, 235, 197
track:41, 831, 629, 235, 197
track:42, 830, 631, 235, 197
track:43, 831, 630, 235, 197
track:44, 830, 631, 235, 197
track:45, 832, 630, 235, 197
track:46, 830, 631, 235, 197
track:48, 832, 630, 235, 197
track:49, 830, 630, 235, 197
track:50, 831, 629, 235, 197
track:51, 832, 629, 235, 197
track:52, 831, 628, 235, 197
track:53, 832, 629, 235, 197
track:54, 831, 629, 235, 197
track:55, 832, 629, 235, 197
track:56, 831, 629, 235, 197
track:57, 831, 628, 235, 197
track:58, 831, 629, 235, 197
track:59, 830, 628, 235, 197
track:60, 832, 628, 235, 197
track:61, 831, 630, 235, 197
track:62, 830, 629, 235, 197
track:63, 829, 629, 235, 197
track:64, 830, 629, 235, 197
track:65, 829, 629, 235, 197
track:66, 828, 629, 235, 197
init :67, 826, 630, 240, 197
track:68, 826, 630, 240, 197
track:69, 826, 629, 240, 197
track:70, 826, 629, 240, 197
track:71, 825, 628, 240, 197
track:72, 826, 630, 240, 197
track:73, 826, 629, 240, 197
track:74, 826, 629, 240, 197
track:75, 826, 630, 240, 197
track:76, 825, 629, 240, 197
track:77, 826, 629, 240, 197
track:78, 826, 629, 240, 197
track:79, 826, 629, 240, 197
track:80, 826, 629, 240, 197
track:81, 826, 629, 240, 197
track:82, 826, 629, 240, 197
track:83, 825, 630, 240, 197
track:84, 825, 629, 240, 197
track:85, 826, 630, 240, 197
track:86, 825, 629, 240, 197
track:87, 825, 630, 240, 197
track:88, 825, 629, 240, 197
track:89, 825, 630, 240, 197
track:90, 825, 629, 240, 197
track:91, 825, 630, 240, 197
track:92, 825, 630, 240, 197
track:93, 825, 629, 240, 197
track:94, 825, 630, 240, 197
track:95, 826, 630, 240, 197
track:96, 826, 630, 240, 197
track:97, 827, 629, 240, 197
track:98, 828, 630, 240, 197
track:99, 828, 629, 240, 197
track:100, 829, 629, 240, 197
track:101, 830, 629, 240, 197
track:102, 831, 628, 240, 197
track:103, 832, 627, 240, 197
track:104, 831, 626, 240, 197
track:105, 831, 626, 240, 197
track:106, 833, 625, 240, 197
track:107, 833, 625, 240, 197
track:108, 833, 622, 240, 197
track:109, 834, 623, 240, 197
track:110, 834, 620, 240, 197
track:111, 833, 620, 240, 197
track:112, 834, 617, 240, 197
track:113, 834, 615, 240, 197
track:114, 835, 615, 240, 197
track:115, 835, 613, 240, 197
track:116, 837, 610, 240, 197
track:117, 838, 610, 240, 197
track:120, 841, 605, 240, 197
track:121, 842, 603, 240, 197
track:122, 842, 601, 240, 197
track:123, 847, 604, 229, 188
track:124, 847, 605, 229, 188
track:125, 844, 602, 229, 188
track:126, 849, 603, 218, 179
track:127, 846, 600, 218, 179
track:128, 852, 605, 207, 170
track:129, 850, 605, 207, 170
track:130, 850, 606, 207, 170
track:131, 852, 607, 207, 170
track:132, 854, 611, 207, 170
init :133, 863, 617, 180, 163
track:134, 863, 617, 180, 163
track:135, 862, 619, 180, 163
track:136, 863, 619, 180, 163
track:137, 864, 622, 180, 163
track:138, 865, 622, 180, 163
track:139, 865, 623, 180, 163
track:140, 869, 626, 171, 155
track:141, 869, 626, 171, 155
track:142, 867, 626, 171, 155
track:143, 861, 623, 180, 163
track:144, 860, 623, 180, 163
track:145, 857, 627, 180, 163
track:146, 857, 628, 180, 163
track:147, 858, 629, 180, 163
track:148, 858, 632, 180, 163
track:149, 858, 631, 180, 163
track:150, 860, 634, 180, 163
track:151, 859, 637, 180, 163
track:152, 860, 640, 180, 163
track:153, 860, 643, 180, 163
track:154, 860, 643, 180, 163
track:155, 860, 646, 180, 163
track:156, 860, 646, 180, 163
track:157, 867, 650, 171, 155
track:158, 867, 651, 171, 155
track:159, 868, 650, 171, 155
track:160, 866, 651, 171, 155
track:161, 865, 652, 171, 155
track:162, 862, 651, 171, 155
track:163, 861, 652, 171, 155
track:164, 861, 652, 171, 155
track:165, 861, 653, 171, 155
track:166, 861, 652, 171, 155
track:167, 861, 652, 171, 155
track:168, 860, 653, 171, 155
track:169, 860, 653, 171, 155
track:170, 863, 652, 171, 155
track:171, 864, 650, 171, 155
track:172, 865, 649, 171, 155
track:173, 865, 649, 171, 155
track:174, 865, 648, 171, 155
track:175, 862, 650, 171, 155
track:176, 861, 650, 171, 155
track:177, 862, 650, 171, 155
track:178, 864, 650, 171, 155
track:179, 863, 651, 171, 155
track:180, 866, 652, 171, 155
track:181, 865, 654, 171, 155
track:182, 866, 656, 171, 155
track:183, 868, 659, 171, 155
track:184, 868, 660, 171, 155
track:185, 869, 661, 171, 155
track:186, 870, 659, 171, 155
track:187, 865, 656, 171, 155
track:188, 861, 651, 171, 155
track:189, 860, 650, 171, 155
track:190, 857, 649, 171, 155
track:191, 857, 647, 171, 155
track:192, 857, 642, 171, 155
track:193, 855, 640, 171, 155
track:194, 854, 640, 171, 155
track:195, 856, 638, 171, 155
track:196, 858, 637, 171, 155
track:197, 858, 635, 171, 155
track:198, 856, 636, 171, 155
init :199, 858, 636, 161, 150
track:200, 857, 638, 161, 150
track:201, 855, 638, 161, 150
track:202, 854, 637, 161, 150
track:203, 854, 635, 161, 150
track:204, 854, 635, 161, 150
track:205, 854, 634, 161, 150
track:206, 855, 633, 161, 150
track:207, 854, 631, 161, 150
track:208, 853, 630, 161, 150
track:209, 851, 628, 161, 150
track:210, 850, 626, 161, 150
track:211, 850, 624, 161, 150
track:212, 850, 622, 161, 150
track:213, 848, 620, 161, 150
track:214, 849, 619, 161, 150
track:215, 850, 617, 161, 150
track:216, 849, 616, 161, 150
track:217, 852, 620, 153, 143
track:218, 853, 620, 153, 143
track:219, 852, 622, 153, 143
track:220, 851, 624, 153, 143
track:221, 853, 627, 153, 143
track:222, 855, 631, 146, 136
track:223, 855, 632, 146, 136
track:224, 855, 633, 146, 136
track:225, 857, 638, 139, 130
track:226, 858, 639, 139, 130
track:227, 858, 639, 139, 130
track:228, 858, 639, 139, 130
track:229, 857, 640, 139, 130
track:230, 858, 640, 139, 130
track:231, 861, 643, 132, 123
track:232, 859, 640, 132, 123
track:233, 859, 640, 132, 123
track:234, 859, 640, 132, 123
track:235, 858, 639, 132, 123
track:236, 860, 637, 132, 123
track:237, 861, 637, 132, 123
track:238, 862, 638, 132, 123
track:239, 862, 639, 132, 123
track:240, 863, 642, 132, 123
track:241, 864, 642, 132, 123
track:242, 865, 642, 132, 123
track:243, 865, 642, 132, 123
track:244, 864, 642, 132, 123
track:245, 865, 644, 132, 123
track:246, 865, 644, 132, 123
track:247, 864, 643, 132, 123
track:248, 865, 643, 132, 123
track:249, 865, 644, 132, 123
track:250, 865, 646, 132, 123
track:251, 865, 647, 132, 123
track:252, 866, 649, 132, 123
track:253, 866, 649, 132, 123
track:254, 869, 655, 126, 118
track:255, 869, 658, 126, 118
track:256, 869, 659, 126, 118
track:257, 870, 663, 126, 118
track:258, 870, 664, 126, 118
track:259, 872, 665, 126, 118
track:260, 871, 666, 126, 118
track:261, 872, 667, 126, 118
track:262, 871, 668, 126, 118
track:263, 871, 668, 126, 118
track:264, 871, 670, 126, 118
init :265, 867, 680, 124, 96
track:266, 867, 681, 124, 96
track:267, 868, 683, 124, 96
track:268, 868, 684, 124, 96
track:269, 868, 685, 124, 96
track:270, 868, 687, 124, 96
track:271, 866, 688, 130, 101
track:272, 867, 691, 130, 101
track:273, 867, 692, 130, 101
track:274, 868, 694, 130, 101
track:275, 868, 696, 130, 101
track:276, 865, 697, 137, 106
track:277, 868, 700, 137, 106
track:278, 864, 697, 144, 111
track:279, 864, 697, 144, 111
track:280, 863, 694, 151, 117
track:281, 862, 693, 151, 117
track:282, 865, 694, 151, 117
track:283, 866, 695, 151, 117
track:284, 868, 697, 151, 117
track:285, 869, 698, 151, 117
track:286, 871, 697, 151, 117
track:287, 869, 691, 158, 123
track:288, 869, 691, 158, 123
track:289, 869, 687, 158, 123
track:290, 866, 680, 166, 129
track:291, 866, 674, 166, 129
track:292, 867, 668, 166, 129
track:293, 864, 664, 174, 135
track:294, 865, 662, 174, 135
track:295, 863, 657, 183, 142
track:296, 864, 656, 183, 142
track:297, 864, 657, 183, 142
track:298, 859, 655, 192, 149
track:299, 853, 651, 202, 156
track:300, 846, 650, 212, 164
track:301, 840, 647, 223, 172
track:302, 840, 650, 223, 172
track:303, 837, 653, 223, 172
track:304, 837, 656, 223, 172
track:305, 828, 654, 234, 181
track:306, 828, 654, 234, 181
track:307, 822, 646, 246, 190
track:308, 817, 641, 258, 200
track:309, 817, 640, 258, 200
track:310, 808, 629, 271, 210
track:311, 807, 611, 271, 210
track:312, 815, 609, 258, 200
track:313, 815, 607, 258, 200
track:314, 817, 601, 258, 200
track:315, 817, 593, 258, 200
track:316, 822, 589, 246, 190
track:317, 823, 582, 246, 190
track:318, 824, 580, 246, 190
track:319, 825, 579, 246, 190
track:320, 836, 574, 234, 181
track:321, 843, 572, 223, 172
track:322, 850, 575, 212, 164
track:323, 851, 574, 212, 164
track:324, 849, 579, 212, 164
track:325, 847, 577, 212, 164
track:326, 848, 569, 212, 164
track:327, 846, 567, 212, 164
track:328, 845, 567, 212, 164
track:329, 842, 574, 212, 164
track:330, 840, 583, 212, 164
init :331, 849, 589, 198, 176
track:332, 852, 596, 189, 168
track:333, 852, 596, 189, 168
track:334, 846, 594, 198, 176
track:335, 846, 596, 198, 176
track:336, 845, 598, 198, 176
track:337, 846, 599, 198, 176
track:338, 847, 599, 198, 176
track:339, 847, 595, 198, 176
track:340, 853, 597, 189, 168
track:341, 853, 597, 189, 168
track:342, 853, 596, 189, 168
track:343, 853, 596, 189, 168
track:344, 852, 595, 189, 168
track:345, 858, 595, 180, 160
track:346, 857, 596, 180, 160
track:347, 859, 597, 180, 160
track:348, 857, 598, 180, 160
track:349, 861, 603, 171, 152
track:350, 862, 607, 171, 152
track:351, 862, 610, 171, 152
track:352, 868, 617, 163, 145
track:353, 872, 622, 155, 138
track:354, 871, 623, 155, 138
track:355, 870, 624, 155, 138
track:356, 871, 625, 155, 138
track:357, 869, 625, 155, 138
track:358, 870, 626, 155, 138
track:359, 872, 629, 148, 131
track:360, 872, 630, 148, 131
track:361, 870, 629, 148, 131
track:362, 870, 630, 148, 131
track:363, 873, 632, 141, 125
track:364, 873, 633, 141, 125
track:365, 873, 634, 141, 125
track:366, 871, 635, 141, 125
track:367, 870, 636, 141, 125
track:368, 874, 638, 134, 119
track:369, 872, 638, 134, 119
track:370, 871, 643, 134, 119
track:371, 872, 649, 134, 119
track:372, 871, 652, 134, 119
track:373, 871, 653, 134, 119
track:374, 870, 654, 134, 119
track:375, 869, 655, 134, 119
track:376, 867, 655, 134, 119
track:377, 865, 657, 134, 119
track:378, 865, 656, 134, 119
track:379, 865, 658, 134, 119
track:380, 864, 657, 134, 119
track:381, 864, 656, 134, 119
track:382, 860, 655, 134, 119
track:383, 861, 656, 134, 119
track:384, 859, 655, 134, 119
track:385, 861, 657, 128, 113
track:386, 861, 656, 128, 113
track:387, 861, 656, 128, 113
track:388, 861, 657, 128, 113
track:389, 860, 656, 128, 113
track:390, 863, 658, 122, 108
track:391, 864, 660, 122, 108
track:392, 864, 664, 122, 108
track:393, 864, 664, 122, 108
track:394, 864, 664, 122, 108
track:395, 865, 670, 122, 108
track:396, 868, 676, 116, 103
init :397, 867, 687, 110, 77
track:398, 867, 687, 110, 77
track:399, 869, 691, 110, 77
track:400, 870, 696, 110, 77
track:401, 871, 702, 110, 77
track:402, 872, 705, 110, 77
track:403, 873, 706, 110, 77
track:404, 873, 708, 110, 77
track:405, 874, 708, 110, 77
track:406, 874, 708, 110, 77
track:407, 875, 708, 110, 77
track:408, 875, 708, 110, 77
track:409, 875, 706, 110, 77
track:410, 876, 705, 110, 77
track:411, 877, 701, 110, 77
track:412, 881, 701, 105, 73
track:413, 878, 699, 110, 77
track:414, 878, 698, 110, 77
track:415, 878, 700, 110, 77
track:416, 878, 701, 110, 77
track:417, 878, 702, 110, 77
track:418, 879, 702, 110, 77
track:419, 879, 702, 110, 77
track:420, 878, 703, 110, 77
track:421, 876, 703, 110, 77
track:422, 875, 701, 110, 77
track:423, 875, 701, 110, 77
track:424, 875, 697, 110, 77
track:425, 874, 696, 110, 77
track:426, 874, 694, 110, 77
track:427, 873, 692, 110, 77
track:428, 872, 692, 110, 77
track:429, 872, 692, 110, 77
track:430, 872, 693, 110, 77
track:431, 872, 693, 110, 77
track:432, 870, 693, 110, 77
track:433, 870, 692, 110, 77
track:434, 869, 693, 110, 77
track:435, 868, 692, 110, 77
track:436, 868, 694, 110, 77
track:437, 868, 695, 110, 77
track:438, 868, 696, 110, 77
track:439, 869, 697, 110, 77
track:440, 869, 698, 110, 77
track:441, 870, 697, 110, 77
track:442, 870, 697, 110, 77
track:443, 870, 698, 110, 77
track:444, 870, 698, 110, 77
track:445, 870, 699, 110, 77
track:446, 870, 699, 110, 77
track:447, 871, 699, 110, 77
track:448, 871, 698, 110, 77
track:449, 871, 697, 110, 77
track:450, 870, 697, 110, 77
track:451, 871, 699, 110, 77
track:452, 872, 700, 110, 77
track:453, 872, 700, 110, 77
track:454, 873, 701, 110, 77
track:455, 874, 701, 110, 77
track:456, 875, 701, 110, 77
track:457, 872, 699, 115, 81
track:458, 872, 700, 115, 81
track:459, 869, 697, 121, 85
track:460, 867, 693, 127, 89
track:461, 866, 693, 127, 89
track:462, 867, 693, 127, 89
init :463, 867, 687, 124, 101
track:464, 866, 685, 124, 101
track:465, 866, 682, 124, 101
track:466, 867, 683, 124, 101
track:467, 867, 683, 124, 101
track:468, 866, 684, 124, 101
track:469, 866, 685, 124, 101
track:470, 868, 687, 124, 101
track:471, 866, 684, 130, 106
track:472, 866, 684, 130, 106
track:473, 867, 687, 130, 106
track:474, 867, 689, 130, 106
track:475, 869, 689, 130, 106
track:476, 867, 686, 137, 111
track:477, 864, 683, 144, 117
track:478, 866, 682, 144, 117
track:479, 867, 679, 144, 117
track:480, 866, 671, 151, 123
track:481, 868, 667, 151, 123
track:482, 868, 666, 151, 123
track:483, 870, 658, 151, 123
track:484, 873, 657, 151, 123
track:485, 877, 658, 144, 117
track:486, 878, 663, 144, 117
track:487, 878, 663, 144, 117
track:488, 876, 667, 144, 117
track:490, 871, 667, 151, 123
track:491, 867, 669, 151, 123
track:492, 867, 669, 151, 123
track:493, 861, 667, 158, 129
track:494, 860, 666, 158, 129
track:495, 857, 658, 158, 129
track:496, 851, 652, 166, 135
track:497, 850, 651, 166, 135
track:498, 845, 646, 174, 142
track:499, 848, 645, 166, 135
track:500, 847, 641, 166, 135
track:501, 847, 636, 166, 135
track:502, 847, 636, 166, 135
track:503, 847, 633, 166, 135
track:504, 847, 632, 166, 135
track:505, 847, 631, 166, 135
track:506, 846, 631, 166, 135
track:507, 846, 630, 166, 135
track:508, 846, 628, 166, 135
track:509, 846, 626, 166, 135
track:510, 850, 624, 158, 129
track:511, 849, 622, 158, 129
track:512, 849, 623, 158, 129
track:513, 847, 622, 158, 129
track:514, 848, 623, 158, 129
track:515, 848, 624, 158, 129
track:516, 848, 622, 158, 129
track:517, 847, 622, 158, 129
track:518, 848, 620, 158, 129
track:519, 848, 618, 158, 129
track:520, 848, 619, 158, 129
track:521, 854, 621, 151, 123
track:522, 854, 620, 151, 123
track:523, 853, 622, 151, 123
track:524, 853, 625, 151, 123
track:525, 858, 628, 144, 117
track:526, 859, 629, 144, 117
track:527, 859, 630, 144, 117
track:528, 859, 629, 144, 117
init :529, 867, 636, 138, 98
track:530, 868, 635, 138, 98
track:531, 868, 634, 138, 98
track:532, 869, 635, 138, 98
track:533, 870, 637, 138, 98
track:534, 871, 637, 138, 98
track:535, 870, 638, 138, 98
track:536, 870, 641, 138, 98
track:537, 871, 641, 138, 98
track:538, 874, 644, 131, 93
track:539, 877, 648, 125, 89
track:540, 877, 648, 125, 89
track:543, 875, 649, 125, 89
track:544, 874, 649, 125, 89
track:546, 875, 655, 119, 85
track:547, 876, 656, 119, 85
track:548, 874, 659, 119, 85
track:549, 873, 661, 119, 85
track:550, 873, 663, 119, 85
track:551, 871, 664, 119, 85
track:552, 870, 664, 119, 85
track:553, 871, 664, 119, 85
track:554, 869, 663, 119, 85
track:555, 869, 664, 119, 85
track:556, 869, 665, 119, 85
track:557, 869, 665, 119, 85
track:558, 869, 670, 119, 85
track:559, 871, 674, 114, 81
track:560, 870, 677, 114, 81
track:561, 870, 681, 114, 81
track:562, 871, 681, 114, 81
track:563, 871, 684, 114, 81
track:564, 874, 686, 108, 77
track:565, 873, 688, 108, 77
track:566, 875, 691, 103, 73
track:567, 876, 691, 103, 73
track:568, 877, 693, 103, 73
track:569, 877, 695, 103, 73
track:570, 876, 697, 103, 73
track:571, 876, 700, 103, 73
track:572, 877, 700, 103, 73
track:573, 877, 704, 103, 73
track:574, 878, 705, 103, 73
track:575, 880, 704, 103, 73
track:576, 878, 703, 103, 73
track:577, 878, 702, 103, 73
track:578, 878, 700, 103, 73
track:579, 879, 698, 103, 73
track:580, 881, 698, 103, 73
track:581, 881, 698, 103, 73
track:582, 881, 698, 103, 73
track:583, 880, 700, 103, 73
track:584, 881, 702, 103, 73
track:585, 877, 700, 108, 77
track:586, 878, 701, 108, 77
track:587, 878, 701, 108, 77
track:588, 878, 702, 108, 77
track:589, 879, 701, 108, 77
track:590, 878, 701, 108, 77
track:591, 875, 702, 108, 77
track:592, 875, 702, 108, 77
track:593, 875, 701, 108, 77
track:594, 876, 699, 108, 77
init :595, 872, 685, 110, 85
track:596, 871, 683, 110, 85
track:597, 870, 683, 110, 85
track:598, 870, 678, 110, 85
track:599, 870, 673, 110, 85
track:600, 870, 669, 110, 85
track:601, 871, 668, 110, 85
track:602, 871, 668, 110, 85
track:603, 871, 668, 110, 85
track:604, 870, 662, 110, 85
track:605, 870, 659, 110, 85
track:606, 870, 658, 110, 85
track:607, 870, 659, 110, 85
track:608, 870, 658, 110, 85
track:609, 871, 658, 110, 85
track:610, 871, 660, 110, 85
track:611, 871, 662, 110, 85
track:612, 870, 663, 110, 85
track:613, 870, 666, 110, 85
track:614, 871, 668, 110, 85
track:615, 871, 671, 110, 85
track:616, 870, 673, 110, 85
track:617, 868, 671, 115, 89
track:618, 868, 672, 115, 89
track:619, 868, 670, 115, 89
track:620, 867, 668, 121, 94
track:621, 867, 668, 121, 94
track:622, 868, 667, 121, 94
track:623, 867, 667, 121, 94
track:624, 866, 665, 121, 94
track:625, 866, 664, 121, 94
track:626, 868, 666, 121, 94
track:627, 868, 666, 121, 94
track:628, 868, 667, 121, 94
track:629, 867, 666, 121, 94
track:630, 867, 664, 121, 94
track:631, 867, 663, 121, 94
track:632, 867, 663, 121, 94
track:633, 866, 664, 127, 98
track:634, 866, 666, 127, 98
track:635, 867, 669, 127, 98
track:636, 869, 670, 127, 98
track:637, 868, 670, 127, 98
track:638, 867, 669, 134, 103
track:639, 868, 670, 134, 103
track:640, 868, 669, 134, 103
track:641, 869, 667, 134, 103
track:642, 868, 668, 134, 103
track:643, 868, 666, 134, 103
track:644, 868, 664, 134, 103
track:645, 868, 655, 134, 103
track:646, 869, 654, 134, 103
track:647, 869, 654, 134, 103
track:648, 869, 653, 134, 103
track:649, 870, 654, 134, 103
track:650, 870, 654, 134, 103
track:651, 873, 654, 134, 103
track:652, 873, 654, 134, 103
track:653, 874, 653, 134, 103
track:654, 874, 654, 134, 103
track:655, 876, 659, 134, 103
track:656, 877, 661, 134, 103
track:657, 878, 661, 134, 103
track:658, 879, 664, 134, 103
track:659, 879, 663, 134, 103
track:660, 879, 662, 134, 103
init :661, 876, 662, 143, 111
track:662, 876, 662, 143, 111
track:663, 877, 662, 143, 111
track:664, 878, 660, 143, 111
track:665, 880, 659, 143, 111
track:666, 880, 657, 143, 111
track:667, 875, 654, 150, 117
track:668, 876, 652, 150, 117
track:669, 877, 652, 150, 117
track:670, 877, 652, 150, 117
track:671, 875, 652, 150, 117
track:672, 874, 653, 150, 117
track:673, 872, 653, 150, 117
track:674, 870, 651, 150, 117
track:675, 871, 650, 150, 117
track:676, 870, 650, 150, 117
track:677, 873, 651, 143, 111
track:678, 871, 654, 143, 111
track:679, 871, 664, 143, 111
track:680, 872, 671, 143, 111
track:681, 872, 673, 143, 111
track:682, 872, 673, 143, 111
track:683, 870, 671, 143, 111
track:684, 868, 671, 143, 111
track:685, 868, 673, 143, 111
track:686, 869, 676, 143, 111
track:687, 868, 677, 143, 111
track:688, 864, 674, 150, 117
track:689, 863, 672, 150, 117
track:690, 862, 670, 150, 117
track:691, 861, 668, 150, 117
track:692, 861, 668, 150, 117
track:693, 861, 668, 150, 117
track:694, 861, 667, 150, 117
track:695, 862, 666, 150, 117
track:696, 860, 664, 150, 117
track:697, 860, 664, 150, 117
track:698, 858, 662, 150, 117
track:699, 855, 664, 150, 117
track:700, 855, 665, 150, 117
track:701, 855, 666, 150, 117
track:702, 856, 666, 150, 117
track:703, 856, 669, 150, 117
track:704, 854, 676, 150, 117
track:705, 853, 679, 150, 117
track:706, 852, 681, 150, 117
track:707, 851, 681, 150, 117
track:708, 851, 683, 150, 117
track:709, 851, 683, 150, 117
track:710, 851, 682, 150, 117
track:711, 851, 681, 150, 117
track:712, 847, 675, 158, 122
track:713, 847, 673, 158, 122
track:714, 846, 673, 158, 122
track:715, 846, 675, 158, 122
track:716, 846, 675, 158, 122
track:717, 846, 677, 158, 122
track:718, 848, 677, 158, 122
track:719, 852, 681, 150, 117
track:720, 852, 682, 150, 117
track:721, 852, 682, 150, 117
track:722, 852, 681, 150, 117
track:723, 852, 680, 150, 117
track:724, 852, 677, 150, 117
track:725, 850, 671, 158, 122
track:726, 850, 670, 158, 122
init :727, 853, 667, 152, 122
track:728, 854, 664, 152, 122
track:729, 854, 661, 152, 122
track:730, 855, 660, 152, 122
track:731, 855, 658, 152, 122
track:732, 856, 658, 152, 122
track:733, 855, 657, 152, 122
track:734, 856, 652, 152, 122
track:735, 857, 646, 152, 122
track:736, 854, 644, 160, 128
track:737, 855, 642, 160, 128
track:738, 854, 641, 160, 128
track:739, 853, 641, 160, 128
track:740, 854, 642, 160, 128
track:741, 855, 643, 160, 128
track:742, 855, 644, 160, 128
track:743, 853, 644, 160, 128
track:744, 853, 644, 160, 128
track:745, 853, 642, 160, 128
track:746, 854, 642, 160, 128
track:747, 855, 640, 160, 128
track:748, 855, 631, 160, 128
track:749, 855, 627, 160, 128
track:750, 852, 625, 160, 128
track:751, 854, 629, 152, 122
track:752, 851, 628, 160, 128
track:753, 851, 628, 160, 128
track:754, 853, 628, 160, 128
track:755, 857, 628, 160, 128
track:756, 857, 628, 160, 128
track:757, 857, 627, 160, 128
track:758, 861, 628, 152, 122
track:759, 860, 629, 152, 122
track:760, 859, 635, 152, 122
track:761, 859, 635, 152, 122
track:762, 862, 636, 152, 122
track:763, 864, 635, 152, 122
track:764, 865, 635, 152, 122
track:765, 863, 636, 152, 122
track:766, 863, 635, 152, 122
track:767, 862, 635, 152, 122
track:768, 863, 638, 152, 122
track:769, 867, 642, 145, 116
track:770, 870, 651, 145, 116
track:771, 871, 651, 145, 116
track:772, 871, 650, 145, 116
track:773, 872, 647, 145, 116
track:774, 876, 651, 138, 111
track:775, 880, 653, 131, 105
track:776, 880, 653, 131, 105
track:777, 880, 653, 131, 105
track:778, 882, 651, 131, 105
track:779, 883, 651, 131, 105
track:780, 883, 652, 131, 105
track:781, 884, 651, 131, 105
track:782, 884, 651, 131, 105
track:783, 883, 652, 131, 105
track:784, 883, 651, 131, 105
track:785, 882, 651, 131, 105
track:786, 882, 651, 131, 105
track:787, 881, 651, 131, 105
track:788, 881, 653, 131, 105
track:789, 884, 656, 125, 100
track:790, 884, 655, 125, 100
track:791, 884, 655, 125, 100
track:792, 883, 654, 125, 100
init :793, 876, 654, 133, 93
track:794, 876, 655, 133, 93
track:795, 876, 658, 133, 93
track:796, 876, 659, 133, 93
track:797, 877, 659, 133, 93
track:798, 876, 659, 133, 93
track:799, 876, 660, 133, 93
track:800, 876, 661, 133, 93
track:801, 876, 661, 133, 93
track:802, 875, 662, 133, 93
track:803, 875, 663, 133, 93
track:804, 876, 663, 133, 93
track:805, 874, 663, 133, 93
track:806, 874, 664, 133, 93
track:807, 873, 663, 133, 93
track:808, 873, 664, 133, 93
track:809, 873, 665, 133, 93
track:810, 874, 667, 133, 93
track:811, 874, 668, 133, 93
track:812, 873, 669, 133, 93
track:813, 871, 670, 133, 93
track:814, 869, 670, 133, 93
track:815, 869, 670, 133, 93
track:816, 868, 670, 133, 93
track:817, 869, 672, 133, 93
track:818, 868, 678, 133, 93
track:819, 864, 678, 140, 98
track:820, 862, 689, 140, 98
track:821, 861, 689, 140, 98
track:822, 861, 690, 140, 98
track:823, 858, 687, 147, 103
track:824, 858, 686, 147, 103
track:825, 856, 686, 147, 103
track:826, 857, 687, 147, 103
track:827, 856, 691, 147, 103
track:828, 856, 696, 147, 103
track:829, 857, 698, 147, 103
track:830, 859, 699, 147, 103
track:831, 859, 699, 147, 103
track:832, 856, 697, 154, 108
track:833, 854, 694, 162, 113
track:834, 856, 687, 162, 113
track:835, 857, 680, 162, 113
track:836, 857, 679, 162, 113
track:837, 856, 673, 162, 113
track:838, 850, 668, 170, 119
track:839, 848, 666, 170, 119
track:840, 846, 660, 170, 119
track:841, 847, 659, 170, 119
track:842, 845, 658, 170, 119
track:843, 842, 654, 170, 119
track:844, 836, 648, 178, 125
track:845, 830, 633, 178, 125
track:846, 829, 633, 178, 125
track:847, 823, 623, 187, 131
track:848, 823, 617, 187, 131
track:849, 822, 616, 187, 131
track:850, 822, 614, 187, 131
track:851, 821, 614, 187, 131
track:852, 826, 611, 187, 131
track:853, 831, 607, 187, 131
track:854, 833, 607, 187, 131
track:855, 831, 610, 187, 131
track:856, 831, 611, 187, 131
track:857, 831, 612, 187, 131
track:858, 833, 610, 187, 131
init :859, 830, 594, 198, 166
track:860, 830, 592, 198, 166
track:861, 830, 592, 198, 166
track:862, 830, 594, 198, 166
track:863, 832, 600, 198, 166
track:864, 832, 605, 198, 166
track:865, 832, 612, 198, 166
track:866, 832, 611, 198, 166
track:867, 832, 615, 198, 166
track:868, 833, 618, 198, 166
track:869, 834, 619, 198, 166
track:870, 834, 624, 198, 166
track:871, 834, 625, 198, 166
track:872, 834, 625, 198, 166
track:873, 834, 625, 198, 166
track:874, 837, 624, 198, 166
track:875, 836, 624, 198, 166
track:876, 842, 629, 189, 158
track:877, 842, 630, 189, 158
track:878, 849, 633, 180, 151
track:879, 850, 632, 180, 151
track:880, 850, 632, 180, 151
track:881, 850, 634, 180, 151
track:882, 850, 632, 180, 151
track:883, 853, 632, 180, 151
track:884, 858, 634, 171, 143
track:885, 860, 633, 171, 143
track:886, 860, 633, 171, 143
track:887, 865, 638, 163, 137
track:888, 870, 642, 155, 130
track:889, 870, 640, 155, 130
track:890, 872, 639, 155, 130
track:891, 872, 639, 155, 130
track:892, 875, 637, 155, 130
track:893, 873, 636, 155, 130
track:894, 874, 635, 155, 130
track:895, 875, 636, 155, 130
track:896, 876, 636, 155, 130
track:897, 879, 640, 148, 124
track:898, 878, 638, 148, 124
track:899, 875, 638, 148, 124
track:900, 874, 641, 148, 124
track:901, 874, 640, 148, 124
track:902, 873, 642, 148, 124
track:903, 873, 642, 148, 124
track:904, 873, 641, 148, 124
track:905, 874, 641, 148, 124
track:906, 873, 642, 148, 124
track:907, 889, 632, 141, 118
track:908, 907, 633, 134, 112
track:909, 906, 640, 134, 112
track:910, 900, 639, 141, 118
track:911, 904, 641, 141, 118
track:912, 905, 644, 141, 118
track:913, 907, 650, 141, 118
track:914, 908, 652, 141, 118
track:915, 909, 656, 141, 118
track:916, 904, 652, 148, 124
track:917, 904, 654, 148, 124
track:918, 907, 659, 141, 118
track:919, 906, 659, 141, 118
track:920, 906, 660, 141, 118
track:921, 904, 661, 141, 118
track:922, 902, 661, 141, 118
track:923, 898, 661, 141, 118
track:924, 888, 659, 141, 118
init :925, 780, 581, 300, 254
track:926, 780, 581, 300, 254
track:927, 779, 582, 300, 254
track:928, 773, 582, 300, 254
track:929, 770, 581, 300, 254
track:930, 767, 578, 300, 254
track:931, 765, 580, 300, 254
track:932, 765, 577, 300, 254
track:933, 763, 575, 300, 254
track:934, 764, 573, 300, 254
track:935, 764, 571, 300, 254
track:936, 764, 571, 300, 254
track:937, 763, 568, 300, 254
track:938, 765, 566, 300, 254
track:939, 765, 562, 300, 254
track:940, 770, 570, 286, 242
track:941, 771, 569, 286, 242
track:942, 771, 566, 286, 242
track:943, 767, 566, 286, 242
track:944, 765, 566, 286, 242
track:945, 767, 566, 286, 242
track:946, 773, 571, 272, 230
track:947, 769, 572, 272, 230
track:948, 765, 573, 272, 230
track:949, 763, 575, 272, 230
track:950, 758, 577, 272, 230
track:951, 758, 578, 272, 230
track:952, 754, 578, 272, 230
track:953, 751, 579, 272, 230
track:954, 752, 581, 272, 230
track:955, 749, 581, 272, 230
track:956, 748, 581, 272, 230
track:957, 748, 584, 272, 230
track:958, 745, 584, 272, 230
track:959, 743, 585, 272, 230
track:960, 745, 584, 272, 230
track:961, 745, 585, 272, 230
track:962, 743, 587, 272, 230
track:963, 737, 589, 272, 230
track:964, 734, 589, 272, 230
track:965, 736, 589, 272, 230
track:966, 731, 591, 272, 230
track:967, 726, 590, 272, 230
track:968, 723, 591, 272, 230
track:969, 716, 591, 272, 230
track:970, 718, 592, 272, 230
track:971, 711, 591, 272, 230
track:972, 707, 592, 272, 230
track:973, 701, 592, 272, 230
track:974, 697, 593, 272, 230
track:975, 698, 593, 272, 230
track:976, 694, 594, 272, 230
track:977, 690, 594, 272, 230
track:978, 690, 594, 272, 230
track:979, 688, 595, 272, 230
track:980, 690, 595, 272, 230
track:981, 690, 596, 272, 230
track:982, 680, 591, 286, 242
track:983, 684, 590, 286, 242
track:984, 685, 591, 286, 242
track:985, 685, 590, 286, 242
track:986, 686, 590, 286, 242
track:987, 688, 589, 286, 242
track:988, 689, 589, 286, 242
track:989, 691, 590, 286, 242
track:990, 693, 590, 286, 242
init :991, 701, 586, 507, 249
track:992, 702, 587, 507, 249
track:993, 703, 586, 507, 249
track:994, 705, 585, 507, 249
track:995, 704, 585, 507, 249
track:996, 705, 584, 507, 249
track:997, 721, 589, 483, 237
track:998, 721, 587, 483, 237
track:999, 713, 581, 507, 249
track:1000, 713, 579, 507, 249
track:1001, 728, 581, 483, 237
track:1002, 734, 580, 483, 237
track:1003, 750, 583, 460, 226
track:1004, 764, 586, 438, 215
track:1005, 754, 581, 460, 226
track:1006, 761, 578, 460, 226
track:1007, 762, 576, 460, 226
track:1008, 762, 574, 460, 226
track:1009, 755, 573, 460, 226
track:1010, 753, 574, 460, 226
track:1011, 756, 572, 460, 226
track:1012, 738, 567, 483, 237
track:1013, 747, 568, 460, 226
track:1014, 740, 567, 460, 226
track:1015, 745, 567, 460, 226
track:1016, 738, 566, 460, 226
track:1017, 734, 565, 460, 226
track:1018, 740, 572, 438, 215
track:1019, 738, 568, 438, 215
track:1020, 736, 571, 438, 215
track:1021, 734, 568, 438, 215
track:1022, 735, 569, 438, 215
track:1023, 731, 566, 438, 215
track:1024, 734, 565, 438, 215
track:1025, 727, 569, 438, 215
track:1026, 729, 568, 438, 215
track:1027, 737, 573, 417, 205
track:1028, 736, 575, 417, 205
track:1029, 733, 574, 417, 205
track:1030, 729, 576, 417, 205
track:1031, 723, 576, 417, 205
track:1032, 716, 577, 417, 205
track:1033, 723, 584, 397, 195
track:1034, 719, 584, 397, 195
track:1035, 729, 590, 378, 186
track:1036, 724, 591, 378, 186
track:1037, 729, 596, 360, 177
track:1038, 724, 598, 360, 177
track:1039, 723, 599, 360, 177
track:1040, 725, 600, 360, 177
track:1041, 723, 602, 360, 177
track:1042, 723, 605, 360, 177
track:1043, 725, 606, 360, 177
track:1044, 722, 607, 360, 177
track:1045, 724, 608, 360, 177
track:1046, 731, 613, 343, 169
track:1047, 735, 615, 343, 169
track:1048, 737, 613, 343, 169
track:1049, 743, 612, 343, 169
track:1050, 744, 612, 343, 169
track:1051, 741, 606, 360, 177
track:1052, 746, 604, 360, 177
track:1053, 751, 603, 360, 177
track:1054, 762, 602, 360, 177
track:1055, 762, 603, 360, 177
track:1056, 766, 603, 360, 177
init :1057, 789, 610, 452, 145
track:1058, 789, 610, 452, 145
track:1059, 790, 611, 452, 145
track:1060, 791, 611, 452, 145
track:1061, 791, 611, 452, 145
track:1062, 790, 612, 452, 145
track:1063, 788, 613, 452, 145
track:1064, 784, 614, 452, 145
track:1065, 784, 614, 452, 145
track:1066, 777, 613, 452, 145
track:1067, 770, 613, 452, 145
track:1068, 752, 610, 475, 152
track:1069, 753, 613, 452, 145
track:1070, 750, 613, 452, 145
track:1071, 731, 609, 475, 152
track:1072, 718, 608, 475, 152
track:1073, 702, 609, 475, 152
track:1074, 702, 611, 452, 145
track:1075, 699, 611, 452, 145
track:1076, 691, 611, 452, 145
track:1077, 684, 611, 452, 145
track:1078, 666, 611, 452, 145
track:1079, 650, 609, 475, 152
track:1080, 657, 613, 452, 145
track:1081, 647, 612, 452, 145
track:1082, 644, 613, 452, 145
track:1083, 636, 613, 452, 145
track:1084, 636, 615, 452, 145
track:1085, 635, 615, 452, 145
track:1086, 637, 614, 452, 145
track:1087, 637, 613, 452, 145
track:1088, 633, 613, 452, 145
track:1089, 631, 614, 452, 145
track:1090, 631, 614, 452, 145
track:1091, 631, 617, 452, 145
track:1092, 632, 617, 452, 145
track:1093, 629, 615, 475, 152
track:1094, 632, 616, 475, 152
track:1095, 617, 615, 498, 160
track:1096, 601, 612, 523, 168
track:1097, 615, 616, 498, 160
track:1098, 616, 617, 498, 160
track:1099, 618, 615, 498, 160
track:1100, 619, 614, 498, 160
track:1101, 620, 615, 498, 160
track:1102, 616, 616, 498, 160
track:1103, 626, 620, 475, 152
track:1104, 620, 617, 498, 160
track:1105, 621, 618, 498, 160
track:1106, 608, 618, 498, 160
track:1107, 615, 617, 498, 160
track:1108, 612, 618, 498, 160
track:1109, 614, 619, 498, 160
track:1110, 609, 620, 498, 160
track:1111, 603, 623, 498, 160
track:1112, 600, 624, 498, 160
track:1113, 604, 628, 498, 160
track:1114, 595, 628, 498, 160
track:1115, 588, 629, 498, 160
track:1116, 586, 628, 498, 160
track:1117, 589, 629, 498, 160
track:1118, 595, 632, 475, 152
track:1119, 599, 633, 475, 152
track:1120, 609, 636, 452, 145
track:1121, 609, 637, 452, 145
track:1122, 607, 636, 452, 145
init :1123, 710, 628, 383, 189
track:1124, 710, 629, 383, 189
track:1125, 708, 629, 383, 189
track:1126, 716, 632, 365, 180
track:1127, 721, 631, 365, 180
track:1128, 718, 631, 365, 180
track:1129, 716, 625, 383, 189
track:1130, 716, 625, 383, 189
track:1131, 715, 627, 383, 189
track:1132, 721, 628, 383, 189
track:1133, 702, 620, 402, 198
track:1134, 685, 616, 422, 208
track:1135, 673, 609, 443, 219
track:1136, 676, 605, 443, 219
track:1137, 672, 603, 443, 219
track:1138, 646, 596, 466, 230
track:1139, 656, 598, 443, 219
track:1140, 666, 599, 422, 208
track:1141, 665, 600, 422, 208
track:1142, 666, 602, 422, 208
track:1143, 665, 612, 402, 198
track:1144, 652, 614, 383, 189
track:1145, 665, 624, 365, 180
track:1146, 666, 626, 365, 180
track:1147, 679, 637, 347, 171
track:1148, 679, 641, 347, 171
track:1149, 675, 649, 347, 171
track:1150, 671, 649, 347, 171
track:1151, 665, 648, 347, 171
track:1152, 667, 652, 331, 163
track:1153, 671, 659, 315, 155
track:1154, 670, 658, 315, 155
track:1155, 668, 658, 315, 155
track:1156, 666, 661, 315, 155
track:1157, 669, 660, 315, 155
track:1158, 671, 660, 315, 155
track:1159, 672, 659, 315, 155
track:1160, 684, 662, 300, 148
track:1161, 672, 659, 315, 155
track:1162, 667, 655, 331, 163
track:1163, 662, 648, 347, 171
track:1164, 662, 650, 347, 171
track:1165, 667, 654, 331, 163
track:1166, 670, 658, 315, 155
track:1167, 661, 661, 315, 155
track:1168, 658, 665, 315, 155
track:1169, 653, 662, 315, 155
track:1170, 656, 662, 315, 155
track:1171, 665, 664, 300, 148
track:1172, 667, 666, 300, 148
track:1173, 650, 660, 315, 155
track:1174, 643, 657, 315, 155
track:1175, 642, 657, 315, 155
track:1176, 640, 657, 315, 155
track:1177, 644, 655, 315, 155
track:1178, 648, 652, 315, 155
track:1179, 644, 652, 315, 155
track:1180, 643, 651, 315, 155
track:1181, 651, 648, 315, 155
track:1182, 651, 646, 315, 155
track:1183, 652, 642, 315, 155
track:1184, 652, 637, 315, 155
track:1185, 658, 640, 300, 148
track:1186, 668, 642, 286, 141
track:1187, 670, 644, 286, 141
track:1188, 674, 641, 286, 141
init :1189, 789, 633, 387, 132
track:1190, 789, 633, 387, 132
track:1191, 789, 633, 387, 132
track:1192, 786, 632, 387, 132
track:1193, 785, 629, 387, 132
track:1194, 785, 627, 387, 132
track:1195, 785, 625, 387, 132
track:1196, 789, 627, 369, 126
track:1197, 778, 623, 387, 132
track:1198, 775, 621, 387, 132
track:1199, 771, 621, 387, 132
track:1200, 782, 622, 369, 126
track:1201, 784, 621, 369, 126
track:1202, 787, 619, 369, 126
track:1203, 787, 620, 369, 126
track:1204, 791, 620, 369, 126
track:1205, 802, 623, 351, 120
track:1206, 808, 624, 351, 120
track:1207, 811, 625, 351, 120
track:1208, 814, 625, 351, 120
track:1209, 815, 624, 351, 120
track:1210, 818, 624, 351, 120
track:1211, 825, 625, 351, 120
track:1212, 837, 629, 334, 114
track:1213, 845, 634, 318, 109
track:1214, 840, 630, 334, 114
track:1215, 843, 632, 334, 114
track:1216, 838, 630, 351, 120
track:1217, 848, 632, 334, 114
track:1218, 846, 635, 318, 109
track:1219, 846, 635, 318, 109
track:1220, 850, 636, 318, 109
track:1221, 860, 640, 303, 103
track:1222, 862, 641, 303, 103
track:1223, 866, 641, 303, 103
track:1224, 862, 642, 303, 103
track:1225, 858, 639, 318, 109
track:1226, 857, 641, 318, 109
track:1227, 850, 639, 318, 109
track:1228, 859, 641, 303, 103
track:1229, 860, 638, 303, 103
track:1230, 858, 641, 303, 103
track:1231, 863, 644, 303, 103
track:1232, 855, 642, 318, 109
track:1233, 863, 646, 303, 103
track:1234, 860, 646, 303, 103
track:1235, 864, 646, 303, 103
track:1236, 867, 648, 289, 99
track:1237, 859, 647, 289, 99
track:1238, 859, 650, 289, 99
track:1239, 860, 649, 289, 99
track:1240, 852, 650, 303, 103
track:1241, 846, 652, 303, 103
track:1242, 855, 659, 289, 99
track:1243, 863, 661, 275, 94
track:1244, 866, 661, 275, 94
track:1245, 873, 661, 275, 94
track:1246, 867, 664, 275, 94
track:1247, 883, 666, 275, 94
track:1248, 877, 664, 275, 94
track:1249, 876, 670, 275, 94
track:1250, 856, 671, 275, 94
track:1251, 866, 672, 275, 94
track:1252, 871, 672, 262, 89
track:1253, 879, 671, 262, 89
track:1254, 877, 673, 262, 89
init :1255, 950, 667, 133, 85
track:1256, 944, 666, 133, 85
track:1257, 942, 667, 127, 81
track:1258, 940, 666, 127, 81
track:1259, 937, 664, 127, 81
track:1260, 934, 663, 127, 81
track:1261, 926, 662, 127, 81
track:1262, 922, 660, 127, 81
track:1263, 921, 662, 121, 77
track:1264, 921, 663, 121, 77
track:1265, 920, 663, 121, 77
track:1266, 921, 663, 121, 77
track:1267, 919, 660, 121, 77
track:1268, 919, 660, 121, 77
track:1269, 918, 660, 121, 77
track:1270, 918, 658, 121, 77
track:1271, 918, 657, 121, 77
track:1272, 911, 659, 121, 77
track:1273, 909, 659, 115, 73
track:1274, 909, 658, 115, 73
track:1275, 906, 657, 115, 73
track:1276, 899, 657, 115, 73
track:1277, 893, 658, 115, 73
track:1278, 886, 659, 115, 73
track:1279, 887, 659, 115, 73
track:1280, 880, 660, 115, 73
track:1281, 876, 663, 109, 70
track:1282, 869, 664, 109, 70
track:1283, 864, 663, 109, 70
track:1284, 865, 663, 109, 70
track:1285, 857, 664, 109, 70
track:1286, 854, 665, 104, 67
track:1287, 852, 665, 104, 67
track:1288, 852, 664, 104, 67
track:1289, 850, 664, 104, 67
track:1290, 850, 663, 104, 67
track:1291, 848, 662, 104, 67
track:1292, 846, 663, 104, 67
track:1293, 848, 664, 99, 63
track:1294, 850, 666, 95, 60
track:1295, 848, 666, 95, 60
track:1296, 847, 666, 95, 60
track:1297, 847, 666, 95, 60
track:1298, 847, 665, 95, 60
track:1299, 847, 665, 95, 60
track:1300, 847, 665, 95, 60
track:1301, 842, 663, 99, 63
track:1302, 842, 664, 99, 63
track:1303, 842, 663, 99, 63
track:1304, 842, 663, 99, 63
track:1305, 844, 662, 99, 63
track:1306, 844, 663, 99, 63
track:1307, 847, 664, 99, 63
track:1308, 848, 666, 95, 60
track:1309, 850, 668, 90, 58
track:1310, 851, 668, 90, 58
track:1311, 852, 668, 90, 58
track:1312, 850, 668, 90, 58
track:1313, 850, 668, 90, 58
track:1314, 850, 668, 90, 58
track:1315, 850, 669, 90, 58
track:1316, 849, 668, 90, 58
track:1317, 847, 668, 90, 58
track:1318, 847, 668, 90, 58
track:1319, 846, 668, 90, 58
track:1320, 844, 669, 90, 58
init :1321, 858, 672, 166, 54
track:1322, 859, 672, 166, 54
track:1323, 864, 674, 166, 54
track:1324, 867, 675, 158, 51
track:1325, 867, 676, 158, 51
track:1326, 868, 676, 158, 51
track:1327, 867, 676, 166, 54
track:1328, 872, 678, 158, 51
track:1329, 872, 679, 158, 51
track:1330, 871, 679, 158, 51
track:1331, 871, 679, 158, 51
track:1332, 867, 679, 158, 51
track:1333, 863, 679, 158, 51
track:1334, 862, 679, 158, 51
track:1335, 858, 679, 158, 51
track:1336, 854, 679, 158, 51
track:1337, 850, 679, 158, 51
track:1338, 848, 678, 158, 51
track:1339, 847, 678, 158, 51
track:1340, 847, 679, 158, 51
track:1341, 847, 679, 158, 51
track:1342, 846, 679, 158, 51
track:1343, 843, 679, 166, 54
track:1344, 843, 679, 166, 54
track:1345, 843, 680, 166, 54
track:1346, 839, 679, 174, 57
track:1347, 840, 680, 174, 57
track:1348, 838, 680, 174, 57
track:1349, 837, 680, 174, 57
track:1350, 837, 680, 174, 57
track:1351, 834, 680, 174, 57
track:1352, 834, 681, 174, 57
track:1353, 838, 682, 166, 54
track:1354, 833, 681, 174, 57
track:1355, 830, 681, 183, 60
track:1356, 831, 681, 183, 60
track:1357, 835, 682, 174, 57
track:1358, 838, 684, 166, 54
track:1359, 838, 684, 166, 54
track:1360, 837, 684, 166, 54
track:1361, 840, 685, 158, 51
track:1362, 840, 686, 158, 51
track:1363, 840, 686, 158, 51
track:1364, 836, 686, 166, 54
track:1365, 838, 686, 166, 54
track:1366, 837, 686, 166, 54
track:1367, 837, 687, 166, 54
track:1368, 837, 687, 166, 54
track:1369, 838, 687, 166, 54
track:1370, 836, 688, 166, 54
track:1371, 828, 688, 174, 57
track:1372, 827, 688, 174, 57
track:1373, 824, 689, 174, 57
track:1374, 825, 689, 174, 57
track:1375, 824, 689, 174, 57
track:1376, 823, 689, 174, 57
track:1377, 821, 689, 174, 57
track:1378, 811, 690, 174, 57
track:1379, 812, 690, 174, 57
track:1380, 808, 691, 174, 57
track:1381, 806, 692, 174, 57
track:1382, 802, 693, 174, 57
track:1383, 799, 694, 174, 57
track:1384, 798, 694, 174, 57
track:1385, 793, 694, 183, 60
track:1386, 795, 695, 183, 60
init :1387, 812, 700, 198, 62
track:1388, 813, 700, 198, 62
track:1389, 814, 701, 198, 62
track:1390, 816, 701, 198, 62
track:1391, 831, 703, 198, 62
track:1392, 829, 704, 198, 62
track:1393, 832, 705, 198, 62
track:1394, 833, 705, 198, 62
track:1395, 834, 706, 198, 62
track:1396, 835, 706, 198, 62
track:1397, 835, 707, 198, 62
track:1398, 835, 708, 198, 62
track:1399, 835, 708, 198, 62
track:1400, 831, 708, 198, 62
track:1401, 821, 709, 208, 65
track:1402, 818, 710, 208, 65
track:1403, 807, 710, 218, 68
track:1404, 805, 711, 218, 68
track:1405, 801, 711, 218, 68
track:1406, 799, 711, 218, 68
track:1407, 800, 713, 208, 65
track:1408, 797, 712, 208, 65
track:1409, 796, 712, 208, 65
track:1410, 794, 712, 208, 65
track:1411, 795, 713, 208, 65
track:1412, 796, 715, 208, 65
track:1413, 797, 715, 208, 65
track:1414, 797, 716, 208, 65
track:1415, 799, 716, 208, 65
track:1416, 799, 716, 208, 65
track:1417, 798, 717, 208, 65
track:1418, 791, 717, 218, 68
track:1419, 787, 715, 229, 72
track:1420, 786, 716, 229, 72
track:1421, 787, 719, 218, 68
track:1422, 786, 719, 218, 68
track:1423, 785, 720, 218, 68
track:1424, 785, 720, 218, 68
track:1425, 787, 720, 218, 68
track:1426, 783, 718, 229, 72
track:1427, 782, 719, 229, 72
track:1428, 783, 720, 229, 72
track:1429, 777, 719, 241, 75
track:1430, 776, 719, 241, 75
track:1431, 776, 720, 241, 75
track:1432, 773, 722, 241, 75
track:1433, 776, 724, 229, 72
track:1434, 771, 723, 241, 75
track:1435, 770, 724, 241, 75
track:1436, 764, 724, 253, 79
track:1437, 768, 726, 241, 75
track:1438, 765, 727, 241, 75
track:1439, 760, 726, 253, 79
track:1440, 757, 727, 253, 79
track:1441, 757, 728, 253, 79
track:1442, 755, 729, 253, 79
track:1443, 752, 730, 253, 79
track:1444, 753, 730, 241, 75
track:1445, 743, 728, 253, 79
track:1446, 745, 729, 241, 75
track:1447, 737, 729, 241, 75
track:1448, 739, 728, 241, 75
track:1449, 735, 728, 241, 75
track:1450, 738, 727, 241, 75
track:1451, 734, 724, 253, 79
track:1452, 740, 724, 253, 79
init :1453, 784, 711, 230, 135
track:1454, 784, 711, 230, 135
track:1455, 787, 710, 230, 135
track:1456, 792, 710, 230, 135
track:1457, 796, 708, 230, 135
track:1458, 800, 708, 230, 135
track:1459, 802, 709, 230, 135
track:1460, 805, 710, 230, 135
track:1461, 808, 710, 230, 135
track:1462, 816, 713, 219, 129
track:1463, 815, 714, 219, 129
track:1464, 816, 713, 219, 129
track:1465, 819, 714, 219, 129
track:1466, 818, 716, 219, 129
track:1467, 825, 719, 219, 129
track:1468, 819, 716, 230, 135
track:1469, 811, 716, 230, 135
track:1470, 803, 714, 230, 135
track:1471, 825, 723, 219, 129
track:1472, 815, 721, 219, 129
track:1473, 807, 721, 219, 129
track:1474, 800, 717, 219, 129
track:1475, 800, 712, 219, 129
track:1476, 798, 710, 219, 129
track:1477, 797, 708, 219, 129
track:1478, 792, 712, 219, 129
track:1479, 789, 705, 219, 129
track:1480, 801, 705, 209, 122
track:1481, 809, 703, 209, 122
track:1482, 797, 700, 209, 122
track:1483, 814, 703, 199, 117
track:1484, 820, 704, 199, 117
track:1485, 808, 706, 199, 117
track:1486, 812, 707, 199, 117
track:1487, 812, 701, 199, 117
track:1488, 815, 702, 199, 117
track:1489, 812, 698, 209, 122
track:1490, 812, 696, 209, 122
track:1491, 821, 693, 209, 122
track:1492, 810, 691, 209, 122
track:1493, 822, 694, 199, 117
track:1494, 821, 693, 189, 111
track:1495, 811, 690, 189, 111
track:1496, 810, 684, 189, 111
track:1497, 813, 681, 189, 111
track:1498, 801, 679, 189, 111
track:1499, 798, 675, 189, 111
track:1500, 802, 675, 180, 106
track:1501, 802, 675, 172, 101
track:1502, 801, 674, 163, 96
track:1503, 799, 673, 163, 96
track:1504, 802, 671, 163, 96
track:1505, 795, 667, 163, 96
track:1506, 795, 664, 156, 91
track:1507, 790, 661, 156, 91
track:1508, 790, 660, 156, 91
track:1509, 789, 657, 156, 91
track:1510, 789, 653, 156, 91
track:1511, 788, 649, 156, 91
track:1512, 778, 644, 156, 91
track:1513, 779, 643, 156, 91
track:1514, 764, 640, 156, 91
track:1515, 752, 644, 148, 87
track:1516, 726, 643, 148, 87
track:1517, 702, 643, 148, 87
track:1518, 702, 645, 148, 87
init :1519, 724, 623, 286, 109
track:1520, 701, 623, 286, 109
track:1521, 679, 624, 286, 109
track:1522, 675, 627, 272, 104
track:1523, 674, 627, 272, 104
track:1524, 666, 628, 272, 104
track:1525, 664, 628, 272, 104
track:1526, 667, 629, 272, 104
track:1527, 664, 625, 286, 109
track:1528, 672, 628, 272, 104
track:1529, 703, 630, 259, 99
track:1530, 722, 628, 259, 99
track:1531, 749, 628, 259, 99
track:1532, 775, 627, 259, 99
track:1533, 782, 629, 247, 94
track:1534, 805, 629, 247, 94
track:1535, 831, 628, 247, 94
track:1536, 852, 627, 247, 94
track:1537, 872, 628, 247, 94
track:1538, 869, 628, 247, 94
track:1539, 890, 629, 247, 94
track:1540, 891, 629, 247, 94
track:1541, 896, 631, 247, 94
track:1542, 895, 630, 247, 94
track:1543, 902, 633, 235, 90
track:1544, 900, 636, 235, 90
track:1545, 897, 636, 235, 90
track:1546, 898, 637, 235, 90
track:1547, 887, 642, 224, 85
track:1548, 890, 643, 224, 85
track:1549, 883, 645, 224, 85
track:1550, 867, 644, 235, 90
track:1551, 868, 647, 224, 85
track:1552, 866, 648, 224, 85
track:1553, 862, 650, 224, 85
track:1554, 865, 652, 213, 81
track:1555, 862, 653, 213, 81
track:1556, 865, 654, 213, 81
track:1557, 875, 654, 203, 77
track:1558, 873, 654, 203, 77
track:1559, 876, 655, 203, 77
track:1560, 882, 655, 203, 77
track:1561, 891, 657, 194, 74
track:1562, 894, 658, 194, 74
track:1563, 893, 659, 194, 74
track:1564, 894, 658, 194, 74
track:1565, 894, 658, 194, 74
track:1566, 899, 659, 194, 74
track:1567, 899, 660, 184, 70
track:1568, 899, 660, 184, 70
track:1569, 899, 661, 184, 70
track:1570, 901, 663, 176, 67
track:1571, 901, 662, 167, 64
track:1572, 901, 664, 167, 64
track:1573, 901, 664, 167, 64
track:1574, 898, 665, 167, 64
track:1575, 895, 665, 167, 64
track:1576, 893, 666, 167, 64
track:1577, 892, 668, 159, 61
track:1578, 892, 666, 159, 61
track:1579, 888, 666, 159, 61
track:1580, 887, 665, 159, 61
track:1581, 885, 667, 159, 61
track:1582, 886, 670, 152, 58
track:1583, 887, 670, 152, 58
track:1584, 888, 673, 144, 55
init :1585, 900, 677, 138, 72
track:1586, 900, 677, 138, 72
track:1587, 902, 679, 131, 69
track:1588, 902, 678, 131, 69
track:1589, 899, 677, 138, 72
track:1590, 899, 678, 138, 72
track:1591, 902, 679, 131, 69
track:1592, 901, 680, 131, 69
track:1593, 900, 679, 131, 69
track:1594, 900, 680, 131, 69
track:1595, 897, 680, 131, 69
track:1596, 894, 681, 131, 69
track:1599, 893, 682, 131, 69
track:1600, 890, 681, 131, 69
track:1601, 893, 683, 125, 65
track:1602, 892, 684, 125, 65
track:1603, 892, 684, 125, 65
track:1604, 892, 685, 119, 62
track:1605, 890, 687, 114, 59
track:1606, 884, 686, 119, 62
track:1607, 881, 686, 119, 62
track:1608, 881, 686, 119, 62
elapseTime: 15.948
