init :7, 821, 630, 235, 197
track:8, 821, 630, 235, 197
track:9, 822, 630, 235, 197
track:10, 821, 631, 235, 197
track:11, 823, 630, 235, 197
track:12, 823, 630, 235, 197
track:13, 824, 630, 235, 197
track:14, 824, 630, 235, 197
track:15, 824, 630, 235, 197
track:16, 825, 630, 235, 197
track:17, 826, 630, 235, 197
track:18, 825, 630, 235, 197
track:19, 825, 629, 235, 197
track:20, 821, 626, 247, 207
track:21, 820, 626, 247, 207
track:22, 827, 631, 235, 197
track:23, 828, 631, 235, 197
track:24, 827, 631, 235, 197
track:25, 828, 630, 235, 197
track:26, 829, 631, 235, 197
track:27, 829, 631, 235, 197
track:28, 829, 631, 235, 197
track:29, 829, 630, 235, 197
track:30, 829, 630, 235, 197
track:31, 830, 629, 235, 197
track:32, 831, 631, 235, 197
track:33, 829, 630, 235, 197
track:34, 830, 631, 235, 197
track:35, 830, 630, 235, 197
track:36, 830, 631, 235, 197
track:37, 829, 630, 235, 197
track:38, 831, 630, 235, 197
track:39, 830, 630, 235, 197
track:40, 830, 630, 235, 197
track:41, 831, 629, 235, 197
track:42, 830, 631, 235, 197
track:43, 831, 630, 235, 197
track:44, 830, 631, 235, 197
track:45, 832, 630, 235, 197
track:46, 830, 631, 235, 197
track:48, 832, 630, 235, 197
track:49, 830, 630, 235, 197
track:50, 831, 629, 235, 197
track:51, 832, 629, 235, 197
track:52, 831, 628, 235, 197
track:53, 832, 629, 235, 197
track:54, 831, 629, 235, 197
track:55, 832, 629, 235, 197
track:56, 831, 629, 235, 197
track:57, 831, 628, 235, 197
track:58, 831, 629, 235, 197
track:59, 830, 628, 235, 197
track:60, 832, 628, 235, 197
track:61, 831, 630, 235, 197
track:62, 830, 629, 235, 197
track:63, 829, 629, 235, 197
track:64, 830, 629, 235, 197
track:65, 829, 629, 235, 197
track:66, 828, 629, 235, 197
track:67, 829, 628, 235, 197
track:68, 829, 629, 235, 197
track:69, 828, 629, 235, 197
track:70, 829, 628, 235, 197
track:71, 829, 629, 235, 197
track:72, 828, 629, 235, 197
track:73, 828, 629, 235, 197
track:74, 828, 628, 235, 197
track:75, 828, 629, 235, 197
track:76, 828, 629, 235, 197
track:77, 827, 629, 235, 197
track:78, 828, 628, 235, 197
init :79, 826, 630, 235, 197
track:80, 826, 630, 235, 197
track:81, 826, 630, 235, 197
track:82, 825, 630, 235, 197
track:83, 826, 631, 235, 197
track:84, 826, 631, 235, 197
track:85, 826, 630, 235, 197
track:86, 826, 631, 235, 197
track:87, 825, 631, 235, 197
track:88, 826, 631, 235, 197
track:89, 826, 631, 235, 197
track:90, 826, 631, 235, 197
track:91, 825, 632, 235, 197
track:92, 827, 631, 235, 197
track:93, 827, 631, 235, 197
track:94, 827, 630, 235, 197
track:95, 826, 631, 235, 197
track:96, 827, 631, 235, 197
track:97, 828, 630, 235, 197
track:98, 828, 630, 235, 197
track:99, 828, 629, 235, 197
track:100, 829, 629, 235, 197
track:101, 830, 629, 235, 197
track:102, 831, 628, 235, 197
track:103, 831, 627, 235, 197
track:104, 831, 627, 235, 197
track:105, 831, 626, 235, 197
track:106, 832, 627, 235, 197
track:107, 833, 624, 235, 197
track:108, 833, 622, 235, 197
track:109, 832, 623, 235, 197
track:110, 834, 622, 235, 197
track:111, 834, 620, 235, 197
track:112, 834, 618, 235, 197
track:113, 835, 616, 235, 197
track:114, 835, 616, 235, 197
track:115, 836, 613, 235, 197
track:116, 836, 610, 235, 197
track:117, 837, 609, 235, 197
track:120, 840, 607, 235, 197
track:121, 841, 604, 235, 197
track:122, 847, 607, 224, 188
track:123, 846, 606, 224, 188
track:124, 847, 605, 224, 188
track:125, 851, 608, 213, 179
track:126, 849, 605, 213, 179
track:127, 847, 603, 213, 179
track:128, 847, 603, 213, 179
track:129, 847, 602, 213, 179
track:130, 845, 604, 213, 179
track:131, 846, 605, 213, 179
track:132, 850, 608, 213, 179
track:133, 851, 611, 213, 179
track:134, 851, 611, 213, 179
track:135, 851, 612, 213, 179
track:136, 853, 613, 213, 179
track:137, 853, 613, 213, 179
track:138, 853, 615, 213, 179
track:139, 855, 616, 213, 179
track:140, 853, 614, 213, 179
track:141, 857, 618, 203, 170
track:142, 855, 619, 203, 170
track:143, 855, 620, 203, 170
track:144, 855, 620, 203, 170
track:145, 851, 622, 203, 170
track:146, 849, 624, 203, 170
track:147, 851, 624, 203, 170
track:148, 852, 626, 203, 170
track:149, 852, 627, 203, 170
track:150, 848, 625, 213, 179
track:151, 849, 628, 213, 179
track:152, 848, 630, 213, 179
track:153, 850, 634, 213, 179
track:154, 854, 639, 203, 170
track:155, 854, 640, 203, 170
track:156, 853, 640, 203, 170
init :157, 863, 649, 170, 158
track:158, 863, 649, 170, 158
track:159, 864, 650, 170, 158
track:160, 863, 651, 170, 158
track:161, 861, 652, 170, 158
track:162, 859, 652, 170, 158
track:163, 858, 652, 170, 158
track:164, 858, 652, 170, 158
track:165, 858, 653, 170, 158
track:166, 858, 654, 170, 158
track:167, 858, 653, 170, 158
track:168, 858, 653, 170, 158
track:169, 858, 653, 170, 158
track:170, 858, 653, 170, 158
track:171, 860, 650, 170, 158
track:172, 861, 650, 170, 158
track:173, 860, 649, 170, 158
track:174, 860, 649, 170, 158
track:175, 858, 650, 170, 158
track:176, 856, 650, 170, 158
track:177, 858, 650, 170, 158
track:178, 860, 650, 170, 158
track:179, 859, 651, 170, 158
track:180, 860, 652, 170, 158
track:181, 861, 653, 170, 158
track:182, 861, 656, 170, 158
track:183, 863, 658, 170, 158
track:184, 865, 659, 170, 158
track:185, 866, 659, 170, 158
track:186, 864, 658, 170, 158
track:187, 861, 653, 170, 158
track:188, 856, 651, 170, 158
track:189, 855, 650, 170, 158
track:190, 853, 649, 170, 158
track:191, 852, 648, 170, 158
track:192, 852, 643, 170, 158
track:193, 855, 645, 162, 150
track:194, 855, 644, 162, 150
track:195, 857, 642, 162, 150
track:196, 859, 641, 162, 150
track:197, 858, 639, 162, 150
track:198, 855, 639, 162, 150
track:199, 854, 639, 162, 150
track:200, 853, 642, 162, 150
track:201, 851, 642, 162, 150
track:202, 850, 639, 162, 150
track:203, 851, 637, 162, 150
track:204, 851, 636, 162, 150
track:205, 851, 633, 162, 150
track:206, 852, 633, 162, 150
track:207, 851, 631, 162, 150
track:208, 849, 632, 162, 150
track:209, 848, 630, 162, 150
track:210, 846, 627, 162, 150
track:211, 844, 623, 162, 150
track:212, 846, 622, 162, 150
track:213, 846, 621, 162, 150
track:214, 846, 620, 162, 150
track:215, 846, 619, 162, 150
track:216, 845, 618, 162, 150
track:217, 846, 618, 162, 150
track:218, 846, 619, 162, 150
track:219, 846, 620, 162, 150
track:220, 848, 627, 154, 143
track:221, 849, 629, 154, 143
track:222, 848, 631, 154, 143
track:223, 847, 631, 154, 143
track:224, 848, 633, 154, 143
track:225, 847, 634, 154, 143
track:226, 851, 638, 147, 136
track:227, 851, 638, 147, 136
track:228, 851, 639, 147, 136
track:229, 851, 640, 147, 136
track:230, 851, 639, 147, 136
track:231, 850, 638, 147, 136
track:232, 850, 635, 147, 136
track:233, 853, 637, 140, 130
track:234, 852, 637, 140, 130
init :235, 853, 646, 129, 106
track:236, 850, 642, 135, 111
track:237, 853, 644, 135, 111
track:238, 853, 644, 135, 111
track:239, 853, 646, 135, 111
track:240, 854, 648, 135, 111
track:241, 854, 650, 135, 111
track:242, 855, 650, 135, 111
track:243, 854, 650, 135, 111
track:244, 854, 650, 135, 111
track:245, 854, 652, 135, 111
track:246, 854, 652, 135, 111
track:247, 854, 653, 135, 111
track:248, 854, 652, 135, 111
track:249, 858, 655, 129, 106
track:250, 857, 656, 129, 106
track:251, 858, 658, 129, 106
track:252, 862, 661, 123, 101
track:253, 862, 661, 123, 101
track:254, 864, 664, 123, 101
track:255, 864, 667, 123, 101
track:256, 863, 667, 123, 101
track:257, 865, 671, 123, 101
track:258, 864, 672, 123, 101
track:259, 865, 673, 123, 101
track:260, 866, 675, 123, 101
track:261, 866, 675, 123, 101
track:262, 866, 676, 123, 101
track:263, 865, 676, 123, 101
track:264, 865, 678, 123, 101
track:265, 866, 680, 123, 101
track:266, 866, 680, 123, 101
track:267, 866, 683, 123, 101
track:268, 865, 683, 123, 101
track:269, 865, 684, 123, 101
track:270, 866, 687, 123, 101
track:271, 867, 689, 123, 101
track:272, 867, 694, 123, 101
track:273, 868, 693, 123, 101
track:274, 867, 696, 123, 101
track:275, 869, 697, 123, 101
track:276, 866, 698, 129, 106
track:277, 866, 702, 129, 106
track:278, 867, 702, 129, 106
track:279, 865, 700, 135, 111
track:280, 866, 698, 135, 111
track:281, 867, 697, 135, 111
track:282, 868, 699, 135, 111
track:283, 869, 699, 135, 111
track:284, 867, 698, 142, 117
track:285, 869, 701, 142, 117
track:286, 867, 697, 149, 123
track:287, 868, 696, 149, 123
track:288, 864, 692, 157, 129
track:289, 862, 686, 165, 135
track:290, 862, 682, 165, 135
track:291, 862, 674, 165, 135
track:292, 859, 666, 173, 142
track:293, 859, 665, 173, 142
track:294, 860, 664, 173, 142
track:295, 858, 658, 182, 149
track:296, 859, 657, 182, 149
track:297, 854, 655, 191, 157
track:298, 850, 652, 200, 164
track:299, 848, 653, 200, 164
track:300, 842, 650, 210, 173
track:301, 835, 648, 221, 181
track:302, 834, 654, 221, 181
track:303, 833, 655, 221, 181
track:304, 825, 655, 232, 190
track:305, 817, 651, 243, 200
track:306, 817, 650, 243, 200
track:307, 815, 648, 243, 200
track:308, 815, 647, 243, 200
track:309, 815, 645, 243, 200
track:310, 813, 638, 243, 200
track:311, 811, 625, 243, 200
track:312, 813, 614, 243, 200
init :313, 812, 607, 263, 218
track:314, 813, 601, 263, 218
track:315, 813, 593, 263, 218
track:316, 813, 586, 263, 218
track:317, 822, 584, 250, 208
track:318, 822, 582, 250, 208
track:319, 823, 581, 250, 208
track:320, 827, 570, 250, 208
track:321, 836, 569, 239, 198
track:322, 838, 567, 239, 198
track:323, 836, 567, 239, 198
track:324, 834, 572, 239, 198
track:325, 841, 574, 227, 188
track:326, 839, 566, 227, 188
track:327, 838, 565, 227, 188
track:328, 838, 566, 227, 188
track:329, 840, 576, 216, 179
track:330, 838, 583, 216, 179
track:331, 837, 586, 216, 179
track:332, 834, 588, 216, 179
track:333, 834, 590, 216, 179
track:334, 834, 592, 216, 179
track:335, 833, 593, 216, 179
track:336, 834, 596, 216, 179
track:337, 835, 597, 216, 179
track:338, 834, 598, 216, 179
track:339, 835, 593, 216, 179
track:340, 835, 591, 216, 179
track:341, 836, 593, 216, 179
track:342, 842, 594, 206, 171
track:343, 842, 595, 206, 171
track:344, 842, 593, 206, 171
track:345, 842, 589, 206, 171
track:346, 846, 594, 196, 163
track:347, 846, 595, 196, 163
track:348, 846, 595, 196, 163
track:349, 847, 598, 196, 163
track:350, 848, 601, 196, 163
track:351, 854, 609, 187, 155
track:352, 857, 616, 178, 148
track:353, 857, 617, 178, 148
track:354, 857, 618, 178, 148
track:355, 856, 619, 178, 148
track:356, 857, 620, 178, 148
track:357, 861, 623, 170, 141
track:358, 860, 624, 170, 141
track:359, 863, 627, 161, 134
track:360, 863, 626, 161, 134
track:361, 862, 626, 161, 134
track:362, 860, 627, 161, 134
track:363, 861, 628, 161, 134
track:364, 861, 628, 161, 134
track:365, 860, 629, 161, 134
track:366, 863, 632, 154, 127
track:367, 862, 632, 154, 127
track:368, 865, 635, 146, 121
track:369, 867, 638, 139, 116
track:370, 866, 643, 139, 116
track:371, 867, 651, 139, 116
track:372, 866, 653, 139, 116
track:373, 865, 654, 139, 116
track:374, 862, 653, 146, 121
track:375, 861, 654, 146, 121
track:376, 858, 654, 146, 121
track:377, 856, 655, 146, 121
track:378, 859, 658, 139, 116
track:379, 858, 659, 139, 116
track:380, 858, 659, 139, 116
track:381, 861, 661, 133, 110
track:382, 859, 660, 133, 110
track:383, 858, 659, 133, 110
track:384, 857, 659, 133, 110
track:385, 856, 658, 133, 110
track:386, 857, 658, 133, 110
track:387, 860, 660, 127, 105
track:388, 860, 660, 127, 105
track:389, 862, 662, 120, 100
track:390, 862, 662, 120, 100
init :391, 867, 667, 110, 88
track:392, 867, 669, 110, 88
track:393, 867, 670, 110, 88
track:394, 867, 671, 110, 88
track:395, 868, 678, 110, 88
track:396, 869, 680, 110, 88
track:397, 871, 684, 110, 88
track:398, 871, 684, 110, 88
track:399, 873, 690, 110, 88
track:400, 873, 694, 110, 88
track:401, 874, 699, 110, 88
track:402, 876, 704, 110, 88
track:403, 876, 704, 110, 88
track:404, 877, 706, 110, 88
track:405, 878, 706, 110, 88
track:406, 878, 706, 110, 88
track:407, 880, 706, 110, 88
track:408, 879, 706, 110, 88
track:409, 879, 705, 110, 88
track:410, 880, 702, 110, 88
track:411, 880, 699, 110, 88
track:412, 881, 697, 110, 88
track:413, 881, 697, 110, 88
track:414, 881, 696, 110, 88
track:415, 881, 697, 110, 88
track:416, 882, 700, 110, 88
track:417, 883, 700, 110, 88
track:418, 883, 700, 110, 88
track:419, 882, 699, 110, 88
track:420, 881, 701, 110, 88
track:421, 880, 701, 110, 88
track:422, 879, 699, 110, 88
track:423, 879, 699, 110, 88
track:424, 879, 697, 110, 88
track:425, 878, 694, 110, 88
track:426, 877, 692, 110, 88
track:427, 876, 691, 110, 88
track:428, 876, 690, 110, 88
track:429, 876, 690, 110, 88
track:430, 875, 690, 110, 88
track:431, 875, 690, 110, 88
track:432, 872, 689, 115, 92
track:433, 872, 689, 115, 92
track:434, 868, 687, 121, 97
track:435, 867, 687, 121, 97
track:436, 867, 689, 121, 97
track:437, 867, 689, 121, 97
track:438, 867, 690, 121, 97
track:439, 868, 692, 121, 97
track:440, 869, 692, 121, 97
track:441, 866, 689, 127, 102
track:442, 866, 690, 127, 102
track:443, 866, 690, 127, 102
track:444, 867, 690, 127, 102
track:445, 866, 690, 127, 102
track:446, 866, 691, 127, 102
track:447, 867, 691, 127, 102
track:448, 867, 691, 127, 102
track:449, 867, 690, 127, 102
track:450, 867, 689, 127, 102
track:451, 869, 690, 127, 102
track:452, 869, 692, 127, 102
track:453, 869, 693, 127, 102
track:454, 870, 693, 127, 102
track:455, 871, 694, 127, 102
track:456, 872, 694, 127, 102
track:457, 872, 693, 127, 102
track:458, 872, 693, 127, 102
track:459, 871, 692, 127, 102
track:460, 871, 691, 127, 102
track:461, 872, 691, 127, 102
track:462, 872, 691, 127, 102
track:463, 872, 690, 127, 102
track:464, 871, 687, 127, 102
track:465, 870, 685, 127, 102
track:466, 871, 685, 127, 102
track:467, 871, 686, 127, 102
track:468, 868, 685, 134, 107
init :469, 867, 685, 129, 103
track:470, 868, 687, 129, 103
track:471, 869, 688, 129, 103
track:472, 869, 688, 129, 103
track:473, 869, 690, 129, 103
track:474, 870, 693, 129, 103
track:475, 869, 690, 135, 108
track:476, 871, 689, 135, 108
track:477, 871, 689, 135, 108
track:478, 872, 689, 135, 108
track:479, 874, 686, 135, 108
track:480, 876, 677, 135, 108
track:481, 874, 672, 142, 114
track:482, 874, 672, 142, 114
track:483, 873, 663, 149, 119
track:484, 874, 661, 149, 119
track:485, 876, 661, 149, 119
track:486, 876, 665, 149, 119
track:487, 876, 666, 149, 119
track:488, 876, 670, 149, 119
track:490, 871, 670, 157, 125
track:491, 869, 671, 157, 125
track:492, 867, 672, 157, 125
track:493, 864, 672, 157, 125
track:494, 864, 671, 157, 125
track:495, 860, 665, 157, 125
track:496, 858, 659, 157, 125
track:497, 858, 658, 157, 125
track:498, 857, 656, 157, 125
track:499, 856, 652, 157, 125
track:500, 855, 647, 157, 125
track:501, 854, 645, 157, 125
track:502, 854, 643, 157, 125
track:503, 854, 640, 157, 125
track:504, 854, 640, 157, 125
track:505, 853, 638, 157, 125
track:506, 852, 638, 157, 125
track:507, 853, 638, 157, 125
track:508, 852, 636, 157, 125
track:509, 852, 631, 157, 125
track:510, 852, 628, 157, 125
track:511, 852, 626, 157, 125
track:512, 852, 626, 157, 125
track:513, 851, 626, 157, 125
track:514, 851, 627, 157, 125
track:515, 851, 628, 157, 125
track:516, 852, 627, 157, 125
track:517, 851, 627, 157, 125
track:518, 852, 624, 157, 125
track:519, 851, 624, 157, 125
track:520, 855, 626, 149, 119
track:521, 856, 624, 149, 119
track:522, 856, 624, 149, 119
track:523, 856, 626, 149, 119
track:524, 856, 630, 149, 119
track:525, 858, 630, 149, 119
track:526, 860, 631, 149, 119
track:527, 863, 634, 142, 114
track:528, 863, 634, 142, 114
track:529, 863, 632, 142, 114
track:530, 864, 630, 142, 114
track:531, 868, 632, 135, 108
track:532, 872, 635, 129, 103
track:533, 874, 636, 129, 103
track:534, 877, 638, 123, 98
track:535, 876, 638, 123, 98
track:536, 876, 641, 123, 98
track:537, 876, 642, 123, 98
track:538, 877, 643, 123, 98
track:539, 876, 645, 123, 98
track:540, 877, 645, 123, 98
track:543, 875, 646, 123, 98
track:544, 877, 648, 117, 93
track:546, 878, 657, 111, 89
init :547, 872, 656, 115, 83
track:548, 871, 658, 115, 83
track:549, 871, 661, 115, 83
track:550, 870, 663, 115, 83
track:551, 868, 664, 115, 83
track:552, 868, 664, 115, 83
track:553, 868, 664, 115, 83
track:554, 868, 664, 115, 83
track:555, 867, 665, 115, 83
track:556, 867, 665, 115, 83
track:557, 867, 665, 115, 83
track:558, 869, 671, 110, 79
track:559, 871, 675, 104, 75
track:560, 871, 678, 104, 75
track:561, 871, 682, 104, 75
track:562, 871, 682, 104, 75
track:563, 871, 684, 104, 75
track:564, 871, 686, 104, 75
track:565, 871, 687, 104, 75
track:566, 871, 689, 104, 75
track:567, 870, 690, 104, 75
track:568, 872, 692, 104, 75
track:569, 873, 693, 104, 75
track:570, 872, 696, 104, 75
track:571, 872, 698, 104, 75
track:572, 872, 699, 104, 75
track:573, 873, 701, 104, 75
track:574, 874, 702, 104, 75
track:575, 875, 702, 104, 75
track:576, 874, 700, 104, 75
track:577, 873, 700, 104, 75
track:578, 873, 697, 104, 75
track:579, 873, 695, 104, 75
track:580, 874, 695, 104, 75
track:581, 875, 696, 104, 75
track:582, 876, 696, 104, 75
track:583, 874, 698, 104, 75
track:584, 874, 699, 104, 75
track:585, 874, 700, 104, 75
track:586, 873, 700, 104, 75
track:587, 874, 701, 104, 75
track:588, 874, 700, 104, 75
track:589, 875, 700, 104, 75
track:590, 874, 699, 104, 75
track:591, 872, 700, 104, 75
track:592, 872, 701, 104, 75
track:593, 869, 698, 110, 79
track:594, 866, 694, 115, 83
track:595, 866, 686, 115, 83
track:596, 865, 684, 115, 83
track:597, 865, 683, 115, 83
track:598, 861, 678, 121, 87
track:599, 860, 671, 121, 87
track:600, 860, 668, 121, 87
track:601, 861, 668, 121, 87
track:602, 861, 667, 121, 87
track:603, 861, 666, 121, 87
track:604, 861, 662, 121, 87
track:605, 861, 659, 121, 87
track:606, 860, 658, 121, 87
track:607, 860, 658, 121, 87
track:608, 860, 658, 121, 87
track:609, 861, 657, 121, 87
track:610, 858, 657, 127, 92
track:611, 858, 659, 127, 92
track:612, 858, 661, 127, 92
track:613, 858, 663, 127, 92
track:614, 858, 664, 127, 92
track:615, 858, 668, 127, 92
track:616, 855, 668, 133, 96
track:617, 854, 669, 133, 96
track:618, 854, 668, 133, 96
track:619, 854, 667, 133, 96
track:620, 856, 666, 133, 96
track:621, 856, 665, 133, 96
track:622, 856, 665, 133, 96
track:623, 855, 664, 133, 96
track:624, 854, 663, 133, 96
init :625, 858, 656, 133, 114
track:626, 862, 659, 127, 109
track:627, 863, 659, 127, 109
track:628, 864, 660, 127, 109
track:629, 864, 660, 127, 109
track:630, 864, 659, 127, 109
track:631, 860, 656, 133, 114
track:632, 859, 656, 133, 114
track:633, 861, 659, 133, 114
track:634, 859, 659, 140, 120
track:635, 859, 661, 140, 120
track:636, 860, 663, 140, 120
track:637, 860, 662, 140, 120
track:638, 862, 663, 140, 120
track:639, 862, 664, 140, 120
track:640, 863, 663, 140, 120
track:641, 860, 658, 147, 126
track:642, 860, 658, 147, 126
track:643, 860, 656, 147, 126
track:644, 860, 655, 147, 126
track:645, 860, 645, 147, 126
track:646, 861, 644, 147, 126
track:647, 861, 643, 147, 126
track:648, 861, 643, 147, 126
track:649, 860, 644, 147, 126
track:650, 862, 644, 147, 126
track:651, 864, 644, 147, 126
track:652, 865, 644, 147, 126
track:653, 865, 644, 147, 126
track:654, 866, 645, 147, 126
track:655, 867, 650, 147, 126
track:656, 868, 651, 147, 126
track:657, 868, 652, 147, 126
track:658, 870, 655, 147, 126
track:659, 872, 654, 147, 126
track:660, 871, 653, 147, 126
track:661, 872, 652, 147, 126
track:662, 871, 653, 147, 126
track:663, 873, 652, 147, 126
track:664, 874, 650, 147, 126
track:665, 878, 651, 140, 120
track:666, 879, 649, 140, 120
track:667, 878, 649, 140, 120
track:668, 878, 648, 140, 120
track:669, 879, 647, 140, 120
track:670, 880, 646, 140, 120
track:671, 877, 646, 140, 120
track:672, 877, 647, 140, 120
track:673, 875, 647, 140, 120
track:674, 874, 646, 140, 120
track:675, 874, 645, 140, 120
track:676, 873, 645, 140, 120
track:677, 872, 645, 140, 120
track:678, 870, 649, 140, 120
track:679, 867, 655, 147, 126
track:680, 867, 661, 147, 126
track:681, 870, 666, 140, 120
track:682, 870, 666, 140, 120
track:683, 868, 665, 140, 120
track:684, 867, 664, 140, 120
track:685, 867, 666, 140, 120
track:686, 867, 668, 140, 120
track:687, 867, 669, 140, 120
track:688, 866, 669, 140, 120
track:689, 866, 668, 140, 120
track:690, 865, 667, 140, 120
track:691, 863, 664, 140, 120
track:692, 864, 664, 140, 120
track:693, 863, 663, 140, 120
track:694, 863, 662, 140, 120
track:695, 864, 662, 140, 120
track:696, 862, 660, 140, 120
track:697, 863, 659, 140, 120
track:698, 860, 659, 140, 120
track:699, 859, 660, 140, 120
track:700, 857, 660, 140, 120
track:701, 858, 663, 140, 120
track:702, 858, 663, 140, 120
init :703, 858, 672, 147, 122
track:704, 857, 675, 147, 122
track:705, 857, 681, 147, 122
track:706, 855, 683, 147, 122
track:707, 855, 683, 147, 122
track:708, 855, 685, 147, 122
track:709, 855, 685, 147, 122
track:710, 854, 684, 147, 122
track:711, 855, 683, 147, 122
track:712, 855, 681, 147, 122
track:713, 854, 679, 147, 122
track:714, 854, 678, 147, 122
track:715, 850, 677, 154, 128
track:716, 853, 680, 147, 122
track:717, 853, 682, 147, 122
track:718, 854, 682, 147, 122
track:719, 855, 682, 147, 122
track:720, 856, 682, 147, 122
track:721, 856, 682, 147, 122
track:722, 857, 683, 147, 122
track:723, 856, 682, 147, 122
track:724, 857, 679, 147, 122
track:725, 856, 676, 147, 122
track:726, 854, 672, 154, 128
track:727, 854, 671, 154, 128
track:728, 854, 668, 154, 128
track:729, 854, 665, 154, 128
track:730, 855, 662, 154, 128
track:731, 856, 661, 154, 128
track:732, 856, 661, 154, 128
track:733, 853, 657, 162, 135
track:734, 853, 654, 162, 135
track:735, 854, 648, 162, 135
track:736, 855, 647, 162, 135
track:737, 855, 646, 162, 135
track:738, 854, 645, 162, 135
track:739, 853, 645, 162, 135
track:740, 854, 646, 162, 135
track:741, 855, 646, 162, 135
track:742, 855, 647, 162, 135
track:743, 854, 648, 162, 135
track:744, 853, 648, 162, 135
track:745, 854, 646, 162, 135
track:746, 854, 645, 162, 135
track:747, 855, 644, 162, 135
track:748, 855, 634, 162, 135
track:749, 853, 630, 162, 135
track:750, 852, 629, 162, 135
track:751, 851, 629, 162, 135
track:752, 851, 630, 162, 135
track:753, 852, 631, 162, 135
track:754, 854, 631, 162, 135
track:755, 857, 631, 162, 135
track:756, 857, 631, 162, 135
track:757, 858, 630, 162, 135
track:758, 861, 631, 154, 128
track:759, 859, 632, 154, 128
track:760, 860, 638, 154, 128
track:761, 860, 638, 154, 128
track:762, 862, 638, 154, 128
track:763, 864, 638, 154, 128
track:764, 865, 638, 154, 128
track:765, 864, 639, 154, 128
track:766, 863, 639, 154, 128
track:767, 866, 641, 147, 122
track:768, 867, 642, 147, 122
track:769, 867, 644, 147, 122
track:770, 870, 654, 147, 122
track:771, 870, 654, 147, 122
track:772, 871, 654, 147, 122
track:773, 872, 652, 147, 122
track:774, 873, 651, 147, 122
track:775, 873, 651, 147, 122
track:776, 874, 651, 147, 122
track:777, 874, 650, 147, 122
track:778, 875, 650, 147, 122
track:779, 875, 650, 147, 122
track:780, 876, 650, 147, 122
init :781, 881, 651, 133, 98
track:782, 881, 651, 133, 98
track:783, 880, 652, 133, 98
track:784, 880, 652, 133, 98
track:785, 879, 653, 133, 98
track:786, 879, 653, 133, 98
track:787, 878, 653, 133, 98
track:788, 881, 655, 127, 93
track:789, 881, 656, 127, 93
track:790, 880, 656, 127, 93
track:791, 880, 656, 127, 93
track:792, 879, 655, 127, 93
track:793, 879, 656, 127, 93
track:794, 879, 657, 127, 93
track:795, 879, 661, 127, 93
track:796, 879, 662, 127, 93
track:797, 879, 661, 127, 93
track:798, 879, 660, 127, 93
track:799, 879, 662, 127, 93
track:800, 880, 663, 127, 93
track:801, 879, 663, 127, 93
track:802, 879, 664, 127, 93
track:803, 878, 664, 127, 93
track:804, 875, 663, 133, 98
track:805, 878, 665, 127, 93
track:806, 877, 666, 127, 93
track:807, 877, 665, 127, 93
track:808, 876, 666, 127, 93
track:809, 876, 668, 127, 93
track:810, 877, 669, 127, 93
track:811, 878, 671, 127, 93
track:812, 877, 672, 127, 93
track:813, 874, 672, 127, 93
track:814, 873, 672, 127, 93
track:815, 872, 671, 127, 93
track:816, 872, 671, 127, 93
track:817, 872, 673, 127, 93
track:818, 871, 681, 127, 93
track:819, 867, 680, 133, 98
track:820, 862, 689, 140, 103
track:821, 861, 690, 140, 103
track:822, 861, 690, 140, 103
track:823, 858, 687, 147, 108
track:824, 853, 683, 154, 113
track:825, 852, 683, 154, 113
track:826, 852, 683, 154, 113
track:827, 851, 688, 154, 113
track:828, 852, 692, 154, 113
track:829, 853, 695, 154, 113
track:830, 854, 696, 154, 113
track:831, 855, 697, 154, 113
track:832, 855, 697, 154, 113
track:833, 854, 694, 162, 119
track:834, 856, 686, 162, 119
track:835, 854, 677, 162, 119
track:836, 855, 678, 162, 119
track:837, 855, 672, 162, 119
track:838, 854, 671, 162, 119
track:839, 852, 667, 162, 119
track:840, 850, 662, 162, 119
track:841, 849, 662, 162, 119
track:842, 848, 660, 162, 119
track:843, 845, 657, 162, 119
track:844, 842, 653, 162, 119
track:845, 835, 639, 162, 119
track:846, 835, 638, 162, 119
track:847, 830, 627, 170, 125
track:848, 831, 623, 170, 125
track:849, 830, 621, 170, 125
track:850, 828, 620, 170, 125
track:851, 827, 619, 170, 125
track:852, 829, 612, 178, 131
track:853, 834, 608, 178, 131
track:854, 835, 609, 178, 131
track:855, 834, 611, 178, 131
track:856, 834, 613, 178, 131
track:857, 834, 614, 178, 131
track:858, 836, 613, 178, 131
init :859, 830, 594, 198, 166
track:860, 830, 592, 198, 166
track:861, 830, 592, 198, 166
track:862, 830, 594, 198, 166
track:863, 832, 600, 198, 166
track:864, 832, 605, 198, 166
track:865, 832, 612, 198, 166
track:866, 832, 611, 198, 166
track:867, 832, 615, 198, 166
track:868, 833, 618, 198, 166
track:869, 834, 619, 198, 166
track:870, 834, 624, 198, 166
track:871, 834, 625, 198, 166
track:872, 834, 625, 198, 166
track:873, 834, 625, 198, 166
track:874, 837, 624, 198, 166
track:875, 836, 624, 198, 166
track:876, 842, 629, 189, 158
track:877, 842, 630, 189, 158
track:878, 849, 633, 180, 151
track:879, 850, 632, 180, 151
track:880, 850, 632, 180, 151
track:881, 850, 634, 180, 151
track:882, 850, 632, 180, 151
track:883, 853, 632, 180, 151
track:884, 858, 634, 171, 143
track:885, 860, 633, 171, 143
track:886, 860, 633, 171, 143
track:887, 865, 638, 163, 137
track:888, 870, 642, 155, 130
track:889, 870, 640, 155, 130
track:890, 872, 639, 155, 130
track:891, 872, 639, 155, 130
track:892, 875, 637, 155, 130
track:893, 873, 636, 155, 130
track:894, 874, 635, 155, 130
track:895, 875, 636, 155, 130
track:896, 876, 636, 155, 130
track:897, 879, 640, 148, 124
track:898, 878, 638, 148, 124
track:899, 875, 638, 148, 124
track:900, 874, 641, 148, 124
track:901, 874, 640, 148, 124
track:902, 873, 642, 148, 124
track:903, 873, 642, 148, 124
track:904, 873, 641, 148, 124
track:905, 874, 641, 148, 124
track:906, 873, 642, 148, 124
track:907, 889, 632, 141, 118
track:908, 907, 633, 134, 112
track:909, 906, 640, 134, 112
track:910, 900, 639, 141, 118
track:911, 904, 641, 141, 118
track:912, 905, 644, 141, 118
track:913, 907, 650, 141, 118
track:914, 908, 652, 141, 118
track:915, 909, 656, 141, 118
track:916, 904, 652, 148, 124
track:917, 904, 654, 148, 124
track:918, 907, 659, 141, 118
track:919, 906, 659, 141, 118
track:920, 906, 660, 141, 118
track:921, 904, 661, 141, 118
track:922, 902, 661, 141, 118
track:923, 898, 661, 141, 118
track:924, 888, 659, 141, 118
track:925, 881, 659, 141, 118
track:926, 882, 659, 141, 118
track:927, 880, 658, 141, 118
track:928, 868, 659, 141, 118
track:929, 863, 658, 141, 118
track:930, 860, 657, 141, 118
track:931, 854, 653, 148, 124
track:932, 854, 653, 148, 124
track:933, 854, 653, 141, 118
track:934, 850, 650, 141, 118
track:935, 849, 647, 141, 118
track:936, 851, 647, 141, 118
init :937, 775, 565, 313, 249
track:938, 775, 565, 313, 249
track:939, 777, 565, 313, 249
track:940, 779, 563, 313, 249
track:941, 788, 570, 298, 237
track:942, 781, 562, 313, 249
track:943, 780, 561, 313, 249
track:944, 779, 560, 313, 249
track:945, 779, 560, 313, 249
track:946, 780, 559, 313, 249
track:947, 775, 561, 313, 249
track:948, 772, 561, 313, 249
track:949, 767, 563, 313, 249
track:950, 763, 565, 313, 249
track:951, 762, 567, 313, 249
track:952, 760, 567, 313, 249
track:953, 758, 568, 313, 249
track:954, 756, 568, 313, 249
track:955, 760, 577, 298, 237
track:956, 753, 572, 313, 249
track:957, 753, 574, 313, 249
track:958, 752, 574, 313, 249
track:959, 743, 567, 329, 261
track:960, 750, 577, 313, 249
track:961, 749, 576, 313, 249
track:962, 748, 579, 313, 249
track:963, 745, 578, 313, 249
track:964, 744, 579, 313, 249
track:965, 740, 580, 313, 249
track:966, 738, 581, 313, 249
track:967, 736, 580, 313, 249
track:968, 732, 580, 313, 249
track:969, 725, 581, 313, 249
track:970, 726, 581, 313, 249
track:971, 722, 581, 313, 249
track:972, 716, 581, 313, 249
track:973, 712, 581, 313, 249
track:974, 710, 582, 313, 249
track:975, 707, 583, 313, 249
track:976, 704, 583, 313, 249
track:977, 707, 591, 298, 237
track:978, 704, 591, 298, 237
track:979, 703, 591, 298, 237
track:980, 702, 591, 298, 237
track:981, 704, 592, 298, 237
track:982, 702, 593, 298, 237
track:983, 702, 593, 298, 237
track:984, 705, 593, 298, 237
track:985, 706, 591, 298, 237
track:986, 707, 592, 298, 237
track:987, 709, 592, 298, 237
track:988, 710, 592, 298, 237
track:989, 710, 592, 298, 237
track:990, 710, 591, 298, 237
track:991, 714, 598, 284, 226
track:992, 717, 598, 284, 226
track:993, 718, 596, 284, 226
track:994, 722, 603, 270, 215
track:995, 720, 602, 270, 215
track:996, 720, 601, 270, 215
track:997, 724, 596, 270, 215
track:998, 727, 595, 270, 215
track:999, 733, 591, 270, 215
track:1000, 732, 592, 270, 215
track:1001, 739, 588, 270, 215
track:1002, 742, 587, 270, 215
track:1003, 748, 583, 270, 215
track:1004, 759, 585, 258, 205
track:1005, 761, 589, 245, 195
track:1006, 765, 586, 245, 195
track:1007, 770, 589, 234, 186
track:1008, 770, 586, 234, 186
track:1009, 769, 584, 234, 186
track:1010, 770, 583, 234, 186
track:1011, 769, 581, 234, 186
track:1012, 768, 579, 234, 186
track:1013, 763, 577, 234, 186
track:1014, 763, 580, 222, 177
init :1015, 761, 576, 470, 189
track:1016, 757, 575, 470, 189
track:1017, 752, 577, 470, 189
track:1018, 748, 577, 470, 189
track:1019, 756, 581, 448, 180
track:1020, 755, 580, 448, 180
track:1021, 754, 580, 448, 180
track:1022, 762, 582, 426, 171
track:1023, 760, 582, 426, 171
track:1024, 758, 581, 426, 171
track:1025, 758, 580, 426, 171
track:1026, 758, 579, 426, 171
track:1027, 746, 575, 448, 180
track:1028, 738, 577, 448, 180
track:1029, 746, 583, 426, 171
track:1030, 744, 583, 426, 171
track:1031, 751, 586, 406, 163
track:1032, 756, 591, 387, 155
track:1033, 752, 593, 387, 155
track:1034, 747, 593, 387, 155
track:1035, 746, 594, 387, 155
track:1036, 745, 598, 387, 155
track:1037, 741, 600, 387, 155
track:1038, 739, 603, 387, 155
track:1039, 730, 601, 406, 163
track:1040, 731, 602, 406, 163
track:1041, 719, 600, 426, 171
track:1042, 717, 602, 426, 171
track:1043, 715, 605, 426, 171
track:1044, 727, 612, 406, 163
track:1045, 726, 612, 406, 163
track:1046, 737, 617, 387, 155
track:1047, 740, 618, 387, 155
track:1048, 743, 617, 387, 155
track:1049, 748, 617, 387, 155
track:1050, 740, 614, 406, 163
track:1051, 746, 611, 406, 163
track:1052, 752, 609, 406, 163
track:1053, 756, 607, 406, 163
track:1054, 766, 608, 406, 163
track:1055, 768, 609, 406, 163
track:1056, 772, 610, 406, 163
track:1057, 773, 609, 406, 163
track:1058, 784, 612, 387, 155
track:1059, 788, 613, 387, 155
track:1060, 785, 615, 387, 155
track:1061, 781, 615, 387, 155
track:1062, 782, 615, 387, 155
track:1063, 787, 619, 368, 148
track:1064, 783, 618, 368, 148
track:1065, 773, 614, 387, 155
track:1066, 765, 614, 387, 155
track:1067, 756, 614, 387, 155
track:1068, 747, 614, 387, 155
track:1069, 740, 614, 387, 155
track:1070, 740, 613, 387, 155
track:1071, 739, 616, 387, 155
track:1072, 717, 615, 387, 155
track:1073, 707, 617, 387, 155
track:1074, 694, 617, 387, 155
track:1075, 694, 616, 387, 155
track:1076, 678, 615, 387, 155
track:1077, 671, 614, 387, 155
track:1078, 654, 616, 387, 155
track:1079, 645, 617, 387, 155
track:1080, 643, 617, 387, 155
track:1081, 638, 617, 387, 155
track:1082, 636, 619, 387, 155
track:1083, 638, 621, 387, 155
track:1084, 636, 622, 387, 155
track:1085, 630, 623, 387, 155
track:1086, 625, 620, 387, 155
track:1087, 621, 620, 387, 155
track:1088, 631, 623, 368, 148
track:1089, 632, 622, 368, 148
track:1090, 632, 621, 368, 148
track:1091, 633, 622, 368, 148
track:1092, 640, 627, 351, 141
init :1093, 673, 628, 456, 140
track:1094, 673, 628, 456, 140
track:1095, 673, 628, 456, 140
track:1096, 675, 629, 456, 140
track:1097, 679, 629, 456, 140
track:1098, 680, 631, 456, 140
track:1099, 681, 631, 456, 140
track:1100, 683, 631, 456, 140
track:1101, 672, 627, 479, 147
track:1102, 684, 629, 456, 140
track:1103, 680, 629, 456, 140
track:1104, 685, 629, 456, 140
track:1105, 683, 631, 456, 140
track:1106, 684, 631, 456, 140
track:1107, 690, 632, 456, 140
track:1108, 687, 634, 456, 140
track:1109, 678, 635, 456, 140
track:1110, 680, 636, 456, 140
track:1111, 674, 637, 456, 140
track:1112, 657, 632, 479, 147
track:1113, 665, 636, 456, 140
track:1114, 664, 636, 456, 140
track:1115, 663, 636, 456, 140
track:1116, 658, 637, 456, 140
track:1117, 649, 638, 456, 140
track:1118, 678, 641, 434, 133
track:1119, 676, 644, 434, 133
track:1120, 677, 645, 414, 127
track:1121, 672, 641, 434, 133
track:1122, 661, 640, 456, 140
track:1123, 663, 642, 456, 140
track:1124, 661, 641, 456, 140
track:1125, 654, 642, 456, 140
track:1126, 652, 643, 456, 140
track:1127, 653, 646, 456, 140
track:1128, 786, 650, 456, 140
track:1129, 788, 658, 434, 133
track:1130, 663, 653, 434, 133
track:1131, 791, 655, 434, 133
track:1132, 802, 662, 414, 127
track:1133, 811, 667, 394, 121
track:1134, 797, 666, 414, 127
track:1135, 812, 669, 394, 121
track:1136, 818, 668, 394, 121
track:1137, 820, 668, 394, 121
track:1138, 827, 671, 375, 115
track:1139, 831, 677, 357, 110
track:1140, 826, 677, 357, 110
track:1141, 812, 676, 375, 115
track:1142, 800, 675, 375, 115
track:1143, 792, 673, 394, 121
track:1144, 778, 676, 394, 121
track:1145, 774, 673, 414, 127
track:1146, 773, 678, 414, 127
track:1147, 769, 677, 414, 127
track:1148, 750, 674, 434, 133
track:1149, 745, 671, 434, 133
track:1150, 745, 670, 434, 133
track:1151, 749, 672, 414, 127
track:1152, 754, 674, 414, 127
track:1153, 744, 670, 434, 133
track:1154, 727, 664, 456, 140
track:1155, 717, 665, 456, 140
track:1156, 717, 668, 456, 140
track:1157, 730, 674, 434, 133
track:1158, 742, 673, 434, 133
track:1159, 740, 674, 434, 133
track:1160, 740, 675, 434, 133
track:1161, 733, 673, 456, 140
track:1162, 736, 672, 456, 140
track:1163, 734, 667, 479, 147
track:1164, 741, 670, 456, 140
track:1165, 748, 670, 456, 140
track:1166, 755, 672, 434, 133
track:1167, 760, 671, 434, 133
track:1168, 754, 670, 434, 133
track:1169, 745, 669, 434, 133
track:1170, 757, 670, 434, 133
init :1171, 761, 638, 346, 168
track:1172, 761, 639, 346, 168
track:1173, 761, 639, 346, 168
track:1174, 762, 639, 346, 168
track:1175, 763, 639, 346, 168
track:1176, 766, 636, 346, 168
track:1177, 767, 636, 346, 168
track:1178, 765, 636, 346, 168
track:1179, 763, 633, 346, 168
track:1180, 768, 631, 346, 168
track:1181, 765, 631, 346, 168
track:1182, 766, 628, 346, 168
track:1183, 761, 627, 346, 168
track:1184, 774, 629, 330, 160
track:1185, 771, 625, 346, 168
track:1186, 756, 620, 363, 176
track:1187, 752, 618, 363, 176
track:1188, 764, 615, 363, 176
track:1189, 781, 616, 363, 176
track:1190, 787, 613, 381, 185
track:1191, 768, 616, 381, 185
track:1192, 771, 617, 381, 185
track:1193, 763, 612, 401, 194
track:1194, 754, 615, 401, 194
track:1195, 785, 609, 401, 194
track:1196, 774, 614, 401, 194
track:1197, 773, 619, 381, 185
track:1198, 776, 625, 381, 185
track:1199, 788, 618, 363, 176
track:1200, 766, 612, 381, 185
track:1201, 736, 609, 381, 185
track:1202, 762, 610, 381, 185
track:1203, 765, 612, 363, 176
track:1204, 810, 613, 363, 176
track:1205, 808, 615, 363, 176
track:1206, 782, 618, 363, 176
track:1207, 815, 614, 363, 176
track:1208, 826, 617, 363, 176
track:1209, 819, 617, 363, 176
track:1210, 807, 614, 381, 185
track:1211, 827, 613, 381, 185
track:1212, 851, 611, 381, 185
track:1213, 855, 614, 381, 185
track:1214, 850, 612, 381, 185
track:1215, 855, 618, 381, 185
track:1216, 855, 626, 363, 176
track:1217, 855, 625, 363, 176
track:1218, 855, 626, 363, 176
track:1219, 854, 625, 363, 176
track:1220, 861, 628, 346, 168
track:1221, 872, 632, 330, 160
track:1222, 869, 633, 330, 160
track:1223, 868, 632, 330, 160
track:1224, 869, 633, 330, 160
track:1225, 881, 637, 314, 152
track:1226, 886, 641, 299, 145
track:1227, 886, 640, 299, 145
track:1228, 889, 642, 299, 145
track:1229, 887, 641, 299, 145
track:1230, 895, 646, 285, 138
track:1231, 894, 647, 285, 138
track:1232, 895, 648, 285, 138
track:1233, 901, 651, 271, 132
track:1234, 907, 655, 258, 125
track:1235, 898, 651, 271, 132
track:1236, 900, 654, 258, 125
track:1237, 900, 653, 258, 125
track:1238, 903, 652, 258, 125
track:1239, 901, 652, 258, 125
track:1240, 899, 653, 258, 125
track:1241, 905, 655, 246, 119
track:1242, 904, 655, 246, 119
track:1243, 910, 659, 234, 114
track:1244, 911, 659, 234, 114
track:1245, 910, 660, 234, 114
track:1246, 911, 660, 234, 114
track:1247, 913, 665, 223, 108
track:1248, 911, 671, 212, 103
init :1249, 950, 669, 170, 93
track:1250, 947, 669, 170, 93
track:1251, 943, 667, 170, 93
track:1252, 936, 666, 170, 93
track:1253, 932, 665, 170, 93
track:1254, 934, 666, 162, 89
track:1255, 932, 667, 154, 84
track:1256, 924, 665, 154, 84
track:1257, 918, 663, 154, 84
track:1258, 919, 664, 147, 80
track:1259, 923, 665, 140, 77
track:1260, 911, 660, 147, 80
track:1261, 910, 658, 147, 80
track:1262, 901, 659, 147, 80
track:1263, 894, 657, 147, 80
track:1264, 898, 660, 140, 77
track:1265, 897, 660, 147, 80
track:1266, 897, 660, 147, 80
track:1267, 896, 656, 147, 80
track:1268, 897, 656, 147, 80
track:1269, 894, 656, 147, 80
track:1270, 896, 655, 147, 80
track:1271, 895, 654, 147, 80
track:1272, 892, 652, 147, 80
track:1273, 890, 651, 147, 80
track:1274, 887, 649, 147, 80
track:1275, 884, 648, 147, 80
track:1276, 880, 649, 147, 80
track:1277, 870, 653, 147, 80
track:1278, 867, 651, 147, 80
track:1279, 869, 654, 140, 77
track:1280, 862, 655, 140, 77
track:1281, 853, 656, 140, 77
track:1282, 848, 654, 140, 77
track:1283, 845, 655, 140, 77
track:1284, 841, 653, 147, 80
track:1285, 831, 655, 147, 80
track:1286, 827, 654, 147, 80
track:1287, 819, 650, 154, 84
track:1288, 817, 650, 154, 84
track:1289, 821, 653, 147, 80
track:1290, 822, 652, 147, 80
track:1291, 817, 649, 154, 84
track:1292, 817, 649, 154, 84
track:1293, 813, 648, 154, 84
track:1294, 813, 649, 154, 84
track:1295, 816, 652, 147, 80
track:1296, 815, 651, 147, 80
track:1297, 815, 649, 147, 80
track:1298, 810, 647, 154, 84
track:1299, 812, 648, 154, 84
track:1300, 814, 648, 154, 84
track:1301, 813, 650, 154, 84
track:1302, 810, 649, 154, 84
track:1303, 810, 649, 154, 84
track:1304, 810, 650, 154, 84
track:1305, 811, 648, 154, 84
track:1306, 812, 650, 154, 84
track:1307, 818, 653, 147, 80
track:1308, 820, 655, 140, 77
track:1309, 820, 655, 140, 77
track:1310, 820, 655, 140, 77
track:1311, 825, 657, 140, 77
track:1312, 825, 656, 140, 77
track:1313, 828, 659, 133, 73
track:1314, 827, 660, 133, 73
track:1315, 828, 661, 127, 69
track:1316, 831, 663, 121, 66
track:1317, 830, 663, 121, 66
track:1318, 827, 664, 121, 66
track:1319, 827, 663, 121, 66
track:1320, 827, 665, 115, 63
track:1321, 825, 665, 115, 63
track:1322, 829, 666, 115, 63
track:1323, 830, 667, 115, 63
track:1324, 829, 668, 115, 63
track:1325, 830, 668, 115, 63
track:1326, 832, 669, 115, 63
init :1327, 867, 675, 170, 57
track:1328, 868, 675, 170, 57
track:1329, 869, 675, 170, 57
track:1330, 869, 675, 170, 57
track:1331, 870, 676, 170, 57
track:1332, 866, 676, 170, 57
track:1333, 860, 676, 170, 57
track:1334, 859, 675, 170, 57
track:1335, 857, 676, 170, 57
track:1336, 852, 676, 170, 57
track:1337, 847, 676, 170, 57
track:1338, 841, 675, 178, 60
track:1339, 840, 675, 178, 60
track:1340, 844, 676, 170, 57
track:1341, 839, 675, 178, 60
track:1342, 838, 674, 178, 60
track:1343, 842, 676, 170, 57
track:1344, 842, 677, 170, 57
track:1345, 843, 676, 170, 57
track:1346, 843, 677, 170, 57
track:1347, 843, 677, 170, 57
track:1348, 838, 676, 178, 60
track:1349, 837, 677, 178, 60
track:1350, 836, 677, 178, 60
track:1351, 835, 678, 178, 60
track:1352, 834, 678, 178, 60
track:1353, 833, 678, 178, 60
track:1354, 833, 679, 178, 60
track:1355, 833, 679, 178, 60
track:1356, 834, 679, 178, 60
track:1357, 830, 679, 187, 63
track:1358, 829, 679, 187, 63
track:1359, 830, 679, 187, 63
track:1360, 829, 680, 187, 63
track:1361, 828, 680, 187, 63
track:1362, 829, 681, 187, 63
track:1363, 831, 682, 187, 63
track:1364, 835, 683, 178, 60
track:1365, 833, 683, 178, 60
track:1366, 833, 682, 178, 60
track:1367, 834, 683, 178, 60
track:1368, 833, 684, 178, 60
track:1369, 832, 684, 178, 60
track:1370, 832, 685, 178, 60
track:1371, 830, 686, 178, 60
track:1372, 824, 686, 187, 63
track:1373, 821, 687, 187, 63
track:1374, 819, 688, 187, 63
track:1375, 818, 688, 187, 63
track:1376, 816, 688, 187, 63
track:1377, 818, 690, 178, 60
track:1378, 811, 689, 187, 63
track:1379, 806, 687, 197, 66
track:1380, 802, 688, 197, 66
track:1381, 799, 690, 197, 66
track:1382, 795, 691, 197, 66
track:1383, 792, 692, 197, 66
track:1384, 791, 693, 197, 66
track:1385, 790, 694, 197, 66
track:1386, 794, 697, 187, 63
track:1387, 796, 697, 187, 63
track:1388, 798, 698, 187, 63
track:1389, 799, 698, 187, 63
track:1390, 802, 699, 187, 63
track:1391, 804, 700, 187, 63
track:1392, 810, 700, 187, 63
track:1393, 815, 701, 187, 63
track:1394, 814, 703, 187, 63
track:1395, 817, 703, 187, 63
track:1396, 818, 704, 187, 63
track:1397, 819, 704, 187, 63
track:1398, 817, 706, 187, 63
track:1399, 818, 707, 187, 63
track:1400, 811, 708, 187, 63
track:1401, 803, 708, 197, 66
track:1402, 793, 708, 207, 69
track:1403, 789, 708, 207, 69
track:1404, 782, 707, 217, 73
init :1405, 807, 713, 216, 70
track:1406, 805, 713, 216, 70
track:1407, 802, 713, 216, 70
track:1408, 800, 713, 216, 70
track:1409, 799, 713, 216, 70
track:1410, 797, 714, 216, 70
track:1411, 802, 716, 206, 67
track:1412, 803, 716, 206, 67
track:1413, 803, 716, 206, 67
track:1414, 804, 717, 206, 67
track:1415, 801, 715, 216, 70
track:1416, 796, 715, 227, 74
track:1417, 796, 716, 227, 74
track:1418, 788, 716, 238, 77
track:1419, 788, 716, 238, 77
track:1420, 787, 717, 238, 77
track:1421, 785, 718, 238, 77
track:1422, 785, 719, 238, 77
track:1423, 785, 720, 238, 77
track:1424, 785, 720, 238, 77
track:1425, 787, 720, 238, 77
track:1426, 786, 720, 238, 77
track:1427, 778, 719, 250, 81
track:1428, 785, 721, 238, 77
track:1429, 785, 722, 238, 77
track:1430, 785, 722, 238, 77
track:1431, 782, 722, 238, 77
track:1432, 779, 723, 238, 77
track:1433, 776, 724, 238, 77
track:1434, 775, 724, 238, 77
track:1435, 780, 726, 227, 74
track:1436, 782, 729, 216, 70
track:1437, 782, 730, 216, 70
track:1438, 777, 728, 227, 74
track:1439, 773, 727, 238, 77
track:1440, 771, 728, 238, 77
track:1441, 769, 729, 238, 77
track:1442, 762, 728, 238, 77
track:1443, 758, 729, 238, 77
track:1444, 756, 729, 238, 77
track:1445, 752, 730, 227, 74
track:1446, 749, 730, 227, 74
track:1447, 744, 730, 227, 74
track:1448, 739, 728, 238, 77
track:1449, 740, 727, 238, 77
track:1450, 736, 723, 250, 81
track:1451, 740, 723, 250, 81
track:1452, 744, 723, 250, 81
track:1453, 753, 724, 238, 77
track:1454, 761, 727, 238, 77
track:1455, 761, 726, 238, 77
track:1456, 768, 726, 227, 74
track:1457, 774, 726, 216, 70
track:1458, 796, 724, 216, 70
track:1459, 791, 719, 227, 74
track:1460, 795, 716, 227, 74
track:1461, 800, 716, 227, 74
track:1462, 810, 713, 227, 74
track:1463, 807, 709, 238, 77
track:1464, 813, 704, 238, 77
track:1465, 811, 700, 250, 81
track:1466, 818, 697, 250, 81
track:1467, 821, 693, 250, 81
track:1468, 830, 691, 238, 77
track:1469, 833, 688, 238, 77
track:1470, 838, 691, 227, 74
track:1471, 838, 690, 227, 74
track:1472, 833, 691, 227, 74
track:1473, 834, 692, 227, 74
track:1474, 828, 691, 238, 77
track:1475, 827, 692, 238, 77
track:1476, 835, 694, 227, 74
track:1477, 841, 695, 216, 70
track:1478, 841, 694, 216, 70
track:1479, 843, 694, 206, 67
track:1480, 846, 694, 206, 67
track:1481, 845, 696, 206, 67
track:1482, 845, 697, 206, 67
init :1483, 853, 662, 198, 163
track:1484, 863, 665, 189, 155
track:1485, 867, 665, 189, 155
track:1486, 871, 663, 189, 155
track:1487, 877, 661, 189, 155
track:1488, 877, 661, 189, 155
track:1489, 880, 660, 189, 155
track:1490, 880, 658, 189, 155
track:1491, 882, 656, 189, 155
track:1492, 884, 653, 189, 155
track:1493, 883, 652, 189, 155
track:1494, 887, 654, 180, 148
track:1495, 884, 653, 171, 141
track:1496, 882, 650, 171, 141
track:1497, 881, 645, 171, 141
track:1498, 877, 645, 171, 141
track:1499, 862, 642, 171, 141
track:1500, 864, 641, 163, 134
track:1501, 851, 636, 163, 134
track:1502, 848, 632, 163, 134
track:1503, 851, 635, 155, 128
track:1504, 856, 632, 155, 128
track:1505, 855, 629, 155, 128
track:1506, 842, 627, 148, 122
track:1507, 843, 618, 155, 128
track:1508, 841, 620, 155, 128
track:1509, 839, 621, 148, 122
track:1510, 840, 617, 148, 122
track:1511, 839, 614, 148, 122
track:1512, 827, 610, 148, 122
track:1513, 829, 614, 141, 116
track:1514, 815, 612, 141, 116
track:1515, 798, 611, 141, 116
track:1516, 777, 615, 134, 110
track:1517, 749, 615, 134, 110
track:1518, 749, 616, 134, 110
track:1519, 724, 615, 134, 110
track:1520, 703, 619, 128, 105
track:1521, 684, 620, 128, 105
track:1522, 667, 620, 128, 105
track:1523, 670, 623, 122, 100
track:1524, 661, 622, 122, 100
track:1525, 662, 625, 116, 95
track:1526, 668, 623, 116, 95
track:1527, 675, 624, 116, 95
track:1528, 674, 624, 116, 95
track:1529, 703, 623, 116, 95
track:1530, 725, 622, 116, 95
track:1531, 753, 624, 110, 91
track:1532, 779, 626, 105, 86
track:1533, 780, 625, 105, 86
track:1534, 808, 626, 105, 86
track:1535, 833, 625, 105, 86
track:1536, 857, 628, 100, 82
track:1537, 877, 630, 100, 82
track:1538, 878, 633, 95, 78
track:1539, 891, 636, 91, 75
track:1540, 900, 636, 91, 75
track:1541, 905, 638, 91, 75
track:1542, 907, 638, 91, 75
track:1543, 907, 638, 91, 75
track:1544, 906, 639, 91, 75
track:1545, 904, 642, 86, 71
track:1546, 905, 645, 82, 68
track:1547, 897, 646, 82, 68
track:1548, 896, 647, 82, 68
track:1549, 887, 648, 82, 68
track:1550, 881, 649, 82, 68
track:1551, 874, 651, 82, 68
track:1552, 873, 654, 78, 65
track:1553, 873, 653, 78, 65
track:1554, 873, 657, 75, 61
track:1555, 874, 656, 75, 61
track:1556, 875, 656, 75, 61
track:1557, 877, 656, 75, 61
track:1558, 877, 656, 75, 61
track:1559, 883, 656, 75, 61
track:1560, 886, 656, 75, 61
init :1561, 900, 667, 189, 70
track:1562, 900, 668, 189, 70
track:1563, 901, 669, 189, 70
track:1564, 902, 669, 189, 70
track:1565, 903, 669, 189, 70
track:1566, 907, 670, 180, 67
track:1567, 906, 671, 180, 67
track:1568, 906, 671, 180, 67
track:1569, 909, 672, 171, 63
track:1570, 907, 673, 171, 63
track:1571, 907, 674, 163, 60
track:1572, 905, 675, 163, 60
track:1573, 905, 675, 163, 60
track:1574, 902, 675, 163, 60
track:1575, 902, 677, 155, 58
track:1576, 900, 677, 155, 58
track:1577, 900, 678, 148, 55
track:1578, 899, 679, 148, 55
track:1579, 896, 678, 148, 55
track:1580, 898, 680, 141, 52
track:1581, 895, 682, 134, 50
track:1582, 893, 681, 134, 50
track:1583, 892, 682, 134, 50
track:1584, 892, 681, 134, 50
track:1585, 894, 683, 128, 47
track:1586, 892, 682, 128, 47
track:1587, 896, 683, 128, 47
track:1588, 895, 683, 128, 47
track:1589, 896, 682, 128, 47
track:1590, 900, 683, 122, 45
track:1591, 898, 683, 122, 45
track:1592, 900, 684, 116, 43
track:1593, 899, 685, 116, 43
track:1594, 903, 686, 111, 41
track:1595, 902, 687, 111, 41
track:1596, 901, 688, 111, 41
track:1599, 901, 687, 111, 41
track:1600, 903, 688, 105, 39
track:1601, 914, 684, 105, 39
track:1602, 911, 680, 105, 39
track:1603, 913, 681, 105, 39
track:1604, 910, 682, 111, 41
track:1605, 909, 682, 111, 41
track:1606, 909, 682, 111, 41
track:1607, 910, 682, 111, 41
track:1608, 904, 685, 111, 41
elapseTime: 16.021
