init :7, 821, 630, 235, 197
track:8, 821, 630, 235, 197
track:9, 822, 630, 235, 197
track:10, 821, 631, 235, 197
track:11, 823, 630, 235, 197
track:12, 823, 630, 235, 197
track:13, 824, 630, 235, 197
track:14, 824, 630, 235, 197
track:15, 824, 630, 235, 197
track:16, 825, 630, 235, 197
track:17, 826, 630, 235, 197
track:18, 825, 630, 235, 197
track:19, 825, 629, 235, 197
track:20, 821, 626, 247, 207
track:21, 820, 626, 247, 207
track:22, 827, 631, 235, 197
track:23, 828, 631, 235, 197
track:24, 827, 631, 235, 197
track:25, 828, 630, 235, 197
track:26, 829, 631, 235, 197
track:27, 829, 631, 235, 197
track:28, 829, 631, 235, 197
track:29, 829, 630, 235, 197
track:30, 829, 630, 235, 197
track:31, 830, 629, 235, 197
track:32, 831, 631, 235, 197
track:33, 829, 630, 235, 197
track:34, 830, 631, 235, 197
track:35, 830, 630, 235, 197
track:36, 830, 631, 235, 197
track:37, 829, 630, 235, 197
track:38, 831, 630, 235, 197
track:39, 830, 630, 235, 197
track:40, 830, 630, 235, 197
track:41, 831, 629, 235, 197
init :42, 826, 633, 240, 194
track:43, 826, 633, 240, 194
track:44, 826, 633, 240, 194
track:45, 826, 632, 240, 194
track:46, 827, 632, 240, 194
track:48, 827, 632, 240, 194
track:49, 827, 631, 240, 194
track:50, 827, 631, 240, 194
track:51, 828, 631, 240, 194
track:52, 827, 630, 240, 194
track:53, 827, 630, 240, 194
track:54, 821, 626, 252, 204
track:55, 826, 631, 240, 194
track:56, 827, 630, 240, 194
track:57, 827, 630, 240, 194
track:58, 827, 629, 240, 194
track:59, 827, 630, 240, 194
track:60, 827, 630, 240, 194
track:61, 827, 630, 240, 194
track:62, 827, 630, 240, 194
track:63, 826, 630, 240, 194
track:64, 826, 630, 240, 194
track:65, 825, 630, 240, 194
track:66, 826, 630, 240, 194
track:67, 826, 630, 240, 194
track:68, 825, 630, 240, 194
track:69, 825, 630, 240, 194
track:70, 825, 630, 240, 194
track:71, 825, 630, 240, 194
track:72, 825, 630, 240, 194
track:73, 825, 630, 240, 194
track:74, 825, 630, 240, 194
track:75, 824, 631, 240, 194
track:76, 824, 630, 240, 194
track:77, 824, 631, 240, 194
track:78, 824, 630, 240, 194
track:79, 824, 630, 240, 194
track:80, 825, 630, 240, 194
track:81, 825, 631, 240, 194
track:82, 825, 630, 240, 194
init :83, 826, 630, 240, 199
track:84, 826, 630, 240, 199
track:85, 826, 630, 240, 199
track:86, 825, 631, 240, 199
track:87, 826, 631, 240, 199
track:88, 826, 632, 240, 199
track:89, 826, 631, 240, 199
track:90, 826, 631, 240, 199
track:91, 826, 631, 240, 199
track:92, 827, 632, 240, 199
track:93, 826, 631, 240, 199
track:94, 826, 631, 240, 199
track:95, 826, 631, 240, 199
track:96, 826, 630, 240, 199
track:97, 826, 629, 240, 199
track:98, 828, 630, 240, 199
track:99, 828, 630, 240, 199
track:100, 829, 629, 240, 199
track:101, 830, 629, 240, 199
track:102, 830, 628, 240, 199
track:103, 831, 626, 240, 199
track:104, 831, 627, 240, 199
track:105, 833, 626, 240, 199
track:106, 832, 625, 240, 199
track:107, 833, 623, 240, 199
track:108, 834, 622, 240, 199
track:109, 834, 622, 240, 199
track:110, 834, 620, 240, 199
track:111, 835, 619, 240, 199
track:112, 835, 617, 240, 199
track:113, 841, 620, 229, 190
track:114, 842, 620, 229, 190
track:115, 841, 618, 229, 190
track:116, 843, 616, 229, 190
track:117, 845, 613, 229, 190
track:120, 846, 611, 229, 190
track:121, 847, 608, 229, 190
track:122, 853, 609, 218, 180
track:123, 853, 608, 218, 180
init :124, 858, 610, 180, 173
track:125, 856, 608, 180, 173
track:126, 854, 605, 180, 173
track:127, 853, 604, 180, 173
track:128, 851, 605, 180, 173
track:129, 851, 605, 180, 173
track:130, 851, 606, 180, 173
track:131, 851, 606, 180, 173
track:132, 854, 611, 180, 173
track:133, 856, 612, 180, 173
track:134, 856, 614, 180, 173
track:135, 857, 614, 180, 173
track:136, 857, 615, 180, 173
track:137, 857, 617, 180, 173
track:138, 859, 617, 180, 173
track:139, 859, 618, 180, 173
track:140, 859, 616, 180, 173
track:141, 858, 615, 180, 173
track:142, 856, 617, 180, 173
track:143, 855, 618, 180, 173
track:144, 855, 618, 180, 173
track:145, 852, 620, 180, 173
track:146, 851, 621, 180, 173
track:147, 850, 623, 180, 173
track:148, 852, 625, 180, 173
track:149, 852, 625, 180, 173
track:150, 853, 628, 180, 173
track:151, 854, 632, 180, 173
track:152, 854, 633, 180, 173
track:153, 854, 636, 180, 173
track:154, 853, 637, 180, 173
track:155, 859, 643, 171, 165
track:156, 858, 644, 171, 165
track:157, 859, 645, 171, 165
track:158, 861, 645, 171, 165
track:159, 861, 645, 171, 165
track:160, 860, 645, 171, 165
track:161, 859, 646, 171, 165
track:162, 857, 646, 171, 165
track:163, 855, 646, 171, 165
track:164, 855, 646, 171, 165
init :165, 863, 659, 166, 147
track:166, 863, 660, 166, 147
track:167, 864, 659, 166, 147
track:168, 864, 659, 166, 147
track:169, 864, 658, 166, 147
track:170, 865, 659, 166, 147
track:171, 866, 658, 166, 147
track:172, 867, 657, 166, 147
track:173, 867, 657, 166, 147
track:174, 867, 657, 166, 147
track:175, 864, 657, 166, 147
track:176, 862, 658, 166, 147
track:177, 862, 658, 166, 147
track:178, 864, 659, 166, 147
track:179, 865, 659, 166, 147
track:180, 865, 660, 166, 147
track:181, 866, 661, 166, 147
track:182, 868, 663, 166, 147
track:183, 865, 662, 174, 154
track:184, 865, 662, 174, 154
track:185, 865, 665, 174, 154
track:186, 865, 664, 174, 154
track:187, 861, 657, 174, 154
track:188, 857, 654, 174, 154
track:189, 860, 657, 166, 147
track:190, 858, 656, 166, 147
track:191, 858, 655, 166, 147
track:192, 857, 649, 166, 147
track:193, 856, 648, 166, 147
track:194, 856, 647, 166, 147
track:195, 857, 646, 166, 147
track:196, 859, 645, 166, 147
track:197, 859, 644, 166, 147
track:198, 856, 644, 166, 147
track:199, 856, 644, 166, 147
track:200, 854, 645, 166, 147
track:201, 853, 646, 166, 147
track:202, 852, 644, 166, 147
track:203, 852, 641, 166, 147
track:204, 852, 640, 166, 147
track:205, 852, 639, 166, 147
init :206, 853, 633, 156, 137
track:207, 851, 632, 156, 137
track:208, 852, 631, 156, 137
track:209, 850, 631, 156, 137
track:210, 852, 632, 149, 130
track:211, 851, 629, 149, 130
track:212, 851, 626, 149, 130
track:213, 851, 626, 149, 130
track:214, 851, 625, 149, 130
track:215, 851, 624, 149, 130
track:216, 850, 624, 149, 130
track:217, 850, 624, 149, 130
track:218, 851, 625, 149, 130
track:219, 853, 628, 141, 124
track:220, 853, 632, 141, 124
track:221, 852, 633, 141, 124
track:222, 852, 635, 141, 124
track:223, 852, 635, 141, 124
track:224, 852, 637, 141, 124
track:225, 851, 639, 141, 124
track:226, 852, 640, 141, 124
track:227, 852, 640, 141, 124
track:228, 852, 640, 141, 124
track:229, 852, 642, 141, 124
track:230, 852, 641, 141, 124
track:231, 853, 640, 141, 124
track:232, 852, 637, 141, 124
track:233, 851, 637, 141, 124
track:234, 850, 636, 141, 124
track:235, 850, 635, 141, 124
track:236, 855, 637, 135, 118
track:237, 857, 637, 135, 118
track:238, 856, 638, 135, 118
track:239, 857, 639, 135, 118
track:240, 859, 643, 135, 118
track:241, 859, 643, 135, 118
track:242, 860, 642, 135, 118
track:243, 860, 642, 135, 118
track:244, 859, 642, 135, 118
track:245, 859, 644, 135, 118
track:246, 861, 646, 128, 113
init :247, 863, 656, 120, 88
track:248, 863, 656, 120, 88
track:249, 863, 658, 120, 88
track:250, 863, 660, 120, 88
track:251, 864, 662, 120, 88
track:252, 864, 663, 120, 88
track:253, 864, 663, 120, 88
track:254, 865, 666, 120, 88
track:255, 866, 670, 120, 88
track:256, 866, 672, 120, 88
track:257, 866, 675, 120, 88
track:258, 866, 675, 120, 88
track:259, 867, 676, 120, 88
track:260, 867, 678, 120, 88
track:261, 868, 678, 120, 88
track:262, 868, 678, 120, 88
track:263, 867, 678, 120, 88
track:264, 867, 680, 120, 88
track:265, 867, 682, 120, 88
track:266, 867, 684, 120, 88
track:267, 865, 684, 126, 92
track:268, 865, 684, 126, 92
track:269, 865, 685, 126, 92
track:270, 866, 688, 126, 92
track:271, 867, 690, 126, 92
track:272, 867, 694, 126, 92
track:273, 866, 695, 126, 92
track:274, 867, 697, 126, 92
track:275, 868, 698, 126, 92
track:276, 866, 699, 132, 97
track:277, 867, 702, 132, 97
track:278, 868, 702, 132, 97
track:279, 869, 702, 132, 97
track:280, 866, 699, 139, 102
track:281, 863, 695, 146, 107
track:282, 865, 696, 146, 107
track:283, 865, 697, 146, 107
track:284, 867, 699, 146, 107
track:285, 869, 700, 146, 107
track:286, 871, 700, 146, 107
track:287, 871, 697, 146, 107
init :288, 867, 682, 161, 140
track:289, 867, 679, 161, 140
track:290, 864, 672, 169, 147
track:291, 863, 664, 169, 147
track:292, 865, 659, 169, 147
track:293, 865, 658, 169, 147
track:294, 862, 654, 178, 154
track:295, 860, 648, 186, 162
track:296, 856, 643, 196, 170
track:297, 855, 644, 196, 170
track:298, 851, 640, 205, 179
track:299, 849, 641, 205, 179
track:300, 847, 642, 205, 179
track:301, 847, 645, 205, 179
track:302, 841, 643, 216, 188
track:303, 835, 641, 227, 197
track:304, 834, 646, 227, 197
track:305, 825, 643, 238, 207
track:306, 819, 637, 250, 217
track:307, 818, 634, 250, 217
track:308, 818, 633, 250, 217
track:309, 816, 631, 250, 217
track:310, 814, 625, 250, 217
track:311, 815, 610, 250, 217
track:312, 816, 600, 250, 217
track:313, 816, 598, 250, 217
track:314, 817, 592, 250, 217
track:315, 817, 587, 250, 217
track:316, 816, 574, 250, 217
track:317, 823, 574, 238, 207
track:318, 824, 573, 238, 207
track:319, 827, 571, 238, 207
track:320, 833, 563, 238, 207
track:321, 840, 560, 227, 197
track:322, 847, 563, 216, 188
track:323, 847, 563, 216, 188
track:324, 847, 568, 216, 188
track:325, 846, 565, 216, 188
track:326, 845, 556, 216, 188
track:327, 842, 556, 216, 188
track:328, 848, 561, 205, 179
init :329, 853, 581, 193, 171
track:330, 852, 586, 193, 171
track:331, 850, 589, 193, 171
track:332, 848, 592, 193, 171
track:333, 848, 593, 193, 171
track:334, 847, 595, 193, 171
track:335, 847, 596, 193, 171
track:336, 847, 599, 193, 171
track:337, 848, 601, 193, 171
track:338, 847, 601, 193, 171
track:339, 848, 597, 193, 171
track:340, 853, 599, 184, 163
track:341, 853, 599, 184, 163
track:342, 858, 601, 175, 155
track:343, 857, 601, 175, 155
track:344, 856, 600, 175, 155
track:345, 857, 596, 175, 155
track:346, 863, 600, 167, 148
track:347, 861, 602, 167, 148
track:348, 862, 602, 167, 148
track:349, 865, 608, 159, 141
track:350, 866, 612, 159, 141
track:351, 868, 614, 159, 141
track:352, 871, 622, 151, 134
track:353, 874, 625, 144, 128
track:354, 873, 627, 144, 128
track:355, 874, 629, 144, 128
track:356, 874, 629, 144, 128
track:357, 876, 633, 137, 122
track:358, 877, 633, 137, 122
track:359, 876, 633, 137, 122
track:360, 876, 633, 137, 122
track:361, 874, 633, 137, 122
track:362, 873, 633, 137, 122
track:363, 873, 633, 137, 122
track:364, 876, 637, 131, 116
track:365, 879, 640, 124, 110
track:366, 879, 640, 124, 110
track:367, 877, 641, 124, 110
track:368, 877, 642, 124, 110
track:369, 877, 642, 124, 110
init :370, 876, 651, 120, 96
track:371, 875, 656, 120, 96
track:372, 875, 661, 120, 96
track:373, 875, 661, 120, 96
track:374, 875, 663, 120, 96
track:375, 874, 663, 120, 96
track:376, 871, 664, 120, 96
track:377, 869, 665, 120, 96
track:378, 868, 665, 120, 96
track:379, 868, 667, 120, 96
track:380, 869, 666, 120, 96
track:381, 869, 666, 120, 96
track:382, 865, 665, 120, 96
track:383, 864, 665, 120, 96
track:384, 863, 664, 120, 96
track:385, 863, 663, 120, 96
track:386, 864, 663, 120, 96
track:387, 863, 664, 120, 96
track:388, 863, 664, 120, 96
track:389, 862, 663, 120, 96
track:390, 865, 665, 114, 91
track:391, 866, 667, 114, 91
track:392, 866, 670, 114, 91
track:393, 866, 671, 114, 91
track:394, 865, 672, 114, 91
track:395, 866, 675, 114, 91
track:396, 867, 679, 114, 91
track:397, 869, 684, 114, 91
track:398, 870, 685, 114, 91
track:399, 870, 688, 114, 91
track:400, 871, 694, 114, 91
track:401, 873, 699, 114, 91
track:402, 874, 703, 114, 91
track:403, 874, 703, 114, 91
track:404, 875, 705, 114, 91
track:405, 878, 707, 109, 87
track:406, 879, 706, 109, 87
track:407, 880, 707, 109, 87
track:408, 880, 707, 109, 87
track:409, 881, 706, 109, 87
track:410, 881, 703, 109, 87
init :411, 881, 700, 101, 77
track:412, 881, 699, 101, 77
track:413, 882, 699, 101, 77
track:414, 881, 698, 101, 77
track:415, 881, 699, 101, 77
track:416, 881, 700, 101, 77
track:417, 882, 701, 101, 77
track:418, 882, 702, 101, 77
track:419, 882, 701, 101, 77
track:420, 878, 701, 106, 81
track:421, 878, 700, 106, 81
track:422, 876, 699, 106, 81
track:423, 876, 698, 106, 81
track:424, 877, 694, 106, 81
track:425, 877, 693, 106, 81
track:426, 876, 691, 106, 81
track:427, 875, 690, 106, 81
track:428, 874, 690, 106, 81
track:429, 876, 692, 101, 77
track:430, 875, 692, 101, 77
track:431, 875, 692, 101, 77
track:432, 874, 691, 101, 77
track:433, 873, 691, 101, 77
track:434, 873, 692, 101, 77
track:435, 871, 692, 101, 77
track:436, 871, 693, 101, 77
track:437, 871, 694, 101, 77
track:438, 871, 695, 101, 77
track:439, 872, 696, 101, 77
track:440, 872, 697, 101, 77
track:441, 872, 696, 101, 77
track:442, 873, 697, 101, 77
track:443, 872, 697, 101, 77
track:444, 872, 698, 101, 77
track:445, 872, 698, 101, 77
track:446, 871, 698, 106, 81
track:447, 872, 697, 106, 81
track:448, 871, 696, 106, 81
track:449, 871, 695, 106, 81
track:450, 871, 694, 106, 81
track:451, 869, 694, 111, 85
init :452, 867, 693, 120, 93
track:453, 867, 693, 120, 93
track:454, 868, 693, 120, 93
track:455, 869, 694, 120, 93
track:456, 869, 694, 120, 93
track:457, 869, 694, 120, 93
track:458, 869, 694, 120, 93
track:459, 869, 693, 120, 93
track:460, 869, 692, 120, 93
track:461, 869, 690, 120, 93
track:462, 870, 691, 120, 93
track:463, 869, 690, 120, 93
track:464, 868, 687, 120, 93
track:465, 868, 684, 120, 93
track:466, 868, 686, 120, 93
track:467, 868, 685, 120, 93
track:468, 865, 685, 126, 98
track:469, 865, 685, 126, 98
track:470, 868, 685, 126, 98
track:471, 868, 688, 126, 98
track:472, 868, 688, 126, 98
track:473, 868, 690, 126, 98
track:474, 868, 691, 126, 98
track:475, 867, 689, 132, 103
track:476, 869, 688, 132, 103
track:477, 867, 685, 139, 108
track:478, 868, 685, 139, 108
track:479, 871, 682, 139, 108
track:480, 869, 671, 146, 113
track:481, 870, 668, 146, 113
track:482, 871, 668, 146, 113
track:483, 873, 660, 146, 113
track:484, 871, 656, 153, 119
track:485, 873, 657, 153, 119
track:486, 869, 658, 161, 125
track:487, 869, 658, 161, 125
track:488, 868, 662, 161, 125
track:490, 866, 665, 161, 125
track:491, 864, 667, 161, 125
track:492, 862, 667, 161, 125
init :493, 858, 664, 180, 142
track:494, 857, 664, 180, 142
track:495, 854, 659, 180, 142
track:496, 853, 655, 180, 142
track:497, 852, 653, 180, 142
track:498, 851, 650, 180, 142
track:499, 850, 647, 180, 142
track:500, 849, 642, 180, 142
track:501, 849, 639, 180, 142
track:502, 848, 637, 180, 142
track:503, 849, 635, 180, 142
track:504, 849, 634, 180, 142
track:505, 847, 633, 180, 142
track:506, 847, 632, 180, 142
track:507, 847, 632, 180, 142
track:508, 847, 630, 180, 142
track:509, 847, 625, 180, 142
track:510, 846, 623, 180, 142
track:511, 846, 621, 180, 142
track:512, 845, 621, 180, 142
track:513, 844, 620, 180, 142
track:514, 844, 621, 180, 142
track:515, 845, 622, 180, 142
track:516, 845, 621, 180, 142
track:517, 845, 620, 180, 142
track:518, 849, 622, 171, 135
track:519, 850, 621, 171, 135
track:520, 850, 621, 171, 135
track:521, 850, 619, 171, 135
track:522, 850, 619, 171, 135
track:523, 854, 623, 163, 129
track:524, 854, 626, 163, 129
track:525, 860, 630, 155, 123
track:526, 860, 631, 155, 123
track:527, 861, 631, 155, 123
track:528, 862, 633, 148, 117
track:529, 863, 633, 148, 117
track:530, 864, 632, 148, 117
track:531, 865, 631, 148, 117
track:532, 866, 631, 148, 117
track:533, 866, 632, 148, 117
init :534, 872, 638, 129, 96
track:535, 871, 640, 129, 96
track:536, 871, 642, 129, 96
track:537, 871, 642, 129, 96
track:538, 874, 646, 123, 91
track:539, 874, 648, 123, 91
track:540, 874, 648, 123, 91
track:543, 873, 650, 123, 91
track:544, 872, 650, 123, 91
track:546, 873, 657, 117, 87
track:547, 872, 657, 117, 87
track:548, 871, 660, 117, 87
track:549, 871, 662, 117, 87
track:550, 870, 663, 117, 87
track:551, 868, 665, 117, 87
track:552, 868, 664, 117, 87
track:553, 867, 664, 117, 87
track:554, 867, 665, 117, 87
track:555, 867, 664, 117, 87
track:556, 869, 667, 111, 83
track:557, 869, 667, 111, 83
track:558, 869, 671, 111, 83
track:559, 872, 676, 106, 79
track:560, 872, 678, 106, 79
track:561, 873, 684, 106, 79
track:562, 872, 683, 106, 79
track:563, 871, 686, 106, 79
track:564, 871, 687, 106, 79
track:565, 871, 688, 106, 79
track:566, 871, 690, 106, 79
track:567, 871, 691, 106, 79
track:568, 873, 693, 106, 79
track:569, 873, 693, 106, 79
track:570, 874, 699, 101, 75
track:571, 873, 701, 101, 75
track:572, 873, 701, 101, 75
track:573, 874, 704, 101, 75
track:574, 876, 705, 101, 75
init :575, 876, 698, 101, 85
track:576, 875, 696, 101, 85
track:577, 874, 696, 101, 85
track:578, 875, 695, 101, 85
track:579, 875, 693, 101, 85
track:580, 877, 692, 101, 85
track:581, 877, 693, 101, 85
track:582, 877, 693, 101, 85
track:583, 876, 695, 101, 85
track:584, 875, 696, 101, 85
track:585, 875, 697, 101, 85
track:586, 876, 696, 101, 85
track:587, 875, 697, 101, 85
track:588, 875, 697, 101, 85
track:589, 877, 696, 101, 85
track:590, 875, 695, 101, 85
track:591, 873, 697, 101, 85
track:592, 871, 695, 106, 89
track:593, 871, 694, 106, 89
track:594, 870, 693, 106, 89
track:595, 871, 684, 106, 89
track:596, 867, 679, 111, 94
track:597, 867, 679, 111, 94
track:598, 866, 675, 111, 94
track:599, 866, 668, 111, 94
track:600, 866, 665, 111, 94
track:601, 866, 665, 111, 94
track:602, 865, 662, 117, 98
track:603, 863, 662, 117, 98
track:604, 863, 657, 117, 98
track:605, 862, 653, 117, 98
track:606, 862, 652, 117, 98
track:607, 863, 652, 117, 98
track:608, 862, 652, 117, 98
track:609, 863, 652, 117, 98
track:610, 863, 654, 117, 98
track:611, 863, 657, 117, 98
track:612, 860, 655, 123, 103
track:613, 859, 658, 123, 103
track:614, 859, 660, 123, 103
track:615, 860, 663, 123, 103
init :616, 863, 667, 129, 103
track:617, 863, 667, 129, 103
track:618, 860, 663, 135, 108
track:619, 859, 662, 135, 108
track:620, 861, 661, 135, 108
track:621, 862, 661, 135, 108
track:622, 862, 661, 135, 108
track:623, 861, 660, 135, 108
track:624, 860, 658, 135, 108
track:625, 861, 658, 135, 108
track:626, 862, 659, 135, 108
track:627, 862, 660, 135, 108
track:628, 863, 660, 135, 108
track:629, 862, 660, 135, 108
track:630, 862, 657, 135, 108
track:631, 862, 656, 135, 108
track:632, 862, 656, 135, 108
track:633, 864, 659, 135, 108
track:634, 861, 660, 142, 114
track:635, 861, 663, 142, 114
track:636, 862, 664, 142, 114
track:637, 863, 664, 142, 114
track:638, 864, 665, 142, 114
track:639, 865, 666, 142, 114
track:640, 866, 665, 142, 114
track:641, 866, 663, 142, 114
track:642, 866, 663, 142, 114
track:643, 866, 661, 142, 114
track:644, 865, 660, 142, 114
track:645, 866, 650, 142, 114
track:646, 866, 649, 142, 114
track:647, 866, 649, 142, 114
track:648, 866, 648, 142, 114
track:649, 867, 648, 142, 114
track:650, 868, 649, 142, 114
track:651, 870, 648, 142, 114
track:652, 870, 649, 142, 114
track:653, 871, 648, 142, 114
track:654, 872, 649, 142, 114
track:655, 872, 652, 142, 114
track:656, 874, 655, 142, 114
init :657, 872, 656, 138, 116
track:658, 874, 659, 138, 116
track:659, 875, 659, 138, 116
track:660, 874, 658, 138, 116
track:661, 876, 659, 138, 116
track:662, 876, 658, 138, 116
track:663, 876, 657, 138, 116
track:664, 877, 656, 138, 116
track:665, 878, 654, 138, 116
track:666, 879, 652, 138, 116
track:667, 879, 652, 138, 116
track:668, 879, 650, 138, 116
track:669, 879, 649, 138, 116
track:670, 881, 649, 138, 116
track:671, 878, 650, 138, 116
track:672, 877, 649, 138, 116
track:673, 876, 648, 138, 116
track:674, 875, 647, 138, 116
track:675, 875, 647, 138, 116
track:676, 874, 647, 138, 116
track:677, 873, 647, 138, 116
track:678, 871, 650, 138, 116
track:679, 871, 658, 138, 116
track:680, 872, 666, 138, 116
track:681, 871, 668, 138, 116
track:682, 871, 668, 138, 116
track:683, 868, 667, 138, 116
track:684, 867, 666, 138, 116
track:685, 864, 666, 145, 122
track:686, 865, 668, 145, 122
track:687, 865, 669, 145, 122
track:688, 864, 668, 145, 122
track:689, 863, 666, 145, 122
track:690, 862, 664, 145, 122
track:691, 862, 663, 145, 122
track:692, 862, 663, 145, 122
track:693, 861, 662, 145, 122
track:694, 861, 661, 145, 122
track:695, 861, 661, 145, 122
track:696, 860, 659, 145, 122
track:697, 861, 659, 145, 122
init :698, 858, 659, 143, 114
track:699, 857, 661, 143, 114
track:700, 856, 663, 143, 114
track:701, 857, 664, 143, 114
track:702, 856, 665, 143, 114
track:703, 856, 668, 143, 114
track:704, 856, 672, 143, 114
track:705, 855, 676, 143, 114
track:706, 854, 678, 143, 114
track:707, 853, 678, 143, 114
track:708, 852, 679, 143, 114
track:709, 852, 680, 143, 114
track:710, 853, 678, 143, 114
track:711, 852, 677, 143, 114
track:712, 853, 675, 143, 114
track:713, 852, 673, 143, 114
track:714, 852, 673, 143, 114
track:715, 851, 674, 143, 114
track:716, 851, 675, 143, 114
track:717, 852, 676, 143, 114
track:718, 849, 675, 150, 120
track:719, 849, 675, 150, 120
track:720, 850, 676, 150, 120
track:721, 850, 676, 150, 120
track:722, 850, 676, 150, 120
track:723, 850, 675, 150, 120
track:724, 851, 673, 150, 120
track:725, 851, 668, 150, 120
track:726, 852, 668, 150, 120
track:727, 848, 663, 158, 126
track:728, 849, 660, 158, 126
track:729, 849, 655, 158, 126
track:730, 849, 653, 158, 126
track:731, 850, 653, 158, 126
track:732, 845, 650, 166, 132
track:733, 845, 648, 166, 132
track:734, 846, 644, 166, 132
track:735, 847, 640, 166, 132
track:736, 848, 639, 166, 132
track:737, 848, 637, 166, 132
track:738, 847, 637, 166, 132
init :739, 849, 636, 166, 127
track:740, 850, 637, 166, 127
track:741, 850, 638, 166, 127
track:742, 851, 639, 166, 127
track:743, 850, 639, 166, 127
track:744, 850, 640, 166, 127
track:745, 850, 638, 166, 127
track:746, 850, 638, 166, 127
track:747, 850, 636, 166, 127
track:748, 850, 627, 166, 127
track:749, 848, 622, 166, 127
track:750, 847, 622, 166, 127
track:751, 846, 621, 166, 127
track:752, 847, 624, 166, 127
track:753, 852, 627, 158, 121
track:754, 858, 630, 151, 115
track:755, 861, 629, 151, 115
track:756, 861, 629, 151, 115
track:757, 860, 628, 151, 115
track:758, 861, 626, 151, 115
track:759, 859, 628, 151, 115
track:760, 860, 632, 151, 115
track:761, 860, 633, 151, 115
track:762, 863, 633, 151, 115
track:763, 865, 632, 151, 115
track:764, 867, 633, 151, 115
track:765, 865, 633, 151, 115
track:766, 865, 633, 151, 115
track:767, 864, 634, 151, 115
track:768, 864, 636, 151, 115
track:769, 864, 637, 151, 115
track:770, 868, 647, 151, 115
track:771, 868, 647, 151, 115
track:772, 868, 646, 151, 115
track:773, 872, 648, 143, 110
track:774, 874, 648, 143, 110
track:775, 877, 651, 137, 104
track:776, 877, 651, 137, 104
track:777, 878, 650, 137, 104
track:778, 879, 649, 137, 104
track:779, 881, 649, 137, 104
init :780, 881, 649, 133, 98
track:781, 881, 649, 133, 98
track:782, 881, 649, 133, 98
track:783, 881, 650, 133, 98
track:784, 880, 649, 133, 98
track:785, 880, 650, 133, 98
track:786, 879, 650, 133, 98
track:787, 879, 650, 133, 98
track:788, 878, 651, 133, 98
track:789, 877, 652, 133, 98
track:790, 880, 654, 127, 93
track:791, 881, 653, 127, 93
track:792, 877, 650, 133, 98
track:793, 877, 651, 133, 98
track:794, 876, 652, 133, 98
track:795, 876, 656, 133, 98
track:796, 876, 657, 133, 98
track:797, 877, 657, 133, 98
track:798, 877, 656, 133, 98
track:799, 876, 656, 133, 98
track:800, 875, 657, 133, 98
track:801, 876, 658, 133, 98
track:802, 876, 658, 133, 98
track:803, 875, 658, 133, 98
track:804, 876, 659, 133, 98
track:805, 875, 659, 133, 98
track:806, 875, 659, 133, 98
track:807, 874, 659, 133, 98
track:808, 873, 660, 133, 98
track:809, 873, 662, 133, 98
track:810, 871, 662, 140, 103
track:811, 871, 662, 140, 103
track:812, 869, 663, 140, 103
track:813, 868, 664, 140, 103
track:814, 867, 664, 140, 103
track:815, 869, 666, 133, 98
track:816, 868, 666, 133, 98
track:817, 868, 667, 133, 98
track:818, 866, 674, 133, 98
track:819, 867, 676, 133, 98
track:820, 861, 685, 140, 103
init :821, 853, 680, 147, 127
track:822, 853, 681, 147, 127
track:823, 852, 679, 147, 127
track:824, 852, 677, 147, 127
track:825, 851, 678, 147, 127
track:826, 851, 678, 147, 127
track:827, 851, 683, 147, 127
track:828, 850, 687, 147, 127
track:829, 851, 690, 147, 127
track:830, 853, 690, 147, 127
track:831, 853, 690, 147, 127
track:832, 854, 691, 147, 127
track:833, 857, 688, 147, 127
track:834, 853, 680, 154, 133
track:835, 853, 670, 154, 133
track:836, 851, 668, 162, 140
track:837, 850, 664, 162, 140
track:838, 849, 662, 162, 140
track:839, 847, 657, 162, 140
track:840, 845, 652, 162, 140
track:841, 840, 648, 170, 147
track:842, 838, 648, 170, 147
track:843, 836, 643, 170, 147
track:844, 829, 636, 179, 154
track:845, 822, 623, 179, 154
track:846, 823, 623, 179, 154
track:847, 822, 616, 179, 154
track:848, 821, 610, 179, 154
track:849, 820, 608, 179, 154
track:850, 819, 606, 179, 154
track:851, 819, 606, 179, 154
track:852, 824, 602, 179, 154
track:853, 827, 598, 179, 154
track:854, 829, 599, 179, 154
track:855, 828, 602, 179, 154
track:856, 829, 603, 179, 154
track:857, 829, 604, 179, 154
track:858, 831, 602, 179, 154
track:859, 831, 598, 179, 154
track:860, 832, 597, 179, 154
track:861, 831, 597, 179, 154
init :862, 835, 602, 189, 153
track:863, 836, 606, 189, 153
track:864, 837, 611, 189, 153
track:865, 841, 621, 180, 146
track:866, 842, 622, 180, 146
track:867, 841, 626, 180, 146
track:868, 842, 629, 180, 146
track:869, 843, 629, 180, 146
track:870, 844, 634, 180, 146
track:871, 845, 635, 180, 146
track:872, 845, 635, 180, 146
track:873, 845, 635, 180, 146
track:874, 846, 635, 180, 146
track:875, 846, 637, 180, 146
track:876, 847, 637, 180, 146
track:877, 852, 640, 171, 139
track:878, 852, 640, 171, 139
track:879, 853, 640, 171, 139
track:880, 855, 639, 171, 139
track:881, 855, 639, 171, 139
track:882, 854, 640, 171, 139
track:883, 856, 637, 171, 139
track:884, 863, 640, 163, 132
track:885, 868, 643, 155, 126
track:886, 869, 642, 155, 126
track:887, 870, 644, 155, 126
track:888, 871, 644, 155, 126
track:889, 872, 643, 155, 126
track:890, 877, 645, 148, 120
track:891, 877, 644, 148, 120
track:892, 879, 643, 148, 120
track:893, 879, 643, 148, 120
track:894, 878, 642, 148, 120
track:895, 880, 642, 148, 120
track:896, 880, 643, 148, 120
track:897, 883, 645, 141, 114
track:898, 881, 644, 141, 114
track:899, 879, 643, 141, 114
track:900, 878, 644, 141, 114
track:901, 879, 645, 141, 114
track:902, 877, 646, 141, 114
init :903, 881, 654, 120, 96
track:904, 882, 654, 120, 96
track:905, 883, 655, 120, 96
track:906, 883, 655, 120, 96
track:907, 908, 640, 120, 96
track:908, 912, 639, 120, 96
track:909, 916, 650, 114, 91
track:910, 920, 656, 114, 91
track:911, 918, 656, 114, 91
track:912, 918, 658, 114, 91
track:913, 921, 664, 114, 91
track:914, 920, 665, 114, 91
track:915, 918, 665, 120, 96
track:916, 923, 668, 114, 91
track:917, 923, 670, 114, 91
track:918, 924, 672, 114, 91
track:919, 924, 672, 114, 91
track:920, 920, 673, 114, 91
track:921, 920, 674, 114, 91
track:922, 915, 673, 114, 91
track:923, 910, 672, 114, 91
track:924, 904, 671, 114, 91
track:925, 896, 671, 114, 91
track:926, 898, 673, 109, 87
track:927, 895, 673, 109, 87
track:928, 886, 674, 109, 87
track:929, 881, 672, 109, 87
track:930, 876, 672, 109, 87
track:931, 876, 671, 109, 87
track:932, 873, 670, 109, 87
track:933, 871, 667, 109, 87
track:934, 868, 664, 109, 87
track:935, 867, 662, 109, 87
track:936, 868, 661, 109, 87
track:937, 869, 660, 109, 87
track:938, 866, 657, 109, 87
track:939, 867, 656, 109, 87
track:940, 866, 654, 109, 87
track:941, 866, 653, 109, 87
track:942, 864, 652, 109, 87
track:943, 863, 651, 109, 87
init :944, 770, 573, 336, 225
track:945, 771, 573, 336, 225
track:946, 771, 574, 336, 225
track:947, 768, 575, 336, 225
track:948, 766, 575, 336, 225
track:949, 761, 576, 336, 225
track:950, 760, 577, 336, 225
track:951, 759, 579, 336, 225
track:952, 757, 580, 336, 225
track:953, 755, 581, 336, 225
track:954, 753, 582, 336, 225
track:955, 751, 585, 336, 225
track:956, 751, 587, 336, 225
track:957, 751, 588, 336, 225
track:958, 752, 590, 336, 225
track:959, 748, 590, 336, 225
track:960, 755, 595, 320, 214
track:961, 754, 596, 320, 214
track:962, 745, 592, 336, 225
track:963, 742, 591, 336, 225
track:964, 739, 595, 336, 225
track:965, 739, 593, 336, 225
track:966, 737, 593, 336, 225
track:967, 734, 593, 336, 225
track:968, 728, 595, 336, 225
track:969, 728, 602, 320, 214
track:970, 727, 601, 320, 214
track:971, 724, 603, 320, 214
track:972, 719, 604, 320, 214
track:973, 712, 604, 320, 214
track:974, 711, 603, 320, 214
track:975, 708, 604, 320, 214
track:976, 707, 604, 320, 214
track:977, 703, 604, 320, 214
track:978, 702, 605, 320, 214
track:979, 701, 606, 320, 214
track:980, 702, 606, 320, 214
track:981, 702, 606, 320, 214
track:982, 703, 606, 320, 214
track:983, 703, 607, 320, 214
track:984, 701, 606, 320, 214
init :985, 692, 586, 484, 246
track:986, 692, 586, 484, 246
track:987, 693, 587, 484, 246
track:988, 710, 593, 461, 234
track:989, 711, 594, 461, 234
track:990, 713, 594, 461, 234
track:991, 710, 593, 461, 234
track:992, 714, 594, 461, 234
track:993, 712, 594, 461, 234
track:994, 715, 591, 461, 234
track:995, 712, 592, 461, 234
track:996, 716, 588, 461, 234
track:997, 716, 588, 461, 234
track:998, 719, 586, 461, 234
track:999, 719, 585, 461, 234
track:1000, 719, 585, 461, 234
track:1001, 727, 580, 461, 234
track:1002, 730, 580, 461, 234
track:1003, 734, 575, 461, 234
track:1004, 739, 573, 461, 234
track:1005, 743, 573, 461, 234
track:1006, 753, 574, 439, 223
track:1007, 755, 573, 439, 223
track:1008, 756, 570, 439, 223
track:1009, 754, 570, 439, 223
track:1010, 755, 569, 439, 223
track:1011, 748, 567, 439, 223
track:1012, 747, 567, 439, 223
track:1013, 740, 567, 439, 223
track:1014, 736, 565, 439, 223
track:1015, 736, 566, 439, 223
track:1016, 737, 571, 418, 213
track:1017, 747, 574, 398, 202
track:1018, 750, 572, 398, 202
track:1019, 745, 572, 398, 202
track:1020, 746, 573, 398, 202
track:1021, 742, 571, 398, 202
track:1022, 744, 570, 398, 202
track:1023, 741, 568, 398, 202
track:1024, 740, 569, 398, 202
track:1025, 737, 568, 398, 202
init :1026, 756, 581, 447, 171
track:1027, 754, 581, 447, 171
track:1028, 752, 581, 447, 171
track:1029, 746, 582, 447, 171
track:1030, 745, 582, 447, 171
track:1031, 750, 587, 426, 163
track:1032, 745, 588, 426, 163
track:1033, 741, 589, 426, 163
track:1034, 737, 590, 426, 163
track:1035, 726, 586, 447, 171
track:1036, 736, 592, 426, 163
track:1037, 736, 594, 426, 163
track:1038, 735, 598, 426, 163
track:1039, 732, 600, 426, 163
track:1040, 734, 601, 426, 163
track:1041, 732, 604, 426, 163
track:1042, 732, 606, 426, 163
track:1043, 729, 608, 426, 163
track:1044, 729, 609, 426, 163
track:1045, 729, 611, 426, 163
track:1046, 743, 618, 405, 155
track:1047, 743, 619, 405, 155
track:1048, 744, 619, 405, 155
track:1049, 750, 616, 405, 155
track:1050, 748, 617, 405, 155
track:1051, 755, 614, 405, 155
track:1052, 760, 611, 405, 155
track:1053, 766, 612, 405, 155
track:1054, 775, 612, 405, 155
track:1055, 775, 613, 405, 155
track:1056, 778, 612, 405, 155
track:1057, 784, 612, 405, 155
track:1058, 788, 613, 405, 155
track:1059, 779, 610, 426, 163
track:1060, 790, 613, 405, 155
track:1061, 781, 610, 426, 163
track:1062, 780, 610, 426, 163
track:1063, 775, 611, 426, 163
track:1064, 771, 613, 426, 163
track:1065, 769, 613, 426, 163
track:1066, 765, 613, 426, 163
init :1067, 775, 617, 443, 132
track:1068, 770, 616, 443, 132
track:1069, 748, 614, 465, 139
track:1070, 746, 614, 465, 139
track:1071, 745, 613, 465, 139
track:1072, 715, 609, 488, 146
track:1073, 717, 613, 465, 139
track:1074, 696, 610, 488, 146
track:1075, 694, 610, 488, 146
track:1076, 681, 609, 488, 146
track:1077, 677, 611, 488, 146
track:1078, 661, 609, 488, 146
track:1079, 652, 613, 488, 146
track:1080, 659, 616, 465, 139
track:1081, 663, 620, 443, 132
track:1082, 648, 616, 465, 139
track:1083, 646, 617, 465, 139
track:1084, 632, 615, 488, 146
track:1085, 640, 618, 465, 139
track:1086, 637, 617, 465, 139
track:1087, 637, 616, 465, 139
track:1088, 638, 616, 465, 139
track:1089, 638, 615, 465, 139
track:1090, 640, 615, 465, 139
track:1091, 640, 618, 465, 139
track:1092, 636, 618, 465, 139
track:1093, 645, 620, 465, 139
track:1094, 641, 620, 465, 139
track:1095, 641, 621, 465, 139
track:1096, 639, 622, 465, 139
track:1097, 648, 623, 465, 139
track:1098, 648, 624, 465, 139
track:1099, 648, 623, 465, 139
track:1100, 649, 624, 465, 139
track:1101, 636, 622, 488, 146
track:1102, 640, 622, 488, 146
track:1103, 642, 622, 488, 146
track:1104, 631, 621, 513, 153
track:1105, 639, 623, 488, 146
track:1106, 638, 623, 488, 146
track:1107, 649, 625, 465, 139
init :1108, 701, 628, 443, 171
track:1109, 685, 625, 465, 180
track:1110, 684, 626, 465, 180
track:1111, 690, 633, 443, 171
track:1112, 687, 633, 443, 171
track:1113, 683, 635, 443, 171
track:1114, 681, 635, 443, 171
track:1115, 680, 636, 443, 171
track:1116, 677, 638, 443, 171
track:1117, 681, 638, 443, 171
track:1118, 687, 643, 422, 163
track:1119, 680, 643, 422, 163
track:1120, 682, 642, 422, 163
track:1121, 679, 642, 422, 163
track:1122, 679, 644, 422, 163
track:1123, 666, 641, 443, 171
track:1124, 671, 644, 443, 171
track:1125, 660, 642, 443, 171
track:1126, 665, 643, 443, 171
track:1127, 684, 648, 422, 163
track:1128, 679, 647, 422, 163
track:1129, 692, 645, 422, 163
track:1130, 691, 647, 422, 163
track:1131, 706, 651, 402, 155
track:1132, 709, 652, 402, 155
track:1133, 720, 655, 402, 155
track:1134, 682, 654, 402, 155
track:1135, 768, 645, 422, 163
track:1136, 787, 646, 422, 163
track:1137, 788, 638, 443, 171
track:1138, 798, 642, 443, 171
track:1139, 794, 642, 422, 163
track:1140, 796, 646, 422, 163
track:1141, 788, 650, 422, 163
track:1142, 789, 651, 422, 163
track:1143, 789, 651, 422, 163
track:1144, 779, 654, 422, 163
track:1145, 786, 659, 402, 155
track:1146, 775, 658, 422, 163
track:1147, 766, 663, 422, 163
track:1148, 779, 670, 402, 155
init :1149, 798, 633, 193, 179
track:1150, 798, 633, 193, 179
track:1151, 796, 633, 193, 179
track:1152, 792, 634, 193, 179
track:1153, 788, 636, 193, 179
track:1154, 785, 636, 193, 179
track:1155, 786, 637, 193, 179
track:1156, 783, 639, 193, 179
track:1157, 785, 640, 193, 179
track:1158, 786, 639, 193, 179
track:1159, 788, 637, 193, 179
track:1160, 785, 637, 193, 179
track:1161, 791, 635, 193, 179
track:1162, 794, 640, 184, 170
track:1163, 791, 641, 184, 170
track:1164, 783, 642, 184, 170
track:1165, 790, 642, 184, 170
track:1166, 789, 643, 184, 170
track:1167, 784, 644, 184, 170
track:1168, 788, 649, 175, 162
track:1169, 776, 650, 175, 162
track:1170, 771, 650, 175, 162
track:1171, 768, 643, 184, 170
track:1172, 754, 641, 184, 170
track:1173, 748, 643, 184, 170
track:1174, 748, 639, 184, 170
track:1175, 753, 644, 175, 162
track:1176, 746, 643, 175, 162
track:1177, 755, 639, 175, 162
track:1178, 755, 641, 175, 162
track:1179, 759, 638, 175, 162
track:1180, 755, 638, 175, 162
track:1181, 764, 643, 167, 155
track:1182, 763, 641, 167, 155
track:1183, 769, 640, 159, 147
track:1184, 771, 642, 151, 140
track:1185, 773, 642, 151, 140
track:1186, 774, 641, 151, 140
track:1187, 779, 641, 151, 140
track:1188, 779, 641, 151, 140
track:1189, 787, 640, 151, 140
init :1190, 789, 633, 387, 132
track:1191, 788, 633, 387, 132
track:1192, 786, 632, 387, 132
track:1193, 785, 630, 387, 132
track:1194, 786, 627, 387, 132
track:1195, 786, 625, 387, 132
track:1196, 775, 625, 387, 132
track:1197, 780, 623, 387, 132
track:1198, 776, 622, 387, 132
track:1199, 772, 621, 387, 132
track:1200, 772, 621, 387, 132
track:1201, 772, 620, 387, 132
track:1202, 772, 620, 387, 132
track:1203, 778, 619, 387, 132
track:1204, 779, 619, 387, 132
track:1205, 781, 620, 387, 132
track:1206, 785, 617, 387, 132
track:1207, 800, 622, 369, 126
track:1208, 810, 624, 351, 120
track:1209, 812, 625, 351, 120
track:1210, 817, 625, 351, 120
track:1211, 812, 622, 369, 126
track:1212, 819, 622, 369, 126
track:1213, 832, 628, 351, 120
track:1214, 831, 627, 351, 120
track:1215, 838, 628, 351, 120
track:1216, 843, 633, 334, 114
track:1217, 845, 633, 334, 114
track:1218, 847, 634, 334, 114
track:1219, 844, 633, 334, 114
track:1220, 842, 634, 334, 114
track:1221, 839, 635, 334, 114
track:1222, 850, 639, 318, 109
track:1223, 846, 640, 318, 109
track:1224, 843, 639, 318, 109
track:1225, 841, 636, 334, 114
track:1226, 853, 639, 318, 109
track:1227, 852, 640, 318, 109
track:1228, 853, 641, 318, 109
track:1229, 853, 640, 318, 109
track:1230, 861, 641, 303, 103
init :1231, 909, 659, 267, 98
track:1232, 907, 659, 267, 98
track:1233, 905, 660, 267, 98
track:1234, 911, 664, 254, 93
track:1235, 915, 668, 242, 89
track:1236, 917, 670, 231, 85
track:1237, 913, 669, 231, 85
track:1238, 917, 671, 220, 81
track:1239, 916, 670, 220, 81
track:1240, 920, 672, 209, 77
track:1241, 919, 672, 209, 77
track:1242, 919, 672, 209, 77
track:1243, 912, 670, 220, 81
track:1244, 916, 670, 220, 81
track:1245, 902, 671, 231, 85
track:1246, 901, 673, 231, 85
track:1247, 902, 677, 220, 81
track:1248, 898, 679, 220, 81
track:1249, 897, 679, 220, 81
track:1250, 897, 677, 220, 81
track:1251, 895, 678, 209, 77
track:1252, 960, 675, 209, 77
track:1253, 955, 675, 209, 77
track:1254, 948, 671, 220, 81
track:1255, 950, 675, 209, 77
track:1256, 944, 671, 220, 81
track:1257, 937, 670, 220, 81
track:1258, 934, 671, 220, 81
track:1259, 928, 668, 231, 85
track:1260, 920, 670, 231, 85
track:1261, 918, 670, 231, 85
track:1262, 913, 670, 231, 85
track:1263, 912, 669, 231, 85
track:1264, 907, 666, 242, 89
track:1265, 913, 667, 231, 85
track:1266, 912, 666, 231, 85
track:1267, 916, 664, 231, 85
track:1268, 912, 663, 231, 85
track:1269, 905, 659, 242, 89
track:1270, 910, 658, 231, 85
track:1271, 905, 655, 231, 85
init :1272, 936, 656, 115, 80
track:1273, 933, 656, 115, 80
track:1274, 933, 656, 115, 80
track:1275, 927, 655, 115, 80
track:1276, 926, 657, 110, 76
track:1277, 919, 657, 110, 76
track:1278, 912, 659, 110, 76
track:1279, 913, 659, 110, 76
track:1280, 904, 659, 110, 76
track:1281, 897, 660, 110, 76
track:1282, 889, 661, 110, 76
track:1283, 886, 661, 110, 76
track:1284, 886, 661, 110, 76
track:1285, 878, 663, 104, 73
track:1286, 875, 663, 104, 73
track:1287, 875, 662, 104, 73
track:1288, 871, 662, 104, 73
track:1289, 871, 662, 104, 73
track:1290, 870, 662, 104, 73
track:1291, 867, 661, 104, 73
track:1292, 868, 663, 104, 73
track:1293, 864, 663, 99, 69
track:1294, 864, 663, 99, 69
track:1295, 864, 663, 99, 69
track:1296, 862, 662, 99, 69
track:1297, 861, 661, 99, 69
track:1298, 862, 661, 99, 69
track:1299, 862, 662, 99, 69
track:1300, 860, 663, 99, 69
track:1301, 859, 662, 99, 69
track:1302, 860, 665, 95, 66
track:1303, 859, 665, 95, 66
track:1304, 859, 665, 95, 66
track:1305, 862, 666, 90, 63
track:1306, 865, 668, 86, 60
track:1307, 866, 669, 86, 60
track:1308, 865, 670, 86, 60
track:1309, 865, 670, 86, 60
track:1310, 865, 670, 86, 60
track:1311, 866, 670, 86, 60
track:1312, 866, 670, 86, 60
init :1313, 867, 667, 161, 57
track:1314, 867, 667, 161, 57
track:1315, 866, 668, 161, 57
track:1316, 870, 669, 153, 54
track:1317, 864, 668, 161, 57
track:1318, 863, 669, 161, 57
track:1319, 860, 669, 161, 57
track:1320, 864, 670, 153, 54
track:1321, 863, 671, 153, 54
track:1322, 860, 671, 161, 57
track:1323, 858, 670, 169, 60
track:1324, 857, 670, 169, 60
track:1325, 858, 671, 169, 60
track:1326, 861, 672, 169, 60
track:1327, 863, 672, 169, 60
track:1328, 864, 673, 169, 60
track:1329, 866, 673, 169, 60
track:1330, 864, 674, 169, 60
track:1331, 860, 673, 178, 63
track:1332, 855, 673, 178, 63
track:1333, 851, 673, 178, 63
track:1334, 854, 675, 169, 60
track:1335, 850, 675, 169, 60
track:1336, 844, 675, 169, 60
track:1337, 842, 675, 169, 60
track:1338, 843, 676, 161, 57
track:1339, 843, 675, 161, 57
track:1340, 842, 676, 161, 57
track:1341, 843, 676, 161, 57
track:1342, 841, 677, 161, 57
track:1343, 836, 675, 169, 60
track:1344, 837, 675, 169, 60
track:1345, 837, 676, 169, 60
track:1346, 837, 677, 169, 60
track:1347, 839, 677, 169, 60
track:1348, 835, 677, 169, 60
track:1349, 836, 677, 169, 60
track:1350, 836, 678, 169, 60
track:1351, 836, 678, 169, 60
track:1352, 832, 679, 169, 60
track:1353, 835, 680, 161, 57
init :1354, 849, 682, 175, 49
track:1355, 848, 682, 175, 49
track:1356, 850, 683, 175, 49
track:1357, 851, 683, 175, 49
track:1358, 855, 684, 167, 47
track:1359, 855, 684, 167, 47
track:1360, 855, 685, 167, 47
track:1361, 850, 684, 175, 49
track:1362, 850, 684, 175, 49
track:1363, 855, 686, 167, 47
track:1364, 857, 686, 167, 47
track:1365, 858, 686, 167, 47
track:1366, 855, 686, 167, 47
track:1367, 849, 686, 175, 49
track:1368, 848, 686, 175, 49
track:1369, 849, 686, 175, 49
track:1370, 854, 688, 167, 47
track:1371, 851, 689, 167, 47
track:1372, 847, 688, 175, 49
track:1373, 844, 689, 175, 49
track:1374, 844, 690, 175, 49
track:1375, 839, 689, 184, 51
track:1376, 831, 688, 193, 54
track:1377, 828, 688, 193, 54
track:1378, 827, 689, 193, 54
track:1379, 831, 691, 184, 51
track:1380, 828, 692, 184, 51
track:1381, 821, 692, 193, 54
track:1382, 815, 693, 193, 54
track:1383, 808, 692, 203, 57
track:1384, 807, 693, 203, 57
track:1385, 806, 694, 203, 57
track:1386, 812, 696, 193, 54
track:1387, 812, 697, 193, 54
track:1388, 814, 698, 193, 54
track:1389, 815, 698, 193, 54
track:1390, 813, 698, 203, 57
track:1391, 816, 699, 203, 57
track:1392, 822, 701, 203, 57
track:1393, 825, 702, 203, 57
track:1394, 828, 702, 203, 57
init :1395, 835, 708, 198, 59
track:1396, 835, 708, 198, 59
track:1397, 835, 709, 198, 59
track:1398, 829, 708, 208, 62
track:1399, 828, 708, 208, 62
track:1400, 830, 710, 198, 59
track:1401, 821, 711, 208, 62
track:1402, 816, 711, 208, 62
track:1403, 808, 711, 218, 65
track:1404, 805, 711, 218, 65
track:1405, 801, 710, 218, 65
track:1406, 799, 711, 218, 65
track:1407, 794, 712, 218, 65
track:1408, 798, 713, 208, 62
track:1409, 798, 713, 208, 62
track:1410, 798, 714, 208, 62
track:1411, 797, 715, 208, 62
track:1412, 799, 715, 208, 62
track:1413, 799, 716, 208, 62
track:1414, 800, 716, 208, 62
track:1415, 800, 717, 208, 62
track:1416, 797, 717, 218, 65
track:1417, 796, 717, 218, 65
track:1418, 796, 718, 218, 65
track:1419, 799, 719, 208, 62
track:1420, 793, 718, 218, 65
track:1421, 793, 719, 218, 65
track:1422, 791, 720, 218, 65
track:1423, 786, 720, 229, 68
track:1424, 787, 719, 229, 68
track:1425, 789, 721, 229, 68
track:1426, 793, 722, 218, 65
track:1427, 786, 721, 229, 68
track:1428, 788, 722, 229, 68
track:1429, 781, 721, 241, 72
track:1430, 780, 722, 241, 72
track:1431, 777, 722, 241, 72
track:1432, 782, 725, 229, 68
track:1433, 781, 726, 229, 68
track:1434, 783, 727, 229, 68
track:1435, 781, 727, 229, 68
init :1436, 789, 721, 249, 106
track:1437, 788, 721, 249, 106
track:1438, 791, 721, 249, 106
track:1439, 791, 723, 249, 106
track:1440, 789, 724, 249, 106
track:1441, 786, 725, 249, 106
track:1442, 782, 727, 249, 106
track:1443, 776, 726, 249, 106
track:1444, 774, 726, 249, 106
track:1445, 770, 725, 249, 106
track:1446, 766, 725, 249, 106
track:1447, 761, 724, 249, 106
track:1448, 759, 724, 249, 106
track:1449, 758, 723, 249, 106
track:1450, 759, 723, 249, 106
track:1451, 755, 720, 261, 111
track:1452, 756, 720, 261, 111
track:1453, 768, 722, 249, 106
track:1454, 768, 722, 249, 106
track:1455, 782, 725, 237, 101
track:1456, 790, 726, 226, 96
track:1457, 799, 728, 215, 92
track:1458, 805, 726, 215, 92
track:1459, 804, 726, 215, 92
track:1460, 810, 724, 215, 92
track:1461, 814, 726, 215, 92
track:1462, 831, 730, 215, 92
track:1463, 825, 734, 215, 92
track:1464, 823, 733, 226, 96
track:1465, 833, 737, 215, 92
track:1466, 844, 741, 226, 96
track:1467, 850, 746, 215, 92
track:1468, 853, 750, 205, 87
track:1469, 847, 746, 215, 92
track:1470, 842, 745, 215, 92
track:1471, 839, 744, 226, 96
track:1472, 828, 740, 226, 96
track:1473, 829, 741, 226, 96
track:1474, 831, 740, 215, 92
track:1475, 828, 738, 215, 92
track:1476, 825, 735, 215, 92
init :1477, 853, 685, 166, 155
track:1478, 853, 685, 166, 155
track:1479, 855, 683, 166, 155
track:1480, 856, 681, 166, 155
track:1481, 858, 678, 166, 155
track:1482, 860, 675, 166, 155
track:1483, 859, 675, 166, 155
track:1484, 864, 674, 166, 155
track:1485, 868, 672, 166, 155
track:1486, 874, 671, 166, 155
track:1487, 881, 667, 166, 155
track:1488, 880, 667, 166, 155
track:1489, 882, 667, 166, 155
track:1490, 882, 666, 166, 155
track:1491, 888, 663, 166, 155
track:1492, 889, 662, 166, 155
track:1493, 891, 661, 166, 155
track:1494, 892, 662, 158, 148
track:1495, 886, 657, 158, 148
track:1496, 884, 653, 158, 148
track:1497, 881, 652, 158, 148
track:1498, 879, 652, 158, 148
track:1499, 869, 645, 158, 148
track:1500, 865, 645, 151, 141
track:1501, 860, 638, 158, 148
track:1502, 849, 638, 151, 141
track:1503, 850, 641, 143, 134
track:1504, 852, 637, 143, 134
track:1505, 844, 632, 143, 134
track:1506, 841, 630, 143, 134
track:1507, 837, 625, 143, 134
track:1508, 839, 625, 143, 134
track:1509, 835, 623, 143, 134
track:1510, 835, 618, 143, 134
track:1511, 838, 618, 137, 128
track:1512, 827, 614, 137, 128
track:1513, 825, 613, 137, 128
track:1514, 812, 612, 137, 128
track:1515, 794, 611, 137, 128
track:1516, 769, 610, 137, 128
track:1517, 743, 611, 137, 128
init :1518, 747, 623, 286, 109
track:1519, 722, 623, 286, 109
track:1520, 697, 623, 286, 109
track:1521, 677, 624, 286, 109
track:1522, 668, 627, 272, 104
track:1523, 669, 627, 272, 104
track:1524, 664, 627, 272, 104
track:1525, 660, 626, 272, 104
track:1526, 663, 627, 272, 104
track:1527, 666, 627, 272, 104
track:1528, 675, 630, 259, 99
track:1529, 699, 628, 259, 99
track:1530, 721, 628, 259, 99
track:1531, 748, 628, 259, 99
track:1532, 774, 627, 259, 99
track:1533, 773, 626, 259, 99
track:1534, 805, 629, 247, 94
track:1535, 828, 628, 247, 94
track:1536, 846, 628, 247, 94
track:1537, 871, 630, 235, 90
track:1538, 872, 631, 235, 90
track:1539, 882, 628, 247, 94
track:1540, 887, 630, 247, 94
track:1541, 893, 630, 247, 94
track:1542, 892, 632, 247, 94
track:1543, 891, 632, 247, 94
track:1544, 891, 633, 247, 94
track:1545, 884, 634, 247, 94
track:1546, 884, 636, 247, 94
track:1547, 868, 639, 247, 94
track:1548, 869, 640, 247, 94
track:1549, 873, 643, 235, 90
track:1550, 856, 646, 235, 90
track:1551, 860, 649, 224, 85
track:1552, 857, 649, 224, 85
track:1553, 864, 653, 213, 81
track:1554, 864, 656, 203, 77
track:1555, 865, 656, 203, 77
track:1556, 866, 656, 203, 77
track:1557, 864, 657, 203, 77
track:1558, 866, 656, 203, 77
init :1559, 886, 664, 198, 72
track:1560, 888, 665, 198, 72
track:1561, 890, 665, 198, 72
track:1562, 899, 667, 189, 69
track:1563, 900, 667, 189, 69
track:1564, 901, 668, 189, 69
track:1565, 901, 668, 189, 69
track:1566, 901, 668, 189, 69
track:1567, 900, 668, 189, 69
track:1568, 899, 669, 189, 69
track:1569, 903, 671, 180, 65
track:1570, 902, 671, 180, 65
track:1571, 902, 673, 171, 62
track:1572, 899, 673, 171, 62
track:1573, 899, 674, 171, 62
track:1574, 900, 676, 163, 59
track:1575, 898, 676, 163, 59
track:1576, 893, 676, 163, 59
track:1577, 889, 675, 163, 59
track:1578, 889, 676, 163, 59
track:1579, 892, 677, 155, 56
track:1580, 888, 678, 155, 56
track:1581, 885, 678, 155, 56
track:1582, 885, 678, 155, 56
track:1583, 883, 679, 155, 56
track:1584, 889, 679, 148, 54
track:1585, 879, 680, 148, 54
track:1586, 878, 680, 148, 54
track:1587, 883, 682, 141, 51
track:1588, 886, 683, 134, 49
track:1589, 889, 682, 134, 49
track:1590, 895, 683, 128, 46
track:1591, 897, 683, 128, 46
track:1592, 894, 682, 134, 49
track:1593, 890, 682, 134, 49
track:1594, 891, 684, 134, 49
track:1595, 889, 685, 134, 49
track:1596, 883, 685, 134, 49
track:1599, 920, 677, 134, 49
init :1600, 913, 682, 96, 70
track:1601, 912, 681, 96, 70
track:1602, 911, 682, 96, 70
track:1603, 911, 682, 96, 70
track:1604, 908, 682, 96, 70
track:1605, 905, 681, 96, 70
track:1606, 903, 682, 96, 70
track:1607, 900, 682, 96, 70
track:1608, 900, 682, 96, 70
elapseTime: 16.794
