init :7, 821, 630, 235, 197
track:8, 821, 630, 235, 197
track:9, 822, 630, 235, 197
track:10, 821, 631, 235, 197
track:11, 823, 630, 235, 197
track:12, 823, 630, 235, 197
track:13, 824, 630, 235, 197
track:14, 824, 630, 235, 197
track:15, 824, 630, 235, 197
track:16, 825, 630, 235, 197
track:17, 826, 630, 235, 197
track:18, 825, 630, 235, 197
track:19, 825, 629, 235, 197
track:20, 821, 626, 247, 207
track:21, 820, 626, 247, 207
track:22, 827, 631, 235, 197
track:23, 828, 631, 235, 197
track:24, 827, 631, 235, 197
track:25, 828, 630, 235, 197
track:26, 829, 631, 235, 197
track:27, 829, 631, 235, 197
track:28, 829, 631, 235, 197
init :29, 821, 633, 244, 197
track:30, 820, 633, 244, 197
track:31, 821, 633, 244, 197
track:32, 822, 632, 244, 197
track:33, 822, 634, 244, 197
track:34, 821, 633, 244, 197
track:35, 822, 633, 244, 197
track:36, 822, 633, 244, 197
track:37, 823, 633, 244, 197
track:38, 822, 633, 244, 197
track:39, 822, 633, 244, 197
track:40, 822, 632, 244, 197
track:41, 823, 632, 244, 197
track:42, 822, 633, 244, 197
track:43, 823, 632, 244, 197
track:44, 822, 633, 244, 197
track:45, 823, 633, 244, 197
track:46, 823, 633, 244, 197
track:48, 823, 633, 244, 197
track:49, 822, 633, 244, 197
track:50, 822, 631, 244, 197
track:51, 823, 632, 244, 197
track:52, 823, 632, 244, 197
track:53, 823, 632, 244, 197
track:54, 823, 632, 244, 197
track:55, 823, 631, 244, 197
track:56, 824, 631, 244, 197
init :57, 830, 630, 230, 199
track:58, 829, 630, 230, 199
track:59, 830, 630, 230, 199
track:60, 831, 629, 230, 199
track:61, 830, 630, 230, 199
track:62, 829, 630, 230, 199
track:63, 829, 630, 230, 199
track:64, 829, 630, 230, 199
track:65, 829, 630, 230, 199
track:66, 828, 630, 230, 199
track:67, 828, 630, 230, 199
track:68, 828, 630, 230, 199
track:69, 828, 630, 230, 199
track:70, 828, 630, 230, 199
track:71, 828, 630, 230, 199
track:72, 827, 630, 230, 199
track:73, 826, 631, 230, 199
track:74, 829, 631, 230, 199
track:75, 829, 631, 230, 199
track:76, 828, 631, 230, 199
track:77, 828, 631, 230, 199
track:78, 828, 631, 230, 199
track:79, 828, 631, 230, 199
track:80, 828, 631, 230, 199
track:81, 828, 631, 230, 199
track:82, 828, 631, 230, 199
track:83, 828, 631, 230, 199
track:84, 828, 631, 230, 199
init :85, 826, 630, 240, 197
track:86, 826, 630, 240, 197
track:87, 826, 630, 240, 197
track:88, 826, 630, 240, 197
track:89, 827, 631, 240, 197
track:90, 827, 632, 240, 197
track:91, 827, 633, 240, 197
track:92, 831, 638, 229, 188
track:93, 826, 633, 240, 197
track:94, 832, 638, 229, 188
track:95, 832, 638, 229, 188
track:96, 833, 637, 229, 188
track:97, 828, 632, 240, 197
track:98, 828, 632, 240, 197
track:99, 827, 632, 240, 197
track:100, 829, 632, 240, 197
track:101, 829, 630, 240, 197
track:102, 830, 630, 240, 197
track:103, 831, 629, 240, 197
track:104, 831, 629, 240, 197
track:105, 831, 628, 240, 197
track:106, 832, 627, 240, 197
track:107, 833, 626, 240, 197
track:108, 833, 624, 240, 197
track:109, 832, 624, 240, 197
track:110, 834, 621, 240, 197
track:111, 835, 620, 240, 197
track:112, 835, 618, 240, 197
init :113, 844, 623, 212, 173
track:114, 844, 623, 212, 173
track:115, 845, 622, 212, 173
track:116, 846, 620, 212, 173
track:117, 847, 617, 212, 173
track:120, 849, 615, 212, 173
track:121, 850, 612, 212, 173
track:122, 851, 611, 212, 173
track:123, 849, 610, 212, 173
track:124, 850, 609, 212, 173
track:125, 848, 608, 212, 173
track:126, 845, 603, 212, 173
track:127, 845, 602, 212, 173
track:128, 843, 602, 212, 173
track:129, 842, 602, 212, 173
track:130, 844, 604, 212, 173
track:131, 844, 604, 212, 173
track:132, 853, 613, 202, 165
track:133, 859, 618, 192, 157
track:134, 859, 618, 192, 157
track:135, 860, 619, 192, 157
track:136, 860, 620, 192, 157
track:137, 861, 621, 192, 157
track:138, 863, 623, 192, 157
track:139, 862, 622, 192, 157
track:140, 861, 623, 192, 157
init :141, 863, 620, 175, 158
track:142, 866, 624, 167, 150
track:143, 865, 625, 167, 150
track:144, 865, 625, 167, 150
track:145, 862, 629, 167, 150
track:146, 861, 631, 167, 150
track:147, 857, 628, 175, 158
track:148, 853, 626, 184, 166
track:149, 853, 627, 184, 166
track:150, 854, 630, 184, 166
track:151, 858, 638, 175, 158
track:152, 858, 640, 175, 158
track:153, 854, 638, 184, 166
track:154, 854, 639, 184, 166
track:155, 854, 642, 184, 166
track:156, 854, 642, 184, 166
track:157, 856, 644, 184, 166
track:158, 862, 649, 175, 158
track:159, 861, 648, 175, 158
track:160, 860, 648, 175, 158
track:161, 859, 648, 175, 158
track:162, 856, 648, 175, 158
track:163, 856, 648, 175, 158
track:164, 855, 648, 175, 158
track:165, 860, 652, 167, 150
track:166, 861, 653, 167, 150
track:167, 861, 652, 167, 150
track:168, 861, 651, 167, 150
init :169, 863, 659, 166, 150
track:170, 863, 659, 166, 150
track:171, 866, 658, 166, 150
track:172, 868, 657, 166, 150
track:173, 867, 657, 166, 150
track:174, 866, 656, 166, 150
track:175, 864, 657, 166, 150
track:176, 862, 657, 166, 150
track:177, 862, 657, 166, 150
track:178, 864, 658, 166, 150
track:179, 864, 658, 166, 150
track:180, 865, 660, 166, 150
track:181, 866, 662, 166, 150
track:182, 866, 663, 166, 150
track:183, 868, 666, 166, 150
track:184, 870, 667, 166, 150
track:185, 871, 669, 166, 150
track:186, 870, 668, 166, 150
track:187, 866, 659, 166, 150
track:188, 865, 661, 158, 143
track:189, 866, 660, 158, 143
track:190, 859, 656, 166, 150
track:191, 858, 653, 166, 150
track:192, 858, 649, 166, 150
track:193, 857, 647, 166, 150
track:194, 857, 647, 166, 150
track:195, 859, 645, 166, 150
track:196, 859, 644, 166, 150
init :197, 858, 636, 166, 153
track:198, 855, 636, 166, 153
track:199, 855, 636, 166, 153
track:200, 854, 638, 166, 153
track:201, 852, 638, 166, 153
track:202, 852, 637, 166, 153
track:203, 852, 635, 166, 153
track:204, 852, 635, 166, 153
track:205, 853, 633, 166, 153
track:206, 853, 632, 166, 153
track:207, 851, 631, 166, 153
track:208, 855, 633, 158, 146
track:209, 854, 631, 158, 146
track:210, 851, 628, 158, 146
track:211, 851, 625, 158, 146
track:212, 851, 624, 158, 146
track:213, 854, 627, 151, 139
track:214, 853, 625, 151, 139
track:215, 853, 624, 151, 139
track:216, 853, 623, 151, 139
track:217, 852, 624, 151, 139
track:218, 853, 624, 151, 139
track:219, 853, 625, 151, 139
track:220, 853, 629, 151, 139
track:221, 852, 629, 151, 139
track:222, 851, 632, 151, 139
track:223, 852, 632, 151, 139
track:224, 852, 634, 151, 139
init :225, 853, 646, 138, 122
track:226, 853, 647, 138, 122
track:227, 854, 648, 138, 122
track:228, 854, 649, 138, 122
track:229, 854, 649, 138, 122
track:230, 854, 648, 138, 122
track:231, 854, 647, 138, 122
track:232, 853, 645, 138, 122
track:233, 853, 644, 138, 122
track:234, 855, 646, 131, 116
track:235, 855, 646, 131, 116
track:236, 856, 644, 131, 116
track:237, 857, 645, 131, 116
track:238, 858, 645, 131, 116
track:239, 859, 646, 131, 116
track:240, 859, 649, 131, 116
track:241, 860, 650, 131, 116
track:242, 861, 650, 131, 116
track:243, 861, 650, 131, 116
track:244, 860, 650, 131, 116
track:245, 863, 654, 125, 111
track:246, 863, 654, 125, 111
track:247, 863, 654, 125, 111
track:248, 863, 654, 125, 111
track:249, 863, 654, 125, 111
track:250, 864, 656, 125, 111
track:251, 865, 657, 125, 111
track:252, 865, 659, 125, 111
init :253, 867, 659, 120, 101
track:254, 868, 662, 120, 101
track:255, 869, 665, 120, 101
track:256, 868, 666, 120, 101
track:257, 870, 670, 120, 101
track:258, 870, 671, 120, 101
track:259, 871, 673, 120, 101
track:260, 871, 674, 120, 101
track:261, 871, 675, 120, 101
track:262, 871, 675, 120, 101
track:263, 871, 676, 120, 101
track:264, 871, 678, 120, 101
track:265, 871, 679, 120, 101
track:266, 871, 680, 120, 101
track:267, 871, 682, 120, 101
track:268, 870, 682, 120, 101
track:269, 870, 683, 120, 101
track:270, 871, 685, 120, 101
track:271, 872, 689, 120, 101
track:272, 873, 692, 120, 101
track:273, 873, 693, 120, 101
track:274, 873, 694, 120, 101
track:275, 870, 693, 126, 106
track:276, 871, 696, 126, 106
track:277, 873, 700, 126, 106
track:278, 870, 698, 132, 111
track:279, 868, 695, 139, 117
track:280, 870, 694, 139, 117
init :281, 867, 687, 138, 122
track:282, 869, 690, 138, 122
track:283, 869, 690, 138, 122
track:284, 870, 692, 138, 122
track:285, 872, 694, 138, 122
track:286, 874, 694, 138, 122
track:287, 876, 691, 138, 122
track:288, 874, 686, 145, 128
track:289, 870, 681, 152, 135
track:290, 866, 674, 160, 141
track:291, 865, 667, 160, 141
track:292, 863, 657, 168, 148
track:293, 864, 656, 168, 148
track:294, 865, 656, 168, 148
track:295, 867, 653, 168, 148
track:296, 864, 649, 176, 156
track:297, 858, 646, 185, 163
track:298, 855, 643, 194, 172
track:299, 853, 644, 194, 172
track:300, 852, 646, 194, 172
track:301, 845, 643, 204, 180
track:302, 837, 643, 214, 189
track:303, 837, 645, 214, 189
track:304, 837, 649, 214, 189
track:305, 830, 645, 225, 199
track:306, 828, 646, 225, 199
track:307, 822, 638, 236, 209
track:308, 823, 637, 236, 209
init :309, 821, 628, 258, 223
track:310, 819, 622, 258, 223
track:311, 817, 608, 258, 223
track:312, 825, 605, 246, 212
track:313, 818, 599, 258, 223
track:314, 825, 597, 246, 212
track:315, 824, 588, 246, 212
track:316, 824, 577, 246, 212
track:317, 831, 576, 234, 202
track:318, 831, 575, 234, 202
track:319, 832, 574, 234, 202
track:320, 838, 566, 234, 202
track:321, 841, 559, 234, 202
track:322, 847, 562, 223, 193
track:323, 846, 562, 223, 193
track:324, 852, 571, 212, 183
track:325, 856, 573, 202, 175
track:326, 855, 562, 202, 175
track:327, 852, 562, 202, 175
track:328, 852, 562, 202, 175
track:329, 850, 572, 202, 175
track:330, 849, 579, 202, 175
track:331, 848, 580, 202, 175
track:332, 845, 583, 202, 175
track:333, 845, 584, 202, 175
track:334, 844, 588, 202, 175
track:335, 848, 592, 193, 166
track:336, 843, 590, 202, 175
init :337, 853, 599, 184, 168
track:338, 853, 599, 184, 168
track:339, 853, 595, 184, 168
track:340, 854, 594, 184, 168
track:341, 854, 594, 184, 168
track:342, 855, 593, 184, 168
track:343, 855, 593, 184, 168
track:344, 854, 591, 184, 168
track:345, 860, 592, 175, 160
track:346, 860, 593, 175, 160
track:347, 859, 595, 175, 160
track:348, 859, 595, 175, 160
track:349, 864, 602, 167, 152
track:350, 867, 609, 159, 145
track:351, 868, 612, 159, 145
track:352, 872, 619, 151, 138
track:353, 873, 619, 151, 138
track:354, 872, 621, 151, 138
track:355, 872, 622, 151, 138
track:356, 872, 622, 151, 138
track:357, 871, 623, 151, 138
track:358, 870, 624, 151, 138
track:359, 874, 628, 144, 132
track:360, 876, 630, 137, 125
track:361, 875, 629, 137, 125
track:362, 875, 630, 137, 125
track:363, 874, 629, 137, 125
track:364, 874, 631, 137, 125
init :365, 872, 643, 133, 103
track:366, 872, 643, 133, 103
track:367, 871, 645, 133, 103
track:368, 870, 645, 133, 103
track:369, 874, 647, 127, 98
track:370, 873, 652, 127, 98
track:371, 873, 659, 127, 98
track:372, 872, 661, 127, 98
track:373, 872, 661, 127, 98
track:374, 871, 663, 127, 98
track:375, 870, 664, 127, 98
track:376, 867, 664, 127, 98
track:377, 866, 665, 127, 98
track:378, 865, 666, 127, 98
track:379, 865, 667, 127, 98
track:380, 865, 666, 127, 98
track:381, 864, 666, 127, 98
track:382, 862, 666, 127, 98
track:383, 862, 666, 127, 98
track:384, 860, 666, 127, 98
track:385, 863, 666, 121, 93
track:386, 863, 665, 121, 93
track:387, 862, 665, 121, 93
track:388, 862, 665, 121, 93
track:389, 862, 665, 121, 93
track:390, 862, 665, 121, 93
track:391, 861, 667, 121, 93
track:392, 862, 670, 121, 93
init :393, 863, 669, 115, 85
track:394, 863, 670, 115, 85
track:395, 864, 675, 115, 85
track:396, 864, 680, 115, 85
track:397, 865, 683, 115, 85
track:398, 866, 684, 115, 85
track:399, 867, 687, 115, 85
track:400, 869, 693, 115, 85
track:401, 870, 699, 115, 85
track:402, 871, 702, 115, 85
track:403, 871, 702, 115, 85
track:404, 872, 705, 115, 85
track:405, 873, 705, 115, 85
track:406, 874, 704, 115, 85
track:407, 874, 704, 115, 85
track:408, 875, 704, 115, 85
track:409, 876, 702, 115, 85
track:410, 875, 700, 115, 85
track:411, 876, 698, 115, 85
track:412, 877, 696, 115, 85
track:413, 877, 696, 115, 85
track:414, 877, 695, 115, 85
track:415, 878, 696, 115, 85
track:416, 877, 698, 115, 85
track:417, 878, 698, 115, 85
track:418, 878, 699, 115, 85
track:419, 878, 699, 115, 85
track:420, 877, 699, 115, 85
init :421, 876, 700, 110, 83
track:422, 876, 699, 110, 83
track:423, 876, 697, 110, 83
track:424, 876, 695, 110, 83
track:425, 876, 694, 110, 83
track:426, 875, 692, 110, 83
track:427, 874, 690, 110, 83
track:428, 873, 690, 110, 83
track:429, 873, 690, 110, 83
track:430, 873, 690, 110, 83
track:431, 873, 691, 110, 83
track:432, 872, 690, 110, 83
track:433, 872, 690, 110, 83
track:434, 871, 690, 110, 83
track:435, 870, 690, 110, 83
track:436, 869, 691, 110, 83
track:437, 869, 692, 110, 83
track:438, 869, 693, 110, 83
track:439, 870, 694, 110, 83
track:440, 868, 694, 115, 87
track:441, 868, 693, 115, 87
track:442, 866, 691, 121, 92
track:443, 867, 691, 121, 92
track:444, 867, 692, 121, 92
track:445, 866, 692, 121, 92
track:446, 867, 694, 121, 92
track:447, 867, 692, 121, 92
track:448, 867, 693, 121, 92
init :449, 867, 693, 115, 85
track:450, 867, 693, 115, 85
track:451, 867, 695, 115, 85
track:452, 868, 697, 115, 85
track:453, 868, 698, 115, 85
track:454, 869, 698, 115, 85
track:455, 868, 696, 121, 89
track:456, 868, 697, 121, 89
track:457, 868, 696, 121, 89
track:458, 867, 697, 121, 89
track:459, 867, 696, 121, 89
track:460, 867, 694, 121, 89
track:461, 868, 694, 121, 89
track:462, 865, 691, 127, 94
track:463, 865, 690, 127, 94
track:464, 864, 688, 127, 94
track:465, 864, 685, 127, 94
track:466, 864, 686, 127, 94
track:467, 864, 687, 127, 94
track:468, 865, 687, 127, 94
track:469, 864, 687, 127, 94
track:470, 866, 688, 127, 94
track:471, 863, 687, 133, 98
track:472, 863, 688, 133, 98
track:473, 863, 690, 133, 98
track:474, 863, 693, 133, 98
track:475, 863, 691, 140, 103
track:476, 864, 689, 140, 103
init :477, 872, 682, 138, 116
track:478, 873, 681, 138, 116
track:479, 876, 679, 138, 116
track:480, 878, 670, 138, 116
track:481, 879, 668, 138, 116
track:482, 879, 668, 138, 116
track:483, 883, 659, 138, 116
track:484, 881, 656, 145, 122
track:485, 882, 657, 145, 122
track:486, 879, 657, 152, 128
track:487, 879, 658, 152, 128
track:488, 878, 662, 152, 128
track:490, 876, 665, 152, 128
track:491, 870, 663, 160, 134
track:492, 869, 664, 160, 134
track:493, 867, 664, 160, 134
track:494, 870, 667, 152, 128
track:495, 866, 658, 152, 128
track:496, 864, 654, 152, 128
track:497, 864, 653, 152, 128
track:498, 859, 648, 160, 134
track:499, 858, 644, 160, 134
track:500, 857, 639, 160, 134
track:501, 857, 635, 160, 134
track:502, 857, 636, 160, 134
track:503, 857, 633, 160, 134
track:504, 857, 632, 160, 134
init :505, 853, 630, 156, 140
track:506, 852, 630, 156, 140
track:507, 853, 630, 156, 140
track:508, 848, 625, 164, 147
track:509, 848, 622, 164, 147
track:510, 848, 620, 164, 147
track:511, 848, 618, 164, 147
track:512, 851, 620, 156, 140
track:513, 851, 619, 156, 140
track:514, 851, 621, 156, 140
track:515, 852, 622, 156, 140
track:516, 851, 621, 156, 140
track:517, 855, 624, 149, 133
track:518, 855, 621, 149, 133
track:519, 855, 620, 149, 133
track:520, 855, 619, 149, 133
track:521, 855, 618, 149, 133
track:522, 856, 618, 149, 133
track:523, 858, 623, 141, 127
track:524, 859, 625, 141, 127
track:525, 861, 627, 141, 127
track:526, 862, 627, 141, 127
track:527, 866, 631, 135, 121
track:528, 866, 630, 135, 121
track:529, 865, 629, 135, 121
track:530, 870, 630, 128, 115
track:531, 869, 629, 128, 115
track:532, 870, 628, 128, 115
init :533, 876, 636, 129, 98
track:534, 876, 637, 129, 98
track:535, 875, 638, 129, 98
track:536, 875, 641, 129, 98
track:537, 875, 641, 129, 98
track:538, 875, 642, 129, 98
track:539, 879, 645, 123, 93
track:540, 879, 646, 123, 93
track:543, 876, 647, 123, 93
track:544, 876, 647, 123, 93
track:546, 873, 653, 123, 93
track:547, 876, 655, 117, 89
track:548, 875, 657, 117, 89
track:549, 874, 659, 117, 89
track:550, 876, 663, 111, 85
track:551, 875, 664, 111, 85
track:552, 874, 664, 111, 85
track:553, 874, 664, 111, 85
track:554, 873, 664, 111, 85
track:555, 873, 663, 111, 85
track:556, 873, 665, 111, 85
track:557, 876, 667, 106, 81
track:558, 876, 671, 106, 81
track:559, 875, 674, 106, 81
track:560, 875, 676, 106, 81
init :561, 876, 680, 96, 80
track:562, 876, 680, 96, 80
track:563, 876, 683, 96, 80
track:564, 876, 685, 96, 80
track:565, 876, 686, 96, 80
track:566, 876, 689, 96, 80
track:567, 876, 689, 96, 80
track:568, 877, 692, 96, 80
track:569, 878, 693, 96, 80
track:570, 877, 696, 96, 80
track:571, 876, 698, 96, 80
track:572, 876, 699, 96, 80
track:573, 878, 700, 96, 80
track:574, 879, 701, 96, 80
track:575, 880, 701, 96, 80
track:576, 878, 699, 96, 80
track:577, 878, 698, 96, 80
track:578, 879, 696, 96, 80
track:579, 880, 694, 96, 80
track:580, 877, 692, 101, 84
track:581, 878, 692, 101, 84
track:582, 878, 692, 101, 84
track:583, 877, 695, 101, 84
track:584, 877, 696, 101, 84
track:585, 877, 696, 101, 84
track:586, 877, 697, 101, 84
track:587, 877, 697, 101, 84
track:588, 877, 698, 101, 84
init :589, 876, 698, 106, 83
track:590, 875, 698, 106, 83
track:591, 874, 699, 106, 83
track:592, 874, 699, 106, 83
track:593, 873, 698, 106, 83
track:594, 873, 696, 106, 83
track:595, 871, 686, 111, 87
track:596, 870, 682, 111, 87
track:597, 869, 683, 111, 87
track:598, 867, 677, 117, 92
track:599, 866, 670, 117, 92
track:600, 866, 667, 117, 92
track:601, 867, 666, 117, 92
track:602, 867, 666, 117, 92
track:603, 867, 665, 117, 92
track:604, 865, 661, 117, 92
track:605, 866, 658, 117, 92
track:606, 865, 657, 117, 92
track:607, 866, 657, 117, 92
track:608, 867, 657, 117, 92
track:609, 867, 656, 117, 92
track:610, 866, 658, 117, 92
track:611, 866, 661, 117, 92
track:612, 867, 662, 117, 92
track:613, 866, 665, 117, 92
track:614, 867, 666, 117, 92
track:615, 867, 668, 117, 92
track:616, 866, 671, 117, 92
init :617, 863, 667, 129, 103
track:618, 860, 663, 135, 108
track:619, 859, 662, 135, 108
track:620, 861, 661, 135, 108
track:621, 862, 661, 135, 108
track:622, 862, 661, 135, 108
track:623, 861, 660, 135, 108
track:624, 860, 658, 135, 108
track:625, 861, 658, 135, 108
track:626, 862, 659, 135, 108
track:627, 862, 660, 135, 108
track:628, 863, 660, 135, 108
track:629, 862, 660, 135, 108
track:630, 862, 657, 135, 108
track:631, 862, 656, 135, 108
track:632, 862, 656, 135, 108
track:633, 864, 659, 135, 108
track:634, 861, 660, 142, 114
track:635, 861, 663, 142, 114
track:636, 862, 664, 142, 114
track:637, 863, 664, 142, 114
track:638, 864, 665, 142, 114
track:639, 866, 666, 142, 114
track:640, 866, 665, 142, 114
track:641, 866, 663, 142, 114
track:642, 866, 663, 142, 114
track:643, 866, 661, 142, 114
track:644, 866, 660, 142, 114
init :645, 858, 654, 152, 119
track:646, 858, 652, 152, 119
track:647, 859, 652, 152, 119
track:648, 859, 652, 152, 119
track:649, 859, 653, 152, 119
track:650, 861, 654, 152, 119
track:651, 862, 654, 152, 119
track:652, 863, 654, 152, 119
track:653, 864, 653, 152, 119
track:654, 865, 654, 152, 119
track:655, 866, 658, 152, 119
track:656, 867, 659, 152, 119
track:657, 868, 660, 152, 119
track:658, 870, 663, 152, 119
track:659, 871, 663, 152, 119
track:660, 871, 661, 152, 119
track:661, 871, 661, 152, 119
track:662, 871, 661, 152, 119
track:663, 872, 661, 152, 119
track:664, 873, 659, 152, 119
track:665, 874, 657, 152, 119
track:666, 874, 655, 152, 119
track:667, 874, 655, 152, 119
track:668, 874, 654, 152, 119
track:669, 875, 653, 152, 119
track:670, 875, 652, 152, 119
track:671, 872, 652, 152, 119
track:672, 872, 652, 152, 119
init :673, 872, 651, 143, 116
track:674, 871, 650, 143, 116
track:675, 870, 650, 143, 116
track:676, 870, 651, 143, 116
track:677, 870, 651, 143, 116
track:678, 868, 653, 143, 116
track:679, 867, 663, 143, 116
track:680, 868, 670, 143, 116
track:681, 868, 672, 143, 116
track:682, 868, 673, 143, 116
track:683, 866, 672, 143, 116
track:684, 865, 671, 143, 116
track:685, 865, 673, 143, 116
track:686, 865, 675, 143, 116
track:687, 865, 676, 143, 116
track:688, 865, 675, 143, 116
track:689, 860, 671, 150, 122
track:690, 859, 670, 150, 122
track:691, 858, 668, 150, 122
track:692, 858, 667, 150, 122
track:693, 858, 666, 150, 122
track:694, 858, 666, 150, 122
track:695, 858, 665, 150, 122
track:696, 853, 661, 158, 128
track:697, 853, 660, 158, 128
track:698, 851, 659, 158, 128
track:699, 848, 659, 158, 128
track:700, 849, 660, 158, 128
init :701, 853, 667, 152, 111
track:702, 853, 667, 152, 111
track:703, 853, 669, 152, 111
track:704, 852, 675, 152, 111
track:705, 850, 680, 152, 111
track:706, 850, 681, 152, 111
track:707, 850, 682, 152, 111
track:708, 848, 683, 152, 111
track:709, 849, 684, 152, 111
track:710, 849, 682, 152, 111
track:711, 846, 679, 160, 117
track:712, 846, 676, 160, 117
track:713, 846, 675, 160, 117
track:714, 846, 674, 160, 117
track:715, 846, 675, 160, 117
track:716, 845, 676, 160, 117
track:717, 845, 677, 160, 117
track:718, 850, 680, 152, 111
track:719, 850, 681, 152, 111
track:720, 847, 678, 160, 117
track:721, 848, 679, 160, 117
track:722, 847, 679, 160, 117
track:723, 847, 678, 160, 117
track:724, 847, 676, 160, 117
track:725, 849, 671, 160, 117
track:726, 849, 670, 160, 117
track:727, 849, 669, 160, 117
track:728, 850, 667, 160, 117
init :729, 853, 654, 152, 124
track:730, 853, 653, 152, 124
track:731, 853, 653, 152, 124
track:732, 854, 653, 152, 124
track:733, 850, 649, 160, 130
track:734, 855, 648, 152, 124
track:735, 856, 642, 152, 124
track:736, 856, 642, 152, 124
track:737, 856, 641, 152, 124
track:738, 855, 639, 152, 124
track:739, 851, 637, 160, 130
track:740, 853, 638, 160, 130
track:741, 854, 639, 160, 130
track:742, 854, 639, 160, 130
track:743, 852, 640, 160, 130
track:744, 852, 639, 160, 130
track:745, 853, 637, 160, 130
track:746, 853, 638, 160, 130
track:747, 854, 636, 160, 130
track:748, 853, 627, 160, 130
track:749, 852, 621, 160, 130
track:750, 851, 621, 160, 130
track:751, 853, 625, 152, 124
track:752, 853, 626, 152, 124
track:753, 854, 627, 152, 124
track:754, 856, 627, 152, 124
track:755, 858, 626, 152, 124
track:756, 859, 626, 152, 124
init :757, 853, 633, 161, 111
track:758, 852, 632, 161, 111
track:759, 852, 635, 161, 111
track:760, 851, 638, 161, 111
track:761, 852, 639, 161, 111
track:762, 854, 640, 161, 111
track:763, 858, 639, 161, 111
track:764, 858, 639, 161, 111
track:765, 856, 640, 161, 111
track:766, 856, 640, 161, 111
track:767, 855, 640, 161, 111
track:768, 855, 642, 161, 111
track:769, 856, 643, 161, 111
track:770, 858, 653, 161, 111
track:771, 859, 653, 161, 111
track:772, 860, 653, 161, 111
track:773, 864, 654, 153, 106
track:774, 866, 653, 153, 106
track:775, 866, 654, 153, 106
track:776, 867, 653, 153, 106
track:777, 867, 652, 153, 106
track:778, 868, 652, 153, 106
track:779, 869, 652, 153, 106
track:780, 869, 653, 153, 106
track:781, 869, 653, 153, 106
track:782, 869, 653, 153, 106
track:783, 869, 652, 153, 106
track:784, 873, 653, 146, 101
init :785, 881, 649, 138, 101
track:786, 881, 649, 138, 101
track:787, 878, 647, 145, 106
track:788, 878, 648, 145, 106
track:789, 876, 650, 145, 106
track:790, 877, 649, 145, 106
track:791, 876, 649, 145, 106
track:792, 876, 648, 145, 106
track:793, 875, 648, 145, 106
track:794, 878, 652, 138, 101
track:795, 875, 654, 145, 106
track:796, 875, 655, 145, 106
track:797, 875, 654, 145, 106
track:798, 875, 654, 145, 106
track:799, 875, 655, 145, 106
track:800, 875, 656, 145, 106
track:801, 875, 656, 145, 106
track:802, 874, 657, 145, 106
track:803, 873, 657, 145, 106
track:804, 875, 658, 145, 106
track:805, 873, 658, 145, 106
track:806, 873, 658, 145, 106
track:807, 872, 658, 145, 106
track:808, 871, 658, 145, 106
track:809, 872, 660, 145, 106
track:810, 872, 663, 145, 106
track:811, 872, 663, 145, 106
track:812, 872, 664, 145, 106
init :813, 867, 664, 138, 109
track:814, 866, 664, 138, 109
track:815, 865, 665, 138, 109
track:816, 866, 664, 138, 109
track:817, 866, 667, 138, 109
track:818, 865, 672, 138, 109
track:819, 864, 674, 138, 109
track:820, 859, 683, 145, 114
track:821, 859, 683, 145, 114
track:822, 858, 684, 145, 114
track:823, 859, 683, 145, 114
track:824, 858, 682, 145, 114
track:825, 857, 682, 145, 114
track:826, 857, 683, 145, 114
track:827, 856, 687, 145, 114
track:828, 852, 689, 152, 120
track:829, 849, 689, 160, 126
track:830, 851, 690, 160, 126
track:831, 852, 691, 160, 126
track:832, 853, 692, 160, 126
track:833, 855, 690, 160, 126
track:834, 855, 683, 160, 126
track:835, 855, 673, 160, 126
track:836, 855, 674, 160, 126
track:837, 855, 669, 160, 126
track:838, 850, 664, 168, 132
track:839, 843, 657, 176, 139
track:840, 841, 653, 176, 139
init :841, 840, 646, 180, 163
track:842, 839, 645, 180, 163
track:843, 837, 643, 180, 163
track:844, 836, 639, 180, 163
track:845, 831, 625, 180, 163
track:846, 831, 625, 180, 163
track:847, 830, 621, 180, 163
track:848, 829, 613, 180, 163
track:849, 829, 612, 180, 163
track:850, 823, 607, 189, 171
track:851, 823, 607, 189, 171
track:852, 822, 598, 198, 180
track:853, 825, 594, 198, 180
track:854, 827, 595, 198, 180
track:855, 822, 593, 208, 189
track:856, 823, 594, 208, 189
track:857, 827, 600, 198, 180
track:858, 828, 597, 198, 180
track:859, 829, 594, 198, 180
track:860, 829, 591, 198, 180
track:861, 829, 592, 198, 180
track:862, 829, 593, 198, 180
track:863, 830, 597, 198, 180
track:864, 831, 603, 198, 180
track:865, 831, 609, 198, 180
track:866, 830, 610, 198, 180
track:867, 835, 618, 189, 171
track:868, 840, 625, 180, 163
init :869, 844, 633, 170, 129
track:870, 845, 637, 170, 129
track:871, 845, 637, 170, 129
track:872, 845, 639, 170, 129
track:873, 846, 640, 170, 129
track:874, 847, 641, 170, 129
track:875, 852, 644, 162, 123
track:876, 852, 645, 162, 123
track:877, 853, 645, 162, 123
track:878, 854, 644, 162, 123
track:879, 861, 646, 154, 117
track:880, 860, 646, 154, 117
track:881, 860, 647, 154, 117
track:882, 861, 646, 154, 117
track:883, 862, 644, 154, 117
track:884, 865, 644, 154, 117
track:885, 869, 646, 147, 111
track:886, 869, 646, 147, 111
track:887, 871, 647, 147, 111
track:888, 875, 650, 140, 106
track:889, 877, 649, 140, 106
track:890, 878, 647, 140, 106
track:891, 882, 650, 133, 101
track:892, 883, 649, 133, 101
track:893, 884, 647, 133, 101
track:894, 884, 647, 133, 101
track:895, 885, 648, 133, 101
track:896, 886, 649, 133, 101
init :897, 886, 649, 129, 98
track:898, 885, 649, 129, 98
track:899, 883, 649, 129, 98
track:900, 882, 651, 129, 98
track:901, 881, 651, 129, 98
track:902, 880, 653, 129, 98
track:903, 879, 654, 129, 98
track:904, 880, 653, 129, 98
track:905, 879, 653, 129, 98
track:906, 880, 653, 129, 98
track:907, 855, 638, 129, 98
track:908, 851, 633, 135, 103
track:909, 840, 629, 135, 103
track:910, 835, 635, 135, 103
track:911, 837, 637, 135, 103
track:912, 836, 641, 135, 103
track:913, 836, 644, 135, 103
track:914, 837, 647, 135, 103
track:915, 839, 650, 135, 103
track:916, 836, 652, 135, 103
track:917, 833, 650, 142, 108
track:918, 831, 648, 149, 113
track:919, 831, 650, 149, 113
track:920, 828, 650, 149, 113
track:921, 826, 649, 157, 119
track:922, 820, 647, 157, 119
track:923, 812, 643, 165, 125
track:924, 807, 643, 165, 125
init :925, 780, 581, 300, 254
track:926, 780, 581, 300, 254
track:927, 779, 582, 300, 254
track:928, 773, 582, 300, 254
track:929, 770, 581, 300, 254
track:930, 767, 578, 300, 254
track:931, 765, 580, 300, 254
track:932, 765, 577, 300, 254
track:933, 763, 575, 300, 254
track:934, 764, 573, 300, 254
track:935, 764, 571, 300, 254
track:936, 764, 571, 300, 254
track:937, 763, 568, 300, 254
track:938, 765, 566, 300, 254
track:939, 765, 562, 300, 254
track:940, 770, 570, 286, 242
track:941, 771, 569, 286, 242
track:942, 771, 566, 286, 242
track:943, 767, 566, 286, 242
track:944, 765, 566, 286, 242
track:945, 767, 566, 286, 242
track:946, 773, 571, 272, 230
track:947, 769, 572, 272, 230
track:948, 765, 573, 272, 230
track:949, 763, 575, 272, 230
track:950, 758, 577, 272, 230
track:951, 758, 578, 272, 230
track:952, 754, 578, 272, 230
init :953, 752, 576, 360, 238
track:954, 751, 575, 360, 238
track:955, 752, 578, 360, 238
track:956, 751, 576, 360, 238
track:957, 752, 578, 360, 238
track:958, 752, 579, 360, 238
track:959, 751, 580, 360, 238
track:960, 750, 582, 360, 238
track:961, 748, 582, 360, 238
track:962, 746, 584, 360, 238
track:963, 745, 586, 360, 238
track:964, 746, 585, 360, 238
track:965, 745, 587, 360, 238
track:966, 741, 586, 360, 238
track:967, 734, 587, 360, 238
track:968, 732, 587, 360, 238
track:969, 727, 588, 360, 238
track:970, 727, 589, 360, 238
track:971, 723, 588, 360, 238
track:972, 716, 589, 360, 238
track:973, 714, 589, 360, 238
track:974, 710, 589, 360, 238
track:975, 708, 589, 360, 238
track:976, 705, 590, 360, 238
track:977, 700, 591, 360, 238
track:978, 700, 590, 360, 238
track:979, 700, 593, 360, 238
track:980, 700, 592, 360, 238
init :981, 692, 586, 470, 246
track:982, 693, 587, 470, 246
track:983, 694, 588, 470, 246
track:984, 695, 590, 470, 246
track:985, 698, 588, 470, 246
track:986, 700, 587, 470, 246
track:987, 700, 587, 470, 246
track:988, 702, 587, 470, 246
track:989, 704, 588, 470, 246
track:990, 706, 589, 470, 246
track:991, 707, 589, 470, 246
track:992, 719, 595, 448, 234
track:993, 719, 596, 448, 234
track:994, 717, 592, 448, 234
track:995, 717, 593, 448, 234
track:996, 709, 583, 470, 246
track:997, 697, 576, 493, 258
track:998, 710, 579, 470, 246
track:999, 725, 583, 448, 234
track:1000, 728, 582, 448, 234
track:1001, 739, 586, 426, 223
track:1002, 741, 584, 426, 223
track:1003, 738, 575, 448, 234
track:1004, 740, 570, 448, 234
track:1005, 743, 569, 448, 234
track:1006, 746, 568, 448, 234
track:1007, 747, 566, 448, 234
track:1008, 744, 561, 448, 234
init :1009, 761, 573, 489, 199
track:1010, 761, 573, 489, 199
track:1011, 771, 578, 466, 190
track:1012, 768, 577, 466, 190
track:1013, 761, 578, 466, 190
track:1014, 757, 578, 466, 190
track:1015, 757, 577, 466, 190
track:1016, 753, 576, 466, 190
track:1017, 751, 575, 466, 190
track:1018, 747, 576, 466, 190
track:1019, 731, 571, 489, 199
track:1020, 729, 569, 489, 199
track:1021, 731, 570, 489, 199
track:1022, 742, 574, 466, 190
track:1023, 740, 574, 466, 190
track:1024, 736, 575, 466, 190
track:1025, 738, 575, 466, 190
track:1026, 736, 575, 466, 190
track:1027, 731, 577, 466, 190
track:1028, 740, 579, 444, 180
track:1029, 736, 579, 444, 180
track:1030, 731, 580, 444, 180
track:1031, 728, 581, 444, 180
track:1032, 726, 584, 444, 180
track:1033, 722, 585, 444, 180
track:1034, 719, 586, 444, 180
track:1035, 717, 588, 444, 180
track:1036, 714, 589, 444, 180
init :1037, 743, 599, 433, 153
track:1038, 731, 596, 455, 161
track:1039, 729, 598, 455, 161
track:1040, 730, 598, 455, 161
track:1041, 740, 605, 433, 153
track:1042, 739, 606, 433, 153
track:1043, 745, 610, 412, 146
track:1044, 745, 614, 412, 146
track:1045, 745, 612, 412, 146
track:1046, 755, 618, 393, 139
track:1047, 757, 620, 393, 139
track:1048, 753, 616, 412, 146
track:1049, 757, 614, 412, 146
track:1050, 759, 613, 412, 146
track:1051, 752, 608, 433, 153
track:1052, 757, 607, 433, 153
track:1053, 772, 607, 412, 146
track:1054, 781, 610, 412, 146
track:1055, 774, 607, 433, 153
track:1056, 792, 610, 412, 146
track:1057, 796, 608, 412, 146
track:1058, 799, 611, 412, 146
track:1059, 796, 610, 412, 146
track:1060, 799, 612, 412, 146
track:1061, 797, 612, 412, 146
track:1062, 796, 611, 412, 146
track:1063, 795, 612, 412, 146
track:1064, 792, 612, 412, 146
init :1065, 793, 617, 438, 135
track:1066, 791, 617, 438, 135
track:1067, 785, 616, 438, 135
track:1068, 777, 614, 438, 135
track:1069, 759, 610, 460, 142
track:1070, 756, 607, 460, 142
track:1071, 760, 612, 438, 135
track:1072, 743, 612, 438, 135
track:1073, 729, 613, 438, 135
track:1074, 718, 613, 438, 135
track:1075, 713, 613, 438, 135
track:1076, 695, 609, 460, 142
track:1077, 688, 610, 460, 142
track:1078, 672, 609, 460, 142
track:1079, 662, 612, 460, 142
track:1080, 671, 615, 438, 135
track:1081, 666, 615, 438, 135
track:1082, 659, 615, 438, 135
track:1083, 656, 618, 438, 135
track:1084, 652, 618, 438, 135
track:1085, 653, 618, 438, 135
track:1086, 649, 618, 438, 135
track:1087, 651, 618, 438, 135
track:1088, 651, 618, 438, 135
track:1089, 648, 619, 438, 135
track:1090, 651, 618, 438, 135
track:1091, 653, 619, 438, 135
track:1092, 652, 621, 438, 135
init :1093, 673, 628, 456, 140
track:1094, 673, 628, 456, 140
track:1095, 673, 628, 456, 140
track:1096, 675, 629, 456, 140
track:1097, 679, 629, 456, 140
track:1098, 680, 631, 456, 140
track:1099, 681, 631, 456, 140
track:1100, 683, 631, 456, 140
track:1101, 672, 627, 479, 147
track:1102, 684, 629, 456, 140
track:1103, 680, 629, 456, 140
track:1104, 685, 629, 456, 140
track:1105, 683, 631, 456, 140
track:1106, 684, 631, 456, 140
track:1107, 690, 632, 456, 140
track:1108, 687, 634, 456, 140
track:1109, 678, 635, 456, 140
track:1110, 680, 636, 456, 140
track:1111, 674, 637, 456, 140
track:1112, 657, 632, 479, 147
track:1113, 665, 636, 456, 140
track:1114, 664, 636, 456, 140
track:1115, 663, 636, 456, 140
track:1116, 658, 637, 456, 140
track:1117, 649, 638, 456, 140
track:1118, 678, 641, 434, 133
track:1119, 676, 644, 434, 133
track:1120, 677, 645, 414, 127
init :1121, 701, 628, 401, 184
track:1122, 701, 628, 401, 184
track:1123, 697, 627, 401, 184
track:1124, 693, 627, 401, 184
track:1125, 693, 626, 401, 184
track:1126, 697, 626, 401, 184
track:1127, 699, 627, 401, 184
track:1128, 699, 628, 401, 184
track:1129, 706, 626, 401, 184
track:1130, 703, 626, 401, 184
track:1131, 705, 629, 401, 184
track:1132, 712, 629, 382, 175
track:1133, 718, 630, 382, 175
track:1134, 701, 625, 401, 184
track:1135, 697, 623, 401, 184
track:1136, 694, 625, 401, 184
track:1137, 697, 622, 401, 184
track:1138, 687, 617, 401, 184
track:1139, 678, 611, 401, 184
track:1140, 678, 611, 401, 184
track:1141, 686, 617, 382, 175
track:1142, 680, 614, 382, 175
track:1143, 670, 626, 382, 175
track:1144, 641, 629, 401, 184
track:1145, 651, 640, 382, 175
track:1146, 657, 643, 382, 175
track:1147, 660, 648, 364, 167
track:1148, 663, 651, 364, 167
init :1149, 798, 633, 193, 179
track:1150, 798, 633, 193, 179
track:1151, 796, 633, 193, 179
track:1152, 792, 634, 193, 179
track:1153, 788, 636, 193, 179
track:1154, 785, 636, 193, 179
track:1155, 786, 637, 193, 179
track:1156, 783, 639, 193, 179
track:1157, 785, 640, 193, 179
track:1158, 786, 639, 193, 179
track:1159, 788, 637, 193, 179
track:1160, 785, 637, 193, 179
track:1161, 791, 635, 193, 179
track:1162, 794, 640, 184, 170
track:1163, 791, 641, 184, 170
track:1164, 783, 642, 184, 170
track:1165, 790, 642, 184, 170
track:1166, 789, 643, 184, 170
track:1167, 784, 644, 184, 170
track:1168, 788, 649, 175, 162
track:1169, 776, 650, 175, 162
track:1170, 771, 650, 175, 162
track:1171, 768, 643, 184, 170
track:1172, 754, 641, 184, 170
track:1173, 748, 643, 184, 170
track:1174, 748, 639, 184, 170
track:1175, 753, 644, 175, 162
track:1176, 746, 643, 175, 162
init :1177, 761, 638, 369, 155
track:1178, 772, 641, 351, 148
track:1179, 768, 636, 369, 155
track:1180, 767, 635, 369, 155
track:1181, 770, 634, 369, 155
track:1182, 763, 628, 387, 163
track:1183, 777, 632, 369, 155
track:1184, 775, 630, 369, 155
track:1185, 786, 634, 351, 148
track:1186, 787, 632, 351, 148
track:1187, 790, 630, 351, 148
track:1188, 789, 629, 351, 148
track:1189, 788, 626, 351, 148
track:1190, 786, 623, 369, 155
track:1191, 787, 624, 369, 155
track:1192, 783, 623, 369, 155
track:1193, 778, 619, 369, 155
track:1194, 780, 618, 369, 155
track:1195, 778, 617, 369, 155
track:1196, 782, 618, 369, 155
track:1197, 772, 612, 369, 155
track:1198, 781, 616, 351, 148
track:1199, 775, 616, 351, 148
track:1200, 776, 615, 351, 148
track:1201, 783, 614, 351, 148
track:1202, 794, 614, 351, 148
track:1203, 793, 612, 351, 148
track:1204, 797, 615, 335, 141
init :1205, 816, 630, 355, 106
track:1206, 819, 630, 355, 106
track:1207, 823, 629, 355, 106
track:1208, 826, 628, 355, 106
track:1209, 828, 628, 355, 106
track:1210, 841, 631, 338, 101
track:1211, 848, 633, 338, 101
track:1212, 858, 637, 322, 96
track:1213, 868, 642, 307, 92
track:1214, 860, 640, 322, 96
track:1215, 858, 641, 322, 96
track:1216, 853, 639, 338, 101
track:1217, 860, 642, 322, 96
track:1218, 857, 643, 322, 96
track:1219, 859, 644, 322, 96
track:1220, 858, 645, 322, 96
track:1221, 858, 646, 322, 96
track:1222, 856, 647, 322, 96
track:1223, 863, 650, 307, 92
track:1224, 863, 649, 307, 92
track:1225, 865, 649, 307, 92
track:1226, 875, 651, 292, 87
track:1227, 868, 650, 307, 92
track:1228, 874, 653, 292, 87
track:1229, 872, 652, 292, 87
track:1230, 874, 653, 292, 87
track:1231, 874, 652, 292, 87
track:1232, 871, 656, 278, 83
init :1233, 913, 662, 253, 98
track:1234, 913, 662, 253, 98
track:1235, 912, 662, 253, 98
track:1236, 915, 665, 241, 93
track:1237, 911, 665, 241, 93
track:1238, 913, 667, 229, 89
track:1239, 912, 667, 229, 89
track:1240, 919, 668, 219, 85
track:1241, 918, 668, 219, 85
track:1242, 914, 668, 219, 85
track:1243, 913, 669, 219, 85
track:1244, 918, 668, 219, 85
track:1245, 912, 669, 219, 85
track:1246, 917, 671, 208, 81
track:1247, 911, 674, 208, 81
track:1248, 910, 675, 208, 81
track:1249, 916, 678, 198, 77
track:1250, 907, 679, 198, 77
track:1251, 900, 677, 208, 81
track:1252, 874, 669, 219, 85
track:1253, 865, 667, 219, 85
track:1254, 856, 664, 229, 89
track:1255, 848, 660, 241, 93
track:1256, 841, 658, 241, 93
track:1257, 836, 659, 241, 93
track:1258, 821, 654, 253, 98
track:1259, 819, 650, 253, 98
track:1260, 823, 648, 241, 93
init :1261, 793, 589, 73, 51
track:1262, 820, 590, 73, 51
track:1263, 846, 588, 77, 54
track:1264, 847, 588, 77, 54
track:1265, 861, 589, 77, 54
track:1266, 894, 589, 77, 54
track:1267, 918, 589, 77, 54
track:1268, 917, 583, 73, 51
track:1269, 919, 584, 70, 49
track:1270, 940, 586, 70, 49
track:1271, 954, 584, 66, 46
track:1272, 969, 582, 66, 46
track:1273, 971, 587, 66, 46
track:1274, 949, 582, 66, 46
track:1275, 942, 589, 66, 46
track:1276, 950, 593, 66, 46
track:1277, 954, 592, 70, 49
track:1278, 963, 587, 70, 49
track:1279, 962, 588, 70, 49
track:1280, 977, 588, 70, 49
track:1281, 988, 589, 73, 51
track:1282, 965, 588, 77, 54
track:1283, 963, 588, 77, 54
track:1284, 960, 588, 80, 56
track:1285, 951, 586, 85, 59
track:1286, 931, 586, 85, 59
track:1287, 924, 587, 85, 59
track:1288, 930, 589, 80, 56
init :1289, 872, 659, 143, 72
track:1290, 871, 659, 143, 72
track:1291, 870, 660, 143, 72
track:1292, 868, 660, 143, 72
track:1293, 867, 660, 143, 72
track:1294, 865, 660, 143, 72
track:1295, 865, 660, 143, 72
track:1296, 864, 659, 143, 72
track:1297, 865, 659, 143, 72
track:1298, 864, 659, 143, 72
track:1299, 864, 659, 143, 72
track:1300, 866, 661, 136, 69
track:1301, 865, 661, 136, 69
track:1302, 865, 661, 136, 69
track:1303, 866, 663, 130, 65
track:1304, 866, 663, 130, 65
track:1305, 867, 662, 130, 65
track:1306, 867, 662, 130, 65
track:1307, 868, 663, 130, 65
track:1308, 867, 664, 130, 65
track:1309, 866, 665, 130, 65
track:1310, 867, 665, 130, 65
track:1311, 869, 665, 130, 65
track:1312, 868, 666, 130, 65
track:1313, 868, 666, 130, 65
track:1314, 868, 665, 130, 65
track:1315, 863, 665, 136, 69
track:1316, 863, 665, 136, 69
init :1317, 863, 669, 166, 54
track:1318, 861, 669, 166, 54
track:1319, 862, 669, 166, 54
track:1320, 866, 671, 158, 51
track:1321, 864, 670, 158, 51
track:1322, 862, 670, 166, 54
track:1323, 859, 669, 174, 57
track:1324, 860, 670, 174, 57
track:1325, 861, 670, 174, 57
track:1326, 862, 672, 174, 57
track:1327, 864, 673, 174, 57
track:1328, 861, 672, 183, 60
track:1329, 862, 673, 183, 60
track:1330, 859, 673, 183, 60
track:1331, 860, 674, 183, 60
track:1332, 859, 674, 183, 60
track:1333, 854, 674, 183, 60
track:1334, 852, 674, 183, 60
track:1335, 854, 675, 174, 57
track:1336, 849, 675, 174, 57
track:1337, 842, 674, 183, 60
track:1338, 838, 674, 183, 60
track:1339, 838, 674, 183, 60
track:1340, 837, 674, 183, 60
track:1341, 836, 675, 183, 60
track:1342, 835, 675, 183, 60
track:1343, 835, 675, 183, 60
track:1344, 834, 676, 183, 60
init :1345, 849, 680, 170, 49
track:1346, 849, 680, 170, 49
track:1347, 849, 680, 170, 49
track:1348, 848, 681, 170, 49
track:1349, 849, 681, 170, 49
track:1350, 848, 681, 170, 49
track:1351, 847, 682, 170, 49
track:1352, 845, 682, 170, 49
track:1353, 844, 682, 170, 49
track:1354, 843, 682, 170, 49
track:1355, 844, 683, 170, 49
track:1356, 844, 683, 170, 49
track:1357, 845, 684, 170, 49
track:1358, 846, 684, 170, 49
track:1359, 846, 683, 170, 49
track:1360, 846, 684, 170, 49
track:1361, 845, 684, 170, 49
track:1362, 842, 684, 178, 51
track:1363, 843, 686, 178, 51
track:1364, 842, 686, 178, 51
track:1365, 842, 686, 178, 51
track:1366, 846, 687, 170, 49
track:1367, 846, 686, 170, 49
track:1368, 842, 686, 178, 51
track:1369, 840, 687, 178, 51
track:1370, 839, 687, 178, 51
track:1371, 842, 689, 170, 49
track:1372, 841, 690, 170, 49
init :1373, 840, 690, 184, 59
track:1374, 840, 690, 184, 59
track:1375, 839, 690, 184, 59
track:1376, 837, 689, 184, 59
track:1377, 836, 689, 184, 59
track:1378, 834, 690, 184, 59
track:1379, 832, 690, 184, 59
track:1380, 828, 690, 184, 59
track:1381, 819, 690, 193, 62
track:1382, 816, 692, 193, 62
track:1383, 808, 691, 203, 65
track:1384, 813, 693, 193, 62
track:1385, 817, 695, 184, 59
track:1386, 816, 696, 184, 59
track:1387, 817, 697, 184, 59
track:1388, 819, 698, 184, 59
track:1389, 820, 698, 184, 59
track:1390, 826, 700, 175, 56
track:1391, 827, 700, 184, 59
track:1392, 830, 701, 184, 59
track:1393, 835, 702, 184, 59
track:1394, 836, 703, 184, 59
track:1395, 838, 704, 184, 59
track:1396, 839, 704, 184, 59
track:1397, 835, 704, 193, 62
track:1398, 839, 707, 184, 59
track:1399, 839, 707, 184, 59
track:1400, 834, 708, 184, 59
init :1401, 821, 711, 203, 64
track:1402, 811, 709, 213, 67
track:1403, 808, 710, 213, 67
track:1404, 806, 710, 213, 67
track:1405, 801, 711, 213, 67
track:1406, 800, 711, 213, 67
track:1407, 798, 712, 213, 67
track:1408, 794, 712, 213, 67
track:1409, 793, 712, 213, 67
track:1410, 793, 713, 213, 67
track:1411, 788, 712, 224, 71
track:1412, 789, 712, 224, 71
track:1413, 790, 713, 224, 71
track:1414, 790, 713, 224, 71
track:1415, 790, 713, 224, 71
track:1416, 796, 716, 213, 67
track:1417, 795, 717, 213, 67
track:1418, 793, 717, 213, 67
track:1419, 794, 717, 213, 67
track:1420, 792, 718, 213, 67
track:1421, 791, 719, 213, 67
track:1422, 784, 719, 224, 71
track:1423, 785, 719, 224, 71
track:1424, 784, 719, 224, 71
track:1425, 786, 720, 224, 71
track:1426, 784, 721, 224, 71
track:1427, 785, 721, 224, 71
track:1428, 786, 722, 224, 71
init :1429, 789, 719, 249, 90
track:1430, 788, 719, 249, 90
track:1431, 786, 720, 249, 90
track:1432, 785, 721, 249, 90
track:1433, 785, 721, 249, 90
track:1434, 785, 723, 249, 90
track:1435, 784, 724, 249, 90
track:1436, 786, 726, 249, 90
track:1437, 785, 728, 237, 86
track:1438, 784, 729, 237, 86
track:1439, 788, 730, 226, 82
track:1440, 782, 729, 237, 86
track:1441, 777, 731, 237, 86
track:1442, 775, 732, 237, 86
track:1443, 764, 730, 249, 90
track:1444, 765, 729, 249, 90
track:1445, 755, 728, 261, 94
track:1446, 753, 730, 249, 90
track:1447, 750, 729, 249, 90
track:1448, 749, 727, 249, 90
track:1449, 750, 728, 249, 90
track:1450, 744, 724, 261, 94
track:1451, 746, 724, 261, 94
track:1452, 750, 723, 261, 94
track:1453, 754, 722, 261, 94
track:1454, 754, 722, 261, 94
track:1455, 761, 724, 261, 94
track:1456, 772, 724, 249, 90
init :1457, 807, 711, 226, 140
track:1458, 810, 711, 226, 140
track:1459, 810, 712, 226, 140
track:1460, 813, 712, 226, 140
track:1461, 816, 712, 226, 140
track:1462, 819, 714, 226, 140
track:1463, 824, 718, 215, 133
track:1464, 824, 718, 215, 133
track:1465, 827, 717, 215, 133
track:1466, 827, 719, 215, 133
track:1467, 823, 719, 215, 133
track:1468, 822, 718, 215, 133
track:1469, 821, 718, 215, 133
track:1470, 813, 715, 226, 140
track:1471, 804, 712, 226, 140
track:1472, 790, 703, 226, 140
track:1473, 790, 702, 226, 140
track:1474, 788, 700, 226, 140
track:1475, 788, 697, 226, 140
track:1476, 782, 697, 226, 140
track:1477, 774, 688, 237, 147
track:1478, 772, 687, 237, 147
track:1479, 770, 684, 237, 147
track:1480, 769, 681, 237, 147
track:1481, 781, 683, 226, 140
track:1482, 782, 681, 226, 140
track:1483, 775, 676, 237, 147
track:1484, 780, 677, 237, 147
init :1485, 853, 659, 226, 166
track:1486, 860, 658, 226, 166
track:1487, 866, 657, 226, 166
track:1488, 867, 657, 226, 166
track:1489, 870, 656, 226, 166
track:1490, 871, 654, 226, 166
track:1491, 873, 654, 226, 166
track:1492, 872, 651, 226, 166
track:1493, 874, 650, 226, 166
track:1494, 873, 647, 226, 166
track:1495, 874, 646, 215, 158
track:1496, 868, 643, 215, 158
track:1497, 865, 644, 205, 151
track:1498, 869, 647, 195, 143
track:1499, 862, 644, 195, 143
track:1500, 854, 640, 195, 143
track:1501, 846, 636, 195, 143
track:1502, 837, 632, 195, 143
track:1503, 840, 632, 195, 143
track:1504, 843, 627, 195, 143
track:1505, 835, 624, 195, 143
track:1506, 835, 620, 195, 143
track:1507, 837, 620, 186, 137
track:1508, 833, 620, 186, 137
track:1509, 838, 622, 177, 130
track:1510, 836, 618, 177, 130
track:1511, 834, 614, 177, 130
track:1512, 801, 609, 177, 130
init :1513, 821, 620, 304, 116
track:1514, 806, 620, 304, 116
track:1515, 783, 620, 304, 116
track:1516, 766, 622, 290, 110
track:1517, 732, 620, 304, 116
track:1518, 741, 623, 290, 110
track:1519, 714, 623, 290, 110
track:1520, 690, 623, 290, 110
track:1521, 671, 624, 290, 110
track:1522, 659, 625, 290, 110
track:1523, 657, 624, 290, 110
track:1524, 651, 627, 290, 110
track:1525, 646, 626, 290, 110
track:1526, 657, 628, 276, 105
track:1527, 666, 630, 263, 100
track:1528, 666, 629, 263, 100
track:1529, 697, 631, 250, 95
track:1530, 718, 630, 250, 95
track:1531, 745, 630, 250, 95
track:1532, 769, 629, 250, 95
track:1533, 775, 632, 238, 91
track:1534, 800, 631, 238, 91
track:1535, 826, 631, 238, 91
track:1536, 848, 632, 238, 91
track:1537, 862, 630, 250, 95
track:1538, 862, 631, 250, 95
track:1539, 874, 633, 238, 91
track:1540, 888, 634, 227, 87
init :1541, 909, 643, 230, 75
track:1542, 909, 643, 230, 75
track:1543, 909, 643, 230, 75
track:1544, 909, 644, 230, 75
track:1545, 905, 645, 230, 75
track:1546, 901, 646, 230, 75
track:1547, 893, 648, 230, 75
track:1548, 891, 650, 230, 75
track:1549, 890, 653, 219, 71
track:1550, 876, 655, 219, 71
track:1551, 872, 656, 219, 71
track:1552, 867, 657, 219, 71
track:1553, 872, 660, 209, 68
track:1554, 868, 661, 209, 68
track:1555, 867, 662, 209, 68
track:1556, 867, 663, 209, 68
track:1557, 875, 665, 199, 65
track:1558, 874, 666, 199, 65
track:1559, 880, 667, 189, 62
track:1560, 888, 670, 180, 59
track:1561, 894, 671, 172, 56
track:1562, 901, 672, 163, 53
track:1563, 905, 673, 156, 51
track:1564, 906, 674, 156, 51
track:1565, 907, 673, 156, 51
track:1566, 907, 674, 156, 51
track:1567, 906, 675, 156, 51
track:1568, 908, 676, 148, 48
init :1569, 913, 669, 170, 75
track:1570, 911, 669, 170, 75
track:1571, 909, 670, 170, 75
track:1572, 911, 672, 162, 71
track:1573, 913, 675, 154, 68
track:1574, 911, 676, 154, 68
track:1575, 907, 675, 154, 68
track:1576, 904, 675, 154, 68
track:1577, 901, 675, 154, 68
track:1578, 899, 676, 154, 68
track:1579, 897, 676, 154, 68
track:1580, 898, 678, 147, 65
track:1581, 893, 678, 147, 65
track:1582, 891, 678, 147, 65
track:1583, 894, 680, 140, 62
track:1584, 897, 682, 133, 59
track:1585, 894, 681, 133, 59
track:1586, 891, 682, 133, 59
track:1587, 894, 683, 127, 56
track:1588, 894, 684, 127, 56
track:1589, 897, 685, 121, 53
track:1590, 897, 685, 121, 53
track:1591, 899, 686, 121, 53
track:1592, 898, 686, 121, 53
track:1593, 896, 686, 121, 53
track:1594, 896, 687, 121, 53
track:1595, 894, 687, 127, 56
track:1596, 882, 687, 133, 59
init :1599, 913, 680, 101, 72
track:1600, 912, 680, 101, 72
track:1601, 911, 680, 101, 72
track:1602, 910, 680, 101, 72
track:1603, 909, 679, 101, 72
track:1604, 905, 679, 101, 72
track:1605, 906, 681, 96, 69
track:1606, 903, 681, 96, 69
track:1607, 901, 682, 96, 69
track:1608, 900, 682, 96, 69
elapseTime: 17.152
