init :7, 821, 630, 235, 197
track:8, 821, 630, 235, 197
track:9, 822, 630, 235, 197
track:10, 821, 631, 235, 197
track:11, 823, 630, 235, 197
track:12, 823, 630, 235, 197
track:13, 824, 630, 235, 197
track:14, 824, 630, 235, 197
track:15, 824, 630, 235, 197
track:16, 825, 630, 235, 197
track:17, 826, 630, 235, 197
track:18, 825, 630, 235, 197
track:19, 825, 629, 235, 197
track:20, 821, 626, 247, 207
track:21, 820, 626, 247, 207
track:22, 827, 631, 235, 197
track:23, 828, 631, 235, 197
track:24, 827, 631, 235, 197
track:25, 828, 630, 235, 197
track:26, 829, 631, 235, 197
track:27, 829, 631, 235, 197
track:28, 829, 631, 235, 197
track:29, 829, 630, 235, 197
track:30, 829, 630, 235, 197
track:31, 830, 629, 235, 197
track:32, 831, 631, 235, 197
track:33, 829, 630, 235, 197
track:34, 830, 631, 235, 197
track:35, 830, 630, 235, 197
track:36, 830, 631, 235, 197
track:37, 829, 630, 235, 197
track:38, 831, 630, 235, 197
track:39, 830, 630, 235, 197
track:40, 830, 630, 235, 197
track:41, 831, 629, 235, 197
track:42, 830, 631, 235, 197
track:43, 831, 630, 235, 197
track:44, 830, 631, 235, 197
track:45, 832, 630, 235, 197
track:46, 830, 631, 235, 197
track:48, 832, 630, 235, 197
track:49, 830, 630, 235, 197
track:50, 831, 629, 235, 197
track:51, 832, 629, 235, 197
track:52, 831, 628, 235, 197
track:53, 832, 629, 235, 197
track:54, 831, 629, 235, 197
track:55, 832, 629, 235, 197
track:56, 831, 629, 235, 197
track:57, 831, 628, 235, 197
track:58, 831, 629, 235, 197
track:59, 830, 628, 235, 197
track:60, 832, 628, 235, 197
track:61, 831, 630, 235, 197
track:62, 830, 629, 235, 197
track:63, 829, 629, 235, 197
track:64, 830, 629, 235, 197
track:65, 829, 629, 235, 197
track:66, 828, 629, 235, 197
track:67, 829, 628, 235, 197
track:68, 829, 629, 235, 197
track:69, 828, 629, 235, 197
track:70, 829, 628, 235, 197
track:71, 829, 629, 235, 197
track:72, 828, 629, 235, 197
track:73, 828, 629, 235, 197
init :74, 826, 630, 235, 197
track:75, 826, 630, 235, 197
track:76, 825, 631, 235, 197
track:77, 826, 631, 235, 197
track:78, 824, 631, 235, 197
track:79, 825, 631, 235, 197
track:80, 826, 631, 235, 197
track:81, 824, 631, 235, 197
track:82, 825, 630, 235, 197
track:83, 826, 631, 235, 197
track:84, 825, 631, 235, 197
track:85, 825, 631, 235, 197
track:86, 825, 632, 235, 197
track:87, 825, 631, 235, 197
track:88, 825, 632, 235, 197
track:89, 825, 631, 235, 197
track:90, 825, 632, 235, 197
track:91, 827, 630, 235, 197
track:92, 826, 631, 235, 197
track:93, 825, 631, 235, 197
track:94, 827, 631, 235, 197
track:95, 827, 630, 235, 197
track:96, 826, 631, 235, 197
track:97, 827, 630, 235, 197
track:98, 829, 630, 235, 197
track:99, 829, 631, 235, 197
track:100, 827, 630, 235, 197
track:101, 828, 630, 235, 197
track:102, 830, 629, 235, 197
track:103, 830, 628, 235, 197
track:104, 831, 628, 235, 197
track:105, 831, 627, 235, 197
track:106, 831, 626, 235, 197
track:107, 834, 625, 235, 197
track:108, 834, 623, 235, 197
track:109, 833, 622, 235, 197
track:110, 833, 621, 235, 197
track:111, 833, 620, 235, 197
track:112, 833, 619, 235, 197
track:113, 835, 616, 235, 197
track:114, 835, 616, 235, 197
track:115, 835, 613, 235, 197
track:116, 836, 612, 235, 197
track:117, 837, 610, 235, 197
track:120, 839, 607, 235, 197
track:121, 840, 604, 235, 197
track:122, 841, 601, 235, 197
track:123, 847, 605, 224, 188
track:124, 846, 606, 224, 188
track:125, 844, 604, 224, 188
track:126, 842, 599, 224, 188
track:127, 840, 599, 224, 188
track:128, 840, 599, 224, 188
track:129, 838, 599, 224, 188
track:130, 838, 601, 224, 188
track:131, 840, 602, 224, 188
track:132, 843, 604, 224, 188
track:133, 844, 606, 224, 188
track:134, 845, 607, 224, 188
track:135, 844, 607, 224, 188
track:136, 850, 613, 213, 179
track:137, 851, 614, 213, 179
track:138, 852, 616, 213, 179
track:139, 853, 615, 213, 179
track:140, 854, 614, 213, 179
track:141, 857, 618, 203, 170
track:142, 855, 619, 203, 170
track:143, 855, 620, 203, 170
track:144, 855, 619, 203, 170
track:145, 851, 622, 203, 170
track:146, 850, 624, 203, 170
init :147, 858, 623, 180, 155
track:148, 859, 626, 180, 155
track:149, 860, 625, 180, 155
track:150, 859, 629, 180, 155
track:151, 859, 633, 180, 155
track:152, 861, 635, 180, 155
track:153, 860, 638, 180, 155
track:154, 860, 637, 180, 155
track:155, 860, 640, 180, 155
track:156, 861, 641, 180, 155
track:157, 861, 642, 180, 155
track:158, 862, 643, 180, 155
track:159, 862, 644, 180, 155
track:160, 861, 644, 180, 155
track:161, 860, 644, 180, 155
track:162, 861, 646, 171, 148
track:163, 866, 650, 163, 141
track:164, 865, 650, 163, 141
track:165, 864, 652, 163, 141
track:166, 861, 649, 171, 148
track:167, 865, 653, 163, 141
track:168, 865, 652, 163, 141
track:169, 865, 652, 163, 141
track:170, 862, 647, 171, 148
track:171, 863, 646, 171, 148
track:172, 864, 645, 171, 148
track:173, 863, 646, 171, 148
track:174, 863, 645, 171, 148
track:175, 862, 646, 171, 148
track:176, 859, 646, 171, 148
track:177, 855, 642, 180, 155
track:178, 855, 643, 180, 155
track:179, 856, 643, 180, 155
track:180, 857, 645, 180, 155
track:181, 857, 645, 180, 155
track:182, 858, 648, 180, 155
track:183, 859, 651, 180, 155
track:184, 861, 652, 180, 155
track:185, 863, 653, 180, 155
track:186, 861, 651, 180, 155
track:187, 858, 647, 180, 155
track:188, 853, 643, 180, 155
track:189, 853, 642, 180, 155
track:190, 850, 641, 180, 155
track:191, 849, 638, 180, 155
track:192, 849, 635, 180, 155
track:193, 849, 631, 180, 155
track:194, 849, 631, 180, 155
track:195, 851, 630, 180, 155
track:196, 854, 630, 180, 155
track:197, 853, 627, 180, 155
track:198, 850, 627, 180, 155
track:199, 849, 627, 180, 155
track:200, 847, 630, 180, 155
track:201, 844, 631, 180, 155
track:202, 848, 631, 171, 148
track:203, 848, 629, 171, 148
track:204, 849, 629, 171, 148
track:205, 849, 627, 171, 148
track:206, 850, 625, 171, 148
track:207, 848, 623, 171, 148
track:208, 848, 624, 171, 148
track:209, 846, 622, 171, 148
track:210, 845, 619, 171, 148
track:211, 848, 620, 163, 141
track:212, 847, 617, 163, 141
track:213, 847, 617, 163, 141
track:214, 849, 616, 163, 141
track:215, 848, 615, 163, 141
track:216, 849, 614, 163, 141
track:217, 847, 616, 163, 141
track:218, 848, 616, 163, 141
track:219, 848, 616, 163, 141
init :220, 849, 633, 143, 122
track:221, 849, 634, 143, 122
track:222, 848, 636, 143, 122
track:223, 847, 637, 143, 122
track:224, 848, 639, 143, 122
track:225, 848, 641, 143, 122
track:226, 848, 642, 143, 122
track:227, 849, 643, 143, 122
track:228, 848, 643, 143, 122
track:229, 849, 644, 143, 122
track:230, 848, 645, 143, 122
track:231, 849, 644, 143, 122
track:232, 848, 641, 143, 122
track:233, 848, 640, 143, 122
track:234, 847, 639, 143, 122
track:235, 850, 641, 136, 116
track:236, 852, 639, 136, 116
track:237, 852, 641, 136, 116
track:238, 852, 641, 136, 116
track:239, 854, 643, 136, 116
track:240, 858, 647, 130, 111
track:241, 858, 649, 130, 111
track:242, 859, 648, 130, 111
track:243, 859, 648, 130, 111
track:244, 859, 648, 130, 111
track:245, 859, 649, 130, 111
track:246, 859, 649, 130, 111
track:247, 860, 649, 130, 111
track:248, 859, 649, 130, 111
track:249, 859, 650, 130, 111
track:250, 859, 651, 130, 111
track:251, 860, 653, 130, 111
track:252, 864, 657, 124, 105
track:253, 864, 658, 124, 105
track:254, 864, 660, 124, 105
track:255, 865, 664, 124, 105
track:256, 866, 664, 124, 105
track:257, 866, 668, 124, 105
track:258, 866, 668, 124, 105
track:259, 867, 669, 124, 105
track:260, 867, 672, 124, 105
track:261, 867, 672, 124, 105
track:262, 867, 673, 124, 105
track:263, 866, 673, 124, 105
track:264, 866, 675, 124, 105
track:265, 866, 677, 124, 105
track:266, 867, 678, 124, 105
track:267, 867, 680, 124, 105
track:268, 867, 681, 124, 105
track:269, 867, 681, 124, 105
track:270, 867, 683, 124, 105
track:271, 868, 687, 124, 105
track:272, 868, 690, 124, 105
track:273, 869, 690, 124, 105
track:274, 868, 692, 124, 105
track:275, 868, 694, 124, 105
track:276, 870, 697, 124, 105
track:277, 870, 700, 124, 105
track:278, 868, 699, 130, 111
track:279, 869, 698, 130, 111
track:280, 870, 696, 130, 111
track:281, 870, 695, 130, 111
track:282, 869, 694, 136, 116
track:283, 870, 694, 136, 116
track:284, 871, 697, 136, 116
track:285, 873, 698, 136, 116
track:286, 871, 695, 143, 122
track:287, 869, 690, 150, 128
track:288, 869, 689, 150, 128
track:289, 866, 683, 158, 135
track:290, 862, 677, 166, 141
track:291, 861, 669, 166, 141
track:292, 858, 660, 174, 148
init :293, 867, 654, 170, 163
track:294, 867, 653, 170, 163
track:295, 866, 648, 178, 171
track:296, 863, 643, 187, 180
track:297, 862, 645, 187, 180
track:298, 862, 645, 187, 180
track:299, 860, 645, 187, 180
track:300, 858, 648, 187, 180
track:301, 853, 647, 197, 189
track:302, 846, 646, 207, 198
track:303, 840, 643, 217, 208
track:304, 837, 648, 217, 208
track:305, 837, 649, 217, 208
track:306, 835, 648, 217, 208
track:307, 829, 640, 228, 218
track:308, 832, 639, 228, 218
track:309, 830, 637, 228, 218
track:310, 829, 631, 228, 218
track:311, 828, 616, 228, 218
track:312, 826, 605, 228, 218
track:313, 828, 604, 228, 218
track:314, 825, 594, 239, 229
track:315, 823, 584, 239, 229
track:316, 822, 575, 239, 229
track:317, 828, 572, 228, 218
track:318, 831, 571, 228, 218
track:319, 833, 570, 228, 218
track:320, 844, 567, 217, 208
track:321, 845, 560, 217, 208
track:322, 847, 558, 217, 208
track:323, 847, 559, 217, 208
track:324, 851, 566, 207, 198
track:325, 856, 569, 197, 189
track:326, 855, 560, 197, 189
track:327, 854, 560, 197, 189
track:328, 853, 561, 197, 189
track:329, 849, 569, 197, 189
track:330, 848, 575, 197, 189
track:331, 847, 576, 197, 189
track:332, 844, 581, 197, 189
track:333, 845, 583, 197, 189
track:334, 843, 584, 197, 189
track:335, 845, 585, 197, 189
track:336, 843, 588, 197, 189
track:337, 843, 589, 197, 189
track:338, 845, 589, 197, 189
track:339, 848, 589, 187, 180
track:340, 854, 592, 178, 171
track:341, 854, 591, 178, 171
track:342, 855, 590, 178, 171
track:343, 854, 590, 178, 171
track:344, 854, 589, 178, 171
track:345, 859, 589, 170, 163
track:346, 859, 590, 170, 163
track:347, 864, 595, 162, 155
track:348, 863, 597, 162, 155
track:349, 864, 599, 162, 155
track:350, 864, 603, 162, 155
track:351, 865, 607, 162, 155
track:352, 869, 613, 154, 148
track:353, 873, 617, 147, 141
track:354, 872, 619, 147, 141
track:355, 873, 620, 147, 141
track:356, 872, 620, 147, 141
track:357, 871, 622, 147, 141
track:358, 870, 621, 147, 141
track:359, 870, 622, 147, 141
track:360, 874, 625, 140, 134
track:361, 871, 624, 140, 134
track:362, 871, 624, 140, 134
track:363, 871, 624, 140, 134
track:364, 871, 625, 140, 134
track:365, 874, 629, 133, 128
init :366, 876, 643, 129, 98
track:367, 876, 644, 129, 98
track:368, 875, 645, 129, 98
track:369, 872, 643, 135, 103
track:370, 871, 649, 135, 103
track:371, 870, 654, 135, 103
track:372, 870, 658, 135, 103
track:373, 870, 658, 135, 103
track:374, 870, 660, 135, 103
track:375, 868, 660, 135, 103
track:376, 866, 661, 135, 103
track:377, 865, 662, 135, 103
track:378, 864, 662, 135, 103
track:379, 863, 663, 135, 103
track:380, 863, 663, 135, 103
track:381, 864, 663, 135, 103
track:382, 861, 662, 135, 103
track:383, 862, 663, 135, 103
track:384, 862, 664, 129, 98
track:385, 862, 662, 129, 98
track:386, 863, 662, 129, 98
track:387, 861, 662, 129, 98
track:388, 862, 662, 129, 98
track:389, 862, 662, 129, 98
track:390, 863, 664, 123, 93
track:391, 864, 666, 123, 93
track:392, 864, 668, 123, 93
track:393, 863, 669, 123, 93
track:394, 864, 669, 123, 93
track:395, 865, 675, 123, 93
track:396, 865, 678, 123, 93
track:397, 867, 683, 123, 93
track:398, 867, 683, 123, 93
track:399, 869, 687, 123, 93
track:400, 869, 691, 123, 93
track:401, 871, 697, 123, 93
track:402, 872, 700, 123, 93
track:403, 872, 702, 123, 93
track:404, 873, 702, 123, 93
track:405, 874, 703, 123, 93
track:406, 874, 703, 123, 93
track:407, 875, 703, 123, 93
track:408, 874, 703, 123, 93
track:409, 876, 701, 123, 93
track:410, 876, 700, 123, 93
track:411, 876, 697, 123, 93
track:412, 879, 697, 117, 89
track:413, 880, 696, 117, 89
track:414, 880, 696, 117, 89
track:415, 880, 697, 117, 89
track:416, 880, 700, 117, 89
track:417, 880, 700, 117, 89
track:418, 880, 700, 117, 89
track:419, 880, 699, 117, 89
track:420, 878, 701, 117, 89
track:421, 877, 701, 117, 89
track:422, 877, 699, 117, 89
track:423, 876, 699, 117, 89
track:424, 876, 696, 117, 89
track:425, 875, 693, 117, 89
track:426, 875, 692, 117, 89
track:427, 874, 691, 117, 89
track:428, 873, 690, 117, 89
track:429, 873, 690, 117, 89
track:430, 873, 691, 117, 89
track:431, 873, 690, 117, 89
track:432, 872, 690, 117, 89
track:433, 872, 690, 117, 89
track:434, 871, 690, 117, 89
track:435, 869, 691, 117, 89
track:436, 870, 693, 117, 89
track:437, 870, 693, 117, 89
track:438, 870, 693, 117, 89
init :439, 867, 695, 115, 90
track:440, 867, 695, 115, 90
track:441, 868, 695, 115, 90
track:442, 868, 696, 115, 90
track:443, 868, 696, 115, 90
track:444, 868, 696, 115, 90
track:445, 868, 697, 115, 90
track:446, 868, 698, 115, 90
track:447, 869, 697, 115, 90
track:448, 868, 697, 115, 90
track:449, 869, 696, 115, 90
track:450, 869, 695, 115, 90
track:451, 870, 696, 115, 90
track:452, 868, 696, 121, 94
track:453, 868, 697, 121, 94
track:454, 870, 697, 121, 94
track:455, 867, 695, 127, 99
track:456, 867, 695, 127, 99
track:457, 867, 695, 127, 99
track:458, 867, 695, 127, 99
track:459, 866, 694, 127, 99
track:460, 866, 694, 127, 99
track:461, 867, 693, 127, 99
track:462, 867, 692, 127, 99
track:463, 864, 690, 133, 104
track:464, 862, 688, 133, 104
track:465, 863, 687, 133, 104
track:466, 863, 686, 133, 104
track:467, 863, 686, 133, 104
track:468, 863, 686, 133, 104
track:469, 863, 687, 133, 104
track:470, 865, 689, 133, 104
track:471, 866, 690, 133, 104
track:472, 866, 690, 133, 104
track:473, 865, 692, 133, 104
track:474, 865, 694, 133, 104
track:475, 865, 692, 140, 109
track:476, 866, 692, 140, 109
track:477, 867, 691, 140, 109
track:478, 868, 690, 140, 109
track:479, 869, 688, 140, 109
track:480, 871, 681, 140, 109
track:481, 873, 678, 140, 109
track:482, 874, 677, 140, 109
track:483, 876, 669, 140, 109
track:484, 877, 668, 140, 109
track:485, 876, 665, 147, 115
track:486, 872, 667, 154, 121
track:487, 872, 668, 154, 121
track:488, 872, 672, 154, 121
track:490, 865, 672, 162, 127
track:491, 863, 674, 162, 127
track:492, 858, 671, 170, 133
track:493, 856, 672, 170, 133
track:494, 854, 671, 170, 133
track:495, 850, 664, 170, 133
track:496, 849, 660, 170, 133
track:497, 849, 658, 170, 133
track:498, 848, 656, 170, 133
track:499, 847, 652, 170, 133
track:500, 846, 648, 170, 133
track:501, 845, 644, 170, 133
track:502, 845, 643, 170, 133
track:503, 845, 640, 170, 133
track:504, 845, 639, 170, 133
track:505, 845, 637, 170, 133
track:506, 845, 637, 170, 133
track:507, 844, 637, 170, 133
track:508, 843, 635, 170, 133
track:509, 843, 633, 170, 133
track:510, 843, 629, 170, 133
track:511, 843, 627, 170, 133
init :512, 853, 623, 156, 137
track:513, 853, 623, 156, 137
track:514, 853, 624, 156, 137
track:515, 856, 628, 149, 130
track:516, 857, 627, 149, 130
track:517, 857, 627, 149, 130
track:518, 856, 625, 149, 130
track:519, 856, 624, 149, 130
track:520, 857, 624, 149, 130
track:521, 858, 624, 149, 130
track:522, 858, 624, 149, 130
track:523, 857, 625, 149, 130
track:524, 857, 627, 149, 130
track:525, 859, 629, 149, 130
track:526, 858, 629, 149, 130
track:527, 860, 630, 149, 130
track:528, 863, 632, 141, 124
track:529, 867, 633, 135, 118
track:530, 870, 634, 128, 113
track:531, 871, 633, 128, 113
track:532, 871, 632, 128, 113
track:533, 873, 635, 128, 113
track:534, 873, 634, 128, 113
track:535, 872, 635, 128, 113
track:536, 873, 637, 128, 113
track:537, 873, 637, 128, 113
track:538, 877, 641, 122, 107
track:539, 880, 645, 116, 102
track:540, 879, 645, 116, 102
track:543, 877, 646, 116, 102
track:544, 876, 646, 116, 102
track:546, 873, 651, 116, 102
track:547, 874, 652, 116, 102
track:548, 877, 656, 111, 97
track:549, 875, 658, 111, 97
track:550, 875, 661, 111, 97
track:551, 873, 662, 111, 97
track:552, 876, 664, 106, 93
track:553, 875, 664, 106, 93
track:554, 874, 663, 106, 93
track:555, 874, 662, 106, 93
track:556, 874, 663, 106, 93
track:557, 874, 664, 106, 93
track:558, 873, 668, 106, 93
track:559, 876, 674, 101, 88
track:560, 876, 677, 101, 88
track:561, 878, 682, 96, 84
track:562, 878, 682, 96, 84
track:563, 878, 684, 96, 84
track:564, 878, 686, 96, 84
track:565, 878, 687, 96, 84
track:566, 878, 689, 96, 84
track:567, 877, 689, 96, 84
track:568, 878, 692, 96, 84
track:569, 879, 692, 96, 84
track:570, 878, 696, 96, 84
track:571, 879, 699, 96, 84
track:572, 878, 699, 96, 84
track:573, 879, 702, 96, 84
track:574, 881, 704, 96, 84
track:575, 881, 703, 96, 84
track:576, 880, 701, 96, 84
track:577, 880, 700, 96, 84
track:578, 880, 698, 96, 84
track:579, 881, 696, 96, 84
track:580, 882, 696, 96, 84
track:581, 883, 696, 96, 84
track:582, 883, 696, 96, 84
track:583, 882, 699, 96, 84
track:584, 882, 700, 96, 84
init :585, 872, 698, 106, 85
track:586, 872, 699, 106, 85
track:587, 872, 699, 106, 85
track:588, 873, 699, 106, 85
track:589, 873, 699, 106, 85
track:590, 873, 699, 106, 85
track:591, 871, 699, 106, 85
track:592, 870, 700, 106, 85
track:593, 867, 696, 111, 89
track:594, 867, 694, 111, 89
track:595, 867, 685, 111, 89
track:596, 866, 684, 111, 89
track:597, 867, 683, 111, 89
track:598, 866, 678, 111, 89
track:599, 865, 672, 111, 89
track:600, 865, 669, 111, 89
track:601, 865, 668, 111, 89
track:602, 865, 668, 111, 89
track:603, 865, 668, 111, 89
track:604, 862, 661, 117, 94
track:605, 862, 658, 117, 94
track:606, 862, 657, 117, 94
track:607, 862, 657, 117, 94
track:608, 862, 657, 117, 94
track:609, 863, 656, 117, 94
track:610, 862, 658, 117, 94
track:611, 859, 660, 123, 98
track:612, 860, 660, 123, 98
track:613, 859, 664, 123, 98
track:614, 859, 665, 123, 98
track:615, 860, 667, 123, 98
track:616, 856, 668, 129, 103
track:617, 856, 668, 129, 103
track:618, 857, 667, 129, 103
track:619, 856, 667, 129, 103
track:620, 857, 666, 129, 103
track:621, 858, 666, 129, 103
track:622, 859, 665, 129, 103
track:623, 857, 665, 129, 103
track:624, 856, 663, 129, 103
track:625, 856, 663, 129, 103
track:626, 854, 661, 135, 108
track:627, 855, 662, 135, 108
track:628, 856, 663, 135, 108
track:629, 855, 661, 135, 108
track:630, 855, 660, 135, 108
track:631, 855, 659, 135, 108
track:632, 855, 658, 135, 108
track:633, 856, 661, 135, 108
track:634, 857, 665, 135, 108
track:635, 857, 667, 135, 108
track:636, 858, 669, 135, 108
track:637, 858, 669, 135, 108
track:638, 860, 670, 135, 108
track:639, 859, 668, 142, 114
track:640, 859, 667, 142, 114
track:641, 859, 665, 142, 114
track:642, 858, 664, 142, 114
track:643, 858, 663, 142, 114
track:644, 854, 661, 149, 120
track:645, 854, 651, 149, 120
track:646, 854, 650, 149, 120
track:647, 855, 650, 149, 120
track:648, 855, 649, 149, 120
track:649, 854, 649, 149, 120
track:650, 856, 650, 149, 120
track:651, 859, 650, 149, 120
track:652, 859, 650, 149, 120
track:653, 860, 650, 149, 120
track:654, 861, 650, 149, 120
track:655, 861, 654, 149, 120
track:656, 863, 656, 149, 120
track:657, 863, 657, 149, 120
init :658, 876, 662, 143, 124
track:659, 876, 661, 143, 124
track:660, 875, 661, 143, 124
track:661, 876, 661, 143, 124
track:662, 876, 662, 143, 124
track:663, 877, 661, 143, 124
track:664, 879, 659, 143, 124
track:665, 879, 657, 143, 124
track:666, 880, 656, 143, 124
track:667, 879, 655, 143, 124
track:668, 881, 653, 143, 124
track:669, 881, 653, 143, 124
track:670, 880, 652, 143, 124
track:671, 879, 652, 143, 124
track:672, 878, 652, 143, 124
track:673, 877, 652, 143, 124
track:674, 874, 651, 143, 124
track:675, 875, 650, 143, 124
track:676, 873, 650, 143, 124
track:677, 873, 650, 143, 124
track:678, 874, 655, 136, 118
track:679, 874, 665, 136, 118
track:680, 875, 672, 136, 118
track:681, 874, 674, 136, 118
track:682, 875, 674, 136, 118
track:683, 873, 673, 136, 118
track:684, 871, 672, 136, 118
track:685, 871, 675, 136, 118
track:686, 872, 677, 136, 118
track:687, 871, 677, 136, 118
track:688, 871, 677, 136, 118
track:689, 871, 675, 136, 118
track:690, 869, 673, 136, 118
track:691, 868, 672, 136, 118
track:692, 868, 671, 136, 118
track:693, 867, 670, 136, 118
track:694, 867, 669, 136, 118
track:695, 865, 666, 143, 124
track:696, 860, 662, 150, 130
track:697, 860, 662, 150, 130
track:698, 857, 661, 150, 130
track:699, 856, 661, 150, 130
track:700, 854, 662, 150, 130
track:701, 855, 663, 150, 130
track:702, 855, 663, 150, 130
track:703, 855, 667, 150, 130
track:704, 855, 671, 150, 130
track:705, 852, 677, 150, 130
track:706, 852, 678, 150, 130
track:707, 851, 678, 150, 130
track:708, 851, 679, 150, 130
track:709, 851, 680, 150, 130
track:710, 852, 678, 150, 130
track:711, 851, 678, 150, 130
track:712, 851, 676, 150, 130
track:713, 851, 674, 150, 130
track:714, 851, 674, 150, 130
track:715, 850, 675, 150, 130
track:716, 850, 675, 150, 130
track:717, 850, 677, 150, 130
track:718, 851, 678, 150, 130
track:719, 852, 678, 150, 130
track:720, 852, 679, 150, 130
track:721, 852, 678, 150, 130
track:722, 852, 678, 150, 130
track:723, 853, 678, 150, 130
track:724, 853, 675, 150, 130
track:725, 853, 671, 150, 130
track:726, 850, 669, 158, 137
track:727, 850, 667, 158, 137
track:728, 850, 664, 158, 137
track:729, 850, 659, 158, 137
track:730, 852, 658, 158, 137
init :731, 858, 651, 152, 135
track:732, 859, 651, 152, 135
track:733, 858, 649, 152, 135
track:734, 859, 645, 152, 135
track:735, 860, 641, 152, 135
track:736, 860, 640, 152, 135
track:737, 860, 639, 152, 135
track:738, 859, 637, 152, 135
track:739, 858, 637, 152, 135
track:740, 860, 638, 152, 135
track:741, 861, 639, 152, 135
track:742, 861, 639, 152, 135
track:743, 860, 640, 152, 135
track:744, 859, 639, 152, 135
track:745, 859, 637, 152, 135
track:746, 860, 637, 152, 135
track:747, 864, 638, 145, 129
track:748, 864, 628, 145, 129
track:749, 863, 624, 145, 129
track:750, 861, 624, 145, 129
track:751, 861, 624, 145, 129
track:752, 860, 626, 145, 129
track:753, 863, 626, 145, 129
track:754, 864, 627, 145, 129
track:755, 867, 626, 145, 129
track:756, 867, 625, 145, 129
track:757, 868, 626, 145, 129
track:758, 867, 623, 145, 129
track:759, 866, 625, 145, 129
track:760, 866, 629, 145, 129
track:761, 866, 630, 145, 129
track:762, 869, 631, 145, 129
track:763, 871, 630, 145, 129
track:764, 872, 631, 145, 129
track:765, 871, 631, 145, 129
track:766, 870, 632, 145, 129
track:767, 869, 632, 145, 129
track:768, 870, 633, 145, 129
track:769, 873, 638, 138, 122
track:770, 875, 647, 138, 122
track:771, 876, 648, 138, 122
track:772, 877, 647, 138, 122
track:773, 879, 645, 138, 122
track:774, 879, 644, 138, 122
track:775, 880, 645, 138, 122
track:776, 880, 645, 138, 122
track:777, 880, 645, 138, 122
track:778, 881, 644, 138, 122
track:779, 883, 643, 138, 122
track:780, 884, 643, 138, 122
track:781, 883, 643, 138, 122
track:782, 883, 642, 138, 122
track:783, 886, 646, 131, 117
track:784, 887, 645, 131, 117
track:785, 888, 648, 125, 111
track:786, 889, 648, 125, 111
track:787, 888, 649, 125, 111
track:788, 887, 649, 125, 111
track:789, 886, 650, 125, 111
track:790, 886, 650, 125, 111
track:791, 887, 649, 125, 111
track:792, 886, 648, 125, 111
track:793, 888, 652, 119, 106
track:794, 888, 653, 119, 106
track:795, 888, 657, 119, 106
track:796, 888, 658, 119, 106
track:797, 889, 657, 119, 106
track:798, 889, 657, 119, 106
track:799, 888, 658, 119, 106
track:800, 889, 659, 119, 106
track:801, 888, 659, 119, 106
track:802, 887, 660, 119, 106
track:803, 887, 661, 119, 106
init :804, 876, 659, 129, 109
track:805, 875, 660, 129, 109
track:806, 875, 659, 129, 109
track:807, 875, 660, 129, 109
track:808, 873, 661, 129, 109
track:809, 873, 661, 129, 109
track:810, 874, 664, 129, 109
track:811, 874, 665, 129, 109
track:812, 873, 665, 129, 109
track:813, 868, 664, 135, 114
track:814, 866, 664, 135, 114
track:815, 866, 664, 135, 114
track:816, 866, 664, 135, 114
track:817, 866, 667, 135, 114
track:818, 864, 672, 135, 114
track:819, 864, 674, 135, 114
track:820, 859, 682, 142, 120
track:821, 857, 683, 142, 120
track:822, 858, 683, 142, 120
track:823, 857, 682, 142, 120
track:824, 856, 680, 142, 120
track:825, 855, 681, 142, 120
track:826, 855, 681, 142, 120
track:827, 855, 686, 142, 120
track:828, 855, 691, 142, 120
track:829, 856, 692, 142, 120
track:830, 854, 691, 149, 126
track:831, 854, 692, 149, 126
track:832, 854, 692, 149, 126
track:833, 855, 688, 157, 132
track:834, 854, 682, 157, 132
track:835, 853, 674, 157, 132
track:836, 854, 673, 157, 132
track:837, 854, 666, 157, 132
track:838, 853, 665, 157, 132
track:839, 851, 662, 157, 132
track:840, 846, 654, 165, 139
track:841, 845, 653, 165, 139
track:842, 842, 652, 165, 139
track:843, 840, 648, 165, 139
track:844, 837, 645, 165, 139
track:845, 828, 627, 173, 146
track:846, 827, 626, 173, 146
track:847, 822, 616, 182, 153
track:848, 817, 608, 191, 161
track:849, 817, 605, 191, 161
track:850, 816, 605, 191, 161
track:851, 816, 606, 191, 161
track:852, 820, 599, 191, 161
track:853, 825, 596, 191, 161
track:854, 825, 597, 191, 161
track:855, 825, 601, 191, 161
track:856, 826, 602, 191, 161
track:857, 825, 603, 191, 161
track:858, 827, 601, 191, 161
track:859, 828, 597, 191, 161
track:860, 828, 594, 191, 161
track:861, 829, 594, 191, 161
track:862, 827, 598, 191, 161
track:863, 828, 603, 191, 161
track:864, 830, 607, 191, 161
track:865, 830, 613, 191, 161
track:866, 830, 613, 191, 161
track:867, 834, 622, 182, 153
track:868, 835, 623, 182, 153
track:869, 836, 624, 182, 153
track:870, 839, 632, 173, 146
track:871, 839, 633, 173, 146
track:872, 841, 633, 173, 146
track:873, 841, 633, 173, 146
track:874, 842, 634, 173, 146
track:875, 847, 638, 165, 139
track:876, 847, 638, 165, 139
init :877, 858, 643, 152, 135
track:878, 860, 643, 152, 135
track:879, 861, 643, 152, 135
track:880, 861, 643, 152, 135
track:881, 861, 643, 152, 135
track:882, 862, 643, 152, 135
track:883, 864, 642, 152, 135
track:884, 865, 642, 152, 135
track:885, 867, 642, 152, 135
track:886, 867, 641, 152, 135
track:887, 872, 645, 145, 129
track:888, 877, 647, 138, 122
track:889, 878, 646, 138, 122
track:890, 880, 645, 138, 122
track:891, 880, 644, 138, 122
track:892, 882, 644, 138, 122
track:893, 882, 643, 138, 122
track:894, 882, 642, 138, 122
track:895, 886, 645, 131, 117
track:896, 886, 645, 131, 117
track:897, 886, 645, 131, 117
track:898, 885, 645, 131, 117
track:899, 881, 644, 131, 117
track:900, 880, 646, 131, 117
track:901, 885, 649, 125, 111
track:902, 884, 649, 125, 111
track:903, 886, 653, 119, 106
track:904, 887, 652, 119, 106
track:905, 886, 653, 119, 106
track:906, 887, 653, 119, 106
track:907, 858, 639, 125, 111
track:908, 855, 638, 125, 111
track:909, 839, 636, 131, 117
track:910, 830, 632, 138, 122
track:911, 819, 644, 138, 122
track:912, 820, 647, 145, 129
track:913, 822, 648, 145, 129
track:914, 821, 644, 152, 135
track:915, 822, 640, 160, 142
track:916, 822, 638, 168, 149
track:917, 825, 641, 168, 149
track:918, 826, 640, 168, 149
track:919, 824, 636, 176, 156
track:920, 820, 638, 176, 156
track:921, 815, 634, 185, 164
track:922, 813, 632, 185, 164
track:923, 809, 629, 185, 164
track:924, 805, 628, 185, 164
track:925, 800, 630, 185, 164
track:926, 798, 629, 185, 164
track:927, 795, 628, 185, 164
track:928, 784, 623, 194, 172
track:929, 777, 618, 204, 181
track:930, 775, 611, 214, 190
track:931, 775, 609, 214, 190
track:932, 773, 602, 225, 199
track:933, 770, 593, 236, 209
track:934, 770, 591, 236, 209
track:935, 772, 587, 236, 209
track:936, 774, 588, 236, 209
track:937, 774, 585, 236, 209
track:938, 770, 579, 248, 220
track:939, 770, 576, 248, 220
track:940, 771, 574, 248, 220
track:941, 772, 575, 248, 220
track:942, 773, 574, 248, 220
track:943, 769, 572, 248, 220
track:944, 764, 568, 260, 231
track:945, 763, 568, 260, 231
track:946, 763, 567, 260, 231
track:947, 761, 566, 260, 231
track:948, 755, 570, 260, 231
track:949, 751, 569, 260, 231
init :950, 752, 571, 360, 236
track:951, 752, 571, 360, 236
track:952, 752, 572, 360, 236
track:953, 760, 577, 343, 225
track:954, 760, 581, 343, 225
track:955, 752, 577, 360, 236
track:956, 750, 578, 360, 236
track:957, 750, 579, 360, 236
track:958, 749, 579, 360, 236
track:959, 751, 581, 360, 236
track:960, 752, 581, 360, 236
track:961, 749, 581, 360, 236
track:962, 747, 583, 360, 236
track:963, 745, 584, 360, 236
track:964, 744, 584, 360, 236
track:965, 743, 584, 360, 236
track:966, 742, 584, 360, 236
track:967, 736, 586, 360, 236
track:968, 731, 586, 360, 236
track:969, 725, 588, 360, 236
track:970, 725, 589, 360, 236
track:971, 715, 584, 378, 248
track:972, 712, 583, 378, 248
track:973, 709, 583, 378, 248
track:974, 697, 583, 378, 248
track:975, 701, 582, 378, 248
track:976, 702, 582, 378, 248
track:977, 698, 584, 378, 248
track:978, 694, 584, 378, 248
track:979, 691, 586, 378, 248
track:980, 687, 587, 378, 248
track:981, 696, 593, 360, 236
track:982, 694, 593, 360, 236
track:983, 694, 593, 360, 236
track:984, 696, 593, 360, 236
track:985, 693, 594, 360, 236
track:986, 696, 595, 360, 236
track:987, 700, 595, 360, 236
track:988, 702, 596, 360, 236
track:989, 706, 595, 360, 236
track:990, 707, 593, 360, 236
track:991, 705, 595, 360, 236
track:992, 702, 595, 360, 236
track:993, 708, 601, 343, 225
track:994, 704, 598, 343, 225
track:995, 708, 599, 343, 225
track:996, 706, 596, 343, 225
track:997, 711, 593, 343, 225
track:998, 711, 591, 343, 225
track:999, 719, 588, 343, 225
track:1000, 721, 588, 343, 225
track:1001, 725, 585, 343, 225
track:1002, 728, 584, 343, 225
track:1003, 740, 586, 327, 214
track:1004, 745, 582, 327, 214
track:1005, 748, 580, 327, 214
track:1006, 758, 583, 311, 204
track:1007, 761, 587, 296, 194
track:1008, 760, 585, 296, 194
track:1009, 758, 582, 296, 194
track:1010, 762, 580, 296, 194
track:1011, 760, 579, 296, 194
track:1012, 758, 578, 296, 194
track:1013, 755, 576, 296, 194
track:1014, 755, 580, 282, 185
track:1015, 755, 579, 282, 185
track:1016, 758, 583, 269, 176
track:1017, 754, 582, 269, 176
track:1018, 751, 583, 269, 176
track:1019, 756, 587, 256, 168
track:1020, 757, 586, 256, 168
track:1021, 756, 587, 256, 168
track:1022, 752, 585, 256, 168
init :1023, 756, 578, 452, 176
track:1024, 755, 579, 452, 176
track:1025, 754, 579, 452, 176
track:1026, 752, 580, 452, 176
track:1027, 750, 581, 452, 176
track:1028, 746, 583, 452, 176
track:1029, 741, 584, 452, 176
track:1030, 739, 584, 452, 176
track:1031, 747, 589, 430, 168
track:1032, 742, 590, 430, 168
track:1033, 736, 592, 430, 168
track:1034, 732, 594, 430, 168
track:1035, 731, 594, 430, 168
track:1036, 730, 595, 430, 168
track:1037, 726, 596, 430, 168
track:1038, 728, 598, 430, 168
track:1039, 728, 601, 430, 168
track:1040, 715, 599, 452, 176
track:1041, 715, 600, 452, 176
track:1042, 715, 601, 452, 176
track:1043, 716, 604, 452, 176
track:1044, 715, 605, 452, 176
track:1045, 715, 607, 452, 176
track:1046, 718, 608, 452, 176
track:1047, 721, 609, 452, 176
track:1048, 721, 610, 452, 176
track:1049, 725, 610, 452, 176
track:1050, 738, 614, 430, 168
track:1051, 741, 611, 430, 168
track:1052, 749, 610, 430, 168
track:1053, 753, 608, 430, 168
track:1054, 758, 608, 430, 168
track:1055, 762, 607, 430, 168
track:1056, 768, 608, 430, 168
track:1057, 771, 609, 430, 168
track:1058, 781, 613, 410, 160
track:1059, 781, 614, 410, 160
track:1060, 782, 613, 410, 160
track:1061, 782, 613, 410, 160
track:1062, 779, 615, 410, 160
track:1063, 769, 612, 430, 168
track:1064, 774, 616, 410, 160
track:1065, 764, 613, 430, 168
track:1066, 759, 614, 430, 168
track:1067, 761, 616, 410, 160
track:1068, 750, 615, 410, 160
track:1069, 736, 615, 410, 160
track:1070, 736, 615, 410, 160
track:1071, 730, 617, 410, 160
track:1072, 722, 619, 410, 160
track:1073, 696, 619, 410, 160
track:1074, 690, 619, 410, 160
track:1075, 687, 618, 410, 160
track:1076, 668, 614, 430, 168
track:1077, 665, 616, 430, 168
track:1078, 644, 619, 430, 168
track:1079, 639, 620, 430, 168
track:1080, 637, 617, 430, 168
track:1081, 627, 618, 430, 168
track:1082, 624, 619, 430, 168
track:1083, 621, 620, 430, 168
track:1084, 624, 622, 430, 168
track:1085, 619, 621, 430, 168
track:1086, 619, 619, 430, 168
track:1087, 617, 619, 430, 168
track:1088, 618, 618, 430, 168
track:1089, 620, 618, 430, 168
track:1090, 623, 619, 430, 168
track:1091, 621, 620, 430, 168
track:1092, 614, 621, 430, 168
track:1093, 614, 621, 430, 168
track:1094, 607, 618, 452, 176
track:1095, 605, 617, 452, 176
init :1096, 678, 628, 452, 147
track:1097, 682, 629, 452, 147
track:1098, 686, 629, 452, 147
track:1099, 687, 629, 452, 147
track:1100, 687, 630, 452, 147
track:1101, 689, 630, 452, 147
track:1102, 679, 626, 475, 154
track:1103, 679, 625, 475, 154
track:1104, 678, 625, 475, 154
track:1105, 679, 625, 475, 154
track:1106, 678, 627, 475, 154
track:1107, 687, 631, 452, 147
track:1108, 687, 632, 452, 147
track:1109, 688, 633, 452, 147
track:1110, 694, 636, 430, 140
track:1111, 689, 636, 430, 140
track:1112, 683, 635, 430, 140
track:1113, 682, 636, 430, 140
track:1114, 678, 637, 430, 140
track:1115, 677, 637, 430, 140
track:1116, 679, 637, 430, 140
track:1117, 689, 638, 430, 140
track:1118, 673, 640, 430, 140
track:1119, 685, 642, 410, 133
track:1120, 677, 637, 430, 140
track:1121, 675, 637, 430, 140
track:1122, 675, 637, 430, 140
track:1123, 674, 638, 430, 140
track:1124, 688, 640, 410, 133
track:1125, 689, 640, 410, 133
track:1126, 687, 639, 430, 140
track:1127, 677, 641, 430, 140
track:1128, 684, 647, 430, 140
track:1129, 686, 647, 430, 140
track:1130, 702, 650, 410, 133
track:1131, 710, 651, 390, 127
track:1132, 719, 651, 390, 127
track:1133, 801, 656, 372, 121
track:1134, 807, 661, 372, 121
track:1135, 815, 663, 372, 121
track:1136, 828, 670, 354, 115
track:1137, 834, 672, 354, 115
track:1138, 822, 670, 372, 121
track:1139, 826, 675, 354, 115
track:1140, 831, 674, 354, 115
track:1141, 812, 673, 372, 121
track:1142, 804, 674, 372, 121
track:1143, 803, 676, 372, 121
track:1144, 794, 677, 390, 127
track:1145, 793, 680, 390, 127
track:1146, 786, 681, 390, 127
track:1147, 785, 686, 372, 121
track:1148, 765, 683, 390, 127
track:1149, 764, 680, 390, 127
track:1150, 757, 680, 390, 127
track:1151, 763, 684, 372, 121
track:1152, 760, 686, 372, 121
track:1153, 757, 688, 372, 121
track:1154, 751, 687, 372, 121
track:1155, 757, 689, 372, 121
track:1156, 754, 689, 372, 121
track:1157, 751, 690, 372, 121
track:1158, 745, 687, 390, 127
track:1159, 755, 685, 390, 127
track:1160, 753, 684, 390, 127
track:1161, 766, 685, 372, 121
track:1162, 769, 682, 390, 127
track:1163, 771, 681, 390, 127
track:1164, 776, 679, 390, 127
track:1165, 780, 681, 372, 121
track:1166, 770, 681, 390, 127
track:1167, 764, 683, 390, 127
track:1168, 759, 686, 372, 121
init :1169, 766, 638, 336, 168
track:1170, 766, 638, 336, 168
track:1171, 767, 638, 336, 168
track:1172, 767, 637, 336, 168
track:1173, 764, 637, 336, 168
track:1174, 759, 638, 336, 168
track:1175, 764, 637, 336, 168
track:1176, 758, 634, 336, 168
track:1177, 768, 636, 336, 168
track:1178, 756, 630, 353, 176
track:1179, 755, 628, 353, 176
track:1180, 765, 628, 353, 176
track:1181, 761, 627, 353, 176
track:1182, 765, 625, 353, 176
track:1183, 771, 624, 353, 176
track:1184, 783, 627, 336, 168
track:1185, 778, 625, 336, 168
track:1186, 780, 626, 320, 160
track:1187, 776, 628, 320, 160
track:1188, 791, 624, 336, 168
track:1189, 789, 619, 336, 168
track:1190, 798, 621, 336, 168
track:1191, 814, 622, 336, 168
track:1192, 805, 619, 336, 168
track:1193, 808, 620, 336, 168
track:1194, 791, 618, 353, 176
track:1195, 793, 614, 370, 185
track:1196, 799, 611, 353, 176
track:1197, 808, 619, 353, 176
track:1198, 795, 617, 353, 176
track:1199, 794, 614, 336, 168
track:1200, 811, 614, 336, 168
track:1201, 811, 618, 320, 160
track:1202, 812, 616, 320, 160
track:1203, 813, 611, 336, 168
track:1204, 816, 614, 336, 168
track:1205, 823, 618, 320, 160
track:1206, 835, 619, 305, 152
track:1207, 842, 618, 305, 152
track:1208, 851, 622, 290, 145
track:1209, 851, 623, 290, 145
track:1210, 858, 621, 290, 145
track:1211, 856, 621, 305, 152
track:1212, 854, 623, 320, 160
track:1213, 867, 627, 305, 152
track:1214, 873, 628, 305, 152
track:1215, 870, 631, 305, 152
track:1216, 869, 630, 305, 152
track:1217, 874, 629, 305, 152
track:1218, 884, 633, 305, 152
track:1219, 877, 629, 305, 152
track:1220, 870, 628, 320, 160
track:1221, 876, 630, 320, 160
track:1222, 877, 629, 320, 160
track:1223, 869, 632, 320, 160
track:1224, 879, 632, 320, 160
track:1225, 879, 632, 320, 160
track:1226, 880, 629, 320, 160
track:1227, 882, 632, 320, 160
track:1228, 878, 631, 320, 160
track:1229, 875, 632, 320, 160
track:1230, 876, 634, 320, 160
track:1231, 875, 635, 320, 160
track:1232, 874, 636, 320, 160
track:1233, 873, 637, 320, 160
track:1234, 876, 639, 320, 160
track:1235, 873, 638, 320, 160
track:1236, 875, 640, 305, 152
track:1237, 874, 637, 305, 152
track:1238, 882, 642, 290, 145
track:1239, 887, 645, 276, 138
track:1240, 894, 647, 263, 132
track:1241, 890, 647, 263, 132
init :1242, 936, 667, 198, 96
track:1243, 935, 668, 198, 96
track:1244, 935, 668, 198, 96
track:1245, 939, 670, 189, 91
track:1246, 938, 671, 189, 91
track:1247, 932, 671, 189, 91
track:1248, 926, 673, 189, 91
track:1249, 928, 672, 189, 91
track:1250, 929, 673, 180, 87
track:1251, 927, 674, 171, 83
track:1252, 928, 674, 163, 79
track:1253, 917, 674, 163, 79
track:1254, 921, 673, 163, 79
track:1255, 911, 671, 163, 79
track:1256, 900, 670, 163, 79
track:1257, 895, 667, 163, 79
track:1258, 888, 666, 163, 79
track:1259, 883, 662, 171, 83
track:1260, 879, 658, 171, 83
track:1261, 879, 659, 163, 79
track:1262, 869, 659, 163, 79
track:1263, 869, 660, 163, 79
track:1264, 869, 659, 163, 79
track:1265, 871, 660, 163, 79
track:1266, 872, 657, 171, 83
track:1267, 867, 658, 171, 83
track:1268, 868, 657, 171, 83
track:1269, 870, 659, 163, 79
track:1270, 875, 660, 155, 75
track:1271, 878, 661, 155, 75
track:1272, 873, 661, 155, 75
track:1273, 871, 660, 155, 75
track:1274, 868, 660, 155, 75
track:1275, 867, 659, 155, 75
track:1276, 861, 659, 155, 75
track:1277, 855, 659, 155, 75
track:1278, 854, 662, 148, 72
track:1279, 853, 664, 148, 72
track:1280, 843, 663, 148, 72
track:1281, 838, 663, 148, 72
track:1282, 832, 667, 141, 68
track:1283, 830, 667, 141, 68
track:1284, 829, 667, 141, 68
track:1285, 820, 667, 141, 68
track:1286, 817, 667, 141, 68
track:1287, 818, 667, 134, 65
track:1288, 816, 667, 134, 65
track:1289, 817, 666, 134, 65
track:1290, 817, 666, 134, 65
track:1291, 815, 666, 134, 65
track:1292, 811, 666, 134, 65
track:1293, 810, 667, 134, 65
track:1294, 809, 667, 134, 65
track:1295, 807, 666, 134, 65
track:1296, 805, 664, 134, 65
track:1297, 806, 664, 134, 65
track:1298, 811, 666, 128, 62
track:1299, 811, 666, 128, 62
track:1300, 814, 669, 122, 59
track:1301, 811, 668, 122, 59
track:1302, 811, 670, 122, 59
track:1303, 814, 671, 116, 56
track:1304, 814, 671, 116, 56
track:1305, 814, 671, 116, 56
track:1306, 815, 672, 116, 56
track:1307, 819, 672, 116, 56
track:1308, 820, 673, 110, 53
track:1309, 823, 675, 105, 51
track:1310, 824, 675, 105, 51
track:1311, 827, 675, 105, 51
track:1312, 825, 675, 105, 51
track:1313, 825, 675, 105, 51
track:1314, 825, 675, 105, 51
init :1315, 867, 669, 156, 57
track:1316, 867, 670, 156, 57
track:1317, 865, 670, 156, 57
track:1318, 868, 672, 149, 54
track:1319, 863, 671, 156, 57
track:1320, 862, 672, 156, 57
track:1321, 856, 671, 164, 60
track:1322, 861, 672, 156, 57
track:1323, 862, 673, 156, 57
track:1324, 862, 674, 156, 57
track:1325, 863, 673, 156, 57
track:1326, 865, 674, 156, 57
track:1327, 867, 675, 156, 57
track:1328, 869, 676, 156, 57
track:1329, 865, 675, 164, 60
track:1330, 869, 677, 156, 57
track:1331, 867, 676, 156, 57
track:1332, 864, 677, 156, 57
track:1333, 858, 677, 156, 57
track:1334, 858, 678, 156, 57
track:1335, 855, 677, 156, 57
track:1336, 849, 677, 156, 57
track:1337, 847, 677, 156, 57
track:1338, 845, 677, 156, 57
track:1339, 844, 678, 156, 57
track:1340, 844, 677, 156, 57
track:1341, 843, 678, 156, 57
track:1342, 842, 677, 156, 57
track:1343, 841, 678, 156, 57
track:1344, 841, 678, 156, 57
track:1345, 840, 678, 156, 57
track:1346, 842, 679, 156, 57
track:1347, 841, 680, 156, 57
track:1348, 840, 680, 156, 57
track:1349, 841, 680, 156, 57
track:1350, 840, 680, 156, 57
track:1351, 838, 680, 156, 57
track:1352, 836, 680, 156, 57
track:1353, 836, 680, 156, 57
track:1354, 836, 681, 156, 57
track:1355, 837, 682, 156, 57
track:1356, 838, 682, 156, 57
track:1357, 838, 683, 156, 57
track:1358, 832, 681, 164, 60
track:1359, 833, 682, 164, 60
track:1360, 832, 682, 164, 60
track:1361, 832, 683, 164, 60
track:1362, 839, 684, 156, 57
track:1363, 838, 685, 156, 57
track:1364, 839, 685, 156, 57
track:1365, 839, 685, 156, 57
track:1366, 840, 686, 149, 54
track:1367, 839, 686, 149, 54
track:1368, 838, 687, 149, 54
track:1369, 839, 687, 149, 54
track:1370, 838, 688, 149, 54
track:1371, 835, 690, 149, 54
track:1372, 833, 692, 149, 54
track:1373, 829, 692, 149, 54
track:1374, 832, 692, 141, 52
track:1375, 830, 691, 141, 52
track:1376, 829, 691, 141, 52
track:1377, 827, 690, 141, 52
track:1378, 820, 692, 149, 54
track:1379, 820, 692, 149, 54
track:1380, 812, 692, 156, 57
track:1381, 812, 695, 149, 54
track:1382, 808, 695, 149, 54
track:1383, 801, 695, 156, 57
track:1384, 802, 695, 156, 57
track:1385, 799, 696, 156, 57
track:1386, 800, 698, 156, 57
track:1387, 804, 699, 149, 54
init :1388, 816, 703, 198, 62
track:1389, 816, 703, 198, 62
track:1390, 817, 704, 198, 62
track:1391, 817, 702, 208, 65
track:1392, 821, 703, 208, 65
track:1393, 826, 705, 208, 65
track:1394, 827, 707, 208, 65
track:1395, 833, 709, 198, 62
track:1396, 834, 710, 198, 62
track:1397, 836, 710, 198, 62
track:1398, 835, 710, 198, 62
track:1399, 830, 709, 208, 65
track:1400, 827, 710, 208, 65
track:1401, 822, 711, 208, 65
track:1402, 811, 711, 218, 68
track:1403, 810, 712, 218, 68
track:1404, 807, 713, 218, 68
track:1405, 802, 713, 218, 68
track:1406, 799, 713, 218, 68
track:1407, 796, 714, 218, 68
track:1408, 794, 714, 218, 68
track:1409, 793, 714, 218, 68
track:1410, 792, 714, 218, 68
track:1411, 791, 714, 218, 68
track:1412, 792, 715, 218, 68
track:1413, 794, 715, 218, 68
track:1414, 794, 716, 218, 68
track:1415, 795, 717, 218, 68
track:1416, 796, 718, 218, 68
track:1417, 797, 719, 218, 68
track:1418, 794, 719, 218, 68
track:1419, 788, 717, 229, 72
track:1420, 787, 718, 229, 72
track:1421, 788, 719, 229, 72
track:1422, 786, 720, 229, 72
track:1423, 784, 720, 229, 72
track:1424, 788, 722, 218, 68
track:1425, 789, 722, 218, 68
track:1426, 788, 722, 218, 68
track:1427, 783, 721, 229, 72
track:1428, 782, 722, 229, 72
track:1429, 783, 722, 229, 72
track:1430, 781, 722, 229, 72
track:1431, 778, 722, 229, 72
track:1432, 781, 726, 218, 68
track:1433, 779, 727, 218, 68
track:1434, 773, 726, 229, 72
track:1435, 773, 728, 229, 72
track:1436, 775, 729, 218, 68
track:1437, 772, 728, 218, 68
track:1438, 768, 727, 229, 72
track:1439, 770, 728, 229, 72
track:1440, 764, 727, 241, 75
track:1441, 761, 728, 241, 75
track:1442, 757, 728, 241, 75
track:1443, 755, 729, 241, 75
track:1444, 751, 730, 241, 75
track:1445, 744, 729, 253, 79
track:1446, 738, 727, 265, 83
track:1447, 729, 726, 279, 87
track:1448, 723, 726, 279, 87
track:1449, 716, 726, 293, 92
track:1450, 727, 728, 279, 87
track:1451, 729, 727, 279, 87
track:1452, 727, 727, 279, 87
track:1453, 731, 726, 293, 92
track:1454, 737, 724, 293, 92
track:1455, 743, 725, 293, 92
track:1456, 756, 725, 279, 87
track:1457, 757, 723, 293, 92
track:1458, 762, 719, 307, 96
track:1459, 771, 718, 293, 92
track:1460, 797, 711, 293, 92
init :1461, 830, 711, 207, 142
track:1462, 831, 711, 207, 142
track:1463, 831, 711, 207, 142
track:1464, 830, 711, 207, 142
track:1465, 834, 712, 207, 142
track:1466, 832, 713, 207, 142
track:1467, 834, 714, 197, 135
track:1468, 832, 710, 207, 142
track:1469, 829, 711, 207, 142
track:1470, 818, 705, 217, 149
track:1471, 819, 705, 217, 149
track:1472, 819, 707, 207, 142
track:1473, 817, 707, 207, 142
track:1474, 819, 708, 197, 135
track:1475, 812, 702, 197, 135
track:1476, 808, 702, 197, 135
track:1477, 814, 705, 188, 129
track:1478, 816, 704, 188, 129
track:1479, 810, 703, 188, 129
track:1480, 810, 702, 188, 129
track:1481, 815, 699, 188, 129
track:1482, 811, 696, 188, 129
track:1483, 813, 694, 188, 129
track:1484, 822, 695, 188, 129
track:1485, 822, 694, 188, 129
track:1486, 824, 693, 188, 129
track:1487, 830, 698, 179, 123
track:1488, 830, 693, 188, 129
track:1489, 836, 692, 188, 129
track:1490, 841, 690, 188, 129
track:1491, 851, 692, 179, 123
track:1492, 840, 688, 179, 123
track:1493, 842, 687, 179, 123
track:1494, 840, 680, 188, 129
track:1495, 839, 681, 179, 123
track:1496, 826, 674, 179, 123
track:1497, 828, 672, 179, 123
track:1498, 828, 671, 179, 123
track:1499, 823, 667, 179, 123
track:1500, 820, 663, 179, 123
track:1501, 816, 656, 179, 123
track:1502, 809, 654, 179, 123
track:1503, 805, 654, 179, 123
track:1504, 807, 649, 179, 123
track:1505, 807, 648, 170, 117
track:1506, 804, 645, 170, 117
track:1507, 807, 645, 162, 111
track:1508, 807, 646, 154, 106
track:1509, 804, 645, 154, 106
track:1510, 803, 641, 154, 106
track:1511, 806, 640, 147, 101
track:1512, 798, 636, 147, 101
track:1513, 800, 637, 147, 101
track:1514, 788, 638, 140, 96
track:1515, 767, 639, 140, 96
track:1516, 747, 640, 133, 92
track:1517, 722, 640, 133, 92
track:1518, 722, 639, 133, 92
track:1519, 696, 640, 133, 92
track:1520, 678, 644, 127, 87
track:1521, 656, 643, 127, 87
track:1522, 642, 643, 127, 87
track:1523, 642, 644, 127, 87
track:1524, 636, 646, 121, 83
track:1525, 639, 648, 115, 79
track:1526, 646, 647, 115, 79
track:1527, 652, 646, 115, 79
track:1528, 653, 646, 115, 79
track:1529, 679, 644, 115, 79
track:1530, 706, 644, 110, 75
track:1531, 732, 643, 110, 75
track:1532, 759, 642, 110, 75
track:1533, 758, 642, 110, 75
init :1534, 812, 633, 249, 80
track:1535, 842, 636, 237, 76
track:1536, 864, 637, 237, 76
track:1537, 883, 638, 237, 76
track:1538, 881, 638, 237, 76
track:1539, 890, 639, 237, 76
track:1540, 900, 640, 237, 76
track:1541, 903, 641, 237, 76
track:1542, 903, 642, 237, 76
track:1543, 903, 642, 237, 76
track:1544, 903, 643, 237, 76
track:1545, 901, 644, 237, 76
track:1546, 899, 645, 237, 76
track:1547, 876, 645, 249, 80
track:1548, 887, 648, 237, 76
track:1549, 886, 651, 226, 73
track:1550, 877, 653, 226, 73
track:1551, 868, 654, 226, 73
track:1552, 865, 656, 226, 73
track:1553, 869, 658, 215, 69
track:1554, 866, 659, 215, 69
track:1555, 870, 662, 205, 66
track:1556, 870, 661, 205, 66
track:1557, 874, 664, 195, 63
track:1558, 876, 664, 195, 63
track:1559, 882, 666, 186, 60
track:1560, 888, 668, 177, 57
track:1561, 895, 670, 169, 54
track:1562, 898, 671, 169, 54
track:1563, 900, 671, 169, 54
track:1564, 900, 672, 169, 54
track:1565, 904, 673, 161, 52
track:1566, 907, 674, 153, 49
track:1567, 904, 674, 161, 52
track:1568, 904, 675, 161, 52
track:1569, 906, 676, 153, 49
track:1570, 904, 675, 153, 49
track:1571, 904, 675, 153, 49
track:1572, 899, 674, 153, 49
track:1573, 900, 675, 153, 49
track:1574, 901, 676, 146, 47
track:1575, 900, 676, 139, 45
track:1576, 898, 677, 139, 45
track:1577, 895, 674, 146, 47
track:1578, 894, 674, 146, 47
track:1579, 896, 674, 139, 45
track:1580, 892, 674, 132, 42
track:1581, 885, 678, 132, 42
track:1582, 886, 680, 132, 42
track:1583, 886, 680, 132, 42
track:1584, 889, 681, 126, 40
track:1585, 890, 682, 120, 38
track:1586, 892, 683, 114, 37
track:1587, 891, 682, 120, 38
track:1588, 891, 682, 120, 38
track:1589, 893, 683, 114, 37
track:1590, 893, 684, 114, 37
track:1591, 894, 685, 109, 35
track:1592, 894, 685, 109, 35
track:1593, 894, 686, 109, 35
track:1594, 895, 687, 103, 33
track:1595, 895, 688, 99, 32
track:1596, 894, 689, 99, 32
track:1599, 893, 690, 94, 30
track:1600, 892, 690, 94, 30
track:1601, 889, 690, 94, 30
track:1602, 890, 691, 94, 30
track:1603, 892, 691, 89, 29
track:1604, 883, 690, 94, 30
track:1605, 883, 690, 94, 30
track:1606, 885, 690, 89, 29
init :1607, 913, 682, 87, 72
track:1608, 913, 682, 87, 72
elapseTime: 16.19
