init :7, 821, 630, 235, 197
track:8, 821, 630, 235, 197
track:9, 822, 630, 235, 197
track:10, 821, 631, 235, 197
track:11, 823, 630, 235, 197
track:12, 823, 630, 235, 197
track:13, 824, 630, 235, 197
track:14, 824, 630, 235, 197
track:15, 824, 630, 235, 197
track:16, 825, 630, 235, 197
track:17, 826, 630, 235, 197
track:18, 825, 630, 235, 197
track:19, 825, 629, 235, 197
track:20, 821, 626, 247, 207
track:21, 820, 626, 247, 207
track:22, 827, 631, 235, 197
track:23, 828, 631, 235, 197
track:24, 827, 631, 235, 197
track:25, 828, 630, 235, 197
track:26, 829, 631, 235, 197
track:27, 829, 631, 235, 197
track:28, 829, 631, 235, 197
track:29, 829, 630, 235, 197
track:30, 829, 630, 235, 197
track:31, 830, 629, 235, 197
track:32, 831, 631, 235, 197
track:33, 829, 630, 235, 197
track:34, 830, 631, 235, 197
track:35, 830, 630, 235, 197
track:36, 830, 631, 235, 197
track:37, 829, 630, 235, 197
track:38, 831, 630, 235, 197
track:39, 830, 630, 235, 197
track:40, 830, 630, 235, 197
track:41, 831, 629, 235, 197
track:42, 830, 631, 235, 197
track:43, 831, 630, 235, 197
track:44, 830, 631, 235, 197
track:45, 832, 630, 235, 197
track:46, 830, 631, 235, 197
track:48, 832, 630, 235, 197
track:49, 830, 630, 235, 197
track:50, 831, 629, 235, 197
track:51, 832, 629, 235, 197
track:52, 831, 628, 235, 197
track:53, 832, 629, 235, 197
track:54, 831, 629, 235, 197
track:55, 832, 629, 235, 197
track:56, 831, 629, 235, 197
track:57, 831, 628, 235, 197
track:58, 831, 629, 235, 197
track:59, 830, 628, 235, 197
track:60, 832, 628, 235, 197
track:61, 831, 630, 235, 197
track:62, 830, 629, 235, 197
track:63, 829, 629, 235, 197
track:64, 830, 629, 235, 197
track:65, 829, 629, 235, 197
track:66, 828, 629, 235, 197
track:67, 829, 628, 235, 197
track:68, 829, 629, 235, 197
track:69, 828, 629, 235, 197
track:70, 829, 628, 235, 197
init :71, 826, 630, 235, 197
track:72, 826, 630, 235, 197
track:73, 826, 630, 235, 197
track:74, 826, 630, 235, 197
track:75, 826, 630, 235, 197
track:76, 826, 630, 235, 197
track:77, 826, 630, 235, 197
track:78, 825, 630, 235, 197
track:79, 826, 630, 235, 197
track:80, 826, 631, 235, 197
track:81, 824, 631, 235, 197
track:82, 825, 630, 235, 197
track:83, 825, 630, 235, 197
track:84, 826, 631, 235, 197
track:85, 825, 631, 235, 197
track:86, 825, 631, 235, 197
track:87, 825, 631, 235, 197
track:88, 824, 631, 235, 197
track:89, 826, 631, 235, 197
track:90, 825, 631, 235, 197
track:91, 826, 632, 235, 197
track:92, 825, 631, 235, 197
track:93, 826, 631, 235, 197
track:94, 825, 632, 235, 197
track:95, 827, 632, 235, 197
track:96, 826, 631, 235, 197
track:97, 827, 631, 235, 197
track:98, 828, 630, 235, 197
track:99, 827, 630, 235, 197
track:100, 828, 630, 235, 197
track:101, 829, 629, 235, 197
track:102, 830, 629, 235, 197
track:103, 830, 628, 235, 197
track:104, 830, 628, 235, 197
track:105, 832, 627, 235, 197
track:106, 831, 626, 235, 197
track:107, 833, 625, 235, 197
track:108, 833, 622, 235, 197
track:109, 832, 623, 235, 197
track:110, 834, 622, 235, 197
track:111, 833, 621, 235, 197
track:112, 834, 617, 235, 197
track:113, 834, 615, 235, 197
track:114, 833, 616, 235, 197
track:115, 835, 614, 235, 197
track:116, 836, 612, 235, 197
track:117, 837, 610, 235, 197
track:120, 840, 607, 235, 197
track:121, 840, 604, 235, 197
track:122, 842, 601, 235, 197
track:123, 847, 605, 224, 188
track:124, 846, 605, 224, 188
track:125, 850, 608, 213, 179
track:126, 849, 605, 213, 179
track:127, 847, 603, 213, 179
track:128, 847, 603, 213, 179
track:129, 846, 602, 213, 179
track:130, 846, 605, 213, 179
track:131, 846, 606, 213, 179
track:132, 849, 609, 213, 179
track:133, 850, 611, 213, 179
track:134, 850, 611, 213, 179
track:135, 851, 612, 213, 179
track:136, 852, 613, 213, 179
track:137, 853, 615, 213, 179
track:138, 853, 616, 213, 179
track:139, 854, 614, 213, 179
track:140, 853, 615, 213, 179
init :141, 863, 620, 175, 158
track:142, 866, 624, 167, 150
track:143, 865, 625, 167, 150
track:144, 865, 625, 167, 150
track:145, 862, 629, 167, 150
track:146, 861, 631, 167, 150
track:147, 857, 628, 175, 158
track:148, 853, 626, 184, 166
track:149, 853, 627, 184, 166
track:150, 854, 630, 184, 166
track:151, 858, 638, 175, 158
track:152, 858, 640, 175, 158
track:153, 854, 638, 184, 166
track:154, 854, 639, 184, 166
track:155, 854, 642, 184, 166
track:156, 854, 642, 184, 166
track:157, 856, 644, 184, 166
track:158, 862, 649, 175, 158
track:159, 861, 648, 175, 158
track:160, 860, 648, 175, 158
track:161, 859, 648, 175, 158
track:162, 856, 648, 175, 158
track:163, 856, 648, 175, 158
track:164, 855, 648, 175, 158
track:165, 860, 652, 167, 150
track:166, 861, 653, 167, 150
track:167, 861, 652, 167, 150
track:168, 861, 651, 167, 150
track:169, 860, 652, 167, 150
track:170, 861, 651, 167, 150
track:171, 863, 650, 167, 150
track:172, 865, 649, 167, 150
track:173, 864, 649, 167, 150
track:174, 863, 649, 167, 150
track:175, 861, 649, 167, 150
track:176, 859, 649, 167, 150
track:177, 860, 649, 167, 150
track:178, 863, 650, 167, 150
track:179, 863, 651, 167, 150
track:180, 864, 652, 167, 150
track:181, 864, 653, 167, 150
track:182, 866, 656, 167, 150
track:183, 872, 663, 159, 143
track:184, 873, 663, 159, 143
track:185, 874, 665, 159, 143
track:186, 873, 664, 159, 143
track:187, 864, 655, 167, 150
track:188, 860, 651, 167, 150
track:189, 860, 649, 167, 150
track:190, 856, 649, 167, 150
track:191, 856, 646, 167, 150
track:192, 855, 642, 167, 150
track:193, 855, 640, 167, 150
track:194, 854, 639, 167, 150
track:195, 856, 637, 167, 150
track:196, 858, 636, 167, 150
track:197, 858, 634, 167, 150
track:198, 855, 634, 167, 150
track:199, 854, 635, 167, 150
track:200, 852, 637, 167, 150
track:201, 855, 641, 159, 143
track:202, 853, 638, 159, 143
track:203, 853, 636, 159, 143
track:204, 853, 635, 159, 143
track:205, 854, 633, 159, 143
track:206, 855, 632, 159, 143
track:207, 852, 630, 159, 143
track:208, 851, 631, 159, 143
track:209, 850, 628, 159, 143
track:210, 848, 626, 159, 143
init :211, 849, 630, 152, 129
track:212, 848, 629, 152, 129
track:213, 849, 629, 152, 129
track:214, 849, 628, 152, 129
track:215, 850, 627, 152, 129
track:216, 850, 627, 152, 129
track:217, 850, 628, 152, 129
track:218, 850, 628, 152, 129
track:219, 849, 629, 152, 129
track:220, 849, 632, 152, 129
track:221, 850, 635, 152, 129
track:222, 853, 639, 145, 123
track:223, 853, 638, 145, 123
track:224, 852, 640, 145, 123
track:225, 853, 642, 145, 123
track:226, 853, 643, 145, 123
track:227, 853, 644, 145, 123
track:228, 852, 643, 145, 123
track:229, 853, 644, 145, 123
track:230, 853, 644, 145, 123
track:231, 855, 647, 138, 117
track:232, 854, 642, 138, 117
track:233, 854, 642, 138, 117
track:234, 853, 642, 138, 117
track:235, 856, 644, 131, 111
track:236, 857, 643, 131, 111
track:237, 859, 643, 131, 111
track:238, 859, 643, 131, 111
track:239, 860, 645, 131, 111
track:240, 861, 647, 131, 111
track:241, 862, 649, 131, 111
track:242, 863, 649, 131, 111
track:243, 862, 648, 131, 111
track:244, 862, 648, 131, 111
track:245, 865, 653, 125, 106
track:246, 865, 653, 125, 106
track:247, 865, 652, 125, 106
track:248, 865, 652, 125, 106
track:249, 865, 653, 125, 106
track:250, 865, 654, 125, 106
track:251, 866, 656, 125, 106
track:252, 866, 658, 125, 106
track:253, 866, 659, 125, 106
track:254, 867, 661, 125, 106
track:255, 867, 664, 125, 106
track:256, 868, 665, 125, 106
track:257, 869, 669, 125, 106
track:258, 870, 670, 125, 106
track:259, 870, 671, 125, 106
track:260, 870, 673, 125, 106
track:261, 870, 673, 125, 106
track:262, 870, 673, 125, 106
track:263, 870, 673, 125, 106
track:264, 870, 676, 125, 106
track:265, 870, 678, 125, 106
track:266, 869, 679, 125, 106
track:267, 870, 680, 125, 106
track:268, 870, 681, 125, 106
track:269, 869, 682, 125, 106
track:270, 871, 684, 125, 106
track:271, 870, 687, 125, 106
track:272, 869, 689, 131, 111
track:273, 869, 689, 131, 111
track:274, 868, 691, 131, 111
track:275, 870, 693, 131, 111
track:276, 870, 695, 131, 111
track:277, 871, 699, 131, 111
track:278, 871, 699, 131, 111
track:279, 872, 699, 131, 111
track:280, 874, 698, 131, 111
init :281, 867, 687, 138, 122
track:282, 869, 690, 138, 122
track:283, 869, 690, 138, 122
track:284, 870, 692, 138, 122
track:285, 872, 694, 138, 122
track:286, 874, 694, 138, 122
track:287, 876, 691, 138, 122
track:288, 874, 686, 145, 128
track:289, 870, 681, 152, 135
track:290, 866, 674, 160, 141
track:291, 865, 667, 160, 141
track:292, 863, 657, 168, 148
track:293, 864, 656, 168, 148
track:294, 865, 656, 168, 148
track:295, 867, 653, 168, 148
track:296, 864, 649, 176, 156
track:297, 858, 646, 185, 163
track:298, 855, 643, 194, 172
track:299, 853, 644, 194, 172
track:300, 852, 646, 194, 172
track:301, 845, 643, 204, 180
track:302, 837, 643, 214, 189
track:303, 837, 645, 214, 189
track:304, 837, 649, 214, 189
track:305, 830, 645, 225, 199
track:306, 828, 646, 225, 199
track:307, 822, 638, 236, 209
track:308, 823, 637, 236, 209
track:309, 821, 635, 236, 209
track:310, 814, 622, 248, 219
track:311, 814, 609, 248, 219
track:312, 814, 599, 248, 219
track:313, 814, 597, 248, 219
track:314, 816, 590, 248, 219
track:315, 815, 583, 248, 219
track:316, 815, 573, 248, 219
track:317, 818, 565, 248, 219
track:318, 819, 568, 248, 219
track:319, 827, 569, 236, 209
track:320, 834, 561, 236, 209
track:321, 840, 558, 225, 199
track:322, 840, 557, 225, 199
track:323, 844, 562, 214, 189
track:324, 843, 566, 214, 189
track:325, 843, 564, 214, 189
track:326, 848, 558, 204, 180
track:327, 847, 558, 204, 180
track:328, 847, 558, 204, 180
track:329, 844, 567, 204, 180
track:330, 840, 575, 204, 180
track:331, 845, 580, 194, 172
track:332, 843, 584, 194, 172
track:333, 843, 585, 194, 172
track:334, 841, 586, 194, 172
track:335, 841, 587, 194, 172
track:336, 841, 590, 194, 172
track:337, 841, 592, 194, 172
track:338, 842, 592, 194, 172
track:339, 843, 587, 194, 172
track:340, 849, 589, 185, 163
track:341, 849, 589, 185, 163
track:342, 850, 588, 185, 163
track:343, 849, 589, 185, 163
track:344, 848, 587, 185, 163
track:345, 850, 584, 185, 163
track:346, 853, 588, 176, 156
track:347, 858, 595, 168, 148
track:348, 858, 596, 168, 148
track:349, 862, 601, 160, 141
track:350, 863, 606, 160, 141
init :351, 872, 625, 147, 114
track:352, 873, 627, 147, 114
track:353, 873, 628, 147, 114
track:354, 874, 631, 147, 114
track:355, 872, 632, 147, 114
track:356, 876, 635, 140, 109
track:357, 875, 636, 140, 109
track:358, 875, 636, 140, 109
track:359, 875, 636, 140, 109
track:360, 875, 636, 140, 109
track:361, 874, 637, 140, 109
track:362, 873, 637, 140, 109
track:363, 873, 638, 140, 109
track:364, 876, 640, 133, 103
track:365, 875, 641, 133, 103
track:366, 874, 641, 133, 103
track:367, 872, 643, 133, 103
track:368, 875, 645, 127, 98
track:369, 874, 645, 127, 98
track:370, 874, 650, 127, 98
track:371, 876, 658, 121, 94
track:372, 876, 663, 121, 94
track:373, 876, 663, 121, 94
track:374, 875, 664, 121, 94
track:375, 874, 664, 121, 94
track:376, 871, 664, 121, 94
track:377, 869, 664, 121, 94
track:378, 869, 665, 121, 94
track:379, 869, 667, 121, 94
track:380, 868, 667, 121, 94
track:381, 870, 668, 115, 89
track:382, 869, 668, 115, 89
track:383, 867, 667, 115, 89
track:384, 866, 667, 115, 89
track:385, 865, 665, 115, 89
track:386, 865, 665, 115, 89
track:387, 865, 665, 115, 89
track:388, 865, 665, 115, 89
track:389, 865, 664, 115, 89
track:390, 864, 664, 115, 89
track:391, 864, 667, 115, 89
track:392, 865, 670, 115, 89
track:393, 865, 670, 115, 89
track:394, 865, 671, 115, 89
track:395, 866, 677, 115, 89
track:396, 867, 680, 115, 89
track:397, 869, 684, 115, 89
track:398, 869, 685, 115, 89
track:399, 870, 689, 115, 89
track:400, 871, 694, 115, 89
track:401, 872, 700, 115, 89
track:402, 874, 704, 115, 89
track:403, 874, 704, 115, 89
track:404, 875, 706, 115, 89
track:405, 876, 706, 115, 89
track:406, 877, 705, 115, 89
track:407, 877, 705, 115, 89
track:408, 877, 705, 115, 89
track:409, 877, 704, 115, 89
track:410, 878, 702, 115, 89
track:411, 878, 699, 115, 89
track:412, 882, 700, 110, 85
track:413, 882, 699, 110, 85
track:414, 882, 699, 110, 85
track:415, 882, 699, 110, 85
track:416, 882, 701, 110, 85
track:417, 882, 702, 110, 85
track:418, 882, 702, 110, 85
track:419, 882, 703, 110, 85
track:420, 880, 703, 110, 85
init :421, 876, 700, 110, 83
track:422, 876, 699, 110, 83
track:423, 876, 697, 110, 83
track:424, 876, 695, 110, 83
track:425, 876, 694, 110, 83
track:426, 875, 692, 110, 83
track:427, 874, 690, 110, 83
track:428, 873, 690, 110, 83
track:429, 873, 690, 110, 83
track:430, 873, 690, 110, 83
track:431, 873, 691, 110, 83
track:432, 872, 690, 110, 83
track:433, 872, 690, 110, 83
track:434, 871, 690, 110, 83
track:435, 870, 690, 110, 83
track:436, 869, 691, 110, 83
track:437, 869, 692, 110, 83
track:438, 869, 693, 110, 83
track:439, 870, 694, 110, 83
track:440, 868, 694, 115, 87
track:441, 868, 693, 115, 87
track:442, 866, 691, 121, 92
track:443, 867, 691, 121, 92
track:444, 867, 692, 121, 92
track:445, 866, 692, 121, 92
track:446, 867, 694, 121, 92
track:447, 867, 692, 121, 92
track:448, 867, 693, 121, 92
track:449, 867, 691, 121, 92
track:450, 868, 691, 121, 92
track:451, 867, 692, 121, 92
track:452, 869, 694, 121, 92
track:453, 869, 694, 121, 92
track:454, 870, 694, 121, 92
track:455, 871, 695, 121, 92
track:456, 872, 695, 121, 92
track:457, 871, 695, 121, 92
track:458, 871, 695, 121, 92
track:459, 870, 694, 121, 92
track:460, 871, 692, 121, 92
track:461, 871, 692, 121, 92
track:462, 871, 691, 121, 92
track:463, 871, 691, 121, 92
track:464, 868, 685, 127, 96
track:465, 867, 684, 127, 96
track:466, 867, 685, 127, 96
track:467, 868, 685, 127, 96
track:468, 867, 685, 127, 96
track:469, 867, 686, 127, 96
track:470, 869, 687, 127, 96
track:471, 870, 688, 127, 96
track:472, 867, 687, 134, 101
track:473, 867, 689, 134, 101
track:474, 864, 689, 140, 106
track:475, 866, 689, 140, 106
track:476, 868, 688, 140, 106
track:477, 868, 688, 140, 106
track:478, 870, 687, 140, 106
track:479, 868, 682, 147, 111
track:480, 866, 673, 155, 117
track:481, 867, 669, 155, 117
track:482, 867, 669, 155, 117
track:483, 872, 659, 155, 117
track:484, 872, 659, 155, 117
track:485, 874, 659, 155, 117
track:486, 875, 663, 155, 117
track:487, 874, 664, 155, 117
track:488, 873, 668, 155, 117
track:490, 866, 669, 163, 123
init :491, 863, 664, 170, 145
track:492, 863, 664, 170, 145
track:493, 862, 664, 170, 145
track:494, 861, 664, 170, 145
track:495, 857, 656, 170, 145
track:496, 858, 654, 170, 145
track:497, 856, 652, 170, 145
track:498, 853, 648, 170, 145
track:499, 853, 645, 170, 145
track:500, 852, 640, 170, 145
track:501, 852, 636, 170, 145
track:502, 851, 635, 170, 145
track:503, 852, 633, 170, 145
track:504, 851, 630, 170, 145
track:505, 850, 630, 170, 145
track:506, 850, 631, 170, 145
track:507, 849, 630, 170, 145
track:508, 849, 628, 170, 145
track:509, 849, 623, 170, 145
track:510, 848, 621, 170, 145
track:511, 848, 619, 170, 145
track:512, 848, 618, 170, 145
track:513, 847, 618, 170, 145
track:514, 847, 620, 170, 145
track:515, 847, 620, 170, 145
track:516, 846, 618, 170, 145
track:517, 847, 619, 170, 145
track:518, 848, 616, 170, 145
track:519, 847, 615, 170, 145
track:520, 847, 614, 170, 145
track:521, 851, 617, 162, 138
track:522, 852, 616, 162, 138
track:523, 853, 618, 162, 138
track:524, 856, 624, 154, 132
track:525, 858, 625, 154, 132
track:526, 859, 626, 154, 132
track:527, 862, 630, 147, 125
track:528, 862, 630, 147, 125
track:529, 866, 631, 140, 119
track:530, 867, 630, 140, 119
track:531, 871, 631, 133, 114
track:532, 871, 631, 133, 114
track:533, 873, 632, 133, 114
track:534, 873, 632, 133, 114
track:535, 872, 633, 133, 114
track:536, 872, 635, 133, 114
track:537, 872, 635, 133, 114
track:538, 872, 637, 133, 114
track:539, 873, 638, 133, 114
track:540, 876, 641, 127, 108
track:543, 877, 646, 121, 103
track:544, 877, 645, 121, 103
track:546, 877, 652, 115, 98
track:547, 876, 653, 115, 98
track:548, 875, 655, 115, 98
track:549, 875, 658, 115, 98
track:550, 874, 659, 115, 98
track:551, 876, 662, 110, 93
track:552, 878, 664, 104, 89
track:553, 880, 667, 99, 85
track:554, 880, 666, 99, 85
track:555, 879, 666, 99, 85
track:556, 878, 666, 99, 85
track:557, 879, 667, 99, 85
track:558, 878, 671, 99, 85
track:559, 878, 675, 99, 85
track:560, 877, 676, 99, 85
init :561, 876, 680, 96, 80
track:562, 876, 680, 96, 80
track:563, 876, 683, 96, 80
track:564, 876, 685, 96, 80
track:565, 876, 686, 96, 80
track:566, 876, 689, 96, 80
track:567, 876, 689, 96, 80
track:568, 877, 692, 96, 80
track:569, 878, 693, 96, 80
track:570, 877, 696, 96, 80
track:571, 876, 698, 96, 80
track:572, 876, 699, 96, 80
track:573, 878, 700, 96, 80
track:574, 879, 701, 96, 80
track:575, 880, 701, 96, 80
track:576, 878, 699, 96, 80
track:577, 878, 698, 96, 80
track:578, 879, 696, 96, 80
track:579, 880, 694, 96, 80
track:580, 877, 692, 101, 84
track:581, 878, 692, 101, 84
track:582, 878, 692, 101, 84
track:583, 877, 695, 101, 84
track:584, 877, 696, 101, 84
track:585, 877, 696, 101, 84
track:586, 877, 697, 101, 84
track:587, 877, 697, 101, 84
track:588, 877, 698, 101, 84
track:589, 878, 696, 101, 84
track:590, 877, 695, 101, 84
track:591, 875, 697, 101, 84
track:592, 875, 697, 101, 84
track:593, 874, 696, 101, 84
track:594, 874, 694, 101, 84
track:595, 872, 684, 106, 88
track:596, 872, 681, 106, 88
track:597, 868, 679, 111, 93
track:598, 868, 675, 111, 93
track:599, 867, 668, 111, 93
track:600, 868, 665, 111, 93
track:601, 868, 664, 111, 93
track:602, 868, 664, 111, 93
track:603, 868, 663, 111, 93
track:604, 867, 659, 111, 93
track:605, 867, 656, 111, 93
track:606, 867, 655, 111, 93
track:607, 867, 655, 111, 93
track:608, 867, 655, 111, 93
track:609, 868, 655, 111, 93
track:610, 866, 654, 117, 97
track:611, 866, 657, 117, 97
track:612, 866, 657, 117, 97
track:613, 865, 660, 117, 97
track:614, 866, 661, 117, 97
track:615, 865, 665, 117, 97
track:616, 865, 667, 117, 97
track:617, 865, 667, 117, 97
track:618, 865, 666, 117, 97
track:619, 865, 666, 117, 97
track:620, 866, 665, 117, 97
track:621, 864, 662, 123, 102
track:622, 864, 662, 123, 102
track:623, 862, 662, 123, 102
track:624, 859, 658, 129, 107
track:625, 860, 658, 129, 107
track:626, 861, 659, 129, 107
track:627, 861, 659, 129, 107
track:628, 862, 660, 129, 107
track:629, 861, 660, 129, 107
track:630, 860, 657, 129, 107
init :631, 858, 656, 143, 114
track:632, 858, 656, 143, 114
track:633, 860, 660, 143, 114
track:634, 857, 662, 150, 120
track:635, 857, 664, 150, 120
track:636, 859, 665, 150, 120
track:637, 859, 666, 150, 120
track:638, 860, 667, 150, 120
track:639, 861, 667, 150, 120
track:640, 862, 666, 150, 120
track:641, 861, 665, 150, 120
track:642, 861, 664, 150, 120
track:643, 861, 663, 150, 120
track:644, 862, 662, 150, 120
track:645, 864, 654, 143, 114
track:646, 866, 653, 143, 114
track:647, 865, 652, 143, 114
track:648, 866, 652, 143, 114
track:649, 865, 652, 143, 114
track:650, 867, 653, 143, 114
track:651, 869, 652, 143, 114
track:652, 870, 651, 143, 114
track:653, 871, 651, 143, 114
track:654, 871, 652, 143, 114
track:655, 871, 657, 143, 114
track:656, 873, 660, 143, 114
track:657, 873, 660, 143, 114
track:658, 875, 663, 143, 114
track:659, 872, 659, 150, 120
track:660, 872, 659, 150, 120
track:661, 872, 658, 150, 120
track:662, 872, 658, 150, 120
track:663, 874, 658, 150, 120
track:664, 875, 657, 150, 120
track:665, 876, 655, 150, 120
track:666, 876, 653, 150, 120
track:667, 876, 653, 150, 120
track:668, 877, 651, 150, 120
track:669, 877, 650, 150, 120
track:670, 877, 650, 150, 120
track:671, 875, 650, 150, 120
track:672, 875, 650, 150, 120
track:673, 873, 650, 150, 120
track:674, 872, 649, 150, 120
track:675, 872, 648, 150, 120
track:676, 871, 648, 150, 120
track:677, 871, 649, 150, 120
track:678, 868, 651, 150, 120
track:679, 868, 660, 150, 120
track:680, 868, 667, 150, 120
track:681, 869, 670, 150, 120
track:682, 869, 670, 150, 120
track:683, 867, 668, 150, 120
track:684, 865, 668, 150, 120
track:685, 865, 671, 150, 120
track:686, 865, 672, 150, 120
track:687, 865, 673, 150, 120
track:688, 865, 672, 150, 120
track:689, 864, 671, 150, 120
track:690, 863, 670, 150, 120
track:691, 862, 667, 150, 120
track:692, 862, 667, 150, 120
track:693, 862, 665, 150, 120
track:694, 862, 665, 150, 120
track:695, 862, 664, 150, 120
track:696, 861, 663, 150, 120
track:697, 861, 663, 150, 120
track:698, 858, 662, 150, 120
track:699, 857, 662, 150, 120
track:700, 856, 663, 150, 120
init :701, 853, 667, 152, 111
track:702, 853, 667, 152, 111
track:703, 853, 669, 152, 111
track:704, 852, 675, 152, 111
track:705, 850, 680, 152, 111
track:706, 850, 681, 152, 111
track:707, 850, 682, 152, 111
track:708, 848, 683, 152, 111
track:709, 849, 684, 152, 111
track:710, 849, 682, 152, 111
track:711, 846, 679, 160, 117
track:712, 846, 676, 160, 117
track:713, 846, 675, 160, 117
track:714, 846, 674, 160, 117
track:715, 846, 675, 160, 117
track:716, 845, 676, 160, 117
track:717, 845, 677, 160, 117
track:718, 850, 680, 152, 111
track:719, 850, 681, 152, 111
track:720, 847, 678, 160, 117
track:721, 848, 679, 160, 117
track:722, 847, 679, 160, 117
track:723, 847, 678, 160, 117
track:724, 847, 676, 160, 117
track:725, 849, 671, 160, 117
track:726, 849, 670, 160, 117
track:727, 849, 669, 160, 117
track:728, 850, 667, 160, 117
track:729, 849, 661, 160, 117
track:730, 846, 657, 168, 122
track:731, 846, 656, 168, 122
track:732, 846, 657, 168, 122
track:733, 846, 656, 168, 122
track:734, 847, 652, 168, 122
track:735, 848, 647, 168, 122
track:736, 849, 646, 168, 122
track:737, 848, 645, 168, 122
track:738, 847, 644, 168, 122
track:739, 846, 643, 168, 122
track:740, 848, 645, 168, 122
track:741, 849, 645, 168, 122
track:742, 848, 646, 168, 122
track:743, 847, 647, 168, 122
track:744, 846, 646, 168, 122
track:745, 847, 644, 168, 122
track:746, 847, 643, 168, 122
track:747, 848, 642, 168, 122
track:748, 848, 635, 168, 122
track:749, 846, 628, 168, 122
track:750, 845, 628, 168, 122
track:751, 845, 627, 168, 122
track:752, 844, 629, 168, 122
track:753, 850, 633, 160, 117
track:754, 852, 632, 160, 117
track:755, 855, 633, 160, 117
track:756, 856, 633, 160, 117
track:757, 856, 632, 160, 117
track:758, 855, 629, 160, 117
track:759, 855, 631, 160, 117
track:760, 855, 636, 160, 117
track:761, 855, 637, 160, 117
track:762, 857, 638, 160, 117
track:763, 860, 636, 160, 117
track:764, 860, 637, 160, 117
track:765, 859, 637, 160, 117
track:766, 859, 637, 160, 117
track:767, 858, 637, 160, 117
track:768, 858, 639, 160, 117
track:769, 862, 643, 152, 111
track:770, 864, 653, 152, 111
init :771, 867, 643, 147, 132
track:772, 868, 643, 147, 132
track:773, 868, 642, 147, 132
track:774, 869, 642, 147, 132
track:775, 869, 643, 147, 132
track:776, 870, 643, 147, 132
track:777, 870, 642, 147, 132
track:778, 870, 641, 147, 132
track:779, 872, 641, 147, 132
track:780, 873, 641, 147, 132
track:781, 876, 644, 140, 126
track:782, 876, 645, 140, 126
track:783, 877, 644, 140, 126
track:784, 876, 643, 140, 126
track:785, 875, 644, 140, 126
track:786, 879, 645, 133, 120
track:787, 878, 646, 133, 120
track:788, 878, 647, 133, 120
track:789, 880, 650, 127, 114
track:790, 880, 649, 127, 114
track:791, 879, 649, 127, 114
track:792, 879, 647, 127, 114
track:793, 878, 649, 127, 114
track:794, 878, 650, 127, 114
track:795, 878, 655, 127, 114
track:796, 879, 656, 127, 114
track:797, 878, 655, 127, 114
track:798, 875, 651, 133, 120
track:799, 875, 652, 133, 120
track:800, 875, 654, 133, 120
track:801, 876, 653, 133, 120
track:802, 875, 654, 133, 120
track:803, 874, 654, 133, 120
track:804, 875, 656, 133, 120
track:805, 874, 656, 133, 120
track:806, 874, 656, 133, 120
track:807, 874, 656, 133, 120
track:808, 873, 657, 133, 120
track:809, 873, 659, 133, 120
track:810, 874, 660, 133, 120
track:811, 873, 661, 133, 120
track:812, 873, 663, 133, 120
track:813, 870, 662, 133, 120
track:814, 869, 662, 133, 120
track:815, 868, 662, 133, 120
track:816, 869, 662, 133, 120
track:817, 868, 665, 133, 120
track:818, 868, 670, 133, 120
track:819, 867, 672, 133, 120
track:820, 864, 683, 133, 120
track:821, 864, 684, 133, 120
track:822, 864, 684, 133, 120
track:823, 860, 681, 140, 126
track:824, 859, 680, 140, 126
track:825, 858, 680, 140, 126
track:826, 854, 678, 147, 132
track:827, 854, 683, 147, 132
track:828, 850, 684, 154, 139
track:829, 851, 686, 154, 139
track:830, 852, 688, 154, 139
track:831, 853, 688, 154, 139
track:832, 855, 688, 154, 139
track:833, 854, 684, 162, 146
track:834, 854, 678, 162, 146
track:835, 853, 669, 162, 146
track:836, 854, 669, 162, 146
track:837, 850, 660, 170, 153
track:838, 849, 658, 170, 153
track:839, 847, 654, 170, 153
track:840, 846, 649, 170, 153
init :841, 840, 646, 180, 163
track:842, 839, 645, 180, 163
track:843, 837, 643, 180, 163
track:844, 836, 639, 180, 163
track:845, 831, 625, 180, 163
track:846, 831, 625, 180, 163
track:847, 830, 621, 180, 163
track:848, 829, 613, 180, 163
track:849, 829, 612, 180, 163
track:850, 823, 607, 189, 171
track:851, 823, 607, 189, 171
track:852, 822, 598, 198, 180
track:853, 825, 594, 198, 180
track:854, 827, 595, 198, 180
track:855, 822, 593, 208, 189
track:856, 823, 594, 208, 189
track:857, 827, 600, 198, 180
track:858, 828, 597, 198, 180
track:859, 829, 594, 198, 180
track:860, 829, 591, 198, 180
track:861, 829, 592, 198, 180
track:862, 829, 593, 198, 180
track:863, 830, 597, 198, 180
track:864, 831, 603, 198, 180
track:865, 831, 609, 198, 180
track:866, 830, 610, 198, 180
track:867, 835, 618, 189, 171
track:868, 840, 625, 180, 163
track:869, 841, 626, 180, 163
track:870, 841, 630, 180, 163
track:871, 841, 631, 180, 163
track:872, 842, 630, 180, 163
track:873, 842, 631, 180, 163
track:874, 848, 635, 171, 155
track:875, 853, 639, 163, 148
track:876, 852, 638, 163, 148
track:877, 853, 639, 163, 148
track:878, 855, 639, 163, 148
track:879, 856, 638, 163, 148
track:880, 857, 638, 163, 148
track:881, 857, 638, 163, 148
track:882, 857, 637, 163, 148
track:883, 859, 637, 163, 148
track:884, 861, 636, 163, 148
track:885, 866, 640, 155, 141
track:886, 866, 640, 155, 141
track:887, 867, 641, 155, 141
track:888, 868, 641, 155, 141
track:889, 869, 639, 155, 141
track:890, 870, 637, 155, 141
track:891, 871, 637, 155, 141
track:892, 877, 640, 148, 134
track:893, 877, 638, 148, 134
track:894, 878, 637, 148, 134
track:895, 879, 637, 148, 134
track:896, 879, 637, 148, 134
track:897, 878, 637, 148, 134
track:898, 880, 640, 141, 128
track:899, 879, 639, 141, 128
track:900, 878, 640, 141, 128
track:901, 877, 640, 141, 128
track:902, 880, 646, 134, 122
track:903, 879, 646, 134, 122
track:904, 882, 649, 128, 116
track:905, 885, 651, 122, 110
track:906, 885, 651, 122, 110
track:907, 901, 637, 122, 110
track:908, 910, 638, 122, 110
track:909, 912, 644, 122, 110
track:910, 911, 650, 122, 110
init :911, 803, 558, 290, 262
track:912, 797, 556, 304, 275
track:913, 797, 558, 304, 275
track:914, 798, 561, 304, 275
track:915, 799, 566, 304, 275
track:916, 806, 572, 290, 262
track:917, 800, 568, 304, 275
track:918, 807, 576, 290, 262
track:919, 814, 583, 276, 250
track:920, 805, 578, 290, 262
track:921, 804, 578, 290, 262
track:922, 801, 577, 290, 262
track:923, 795, 575, 290, 262
track:924, 790, 575, 290, 262
track:925, 786, 573, 290, 262
track:926, 784, 574, 290, 262
track:927, 782, 575, 290, 262
track:928, 775, 574, 290, 262
track:929, 770, 574, 290, 262
track:930, 767, 574, 290, 262
track:931, 766, 574, 290, 262
track:932, 764, 574, 290, 262
track:933, 765, 573, 290, 262
track:934, 763, 569, 290, 262
track:935, 765, 566, 290, 262
track:936, 764, 567, 290, 262
track:937, 765, 564, 290, 262
track:938, 766, 562, 290, 262
track:939, 758, 552, 304, 275
track:940, 760, 551, 304, 275
track:941, 760, 550, 304, 275
track:942, 761, 548, 304, 275
track:943, 765, 555, 290, 262
track:944, 765, 554, 290, 262
track:945, 762, 553, 290, 262
track:946, 762, 554, 290, 262
track:947, 759, 553, 290, 262
track:948, 759, 555, 290, 262
track:949, 750, 557, 290, 262
track:950, 749, 559, 290, 262
track:951, 743, 558, 290, 262
track:952, 745, 561, 290, 262
track:953, 744, 561, 290, 262
track:954, 742, 562, 290, 262
track:955, 736, 564, 290, 262
track:956, 733, 563, 290, 262
track:957, 737, 566, 290, 262
track:958, 736, 567, 290, 262
track:959, 742, 576, 276, 250
track:960, 739, 576, 276, 250
track:961, 740, 576, 276, 250
track:962, 737, 578, 276, 250
track:963, 735, 578, 276, 250
track:964, 733, 579, 276, 250
track:965, 732, 579, 276, 250
track:966, 728, 580, 276, 250
track:967, 721, 580, 276, 250
track:968, 719, 581, 276, 250
track:969, 712, 582, 276, 250
track:970, 713, 581, 276, 250
track:971, 712, 582, 276, 250
track:972, 703, 582, 276, 250
track:973, 699, 582, 276, 250
track:974, 697, 582, 276, 250
track:975, 696, 582, 276, 250
track:976, 691, 583, 276, 250
track:977, 692, 584, 276, 250
track:978, 692, 585, 276, 250
track:979, 690, 585, 276, 250
track:980, 690, 585, 276, 250
init :981, 692, 586, 470, 246
track:982, 693, 587, 470, 246
track:983, 694, 588, 470, 246
track:984, 695, 590, 470, 246
track:985, 698, 588, 470, 246
track:986, 700, 587, 470, 246
track:987, 700, 587, 470, 246
track:988, 702, 587, 470, 246
track:989, 704, 588, 470, 246
track:990, 706, 589, 470, 246
track:991, 707, 589, 470, 246
track:992, 719, 595, 448, 234
track:993, 719, 596, 448, 234
track:994, 717, 592, 448, 234
track:995, 717, 593, 448, 234
track:996, 709, 583, 470, 246
track:997, 697, 576, 493, 258
track:998, 710, 579, 470, 246
track:999, 725, 583, 448, 234
track:1000, 728, 582, 448, 234
track:1001, 739, 586, 426, 223
track:1002, 741, 584, 426, 223
track:1003, 738, 575, 448, 234
track:1004, 740, 570, 448, 234
track:1005, 743, 569, 448, 234
track:1006, 746, 568, 448, 234
track:1007, 747, 566, 448, 234
track:1008, 744, 561, 448, 234
track:1009, 750, 566, 426, 223
track:1010, 751, 566, 426, 223
track:1011, 749, 565, 426, 223
track:1012, 746, 563, 426, 223
track:1013, 754, 566, 406, 213
track:1014, 746, 567, 406, 213
track:1015, 746, 567, 406, 213
track:1016, 745, 565, 406, 213
track:1017, 752, 569, 387, 202
track:1018, 743, 568, 387, 202
track:1019, 745, 567, 387, 202
track:1020, 750, 570, 368, 193
track:1021, 756, 573, 351, 184
track:1022, 755, 574, 351, 184
track:1023, 753, 572, 351, 184
track:1024, 751, 572, 351, 184
track:1025, 751, 572, 351, 184
track:1026, 758, 577, 334, 175
track:1027, 758, 576, 334, 175
track:1028, 747, 576, 334, 175
track:1029, 750, 579, 334, 175
track:1030, 748, 581, 334, 175
track:1031, 732, 576, 351, 184
track:1032, 729, 577, 351, 184
track:1033, 727, 578, 351, 184
track:1034, 720, 578, 351, 184
track:1035, 718, 579, 351, 184
track:1036, 712, 582, 351, 184
track:1037, 702, 579, 368, 193
track:1038, 715, 588, 351, 184
track:1039, 720, 594, 334, 175
track:1040, 722, 595, 334, 175
track:1041, 719, 596, 334, 175
track:1042, 715, 597, 334, 175
track:1043, 714, 599, 334, 175
track:1044, 723, 606, 318, 167
track:1045, 723, 606, 318, 167
track:1046, 724, 608, 318, 167
track:1047, 732, 613, 303, 159
track:1048, 736, 613, 303, 159
track:1049, 742, 612, 303, 159
track:1050, 745, 612, 303, 159
init :1051, 756, 610, 452, 150
track:1052, 761, 607, 452, 150
track:1053, 768, 607, 452, 150
track:1054, 773, 608, 452, 150
track:1055, 777, 608, 452, 150
track:1056, 780, 607, 452, 150
track:1057, 785, 608, 452, 150
track:1058, 788, 609, 452, 150
track:1059, 790, 610, 452, 150
track:1060, 789, 611, 452, 150
track:1061, 781, 608, 475, 158
track:1062, 766, 604, 498, 165
track:1063, 777, 609, 475, 158
track:1064, 773, 608, 475, 158
track:1065, 782, 612, 452, 150
track:1066, 776, 611, 452, 150
track:1067, 767, 611, 452, 150
track:1068, 762, 613, 452, 150
track:1069, 751, 613, 452, 150
track:1070, 751, 612, 452, 150
track:1071, 732, 610, 475, 158
track:1072, 715, 610, 475, 158
track:1073, 693, 605, 498, 165
track:1074, 681, 605, 498, 165
track:1075, 673, 604, 498, 165
track:1076, 664, 605, 498, 165
track:1077, 655, 607, 498, 165
track:1078, 639, 607, 498, 165
track:1079, 629, 606, 498, 165
track:1080, 640, 610, 475, 158
track:1081, 631, 609, 475, 158
track:1082, 639, 614, 452, 150
track:1083, 646, 619, 430, 143
track:1084, 644, 621, 430, 143
track:1085, 640, 621, 430, 143
track:1086, 646, 622, 410, 136
track:1087, 644, 621, 410, 136
track:1088, 642, 620, 410, 136
track:1089, 638, 620, 410, 136
track:1090, 644, 622, 390, 130
track:1091, 653, 625, 372, 123
track:1092, 650, 623, 372, 123
track:1093, 651, 622, 390, 130
track:1094, 649, 623, 390, 130
track:1095, 646, 624, 390, 130
track:1096, 645, 623, 390, 130
track:1097, 651, 621, 390, 130
track:1098, 654, 622, 390, 130
track:1099, 653, 621, 390, 130
track:1100, 652, 621, 390, 130
track:1101, 653, 620, 390, 130
track:1102, 653, 622, 390, 130
track:1103, 646, 620, 410, 136
track:1104, 636, 619, 430, 143
track:1105, 644, 620, 430, 143
track:1106, 639, 620, 430, 143
track:1107, 641, 622, 430, 143
track:1108, 640, 622, 430, 143
track:1109, 645, 625, 410, 136
track:1110, 651, 630, 390, 130
track:1111, 645, 631, 390, 130
track:1112, 638, 631, 390, 130
track:1113, 646, 634, 372, 123
track:1114, 644, 633, 372, 123
track:1115, 645, 634, 372, 123
track:1116, 649, 632, 372, 123
track:1117, 655, 635, 354, 118
track:1118, 657, 637, 337, 112
track:1119, 656, 632, 337, 112
track:1120, 656, 632, 337, 112
init :1121, 701, 628, 401, 184
track:1122, 701, 628, 401, 184
track:1123, 697, 627, 401, 184
track:1124, 693, 627, 401, 184
track:1125, 693, 626, 401, 184
track:1126, 697, 626, 401, 184
track:1127, 699, 627, 401, 184
track:1128, 699, 628, 401, 184
track:1129, 706, 626, 401, 184
track:1130, 703, 626, 401, 184
track:1131, 705, 629, 401, 184
track:1132, 712, 629, 382, 175
track:1133, 718, 630, 382, 175
track:1134, 701, 625, 401, 184
track:1135, 697, 623, 401, 184
track:1136, 694, 625, 401, 184
track:1137, 697, 622, 401, 184
track:1138, 687, 617, 401, 184
track:1139, 678, 611, 401, 184
track:1140, 678, 611, 401, 184
track:1141, 686, 617, 382, 175
track:1142, 680, 614, 382, 175
track:1143, 670, 626, 382, 175
track:1144, 641, 629, 401, 184
track:1145, 651, 640, 382, 175
track:1146, 657, 643, 382, 175
track:1147, 660, 648, 364, 167
track:1148, 663, 651, 364, 167
track:1149, 665, 657, 346, 159
track:1150, 663, 653, 346, 159
track:1151, 657, 658, 346, 159
track:1152, 655, 659, 346, 159
track:1153, 650, 655, 346, 159
track:1154, 645, 655, 346, 159
track:1155, 644, 656, 346, 159
track:1156, 640, 653, 364, 167
track:1157, 641, 658, 364, 167
track:1158, 637, 660, 364, 167
track:1159, 646, 662, 346, 159
track:1160, 637, 658, 364, 167
track:1161, 641, 658, 364, 167
track:1162, 644, 656, 364, 167
track:1163, 644, 657, 364, 167
track:1164, 644, 659, 364, 167
track:1165, 645, 659, 364, 167
track:1166, 638, 657, 364, 167
track:1167, 631, 660, 364, 167
track:1168, 630, 658, 364, 167
track:1169, 629, 659, 364, 167
track:1170, 626, 658, 364, 167
track:1171, 628, 656, 364, 167
track:1172, 618, 655, 364, 167
track:1173, 623, 662, 346, 159
track:1174, 628, 659, 346, 159
track:1175, 630, 665, 330, 151
track:1176, 642, 667, 314, 144
track:1177, 641, 663, 314, 144
track:1178, 644, 663, 314, 144
track:1179, 646, 658, 314, 144
track:1180, 652, 664, 299, 137
track:1181, 661, 667, 285, 131
track:1182, 655, 663, 285, 131
track:1183, 669, 663, 271, 125
track:1184, 673, 663, 271, 125
track:1185, 672, 662, 271, 125
track:1186, 677, 665, 258, 119
track:1187, 682, 663, 258, 119
track:1188, 681, 661, 258, 119
track:1189, 682, 660, 258, 119
track:1190, 682, 661, 258, 119
init :1191, 793, 633, 387, 127
track:1192, 790, 631, 387, 127
track:1193, 790, 630, 387, 127
track:1194, 786, 629, 387, 127
track:1195, 786, 628, 387, 127
track:1196, 791, 631, 369, 121
track:1197, 795, 629, 369, 121
track:1198, 786, 624, 387, 127
track:1199, 781, 626, 387, 127
track:1200, 778, 625, 387, 127
track:1201, 781, 625, 387, 127
track:1202, 789, 629, 369, 121
track:1203, 790, 629, 369, 121
track:1204, 791, 628, 369, 121
track:1205, 792, 627, 369, 121
track:1206, 789, 625, 387, 127
track:1207, 789, 624, 387, 127
track:1208, 802, 624, 387, 127
track:1209, 802, 625, 387, 127
track:1210, 813, 624, 387, 127
track:1211, 822, 629, 369, 121
track:1212, 825, 628, 369, 121
track:1213, 829, 629, 369, 121
track:1214, 830, 632, 369, 121
track:1215, 840, 635, 351, 115
track:1216, 838, 635, 351, 115
track:1217, 842, 637, 351, 115
track:1218, 839, 638, 351, 115
track:1219, 838, 638, 351, 115
track:1220, 842, 641, 334, 110
track:1221, 844, 641, 334, 110
track:1222, 846, 642, 334, 110
track:1223, 844, 641, 334, 110
track:1224, 844, 640, 334, 110
track:1225, 844, 641, 334, 110
track:1226, 853, 645, 318, 104
track:1227, 862, 647, 303, 100
track:1228, 864, 647, 303, 100
track:1229, 866, 647, 303, 100
track:1230, 870, 646, 303, 100
track:1231, 865, 645, 303, 100
track:1232, 864, 648, 303, 100
track:1233, 867, 648, 303, 100
track:1234, 866, 648, 303, 100
track:1235, 869, 651, 289, 95
track:1236, 877, 654, 275, 90
track:1237, 881, 654, 275, 90
track:1238, 871, 654, 275, 90
track:1239, 872, 654, 275, 90
track:1240, 870, 655, 275, 90
track:1241, 873, 656, 275, 90
track:1242, 873, 658, 275, 90
track:1243, 873, 659, 275, 90
track:1244, 873, 661, 275, 90
track:1245, 860, 662, 275, 90
track:1246, 863, 667, 275, 90
track:1247, 865, 669, 275, 90
track:1248, 921, 673, 262, 86
track:1249, 919, 673, 262, 86
track:1250, 976, 675, 262, 86
track:1251, 921, 674, 262, 86
track:1252, 891, 675, 262, 86
track:1253, 888, 678, 249, 82
track:1254, 887, 678, 249, 82
track:1255, 881, 676, 262, 86
track:1256, 881, 677, 262, 86
track:1257, 875, 678, 262, 86
track:1258, 867, 674, 275, 90
track:1259, 863, 675, 275, 90
track:1260, 867, 677, 262, 86
init :1261, 793, 589, 73, 51
track:1262, 820, 590, 73, 51
track:1263, 846, 588, 77, 54
track:1264, 847, 588, 77, 54
track:1265, 861, 589, 77, 54
track:1266, 894, 589, 77, 54
track:1267, 918, 589, 77, 54
track:1268, 917, 583, 73, 51
track:1269, 919, 584, 70, 49
track:1270, 940, 586, 70, 49
track:1271, 954, 584, 66, 46
track:1272, 969, 582, 66, 46
track:1273, 971, 587, 66, 46
track:1274, 949, 582, 66, 46
track:1275, 942, 589, 66, 46
track:1276, 950, 593, 66, 46
track:1277, 954, 592, 70, 49
track:1278, 963, 587, 70, 49
track:1279, 962, 588, 70, 49
track:1280, 977, 588, 70, 49
track:1281, 988, 589, 73, 51
track:1282, 965, 588, 77, 54
track:1283, 963, 588, 77, 54
track:1284, 960, 588, 80, 56
track:1285, 951, 586, 85, 59
track:1286, 931, 586, 85, 59
track:1287, 924, 587, 85, 59
track:1288, 930, 589, 80, 56
track:1289, 930, 593, 77, 54
track:1290, 946, 595, 73, 51
track:1291, 959, 597, 73, 51
track:1292, 949, 596, 73, 51
track:1293, 957, 599, 70, 49
track:1294, 956, 596, 73, 51
track:1295, 973, 599, 77, 54
track:1296, 983, 603, 80, 56
track:1297, 1002, 610, 80, 56
track:1298, 1015, 610, 80, 56
track:1299, 1017, 611, 77, 54
track:1300, 1023, 612, 77, 54
track:1301, 1022, 610, 77, 54
track:1302, 1028, 611, 77, 54
track:1303, 1011, 602, 80, 56
track:1304, 1003, 595, 85, 59
track:1305, 982, 596, 89, 62
track:1306, 991, 595, 89, 62
track:1307, 1007, 595, 89, 62
track:1308, 1016, 596, 89, 62
track:1309, 1017, 594, 89, 62
track:1310, 1027, 595, 89, 62
track:1311, 1034, 597, 93, 65
track:1312, 1049, 600, 93, 65
track:1313, 1060, 603, 93, 65
track:1314, 1067, 603, 93, 65
track:1315, 1079, 603, 93, 65
track:1316, 1101, 605, 93, 65
track:1317, 1102, 604, 98, 68
track:1318, 1119, 609, 93, 65
track:1319, 1118, 605, 89, 62
track:1320, 1127, 606, 89, 62
track:1321, 1135, 609, 89, 62
track:1322, 1123, 618, 85, 59
track:1323, 1123, 618, 85, 59
track:1324, 1123, 618, 85, 59
track:1325, 1101, 613, 89, 62
track:1326, 1104, 612, 93, 65
track:1327, 1105, 613, 93, 65
track:1328, 1117, 615, 93, 65
track:1329, 1117, 615, 93, 65
track:1330, 1127, 619, 89, 62
init :1331, 867, 677, 166, 49
track:1332, 865, 677, 166, 49
track:1333, 863, 677, 166, 49
track:1334, 863, 677, 166, 49
track:1335, 858, 677, 166, 49
track:1336, 853, 678, 166, 49
track:1337, 849, 678, 166, 49
track:1338, 847, 678, 166, 49
track:1339, 846, 678, 166, 49
track:1340, 846, 678, 166, 49
track:1341, 844, 678, 166, 49
track:1342, 843, 678, 166, 49
track:1343, 840, 677, 174, 51
track:1344, 839, 677, 174, 51
track:1345, 841, 677, 174, 51
track:1346, 840, 677, 174, 51
track:1347, 841, 678, 174, 51
track:1348, 840, 678, 174, 51
track:1349, 840, 679, 174, 51
track:1350, 843, 680, 166, 49
track:1351, 841, 680, 166, 49
track:1352, 839, 681, 166, 49
track:1353, 839, 681, 166, 49
track:1354, 839, 681, 166, 49
track:1355, 840, 681, 166, 49
track:1356, 841, 682, 166, 49
track:1357, 837, 681, 174, 51
track:1358, 837, 681, 174, 51
track:1359, 838, 681, 174, 51
track:1360, 836, 681, 174, 51
track:1361, 836, 682, 174, 51
track:1362, 836, 682, 174, 51
track:1363, 836, 683, 174, 51
track:1364, 838, 683, 174, 51
track:1365, 833, 683, 183, 54
track:1366, 831, 683, 183, 54
track:1367, 835, 685, 174, 51
track:1368, 836, 685, 174, 51
track:1369, 836, 685, 174, 51
track:1370, 831, 685, 183, 54
track:1371, 830, 685, 183, 54
track:1372, 828, 686, 183, 54
track:1373, 827, 687, 183, 54
track:1374, 825, 687, 183, 54
track:1375, 817, 687, 192, 57
track:1376, 814, 686, 192, 57
track:1377, 817, 688, 183, 54
track:1378, 815, 689, 183, 54
track:1379, 814, 689, 183, 54
track:1380, 809, 690, 183, 54
track:1381, 808, 691, 183, 54
track:1382, 800, 690, 192, 57
track:1383, 796, 691, 192, 57
track:1384, 794, 692, 192, 57
track:1385, 792, 693, 192, 57
track:1386, 794, 695, 192, 57
track:1387, 796, 695, 192, 57
track:1388, 799, 697, 192, 57
track:1389, 799, 697, 192, 57
track:1390, 801, 697, 192, 57
track:1391, 803, 698, 192, 57
track:1392, 812, 700, 183, 54
track:1393, 820, 702, 174, 51
track:1394, 821, 702, 174, 51
track:1395, 825, 704, 166, 49
track:1396, 823, 702, 174, 51
track:1397, 824, 703, 174, 51
track:1398, 823, 704, 174, 51
track:1399, 823, 704, 174, 51
track:1400, 816, 705, 183, 54
init :1401, 821, 711, 203, 64
track:1402, 811, 709, 213, 67
track:1403, 808, 710, 213, 67
track:1404, 806, 710, 213, 67
track:1405, 801, 711, 213, 67
track:1406, 800, 711, 213, 67
track:1407, 798, 712, 213, 67
track:1408, 794, 712, 213, 67
track:1409, 793, 712, 213, 67
track:1410, 793, 713, 213, 67
track:1411, 788, 712, 224, 71
track:1412, 789, 712, 224, 71
track:1413, 790, 713, 224, 71
track:1414, 790, 713, 224, 71
track:1415, 790, 713, 224, 71
track:1416, 796, 716, 213, 67
track:1417, 795, 717, 213, 67
track:1418, 793, 717, 213, 67
track:1419, 794, 717, 213, 67
track:1420, 792, 718, 213, 67
track:1421, 791, 719, 213, 67
track:1422, 784, 719, 224, 71
track:1423, 785, 719, 224, 71
track:1424, 784, 719, 224, 71
track:1425, 786, 720, 224, 71
track:1426, 784, 721, 224, 71
track:1427, 785, 721, 224, 71
track:1428, 786, 722, 224, 71
track:1429, 787, 722, 224, 71
track:1430, 781, 720, 235, 74
track:1431, 777, 722, 235, 74
track:1432, 777, 723, 235, 74
track:1433, 771, 723, 235, 74
track:1434, 773, 723, 235, 74
track:1435, 777, 725, 224, 71
track:1436, 773, 725, 224, 71
track:1437, 775, 725, 224, 71
track:1438, 771, 726, 224, 71
track:1439, 773, 726, 224, 71
track:1440, 769, 726, 224, 71
track:1441, 770, 728, 224, 71
track:1442, 760, 726, 235, 74
track:1443, 756, 726, 235, 74
track:1444, 755, 726, 235, 74
track:1445, 750, 725, 235, 74
track:1446, 740, 724, 247, 78
track:1447, 738, 725, 247, 78
track:1448, 741, 725, 247, 78
track:1449, 742, 726, 247, 78
track:1450, 734, 724, 259, 82
track:1451, 738, 725, 259, 82
track:1452, 734, 724, 272, 86
track:1453, 758, 721, 272, 86
track:1454, 756, 720, 272, 86
track:1455, 754, 718, 286, 90
track:1456, 762, 717, 286, 90
track:1457, 773, 716, 286, 90
track:1458, 778, 713, 300, 95
track:1459, 784, 714, 286, 90
track:1460, 788, 714, 286, 90
track:1461, 791, 710, 300, 95
track:1462, 793, 709, 300, 95
track:1463, 793, 707, 300, 95
track:1464, 798, 706, 300, 95
track:1465, 811, 705, 286, 90
track:1466, 817, 706, 272, 86
track:1467, 819, 708, 272, 86
track:1468, 822, 706, 272, 86
track:1469, 822, 711, 259, 82
track:1470, 816, 709, 272, 86
init :1471, 853, 693, 161, 163
track:1472, 851, 690, 161, 163
track:1473, 850, 689, 161, 163
track:1474, 846, 687, 161, 163
track:1475, 843, 684, 161, 163
track:1476, 841, 683, 161, 163
track:1477, 841, 681, 161, 163
track:1478, 844, 681, 161, 163
track:1479, 842, 678, 161, 163
track:1480, 842, 675, 161, 163
track:1481, 841, 671, 161, 163
track:1482, 847, 669, 161, 163
track:1483, 843, 664, 169, 171
track:1484, 849, 663, 169, 171
track:1485, 851, 661, 169, 171
track:1486, 864, 664, 161, 163
track:1487, 870, 665, 153, 155
track:1488, 871, 664, 153, 155
track:1489, 872, 659, 161, 163
track:1490, 874, 659, 161, 163
track:1491, 880, 658, 153, 155
track:1492, 879, 653, 161, 163
track:1493, 879, 652, 161, 163
track:1494, 870, 648, 161, 163
track:1495, 871, 645, 161, 163
track:1496, 864, 641, 161, 163
track:1497, 855, 635, 161, 163
track:1498, 848, 636, 161, 163
track:1499, 846, 627, 169, 171
track:1500, 841, 627, 161, 163
track:1501, 843, 624, 161, 163
track:1502, 833, 618, 161, 163
track:1503, 830, 619, 161, 163
track:1504, 834, 614, 161, 163
track:1505, 826, 609, 161, 163
track:1506, 822, 609, 161, 163
track:1507, 820, 606, 161, 163
track:1508, 822, 604, 161, 163
track:1509, 819, 602, 161, 163
track:1510, 820, 603, 153, 155
track:1511, 823, 602, 146, 148
track:1512, 815, 602, 139, 141
track:1513, 813, 603, 139, 141
track:1514, 803, 602, 139, 141
track:1515, 784, 601, 139, 141
track:1516, 761, 601, 139, 141
track:1517, 735, 601, 139, 141
track:1518, 733, 602, 139, 141
track:1519, 711, 601, 139, 141
track:1520, 691, 602, 139, 141
track:1521, 662, 602, 139, 141
track:1522, 654, 602, 139, 141
track:1523, 656, 608, 132, 134
track:1524, 653, 607, 132, 134
track:1525, 652, 607, 132, 134
track:1526, 654, 605, 132, 134
track:1527, 661, 603, 132, 134
track:1528, 661, 604, 132, 134
track:1529, 691, 602, 132, 134
track:1530, 717, 602, 132, 134
track:1531, 743, 604, 126, 128
track:1532, 769, 607, 120, 122
track:1533, 770, 607, 120, 122
track:1534, 797, 607, 120, 122
track:1535, 822, 607, 120, 122
track:1536, 848, 611, 114, 116
track:1537, 870, 611, 114, 116
track:1538, 872, 611, 114, 116
track:1539, 883, 612, 114, 116
track:1540, 893, 614, 114, 116
init :1541, 909, 643, 230, 75
track:1542, 909, 643, 230, 75
track:1543, 909, 643, 230, 75
track:1544, 909, 644, 230, 75
track:1545, 905, 645, 230, 75
track:1546, 901, 646, 230, 75
track:1547, 893, 648, 230, 75
track:1548, 891, 650, 230, 75
track:1549, 890, 653, 219, 71
track:1550, 876, 655, 219, 71
track:1551, 872, 656, 219, 71
track:1552, 867, 657, 219, 71
track:1553, 872, 660, 209, 68
track:1554, 868, 661, 209, 68
track:1555, 867, 662, 209, 68
track:1556, 867, 663, 209, 68
track:1557, 875, 665, 199, 65
track:1558, 874, 666, 199, 65
track:1559, 880, 667, 189, 62
track:1560, 888, 670, 180, 59
track:1561, 894, 671, 172, 56
track:1562, 901, 672, 163, 53
track:1563, 905, 673, 156, 51
track:1564, 906, 674, 156, 51
track:1565, 907, 673, 156, 51
track:1566, 907, 674, 156, 51
track:1567, 906, 675, 156, 51
track:1568, 908, 676, 148, 48
track:1569, 911, 678, 141, 46
track:1570, 909, 677, 141, 46
track:1571, 908, 677, 141, 46
track:1572, 907, 677, 141, 46
track:1573, 910, 679, 134, 44
track:1574, 907, 679, 134, 44
track:1575, 902, 679, 134, 44
track:1576, 900, 679, 134, 44
track:1577, 898, 680, 128, 42
track:1578, 899, 682, 122, 40
track:1579, 901, 683, 116, 38
track:1580, 898, 683, 116, 38
track:1581, 894, 683, 116, 38
track:1582, 891, 684, 116, 38
track:1583, 891, 684, 116, 38
track:1584, 892, 685, 116, 38
track:1585, 893, 686, 111, 36
track:1586, 893, 686, 111, 36
track:1587, 895, 686, 105, 34
track:1588, 894, 686, 105, 34
track:1589, 897, 687, 100, 33
track:1590, 900, 687, 96, 31
track:1591, 901, 688, 91, 30
track:1592, 903, 689, 91, 30
track:1593, 903, 689, 87, 28
track:1594, 901, 690, 87, 28
track:1595, 901, 691, 83, 27
track:1596, 902, 691, 79, 26
track:1599, 902, 692, 75, 24
track:1600, 903, 692, 71, 23
track:1601, 902, 692, 71, 23
track:1602, 903, 692, 68, 22
track:1603, 904, 693, 68, 22
track:1604, 899, 693, 65, 21
track:1605, 896, 692, 68, 22
track:1606, 896, 692, 65, 21
track:1607, 895, 692, 65, 21
track:1608, 894, 692, 65, 21
elapseTime: 16.145
