init :7, 821, 630, 235, 197
track:8, 821, 630, 235, 197
track:9, 822, 630, 235, 197
track:10, 821, 631, 235, 197
track:11, 823, 630, 235, 197
track:12, 823, 630, 235, 197
track:13, 824, 630, 235, 197
track:14, 824, 630, 235, 197
track:15, 824, 630, 235, 197
track:16, 825, 630, 235, 197
track:17, 826, 630, 235, 197
track:18, 825, 630, 235, 197
track:19, 825, 629, 235, 197
track:20, 821, 626, 247, 207
track:21, 820, 626, 247, 207
track:22, 827, 631, 235, 197
track:23, 828, 631, 235, 197
track:24, 827, 631, 235, 197
track:25, 828, 630, 235, 197
track:26, 829, 631, 235, 197
track:27, 829, 631, 235, 197
track:28, 829, 631, 235, 197
track:29, 829, 630, 235, 197
track:30, 829, 630, 235, 197
track:31, 830, 629, 235, 197
track:32, 831, 631, 235, 197
track:33, 829, 630, 235, 197
track:34, 830, 631, 235, 197
track:35, 830, 630, 235, 197
track:36, 830, 631, 235, 197
track:37, 829, 630, 235, 197
track:38, 831, 630, 235, 197
track:39, 830, 630, 235, 197
track:40, 830, 630, 235, 197
track:41, 831, 629, 235, 197
track:42, 830, 631, 235, 197
track:43, 831, 630, 235, 197
track:44, 830, 631, 235, 197
track:45, 832, 630, 235, 197
track:46, 830, 631, 235, 197
track:48, 832, 630, 235, 197
track:49, 830, 630, 235, 197
track:50, 831, 629, 235, 197
track:51, 832, 629, 235, 197
track:52, 831, 628, 235, 197
track:53, 832, 629, 235, 197
track:54, 831, 629, 235, 197
track:55, 832, 629, 235, 197
track:56, 831, 629, 235, 197
track:57, 831, 628, 235, 197
track:58, 831, 629, 235, 197
track:59, 830, 628, 235, 197
track:60, 832, 628, 235, 197
track:61, 831, 630, 235, 197
track:62, 830, 629, 235, 197
track:63, 829, 629, 235, 197
track:64, 830, 629, 235, 197
track:65, 829, 629, 235, 197
track:66, 828, 629, 235, 197
track:67, 829, 628, 235, 197
track:68, 829, 629, 235, 197
track:69, 828, 629, 235, 197
track:70, 829, 628, 235, 197
track:71, 829, 629, 235, 197
track:72, 828, 629, 235, 197
track:73, 828, 629, 235, 197
track:74, 828, 628, 235, 197
track:75, 828, 629, 235, 197
track:76, 828, 629, 235, 197
track:77, 827, 629, 235, 197
track:78, 828, 628, 235, 197
track:79, 828, 629, 235, 197
track:80, 828, 629, 235, 197
track:81, 828, 628, 235, 197
track:82, 827, 629, 235, 197
track:83, 828, 630, 235, 197
track:84, 827, 629, 235, 197
track:85, 828, 629, 235, 197
track:86, 827, 630, 235, 197
track:87, 827, 629, 235, 197
track:88, 828, 629, 235, 197
track:89, 827, 630, 235, 197
init :90, 826, 633, 240, 197
track:91, 826, 633, 240, 197
track:92, 827, 634, 240, 197
track:93, 828, 633, 240, 197
track:94, 827, 633, 240, 197
track:95, 827, 634, 240, 197
track:96, 828, 633, 240, 197
track:97, 828, 632, 240, 197
track:98, 829, 632, 240, 197
track:99, 829, 632, 240, 197
track:100, 830, 631, 240, 197
track:101, 831, 631, 240, 197
track:102, 832, 630, 240, 197
track:103, 833, 629, 240, 197
track:104, 832, 629, 240, 197
track:105, 832, 628, 240, 197
track:106, 833, 628, 240, 197
track:107, 834, 627, 240, 197
track:108, 835, 625, 240, 197
track:109, 835, 624, 240, 197
track:110, 835, 622, 240, 197
track:111, 834, 621, 240, 197
track:112, 834, 619, 240, 197
track:113, 834, 617, 240, 197
track:114, 835, 617, 240, 197
track:115, 835, 616, 240, 197
track:116, 836, 614, 240, 197
track:117, 838, 611, 240, 197
track:120, 839, 609, 240, 197
track:121, 846, 610, 229, 188
track:122, 853, 612, 218, 179
track:123, 853, 611, 218, 179
track:124, 854, 610, 218, 179
track:125, 851, 609, 218, 179
track:126, 855, 609, 207, 170
track:127, 853, 608, 207, 170
track:128, 852, 608, 207, 170
track:129, 851, 607, 207, 170
track:130, 851, 608, 207, 170
track:131, 852, 609, 207, 170
track:132, 854, 613, 207, 170
track:133, 856, 615, 207, 170
track:134, 856, 615, 207, 170
track:135, 857, 616, 207, 170
track:136, 857, 617, 207, 170
track:137, 857, 619, 207, 170
track:138, 857, 620, 207, 170
track:139, 859, 621, 207, 170
track:140, 859, 619, 207, 170
track:141, 858, 618, 207, 170
track:142, 856, 619, 207, 170
track:143, 856, 620, 207, 170
track:144, 856, 619, 207, 170
track:145, 854, 623, 207, 170
track:146, 851, 625, 207, 170
track:147, 852, 625, 207, 170
track:148, 853, 627, 207, 170
track:149, 853, 627, 207, 170
track:150, 854, 630, 207, 170
track:151, 854, 633, 207, 170
track:152, 853, 635, 207, 170
track:153, 854, 638, 207, 170
track:154, 859, 644, 197, 162
track:155, 860, 645, 197, 162
track:156, 861, 646, 197, 162
track:157, 862, 647, 197, 162
track:158, 863, 648, 197, 162
track:159, 863, 648, 197, 162
track:160, 861, 649, 197, 162
track:161, 860, 648, 197, 162
track:162, 858, 647, 197, 162
track:163, 857, 648, 197, 162
track:164, 857, 649, 197, 162
track:165, 858, 649, 197, 162
track:166, 857, 649, 197, 162
track:167, 856, 650, 197, 162
track:168, 856, 650, 197, 162
track:169, 857, 650, 197, 162
track:170, 858, 649, 197, 162
track:171, 858, 648, 197, 162
track:172, 860, 646, 197, 162
track:173, 859, 646, 197, 162
track:174, 859, 645, 197, 162
track:175, 857, 646, 197, 162
track:176, 855, 646, 197, 162
track:177, 854, 646, 197, 162
track:178, 856, 646, 197, 162
init :179, 867, 654, 166, 153
track:180, 868, 655, 166, 153
track:181, 869, 655, 166, 153
track:182, 870, 658, 166, 153
track:183, 872, 661, 166, 153
track:184, 872, 662, 166, 153
track:185, 872, 662, 166, 153
track:186, 872, 662, 166, 153
track:187, 868, 658, 166, 153
track:188, 860, 651, 174, 161
track:189, 859, 651, 174, 161
track:190, 857, 650, 174, 161
track:191, 856, 648, 174, 161
track:192, 855, 642, 174, 161
track:193, 854, 640, 174, 161
track:194, 855, 641, 174, 161
track:195, 856, 639, 174, 161
track:196, 857, 637, 174, 161
track:197, 857, 637, 174, 161
track:198, 859, 640, 166, 153
track:199, 858, 640, 166, 153
track:200, 856, 642, 166, 153
track:201, 854, 642, 166, 153
track:202, 853, 639, 166, 153
track:203, 858, 641, 158, 146
track:204, 858, 640, 158, 146
track:205, 858, 638, 158, 146
track:206, 858, 637, 158, 146
track:207, 857, 636, 158, 146
track:208, 857, 635, 158, 146
track:209, 855, 632, 158, 146
track:210, 854, 629, 158, 146
track:211, 853, 626, 158, 146
track:212, 856, 627, 151, 139
track:213, 855, 628, 151, 139
track:214, 855, 626, 151, 139
track:215, 855, 626, 151, 139
track:216, 855, 624, 151, 139
track:217, 855, 626, 151, 139
track:218, 858, 629, 143, 132
track:219, 858, 630, 143, 132
track:220, 858, 634, 143, 132
track:221, 857, 635, 143, 132
track:222, 857, 636, 143, 132
track:223, 858, 637, 143, 132
track:224, 857, 639, 143, 132
track:225, 857, 642, 143, 132
track:226, 857, 642, 143, 132
track:227, 857, 643, 143, 132
track:228, 857, 641, 143, 132
track:229, 857, 642, 143, 132
track:230, 859, 645, 137, 126
track:231, 860, 645, 137, 126
track:232, 858, 640, 137, 126
track:233, 858, 640, 137, 126
track:234, 857, 640, 137, 126
track:235, 857, 640, 137, 126
track:236, 857, 638, 137, 126
track:237, 860, 638, 137, 126
track:238, 860, 638, 137, 126
track:239, 861, 640, 137, 126
track:240, 862, 641, 137, 126
track:241, 862, 643, 137, 126
track:242, 863, 643, 137, 126
track:243, 864, 643, 137, 126
track:244, 867, 646, 130, 120
track:245, 866, 648, 130, 120
track:246, 865, 648, 130, 120
track:247, 866, 648, 130, 120
track:248, 866, 647, 130, 120
track:249, 866, 647, 130, 120
track:250, 867, 649, 130, 120
track:251, 867, 651, 130, 120
track:252, 868, 653, 130, 120
track:253, 868, 653, 130, 120
track:254, 871, 658, 124, 114
track:255, 871, 661, 124, 114
track:256, 871, 663, 124, 114
track:257, 872, 667, 124, 114
track:258, 872, 667, 124, 114
track:259, 873, 668, 124, 114
track:260, 873, 670, 124, 114
track:261, 873, 671, 124, 114
track:262, 873, 672, 124, 114
track:263, 873, 672, 124, 114
track:264, 873, 674, 124, 114
track:265, 873, 676, 124, 114
track:266, 872, 677, 124, 114
track:267, 873, 679, 124, 114
init :268, 867, 682, 124, 96
track:269, 867, 683, 124, 96
track:270, 868, 685, 124, 96
track:271, 869, 689, 124, 96
track:272, 870, 692, 124, 96
track:273, 870, 692, 124, 96
track:274, 870, 695, 124, 96
track:275, 871, 696, 124, 96
track:276, 869, 696, 130, 101
track:277, 870, 700, 130, 101
track:278, 870, 700, 130, 101
track:279, 867, 698, 137, 106
track:280, 869, 696, 137, 106
track:281, 870, 695, 137, 106
track:282, 872, 697, 137, 106
track:283, 872, 697, 137, 106
track:284, 870, 697, 144, 111
track:285, 873, 698, 144, 111
track:286, 871, 695, 151, 117
track:287, 872, 693, 151, 117
track:288, 872, 692, 151, 117
track:289, 869, 685, 158, 123
track:290, 870, 682, 158, 123
track:291, 869, 672, 158, 123
track:292, 871, 668, 158, 123
track:293, 867, 664, 166, 129
track:294, 868, 663, 166, 129
track:295, 871, 661, 166, 129
track:296, 868, 658, 174, 135
track:297, 862, 655, 183, 142
track:298, 858, 652, 192, 149
track:299, 853, 649, 202, 156
track:300, 851, 650, 202, 156
track:301, 846, 648, 212, 164
track:302, 838, 648, 223, 172
track:303, 838, 649, 223, 172
track:304, 831, 649, 234, 181
track:305, 829, 650, 234, 181
track:306, 830, 650, 234, 181
track:307, 823, 643, 246, 190
track:308, 822, 643, 246, 190
track:309, 821, 640, 246, 190
track:310, 820, 633, 246, 190
track:311, 813, 614, 258, 200
track:312, 815, 604, 258, 200
track:313, 815, 603, 258, 200
track:314, 817, 598, 258, 200
track:315, 821, 595, 246, 190
track:316, 820, 585, 246, 190
track:317, 828, 583, 234, 181
track:318, 828, 582, 234, 181
track:319, 828, 580, 234, 181
track:320, 841, 575, 223, 172
track:321, 844, 569, 223, 172
track:322, 845, 568, 223, 172
track:323, 847, 567, 223, 172
track:324, 850, 575, 212, 164
track:325, 849, 573, 212, 164
track:326, 849, 564, 212, 164
track:327, 846, 563, 212, 164
track:328, 845, 564, 212, 164
track:329, 843, 573, 212, 164
track:330, 841, 581, 212, 164
track:331, 839, 584, 212, 164
track:332, 837, 586, 212, 164
track:333, 838, 587, 212, 164
track:334, 838, 587, 212, 164
track:335, 836, 589, 212, 164
track:336, 835, 593, 212, 164
track:337, 840, 598, 202, 156
track:338, 841, 598, 202, 156
track:339, 842, 594, 202, 156
track:340, 844, 590, 202, 156
track:341, 844, 590, 202, 156
track:342, 848, 593, 192, 149
track:343, 854, 596, 183, 142
track:344, 853, 595, 183, 142
track:345, 853, 591, 183, 142
track:346, 853, 593, 183, 142
track:347, 853, 595, 183, 142
track:348, 854, 596, 183, 142
track:349, 854, 600, 183, 142
track:350, 854, 603, 183, 142
track:351, 854, 608, 183, 142
track:352, 860, 613, 174, 135
track:353, 860, 613, 174, 135
track:354, 860, 616, 174, 135
track:355, 859, 616, 174, 135
track:356, 860, 617, 174, 135
init :357, 872, 633, 143, 114
track:358, 872, 633, 143, 114
track:359, 872, 633, 143, 114
track:360, 871, 633, 143, 114
track:361, 874, 637, 136, 109
track:362, 873, 637, 136, 109
track:363, 873, 637, 136, 109
track:364, 873, 638, 136, 109
track:365, 871, 639, 136, 109
track:366, 871, 639, 136, 109
track:367, 871, 639, 136, 109
track:368, 871, 640, 136, 109
track:369, 871, 640, 136, 109
track:370, 869, 645, 136, 109
track:371, 869, 651, 136, 109
track:372, 868, 654, 136, 109
track:373, 868, 656, 136, 109
track:374, 867, 657, 136, 109
track:375, 866, 657, 136, 109
track:376, 863, 657, 136, 109
track:377, 861, 658, 136, 109
track:378, 861, 658, 136, 109
track:379, 864, 662, 130, 103
track:380, 864, 662, 130, 103
track:381, 864, 661, 130, 103
track:382, 861, 661, 130, 103
track:383, 861, 660, 130, 103
track:384, 859, 661, 130, 103
track:385, 858, 659, 130, 103
track:386, 861, 661, 124, 98
track:387, 861, 661, 124, 98
track:388, 861, 661, 124, 98
track:389, 861, 661, 124, 98
track:390, 863, 663, 118, 94
track:391, 863, 665, 118, 94
track:392, 863, 668, 118, 94
track:393, 863, 669, 118, 94
track:394, 863, 669, 118, 94
track:395, 866, 675, 112, 89
track:396, 867, 680, 112, 89
track:397, 868, 684, 112, 89
track:398, 869, 685, 112, 89
track:399, 870, 688, 112, 89
track:400, 872, 694, 112, 89
track:401, 874, 699, 112, 89
track:402, 875, 703, 112, 89
track:403, 874, 703, 112, 89
track:404, 874, 705, 112, 89
track:405, 875, 706, 112, 89
track:406, 876, 704, 112, 89
track:407, 877, 705, 112, 89
track:408, 878, 705, 112, 89
track:409, 878, 704, 112, 89
track:410, 878, 702, 112, 89
track:411, 878, 699, 112, 89
track:412, 879, 697, 112, 89
track:413, 879, 697, 112, 89
track:414, 879, 696, 112, 89
track:415, 879, 696, 112, 89
track:416, 879, 698, 112, 89
track:417, 880, 699, 112, 89
track:418, 880, 699, 112, 89
track:419, 880, 699, 112, 89
track:420, 878, 701, 112, 89
track:421, 877, 700, 112, 89
track:422, 877, 699, 112, 89
track:423, 876, 698, 112, 89
track:424, 876, 695, 112, 89
track:425, 875, 693, 112, 89
track:426, 874, 691, 112, 89
track:427, 873, 690, 112, 89
track:428, 874, 690, 112, 89
track:429, 873, 689, 112, 89
track:430, 872, 690, 112, 89
track:431, 873, 690, 112, 89
track:432, 872, 690, 112, 89
track:433, 872, 690, 112, 89
track:434, 871, 690, 112, 89
track:435, 870, 690, 112, 89
track:436, 869, 691, 112, 89
track:437, 869, 693, 112, 89
track:438, 869, 693, 112, 89
track:439, 870, 695, 112, 89
track:440, 870, 695, 112, 89
track:441, 870, 695, 112, 89
track:442, 869, 693, 118, 94
track:443, 869, 694, 118, 94
track:444, 869, 694, 118, 94
track:445, 869, 695, 118, 94
init :446, 872, 695, 115, 90
track:447, 872, 694, 115, 90
track:448, 873, 694, 115, 90
track:449, 872, 693, 115, 90
track:450, 873, 693, 115, 90
track:451, 873, 694, 115, 90
track:452, 875, 696, 115, 90
track:453, 874, 696, 115, 90
track:454, 876, 696, 115, 90
track:455, 876, 696, 115, 90
track:456, 877, 698, 115, 90
track:457, 874, 695, 121, 94
track:458, 874, 695, 121, 94
track:459, 874, 695, 121, 94
track:460, 874, 693, 121, 94
track:461, 874, 693, 121, 94
track:462, 875, 692, 121, 94
track:463, 875, 691, 121, 94
track:464, 874, 689, 121, 94
track:465, 873, 686, 121, 94
track:466, 873, 687, 121, 94
track:467, 874, 688, 121, 94
track:468, 873, 688, 121, 94
track:469, 874, 688, 121, 94
track:470, 875, 689, 121, 94
track:471, 877, 691, 121, 94
track:472, 874, 689, 127, 99
track:473, 874, 691, 127, 99
track:474, 875, 693, 127, 99
track:475, 874, 692, 133, 104
track:476, 871, 688, 140, 109
track:477, 872, 688, 140, 109
track:478, 873, 687, 140, 109
track:479, 876, 685, 140, 109
track:480, 878, 678, 140, 109
track:481, 879, 674, 140, 109
track:482, 879, 673, 140, 109
track:483, 878, 664, 147, 115
track:484, 881, 661, 147, 115
track:485, 883, 661, 147, 115
track:486, 883, 665, 147, 115
track:487, 883, 666, 147, 115
track:488, 879, 668, 154, 121
track:490, 872, 669, 162, 127
track:491, 865, 667, 170, 133
track:492, 864, 667, 170, 133
track:493, 863, 668, 170, 133
track:494, 861, 667, 170, 133
track:495, 858, 660, 170, 133
track:496, 856, 656, 170, 133
track:497, 856, 655, 170, 133
track:498, 855, 652, 170, 133
track:499, 853, 648, 170, 133
track:500, 852, 644, 170, 133
track:501, 852, 641, 170, 133
track:502, 852, 638, 170, 133
track:503, 853, 637, 170, 133
track:504, 852, 636, 170, 133
track:505, 851, 635, 170, 133
track:506, 851, 635, 170, 133
track:507, 850, 634, 170, 133
track:508, 849, 632, 170, 133
track:509, 850, 628, 170, 133
track:510, 850, 625, 170, 133
track:511, 849, 622, 170, 133
track:512, 849, 623, 170, 133
track:513, 848, 623, 170, 133
track:514, 848, 624, 170, 133
track:515, 849, 624, 170, 133
track:516, 848, 624, 170, 133
track:517, 848, 623, 170, 133
track:518, 846, 621, 170, 133
track:519, 847, 620, 170, 133
track:520, 848, 619, 170, 133
track:521, 853, 621, 162, 127
track:522, 853, 621, 162, 127
track:523, 856, 626, 154, 121
track:524, 857, 628, 154, 121
track:525, 862, 633, 147, 115
track:526, 863, 633, 147, 115
track:527, 864, 634, 147, 115
track:528, 863, 633, 147, 115
track:529, 863, 632, 147, 115
track:530, 868, 633, 140, 109
track:531, 871, 635, 133, 104
track:532, 872, 634, 133, 104
track:533, 873, 636, 133, 104
track:534, 873, 636, 133, 104
init :535, 872, 638, 129, 96
track:536, 872, 640, 129, 96
track:537, 872, 641, 129, 96
track:538, 872, 642, 129, 96
track:539, 872, 643, 129, 96
track:540, 872, 644, 129, 96
track:543, 870, 646, 129, 96
track:544, 873, 648, 123, 91
track:546, 870, 654, 123, 91
track:547, 870, 654, 123, 91
track:548, 869, 656, 123, 91
track:549, 871, 660, 117, 87
track:550, 873, 664, 111, 83
track:551, 871, 665, 111, 83
track:552, 872, 665, 111, 83
track:553, 871, 665, 111, 83
track:554, 870, 665, 111, 83
track:555, 870, 665, 111, 83
track:556, 870, 666, 111, 83
track:557, 869, 665, 111, 83
track:558, 872, 672, 106, 79
track:559, 872, 675, 106, 79
track:560, 872, 677, 106, 79
track:561, 873, 681, 106, 79
track:562, 872, 682, 106, 79
track:563, 872, 684, 106, 79
track:564, 872, 685, 106, 79
track:565, 872, 686, 106, 79
track:566, 874, 690, 101, 75
track:567, 874, 690, 101, 75
track:568, 875, 693, 101, 75
track:569, 875, 693, 101, 75
track:570, 874, 697, 101, 75
track:571, 874, 699, 101, 75
track:572, 874, 700, 101, 75
track:573, 875, 702, 101, 75
track:574, 876, 704, 101, 75
track:575, 877, 704, 101, 75
track:576, 876, 701, 101, 75
track:577, 875, 701, 101, 75
track:578, 876, 699, 101, 75
track:579, 876, 698, 101, 75
track:580, 876, 695, 106, 79
track:581, 876, 696, 106, 79
track:582, 876, 696, 106, 79
track:583, 875, 698, 106, 79
track:584, 875, 699, 106, 79
track:585, 875, 700, 106, 79
track:586, 875, 700, 106, 79
track:587, 875, 700, 106, 79
track:588, 875, 700, 106, 79
track:589, 876, 700, 106, 79
track:590, 875, 699, 106, 79
track:591, 874, 700, 106, 79
track:592, 873, 701, 106, 79
track:593, 869, 698, 111, 83
track:594, 869, 695, 111, 83
track:595, 869, 687, 111, 83
track:596, 868, 685, 111, 83
track:597, 868, 685, 111, 83
track:598, 868, 680, 111, 83
track:599, 867, 673, 111, 83
track:600, 865, 669, 117, 87
track:601, 866, 668, 117, 87
track:602, 865, 668, 117, 87
track:603, 866, 666, 117, 87
track:604, 865, 663, 117, 87
track:605, 861, 658, 123, 91
track:606, 861, 657, 123, 91
track:607, 862, 657, 123, 91
track:608, 862, 656, 123, 91
track:609, 862, 656, 123, 91
track:610, 863, 657, 123, 91
track:611, 862, 661, 123, 91
track:612, 863, 661, 123, 91
track:613, 859, 662, 129, 96
track:614, 860, 665, 129, 96
track:615, 859, 667, 129, 96
track:616, 859, 670, 129, 96
track:617, 859, 670, 129, 96
track:618, 859, 668, 129, 96
track:619, 859, 667, 129, 96
track:620, 861, 666, 129, 96
track:621, 861, 666, 129, 96
track:622, 857, 664, 135, 101
track:623, 856, 663, 135, 101
init :624, 863, 659, 133, 114
track:625, 863, 659, 133, 114
track:626, 865, 661, 133, 114
track:627, 865, 661, 133, 114
track:628, 865, 663, 133, 114
track:629, 865, 662, 133, 114
track:630, 862, 656, 140, 120
track:631, 862, 656, 140, 120
track:632, 862, 655, 140, 120
track:633, 863, 659, 140, 120
track:634, 864, 662, 140, 120
track:635, 864, 664, 140, 120
track:636, 866, 665, 140, 120
track:637, 866, 666, 140, 120
track:638, 865, 664, 147, 126
track:639, 866, 665, 147, 126
track:640, 866, 664, 147, 126
track:641, 867, 663, 147, 126
track:642, 867, 661, 147, 126
track:643, 866, 660, 147, 126
track:644, 866, 659, 147, 126
track:645, 867, 650, 147, 126
track:646, 867, 649, 147, 126
track:647, 867, 648, 147, 126
track:648, 866, 647, 147, 126
track:649, 866, 647, 147, 126
track:650, 868, 648, 147, 126
track:651, 870, 648, 147, 126
track:652, 870, 647, 147, 126
track:653, 871, 648, 147, 126
track:654, 871, 649, 147, 126
track:655, 872, 652, 147, 126
track:656, 874, 654, 147, 126
track:657, 874, 656, 147, 126
track:658, 876, 659, 147, 126
track:659, 877, 658, 147, 126
track:660, 877, 656, 147, 126
track:661, 877, 656, 147, 126
track:662, 877, 656, 147, 126
track:663, 879, 655, 147, 126
track:664, 880, 654, 147, 126
track:665, 881, 652, 147, 126
track:666, 881, 651, 147, 126
track:667, 881, 650, 147, 126
track:668, 881, 648, 147, 126
track:669, 882, 647, 147, 126
track:670, 881, 647, 147, 126
track:671, 879, 648, 147, 126
track:672, 879, 648, 147, 126
track:673, 876, 648, 147, 126
track:674, 876, 646, 147, 126
track:675, 876, 646, 147, 126
track:676, 874, 646, 147, 126
track:677, 875, 646, 147, 126
track:678, 871, 649, 147, 126
track:679, 872, 658, 147, 126
track:680, 873, 665, 147, 126
track:681, 873, 667, 147, 126
track:682, 874, 668, 147, 126
track:683, 872, 667, 147, 126
track:684, 870, 665, 147, 126
track:685, 869, 669, 147, 126
track:686, 871, 671, 147, 126
track:687, 871, 671, 147, 126
track:688, 869, 671, 147, 126
track:689, 869, 669, 147, 126
track:690, 867, 667, 147, 126
track:691, 867, 665, 147, 126
track:692, 866, 665, 147, 126
track:693, 867, 663, 147, 126
track:694, 866, 663, 147, 126
track:695, 867, 663, 147, 126
track:696, 862, 658, 154, 132
track:697, 862, 658, 154, 132
track:698, 860, 657, 154, 132
track:699, 857, 658, 154, 132
track:700, 858, 659, 154, 132
track:701, 858, 660, 154, 132
track:702, 858, 660, 154, 132
track:703, 858, 664, 154, 132
track:704, 857, 669, 154, 132
track:705, 856, 674, 154, 132
track:706, 854, 675, 154, 132
track:707, 854, 675, 154, 132
track:708, 853, 676, 154, 132
track:709, 853, 677, 154, 132
track:710, 854, 675, 154, 132
track:711, 853, 675, 154, 132
track:712, 853, 673, 154, 132
init :713, 849, 675, 147, 119
track:714, 848, 675, 147, 119
track:715, 848, 678, 147, 119
track:716, 848, 678, 147, 119
track:717, 848, 679, 147, 119
track:718, 848, 681, 147, 119
track:719, 846, 678, 154, 125
track:720, 846, 679, 154, 125
track:721, 847, 679, 154, 125
track:722, 847, 679, 154, 125
track:723, 847, 677, 154, 125
track:724, 848, 675, 154, 125
track:725, 849, 671, 154, 125
track:726, 849, 670, 154, 125
track:727, 849, 669, 154, 125
track:728, 848, 665, 154, 125
track:729, 848, 662, 154, 125
track:730, 849, 660, 154, 125
track:731, 849, 659, 154, 125
track:732, 849, 659, 154, 125
track:733, 849, 657, 154, 125
track:734, 849, 652, 154, 125
track:735, 852, 648, 154, 125
track:736, 852, 647, 154, 125
track:737, 851, 646, 154, 125
track:738, 850, 644, 154, 125
track:739, 850, 645, 154, 125
track:740, 852, 646, 154, 125
track:741, 852, 647, 154, 125
track:742, 852, 648, 154, 125
track:743, 850, 648, 154, 125
track:744, 847, 644, 162, 131
track:745, 848, 642, 162, 131
track:746, 848, 642, 162, 131
track:747, 849, 640, 162, 131
track:748, 849, 633, 162, 131
track:749, 848, 627, 162, 131
track:750, 846, 626, 162, 131
track:751, 846, 626, 162, 131
track:752, 844, 628, 162, 131
track:753, 847, 630, 162, 131
track:754, 848, 629, 162, 131
track:755, 850, 629, 162, 131
track:756, 851, 628, 162, 131
track:757, 852, 628, 162, 131
track:758, 852, 625, 162, 131
track:759, 851, 627, 162, 131
track:760, 851, 632, 162, 131
track:761, 851, 633, 162, 131
track:762, 854, 634, 162, 131
track:763, 856, 632, 162, 131
track:764, 857, 633, 162, 131
track:765, 855, 634, 162, 131
track:766, 855, 634, 162, 131
track:767, 853, 634, 162, 131
track:768, 855, 635, 162, 131
track:769, 856, 637, 162, 131
track:770, 862, 649, 154, 125
track:771, 865, 651, 147, 119
track:772, 866, 651, 147, 119
track:773, 867, 650, 147, 119
track:774, 867, 649, 147, 119
track:775, 869, 650, 147, 119
track:776, 869, 649, 147, 119
track:777, 869, 648, 147, 119
track:778, 869, 648, 147, 119
track:779, 870, 647, 147, 119
track:780, 873, 648, 147, 119
track:781, 872, 648, 147, 119
track:782, 876, 651, 140, 113
track:783, 875, 650, 140, 113
track:784, 875, 649, 140, 113
track:785, 875, 649, 140, 113
track:786, 875, 650, 140, 113
track:787, 874, 650, 140, 113
track:788, 874, 650, 140, 113
track:789, 874, 651, 140, 113
track:790, 876, 653, 133, 108
track:791, 876, 653, 133, 108
track:792, 876, 652, 133, 108
track:793, 875, 653, 133, 108
track:794, 875, 655, 133, 108
track:795, 875, 659, 133, 108
track:796, 875, 660, 133, 108
track:797, 875, 659, 133, 108
track:798, 875, 658, 133, 108
track:799, 876, 659, 133, 108
track:800, 875, 660, 133, 108
track:801, 874, 661, 133, 108
init :802, 876, 659, 133, 109
track:803, 875, 659, 133, 109
track:804, 877, 661, 133, 109
track:805, 876, 662, 133, 109
track:806, 875, 662, 133, 109
track:807, 875, 661, 133, 109
track:808, 874, 662, 133, 109
track:809, 874, 664, 133, 109
track:810, 875, 666, 133, 109
track:811, 875, 666, 133, 109
track:812, 874, 668, 133, 109
track:813, 872, 668, 133, 109
track:814, 870, 667, 133, 109
track:815, 870, 667, 133, 109
track:816, 870, 667, 133, 109
track:817, 870, 669, 133, 109
track:818, 869, 677, 133, 109
track:819, 869, 678, 133, 109
track:820, 863, 687, 140, 114
track:821, 863, 687, 140, 114
track:822, 859, 684, 147, 120
track:823, 859, 683, 147, 120
track:824, 858, 682, 147, 120
track:825, 857, 683, 147, 120
track:826, 856, 683, 147, 120
track:827, 856, 687, 147, 120
track:828, 852, 691, 154, 126
track:829, 854, 693, 154, 126
track:830, 855, 695, 154, 126
track:831, 856, 695, 154, 126
track:832, 857, 695, 154, 126
track:833, 855, 690, 162, 132
track:834, 855, 685, 162, 132
track:835, 855, 675, 162, 132
track:836, 856, 675, 162, 132
track:837, 855, 670, 162, 132
track:838, 854, 669, 162, 132
track:839, 848, 661, 170, 139
track:840, 847, 655, 170, 139
track:841, 846, 655, 170, 139
track:842, 844, 654, 170, 139
track:843, 837, 647, 178, 146
track:844, 835, 644, 178, 146
track:845, 829, 629, 178, 146
track:846, 829, 629, 178, 146
track:847, 828, 623, 178, 146
track:848, 824, 614, 187, 153
track:849, 823, 612, 187, 153
track:850, 823, 611, 187, 153
track:851, 823, 610, 187, 153
track:852, 827, 605, 187, 153
track:853, 831, 601, 187, 153
track:854, 833, 603, 187, 153
track:855, 832, 607, 187, 153
track:856, 833, 608, 187, 153
track:857, 833, 609, 187, 153
track:858, 833, 606, 187, 153
track:859, 835, 601, 187, 153
track:860, 835, 600, 187, 153
track:861, 835, 600, 187, 153
track:862, 834, 601, 187, 153
track:863, 835, 607, 187, 153
track:864, 835, 612, 187, 153
track:865, 839, 621, 178, 146
track:866, 841, 623, 178, 146
track:867, 840, 627, 178, 146
track:868, 840, 629, 178, 146
track:869, 841, 630, 178, 146
track:870, 842, 634, 178, 146
track:871, 841, 635, 178, 146
track:872, 842, 636, 178, 146
track:873, 842, 636, 178, 146
track:874, 843, 637, 178, 146
track:875, 849, 640, 170, 139
track:876, 849, 639, 170, 139
track:877, 849, 640, 170, 139
track:878, 850, 640, 170, 139
track:879, 856, 643, 162, 132
track:880, 857, 644, 162, 132
track:881, 857, 644, 162, 132
track:882, 857, 643, 162, 132
track:883, 862, 645, 154, 126
track:884, 865, 644, 154, 126
track:885, 867, 643, 154, 126
track:886, 867, 644, 154, 126
track:887, 868, 646, 154, 126
track:888, 868, 646, 154, 126
track:889, 873, 646, 147, 120
track:890, 878, 647, 140, 114
init :891, 876, 646, 133, 111
track:892, 877, 646, 133, 111
track:893, 879, 645, 133, 111
track:894, 878, 645, 133, 111
track:895, 878, 645, 133, 111
track:896, 879, 645, 133, 111
track:897, 880, 646, 133, 111
track:898, 877, 645, 133, 111
track:899, 875, 644, 133, 111
track:900, 878, 648, 127, 106
track:901, 878, 648, 127, 106
track:902, 876, 650, 127, 106
track:903, 877, 650, 127, 106
track:904, 877, 649, 127, 106
track:905, 878, 649, 127, 106
track:906, 877, 649, 127, 106
track:907, 847, 629, 127, 106
track:908, 836, 624, 133, 111
track:909, 831, 633, 133, 111
track:910, 825, 633, 140, 117
track:911, 820, 630, 147, 122
track:912, 822, 635, 147, 122
track:913, 819, 633, 154, 128
track:914, 818, 637, 154, 128
track:915, 821, 643, 154, 128
track:916, 818, 639, 154, 128
track:917, 816, 639, 162, 135
track:918, 819, 638, 162, 135
track:919, 818, 642, 162, 135
track:920, 815, 642, 162, 135
track:921, 815, 641, 162, 135
track:922, 809, 638, 170, 142
track:923, 801, 638, 170, 142
track:924, 798, 637, 170, 142
track:925, 790, 636, 170, 142
track:926, 790, 636, 170, 142
track:927, 786, 637, 170, 142
track:928, 778, 636, 170, 142
track:929, 773, 634, 170, 142
track:930, 768, 635, 170, 142
track:931, 768, 635, 170, 142
track:932, 766, 632, 170, 142
track:933, 762, 626, 178, 149
track:934, 763, 622, 178, 149
track:935, 763, 618, 178, 149
track:936, 765, 617, 178, 149
track:937, 768, 621, 170, 142
track:938, 768, 619, 170, 142
track:939, 771, 619, 162, 135
track:940, 771, 619, 162, 135
track:941, 771, 619, 162, 135
track:942, 771, 616, 162, 135
track:943, 771, 616, 162, 135
track:944, 768, 616, 162, 135
track:945, 767, 615, 162, 135
track:946, 767, 615, 162, 135
track:947, 765, 617, 162, 135
track:948, 762, 616, 162, 135
track:949, 756, 616, 170, 142
track:950, 753, 617, 170, 142
track:951, 751, 618, 170, 142
track:952, 747, 615, 178, 149
track:953, 745, 616, 178, 149
track:954, 744, 617, 178, 149
track:955, 743, 619, 178, 149
track:956, 743, 618, 178, 149
track:957, 742, 620, 178, 149
track:958, 741, 621, 178, 149
track:959, 742, 622, 178, 149
track:960, 738, 619, 187, 156
track:961, 737, 620, 187, 156
track:962, 733, 622, 187, 156
track:963, 727, 617, 197, 164
track:964, 726, 617, 197, 164
track:965, 726, 617, 197, 164
track:966, 724, 617, 197, 164
track:967, 720, 617, 197, 164
track:968, 716, 618, 197, 164
track:969, 711, 619, 197, 164
track:970, 709, 619, 197, 164
track:971, 702, 619, 197, 164
track:972, 698, 620, 197, 164
track:973, 694, 620, 197, 164
track:974, 691, 620, 197, 164
track:975, 691, 620, 197, 164
track:976, 688, 621, 197, 164
track:977, 685, 621, 197, 164
track:978, 684, 621, 197, 164
track:979, 682, 622, 197, 164
init :980, 692, 584, 466, 249
track:981, 691, 585, 466, 249
track:982, 691, 587, 466, 249
track:983, 694, 587, 466, 249
track:984, 696, 588, 466, 249
track:985, 695, 589, 466, 249
track:986, 695, 591, 466, 249
track:987, 687, 584, 489, 261
track:988, 693, 582, 489, 261
track:989, 698, 583, 489, 261
track:990, 695, 582, 489, 261
track:991, 693, 581, 489, 261
track:992, 695, 583, 489, 261
track:993, 693, 581, 489, 261
track:994, 692, 580, 489, 261
track:995, 682, 571, 514, 275
track:996, 683, 572, 514, 275
track:997, 695, 576, 489, 261
track:998, 708, 580, 466, 249
track:999, 720, 582, 444, 237
track:1000, 724, 581, 444, 237
track:1001, 729, 580, 444, 237
track:1002, 729, 579, 444, 237
track:1003, 736, 573, 444, 237
track:1004, 738, 571, 444, 237
track:1005, 742, 573, 444, 237
track:1006, 741, 567, 444, 237
track:1007, 744, 566, 444, 237
track:1008, 755, 568, 423, 226
track:1009, 747, 567, 423, 226
track:1010, 741, 560, 444, 237
track:1011, 734, 559, 444, 237
track:1012, 748, 564, 423, 226
track:1013, 734, 563, 423, 226
track:1014, 735, 564, 423, 226
track:1015, 735, 562, 423, 226
track:1016, 732, 562, 423, 226
track:1017, 738, 565, 403, 215
track:1018, 731, 565, 403, 215
track:1019, 736, 570, 383, 205
track:1020, 741, 569, 383, 205
track:1021, 741, 569, 383, 205
track:1022, 733, 568, 383, 205
track:1023, 734, 566, 383, 205
track:1024, 732, 566, 383, 205
track:1025, 732, 566, 383, 205
track:1026, 730, 568, 383, 205
track:1027, 725, 569, 383, 205
track:1028, 723, 568, 383, 205
track:1029, 723, 569, 383, 205
track:1030, 731, 576, 365, 195
track:1031, 729, 580, 348, 186
track:1032, 725, 580, 348, 186
track:1033, 728, 585, 331, 177
track:1034, 729, 590, 315, 169
track:1035, 728, 590, 315, 169
track:1036, 726, 590, 315, 169
track:1037, 732, 597, 300, 161
track:1038, 732, 601, 300, 161
track:1039, 730, 602, 300, 161
track:1040, 730, 602, 300, 161
track:1041, 725, 607, 300, 161
track:1042, 719, 605, 315, 169
track:1043, 720, 605, 315, 169
track:1044, 722, 605, 315, 169
track:1045, 723, 607, 315, 169
track:1046, 724, 610, 315, 169
track:1047, 726, 610, 315, 169
track:1048, 737, 615, 300, 161
track:1049, 744, 617, 286, 153
track:1050, 745, 617, 286, 153
track:1051, 749, 614, 286, 153
track:1052, 758, 616, 272, 146
track:1053, 767, 615, 272, 146
track:1054, 768, 611, 286, 153
track:1055, 773, 615, 272, 146
track:1056, 785, 619, 259, 139
track:1057, 792, 623, 247, 132
track:1058, 794, 624, 247, 132
track:1059, 794, 625, 247, 132
track:1060, 794, 625, 247, 132
track:1061, 787, 623, 259, 139
track:1062, 788, 623, 259, 139
track:1063, 787, 623, 259, 139
track:1064, 782, 622, 259, 139
track:1065, 787, 625, 247, 132
track:1066, 779, 624, 247, 132
track:1067, 773, 624, 247, 132
track:1068, 765, 627, 235, 126
init :1069, 761, 620, 438, 127
track:1070, 761, 620, 438, 127
track:1071, 756, 620, 438, 127
track:1072, 745, 620, 438, 127
track:1073, 722, 617, 460, 133
track:1074, 706, 617, 460, 133
track:1075, 703, 618, 460, 133
track:1076, 695, 617, 460, 133
track:1077, 689, 617, 460, 133
track:1078, 676, 617, 460, 133
track:1079, 661, 614, 483, 140
track:1080, 657, 616, 483, 140
track:1081, 647, 616, 483, 140
track:1082, 647, 618, 483, 140
track:1083, 641, 619, 483, 140
track:1084, 637, 619, 483, 140
track:1085, 637, 621, 483, 140
track:1086, 631, 621, 483, 140
track:1087, 624, 621, 483, 140
track:1088, 626, 620, 483, 140
track:1089, 622, 621, 483, 140
track:1090, 621, 622, 483, 140
track:1091, 627, 624, 483, 140
track:1092, 638, 626, 460, 133
track:1093, 641, 627, 460, 133
track:1094, 640, 627, 460, 133
track:1095, 644, 628, 460, 133
track:1096, 656, 630, 438, 127
track:1097, 652, 630, 438, 127
track:1098, 648, 628, 460, 133
track:1099, 648, 628, 460, 133
track:1100, 659, 632, 438, 127
track:1101, 666, 634, 417, 121
track:1102, 669, 635, 417, 121
track:1103, 665, 634, 417, 121
track:1104, 665, 631, 417, 121
track:1105, 666, 633, 417, 121
track:1106, 655, 631, 438, 127
track:1107, 651, 630, 438, 127
track:1108, 646, 630, 438, 127
track:1109, 647, 632, 438, 127
track:1110, 646, 634, 438, 127
track:1111, 636, 633, 460, 133
track:1112, 625, 635, 460, 133
track:1113, 617, 635, 483, 140
track:1114, 629, 638, 460, 133
track:1115, 629, 638, 460, 133
track:1116, 632, 640, 460, 133
track:1117, 621, 640, 460, 133
track:1118, 623, 640, 460, 133
track:1119, 632, 646, 438, 127
track:1120, 645, 646, 417, 121
track:1121, 648, 647, 397, 115
track:1122, 639, 644, 417, 121
track:1123, 627, 639, 438, 127
track:1124, 622, 639, 460, 133
track:1125, 616, 641, 460, 133
track:1126, 634, 647, 438, 127
track:1127, 644, 647, 438, 127
track:1128, 636, 647, 460, 133
track:1129, 620, 647, 460, 133
track:1130, 646, 651, 438, 127
track:1131, 644, 647, 438, 127
track:1132, 769, 649, 438, 127
track:1133, 766, 649, 438, 127
track:1134, 774, 652, 417, 121
track:1135, 770, 651, 417, 121
track:1136, 772, 652, 417, 121
track:1137, 774, 655, 397, 115
track:1138, 776, 655, 397, 115
track:1139, 776, 652, 397, 115
track:1140, 776, 650, 397, 115
track:1141, 764, 650, 397, 115
track:1142, 755, 650, 397, 115
track:1143, 746, 652, 397, 115
track:1144, 742, 654, 397, 115
track:1145, 746, 656, 378, 110
track:1146, 742, 656, 378, 110
track:1147, 727, 657, 397, 115
track:1148, 719, 657, 397, 115
track:1149, 723, 658, 378, 110
track:1150, 724, 660, 360, 104
track:1151, 729, 662, 343, 100
track:1152, 733, 667, 327, 95
track:1153, 734, 667, 327, 95
track:1154, 724, 666, 343, 100
track:1155, 732, 668, 327, 95
track:1156, 727, 665, 343, 100
track:1157, 721, 665, 360, 104
init :1158, 780, 638, 253, 173
track:1159, 785, 638, 253, 173
track:1160, 786, 636, 253, 173
track:1161, 787, 636, 253, 173
track:1162, 789, 636, 253, 173
track:1163, 791, 635, 253, 173
track:1164, 797, 639, 241, 165
track:1165, 797, 639, 241, 165
track:1166, 791, 640, 241, 165
track:1167, 784, 643, 241, 165
track:1168, 788, 647, 229, 157
track:1169, 777, 646, 229, 157
track:1170, 777, 648, 229, 157
track:1171, 782, 647, 229, 157
track:1172, 779, 649, 219, 149
track:1173, 774, 650, 219, 149
track:1174, 777, 654, 208, 142
track:1175, 770, 651, 219, 149
track:1176, 776, 651, 219, 149
track:1177, 775, 649, 219, 149
track:1178, 773, 648, 219, 149
track:1179, 780, 645, 219, 149
track:1180, 754, 639, 229, 157
track:1181, 768, 637, 229, 157
track:1182, 766, 634, 229, 157
track:1183, 770, 630, 229, 157
track:1184, 770, 632, 219, 149
track:1185, 776, 635, 219, 149
track:1186, 781, 638, 208, 142
track:1187, 785, 636, 208, 142
track:1188, 785, 633, 208, 142
track:1189, 789, 635, 198, 136
track:1190, 790, 635, 198, 136
track:1191, 790, 632, 198, 136
track:1192, 797, 633, 189, 129
track:1193, 799, 633, 180, 123
track:1194, 800, 632, 180, 123
track:1195, 794, 630, 180, 123
track:1196, 794, 628, 180, 123
track:1197, 794, 624, 180, 123
track:1198, 791, 622, 180, 123
track:1199, 792, 625, 171, 117
track:1200, 794, 625, 171, 117
track:1201, 794, 627, 171, 117
track:1202, 800, 628, 163, 112
track:1203, 800, 629, 163, 112
track:1204, 803, 627, 163, 112
track:1205, 808, 631, 155, 106
track:1206, 814, 633, 155, 106
track:1207, 819, 633, 155, 106
track:1208, 822, 632, 155, 106
track:1209, 823, 632, 155, 106
track:1210, 834, 634, 155, 106
track:1211, 836, 634, 155, 106
track:1212, 841, 636, 155, 106
track:1213, 846, 636, 155, 106
track:1214, 849, 636, 155, 106
track:1215, 849, 638, 155, 106
track:1216, 851, 638, 155, 106
track:1217, 852, 641, 148, 101
track:1218, 850, 642, 148, 101
track:1219, 856, 644, 141, 96
track:1220, 856, 644, 141, 96
track:1221, 856, 648, 134, 92
track:1222, 857, 649, 134, 92
track:1223, 859, 648, 134, 92
track:1224, 859, 648, 134, 92
track:1225, 862, 648, 134, 92
track:1226, 864, 647, 134, 92
track:1227, 864, 647, 134, 92
track:1228, 870, 649, 128, 87
track:1229, 870, 648, 128, 87
track:1230, 871, 648, 128, 87
track:1231, 871, 649, 128, 87
track:1232, 876, 652, 122, 83
track:1233, 876, 652, 122, 83
track:1234, 876, 652, 122, 83
track:1235, 877, 653, 122, 83
track:1236, 874, 652, 122, 83
track:1237, 876, 649, 122, 83
track:1238, 881, 645, 122, 83
track:1239, 882, 645, 122, 83
track:1240, 884, 645, 116, 79
track:1241, 887, 644, 116, 79
track:1242, 892, 642, 116, 79
track:1243, 900, 644, 110, 75
track:1244, 900, 644, 110, 75
track:1245, 900, 638, 105, 72
track:1246, 906, 638, 100, 68
init :1247, 950, 669, 170, 93
track:1248, 952, 671, 162, 89
track:1249, 952, 671, 162, 89
track:1250, 949, 670, 162, 89
track:1251, 947, 670, 162, 89
track:1252, 936, 668, 162, 89
track:1253, 930, 665, 162, 89
track:1254, 931, 665, 162, 89
track:1255, 924, 665, 162, 89
track:1256, 920, 664, 162, 89
track:1257, 908, 662, 162, 89
track:1258, 907, 659, 162, 89
track:1259, 903, 659, 162, 89
track:1260, 901, 656, 162, 89
track:1261, 895, 654, 162, 89
track:1262, 878, 651, 170, 93
track:1263, 877, 649, 170, 93
track:1264, 881, 652, 162, 89
track:1265, 883, 653, 162, 89
track:1266, 885, 651, 162, 89
track:1267, 886, 650, 162, 89
track:1268, 887, 652, 154, 84
track:1269, 895, 652, 147, 80
track:1270, 894, 652, 147, 80
track:1271, 893, 654, 147, 80
track:1272, 891, 654, 147, 80
track:1273, 888, 653, 147, 80
track:1274, 887, 652, 147, 80
track:1275, 881, 650, 147, 80
track:1276, 872, 649, 154, 84
track:1277, 868, 649, 154, 84
track:1278, 859, 650, 154, 84
track:1279, 860, 651, 154, 84
track:1280, 852, 648, 154, 84
track:1281, 845, 648, 154, 84
track:1282, 837, 647, 162, 89
track:1283, 834, 650, 154, 84
track:1284, 835, 651, 154, 84
track:1285, 826, 652, 154, 84
track:1286, 825, 652, 154, 84
track:1287, 821, 649, 154, 84
track:1288, 820, 648, 154, 84
track:1289, 820, 649, 154, 84
track:1290, 819, 649, 154, 84
track:1291, 817, 648, 154, 84
track:1292, 816, 648, 154, 84
track:1293, 812, 648, 154, 84
track:1294, 811, 648, 154, 84
track:1295, 811, 648, 154, 84
track:1296, 809, 648, 154, 84
track:1297, 815, 649, 147, 80
track:1298, 818, 651, 140, 77
track:1299, 820, 651, 140, 77
track:1300, 822, 653, 133, 73
track:1301, 819, 654, 133, 73
track:1302, 819, 655, 133, 73
track:1303, 818, 655, 133, 73
track:1304, 819, 656, 133, 73
track:1305, 819, 655, 133, 73
track:1306, 820, 656, 133, 73
track:1307, 821, 657, 133, 73
track:1308, 824, 660, 127, 69
track:1309, 825, 660, 127, 69
track:1310, 825, 660, 127, 69
track:1311, 826, 660, 127, 69
track:1312, 830, 663, 121, 66
track:1313, 829, 662, 121, 66
track:1314, 829, 663, 121, 66
track:1315, 829, 663, 121, 66
track:1316, 828, 663, 121, 66
track:1317, 826, 662, 121, 66
track:1318, 825, 663, 121, 66
track:1319, 825, 663, 121, 66
track:1320, 827, 664, 115, 63
track:1321, 826, 664, 115, 63
track:1322, 826, 666, 115, 63
track:1323, 831, 668, 110, 60
track:1324, 831, 669, 110, 60
track:1325, 832, 669, 110, 60
track:1326, 834, 670, 110, 60
track:1327, 832, 670, 115, 63
track:1328, 833, 671, 115, 63
track:1329, 833, 670, 115, 63
track:1330, 832, 671, 115, 63
track:1331, 831, 671, 115, 63
track:1332, 833, 672, 110, 60
track:1333, 829, 672, 110, 60
track:1334, 827, 672, 110, 60
track:1335, 823, 672, 110, 60
init :1336, 853, 677, 175, 51
track:1337, 851, 677, 175, 51
track:1338, 848, 676, 175, 51
track:1339, 848, 676, 175, 51
track:1340, 847, 677, 175, 51
track:1341, 847, 678, 175, 51
track:1342, 846, 678, 175, 51
track:1343, 845, 678, 175, 51
track:1344, 846, 678, 175, 51
track:1345, 845, 679, 175, 51
track:1346, 846, 679, 175, 51
track:1347, 846, 679, 175, 51
track:1348, 845, 680, 175, 51
track:1349, 846, 679, 175, 51
track:1350, 844, 680, 175, 51
track:1351, 843, 680, 175, 51
track:1352, 838, 680, 184, 54
track:1353, 837, 680, 184, 54
track:1354, 837, 680, 184, 54
track:1355, 838, 681, 184, 54
track:1356, 838, 682, 184, 54
track:1357, 834, 680, 193, 56
track:1358, 839, 682, 184, 54
track:1359, 839, 682, 184, 54
track:1360, 839, 682, 184, 54
track:1361, 838, 683, 184, 54
track:1362, 837, 684, 184, 54
track:1363, 839, 685, 184, 54
track:1364, 839, 686, 184, 54
track:1365, 838, 685, 184, 54
track:1366, 838, 685, 184, 54
track:1367, 837, 685, 184, 54
track:1368, 837, 685, 184, 54
track:1369, 837, 685, 184, 54
track:1370, 837, 686, 184, 54
track:1371, 836, 687, 184, 54
track:1372, 831, 686, 193, 56
track:1373, 827, 687, 193, 56
track:1374, 827, 688, 193, 56
track:1375, 824, 688, 193, 56
track:1376, 819, 687, 203, 59
track:1377, 817, 687, 203, 59
track:1378, 816, 688, 203, 59
track:1379, 810, 688, 203, 59
track:1380, 806, 689, 203, 59
track:1381, 807, 690, 203, 59
track:1382, 801, 692, 203, 59
track:1383, 799, 692, 203, 59
track:1384, 797, 693, 203, 59
track:1385, 795, 693, 203, 59
track:1386, 796, 694, 203, 59
track:1387, 796, 695, 203, 59
track:1388, 800, 696, 203, 59
track:1389, 801, 697, 203, 59
track:1390, 798, 696, 213, 62
track:1391, 806, 699, 203, 59
track:1392, 810, 699, 203, 59
track:1393, 811, 700, 213, 62
track:1394, 818, 702, 203, 59
track:1395, 820, 702, 203, 59
track:1396, 821, 703, 203, 59
track:1397, 819, 703, 203, 59
track:1398, 814, 704, 213, 62
track:1399, 814, 704, 213, 62
track:1400, 811, 705, 213, 62
track:1401, 809, 707, 203, 59
track:1402, 797, 706, 213, 62
track:1403, 795, 706, 213, 62
track:1404, 794, 707, 213, 62
track:1405, 795, 709, 203, 59
track:1406, 789, 707, 213, 62
track:1407, 784, 707, 213, 62
track:1408, 784, 708, 213, 62
track:1409, 785, 708, 213, 62
track:1410, 779, 708, 213, 62
track:1411, 779, 709, 213, 62
track:1412, 781, 709, 213, 62
track:1413, 782, 710, 213, 62
track:1414, 783, 710, 213, 62
track:1415, 786, 711, 213, 62
track:1416, 785, 712, 213, 62
track:1417, 785, 712, 213, 62
track:1418, 781, 713, 213, 62
track:1419, 781, 713, 213, 62
track:1420, 784, 715, 203, 59
track:1421, 782, 715, 203, 59
track:1422, 781, 716, 203, 59
track:1423, 782, 715, 203, 59
track:1424, 781, 715, 203, 59
init :1425, 793, 719, 249, 85
track:1426, 792, 718, 249, 85
track:1427, 790, 719, 249, 85
track:1428, 790, 718, 249, 85
track:1429, 789, 718, 249, 85
track:1430, 787, 720, 249, 85
track:1431, 787, 721, 249, 85
track:1432, 785, 722, 249, 85
track:1433, 784, 723, 249, 85
track:1434, 787, 724, 249, 85
track:1435, 784, 726, 249, 85
track:1436, 784, 726, 249, 85
track:1437, 775, 725, 261, 89
track:1438, 775, 726, 261, 89
track:1439, 775, 727, 261, 89
track:1440, 774, 728, 261, 89
track:1441, 771, 729, 261, 89
track:1442, 766, 729, 261, 89
track:1443, 762, 729, 261, 89
track:1444, 759, 729, 261, 89
track:1445, 760, 729, 261, 89
track:1446, 755, 729, 261, 89
track:1447, 750, 728, 261, 89
track:1448, 741, 724, 275, 94
track:1449, 739, 724, 275, 94
track:1450, 743, 723, 275, 94
track:1451, 746, 721, 275, 94
track:1452, 747, 719, 275, 94
track:1453, 755, 717, 275, 94
track:1454, 762, 719, 261, 89
track:1455, 769, 720, 261, 89
track:1456, 778, 719, 261, 89
track:1457, 791, 718, 249, 85
track:1458, 798, 716, 261, 89
track:1459, 802, 717, 261, 89
track:1460, 815, 720, 275, 94
track:1461, 810, 715, 275, 94
track:1462, 818, 711, 275, 94
track:1463, 820, 712, 275, 94
track:1464, 817, 709, 288, 98
track:1465, 829, 707, 275, 94
track:1466, 836, 705, 261, 89
track:1467, 838, 701, 261, 89
track:1468, 839, 703, 261, 89
track:1469, 836, 705, 275, 94
track:1470, 833, 707, 275, 94
track:1471, 839, 705, 261, 89
track:1472, 841, 708, 249, 85
track:1473, 837, 706, 249, 85
track:1474, 832, 701, 261, 89
track:1475, 837, 696, 249, 85
track:1476, 837, 693, 249, 85
track:1477, 839, 694, 249, 85
track:1478, 840, 694, 249, 85
track:1479, 843, 693, 249, 85
track:1480, 839, 693, 261, 89
track:1481, 836, 702, 261, 89
track:1482, 834, 704, 261, 89
track:1483, 839, 706, 249, 85
track:1484, 842, 709, 249, 85
track:1485, 846, 710, 249, 85
track:1486, 853, 713, 237, 81
track:1487, 861, 715, 226, 77
track:1488, 862, 714, 226, 77
track:1489, 866, 714, 226, 77
track:1490, 863, 712, 226, 77
track:1491, 861, 712, 226, 77
track:1492, 859, 710, 226, 77
track:1493, 860, 712, 226, 77
track:1494, 853, 709, 237, 81
track:1495, 850, 706, 237, 81
track:1496, 846, 701, 237, 81
track:1497, 833, 695, 249, 85
track:1498, 835, 693, 249, 85
track:1499, 833, 691, 249, 85
track:1500, 831, 691, 237, 81
track:1501, 823, 685, 249, 85
track:1502, 816, 682, 249, 85
track:1503, 817, 679, 249, 85
track:1504, 816, 678, 249, 85
track:1505, 809, 671, 249, 85
track:1506, 810, 669, 249, 85
track:1507, 811, 667, 249, 85
track:1508, 809, 666, 249, 85
track:1509, 807, 664, 249, 85
track:1510, 803, 657, 261, 89
track:1511, 806, 655, 261, 89
track:1512, 803, 651, 261, 89
track:1513, 800, 651, 261, 89
init :1514, 812, 620, 300, 114
track:1515, 792, 619, 300, 114
track:1516, 768, 619, 300, 114
track:1517, 741, 619, 300, 114
track:1518, 742, 621, 300, 114
track:1519, 711, 621, 300, 114
track:1520, 685, 621, 300, 114
track:1521, 675, 624, 286, 109
track:1522, 659, 625, 286, 109
track:1523, 658, 626, 286, 109
track:1524, 654, 626, 286, 109
track:1525, 653, 626, 286, 109
track:1526, 650, 623, 300, 114
track:1527, 660, 626, 286, 109
track:1528, 663, 626, 286, 109
track:1529, 694, 627, 272, 103
track:1530, 718, 627, 272, 103
track:1531, 741, 626, 272, 103
track:1532, 766, 625, 272, 103
track:1533, 773, 627, 259, 98
track:1534, 798, 627, 259, 98
track:1535, 826, 630, 247, 94
track:1536, 851, 630, 247, 94
track:1537, 867, 629, 247, 94
track:1538, 867, 629, 247, 94
track:1539, 884, 629, 247, 94
track:1540, 890, 629, 247, 94
track:1541, 892, 629, 247, 94
track:1542, 892, 631, 247, 94
track:1543, 894, 631, 247, 94
track:1544, 892, 632, 247, 94
track:1545, 897, 638, 235, 89
track:1546, 888, 636, 247, 94
track:1547, 884, 640, 247, 94
track:1548, 880, 640, 247, 94
track:1549, 861, 639, 247, 94
track:1550, 866, 642, 247, 94
track:1551, 847, 644, 247, 94
track:1552, 855, 646, 235, 89
track:1553, 857, 645, 235, 89
track:1554, 855, 648, 235, 89
track:1555, 852, 646, 235, 89
track:1556, 850, 648, 235, 89
track:1557, 863, 651, 224, 85
track:1558, 868, 653, 213, 81
track:1559, 877, 655, 203, 77
track:1560, 881, 656, 193, 73
track:1561, 890, 656, 193, 73
track:1562, 890, 656, 193, 73
track:1563, 883, 655, 203, 77
track:1564, 887, 656, 203, 77
track:1565, 894, 656, 193, 73
track:1566, 894, 656, 193, 73
track:1567, 891, 657, 193, 73
track:1568, 892, 657, 193, 73
track:1569, 895, 659, 184, 70
track:1570, 895, 660, 184, 70
track:1571, 894, 659, 184, 70
track:1572, 894, 662, 175, 67
track:1573, 894, 662, 175, 67
track:1574, 891, 662, 175, 67
track:1575, 892, 664, 167, 63
track:1576, 889, 663, 167, 63
track:1577, 890, 663, 167, 63
track:1578, 888, 663, 167, 63
track:1579, 887, 663, 167, 63
track:1580, 883, 664, 167, 63
track:1581, 883, 664, 167, 63
track:1582, 884, 668, 159, 60
track:1583, 883, 668, 159, 60
track:1584, 883, 668, 159, 60
track:1585, 882, 670, 159, 60
track:1586, 886, 672, 152, 58
track:1587, 883, 673, 152, 58
track:1588, 882, 673, 152, 58
track:1589, 882, 674, 152, 58
track:1590, 882, 675, 152, 58
track:1591, 881, 675, 152, 58
track:1592, 884, 676, 152, 58
track:1593, 884, 676, 152, 58
track:1594, 884, 677, 152, 58
track:1595, 884, 677, 152, 58
track:1596, 885, 678, 152, 58
track:1599, 886, 678, 144, 55
track:1600, 886, 677, 144, 55
track:1601, 885, 678, 144, 55
track:1602, 885, 678, 144, 55
init :1603, 913, 680, 96, 70
track:1604, 911, 680, 96, 70
track:1605, 909, 680, 96, 70
track:1606, 906, 681, 96, 70
track:1607, 903, 682, 96, 70
track:1608, 902, 682, 96, 70
elapseTime: 16.042
