init :7, 821, 630, 235, 197
track:8, 821, 630, 235, 197
track:9, 822, 630, 235, 197
track:10, 821, 631, 235, 197
track:11, 823, 630, 235, 197
track:12, 823, 630, 235, 197
track:13, 824, 630, 235, 197
track:14, 824, 630, 235, 197
track:15, 824, 630, 235, 197
track:16, 825, 630, 235, 197
track:17, 826, 630, 235, 197
track:18, 825, 630, 235, 197
track:19, 825, 629, 235, 197
track:20, 821, 626, 247, 207
track:21, 820, 626, 247, 207
track:22, 827, 631, 235, 197
track:23, 828, 631, 235, 197
track:24, 827, 631, 235, 197
track:25, 828, 630, 235, 197
track:26, 829, 631, 235, 197
track:27, 829, 631, 235, 197
track:28, 829, 631, 235, 197
track:29, 829, 630, 235, 197
track:30, 829, 630, 235, 197
track:31, 830, 629, 235, 197
track:32, 831, 631, 235, 197
track:33, 829, 630, 235, 197
track:34, 830, 631, 235, 197
track:35, 830, 630, 235, 197
track:36, 830, 631, 235, 197
track:37, 829, 630, 235, 197
track:38, 831, 630, 235, 197
track:39, 830, 630, 235, 197
track:40, 830, 630, 235, 197
track:41, 831, 629, 235, 197
track:42, 830, 631, 235, 197
track:43, 831, 630, 235, 197
track:44, 830, 631, 235, 197
track:45, 832, 630, 235, 197
track:46, 830, 631, 235, 197
track:48, 832, 630, 235, 197
track:49, 830, 630, 235, 197
track:50, 831, 629, 235, 197
track:51, 832, 629, 235, 197
track:52, 831, 628, 235, 197
track:53, 832, 629, 235, 197
track:54, 831, 629, 235, 197
track:55, 832, 629, 235, 197
track:56, 831, 629, 235, 197
track:57, 831, 628, 235, 197
track:58, 831, 629, 235, 197
track:59, 830, 628, 235, 197
track:60, 832, 628, 235, 197
track:61, 831, 630, 235, 197
track:62, 830, 629, 235, 197
track:63, 829, 629, 235, 197
track:64, 830, 629, 235, 197
init :65, 826, 630, 240, 199
track:66, 826, 631, 240, 199
track:67, 826, 629, 240, 199
track:68, 825, 629, 240, 199
track:69, 824, 629, 240, 199
track:70, 823, 629, 240, 199
track:71, 824, 628, 240, 199
track:72, 819, 623, 252, 209
track:73, 819, 622, 252, 209
track:74, 819, 624, 252, 209
track:75, 825, 629, 240, 199
track:76, 824, 629, 240, 199
track:77, 824, 629, 240, 199
track:78, 823, 628, 240, 199
track:79, 824, 628, 240, 199
track:80, 825, 628, 240, 199
track:81, 826, 628, 240, 199
track:82, 826, 628, 240, 199
track:83, 824, 627, 240, 199
track:84, 826, 628, 240, 199
track:85, 826, 629, 240, 199
track:86, 825, 628, 240, 199
track:87, 825, 628, 240, 199
track:88, 826, 629, 240, 199
track:89, 825, 628, 240, 199
track:90, 826, 628, 240, 199
track:91, 826, 629, 240, 199
track:92, 824, 629, 240, 199
track:93, 824, 629, 240, 199
track:94, 824, 628, 240, 199
track:95, 825, 628, 240, 199
track:96, 826, 628, 240, 199
track:97, 826, 628, 240, 199
track:98, 826, 628, 240, 199
track:99, 826, 629, 240, 199
track:100, 828, 629, 240, 199
track:101, 829, 629, 240, 199
track:102, 830, 628, 240, 199
track:103, 830, 627, 240, 199
track:104, 830, 626, 240, 199
track:105, 831, 626, 240, 199
track:106, 831, 625, 240, 199
track:107, 832, 622, 240, 199
track:108, 833, 622, 240, 199
track:109, 834, 621, 240, 199
track:110, 833, 621, 240, 199
track:111, 833, 617, 240, 199
track:112, 833, 616, 240, 199
track:113, 838, 620, 229, 190
track:114, 839, 619, 229, 190
track:115, 840, 618, 229, 190
track:116, 842, 616, 229, 190
track:117, 843, 613, 229, 190
track:120, 845, 611, 229, 190
track:121, 845, 609, 229, 190
track:122, 851, 610, 218, 180
track:123, 852, 608, 218, 180
track:124, 851, 608, 218, 180
track:125, 850, 606, 218, 180
track:126, 848, 601, 218, 180
track:127, 852, 605, 207, 172
track:128, 850, 604, 207, 172
init :129, 858, 607, 189, 166
track:130, 858, 609, 189, 166
track:131, 858, 610, 189, 166
track:132, 860, 614, 189, 166
track:133, 867, 620, 180, 158
track:134, 861, 616, 189, 166
track:135, 862, 617, 189, 166
track:136, 863, 618, 189, 166
track:137, 862, 620, 189, 166
track:138, 863, 621, 189, 166
track:139, 864, 621, 189, 166
track:140, 864, 621, 189, 166
track:141, 863, 620, 189, 166
track:142, 861, 621, 189, 166
track:143, 860, 622, 189, 166
track:144, 860, 622, 189, 166
track:145, 863, 630, 180, 158
track:146, 862, 631, 180, 158
track:147, 862, 630, 180, 158
track:148, 864, 633, 180, 158
track:149, 864, 633, 180, 158
track:150, 858, 632, 189, 166
track:151, 858, 635, 189, 166
track:152, 858, 639, 189, 166
track:153, 858, 641, 189, 166
track:154, 858, 642, 189, 166
track:155, 859, 643, 189, 166
track:156, 858, 644, 189, 166
track:157, 860, 645, 189, 166
track:158, 862, 646, 189, 166
track:159, 861, 647, 189, 166
track:160, 860, 647, 189, 166
track:161, 858, 647, 189, 166
track:162, 857, 646, 189, 166
track:163, 855, 646, 189, 166
track:164, 854, 647, 189, 166
track:165, 855, 648, 189, 166
track:166, 855, 648, 189, 166
track:167, 855, 647, 189, 166
track:168, 855, 647, 189, 166
track:169, 855, 647, 189, 166
track:170, 856, 646, 189, 166
track:171, 863, 649, 180, 158
track:172, 865, 648, 180, 158
track:173, 865, 647, 180, 158
track:174, 864, 647, 180, 158
track:175, 862, 647, 180, 158
track:176, 860, 647, 180, 158
track:177, 854, 644, 189, 166
track:178, 857, 645, 189, 166
track:179, 856, 645, 189, 166
track:180, 859, 646, 189, 166
track:181, 858, 647, 189, 166
track:182, 865, 654, 180, 158
track:183, 872, 661, 171, 151
track:184, 872, 662, 171, 151
track:185, 874, 665, 171, 151
track:186, 872, 663, 171, 151
track:187, 864, 655, 180, 158
track:188, 860, 650, 180, 158
track:189, 858, 649, 180, 158
track:190, 855, 648, 180, 158
track:191, 857, 646, 180, 158
track:192, 855, 642, 180, 158
init :193, 858, 643, 161, 150
track:194, 858, 643, 161, 150
track:195, 860, 642, 161, 150
track:196, 861, 641, 161, 150
track:197, 860, 639, 161, 150
track:198, 858, 640, 161, 150
track:199, 858, 640, 161, 150
track:200, 857, 643, 161, 150
track:201, 854, 643, 161, 150
track:202, 854, 641, 161, 150
track:203, 853, 639, 161, 150
track:204, 853, 639, 161, 150
track:205, 854, 636, 161, 150
track:206, 855, 635, 161, 150
track:207, 852, 634, 161, 150
track:208, 852, 633, 161, 150
track:209, 850, 631, 161, 150
track:210, 852, 631, 153, 143
track:211, 852, 628, 153, 143
track:212, 851, 625, 153, 143
track:213, 851, 626, 153, 143
track:214, 854, 627, 146, 136
track:215, 854, 626, 146, 136
track:216, 855, 625, 146, 136
track:217, 854, 625, 146, 136
track:218, 854, 626, 146, 136
track:219, 854, 627, 146, 136
track:220, 854, 631, 146, 136
track:221, 853, 633, 146, 136
track:222, 853, 634, 146, 136
track:223, 853, 635, 146, 136
track:224, 853, 637, 146, 136
track:225, 853, 639, 146, 136
track:226, 853, 639, 146, 136
track:227, 853, 639, 146, 136
track:228, 853, 639, 146, 136
track:229, 854, 640, 146, 136
track:230, 857, 642, 139, 130
track:231, 857, 642, 139, 130
track:232, 858, 642, 132, 123
track:233, 858, 642, 132, 123
track:234, 857, 642, 132, 123
track:235, 857, 642, 132, 123
track:236, 860, 642, 126, 118
track:237, 861, 643, 126, 118
track:238, 863, 643, 126, 118
track:239, 866, 647, 120, 112
track:240, 867, 649, 120, 112
track:241, 868, 650, 120, 112
track:242, 868, 650, 120, 112
track:243, 869, 650, 120, 112
track:244, 869, 650, 120, 112
track:245, 870, 653, 114, 107
track:246, 870, 653, 114, 107
track:247, 870, 653, 114, 107
track:248, 870, 653, 114, 107
track:249, 872, 657, 109, 102
track:250, 873, 658, 109, 102
track:251, 874, 660, 109, 102
track:252, 874, 662, 109, 102
track:253, 874, 662, 109, 102
track:254, 875, 665, 109, 102
track:255, 875, 667, 109, 102
track:256, 876, 669, 109, 102
init :257, 867, 672, 124, 96
track:258, 867, 672, 124, 96
track:259, 867, 675, 124, 96
track:260, 868, 676, 124, 96
track:261, 869, 677, 124, 96
track:262, 869, 678, 124, 96
track:263, 868, 679, 124, 96
track:264, 866, 678, 130, 101
track:265, 866, 680, 130, 101
track:266, 866, 681, 130, 101
track:267, 866, 683, 130, 101
track:268, 866, 684, 130, 101
track:269, 866, 685, 130, 101
track:270, 866, 686, 130, 101
track:271, 867, 688, 130, 101
track:272, 868, 693, 130, 101
track:273, 869, 693, 130, 101
track:274, 868, 695, 130, 101
track:275, 869, 696, 130, 101
track:276, 870, 699, 130, 101
track:277, 871, 703, 130, 101
track:278, 872, 702, 130, 101
track:279, 869, 701, 137, 106
track:280, 870, 700, 137, 106
track:281, 871, 699, 137, 106
track:282, 869, 697, 144, 111
track:283, 869, 697, 144, 111
track:284, 871, 699, 144, 111
track:285, 874, 702, 144, 111
track:286, 871, 698, 151, 117
track:287, 872, 696, 151, 117
track:288, 873, 695, 151, 117
track:289, 874, 692, 151, 117
track:290, 870, 684, 158, 123
track:291, 867, 676, 166, 129
track:292, 864, 666, 174, 135
track:293, 864, 664, 174, 135
track:294, 865, 664, 174, 135
track:295, 867, 661, 174, 135
track:296, 864, 658, 183, 142
track:297, 861, 656, 192, 149
track:298, 856, 653, 202, 156
track:299, 850, 649, 212, 164
track:300, 842, 648, 223, 172
track:301, 840, 650, 223, 172
track:302, 834, 650, 234, 181
track:303, 833, 651, 234, 181
track:304, 831, 655, 234, 181
track:305, 823, 651, 246, 190
track:306, 823, 651, 246, 190
track:307, 823, 649, 246, 190
track:308, 823, 647, 246, 190
track:309, 822, 647, 246, 190
track:310, 823, 639, 246, 190
track:311, 822, 624, 246, 190
track:312, 820, 617, 246, 190
track:313, 821, 615, 246, 190
track:314, 822, 608, 246, 190
track:315, 822, 601, 246, 190
track:316, 821, 589, 246, 190
track:317, 823, 582, 246, 190
track:318, 824, 582, 246, 190
track:319, 826, 581, 246, 190
track:320, 837, 577, 234, 181
init :321, 858, 568, 207, 184
track:322, 858, 568, 207, 184
track:323, 858, 568, 207, 184
track:324, 857, 571, 207, 184
track:325, 857, 571, 207, 184
track:326, 856, 565, 207, 184
track:327, 853, 566, 207, 184
track:328, 853, 565, 207, 184
track:329, 854, 575, 197, 175
track:330, 853, 580, 197, 175
track:331, 851, 584, 197, 175
track:332, 849, 586, 197, 175
track:333, 850, 588, 197, 175
track:334, 849, 589, 197, 175
track:335, 847, 590, 197, 175
track:336, 847, 593, 197, 175
track:337, 848, 594, 197, 175
track:338, 849, 594, 197, 175
track:339, 849, 590, 197, 175
track:340, 854, 593, 188, 167
track:341, 855, 593, 188, 167
track:342, 856, 592, 188, 167
track:343, 857, 595, 179, 159
track:344, 858, 594, 179, 159
track:345, 859, 589, 179, 159
track:346, 863, 594, 170, 151
track:347, 866, 600, 162, 144
track:348, 867, 600, 162, 144
track:349, 866, 603, 162, 144
track:350, 867, 607, 162, 144
track:351, 868, 611, 162, 144
track:352, 869, 614, 162, 144
track:353, 873, 618, 154, 137
track:354, 871, 620, 154, 137
track:355, 871, 621, 154, 137
track:356, 872, 622, 154, 137
track:357, 875, 625, 147, 131
track:358, 875, 625, 147, 131
track:359, 874, 626, 147, 131
track:360, 873, 625, 147, 131
track:361, 872, 626, 147, 131
track:362, 871, 626, 147, 131
track:363, 871, 626, 147, 131
track:364, 874, 629, 140, 125
track:365, 873, 630, 140, 125
track:366, 873, 631, 140, 125
track:367, 871, 631, 140, 125
track:368, 874, 634, 133, 119
track:369, 874, 635, 133, 119
track:370, 873, 640, 133, 119
track:371, 872, 645, 133, 119
track:372, 872, 649, 133, 119
track:373, 872, 649, 133, 119
track:374, 871, 651, 133, 119
track:375, 873, 655, 127, 113
track:376, 870, 655, 127, 113
track:377, 868, 656, 127, 113
track:378, 868, 657, 127, 113
track:379, 868, 658, 127, 113
track:380, 868, 657, 127, 113
track:381, 867, 656, 127, 113
track:382, 865, 656, 127, 113
track:383, 864, 656, 127, 113
track:384, 863, 656, 127, 113
init :385, 863, 662, 110, 93
track:386, 863, 662, 110, 93
track:387, 864, 663, 110, 93
track:388, 864, 663, 110, 93
track:389, 863, 662, 110, 93
track:390, 863, 662, 110, 93
track:391, 863, 665, 110, 93
track:392, 863, 668, 110, 93
track:393, 863, 668, 110, 93
track:394, 863, 669, 110, 93
track:395, 864, 674, 110, 93
track:396, 865, 678, 110, 93
track:397, 867, 682, 110, 93
track:398, 868, 683, 110, 93
track:399, 869, 687, 110, 93
track:400, 870, 692, 110, 93
track:401, 871, 697, 110, 93
track:402, 872, 700, 110, 93
track:403, 872, 702, 110, 93
track:404, 872, 703, 110, 93
track:405, 873, 703, 110, 93
track:406, 874, 703, 110, 93
track:407, 876, 703, 110, 93
track:408, 876, 703, 110, 93
track:409, 876, 701, 110, 93
track:410, 876, 700, 110, 93
track:411, 877, 696, 110, 93
track:412, 877, 695, 110, 93
track:413, 877, 694, 110, 93
track:414, 877, 693, 110, 93
track:415, 877, 695, 110, 93
track:416, 878, 697, 110, 93
track:417, 878, 697, 110, 93
track:418, 878, 697, 110, 93
track:419, 878, 697, 110, 93
track:420, 877, 698, 110, 93
track:421, 876, 698, 110, 93
track:422, 875, 697, 110, 93
track:423, 875, 696, 110, 93
track:424, 874, 693, 110, 93
track:425, 874, 691, 110, 93
track:426, 874, 689, 110, 93
track:427, 873, 688, 110, 93
track:428, 872, 687, 110, 93
track:429, 872, 688, 110, 93
track:430, 871, 688, 110, 93
track:431, 871, 688, 110, 93
track:432, 870, 687, 110, 93
track:433, 870, 688, 110, 93
track:434, 870, 687, 110, 93
track:435, 868, 688, 110, 93
track:436, 868, 689, 110, 93
track:437, 868, 691, 110, 93
track:438, 868, 691, 110, 93
track:439, 869, 692, 110, 93
track:440, 869, 693, 110, 93
track:441, 869, 693, 110, 93
track:442, 870, 693, 110, 93
track:443, 870, 694, 110, 93
track:444, 870, 694, 110, 93
track:445, 868, 692, 115, 98
track:446, 868, 693, 115, 98
track:447, 868, 693, 115, 98
track:448, 868, 692, 115, 98
init :449, 867, 693, 115, 85
track:450, 867, 693, 115, 85
track:451, 867, 695, 115, 85
track:452, 868, 697, 115, 85
track:453, 868, 698, 115, 85
track:454, 869, 698, 115, 85
track:455, 868, 696, 121, 89
track:456, 868, 697, 121, 89
track:457, 868, 696, 121, 89
track:458, 867, 697, 121, 89
track:459, 867, 696, 121, 89
track:460, 867, 694, 121, 89
track:461, 868, 694, 121, 89
track:462, 865, 691, 127, 94
track:463, 865, 690, 127, 94
track:464, 864, 688, 127, 94
track:465, 864, 685, 127, 94
track:466, 864, 686, 127, 94
track:467, 864, 687, 127, 94
track:468, 865, 687, 127, 94
track:469, 864, 687, 127, 94
track:470, 866, 688, 127, 94
track:471, 863, 687, 133, 98
track:472, 863, 688, 133, 98
track:473, 863, 690, 133, 98
track:474, 863, 693, 133, 98
track:475, 863, 691, 140, 103
track:476, 864, 689, 140, 103
track:477, 864, 689, 140, 103
track:478, 865, 688, 140, 103
track:479, 864, 685, 147, 108
track:480, 867, 676, 147, 108
track:481, 865, 671, 154, 114
track:482, 865, 670, 154, 114
track:483, 867, 663, 154, 114
track:484, 869, 660, 154, 114
track:485, 870, 661, 154, 114
track:486, 870, 665, 154, 114
track:487, 871, 665, 154, 114
track:488, 870, 669, 154, 114
track:490, 867, 672, 154, 114
track:491, 864, 673, 154, 114
track:492, 864, 674, 154, 114
track:493, 861, 674, 154, 114
track:494, 861, 674, 154, 114
track:495, 853, 664, 162, 120
track:496, 847, 657, 170, 126
track:497, 846, 656, 170, 126
track:498, 841, 652, 178, 132
track:499, 840, 648, 178, 132
track:500, 840, 643, 178, 132
track:501, 839, 639, 178, 132
track:502, 839, 638, 178, 132
track:503, 839, 635, 178, 132
track:504, 839, 634, 178, 132
track:505, 838, 633, 178, 132
track:506, 838, 632, 178, 132
track:507, 837, 631, 178, 132
track:508, 837, 630, 178, 132
track:509, 837, 626, 178, 132
track:510, 837, 624, 178, 132
track:511, 837, 621, 178, 132
track:512, 837, 621, 178, 132
init :513, 853, 623, 156, 142
track:514, 853, 624, 156, 142
track:515, 854, 625, 156, 142
track:516, 853, 624, 156, 142
track:517, 854, 625, 156, 142
track:518, 858, 626, 149, 135
track:519, 857, 625, 149, 135
track:520, 858, 625, 149, 135
track:521, 858, 624, 149, 135
track:522, 859, 623, 149, 135
track:523, 858, 624, 149, 135
track:524, 862, 629, 141, 129
track:525, 866, 634, 135, 123
track:526, 868, 635, 135, 123
track:527, 868, 635, 135, 123
track:528, 867, 635, 135, 123
track:529, 868, 634, 135, 123
track:530, 869, 632, 135, 123
track:531, 871, 630, 135, 123
track:532, 870, 631, 135, 123
track:533, 875, 634, 128, 117
track:534, 878, 638, 122, 111
track:535, 881, 640, 116, 106
track:536, 881, 642, 116, 106
track:537, 880, 642, 116, 106
track:538, 880, 644, 116, 106
track:539, 880, 646, 116, 106
track:540, 881, 646, 116, 106
track:543, 883, 649, 111, 101
track:544, 882, 649, 111, 101
track:546, 879, 655, 111, 101
track:547, 882, 657, 106, 96
track:548, 880, 659, 106, 96
track:549, 880, 660, 106, 96
track:550, 879, 663, 106, 96
track:551, 877, 664, 106, 96
track:552, 877, 664, 106, 96
track:553, 877, 664, 106, 96
track:554, 876, 663, 106, 96
track:555, 875, 664, 106, 96
track:556, 875, 664, 106, 96
track:557, 875, 664, 106, 96
track:558, 874, 669, 106, 96
track:559, 874, 672, 106, 96
track:560, 874, 675, 106, 96
track:561, 873, 678, 106, 96
track:562, 874, 679, 106, 96
track:563, 874, 681, 106, 96
track:564, 874, 682, 106, 96
track:565, 874, 683, 106, 96
track:566, 874, 685, 106, 96
track:567, 874, 686, 106, 96
track:568, 878, 691, 101, 92
track:569, 880, 693, 96, 87
track:570, 879, 696, 96, 87
track:571, 878, 699, 96, 87
track:572, 879, 700, 96, 87
track:573, 880, 702, 96, 87
track:574, 881, 704, 96, 87
track:575, 881, 704, 96, 87
track:576, 879, 699, 101, 92
init :577, 872, 700, 101, 75
track:578, 872, 699, 101, 75
track:579, 873, 696, 101, 75
track:580, 874, 697, 101, 75
track:581, 874, 696, 101, 75
track:582, 874, 697, 101, 75
track:583, 874, 699, 101, 75
track:584, 874, 701, 101, 75
track:585, 874, 700, 101, 75
track:586, 873, 701, 101, 75
track:587, 871, 700, 106, 79
track:588, 871, 701, 106, 79
track:589, 872, 699, 106, 79
track:590, 871, 699, 106, 79
track:591, 870, 700, 106, 79
track:592, 869, 700, 106, 79
track:593, 868, 699, 106, 79
track:594, 868, 697, 106, 79
track:595, 865, 687, 111, 83
track:596, 864, 684, 111, 83
track:597, 864, 684, 111, 83
track:598, 864, 680, 111, 83
track:599, 863, 673, 111, 83
track:600, 863, 670, 111, 83
track:601, 864, 670, 111, 83
track:602, 864, 670, 111, 83
track:603, 864, 669, 111, 83
track:604, 863, 665, 111, 83
track:605, 863, 662, 111, 83
track:606, 862, 660, 111, 83
track:607, 862, 660, 111, 83
track:608, 863, 660, 111, 83
track:609, 863, 660, 111, 83
track:610, 860, 659, 117, 87
track:611, 860, 662, 117, 87
track:612, 861, 662, 117, 87
track:613, 860, 666, 117, 87
track:614, 857, 665, 123, 91
track:615, 857, 668, 123, 91
track:616, 854, 668, 129, 96
track:617, 854, 669, 129, 96
track:618, 854, 668, 129, 96
track:619, 854, 667, 129, 96
track:620, 856, 666, 129, 96
track:621, 857, 665, 129, 96
track:622, 857, 665, 129, 96
track:623, 856, 665, 129, 96
track:624, 854, 663, 129, 96
track:625, 855, 663, 129, 96
track:626, 856, 665, 129, 96
track:627, 856, 665, 129, 96
track:628, 853, 664, 135, 101
track:629, 853, 663, 135, 101
track:630, 852, 661, 135, 101
track:631, 852, 660, 135, 101
track:632, 849, 658, 142, 106
track:633, 851, 660, 142, 106
track:634, 851, 664, 142, 106
track:635, 851, 666, 142, 106
track:636, 852, 667, 142, 106
track:637, 853, 667, 142, 106
track:638, 855, 668, 142, 106
track:639, 856, 668, 142, 106
track:640, 856, 668, 142, 106
init :641, 863, 664, 147, 111
track:642, 863, 664, 147, 111
track:643, 864, 662, 147, 111
track:644, 860, 659, 154, 117
track:645, 860, 651, 154, 117
track:646, 864, 652, 147, 111
track:647, 865, 652, 147, 111
track:648, 865, 651, 147, 111
track:649, 864, 651, 147, 111
track:650, 870, 654, 140, 106
track:651, 872, 653, 140, 106
track:652, 873, 653, 140, 106
track:653, 873, 653, 140, 106
track:654, 873, 654, 140, 106
track:655, 874, 658, 140, 106
track:656, 875, 660, 140, 106
track:657, 876, 661, 140, 106
track:658, 873, 661, 147, 111
track:659, 875, 660, 147, 111
track:660, 874, 659, 147, 111
track:661, 875, 659, 147, 111
track:662, 876, 659, 147, 111
track:663, 876, 659, 147, 111
track:664, 877, 658, 147, 111
track:665, 883, 658, 140, 106
track:666, 883, 656, 140, 106
track:667, 883, 656, 140, 106
track:668, 884, 654, 140, 106
track:669, 884, 653, 140, 106
track:670, 884, 652, 140, 106
track:671, 882, 652, 140, 106
track:672, 882, 653, 140, 106
track:673, 880, 653, 140, 106
track:674, 875, 649, 147, 111
track:675, 874, 648, 147, 111
track:676, 873, 648, 147, 111
track:677, 873, 648, 147, 111
track:678, 871, 650, 147, 111
track:679, 870, 661, 147, 111
track:680, 870, 666, 147, 111
track:681, 871, 668, 147, 111
track:682, 871, 670, 147, 111
track:683, 869, 668, 147, 111
track:684, 868, 668, 147, 111
track:685, 868, 670, 147, 111
track:686, 868, 673, 147, 111
track:687, 868, 674, 147, 111
track:688, 868, 673, 147, 111
track:689, 866, 671, 147, 111
track:690, 865, 669, 147, 111
track:691, 864, 667, 147, 111
track:692, 861, 665, 154, 117
track:693, 860, 663, 154, 117
track:694, 860, 662, 154, 117
track:695, 861, 662, 154, 117
track:696, 860, 660, 154, 117
track:697, 859, 660, 154, 117
track:698, 858, 659, 154, 117
track:699, 856, 660, 154, 117
track:700, 855, 660, 154, 117
track:701, 856, 662, 154, 117
track:702, 855, 662, 154, 117
track:703, 855, 666, 154, 117
track:704, 853, 670, 154, 117
init :705, 853, 677, 147, 124
track:706, 853, 678, 147, 124
track:707, 853, 678, 147, 124
track:708, 851, 680, 147, 124
track:709, 852, 680, 147, 124
track:710, 852, 679, 147, 124
track:711, 852, 678, 147, 124
track:712, 852, 676, 147, 124
track:713, 852, 675, 147, 124
track:714, 851, 674, 147, 124
track:715, 851, 676, 147, 124
track:716, 851, 676, 147, 124
track:717, 851, 677, 147, 124
track:718, 852, 678, 147, 124
track:719, 849, 675, 154, 130
track:720, 849, 675, 154, 130
track:721, 850, 675, 154, 130
track:722, 850, 675, 154, 130
track:723, 851, 674, 154, 130
track:724, 850, 671, 154, 130
track:725, 848, 666, 162, 137
track:726, 848, 665, 162, 137
track:727, 849, 664, 162, 137
track:728, 849, 661, 162, 137
track:729, 848, 656, 162, 137
track:730, 850, 653, 162, 137
track:731, 850, 653, 162, 137
track:732, 850, 652, 162, 137
track:733, 850, 651, 162, 137
track:734, 850, 648, 162, 137
track:735, 851, 643, 162, 137
track:736, 850, 643, 162, 137
track:737, 852, 640, 162, 137
track:738, 850, 640, 162, 137
track:739, 850, 640, 162, 137
track:740, 852, 641, 162, 137
track:741, 853, 642, 162, 137
track:742, 852, 642, 162, 137
track:743, 846, 639, 170, 144
track:744, 846, 639, 170, 144
track:745, 848, 638, 170, 144
track:746, 852, 640, 162, 137
track:747, 852, 638, 162, 137
track:748, 851, 630, 162, 137
track:749, 851, 626, 162, 137
track:750, 849, 625, 162, 137
track:751, 849, 624, 162, 137
track:752, 848, 625, 162, 137
track:753, 849, 627, 162, 137
track:754, 852, 627, 162, 137
track:755, 854, 626, 162, 137
track:756, 854, 626, 162, 137
track:757, 855, 626, 162, 137
track:758, 855, 623, 162, 137
track:759, 854, 625, 162, 137
track:760, 858, 632, 154, 130
track:761, 857, 632, 154, 130
track:762, 860, 634, 154, 130
track:763, 863, 633, 154, 130
track:764, 863, 633, 154, 130
track:765, 861, 635, 154, 130
track:766, 862, 634, 154, 130
track:767, 860, 634, 154, 130
track:768, 861, 635, 154, 130
init :769, 863, 638, 147, 122
track:770, 865, 647, 147, 122
track:771, 866, 648, 147, 122
track:772, 867, 647, 147, 122
track:773, 867, 646, 147, 122
track:774, 869, 646, 147, 122
track:775, 868, 646, 147, 122
track:776, 868, 647, 147, 122
track:777, 869, 647, 147, 122
track:778, 870, 646, 147, 122
track:779, 871, 646, 147, 122
track:780, 872, 646, 147, 122
track:781, 876, 648, 140, 116
track:782, 876, 648, 140, 116
track:783, 880, 650, 133, 111
track:784, 879, 649, 133, 111
track:785, 878, 650, 133, 111
track:786, 881, 653, 127, 105
track:787, 880, 653, 127, 105
track:788, 879, 654, 127, 105
track:789, 879, 654, 127, 105
track:790, 875, 650, 133, 111
track:791, 876, 651, 133, 111
track:792, 875, 649, 133, 111
track:793, 875, 650, 133, 111
track:794, 874, 653, 133, 111
track:795, 875, 657, 133, 111
track:796, 878, 660, 127, 105
track:797, 878, 659, 127, 105
track:798, 874, 655, 133, 111
track:799, 877, 659, 127, 105
track:800, 875, 658, 133, 111
track:801, 875, 658, 133, 111
track:802, 874, 658, 133, 111
track:803, 873, 659, 133, 111
track:804, 874, 660, 133, 111
track:805, 874, 660, 133, 111
track:806, 873, 660, 133, 111
track:807, 876, 663, 127, 105
track:808, 872, 662, 133, 111
track:809, 873, 662, 133, 111
track:810, 873, 665, 133, 111
track:811, 873, 665, 133, 111
track:812, 872, 667, 133, 111
track:813, 870, 666, 133, 111
track:814, 867, 666, 133, 111
track:815, 863, 663, 140, 116
track:816, 864, 663, 140, 116
track:817, 864, 666, 140, 116
track:818, 863, 674, 140, 116
track:819, 863, 675, 140, 116
track:820, 861, 687, 140, 116
track:821, 860, 687, 140, 116
track:822, 859, 687, 140, 116
track:823, 859, 686, 140, 116
track:824, 859, 685, 140, 116
track:825, 858, 685, 140, 116
track:826, 858, 685, 140, 116
track:827, 853, 688, 147, 122
track:828, 853, 692, 147, 122
track:829, 853, 694, 147, 122
track:830, 852, 693, 154, 128
track:831, 853, 694, 154, 128
track:832, 853, 695, 154, 128
init :833, 844, 677, 175, 155
track:834, 839, 669, 184, 163
track:835, 839, 659, 184, 163
track:836, 840, 660, 184, 163
track:837, 839, 656, 184, 163
track:838, 837, 654, 184, 163
track:839, 836, 649, 184, 163
track:840, 834, 643, 184, 163
track:841, 834, 642, 184, 163
track:842, 831, 641, 184, 163
track:843, 827, 637, 184, 163
track:844, 826, 634, 184, 163
track:845, 822, 620, 184, 163
track:846, 816, 615, 193, 171
track:847, 813, 608, 193, 171
track:848, 814, 602, 193, 171
track:849, 812, 600, 193, 171
track:850, 812, 598, 193, 171
track:851, 811, 598, 193, 171
track:852, 815, 595, 193, 171
track:853, 819, 590, 193, 171
track:854, 821, 590, 193, 171
track:855, 821, 594, 193, 171
track:856, 821, 595, 193, 171
track:857, 821, 597, 193, 171
track:858, 817, 591, 203, 179
track:859, 820, 586, 203, 179
track:860, 820, 585, 203, 179
track:861, 820, 584, 203, 179
track:862, 819, 587, 203, 179
track:863, 824, 596, 193, 171
track:864, 826, 600, 193, 171
track:865, 830, 610, 184, 163
track:866, 830, 613, 184, 163
track:867, 831, 617, 184, 163
track:868, 831, 619, 184, 163
track:869, 831, 619, 184, 163
track:870, 832, 623, 184, 163
track:871, 833, 625, 184, 163
track:872, 833, 626, 184, 163
track:873, 839, 629, 175, 155
track:874, 839, 629, 175, 155
track:875, 840, 631, 175, 155
track:876, 840, 629, 175, 155
track:877, 841, 630, 175, 155
track:878, 844, 630, 175, 155
track:879, 844, 630, 175, 155
track:880, 844, 629, 175, 155
track:881, 844, 630, 175, 155
track:882, 844, 630, 175, 155
track:883, 852, 631, 167, 148
track:884, 854, 630, 167, 148
track:885, 859, 633, 159, 141
track:886, 860, 633, 159, 141
track:887, 866, 638, 151, 134
track:888, 867, 638, 151, 134
track:889, 867, 637, 151, 134
track:890, 869, 636, 151, 134
track:891, 872, 638, 144, 128
track:892, 873, 638, 144, 128
track:893, 875, 637, 144, 128
track:894, 875, 637, 144, 128
track:895, 880, 640, 137, 121
track:896, 881, 640, 137, 121
init :897, 886, 649, 129, 98
track:898, 885, 649, 129, 98
track:899, 883, 649, 129, 98
track:900, 882, 651, 129, 98
track:901, 881, 651, 129, 98
track:902, 880, 653, 129, 98
track:903, 879, 654, 129, 98
track:904, 880, 653, 129, 98
track:905, 879, 653, 129, 98
track:906, 880, 653, 129, 98
track:907, 855, 638, 129, 98
track:908, 851, 633, 135, 103
track:909, 840, 629, 135, 103
track:910, 835, 635, 135, 103
track:911, 837, 637, 135, 103
track:912, 836, 641, 135, 103
track:913, 836, 644, 135, 103
track:914, 837, 647, 135, 103
track:915, 839, 650, 135, 103
track:916, 836, 652, 135, 103
track:917, 833, 650, 142, 108
track:918, 831, 648, 149, 113
track:919, 831, 650, 149, 113
track:920, 828, 650, 149, 113
track:921, 826, 649, 157, 119
track:922, 820, 647, 157, 119
track:923, 812, 643, 165, 125
track:924, 807, 643, 165, 125
track:925, 801, 641, 165, 125
track:926, 799, 643, 165, 125
track:927, 797, 641, 165, 125
track:928, 786, 643, 165, 125
track:929, 781, 642, 165, 125
track:930, 778, 641, 165, 125
track:931, 777, 640, 165, 125
track:932, 772, 636, 173, 131
track:933, 773, 632, 173, 131
track:934, 769, 629, 173, 131
track:935, 770, 626, 173, 131
track:936, 772, 627, 173, 131
track:937, 771, 624, 173, 131
track:938, 774, 622, 173, 131
track:939, 774, 619, 173, 131
track:940, 773, 619, 173, 131
track:941, 775, 618, 173, 131
track:942, 773, 617, 173, 131
track:943, 773, 616, 173, 131
track:944, 774, 616, 173, 131
track:945, 770, 617, 173, 131
track:946, 769, 612, 182, 138
track:947, 768, 613, 182, 138
track:948, 765, 615, 182, 138
track:949, 761, 616, 182, 138
track:950, 756, 616, 182, 138
track:951, 755, 616, 182, 138
track:952, 753, 618, 182, 138
track:953, 750, 620, 182, 138
track:954, 748, 622, 182, 138
track:955, 748, 623, 182, 138
track:956, 745, 623, 182, 138
track:957, 747, 623, 182, 138
track:958, 747, 625, 182, 138
track:959, 745, 627, 182, 138
track:960, 743, 626, 182, 138
init :961, 747, 584, 383, 236
track:962, 746, 585, 383, 236
track:963, 744, 587, 383, 236
track:964, 744, 587, 383, 236
track:965, 743, 587, 383, 236
track:966, 741, 588, 383, 236
track:967, 739, 589, 383, 236
track:968, 737, 589, 383, 236
track:969, 729, 590, 383, 236
track:970, 729, 589, 383, 236
track:971, 728, 590, 383, 236
track:972, 721, 593, 383, 236
track:973, 718, 591, 383, 236
track:974, 711, 592, 383, 236
track:975, 719, 597, 365, 225
track:976, 715, 597, 365, 225
track:977, 712, 598, 365, 225
track:978, 711, 598, 365, 225
track:979, 708, 597, 365, 225
track:980, 702, 594, 383, 236
track:981, 703, 593, 383, 236
track:982, 701, 594, 383, 236
track:983, 702, 595, 383, 236
track:984, 704, 594, 383, 236
track:985, 706, 594, 383, 236
track:986, 706, 596, 383, 236
track:987, 700, 589, 402, 248
track:988, 699, 590, 402, 248
track:989, 703, 587, 402, 248
track:990, 703, 588, 402, 248
track:991, 714, 596, 383, 236
track:992, 709, 596, 383, 236
track:993, 714, 597, 383, 236
track:994, 711, 595, 383, 236
track:995, 712, 595, 383, 236
track:996, 713, 591, 383, 236
track:997, 717, 593, 383, 236
track:998, 712, 588, 383, 236
track:999, 723, 590, 365, 225
track:1000, 733, 595, 347, 214
track:1001, 734, 593, 347, 214
track:1002, 740, 591, 347, 214
track:1003, 746, 586, 347, 214
track:1004, 748, 583, 347, 214
track:1005, 755, 587, 331, 204
track:1006, 759, 585, 331, 204
track:1007, 764, 582, 331, 204
track:1008, 754, 576, 347, 214
track:1009, 755, 573, 347, 214
track:1010, 756, 571, 347, 214
track:1011, 755, 575, 331, 204
track:1012, 752, 577, 331, 204
track:1013, 759, 580, 315, 194
track:1014, 753, 579, 315, 194
track:1015, 751, 577, 315, 194
track:1016, 756, 580, 300, 185
track:1017, 760, 584, 286, 176
track:1018, 757, 584, 286, 176
track:1019, 757, 583, 286, 176
track:1020, 756, 584, 286, 176
track:1021, 755, 583, 286, 176
track:1022, 759, 586, 272, 168
track:1023, 759, 586, 272, 168
track:1024, 758, 586, 272, 168
init :1025, 756, 578, 447, 176
track:1026, 755, 579, 447, 176
track:1027, 752, 580, 447, 176
track:1028, 748, 581, 447, 176
track:1029, 744, 581, 447, 176
track:1030, 742, 582, 447, 176
track:1031, 737, 584, 447, 176
track:1032, 734, 586, 447, 176
track:1033, 729, 587, 447, 176
track:1034, 726, 587, 447, 176
track:1035, 735, 592, 426, 168
track:1036, 734, 594, 426, 168
track:1037, 742, 601, 405, 160
track:1038, 737, 604, 405, 160
track:1039, 735, 605, 405, 160
track:1040, 734, 604, 405, 160
track:1041, 727, 601, 426, 168
track:1042, 727, 602, 426, 168
track:1043, 727, 603, 426, 168
track:1044, 726, 606, 426, 168
track:1045, 714, 604, 447, 176
track:1046, 716, 604, 447, 176
track:1047, 719, 606, 447, 176
track:1048, 722, 606, 447, 176
track:1049, 737, 611, 426, 168
track:1050, 738, 611, 426, 168
track:1051, 740, 609, 426, 168
track:1052, 750, 608, 426, 168
track:1053, 756, 606, 426, 168
track:1054, 762, 606, 426, 168
track:1055, 771, 610, 405, 160
track:1056, 776, 610, 405, 160
track:1057, 781, 609, 405, 160
track:1058, 783, 611, 405, 160
track:1059, 777, 609, 426, 168
track:1060, 777, 610, 426, 168
track:1061, 776, 612, 426, 168
track:1062, 776, 612, 426, 168
track:1063, 772, 612, 426, 168
track:1064, 767, 612, 426, 168
track:1065, 764, 612, 426, 168
track:1066, 760, 612, 426, 168
track:1067, 751, 612, 426, 168
track:1068, 752, 615, 405, 160
track:1069, 738, 614, 405, 160
track:1070, 733, 614, 405, 160
track:1071, 732, 615, 405, 160
track:1072, 722, 618, 405, 160
track:1073, 698, 616, 405, 160
track:1074, 685, 616, 405, 160
track:1075, 688, 617, 405, 160
track:1076, 678, 618, 405, 160
track:1077, 671, 618, 405, 160
track:1078, 648, 616, 405, 160
track:1079, 646, 618, 405, 160
track:1080, 641, 619, 405, 160
track:1081, 636, 618, 405, 160
track:1082, 634, 619, 405, 160
track:1083, 617, 615, 426, 168
track:1084, 613, 616, 426, 168
track:1085, 615, 617, 426, 168
track:1086, 620, 620, 405, 160
track:1087, 621, 619, 405, 160
track:1088, 617, 618, 405, 160
init :1089, 669, 628, 447, 137
track:1090, 669, 628, 447, 137
track:1091, 669, 629, 447, 137
track:1092, 667, 631, 447, 137
track:1093, 661, 630, 469, 144
track:1094, 664, 630, 469, 144
track:1095, 675, 634, 447, 137
track:1096, 674, 635, 447, 137
track:1097, 666, 633, 469, 144
track:1098, 666, 635, 469, 144
track:1099, 680, 638, 447, 137
track:1100, 684, 637, 447, 137
track:1101, 683, 636, 447, 137
track:1102, 686, 634, 447, 137
track:1103, 684, 633, 447, 137
track:1104, 684, 636, 447, 137
track:1105, 685, 636, 447, 137
track:1106, 685, 635, 447, 137
track:1107, 685, 636, 447, 137
track:1108, 679, 636, 447, 137
track:1109, 676, 637, 447, 137
track:1110, 678, 639, 447, 137
track:1111, 670, 640, 447, 137
track:1112, 667, 640, 447, 137
track:1113, 663, 641, 447, 137
track:1114, 647, 639, 469, 144
track:1115, 651, 641, 469, 144
track:1116, 653, 646, 447, 137
track:1117, 649, 647, 447, 137
track:1118, 652, 646, 447, 137
track:1119, 633, 647, 447, 137
track:1120, 637, 649, 447, 137
track:1121, 669, 656, 426, 130
track:1122, 660, 654, 426, 130
track:1123, 639, 648, 447, 137
track:1124, 637, 651, 447, 137
track:1125, 660, 654, 426, 130
track:1126, 668, 654, 426, 130
track:1127, 661, 655, 426, 130
track:1128, 664, 663, 405, 124
track:1129, 673, 668, 386, 118
track:1130, 668, 668, 386, 118
track:1131, 679, 667, 386, 118
track:1132, 800, 669, 386, 118
track:1133, 802, 669, 386, 118
track:1134, 790, 663, 405, 124
track:1135, 795, 664, 405, 124
track:1136, 793, 660, 405, 124
track:1137, 795, 663, 405, 124
track:1138, 796, 662, 405, 124
track:1139, 787, 664, 386, 118
track:1140, 793, 658, 386, 118
track:1141, 777, 655, 405, 124
track:1142, 771, 654, 405, 124
track:1143, 761, 657, 405, 124
track:1144, 768, 662, 386, 118
track:1145, 764, 664, 386, 118
track:1146, 739, 663, 405, 124
track:1147, 740, 663, 405, 124
track:1148, 724, 663, 426, 130
track:1149, 724, 662, 426, 130
track:1150, 723, 663, 426, 130
track:1151, 721, 662, 426, 130
track:1152, 704, 661, 447, 137
init :1153, 784, 636, 216, 176
track:1154, 784, 637, 216, 176
track:1155, 784, 638, 216, 176
track:1156, 785, 639, 216, 176
track:1157, 786, 640, 216, 176
track:1158, 788, 640, 216, 176
track:1159, 788, 639, 216, 176
track:1160, 788, 639, 216, 176
track:1161, 783, 634, 227, 185
track:1162, 791, 638, 216, 176
track:1163, 798, 642, 206, 168
track:1164, 802, 643, 206, 168
track:1165, 800, 643, 206, 168
track:1166, 797, 646, 206, 168
track:1167, 799, 647, 206, 168
track:1168, 792, 647, 206, 168
track:1169, 784, 648, 206, 168
track:1170, 786, 647, 206, 168
track:1171, 787, 646, 206, 168
track:1172, 785, 649, 196, 160
track:1173, 785, 650, 196, 160
track:1174, 787, 652, 187, 152
track:1175, 784, 653, 187, 152
track:1176, 784, 653, 187, 152
track:1177, 778, 653, 187, 152
track:1178, 776, 654, 187, 152
track:1179, 775, 649, 187, 152
track:1180, 774, 649, 187, 152
track:1181, 773, 644, 196, 160
track:1182, 773, 643, 196, 160
track:1183, 774, 638, 196, 160
track:1184, 776, 636, 196, 160
track:1185, 777, 636, 196, 160
track:1186, 775, 633, 196, 160
track:1187, 782, 631, 196, 160
track:1188, 784, 634, 187, 152
track:1189, 784, 632, 187, 152
track:1190, 781, 633, 187, 152
track:1191, 789, 635, 178, 145
track:1192, 796, 635, 169, 138
track:1193, 796, 633, 169, 138
track:1194, 799, 631, 161, 131
track:1195, 797, 630, 161, 131
track:1196, 794, 628, 161, 131
track:1197, 796, 630, 154, 125
track:1198, 795, 629, 154, 125
track:1199, 796, 628, 154, 125
track:1200, 797, 626, 154, 125
track:1201, 802, 630, 146, 119
track:1202, 800, 631, 146, 119
track:1203, 805, 630, 146, 119
track:1204, 811, 631, 146, 119
track:1205, 810, 630, 146, 119
track:1206, 818, 634, 139, 113
track:1207, 825, 631, 146, 119
track:1208, 827, 630, 146, 119
track:1209, 830, 635, 139, 113
track:1210, 841, 635, 139, 113
track:1211, 843, 637, 139, 113
track:1212, 849, 638, 139, 113
track:1213, 854, 639, 139, 113
track:1214, 858, 642, 133, 108
track:1215, 865, 646, 126, 103
track:1216, 868, 650, 120, 98
init :1217, 876, 646, 323, 98
track:1218, 875, 647, 323, 98
track:1219, 874, 647, 323, 98
track:1220, 873, 648, 323, 98
track:1221, 869, 648, 323, 98
track:1222, 874, 650, 308, 93
track:1223, 873, 652, 308, 93
track:1224, 873, 653, 308, 93
track:1225, 872, 654, 308, 93
track:1226, 869, 655, 308, 93
track:1227, 872, 655, 308, 93
track:1228, 869, 656, 308, 93
track:1229, 878, 659, 293, 89
track:1230, 878, 659, 293, 89
track:1231, 876, 660, 293, 89
track:1232, 885, 664, 279, 85
track:1233, 890, 665, 279, 85
track:1234, 891, 666, 266, 81
track:1235, 891, 669, 253, 77
track:1236, 880, 667, 266, 81
track:1237, 885, 668, 266, 81
track:1238, 891, 669, 253, 77
track:1239, 891, 669, 253, 77
track:1240, 888, 670, 253, 77
track:1241, 887, 670, 253, 77
track:1242, 891, 672, 241, 73
track:1243, 884, 672, 253, 77
track:1244, 886, 672, 253, 77
track:1245, 886, 674, 253, 77
track:1246, 892, 676, 241, 73
track:1247, 942, 675, 253, 77
track:1248, 940, 672, 253, 77
track:1249, 943, 674, 253, 77
track:1250, 948, 677, 241, 73
track:1251, 945, 675, 241, 73
track:1252, 942, 676, 230, 70
track:1253, 931, 677, 219, 66
track:1254, 947, 675, 219, 66
track:1255, 921, 673, 230, 70
track:1256, 922, 673, 230, 70
track:1257, 922, 671, 230, 70
track:1258, 907, 675, 230, 70
track:1259, 909, 674, 230, 70
track:1260, 909, 673, 230, 70
track:1261, 900, 674, 219, 66
track:1262, 900, 674, 219, 66
track:1263, 897, 673, 219, 66
track:1264, 898, 673, 219, 66
track:1265, 897, 673, 219, 66
track:1266, 900, 673, 219, 66
track:1267, 895, 669, 230, 70
track:1268, 887, 667, 241, 73
track:1269, 887, 667, 241, 73
track:1270, 885, 667, 241, 73
track:1271, 879, 664, 253, 77
track:1272, 882, 664, 241, 73
track:1273, 878, 662, 241, 73
track:1274, 877, 662, 241, 73
track:1275, 874, 662, 241, 73
track:1276, 872, 662, 241, 73
track:1277, 865, 662, 241, 73
track:1278, 856, 662, 241, 73
track:1279, 858, 663, 230, 70
track:1280, 857, 662, 230, 70
init :1281, 900, 659, 129, 77
track:1282, 893, 660, 129, 77
track:1283, 890, 660, 129, 77
track:1284, 890, 660, 129, 77
track:1285, 880, 660, 129, 77
track:1286, 878, 659, 129, 77
track:1287, 875, 658, 129, 77
track:1288, 873, 657, 129, 77
track:1289, 874, 658, 129, 77
track:1290, 873, 658, 129, 77
track:1291, 870, 658, 129, 77
track:1292, 869, 658, 129, 77
track:1293, 866, 658, 129, 77
track:1294, 866, 658, 129, 77
track:1295, 865, 658, 129, 77
track:1296, 866, 659, 123, 73
track:1297, 866, 659, 123, 73
track:1298, 866, 659, 117, 70
track:1299, 867, 659, 117, 70
track:1300, 864, 658, 123, 73
track:1301, 863, 659, 123, 73
track:1302, 863, 659, 123, 73
track:1303, 862, 660, 123, 73
track:1304, 861, 659, 123, 73
track:1305, 861, 659, 123, 73
track:1306, 865, 662, 117, 70
track:1307, 867, 664, 111, 67
track:1308, 866, 664, 111, 67
track:1309, 866, 664, 111, 67
track:1310, 868, 663, 111, 67
track:1311, 869, 664, 111, 67
track:1312, 867, 663, 117, 70
track:1313, 864, 662, 123, 73
track:1314, 864, 662, 123, 73
track:1315, 864, 663, 123, 73
track:1316, 862, 663, 123, 73
track:1317, 861, 664, 123, 73
track:1318, 860, 663, 123, 73
track:1319, 862, 665, 117, 70
track:1320, 860, 666, 117, 70
track:1321, 859, 666, 117, 70
track:1322, 862, 668, 111, 67
track:1323, 866, 671, 106, 63
track:1324, 862, 670, 111, 67
track:1325, 866, 673, 106, 63
track:1326, 867, 673, 106, 63
track:1327, 869, 674, 106, 63
track:1328, 869, 674, 106, 63
track:1329, 870, 675, 106, 63
track:1330, 870, 675, 106, 63
track:1331, 869, 675, 106, 63
track:1332, 866, 675, 106, 63
track:1333, 862, 677, 101, 60
track:1334, 862, 676, 101, 60
track:1335, 856, 677, 101, 60
track:1336, 850, 677, 101, 60
track:1337, 847, 676, 101, 60
track:1338, 847, 676, 101, 60
track:1339, 846, 676, 101, 60
track:1340, 845, 675, 106, 63
track:1341, 843, 676, 106, 63
track:1342, 843, 676, 106, 63
track:1343, 843, 676, 106, 63
track:1344, 844, 677, 106, 63
init :1345, 849, 680, 170, 49
track:1346, 849, 680, 170, 49
track:1347, 849, 680, 170, 49
track:1348, 848, 681, 170, 49
track:1349, 849, 681, 170, 49
track:1350, 848, 681, 170, 49
track:1351, 847, 682, 170, 49
track:1352, 845, 682, 170, 49
track:1353, 844, 682, 170, 49
track:1354, 843, 682, 170, 49
track:1355, 844, 683, 170, 49
track:1356, 844, 683, 170, 49
track:1357, 845, 684, 170, 49
track:1358, 846, 684, 170, 49
track:1359, 846, 683, 170, 49
track:1360, 846, 684, 170, 49
track:1361, 845, 684, 170, 49
track:1362, 842, 684, 178, 51
track:1363, 843, 686, 178, 51
track:1364, 842, 686, 178, 51
track:1365, 842, 686, 178, 51
track:1366, 846, 687, 170, 49
track:1367, 846, 686, 170, 49
track:1368, 842, 686, 178, 51
track:1369, 840, 687, 178, 51
track:1370, 839, 687, 178, 51
track:1371, 842, 689, 170, 49
track:1372, 841, 690, 170, 49
track:1373, 835, 690, 178, 51
track:1374, 834, 690, 178, 51
track:1375, 830, 690, 178, 51
track:1376, 824, 689, 187, 54
track:1377, 828, 691, 178, 51
track:1378, 826, 692, 178, 51
track:1379, 828, 694, 170, 49
track:1380, 821, 694, 170, 49
track:1381, 816, 694, 178, 51
track:1382, 813, 695, 178, 51
track:1383, 807, 694, 187, 54
track:1384, 806, 696, 187, 54
track:1385, 805, 696, 187, 54
track:1386, 805, 697, 187, 54
track:1387, 807, 698, 187, 54
track:1388, 807, 699, 187, 54
track:1389, 813, 701, 178, 51
track:1390, 816, 702, 178, 51
track:1391, 818, 702, 178, 51
track:1392, 824, 704, 178, 51
track:1393, 826, 704, 178, 51
track:1394, 824, 704, 187, 54
track:1395, 829, 705, 187, 54
track:1396, 830, 706, 187, 54
track:1397, 822, 706, 197, 57
track:1398, 825, 707, 197, 57
track:1399, 824, 707, 197, 57
track:1400, 821, 707, 197, 57
track:1401, 815, 708, 197, 57
track:1402, 809, 709, 197, 57
track:1403, 804, 709, 197, 57
track:1404, 802, 710, 197, 57
track:1405, 801, 710, 197, 57
track:1406, 797, 711, 197, 57
track:1407, 794, 711, 197, 57
track:1408, 791, 712, 197, 57
init :1409, 793, 713, 230, 67
track:1410, 792, 713, 230, 67
track:1411, 791, 713, 230, 67
track:1412, 793, 715, 230, 67
track:1413, 791, 715, 230, 67
track:1414, 791, 715, 230, 67
track:1415, 794, 716, 230, 67
track:1416, 794, 716, 230, 67
track:1417, 793, 717, 230, 67
track:1418, 792, 719, 230, 67
track:1419, 788, 717, 241, 70
track:1420, 791, 719, 230, 67
track:1421, 789, 720, 230, 67
track:1422, 788, 721, 230, 67
track:1423, 783, 720, 241, 70
track:1424, 784, 721, 241, 70
track:1425, 787, 721, 241, 70
track:1426, 786, 723, 241, 70
track:1427, 786, 723, 241, 70
track:1428, 788, 724, 241, 70
track:1429, 787, 724, 241, 70
track:1430, 786, 725, 241, 70
track:1431, 783, 725, 241, 70
track:1432, 782, 725, 241, 70
track:1433, 781, 725, 241, 70
track:1434, 781, 725, 241, 70
track:1435, 772, 726, 254, 74
track:1436, 770, 726, 254, 74
track:1437, 771, 726, 254, 74
track:1438, 763, 726, 266, 78
track:1439, 762, 728, 266, 78
track:1440, 769, 730, 254, 74
track:1441, 765, 731, 254, 74
track:1442, 755, 730, 266, 78
track:1443, 755, 731, 266, 78
track:1444, 752, 730, 266, 78
track:1445, 744, 731, 266, 78
track:1446, 739, 730, 280, 81
track:1447, 729, 728, 294, 86
track:1448, 728, 728, 294, 86
track:1449, 728, 728, 294, 86
track:1450, 729, 727, 294, 86
track:1451, 732, 727, 294, 86
track:1452, 734, 726, 294, 86
track:1453, 752, 726, 280, 81
track:1454, 751, 724, 280, 81
track:1455, 761, 723, 280, 81
track:1456, 775, 722, 280, 81
track:1457, 778, 720, 294, 86
track:1458, 784, 716, 294, 86
track:1459, 788, 716, 294, 86
track:1460, 800, 715, 294, 86
track:1461, 808, 714, 280, 81
track:1462, 809, 712, 280, 81
track:1463, 809, 712, 280, 81
track:1464, 815, 712, 266, 78
track:1465, 823, 709, 266, 78
track:1466, 822, 706, 280, 81
track:1467, 831, 709, 266, 78
track:1468, 833, 709, 266, 78
track:1469, 831, 708, 266, 78
track:1470, 831, 709, 266, 78
track:1471, 834, 711, 254, 74
track:1472, 827, 711, 254, 74
init :1473, 853, 690, 156, 158
track:1474, 850, 688, 156, 158
track:1475, 846, 686, 156, 158
track:1476, 845, 684, 156, 158
track:1477, 845, 683, 156, 158
track:1478, 845, 683, 156, 158
track:1479, 845, 680, 156, 158
track:1480, 845, 678, 156, 158
track:1481, 847, 675, 156, 158
track:1482, 854, 671, 156, 158
track:1483, 854, 670, 156, 158
track:1484, 859, 670, 156, 158
track:1485, 866, 668, 156, 158
track:1486, 871, 667, 156, 158
track:1487, 874, 663, 156, 158
track:1488, 871, 659, 164, 166
track:1489, 878, 662, 156, 158
track:1490, 885, 664, 149, 150
track:1491, 888, 661, 149, 150
track:1492, 889, 658, 149, 150
track:1493, 888, 658, 149, 150
track:1494, 888, 656, 149, 150
track:1495, 887, 656, 141, 143
track:1496, 887, 652, 141, 143
track:1497, 890, 651, 141, 143
track:1498, 885, 648, 141, 143
track:1499, 880, 646, 141, 143
track:1500, 881, 640, 141, 143
track:1501, 885, 636, 141, 143
track:1502, 882, 634, 141, 143
track:1503, 879, 632, 141, 143
track:1504, 878, 633, 135, 136
track:1505, 873, 627, 141, 143
track:1506, 868, 623, 141, 143
track:1507, 872, 620, 141, 143
track:1508, 876, 624, 135, 136
track:1509, 875, 622, 135, 136
track:1510, 882, 622, 128, 130
track:1511, 884, 619, 128, 130
track:1512, 875, 618, 128, 130
track:1513, 872, 617, 128, 130
track:1514, 859, 615, 128, 130
track:1515, 850, 619, 122, 124
track:1516, 828, 621, 122, 124
track:1517, 837, 619, 122, 124
track:1518, 836, 619, 128, 130
track:1519, 826, 612, 122, 124
track:1520, 812, 616, 116, 118
track:1521, 800, 619, 111, 112
track:1522, 786, 622, 111, 112
track:1523, 779, 621, 111, 112
track:1524, 771, 621, 111, 112
track:1525, 761, 622, 111, 112
track:1526, 759, 622, 111, 112
track:1527, 763, 622, 111, 112
track:1528, 763, 622, 111, 112
track:1529, 774, 626, 106, 107
track:1530, 789, 628, 106, 107
track:1531, 808, 629, 106, 107
track:1532, 835, 630, 106, 107
track:1533, 844, 628, 106, 107
track:1534, 863, 628, 106, 107
track:1535, 885, 627, 111, 112
track:1536, 906, 627, 111, 112
init :1537, 876, 638, 240, 77
track:1538, 876, 638, 240, 77
track:1539, 892, 637, 240, 77
track:1540, 901, 641, 229, 73
track:1541, 904, 642, 229, 73
track:1542, 907, 642, 229, 73
track:1543, 912, 644, 218, 70
track:1544, 911, 644, 218, 70
track:1545, 903, 644, 229, 73
track:1546, 898, 645, 229, 73
track:1547, 895, 648, 218, 70
track:1548, 893, 649, 218, 70
track:1549, 880, 649, 229, 73
track:1550, 872, 651, 229, 73
track:1551, 871, 653, 218, 70
track:1552, 866, 654, 218, 70
track:1553, 869, 658, 207, 67
track:1554, 872, 660, 197, 63
track:1555, 869, 661, 197, 63
track:1556, 869, 661, 197, 63
track:1557, 871, 663, 197, 63
track:1558, 875, 665, 188, 60
track:1559, 877, 665, 188, 60
track:1560, 883, 666, 179, 57
track:1561, 886, 667, 179, 57
track:1562, 894, 669, 171, 55
track:1563, 895, 669, 171, 55
track:1564, 896, 669, 171, 55
track:1565, 899, 670, 171, 55
track:1566, 901, 671, 162, 52
track:1567, 900, 672, 162, 52
track:1568, 904, 673, 155, 50
track:1569, 906, 674, 147, 47
track:1570, 906, 675, 147, 47
track:1571, 906, 675, 140, 45
track:1572, 904, 676, 140, 45
track:1573, 903, 675, 140, 45
track:1574, 902, 676, 140, 45
track:1575, 901, 677, 140, 45
track:1576, 893, 678, 134, 43
track:1577, 897, 679, 127, 41
track:1578, 900, 680, 121, 39
track:1579, 900, 681, 121, 39
track:1580, 891, 682, 121, 39
track:1581, 893, 683, 115, 37
track:1582, 893, 684, 110, 35
track:1583, 891, 684, 110, 35
track:1584, 893, 685, 105, 34
track:1585, 892, 685, 105, 34
track:1586, 893, 686, 100, 32
track:1587, 893, 686, 100, 32
track:1588, 893, 686, 100, 32
track:1589, 895, 687, 95, 30
track:1590, 895, 687, 95, 30
track:1591, 892, 687, 100, 32
track:1592, 892, 688, 100, 32
track:1593, 891, 689, 100, 32
track:1594, 889, 690, 100, 32
track:1595, 888, 691, 100, 32
track:1596, 885, 691, 100, 32
track:1599, 882, 692, 100, 32
track:1600, 883, 692, 95, 30
init :1601, 913, 680, 101, 72
track:1602, 912, 680, 101, 72
track:1603, 912, 680, 101, 72
track:1604, 909, 680, 101, 72
track:1605, 910, 682, 96, 69
track:1606, 908, 683, 96, 69
track:1607, 905, 683, 96, 69
track:1608, 904, 684, 96, 69
elapseTime: 16.293
