init :7, 821, 630, 235, 197
track:8, 821, 630, 235, 197
track:9, 822, 630, 235, 197
track:10, 821, 631, 235, 197
track:11, 823, 630, 235, 197
track:12, 823, 630, 235, 197
track:13, 824, 630, 235, 197
track:14, 824, 630, 235, 197
track:15, 824, 630, 235, 197
track:16, 825, 630, 235, 197
track:17, 826, 630, 235, 197
init :18, 821, 633, 240, 194
track:19, 821, 633, 240, 194
track:20, 822, 634, 240, 194
track:21, 822, 634, 240, 194
track:22, 823, 635, 240, 194
track:23, 824, 635, 240, 194
track:24, 824, 634, 240, 194
track:25, 824, 635, 240, 194
track:26, 824, 635, 240, 194
track:27, 825, 635, 240, 194
track:28, 825, 635, 240, 194
track:29, 825, 635, 240, 194
track:30, 825, 634, 240, 194
track:31, 826, 633, 240, 194
track:32, 825, 633, 240, 194
track:33, 825, 634, 240, 194
track:34, 824, 634, 240, 194
init :35, 821, 633, 244, 194
track:36, 821, 633, 244, 194
track:37, 820, 633, 244, 194
track:38, 822, 633, 244, 194
track:39, 821, 633, 244, 194
track:40, 821, 633, 244, 194
track:41, 822, 633, 244, 194
track:42, 822, 633, 244, 194
track:43, 822, 633, 244, 194
track:44, 821, 633, 244, 194
track:45, 821, 632, 244, 194
track:46, 821, 633, 244, 194
track:48, 822, 633, 244, 194
track:49, 823, 632, 244, 194
track:50, 823, 632, 244, 194
track:51, 824, 632, 244, 194
init :52, 830, 633, 230, 197
track:53, 830, 633, 230, 197
track:54, 830, 633, 230, 197
track:55, 830, 633, 230, 197
track:56, 830, 633, 230, 197
track:57, 830, 633, 230, 197
track:58, 831, 632, 230, 197
track:59, 831, 632, 230, 197
track:60, 831, 632, 230, 197
track:61, 831, 632, 230, 197
track:62, 830, 632, 230, 197
track:63, 830, 632, 230, 197
track:64, 830, 633, 230, 197
track:65, 830, 633, 230, 197
track:66, 830, 633, 230, 197
track:67, 830, 632, 230, 197
track:68, 828, 632, 230, 197
init :69, 826, 630, 235, 197
track:70, 825, 630, 235, 197
track:71, 826, 631, 235, 197
track:72, 824, 631, 235, 197
track:73, 825, 630, 235, 197
track:74, 826, 631, 235, 197
track:75, 823, 631, 235, 197
track:76, 825, 631, 235, 197
track:77, 825, 630, 235, 197
track:78, 825, 631, 235, 197
track:79, 825, 631, 235, 197
track:80, 825, 631, 235, 197
track:81, 825, 630, 235, 197
track:82, 825, 631, 235, 197
track:83, 824, 631, 235, 197
track:84, 825, 630, 235, 197
track:85, 825, 631, 235, 197
init :86, 821, 633, 240, 197
track:87, 821, 633, 240, 197
track:88, 821, 633, 240, 197
track:89, 822, 633, 240, 197
track:90, 822, 632, 240, 197
track:91, 822, 633, 240, 197
track:92, 822, 633, 240, 197
track:93, 821, 633, 240, 197
track:94, 821, 633, 240, 197
track:95, 822, 634, 240, 197
track:96, 823, 633, 240, 197
track:97, 822, 632, 240, 197
track:98, 823, 633, 240, 197
track:99, 824, 632, 240, 197
track:100, 824, 631, 240, 197
track:101, 826, 631, 240, 197
track:102, 827, 630, 240, 197
init :103, 835, 628, 230, 199
track:104, 835, 628, 230, 199
track:105, 837, 627, 230, 199
track:106, 837, 627, 230, 199
track:107, 839, 625, 230, 199
track:108, 843, 629, 219, 190
track:109, 843, 628, 219, 190
track:110, 843, 626, 219, 190
track:111, 844, 624, 219, 190
track:112, 845, 622, 219, 190
track:113, 845, 621, 219, 190
track:114, 845, 621, 219, 190
track:115, 845, 618, 219, 190
track:116, 848, 616, 219, 190
track:117, 847, 614, 219, 190
track:120, 850, 612, 219, 190
track:121, 852, 609, 219, 190
track:122, 851, 608, 219, 190
track:123, 856, 611, 209, 180
track:124, 856, 611, 209, 180
track:125, 855, 608, 209, 180
track:126, 852, 605, 209, 180
track:127, 851, 603, 209, 180
track:128, 849, 603, 209, 180
track:129, 851, 603, 209, 180
track:130, 856, 608, 199, 172
track:131, 861, 612, 189, 164
track:132, 862, 616, 189, 164
track:133, 864, 618, 189, 164
track:134, 865, 619, 189, 164
track:135, 864, 620, 189, 164
track:136, 865, 622, 189, 164
init :137, 863, 620, 175, 158
track:138, 860, 616, 184, 166
track:139, 860, 616, 184, 166
track:140, 860, 617, 184, 166
track:141, 858, 617, 184, 166
track:142, 856, 618, 184, 166
track:143, 859, 623, 175, 158
track:144, 861, 623, 175, 158
track:145, 856, 626, 175, 158
track:146, 855, 627, 175, 158
track:147, 855, 627, 175, 158
track:148, 853, 625, 184, 166
track:149, 853, 626, 184, 166
track:150, 857, 633, 175, 158
track:151, 858, 637, 175, 158
track:152, 859, 639, 175, 158
track:153, 859, 641, 175, 158
init :154, 863, 641, 170, 163
track:155, 863, 642, 170, 163
track:156, 864, 644, 170, 163
track:157, 866, 645, 170, 163
track:158, 867, 645, 170, 163
track:159, 867, 647, 170, 163
track:160, 865, 646, 170, 163
track:161, 862, 647, 170, 163
track:162, 860, 646, 170, 163
track:163, 859, 647, 170, 163
track:164, 859, 647, 170, 163
track:165, 860, 649, 170, 163
track:166, 859, 648, 170, 163
track:167, 860, 648, 170, 163
track:168, 860, 648, 170, 163
track:169, 860, 649, 170, 163
track:170, 864, 651, 162, 155
init :171, 867, 659, 161, 147
track:172, 867, 658, 161, 147
track:173, 867, 659, 161, 147
track:174, 867, 658, 161, 147
track:175, 864, 659, 161, 147
track:176, 863, 660, 161, 147
track:177, 863, 659, 161, 147
track:178, 865, 660, 161, 147
track:179, 865, 660, 161, 147
track:180, 867, 662, 161, 147
track:181, 867, 664, 161, 147
track:182, 868, 665, 161, 147
track:183, 870, 669, 161, 147
track:184, 870, 669, 161, 147
track:185, 871, 670, 161, 147
track:186, 870, 670, 161, 147
track:187, 867, 663, 161, 147
init :188, 863, 649, 166, 158
track:189, 863, 649, 166, 158
track:190, 862, 648, 166, 158
track:191, 861, 647, 166, 158
track:192, 860, 643, 166, 158
track:193, 860, 642, 166, 158
track:194, 859, 642, 166, 158
track:195, 861, 640, 166, 158
track:196, 862, 639, 166, 158
track:197, 862, 638, 166, 158
track:198, 860, 637, 166, 158
track:199, 859, 638, 166, 158
track:200, 858, 640, 166, 158
track:201, 856, 640, 166, 158
track:202, 855, 637, 166, 158
track:203, 854, 635, 166, 158
track:204, 854, 635, 166, 158
init :205, 858, 633, 156, 135
track:206, 859, 633, 156, 135
track:207, 856, 631, 156, 135
track:208, 857, 632, 156, 135
track:209, 855, 630, 156, 135
track:210, 853, 627, 156, 135
track:211, 853, 626, 156, 135
track:212, 855, 626, 149, 129
track:213, 855, 626, 149, 129
track:214, 856, 625, 149, 129
track:215, 856, 624, 149, 129
track:216, 856, 623, 149, 129
track:217, 856, 624, 149, 129
track:218, 855, 625, 149, 129
track:219, 856, 625, 149, 129
track:220, 855, 629, 149, 129
track:221, 855, 631, 149, 129
init :222, 849, 638, 143, 122
track:223, 849, 638, 143, 122
track:224, 849, 641, 143, 122
track:225, 849, 642, 143, 122
track:226, 849, 643, 143, 122
track:227, 849, 643, 143, 122
track:228, 849, 644, 143, 122
track:229, 850, 645, 143, 122
track:230, 849, 645, 143, 122
track:231, 849, 644, 143, 122
track:232, 848, 642, 143, 122
track:233, 847, 642, 143, 122
track:234, 847, 641, 143, 122
track:235, 849, 643, 136, 116
track:236, 850, 641, 136, 116
track:237, 853, 642, 136, 116
track:238, 854, 642, 136, 116
init :239, 863, 649, 124, 103
track:240, 864, 651, 124, 103
track:241, 865, 652, 124, 103
track:242, 868, 655, 118, 98
track:243, 867, 655, 118, 98
track:244, 867, 655, 118, 98
track:245, 868, 656, 118, 98
track:246, 867, 656, 118, 98
track:247, 867, 656, 118, 98
track:248, 868, 657, 118, 98
track:249, 868, 658, 118, 98
track:250, 868, 659, 118, 98
track:251, 868, 661, 118, 98
track:252, 869, 662, 118, 98
track:253, 869, 662, 118, 98
track:254, 869, 664, 118, 98
track:255, 867, 666, 124, 103
init :256, 867, 667, 115, 101
track:257, 867, 671, 115, 101
track:258, 868, 671, 115, 101
track:259, 869, 672, 115, 101
track:260, 869, 674, 115, 101
track:261, 869, 675, 115, 101
track:262, 869, 675, 115, 101
track:263, 868, 675, 115, 101
track:264, 868, 678, 115, 101
track:265, 868, 679, 115, 101
track:266, 868, 680, 115, 101
track:267, 869, 683, 115, 101
track:268, 869, 683, 115, 101
track:269, 869, 684, 115, 101
track:270, 869, 685, 115, 101
track:271, 870, 690, 115, 101
track:272, 868, 690, 121, 106
init :273, 867, 690, 129, 103
track:274, 868, 693, 129, 103
track:275, 867, 694, 129, 103
track:276, 869, 697, 129, 103
track:277, 866, 697, 135, 108
track:278, 866, 697, 135, 108
track:279, 864, 695, 142, 114
track:280, 866, 693, 142, 114
track:281, 866, 693, 142, 114
track:282, 869, 695, 142, 114
track:283, 869, 695, 142, 114
track:284, 871, 697, 142, 114
track:285, 872, 698, 142, 114
track:286, 871, 695, 149, 119
track:287, 871, 692, 149, 119
track:288, 872, 691, 149, 119
track:289, 869, 686, 157, 125
init :290, 872, 672, 166, 137
track:291, 873, 666, 166, 137
track:292, 874, 661, 166, 137
track:293, 875, 660, 166, 137
track:294, 876, 659, 166, 137
track:295, 874, 652, 174, 144
track:296, 871, 649, 183, 151
track:297, 870, 650, 183, 151
track:298, 867, 647, 192, 159
track:299, 865, 647, 192, 159
track:300, 859, 646, 202, 167
track:301, 859, 647, 202, 167
track:302, 851, 647, 212, 175
track:303, 847, 645, 222, 184
track:304, 844, 649, 222, 184
track:305, 838, 646, 234, 193
track:306, 832, 642, 245, 202
init :307, 816, 636, 263, 228
track:308, 816, 636, 263, 228
track:309, 815, 634, 263, 228
track:310, 815, 629, 263, 228
track:311, 814, 616, 263, 228
track:312, 813, 605, 263, 228
track:313, 813, 605, 263, 228
track:314, 815, 598, 263, 228
track:315, 821, 593, 250, 217
track:316, 820, 585, 250, 217
track:317, 823, 577, 250, 217
track:318, 829, 581, 239, 207
track:319, 831, 580, 239, 207
track:320, 836, 570, 239, 207
track:321, 839, 564, 239, 207
track:322, 843, 569, 227, 197
track:323, 842, 566, 227, 197
init :324, 853, 568, 203, 179
track:325, 852, 567, 203, 179
track:326, 851, 559, 203, 179
track:327, 850, 559, 203, 179
track:328, 849, 560, 203, 179
track:329, 852, 571, 193, 170
track:330, 850, 578, 193, 170
track:331, 848, 580, 193, 170
track:332, 846, 583, 193, 170
track:333, 846, 583, 193, 170
track:334, 845, 585, 193, 170
track:335, 844, 586, 193, 170
track:336, 844, 589, 193, 170
track:337, 845, 589, 193, 170
track:338, 845, 589, 193, 170
track:339, 845, 586, 193, 170
track:340, 846, 584, 193, 170
init :341, 853, 599, 180, 158
track:342, 853, 598, 180, 158
track:343, 854, 598, 180, 158
track:344, 854, 598, 180, 158
track:345, 855, 595, 180, 158
track:346, 859, 600, 171, 150
track:347, 863, 604, 163, 143
track:348, 864, 604, 163, 143
track:349, 864, 607, 163, 143
track:350, 863, 611, 163, 143
track:351, 865, 615, 163, 143
track:352, 865, 619, 163, 143
track:353, 865, 619, 163, 143
track:354, 865, 621, 163, 143
track:355, 864, 621, 163, 143
track:356, 864, 621, 163, 143
track:357, 864, 622, 163, 143
init :358, 872, 633, 143, 114
track:359, 872, 633, 143, 114
track:360, 871, 633, 143, 114
track:361, 871, 634, 143, 114
track:362, 870, 635, 143, 114
track:363, 869, 634, 143, 114
track:364, 870, 635, 143, 114
track:365, 868, 636, 143, 114
track:366, 868, 636, 143, 114
track:367, 871, 640, 136, 109
track:368, 871, 640, 136, 109
track:369, 871, 640, 136, 109
track:370, 869, 647, 136, 109
track:371, 873, 653, 130, 103
track:372, 871, 658, 130, 103
track:373, 871, 658, 130, 103
track:374, 871, 660, 130, 103
init :375, 867, 662, 124, 101
track:376, 866, 662, 124, 101
track:377, 864, 663, 124, 101
track:378, 863, 664, 124, 101
track:379, 863, 665, 124, 101
track:380, 863, 665, 124, 101
track:381, 863, 664, 124, 101
track:382, 861, 664, 124, 101
track:383, 860, 664, 124, 101
track:384, 858, 663, 124, 101
track:385, 857, 662, 124, 101
track:386, 858, 662, 124, 101
track:387, 858, 662, 124, 101
track:388, 858, 662, 124, 101
track:389, 857, 661, 124, 101
track:390, 856, 661, 124, 101
track:391, 856, 664, 124, 101
init :392, 863, 669, 115, 83
track:393, 863, 669, 115, 83
track:394, 863, 669, 115, 83
track:395, 864, 676, 115, 83
track:396, 864, 679, 115, 83
track:397, 866, 683, 115, 83
track:398, 867, 684, 115, 83
track:399, 868, 687, 115, 83
track:400, 869, 692, 115, 83
track:401, 870, 699, 115, 83
track:402, 872, 702, 115, 83
track:403, 872, 703, 115, 83
track:404, 872, 705, 115, 83
track:405, 876, 706, 110, 79
track:406, 877, 706, 110, 79
track:407, 877, 706, 110, 79
track:408, 877, 706, 110, 79
init :409, 876, 700, 106, 83
track:410, 876, 698, 106, 83
track:411, 877, 696, 106, 83
track:412, 878, 694, 106, 83
track:413, 878, 694, 106, 83
track:414, 878, 693, 106, 83
track:415, 878, 694, 106, 83
track:416, 878, 696, 106, 83
track:417, 879, 695, 106, 83
track:418, 880, 696, 106, 83
track:419, 879, 696, 106, 83
track:420, 877, 696, 106, 83
track:421, 876, 697, 106, 83
track:422, 876, 695, 106, 83
track:423, 876, 694, 106, 83
track:424, 876, 691, 106, 83
track:425, 875, 689, 106, 83
init :426, 872, 693, 106, 77
track:427, 871, 692, 106, 77
track:428, 871, 692, 106, 77
track:429, 870, 692, 106, 77
track:430, 870, 693, 106, 77
track:431, 870, 693, 106, 77
track:432, 870, 692, 106, 77
track:433, 869, 693, 106, 77
track:434, 868, 692, 106, 77
track:435, 867, 692, 106, 77
track:436, 867, 694, 106, 77
track:437, 867, 695, 106, 77
track:438, 867, 696, 106, 77
track:439, 868, 697, 106, 77
track:440, 868, 697, 106, 77
track:441, 866, 695, 111, 81
track:442, 867, 695, 111, 81
init :443, 867, 693, 115, 90
track:444, 867, 693, 115, 90
track:445, 866, 695, 115, 90
track:446, 866, 696, 115, 90
track:447, 867, 695, 115, 90
track:448, 867, 695, 115, 90
track:449, 867, 694, 115, 90
track:450, 867, 694, 115, 90
track:451, 868, 694, 115, 90
track:452, 869, 696, 115, 90
track:453, 869, 696, 115, 90
track:454, 870, 697, 115, 90
track:455, 871, 697, 115, 90
track:456, 871, 698, 115, 90
track:457, 871, 697, 115, 90
track:458, 871, 697, 115, 90
track:459, 871, 696, 115, 90
init :460, 872, 687, 124, 98
track:461, 873, 687, 124, 98
track:462, 873, 687, 124, 98
track:463, 873, 687, 124, 98
track:464, 872, 685, 124, 98
track:465, 872, 683, 124, 98
track:466, 872, 683, 124, 98
track:467, 872, 683, 124, 98
track:468, 869, 682, 130, 103
track:469, 870, 682, 130, 103
track:470, 871, 683, 130, 103
track:471, 872, 684, 130, 103
track:472, 873, 684, 130, 103
track:473, 874, 686, 130, 103
track:474, 873, 688, 130, 103
track:475, 875, 689, 130, 103
track:476, 877, 688, 130, 103
init :477, 872, 682, 138, 116
track:478, 873, 681, 138, 116
track:479, 876, 679, 138, 116
track:480, 878, 670, 138, 116
track:481, 879, 668, 138, 116
track:482, 879, 668, 138, 116
track:483, 883, 659, 138, 116
track:484, 881, 656, 145, 122
track:485, 882, 657, 145, 122
track:486, 879, 657, 152, 128
track:487, 879, 658, 152, 128
track:488, 878, 662, 152, 128
track:490, 876, 665, 152, 128
track:491, 870, 663, 160, 134
track:492, 869, 664, 160, 134
track:493, 867, 664, 160, 134
init :494, 858, 664, 175, 145
track:495, 854, 659, 175, 145
track:496, 853, 652, 175, 145
track:497, 852, 651, 175, 145
track:498, 851, 650, 175, 145
track:499, 845, 642, 184, 152
track:500, 849, 642, 175, 145
track:501, 848, 637, 175, 145
track:502, 849, 637, 175, 145
track:503, 848, 633, 175, 145
track:504, 848, 631, 175, 145
track:505, 847, 630, 175, 145
track:506, 847, 630, 175, 145
track:507, 847, 631, 175, 145
track:508, 847, 628, 175, 145
track:509, 846, 624, 175, 145
track:510, 851, 624, 167, 138
init :511, 853, 623, 156, 137
track:512, 853, 623, 156, 137
track:513, 853, 623, 156, 137
track:514, 853, 624, 156, 137
track:515, 856, 628, 149, 130
track:516, 857, 628, 149, 130
track:517, 857, 628, 149, 130
track:518, 856, 625, 149, 130
track:519, 856, 624, 149, 130
track:520, 857, 624, 149, 130
track:521, 858, 623, 149, 130
track:522, 857, 623, 149, 130
track:523, 857, 624, 149, 130
track:524, 857, 626, 149, 130
track:525, 859, 628, 149, 130
track:526, 859, 629, 149, 130
track:527, 859, 629, 149, 130
init :528, 863, 636, 143, 103
track:529, 863, 636, 143, 103
track:530, 865, 635, 143, 103
track:531, 868, 636, 136, 98
track:532, 868, 635, 136, 98
track:533, 870, 637, 136, 98
track:534, 870, 637, 136, 98
track:535, 869, 639, 136, 98
track:536, 869, 640, 136, 98
track:537, 873, 643, 130, 93
track:538, 876, 646, 124, 89
track:539, 876, 647, 124, 89
track:540, 876, 647, 124, 89
track:543, 874, 649, 124, 89
track:544, 874, 649, 124, 89
init :546, 872, 656, 115, 83
track:547, 872, 656, 115, 83
track:548, 871, 658, 115, 83
track:549, 871, 661, 115, 83
track:550, 870, 663, 115, 83
track:551, 868, 664, 115, 83
track:552, 868, 664, 115, 83
track:553, 868, 664, 115, 83
track:554, 868, 664, 115, 83
track:555, 867, 665, 115, 83
track:556, 867, 665, 115, 83
track:557, 867, 665, 115, 83
track:558, 869, 671, 110, 79
track:559, 871, 676, 104, 75
track:560, 871, 678, 104, 75
track:561, 871, 681, 104, 75
init :562, 876, 680, 96, 80
track:563, 876, 682, 96, 80
track:564, 876, 684, 96, 80
track:565, 876, 686, 96, 80
track:566, 875, 689, 96, 80
track:567, 876, 689, 96, 80
track:568, 877, 692, 96, 80
track:569, 878, 693, 96, 80
track:570, 877, 696, 96, 80
track:571, 877, 698, 96, 80
track:572, 877, 699, 96, 80
track:573, 878, 700, 96, 80
track:574, 879, 701, 96, 80
track:575, 880, 700, 96, 80
track:576, 879, 698, 96, 80
track:577, 878, 698, 96, 80
track:578, 878, 697, 96, 80
init :579, 876, 695, 96, 83
track:580, 877, 695, 96, 83
track:581, 878, 696, 96, 83
track:582, 877, 696, 96, 83
track:583, 877, 698, 96, 83
track:584, 877, 700, 96, 83
track:585, 877, 700, 96, 83
track:586, 877, 700, 96, 83
track:587, 877, 701, 96, 83
track:588, 877, 700, 96, 83
track:589, 877, 700, 96, 83
track:590, 876, 699, 96, 83
track:591, 872, 699, 101, 87
track:592, 871, 698, 101, 87
track:593, 869, 696, 106, 92
track:594, 868, 694, 106, 92
track:595, 869, 685, 106, 92
init :596, 872, 677, 106, 88
track:597, 872, 677, 106, 88
track:598, 872, 675, 106, 88
track:599, 871, 667, 106, 88
track:600, 872, 665, 106, 88
track:601, 873, 664, 106, 88
track:602, 873, 664, 106, 88
track:603, 872, 663, 106, 88
track:604, 872, 657, 106, 88
track:605, 872, 655, 106, 88
track:606, 872, 654, 106, 88
track:607, 872, 654, 106, 88
track:608, 870, 652, 111, 92
track:609, 870, 651, 111, 92
track:610, 869, 652, 111, 92
track:611, 870, 656, 111, 92
track:612, 870, 656, 111, 92
init :613, 863, 659, 129, 109
track:614, 864, 660, 129, 109
track:615, 864, 663, 129, 109
track:616, 863, 665, 129, 109
track:617, 863, 665, 129, 109
track:618, 864, 666, 129, 109
track:619, 860, 662, 135, 114
track:620, 862, 661, 135, 114
track:621, 862, 660, 135, 114
track:622, 862, 660, 135, 114
track:623, 862, 660, 135, 114
track:624, 861, 658, 135, 114
track:625, 861, 658, 135, 114
track:626, 862, 659, 135, 114
track:627, 863, 660, 135, 114
track:628, 863, 661, 135, 114
track:629, 862, 660, 135, 114
init :630, 858, 656, 143, 114
track:631, 858, 656, 143, 114
track:632, 859, 656, 143, 114
track:633, 860, 661, 143, 114
track:634, 861, 664, 143, 114
track:635, 861, 666, 143, 114
track:636, 862, 666, 143, 114
track:637, 862, 668, 143, 114
track:638, 865, 668, 143, 114
track:639, 866, 668, 143, 114
track:640, 869, 671, 136, 109
track:641, 865, 667, 143, 114
track:642, 866, 666, 143, 114
track:643, 862, 661, 150, 120
track:644, 862, 660, 150, 120
track:645, 863, 653, 150, 120
track:646, 863, 650, 150, 120
init :647, 863, 651, 143, 122
track:648, 863, 651, 143, 122
track:649, 864, 651, 143, 122
track:650, 865, 652, 143, 122
track:651, 867, 652, 143, 122
track:652, 868, 652, 143, 122
track:653, 869, 652, 143, 122
track:654, 869, 653, 143, 122
track:655, 870, 658, 143, 122
track:656, 871, 660, 143, 122
track:657, 868, 658, 150, 128
track:658, 869, 659, 150, 128
track:659, 870, 658, 150, 128
track:660, 870, 657, 150, 128
track:661, 870, 657, 150, 128
track:662, 870, 656, 150, 128
track:663, 871, 656, 150, 128
init :664, 881, 659, 138, 119
track:665, 881, 658, 138, 119
track:666, 882, 656, 138, 119
track:667, 882, 656, 138, 119
track:668, 883, 654, 138, 119
track:669, 883, 654, 138, 119
track:670, 882, 653, 138, 119
track:671, 881, 653, 138, 119
track:672, 880, 653, 138, 119
track:673, 878, 653, 138, 119
track:674, 877, 651, 138, 119
track:675, 874, 649, 145, 125
track:676, 876, 651, 138, 119
track:677, 876, 651, 138, 119
track:678, 874, 654, 138, 119
track:679, 873, 663, 138, 119
track:680, 874, 671, 138, 119
init :681, 872, 669, 143, 119
track:682, 872, 669, 143, 119
track:683, 870, 668, 143, 119
track:684, 869, 668, 143, 119
track:685, 868, 669, 143, 119
track:686, 868, 672, 143, 119
track:687, 869, 672, 143, 119
track:688, 865, 670, 150, 125
track:689, 864, 668, 150, 125
track:690, 863, 666, 150, 125
track:691, 862, 664, 150, 125
track:692, 861, 663, 150, 125
track:693, 861, 663, 150, 125
track:694, 861, 662, 150, 125
track:695, 862, 661, 150, 125
track:696, 861, 660, 150, 125
track:697, 861, 659, 150, 125
init :698, 858, 659, 143, 114
track:699, 857, 661, 143, 114
track:700, 856, 663, 143, 114
track:701, 857, 664, 143, 114
track:702, 856, 665, 143, 114
track:703, 856, 668, 143, 114
track:704, 856, 672, 143, 114
track:705, 855, 676, 143, 114
track:706, 854, 678, 143, 114
track:707, 853, 678, 143, 114
track:708, 852, 679, 143, 114
track:709, 852, 680, 143, 114
track:710, 853, 678, 143, 114
track:711, 852, 677, 143, 114
track:712, 853, 675, 143, 114
track:713, 852, 673, 143, 114
track:714, 852, 673, 143, 114
init :715, 853, 675, 147, 119
track:716, 853, 675, 147, 119
track:717, 853, 677, 147, 119
track:718, 854, 677, 147, 119
track:719, 855, 678, 147, 119
track:720, 855, 678, 147, 119
track:721, 855, 678, 147, 119
track:722, 856, 679, 147, 119
track:723, 856, 678, 147, 119
track:724, 855, 675, 147, 119
track:725, 856, 671, 147, 119
track:726, 857, 670, 147, 119
track:727, 857, 668, 147, 119
track:728, 854, 663, 154, 125
track:729, 855, 657, 154, 125
track:730, 856, 655, 154, 125
track:731, 856, 655, 154, 125
init :732, 853, 649, 156, 135
track:733, 852, 648, 156, 135
track:734, 849, 641, 164, 142
track:735, 850, 635, 164, 142
track:736, 851, 635, 164, 142
track:737, 856, 636, 156, 135
track:738, 854, 636, 156, 135
track:739, 853, 635, 156, 135
track:740, 854, 637, 156, 135
track:741, 855, 637, 156, 135
track:742, 856, 639, 156, 135
track:743, 854, 638, 156, 135
track:744, 854, 637, 156, 135
track:745, 854, 636, 156, 135
track:746, 857, 639, 149, 129
track:747, 858, 637, 149, 129
track:748, 858, 629, 149, 129
init :749, 849, 628, 166, 114
track:750, 848, 629, 166, 114
track:751, 848, 629, 166, 114
track:752, 847, 631, 166, 114
track:753, 849, 632, 166, 114
track:754, 850, 633, 166, 114
track:755, 852, 633, 166, 114
track:756, 852, 633, 166, 114
track:757, 852, 633, 166, 114
track:758, 852, 630, 166, 114
track:759, 852, 631, 166, 114
track:760, 852, 635, 166, 114
track:761, 852, 636, 166, 114
track:762, 855, 637, 166, 114
track:763, 858, 636, 166, 114
track:764, 860, 636, 166, 114
track:765, 858, 637, 166, 114
init :766, 858, 633, 156, 124
track:767, 857, 634, 156, 124
track:768, 857, 636, 156, 124
track:769, 857, 638, 156, 124
track:770, 861, 646, 156, 124
track:771, 862, 646, 156, 124
track:772, 862, 647, 156, 124
track:773, 862, 646, 156, 124
track:774, 863, 646, 156, 124
track:775, 864, 646, 156, 124
track:776, 864, 646, 156, 124
track:777, 868, 648, 149, 118
track:778, 869, 648, 149, 118
track:779, 870, 647, 149, 118
track:780, 871, 647, 149, 118
track:781, 871, 647, 149, 118
track:782, 871, 647, 149, 118
init :783, 881, 651, 133, 98
track:784, 881, 650, 133, 98
track:785, 880, 651, 133, 98
track:786, 880, 651, 133, 98
track:787, 879, 652, 133, 98
track:788, 879, 652, 133, 98
track:789, 877, 653, 133, 98
track:790, 877, 653, 133, 98
track:791, 877, 653, 133, 98
track:792, 877, 652, 133, 98
track:793, 876, 653, 133, 98
track:794, 876, 654, 133, 98
track:795, 879, 660, 127, 93
track:796, 879, 661, 127, 93
track:797, 880, 661, 127, 93
track:798, 880, 660, 127, 93
track:799, 877, 658, 133, 98
init :800, 876, 659, 133, 109
track:801, 876, 659, 133, 109
track:802, 876, 659, 133, 109
track:803, 875, 660, 133, 109
track:804, 872, 658, 140, 114
track:805, 871, 659, 140, 114
track:806, 871, 659, 140, 114
track:807, 870, 659, 140, 114
track:808, 870, 660, 140, 114
track:809, 871, 662, 140, 114
track:810, 871, 664, 140, 114
track:811, 870, 664, 140, 114
track:812, 870, 666, 140, 114
track:813, 868, 666, 140, 114
track:814, 867, 666, 140, 114
track:815, 866, 665, 140, 114
track:816, 865, 665, 140, 114
init :817, 863, 669, 147, 109
track:818, 862, 675, 147, 109
track:819, 862, 676, 147, 109
track:820, 860, 687, 147, 109
track:821, 859, 688, 147, 109
track:822, 859, 688, 147, 109
track:823, 858, 687, 147, 109
track:824, 855, 684, 154, 114
track:825, 854, 685, 154, 114
track:826, 853, 685, 154, 114
track:827, 849, 686, 162, 120
track:828, 850, 693, 162, 120
track:829, 846, 692, 170, 126
track:830, 847, 693, 170, 126
track:831, 848, 693, 170, 126
track:832, 848, 694, 170, 126
track:833, 847, 690, 179, 132
init :834, 849, 672, 166, 140
track:835, 850, 665, 166, 140
track:836, 850, 665, 166, 140
track:837, 849, 659, 166, 140
track:838, 847, 658, 166, 140
track:839, 847, 654, 166, 140
track:840, 844, 648, 166, 140
track:841, 843, 648, 166, 140
track:842, 842, 646, 166, 140
track:843, 839, 641, 166, 140
track:844, 834, 636, 174, 147
track:845, 828, 621, 174, 147
track:846, 827, 621, 174, 147
track:847, 826, 613, 174, 147
track:848, 825, 608, 174, 147
track:849, 824, 607, 174, 147
track:850, 824, 606, 174, 147
init :851, 821, 604, 198, 173
track:852, 825, 601, 198, 173
track:853, 829, 596, 198, 173
track:854, 831, 598, 198, 173
track:855, 832, 602, 198, 173
track:856, 831, 604, 198, 173
track:857, 832, 604, 198, 173
track:858, 831, 600, 198, 173
track:859, 832, 598, 198, 173
track:860, 832, 595, 198, 173
track:861, 832, 595, 198, 173
track:862, 832, 596, 198, 173
track:863, 833, 601, 198, 173
track:864, 838, 609, 189, 165
track:865, 839, 616, 189, 165
track:866, 843, 620, 180, 157
track:867, 843, 625, 180, 157
init :868, 844, 633, 170, 132
track:869, 845, 633, 170, 132
track:870, 847, 638, 170, 132
track:871, 847, 639, 170, 132
track:872, 848, 641, 170, 132
track:873, 849, 640, 170, 132
track:874, 850, 640, 170, 132
track:875, 849, 641, 170, 132
track:876, 854, 644, 162, 126
track:877, 855, 645, 162, 126
track:878, 856, 645, 162, 126
track:879, 861, 647, 154, 120
track:880, 861, 646, 154, 120
track:881, 861, 646, 154, 120
track:882, 861, 645, 154, 120
track:883, 863, 644, 154, 120
track:884, 866, 643, 154, 120
init :885, 872, 643, 138, 116
track:886, 872, 643, 138, 116
track:887, 875, 645, 138, 116
track:888, 875, 645, 138, 116
track:889, 875, 645, 138, 116
track:890, 877, 644, 138, 116
track:891, 877, 644, 138, 116
track:892, 879, 642, 138, 116
track:893, 879, 642, 138, 116
track:894, 880, 642, 138, 116
track:895, 881, 643, 138, 116
track:896, 882, 642, 138, 116
track:897, 881, 642, 138, 116
track:898, 880, 642, 138, 116
track:899, 877, 640, 138, 116
track:900, 878, 644, 131, 110
track:901, 878, 643, 131, 110
init :902, 886, 654, 120, 93
track:903, 885, 654, 120, 93
track:904, 886, 654, 120, 93
track:905, 889, 657, 114, 89
track:906, 889, 656, 114, 89
track:907, 868, 638, 114, 89
track:908, 863, 640, 114, 89
track:909, 865, 651, 109, 84
track:910, 857, 651, 114, 89
track:911, 859, 652, 114, 89
track:912, 862, 658, 114, 89
track:913, 864, 664, 109, 84
track:914, 868, 668, 104, 80
track:915, 871, 676, 99, 77
track:916, 872, 675, 99, 77
track:917, 871, 677, 99, 77
track:918, 871, 675, 104, 80
init :919, 807, 581, 290, 251
track:920, 806, 581, 290, 251
track:921, 806, 580, 290, 251
track:922, 801, 581, 290, 251
track:923, 797, 580, 290, 251
track:924, 792, 579, 290, 251
track:925, 787, 578, 290, 251
track:926, 785, 577, 290, 251
track:927, 783, 577, 290, 251
track:928, 776, 578, 290, 251
track:929, 770, 578, 290, 251
track:930, 765, 575, 290, 251
track:931, 766, 576, 290, 251
track:932, 757, 567, 304, 264
track:933, 756, 566, 304, 264
track:934, 758, 562, 304, 264
track:935, 760, 559, 304, 264
init :936, 770, 578, 318, 233
track:937, 772, 577, 318, 233
track:938, 775, 574, 318, 233
track:939, 776, 574, 318, 233
track:940, 776, 572, 318, 233
track:941, 775, 571, 318, 233
track:942, 784, 577, 303, 222
track:943, 776, 571, 318, 233
track:944, 777, 570, 318, 233
track:945, 776, 571, 318, 233
track:946, 776, 569, 318, 233
track:947, 772, 569, 318, 233
track:948, 767, 571, 318, 233
track:949, 765, 573, 318, 233
track:950, 763, 573, 318, 233
track:951, 761, 574, 318, 233
track:952, 759, 576, 318, 233
init :953, 752, 576, 360, 238
track:954, 751, 575, 360, 238
track:955, 752, 578, 360, 238
track:956, 751, 576, 360, 238
track:957, 752, 578, 360, 238
track:958, 752, 579, 360, 238
track:959, 751, 580, 360, 238
track:960, 750, 582, 360, 238
track:961, 748, 582, 360, 238
track:962, 746, 584, 360, 238
track:963, 745, 586, 360, 238
track:964, 746, 585, 360, 238
track:965, 745, 587, 360, 238
track:966, 741, 586, 360, 238
track:967, 734, 587, 360, 238
track:968, 732, 587, 360, 238
track:969, 727, 588, 360, 238
init :970, 710, 584, 429, 244
track:971, 708, 582, 429, 244
track:972, 704, 581, 429, 244
track:973, 711, 587, 409, 232
track:974, 709, 587, 409, 232
track:975, 708, 588, 409, 232
track:976, 696, 581, 429, 244
track:977, 681, 576, 450, 256
track:978, 680, 577, 450, 256
track:979, 677, 579, 450, 256
track:980, 692, 585, 429, 244
track:981, 690, 583, 429, 244
track:982, 678, 579, 450, 256
track:983, 679, 581, 450, 256
track:984, 683, 582, 450, 256
track:985, 685, 580, 450, 256
track:986, 694, 587, 429, 244
init :987, 696, 586, 493, 246
track:988, 698, 587, 493, 246
track:989, 700, 587, 493, 246
track:990, 701, 589, 493, 246
track:991, 704, 589, 493, 246
track:992, 705, 590, 493, 246
track:993, 692, 581, 518, 258
track:994, 695, 579, 518, 258
track:995, 692, 580, 518, 258
track:996, 695, 578, 518, 258
track:997, 698, 577, 518, 258
track:998, 699, 575, 518, 258
track:999, 713, 579, 493, 246
track:1000, 713, 579, 493, 246
track:1001, 716, 577, 493, 246
track:1002, 729, 582, 470, 234
track:1003, 729, 573, 493, 246
init :1004, 747, 576, 503, 218
track:1005, 747, 576, 503, 218
track:1006, 744, 578, 503, 218
track:1007, 744, 576, 503, 218
track:1008, 745, 572, 503, 218
track:1009, 742, 572, 503, 218
track:1010, 741, 574, 503, 218
track:1011, 751, 577, 479, 208
track:1012, 752, 575, 479, 208
track:1013, 746, 573, 479, 208
track:1014, 743, 574, 479, 208
track:1015, 748, 578, 456, 198
track:1016, 744, 579, 456, 198
track:1017, 746, 577, 456, 198
track:1018, 746, 579, 456, 198
track:1019, 742, 577, 456, 198
track:1020, 749, 581, 435, 188
init :1021, 752, 576, 466, 184
track:1022, 751, 575, 466, 184
track:1023, 749, 573, 466, 184
track:1024, 746, 572, 466, 184
track:1025, 749, 571, 466, 184
track:1026, 745, 571, 466, 184
track:1027, 752, 576, 444, 175
track:1028, 746, 577, 444, 175
track:1029, 742, 578, 444, 175
track:1030, 753, 584, 423, 167
track:1031, 760, 587, 403, 159
track:1032, 745, 584, 423, 167
track:1033, 742, 585, 423, 167
track:1034, 739, 588, 423, 167
track:1035, 743, 590, 423, 167
track:1036, 738, 590, 423, 167
track:1037, 734, 592, 423, 167
init :1038, 743, 602, 429, 147
track:1039, 733, 600, 450, 154
track:1040, 743, 603, 429, 147
track:1041, 748, 605, 429, 147
track:1042, 754, 610, 409, 140
track:1043, 752, 612, 409, 140
track:1044, 749, 613, 409, 140
track:1045, 740, 611, 429, 147
track:1046, 736, 608, 450, 154
track:1047, 737, 609, 450, 154
track:1048, 742, 611, 450, 154
track:1049, 742, 610, 450, 154
track:1050, 743, 610, 450, 154
track:1051, 758, 611, 429, 147
track:1052, 763, 606, 429, 147
track:1053, 773, 605, 429, 147
track:1054, 786, 610, 409, 140
init :1055, 784, 610, 443, 140
track:1056, 786, 611, 443, 140
track:1057, 791, 611, 443, 140
track:1058, 795, 612, 443, 140
track:1059, 794, 612, 443, 140
track:1060, 795, 613, 443, 140
track:1061, 793, 614, 443, 140
track:1062, 792, 615, 443, 140
track:1063, 799, 619, 422, 133
track:1064, 803, 620, 422, 133
track:1065, 799, 618, 422, 133
track:1066, 782, 615, 443, 140
track:1067, 773, 615, 443, 140
track:1068, 766, 615, 443, 140
track:1069, 750, 616, 443, 140
track:1070, 748, 615, 443, 140
track:1071, 744, 615, 443, 140
init :1072, 743, 625, 438, 124
track:1073, 731, 626, 438, 124
track:1074, 721, 626, 438, 124
track:1075, 707, 623, 460, 130
track:1076, 701, 624, 460, 130
track:1077, 690, 624, 460, 130
track:1078, 671, 620, 483, 137
track:1079, 655, 621, 483, 137
track:1080, 653, 622, 483, 137
track:1081, 657, 624, 460, 130
track:1082, 653, 626, 460, 130
track:1083, 646, 626, 460, 130
track:1084, 655, 630, 438, 124
track:1085, 651, 630, 438, 124
track:1086, 653, 630, 438, 124
track:1087, 651, 629, 438, 124
track:1088, 653, 628, 438, 124
init :1089, 669, 628, 447, 137
track:1090, 669, 628, 447, 137
track:1091, 669, 629, 447, 137
track:1092, 667, 631, 447, 137
track:1093, 661, 630, 469, 144
track:1094, 664, 630, 469, 144
track:1095, 675, 634, 447, 137
track:1096, 674, 635, 447, 137
track:1097, 666, 633, 469, 144
track:1098, 666, 635, 469, 144
track:1099, 680, 638, 447, 137
track:1100, 684, 637, 447, 137
track:1101, 683, 636, 447, 137
track:1102, 686, 634, 447, 137
track:1103, 684, 633, 447, 137
track:1104, 684, 636, 447, 137
track:1105, 685, 636, 447, 137
init :1106, 701, 628, 456, 166
track:1107, 701, 628, 456, 166
track:1108, 699, 629, 456, 166
track:1109, 695, 631, 456, 166
track:1110, 694, 632, 456, 166
track:1111, 690, 634, 456, 166
track:1112, 685, 634, 456, 166
track:1113, 680, 635, 456, 166
track:1114, 693, 641, 434, 158
track:1115, 680, 637, 456, 166
track:1116, 673, 637, 456, 166
track:1117, 667, 636, 456, 166
track:1118, 679, 641, 434, 158
track:1119, 674, 642, 434, 158
track:1120, 676, 643, 434, 158
track:1121, 672, 642, 434, 158
track:1122, 682, 645, 414, 151
init :1123, 710, 628, 383, 189
track:1124, 710, 629, 383, 189
track:1125, 708, 629, 383, 189
track:1126, 716, 632, 365, 180
track:1127, 721, 631, 365, 180
track:1128, 718, 631, 365, 180
track:1129, 716, 625, 383, 189
track:1130, 716, 625, 383, 189
track:1131, 715, 627, 383, 189
track:1132, 721, 628, 383, 189
track:1133, 702, 620, 402, 198
track:1134, 685, 616, 422, 208
track:1135, 673, 609, 443, 219
track:1136, 676, 605, 443, 219
track:1137, 672, 603, 443, 219
track:1138, 646, 596, 466, 230
track:1139, 656, 598, 443, 219
init :1140, 830, 636, 230, 181
track:1141, 823, 637, 230, 181
track:1142, 816, 636, 230, 181
track:1143, 805, 637, 230, 181
track:1144, 794, 636, 230, 181
track:1145, 794, 636, 230, 181
track:1146, 785, 639, 230, 181
track:1147, 779, 639, 230, 181
track:1148, 773, 638, 230, 181
track:1149, 772, 644, 219, 172
track:1150, 768, 644, 219, 172
track:1151, 760, 639, 230, 181
track:1152, 756, 639, 230, 181
track:1153, 756, 640, 230, 181
track:1154, 758, 642, 230, 181
track:1155, 753, 643, 230, 181
track:1156, 764, 646, 230, 181
init :1157, 780, 636, 249, 176
track:1158, 784, 636, 249, 176
track:1159, 786, 635, 249, 176
track:1160, 786, 635, 249, 176
track:1161, 787, 634, 249, 176
track:1162, 790, 633, 249, 176
track:1163, 791, 634, 249, 176
track:1164, 792, 633, 249, 176
track:1165, 793, 634, 249, 176
track:1166, 790, 635, 249, 176
track:1167, 788, 635, 249, 176
track:1168, 781, 635, 249, 176
track:1169, 775, 636, 249, 176
track:1170, 781, 637, 249, 176
track:1171, 778, 639, 237, 168
track:1172, 777, 640, 237, 168
track:1173, 779, 639, 237, 168
init :1174, 766, 636, 350, 160
track:1175, 766, 636, 350, 160
track:1176, 768, 637, 350, 160
track:1177, 777, 641, 333, 152
track:1178, 783, 643, 333, 152
track:1179, 782, 640, 333, 152
track:1180, 774, 633, 350, 160
track:1181, 777, 632, 350, 160
track:1182, 781, 630, 350, 160
track:1183, 775, 624, 367, 168
track:1184, 781, 628, 350, 160
track:1185, 783, 629, 350, 160
track:1186, 784, 627, 350, 160
track:1187, 789, 628, 350, 160
track:1188, 793, 627, 350, 160
track:1189, 796, 625, 350, 160
track:1190, 789, 625, 350, 160
init :1191, 793, 633, 387, 127
track:1192, 790, 631, 387, 127
track:1193, 790, 630, 387, 127
track:1194, 786, 629, 387, 127
track:1195, 786, 628, 387, 127
track:1196, 791, 631, 369, 121
track:1197, 795, 629, 369, 121
track:1198, 786, 624, 387, 127
track:1199, 781, 626, 387, 127
track:1200, 778, 625, 387, 127
track:1201, 781, 625, 387, 127
track:1202, 789, 629, 369, 121
track:1203, 790, 629, 369, 121
track:1204, 791, 628, 369, 121
track:1205, 792, 627, 369, 121
track:1206, 789, 625, 387, 127
track:1207, 789, 624, 387, 127
init :1208, 840, 633, 341, 101
track:1209, 840, 633, 341, 101
track:1210, 836, 631, 358, 106
track:1211, 843, 631, 358, 106
track:1212, 847, 632, 358, 106
track:1213, 858, 636, 341, 101
track:1214, 866, 640, 325, 96
track:1215, 864, 642, 325, 96
track:1216, 864, 642, 325, 96
track:1217, 871, 644, 309, 92
track:1218, 862, 643, 325, 96
track:1219, 870, 646, 309, 92
track:1220, 869, 647, 309, 92
track:1221, 868, 648, 309, 92
track:1222, 867, 648, 309, 92
track:1223, 865, 650, 309, 92
track:1224, 865, 652, 309, 92
init :1225, 895, 654, 295, 96
track:1226, 896, 654, 295, 96
track:1227, 897, 654, 295, 96
track:1228, 895, 656, 295, 96
track:1229, 894, 656, 295, 96
track:1230, 894, 658, 295, 96
track:1231, 900, 659, 281, 91
track:1232, 899, 660, 281, 91
track:1233, 903, 664, 268, 87
track:1234, 902, 665, 268, 87
track:1235, 904, 667, 255, 83
track:1236, 900, 668, 255, 83
track:1237, 905, 671, 243, 79
track:1238, 902, 671, 243, 79
track:1239, 909, 672, 231, 75
track:1240, 906, 673, 231, 75
track:1241, 911, 674, 231, 75
init :1242, 936, 667, 198, 96
track:1243, 935, 668, 198, 96
track:1244, 935, 668, 198, 96
track:1245, 939, 670, 189, 91
track:1246, 938, 671, 189, 91
track:1247, 932, 671, 189, 91
track:1248, 926, 673, 189, 91
track:1249, 928, 672, 189, 91
track:1250, 929, 673, 180, 87
track:1251, 927, 674, 171, 83
track:1252, 928, 674, 163, 79
track:1253, 917, 674, 163, 79
track:1254, 921, 673, 163, 79
track:1255, 911, 671, 163, 79
track:1256, 900, 670, 163, 79
track:1257, 895, 667, 163, 79
track:1258, 888, 666, 163, 79
init :1259, 941, 662, 115, 88
track:1260, 939, 661, 115, 88
track:1261, 934, 659, 115, 88
track:1262, 929, 658, 115, 88
track:1263, 927, 658, 115, 88
track:1264, 924, 658, 115, 88
track:1265, 924, 658, 115, 88
track:1266, 925, 657, 115, 88
track:1267, 925, 655, 115, 88
track:1268, 921, 653, 115, 88
track:1269, 922, 653, 115, 88
track:1270, 919, 652, 115, 88
track:1271, 921, 653, 110, 84
track:1272, 918, 652, 110, 84
track:1273, 913, 651, 110, 84
track:1274, 913, 652, 110, 84
track:1275, 909, 652, 110, 84
init :1276, 923, 656, 124, 75
track:1277, 919, 656, 124, 75
track:1278, 910, 655, 130, 79
track:1279, 911, 655, 130, 79
track:1280, 902, 656, 130, 79
track:1281, 898, 656, 130, 79
track:1282, 890, 657, 130, 79
track:1283, 887, 657, 130, 79
track:1284, 886, 658, 130, 79
track:1285, 877, 658, 130, 79
track:1286, 873, 656, 130, 79
track:1287, 869, 653, 137, 83
track:1288, 868, 653, 137, 83
track:1289, 869, 653, 137, 83
track:1290, 867, 653, 137, 83
track:1291, 867, 654, 137, 83
track:1292, 864, 654, 137, 83
init :1293, 867, 662, 143, 72
track:1294, 867, 662, 143, 72
track:1295, 870, 664, 136, 69
track:1296, 868, 663, 136, 69
track:1297, 868, 662, 136, 69
track:1298, 869, 662, 136, 69
track:1299, 867, 662, 136, 69
track:1300, 866, 663, 136, 69
track:1301, 868, 665, 130, 65
track:1302, 867, 665, 130, 65
track:1303, 864, 664, 136, 69
track:1304, 864, 664, 136, 69
track:1305, 865, 663, 136, 69
track:1306, 865, 663, 136, 69
track:1307, 867, 663, 136, 69
track:1308, 870, 666, 130, 65
track:1309, 870, 666, 130, 65
init :1310, 867, 664, 156, 59
track:1311, 868, 664, 156, 59
track:1312, 868, 664, 156, 59
track:1313, 868, 664, 156, 59
track:1314, 868, 665, 156, 59
track:1315, 868, 665, 156, 59
track:1316, 870, 667, 149, 56
track:1317, 864, 666, 156, 59
track:1318, 862, 667, 156, 59
track:1319, 861, 667, 156, 59
track:1320, 860, 668, 156, 59
track:1321, 859, 667, 156, 59
track:1322, 861, 669, 156, 59
track:1323, 861, 669, 156, 59
track:1324, 866, 671, 149, 56
track:1325, 866, 672, 149, 56
track:1326, 868, 672, 149, 56
init :1327, 867, 675, 170, 57
track:1328, 868, 675, 170, 57
track:1329, 869, 675, 170, 57
track:1330, 869, 675, 170, 57
track:1331, 870, 676, 170, 57
track:1332, 866, 676, 170, 57
track:1333, 860, 676, 170, 57
track:1334, 859, 675, 170, 57
track:1335, 857, 676, 170, 57
track:1336, 852, 676, 170, 57
track:1337, 847, 676, 170, 57
track:1338, 841, 675, 178, 60
track:1339, 840, 675, 178, 60
track:1340, 844, 676, 170, 57
track:1341, 839, 675, 178, 60
track:1342, 838, 674, 178, 60
track:1343, 842, 676, 170, 57
init :1344, 844, 677, 175, 49
track:1345, 844, 677, 175, 49
track:1346, 843, 677, 175, 49
track:1347, 844, 677, 175, 49
track:1348, 844, 677, 175, 49
track:1349, 839, 676, 184, 51
track:1350, 838, 677, 184, 51
track:1351, 837, 677, 184, 51
track:1352, 835, 678, 184, 51
track:1353, 832, 677, 193, 54
track:1354, 831, 678, 193, 54
track:1355, 832, 678, 193, 54
track:1356, 834, 678, 193, 54
track:1357, 837, 680, 184, 51
track:1358, 836, 680, 184, 51
track:1359, 837, 680, 184, 51
track:1360, 836, 680, 184, 51
init :1361, 849, 685, 180, 49
track:1362, 848, 686, 180, 49
track:1363, 850, 687, 180, 49
track:1364, 855, 688, 171, 47
track:1365, 855, 688, 171, 47
track:1366, 850, 687, 180, 49
track:1367, 850, 687, 180, 49
track:1368, 844, 687, 189, 51
track:1369, 844, 687, 189, 51
track:1370, 843, 688, 189, 51
track:1371, 846, 690, 180, 49
track:1372, 846, 691, 180, 49
track:1373, 839, 690, 189, 51
track:1374, 833, 689, 198, 54
track:1375, 835, 691, 189, 51
track:1376, 838, 692, 180, 49
track:1377, 832, 690, 189, 51
init :1378, 830, 693, 189, 62
track:1379, 830, 693, 189, 62
track:1380, 826, 693, 189, 62
track:1381, 817, 692, 198, 65
track:1382, 815, 694, 198, 65
track:1383, 813, 695, 198, 65
track:1384, 811, 695, 198, 65
track:1385, 809, 696, 198, 65
track:1386, 811, 698, 198, 65
track:1387, 816, 700, 189, 62
track:1388, 819, 701, 189, 62
track:1389, 818, 702, 189, 62
track:1390, 817, 701, 198, 65
track:1391, 822, 702, 198, 65
track:1392, 827, 703, 198, 65
track:1393, 832, 704, 198, 65
track:1394, 833, 705, 198, 65
init :1395, 835, 708, 198, 59
track:1396, 835, 708, 198, 59
track:1397, 835, 709, 198, 59
track:1398, 829, 708, 208, 62
track:1399, 828, 708, 208, 62
track:1400, 830, 710, 198, 59
track:1401, 821, 711, 208, 62
track:1402, 816, 711, 208, 62
track:1403, 808, 711, 218, 65
track:1404, 805, 711, 218, 65
track:1405, 801, 710, 218, 65
track:1406, 799, 711, 218, 65
track:1407, 794, 712, 218, 65
track:1408, 798, 713, 208, 62
track:1409, 798, 713, 208, 62
track:1410, 798, 714, 208, 62
track:1411, 797, 715, 208, 62
init :1412, 789, 716, 240, 72
track:1413, 790, 715, 240, 72
track:1414, 790, 716, 240, 72
track:1415, 792, 716, 240, 72
track:1416, 793, 717, 240, 72
track:1417, 794, 717, 240, 72
track:1418, 793, 717, 240, 72
track:1419, 786, 716, 252, 76
track:1420, 784, 717, 252, 76
track:1421, 782, 718, 252, 76
track:1422, 782, 718, 252, 76
track:1423, 781, 719, 252, 76
track:1424, 781, 720, 252, 76
track:1425, 782, 720, 252, 76
track:1426, 781, 720, 252, 76
track:1427, 782, 721, 252, 76
track:1428, 781, 722, 252, 76
init :1429, 789, 719, 249, 90
track:1430, 788, 719, 249, 90
track:1431, 786, 720, 249, 90
track:1432, 785, 721, 249, 90
track:1433, 785, 721, 249, 90
track:1434, 785, 723, 249, 90
track:1435, 784, 724, 249, 90
track:1436, 786, 726, 249, 90
track:1437, 785, 728, 237, 86
track:1438, 784, 729, 237, 86
track:1439, 788, 730, 226, 82
track:1440, 782, 729, 237, 86
track:1441, 777, 731, 237, 86
track:1442, 775, 732, 237, 86
track:1443, 764, 730, 249, 90
track:1444, 765, 729, 249, 90
track:1445, 755, 728, 261, 94
init :1446, 770, 719, 240, 119
track:1447, 767, 719, 240, 119
track:1448, 765, 719, 240, 119
track:1449, 763, 718, 240, 119
track:1450, 763, 717, 240, 119
track:1451, 770, 719, 229, 113
track:1452, 772, 718, 229, 113
track:1453, 773, 716, 240, 119
track:1454, 775, 717, 240, 119
track:1455, 780, 717, 240, 119
track:1456, 784, 719, 240, 119
track:1457, 793, 722, 229, 113
track:1458, 797, 722, 229, 113
track:1459, 799, 722, 229, 113
track:1460, 803, 722, 229, 113
track:1461, 813, 724, 218, 108
track:1462, 816, 724, 218, 108
init :1463, 835, 711, 203, 145
track:1464, 835, 710, 203, 145
track:1465, 837, 710, 203, 145
track:1466, 837, 711, 203, 145
track:1467, 836, 709, 203, 145
track:1468, 836, 709, 203, 145
track:1469, 833, 710, 203, 145
track:1470, 829, 709, 203, 145
track:1471, 834, 713, 193, 138
track:1472, 826, 703, 203, 145
track:1473, 823, 708, 193, 138
track:1474, 819, 702, 193, 138
track:1475, 819, 701, 193, 138
track:1476, 813, 696, 203, 145
track:1477, 809, 693, 203, 145
track:1478, 808, 692, 203, 145
track:1479, 808, 689, 203, 145
init :1480, 844, 672, 193, 163
track:1481, 847, 670, 193, 163
track:1482, 850, 668, 193, 163
track:1483, 850, 667, 193, 163
track:1484, 854, 666, 193, 163
track:1485, 855, 666, 193, 163
track:1486, 860, 665, 193, 163
track:1487, 865, 663, 193, 163
track:1488, 866, 661, 193, 163
track:1489, 869, 661, 193, 163
track:1490, 869, 659, 193, 163
track:1491, 873, 656, 193, 163
track:1492, 876, 658, 184, 155
track:1493, 875, 658, 184, 155
track:1494, 875, 656, 184, 155
track:1495, 874, 651, 184, 155
track:1496, 870, 648, 184, 155
init :1497, 849, 646, 300, 140
track:1498, 849, 646, 300, 140
track:1499, 846, 644, 300, 140
track:1500, 842, 641, 300, 140
track:1501, 834, 638, 300, 140
track:1502, 829, 636, 300, 140
track:1503, 830, 635, 300, 140
track:1504, 827, 633, 300, 140
track:1505, 826, 629, 300, 140
track:1506, 827, 625, 300, 140
track:1507, 821, 622, 300, 140
track:1508, 823, 622, 300, 140
track:1509, 822, 623, 300, 140
track:1510, 817, 618, 300, 140
track:1511, 823, 615, 300, 140
track:1512, 817, 615, 300, 140
track:1513, 817, 614, 300, 140
init :1514, 812, 620, 300, 114
track:1515, 792, 619, 300, 114
track:1516, 768, 619, 300, 114
track:1517, 741, 619, 300, 114
track:1518, 742, 621, 300, 114
track:1519, 711, 621, 300, 114
track:1520, 685, 621, 300, 114
track:1521, 675, 624, 286, 109
track:1522, 659, 625, 286, 109
track:1523, 658, 626, 286, 109
track:1524, 654, 626, 286, 109
track:1525, 653, 626, 286, 109
track:1526, 650, 623, 300, 114
track:1527, 660, 626, 286, 109
track:1528, 663, 626, 286, 109
track:1529, 694, 627, 272, 103
track:1530, 718, 627, 272, 103
init :1531, 761, 633, 249, 85
track:1532, 787, 633, 249, 85
track:1533, 787, 633, 249, 85
track:1534, 818, 635, 237, 81
track:1535, 841, 635, 237, 81
track:1536, 865, 635, 237, 81
track:1537, 881, 635, 237, 81
track:1538, 881, 636, 237, 81
track:1539, 890, 637, 237, 81
track:1540, 892, 636, 249, 85
track:1541, 901, 640, 237, 81
track:1542, 903, 642, 237, 81
track:1543, 910, 644, 226, 77
track:1544, 908, 644, 226, 77
track:1545, 906, 644, 226, 77
track:1546, 903, 645, 226, 77
track:1547, 895, 647, 226, 77
init :1548, 895, 654, 226, 72
track:1549, 892, 655, 226, 72
track:1550, 879, 657, 215, 69
track:1551, 878, 658, 215, 69
track:1552, 870, 659, 215, 69
track:1553, 869, 659, 215, 69
track:1554, 867, 661, 215, 69
track:1555, 866, 661, 215, 69
track:1556, 864, 662, 215, 69
track:1557, 867, 663, 215, 69
track:1558, 867, 664, 215, 69
track:1559, 874, 666, 205, 65
track:1560, 884, 668, 195, 62
track:1561, 888, 669, 195, 62
track:1562, 893, 671, 186, 59
track:1563, 894, 671, 186, 59
track:1564, 900, 672, 177, 56
init :1565, 909, 669, 184, 72
track:1566, 910, 669, 184, 72
track:1567, 909, 668, 184, 72
track:1568, 908, 669, 184, 72
track:1569, 907, 669, 184, 72
track:1570, 903, 670, 184, 72
track:1571, 906, 672, 175, 69
track:1572, 909, 674, 167, 65
track:1573, 910, 674, 167, 65
track:1574, 904, 674, 167, 65
track:1575, 904, 676, 159, 62
track:1576, 902, 676, 159, 62
track:1577, 899, 676, 159, 62
track:1578, 899, 677, 159, 62
track:1579, 895, 677, 159, 62
track:1580, 891, 677, 159, 62
track:1581, 890, 677, 159, 62
init :1582, 904, 677, 138, 72
track:1583, 904, 677, 138, 72
track:1584, 904, 677, 138, 72
track:1585, 903, 678, 138, 72
track:1586, 902, 678, 138, 72
track:1587, 905, 680, 131, 69
track:1588, 904, 681, 131, 69
track:1589, 905, 681, 131, 69
track:1590, 904, 682, 131, 69
track:1591, 903, 681, 131, 69
track:1592, 902, 682, 131, 69
track:1593, 901, 682, 131, 69
track:1594, 900, 683, 131, 69
track:1595, 898, 683, 131, 69
track:1596, 900, 685, 125, 65
track:1599, 901, 688, 119, 62
track:1600, 898, 686, 125, 65
track:1601, 893, 686, 125, 65
track:1602, 891, 685, 125, 65
track:1603, 890, 685, 125, 65
track:1604, 885, 686, 125, 65
track:1605, 880, 683, 131, 69
track:1606, 876, 683, 131, 69
track:1607, 875, 684, 131, 69
track:1608, 878, 686, 125, 65
elapseTime: 18.564
