init :7, 821, 630, 235, 197
track:8, 821, 630, 235, 197
track:9, 822, 630, 235, 197
track:10, 821, 631, 235, 197
track:11, 823, 630, 235, 197
track:12, 823, 630, 235, 197
track:13, 824, 630, 235, 197
track:14, 824, 630, 235, 197
track:15, 824, 630, 235, 197
track:16, 825, 630, 235, 197
track:17, 826, 630, 235, 197
track:18, 825, 630, 235, 197
track:19, 825, 629, 235, 197
track:20, 821, 626, 247, 207
track:21, 820, 626, 247, 207
track:22, 827, 631, 235, 197
track:23, 828, 631, 235, 197
track:24, 827, 631, 235, 197
track:25, 828, 630, 235, 197
track:26, 829, 631, 235, 197
track:27, 829, 631, 235, 197
track:28, 829, 631, 235, 197
track:29, 829, 630, 235, 197
track:30, 829, 630, 235, 197
track:31, 830, 629, 235, 197
track:32, 831, 631, 235, 197
track:33, 829, 630, 235, 197
track:34, 830, 631, 235, 197
track:35, 830, 630, 235, 197
track:36, 830, 631, 235, 197
track:37, 829, 630, 235, 197
track:38, 831, 630, 235, 197
track:39, 830, 630, 235, 197
track:40, 830, 630, 235, 197
track:41, 831, 629, 235, 197
track:42, 830, 631, 235, 197
track:43, 831, 630, 235, 197
track:44, 830, 631, 235, 197
track:45, 832, 630, 235, 197
track:46, 830, 631, 235, 197
track:48, 832, 630, 235, 197
track:49, 830, 630, 235, 197
track:50, 831, 629, 235, 197
track:51, 832, 629, 235, 197
track:52, 831, 628, 235, 197
track:53, 832, 629, 235, 197
init :54, 830, 633, 230, 197
track:55, 830, 633, 230, 197
track:56, 830, 633, 230, 197
track:57, 830, 633, 230, 197
track:58, 830, 633, 230, 197
track:59, 830, 632, 230, 197
track:60, 830, 632, 230, 197
track:61, 829, 633, 230, 197
track:62, 829, 632, 230, 197
track:63, 829, 633, 230, 197
track:64, 829, 632, 230, 197
track:65, 828, 632, 230, 197
track:66, 828, 632, 230, 197
track:67, 828, 632, 230, 197
track:68, 828, 632, 230, 197
track:69, 827, 633, 230, 197
track:70, 827, 632, 230, 197
track:71, 826, 633, 230, 197
track:72, 827, 633, 230, 197
track:73, 827, 634, 230, 197
track:74, 828, 632, 230, 197
track:75, 827, 633, 230, 197
track:76, 827, 634, 230, 197
track:77, 827, 633, 230, 197
track:78, 827, 633, 230, 197
track:79, 827, 633, 230, 197
track:80, 828, 633, 230, 197
track:81, 828, 633, 230, 197
track:82, 828, 633, 230, 197
track:83, 828, 633, 230, 197
track:84, 827, 633, 230, 197
track:85, 827, 633, 230, 197
track:86, 827, 633, 230, 197
track:87, 826, 633, 230, 197
track:88, 826, 634, 230, 197
track:89, 827, 633, 230, 197
track:90, 827, 633, 230, 197
track:91, 826, 633, 230, 197
track:92, 827, 633, 230, 197
track:93, 826, 633, 230, 197
track:94, 825, 633, 230, 197
track:95, 827, 634, 230, 197
track:96, 828, 633, 230, 197
track:97, 829, 632, 230, 197
track:98, 830, 632, 230, 197
track:99, 830, 632, 230, 197
track:100, 830, 631, 230, 197
track:101, 830, 631, 230, 197
track:102, 831, 631, 230, 197
track:103, 832, 630, 230, 197
track:104, 831, 630, 230, 197
track:105, 832, 628, 230, 197
track:106, 833, 628, 230, 197
init :107, 835, 623, 235, 197
track:108, 835, 622, 235, 197
track:109, 836, 621, 235, 197
track:110, 833, 620, 235, 197
track:111, 835, 619, 235, 197
track:112, 835, 617, 235, 197
track:113, 835, 614, 235, 197
track:114, 835, 615, 235, 197
track:115, 836, 613, 235, 197
track:116, 837, 611, 235, 197
track:117, 838, 609, 235, 197
track:120, 839, 608, 235, 197
track:121, 842, 603, 235, 197
track:122, 847, 608, 224, 188
track:123, 846, 607, 224, 188
track:124, 846, 608, 224, 188
track:125, 851, 607, 213, 179
track:126, 842, 599, 224, 188
track:127, 847, 603, 213, 179
track:128, 847, 603, 213, 179
track:129, 847, 603, 213, 179
track:130, 845, 604, 213, 179
track:131, 846, 606, 213, 179
track:132, 850, 609, 213, 179
track:133, 850, 611, 213, 179
track:134, 855, 615, 203, 170
track:135, 856, 616, 203, 170
track:136, 856, 617, 203, 170
track:137, 857, 618, 203, 170
track:138, 857, 618, 203, 170
track:139, 856, 619, 203, 170
track:140, 857, 619, 203, 170
track:141, 857, 617, 203, 170
track:142, 856, 619, 203, 170
track:143, 854, 620, 203, 170
track:144, 855, 620, 203, 170
track:145, 847, 619, 213, 179
track:146, 846, 620, 213, 179
track:147, 847, 620, 213, 179
track:148, 846, 622, 213, 179
track:149, 846, 623, 213, 179
track:150, 847, 625, 213, 179
track:151, 848, 630, 213, 179
track:152, 849, 631, 213, 179
track:153, 849, 633, 213, 179
track:154, 848, 635, 213, 179
track:155, 850, 636, 213, 179
track:156, 850, 637, 213, 179
track:157, 851, 637, 213, 179
track:158, 852, 638, 213, 179
track:159, 851, 639, 213, 179
init :160, 863, 654, 170, 155
track:161, 863, 654, 170, 155
track:162, 861, 654, 170, 155
track:163, 859, 654, 170, 155
track:164, 859, 654, 170, 155
track:165, 859, 654, 170, 155
track:166, 858, 656, 170, 155
track:167, 859, 656, 170, 155
track:168, 859, 655, 170, 155
track:169, 859, 655, 170, 155
track:170, 860, 655, 170, 155
track:171, 860, 654, 170, 155
track:172, 861, 653, 170, 155
track:173, 861, 652, 170, 155
track:174, 861, 652, 170, 155
track:175, 859, 653, 170, 155
track:176, 857, 653, 170, 155
track:177, 857, 652, 170, 155
track:178, 859, 653, 170, 155
track:179, 859, 653, 170, 155
track:180, 855, 652, 178, 163
track:181, 856, 654, 178, 163
track:182, 857, 655, 178, 163
track:183, 864, 661, 170, 155
track:184, 865, 662, 170, 155
track:185, 866, 664, 170, 155
track:186, 864, 663, 170, 155
track:187, 861, 657, 170, 155
track:188, 857, 653, 170, 155
track:189, 856, 652, 170, 155
track:190, 853, 652, 170, 155
track:191, 853, 650, 170, 155
track:192, 852, 644, 170, 155
track:193, 856, 646, 162, 148
track:194, 855, 646, 162, 148
track:195, 857, 644, 162, 148
track:196, 858, 643, 162, 148
track:197, 858, 642, 162, 148
track:198, 855, 642, 162, 148
track:199, 856, 642, 162, 148
track:200, 854, 644, 162, 148
track:201, 852, 644, 162, 148
track:202, 851, 642, 162, 148
track:203, 850, 639, 162, 148
track:204, 851, 640, 162, 148
track:205, 852, 637, 162, 148
track:206, 852, 636, 162, 148
track:207, 850, 635, 162, 148
track:208, 850, 634, 162, 148
track:209, 848, 632, 162, 148
track:210, 845, 629, 162, 148
track:211, 844, 625, 162, 148
track:212, 845, 624, 162, 148
init :213, 849, 630, 152, 129
track:214, 850, 629, 152, 129
track:215, 850, 629, 152, 129
track:216, 854, 631, 145, 123
track:217, 854, 631, 145, 123
track:218, 854, 632, 145, 123
track:219, 854, 633, 145, 123
track:220, 854, 635, 145, 123
track:221, 853, 637, 145, 123
track:222, 853, 640, 145, 123
track:223, 853, 640, 145, 123
track:224, 852, 643, 145, 123
track:225, 853, 645, 145, 123
track:226, 853, 645, 145, 123
track:227, 854, 646, 145, 123
track:228, 854, 646, 145, 123
track:229, 853, 646, 145, 123
track:230, 856, 649, 138, 117
track:231, 856, 648, 138, 117
track:232, 854, 645, 138, 117
track:233, 854, 644, 138, 117
track:234, 853, 644, 138, 117
track:235, 853, 643, 138, 117
track:236, 854, 642, 138, 117
track:237, 859, 645, 131, 111
track:238, 859, 645, 131, 111
track:239, 861, 647, 131, 111
track:240, 862, 648, 131, 111
track:241, 862, 650, 131, 111
track:242, 865, 652, 125, 106
track:243, 866, 652, 125, 106
track:244, 865, 652, 125, 106
track:245, 866, 654, 125, 106
track:246, 865, 654, 125, 106
track:247, 866, 653, 125, 106
track:248, 866, 653, 125, 106
track:249, 865, 654, 125, 106
track:250, 866, 656, 125, 106
track:251, 867, 658, 125, 106
track:252, 867, 659, 125, 106
track:253, 868, 659, 125, 106
track:254, 868, 661, 125, 106
track:255, 869, 665, 125, 106
track:256, 869, 666, 125, 106
track:257, 870, 669, 125, 106
track:258, 870, 670, 125, 106
track:259, 871, 672, 125, 106
track:260, 871, 674, 125, 106
track:261, 871, 674, 125, 106
track:262, 870, 674, 125, 106
track:263, 871, 675, 125, 106
track:264, 870, 677, 125, 106
track:265, 870, 678, 125, 106
init :266, 867, 680, 124, 98
track:267, 868, 681, 124, 98
track:268, 868, 682, 124, 98
track:269, 868, 683, 124, 98
track:270, 868, 686, 124, 98
track:271, 866, 686, 130, 103
track:272, 867, 690, 130, 103
track:273, 867, 690, 130, 103
track:274, 867, 693, 130, 103
track:275, 868, 693, 130, 103
track:276, 870, 696, 130, 103
track:277, 871, 700, 130, 103
track:278, 871, 700, 130, 103
track:279, 872, 700, 130, 103
track:280, 874, 698, 130, 103
track:281, 871, 695, 137, 108
track:282, 869, 694, 144, 113
track:283, 869, 693, 144, 113
track:284, 871, 697, 144, 113
track:285, 869, 697, 151, 119
track:286, 871, 695, 151, 119
track:287, 873, 693, 151, 119
track:288, 873, 692, 151, 119
track:289, 869, 686, 158, 125
track:290, 866, 679, 166, 131
track:291, 866, 672, 166, 131
track:292, 868, 667, 166, 131
track:293, 864, 662, 174, 138
track:294, 860, 658, 183, 145
track:295, 863, 655, 183, 145
track:296, 860, 651, 192, 152
track:297, 855, 650, 202, 160
track:298, 854, 649, 202, 160
track:299, 853, 649, 202, 160
track:300, 851, 652, 202, 160
track:301, 845, 649, 212, 168
track:302, 844, 653, 212, 168
track:303, 843, 654, 212, 168
track:304, 842, 658, 212, 168
track:305, 835, 655, 223, 176
track:306, 833, 655, 223, 176
track:307, 828, 649, 234, 185
track:308, 827, 648, 234, 185
track:309, 821, 641, 246, 194
track:310, 821, 634, 246, 194
track:311, 820, 620, 246, 194
track:312, 820, 610, 246, 194
track:313, 821, 609, 246, 194
track:314, 827, 606, 234, 185
track:315, 832, 604, 223, 176
track:316, 831, 594, 223, 176
track:317, 834, 587, 223, 176
track:318, 834, 586, 223, 176
init :319, 835, 584, 226, 192
track:320, 840, 577, 226, 192
track:321, 842, 571, 226, 192
track:322, 843, 570, 226, 192
track:323, 844, 569, 226, 192
track:324, 843, 573, 226, 192
track:325, 842, 571, 226, 192
track:326, 840, 566, 226, 192
track:327, 845, 568, 215, 183
track:328, 844, 570, 215, 183
track:329, 842, 576, 215, 183
track:330, 839, 583, 215, 183
track:331, 839, 585, 215, 183
track:332, 836, 588, 215, 183
track:333, 836, 589, 215, 183
track:334, 839, 594, 205, 174
track:335, 840, 595, 205, 174
track:336, 839, 597, 205, 174
track:337, 839, 598, 205, 174
track:338, 839, 599, 205, 174
track:339, 841, 595, 205, 174
track:340, 842, 593, 205, 174
track:341, 842, 593, 205, 174
track:342, 847, 596, 195, 166
track:343, 846, 595, 195, 166
track:344, 847, 595, 195, 166
track:345, 852, 595, 186, 158
track:346, 856, 598, 177, 150
track:347, 854, 600, 177, 150
track:348, 857, 600, 177, 150
track:349, 856, 603, 177, 150
track:350, 856, 607, 177, 150
track:351, 862, 613, 169, 143
track:352, 862, 616, 169, 143
track:353, 863, 617, 169, 143
track:354, 866, 624, 161, 136
track:355, 866, 624, 161, 136
track:356, 865, 625, 161, 136
track:357, 864, 626, 161, 136
track:358, 864, 626, 161, 136
track:359, 865, 625, 161, 136
track:360, 866, 628, 153, 130
track:361, 866, 628, 153, 130
track:362, 865, 628, 153, 130
track:363, 865, 629, 153, 130
track:364, 864, 630, 153, 130
track:365, 868, 632, 146, 124
track:366, 867, 632, 146, 124
track:367, 865, 633, 146, 124
track:368, 865, 633, 146, 124
track:369, 868, 637, 139, 118
track:370, 868, 642, 139, 118
track:371, 863, 644, 146, 124
init :372, 876, 659, 120, 101
track:373, 876, 659, 120, 101
track:374, 877, 660, 120, 101
track:375, 875, 661, 120, 101
track:376, 873, 662, 120, 101
track:377, 871, 662, 120, 101
track:378, 871, 663, 120, 101
track:379, 870, 664, 120, 101
track:380, 871, 663, 120, 101
track:381, 870, 663, 120, 101
track:382, 868, 664, 120, 101
track:383, 868, 663, 120, 101
track:384, 866, 662, 120, 101
track:385, 866, 661, 120, 101
track:386, 866, 661, 120, 101
track:387, 865, 660, 120, 101
track:388, 865, 661, 120, 101
track:389, 865, 660, 120, 101
track:390, 865, 660, 120, 101
track:391, 865, 662, 120, 101
track:392, 868, 666, 114, 96
track:393, 868, 667, 114, 96
track:394, 868, 667, 114, 96
track:395, 868, 673, 114, 96
track:396, 872, 678, 109, 92
track:397, 874, 682, 109, 92
track:398, 874, 683, 109, 92
track:399, 876, 688, 109, 92
track:400, 877, 692, 109, 92
track:401, 878, 698, 109, 92
track:402, 879, 701, 109, 92
track:403, 879, 702, 109, 92
track:404, 880, 704, 109, 92
track:405, 881, 703, 109, 92
track:406, 882, 703, 109, 92
track:407, 881, 703, 109, 92
track:408, 882, 703, 109, 92
track:409, 883, 702, 109, 92
track:410, 882, 700, 109, 92
track:411, 883, 697, 109, 92
track:412, 884, 695, 109, 92
track:413, 885, 695, 109, 92
track:414, 884, 694, 109, 92
track:415, 886, 697, 104, 87
track:416, 886, 700, 104, 87
track:417, 887, 700, 104, 87
track:418, 887, 700, 104, 87
track:419, 887, 700, 104, 87
track:420, 885, 701, 104, 87
track:421, 885, 701, 104, 87
track:422, 884, 699, 104, 87
track:423, 884, 699, 104, 87
track:424, 884, 696, 104, 87
init :425, 876, 698, 106, 72
track:426, 875, 697, 106, 72
track:427, 875, 696, 106, 72
track:428, 874, 695, 106, 72
track:429, 874, 695, 106, 72
track:430, 873, 696, 106, 72
track:431, 874, 696, 106, 72
track:432, 873, 696, 106, 72
track:433, 870, 695, 111, 76
track:434, 869, 695, 111, 76
track:435, 868, 695, 111, 76
track:436, 867, 696, 111, 76
track:437, 867, 697, 111, 76
track:438, 867, 698, 111, 76
track:439, 868, 699, 111, 76
track:440, 869, 700, 111, 76
track:441, 869, 699, 111, 76
track:442, 869, 699, 111, 76
track:443, 869, 700, 111, 76
track:444, 869, 700, 111, 76
track:445, 869, 701, 111, 76
track:446, 870, 702, 111, 76
track:447, 869, 701, 111, 76
track:448, 869, 700, 111, 76
track:449, 870, 699, 111, 76
track:450, 869, 698, 111, 76
track:451, 869, 700, 111, 76
track:452, 871, 702, 111, 76
track:453, 871, 702, 111, 76
track:454, 870, 700, 117, 79
track:455, 872, 701, 117, 79
track:456, 872, 701, 117, 79
track:457, 872, 701, 117, 79
track:458, 872, 702, 117, 79
track:459, 871, 700, 117, 79
track:460, 870, 699, 117, 79
track:461, 872, 698, 117, 79
track:462, 871, 698, 117, 79
track:463, 872, 698, 117, 79
track:464, 868, 694, 123, 83
track:465, 868, 691, 123, 83
track:466, 868, 693, 123, 83
track:467, 868, 692, 123, 83
track:468, 868, 694, 123, 83
track:469, 867, 693, 123, 83
track:470, 866, 693, 129, 88
track:471, 868, 694, 129, 88
track:472, 867, 694, 129, 88
track:473, 867, 697, 129, 88
track:474, 868, 699, 129, 88
track:475, 870, 700, 129, 88
track:476, 871, 698, 129, 88
track:477, 872, 698, 129, 88
init :478, 872, 682, 138, 116
track:479, 874, 680, 138, 116
track:480, 876, 673, 138, 116
track:481, 877, 671, 138, 116
track:482, 877, 669, 138, 116
track:483, 881, 661, 138, 116
track:484, 882, 660, 138, 116
track:485, 880, 658, 145, 122
track:486, 880, 662, 145, 122
track:487, 881, 662, 145, 122
track:488, 880, 665, 145, 122
track:490, 877, 669, 145, 122
track:491, 874, 670, 145, 122
track:492, 874, 670, 145, 122
track:493, 868, 668, 152, 128
track:494, 867, 668, 152, 128
track:495, 863, 661, 152, 128
track:496, 862, 655, 152, 128
track:497, 861, 655, 152, 128
track:498, 860, 652, 152, 128
track:499, 859, 649, 152, 128
track:500, 858, 644, 152, 128
track:501, 855, 637, 160, 134
track:502, 854, 636, 160, 134
track:503, 855, 634, 160, 134
track:504, 854, 632, 160, 134
track:505, 852, 632, 160, 134
track:506, 852, 631, 160, 134
track:507, 852, 631, 160, 134
track:508, 852, 629, 160, 134
track:509, 852, 625, 160, 134
track:510, 852, 621, 160, 134
track:511, 851, 621, 160, 134
track:512, 851, 621, 160, 134
track:513, 850, 620, 160, 134
track:514, 854, 625, 152, 128
track:515, 855, 625, 152, 128
track:516, 855, 624, 152, 128
track:517, 854, 625, 152, 128
track:518, 854, 621, 152, 128
track:519, 854, 620, 152, 128
track:520, 859, 623, 145, 122
track:521, 859, 622, 145, 122
track:522, 859, 621, 145, 122
track:523, 858, 624, 145, 122
track:524, 863, 629, 138, 116
track:525, 865, 630, 138, 116
track:526, 865, 631, 138, 116
track:527, 869, 633, 131, 110
track:528, 868, 633, 131, 110
track:529, 869, 632, 131, 110
track:530, 871, 630, 131, 110
init :531, 872, 636, 133, 98
track:532, 872, 636, 133, 98
track:533, 873, 638, 133, 98
track:534, 873, 638, 133, 98
track:535, 873, 640, 133, 98
track:536, 873, 642, 133, 98
track:537, 873, 642, 133, 98
track:538, 873, 644, 133, 98
track:539, 873, 647, 133, 98
track:540, 874, 647, 133, 98
track:543, 871, 647, 133, 98
track:544, 874, 649, 127, 93
track:546, 871, 654, 127, 93
track:547, 871, 655, 127, 93
track:548, 871, 657, 127, 93
track:549, 873, 661, 121, 89
track:550, 872, 663, 121, 89
track:551, 870, 664, 121, 89
track:552, 873, 666, 115, 85
track:553, 873, 666, 115, 85
track:554, 874, 668, 109, 81
track:555, 875, 667, 109, 81
track:556, 874, 668, 109, 81
track:557, 874, 668, 109, 81
track:558, 873, 673, 109, 81
track:559, 874, 677, 109, 81
track:560, 872, 679, 109, 81
track:561, 873, 683, 109, 81
track:562, 873, 683, 109, 81
track:563, 873, 685, 109, 81
track:564, 873, 686, 109, 81
track:565, 875, 689, 104, 77
track:566, 875, 691, 104, 77
track:567, 875, 691, 104, 77
track:568, 876, 693, 104, 77
track:569, 876, 695, 104, 77
track:570, 875, 698, 104, 77
track:571, 878, 701, 99, 73
track:572, 878, 702, 99, 73
track:573, 879, 706, 99, 73
track:574, 881, 707, 99, 73
track:575, 882, 706, 99, 73
track:576, 878, 702, 104, 77
track:577, 878, 702, 104, 77
track:578, 875, 699, 109, 81
track:579, 876, 697, 109, 81
track:580, 877, 697, 109, 81
track:581, 877, 697, 109, 81
track:582, 878, 697, 109, 81
track:583, 877, 699, 109, 81
init :584, 872, 698, 106, 85
track:585, 872, 698, 106, 85
track:586, 872, 699, 106, 85
track:587, 872, 699, 106, 85
track:588, 872, 700, 106, 85
track:589, 872, 698, 106, 85
track:590, 872, 698, 106, 85
track:591, 870, 699, 106, 85
track:592, 870, 699, 106, 85
track:593, 869, 698, 106, 85
track:594, 869, 696, 106, 85
track:595, 869, 687, 106, 85
track:596, 868, 685, 106, 85
track:597, 868, 685, 106, 85
track:598, 868, 681, 106, 85
track:599, 866, 673, 106, 85
track:600, 864, 669, 111, 89
track:601, 865, 668, 111, 89
track:602, 865, 668, 111, 89
track:603, 865, 667, 111, 89
track:604, 862, 662, 117, 94
track:605, 861, 657, 117, 94
track:606, 862, 657, 117, 94
track:607, 861, 657, 117, 94
track:608, 862, 656, 117, 94
track:609, 863, 656, 117, 94
track:610, 862, 657, 117, 94
track:611, 863, 662, 117, 94
track:612, 863, 662, 117, 94
track:613, 862, 664, 117, 94
track:614, 863, 666, 117, 94
track:615, 859, 668, 123, 98
track:616, 859, 670, 123, 98
track:617, 859, 670, 123, 98
track:618, 859, 669, 123, 98
track:619, 859, 668, 123, 98
track:620, 857, 666, 129, 103
track:621, 858, 665, 129, 103
track:622, 857, 664, 129, 103
track:623, 857, 663, 129, 103
track:624, 855, 663, 129, 103
track:625, 856, 662, 129, 103
track:626, 858, 664, 129, 103
track:627, 858, 664, 129, 103
track:628, 858, 665, 129, 103
track:629, 858, 664, 129, 103
track:630, 854, 659, 135, 108
track:631, 854, 659, 135, 108
track:632, 854, 659, 135, 108
track:633, 856, 661, 135, 108
track:634, 856, 664, 135, 108
track:635, 853, 664, 142, 114
track:636, 854, 665, 142, 114
init :637, 858, 667, 147, 116
track:638, 859, 667, 147, 116
track:639, 861, 668, 147, 116
track:640, 860, 669, 147, 116
track:641, 860, 667, 147, 116
track:642, 861, 666, 147, 116
track:643, 861, 665, 147, 116
track:644, 861, 664, 147, 116
track:645, 861, 654, 147, 116
track:646, 860, 653, 147, 116
track:647, 861, 653, 147, 116
track:648, 861, 651, 147, 116
track:649, 861, 651, 147, 116
track:650, 864, 652, 147, 116
track:651, 866, 652, 147, 116
track:652, 865, 651, 147, 116
track:653, 867, 652, 147, 116
track:654, 867, 653, 147, 116
track:655, 867, 657, 147, 116
track:656, 868, 659, 147, 116
track:657, 869, 659, 147, 116
track:658, 871, 662, 147, 116
track:659, 871, 661, 147, 116
track:660, 872, 659, 147, 116
track:661, 872, 660, 147, 116
track:662, 871, 660, 147, 116
track:663, 873, 659, 147, 116
track:664, 875, 658, 147, 116
track:665, 876, 657, 147, 116
track:666, 876, 656, 147, 116
track:667, 876, 655, 147, 116
track:668, 876, 653, 147, 116
track:669, 876, 652, 147, 116
track:670, 877, 651, 147, 116
track:671, 874, 651, 147, 116
track:672, 874, 651, 147, 116
track:673, 873, 651, 147, 116
track:674, 870, 650, 147, 116
track:675, 871, 650, 147, 116
track:676, 870, 650, 147, 116
track:677, 870, 650, 147, 116
track:678, 868, 653, 147, 116
track:679, 867, 661, 147, 116
track:680, 868, 670, 147, 116
track:681, 868, 671, 147, 116
track:682, 868, 671, 147, 116
track:683, 866, 669, 147, 116
track:684, 865, 670, 147, 116
track:685, 864, 672, 147, 116
track:686, 865, 675, 147, 116
track:687, 865, 675, 147, 116
track:688, 860, 672, 154, 122
track:689, 859, 670, 154, 122
init :690, 858, 669, 152, 116
track:691, 858, 668, 152, 116
track:692, 858, 668, 152, 116
track:693, 858, 667, 152, 116
track:694, 858, 667, 152, 116
track:695, 859, 666, 152, 116
track:696, 857, 664, 152, 116
track:697, 857, 664, 152, 116
track:698, 855, 664, 152, 116
track:699, 854, 664, 152, 116
track:700, 853, 665, 152, 116
track:701, 853, 667, 152, 116
track:702, 853, 667, 152, 116
track:703, 853, 670, 152, 116
track:704, 852, 674, 152, 116
track:705, 854, 681, 145, 110
track:706, 854, 682, 145, 110
track:707, 853, 683, 145, 110
track:708, 853, 685, 145, 110
track:709, 853, 685, 145, 110
track:710, 852, 683, 145, 110
track:711, 852, 683, 145, 110
track:712, 851, 680, 145, 110
track:713, 851, 678, 145, 110
track:714, 851, 679, 145, 110
track:715, 850, 681, 145, 110
track:716, 851, 681, 145, 110
track:717, 850, 682, 145, 110
track:718, 851, 683, 145, 110
track:719, 849, 681, 152, 116
track:720, 849, 681, 152, 116
track:721, 849, 681, 152, 116
track:722, 849, 681, 152, 116
track:723, 850, 681, 152, 116
track:724, 850, 677, 152, 116
track:725, 847, 671, 160, 122
track:726, 848, 670, 160, 122
track:727, 848, 669, 160, 122
track:728, 848, 666, 160, 122
track:729, 849, 661, 160, 122
track:730, 849, 660, 160, 122
track:731, 850, 658, 160, 122
track:732, 850, 658, 160, 122
track:733, 849, 656, 160, 122
track:734, 850, 652, 160, 122
track:735, 847, 645, 168, 128
track:736, 848, 645, 168, 128
track:737, 847, 642, 168, 128
track:738, 846, 641, 168, 128
track:739, 845, 641, 168, 128
track:740, 847, 643, 168, 128
track:741, 847, 643, 168, 128
track:742, 847, 644, 168, 128
init :743, 853, 636, 161, 150
track:744, 852, 636, 161, 150
track:745, 854, 635, 161, 150
track:746, 854, 635, 161, 150
track:747, 855, 633, 161, 150
track:748, 855, 625, 161, 150
track:749, 853, 620, 161, 150
track:750, 852, 620, 161, 150
track:751, 852, 620, 161, 150
track:752, 852, 621, 161, 150
track:753, 853, 622, 161, 150
track:754, 855, 621, 161, 150
track:755, 857, 622, 161, 150
track:756, 858, 621, 161, 150
track:757, 858, 620, 161, 150
track:758, 858, 619, 161, 150
track:759, 857, 620, 161, 150
track:760, 861, 627, 153, 143
track:761, 860, 627, 153, 143
track:762, 864, 629, 153, 143
track:763, 865, 627, 153, 143
track:764, 866, 628, 153, 143
track:765, 864, 629, 153, 143
track:766, 864, 629, 153, 143
track:767, 863, 629, 153, 143
track:768, 867, 633, 146, 136
track:769, 867, 635, 146, 136
track:770, 870, 645, 146, 136
track:771, 871, 645, 146, 136
track:772, 871, 644, 146, 136
track:773, 872, 643, 146, 136
track:774, 873, 642, 146, 136
track:775, 873, 642, 146, 136
track:776, 874, 642, 146, 136
track:777, 873, 641, 146, 136
track:778, 875, 640, 146, 136
track:779, 876, 641, 146, 136
track:780, 876, 640, 146, 136
track:781, 876, 640, 146, 136
track:782, 876, 641, 146, 136
track:783, 877, 641, 146, 136
track:784, 880, 643, 139, 130
track:785, 879, 642, 139, 130
track:786, 879, 642, 139, 130
track:787, 879, 643, 139, 130
track:788, 881, 646, 132, 123
track:789, 883, 650, 126, 118
track:790, 883, 650, 126, 118
track:791, 883, 649, 126, 118
track:792, 883, 648, 126, 118
track:793, 882, 649, 126, 118
track:794, 883, 650, 126, 118
track:795, 883, 655, 126, 118
init :796, 876, 659, 133, 106
track:797, 876, 659, 133, 106
track:798, 876, 659, 133, 106
track:799, 876, 659, 133, 106
track:800, 875, 660, 133, 106
track:801, 875, 661, 133, 106
track:802, 874, 661, 133, 106
track:803, 875, 661, 133, 106
track:804, 871, 660, 140, 111
track:805, 873, 663, 133, 106
track:806, 874, 663, 133, 106
track:807, 873, 662, 133, 106
track:808, 873, 663, 133, 106
track:809, 872, 665, 133, 106
track:810, 873, 667, 133, 106
track:811, 873, 668, 133, 106
track:812, 873, 669, 133, 106
track:813, 871, 669, 133, 106
track:814, 868, 669, 133, 106
track:815, 868, 669, 133, 106
track:816, 864, 667, 140, 111
track:817, 864, 669, 140, 111
track:818, 863, 676, 140, 111
track:819, 863, 678, 140, 111
track:820, 860, 689, 140, 111
track:821, 857, 686, 147, 117
track:822, 857, 687, 147, 117
track:823, 858, 686, 147, 117
track:824, 858, 685, 147, 117
track:825, 856, 684, 147, 117
track:826, 851, 683, 154, 123
track:827, 851, 688, 154, 123
track:828, 850, 692, 154, 123
track:829, 852, 694, 154, 123
track:830, 854, 695, 154, 123
track:831, 854, 696, 154, 123
track:832, 855, 696, 154, 123
track:833, 858, 695, 154, 123
track:834, 858, 689, 154, 123
track:835, 854, 678, 162, 129
track:836, 854, 677, 162, 129
track:837, 854, 671, 162, 129
track:838, 852, 671, 162, 129
track:839, 851, 666, 162, 129
track:840, 846, 658, 170, 135
track:841, 844, 657, 170, 135
track:842, 841, 656, 170, 135
track:843, 839, 652, 170, 135
track:844, 833, 646, 178, 142
track:845, 827, 633, 178, 142
track:846, 827, 632, 178, 142
track:847, 826, 626, 178, 142
track:848, 826, 620, 178, 142
init :849, 821, 604, 193, 176
track:850, 821, 603, 193, 176
track:851, 821, 603, 193, 176
track:852, 825, 600, 193, 176
track:853, 829, 597, 193, 176
track:854, 831, 598, 193, 176
track:855, 831, 602, 193, 176
track:856, 831, 602, 193, 176
track:857, 830, 604, 193, 176
track:858, 835, 605, 184, 168
track:859, 836, 601, 184, 168
track:860, 836, 599, 184, 168
track:861, 836, 598, 184, 168
track:862, 836, 600, 184, 168
track:863, 837, 605, 184, 168
track:864, 839, 609, 184, 168
track:865, 839, 616, 184, 168
track:866, 839, 617, 184, 168
track:867, 843, 625, 175, 160
track:868, 842, 627, 175, 160
track:869, 844, 628, 175, 160
track:870, 848, 635, 167, 152
track:871, 848, 635, 167, 152
track:872, 849, 636, 167, 152
track:873, 850, 636, 167, 152
track:874, 849, 637, 167, 152
track:875, 851, 638, 167, 152
track:876, 855, 642, 159, 145
track:877, 855, 642, 159, 145
track:878, 856, 643, 159, 145
track:879, 859, 642, 159, 145
track:880, 858, 641, 159, 145
track:881, 858, 642, 159, 145
track:882, 858, 642, 159, 145
track:883, 859, 640, 159, 145
track:884, 862, 638, 159, 145
track:885, 867, 643, 151, 138
track:886, 871, 645, 144, 131
track:887, 873, 647, 144, 131
track:888, 873, 646, 144, 131
track:889, 874, 646, 144, 131
track:890, 876, 644, 144, 131
track:891, 876, 644, 144, 131
track:892, 878, 643, 144, 131
track:893, 879, 642, 144, 131
track:894, 883, 645, 137, 125
track:895, 884, 644, 137, 125
track:896, 884, 644, 137, 125
track:897, 884, 644, 137, 125
track:898, 882, 644, 137, 125
track:899, 880, 642, 137, 125
track:900, 882, 647, 131, 119
track:901, 885, 650, 124, 113
init :902, 886, 654, 120, 93
track:903, 885, 654, 120, 93
track:904, 886, 654, 120, 93
track:905, 889, 657, 114, 89
track:906, 889, 656, 114, 89
track:907, 868, 638, 114, 89
track:908, 863, 640, 114, 89
track:909, 865, 651, 109, 84
track:910, 857, 651, 114, 89
track:911, 859, 652, 114, 89
track:912, 862, 658, 114, 89
track:913, 864, 664, 109, 84
track:914, 868, 668, 104, 80
track:915, 871, 676, 99, 77
track:916, 872, 675, 99, 77
track:917, 871, 677, 99, 77
track:918, 871, 675, 104, 80
track:919, 872, 677, 104, 80
track:920, 866, 677, 104, 80
track:921, 866, 677, 104, 80
track:922, 865, 678, 104, 80
track:923, 858, 676, 104, 80
track:924, 851, 674, 104, 80
track:925, 845, 675, 104, 80
track:926, 844, 675, 104, 80
track:927, 841, 675, 104, 80
track:928, 832, 674, 104, 80
track:929, 826, 674, 104, 80
track:930, 822, 673, 104, 80
track:931, 824, 673, 104, 80
track:932, 819, 672, 104, 80
track:933, 818, 668, 104, 80
track:934, 817, 665, 104, 80
track:935, 818, 665, 99, 77
track:936, 819, 664, 99, 77
track:937, 818, 662, 99, 77
track:938, 817, 658, 104, 80
track:939, 817, 656, 104, 80
track:940, 817, 654, 104, 80
track:941, 816, 654, 104, 80
track:942, 816, 653, 104, 80
track:943, 815, 652, 104, 80
track:944, 814, 650, 104, 80
track:945, 812, 650, 104, 80
track:946, 811, 650, 104, 80
track:947, 805, 650, 104, 80
track:948, 802, 651, 104, 80
track:949, 799, 654, 99, 77
track:950, 795, 656, 99, 77
track:951, 795, 656, 99, 77
track:952, 792, 657, 99, 77
track:953, 789, 658, 99, 77
track:954, 787, 660, 99, 77
init :955, 747, 576, 369, 241
track:956, 747, 576, 369, 241
track:957, 745, 577, 369, 241
track:958, 748, 578, 369, 241
track:959, 747, 579, 369, 241
track:960, 747, 580, 369, 241
track:961, 746, 581, 369, 241
track:962, 744, 583, 369, 241
track:963, 744, 584, 369, 241
track:964, 742, 584, 369, 241
track:965, 743, 585, 369, 241
track:966, 740, 584, 369, 241
track:967, 737, 585, 369, 241
track:968, 731, 586, 369, 241
track:969, 719, 579, 387, 253
track:970, 719, 580, 387, 253
track:971, 716, 579, 387, 253
track:972, 710, 581, 387, 253
track:973, 706, 580, 387, 253
track:974, 702, 581, 387, 253
track:975, 701, 581, 387, 253
track:976, 699, 582, 387, 253
track:977, 695, 582, 387, 253
track:978, 693, 583, 387, 253
track:979, 689, 583, 387, 253
track:980, 690, 584, 387, 253
track:981, 691, 583, 387, 253
track:982, 700, 591, 369, 241
track:983, 704, 597, 351, 230
track:984, 701, 598, 351, 230
track:985, 702, 598, 351, 230
track:986, 702, 598, 351, 230
track:987, 704, 599, 351, 230
track:988, 703, 599, 351, 230
track:989, 709, 605, 335, 219
track:990, 709, 604, 335, 219
track:991, 705, 605, 335, 219
track:992, 707, 606, 335, 219
track:993, 710, 604, 335, 219
track:994, 713, 609, 319, 208
track:995, 714, 609, 319, 208
track:996, 715, 606, 319, 208
track:997, 716, 605, 319, 208
track:998, 725, 608, 304, 198
track:999, 730, 603, 304, 198
track:1000, 731, 602, 304, 198
track:1001, 738, 604, 289, 189
track:1002, 743, 604, 289, 189
track:1003, 741, 594, 304, 198
track:1004, 752, 595, 289, 189
track:1005, 753, 593, 289, 189
track:1006, 756, 593, 289, 189
track:1007, 759, 591, 289, 189
init :1008, 761, 573, 493, 205
track:1009, 762, 571, 493, 205
track:1010, 760, 571, 493, 205
track:1011, 767, 575, 470, 195
track:1012, 765, 575, 470, 195
track:1013, 761, 574, 470, 195
track:1014, 754, 573, 470, 195
track:1015, 752, 573, 470, 195
track:1016, 751, 571, 470, 195
track:1017, 749, 572, 470, 195
track:1018, 746, 572, 470, 195
track:1019, 745, 572, 470, 195
track:1020, 740, 573, 470, 195
track:1021, 740, 572, 470, 195
track:1022, 747, 576, 447, 186
track:1023, 736, 571, 470, 195
track:1024, 735, 571, 470, 195
track:1025, 733, 571, 470, 195
track:1026, 731, 571, 470, 195
track:1027, 729, 572, 470, 195
track:1028, 729, 572, 470, 195
track:1029, 733, 576, 447, 186
track:1030, 740, 580, 426, 177
track:1031, 737, 581, 426, 177
track:1032, 741, 585, 406, 169
track:1033, 727, 583, 426, 177
track:1034, 724, 584, 426, 177
track:1035, 723, 586, 426, 177
track:1036, 720, 588, 426, 177
track:1037, 716, 589, 426, 177
track:1038, 719, 592, 426, 177
track:1039, 719, 594, 426, 177
track:1040, 725, 600, 406, 169
track:1041, 727, 601, 406, 169
track:1042, 724, 603, 406, 169
track:1043, 723, 603, 406, 169
track:1044, 725, 605, 406, 169
track:1045, 724, 607, 406, 169
track:1046, 727, 607, 406, 169
track:1047, 730, 610, 406, 169
track:1048, 731, 612, 406, 169
track:1049, 728, 607, 426, 177
track:1050, 727, 606, 426, 177
track:1051, 732, 603, 426, 177
track:1052, 726, 598, 447, 186
track:1053, 733, 598, 447, 186
track:1054, 753, 601, 426, 177
track:1055, 754, 601, 426, 177
track:1056, 758, 602, 426, 177
track:1057, 762, 604, 426, 177
track:1058, 766, 604, 426, 177
track:1059, 766, 604, 426, 177
track:1060, 765, 605, 426, 177
init :1061, 798, 617, 438, 135
track:1062, 796, 618, 438, 135
track:1063, 797, 617, 438, 135
track:1064, 784, 615, 460, 142
track:1065, 782, 615, 460, 142
track:1066, 766, 610, 483, 149
track:1067, 759, 609, 483, 149
track:1068, 759, 612, 460, 142
track:1069, 740, 610, 483, 149
track:1070, 734, 610, 483, 149
track:1071, 731, 612, 483, 149
track:1072, 714, 613, 483, 149
track:1073, 704, 612, 483, 149
track:1074, 686, 612, 483, 149
track:1075, 696, 616, 460, 142
track:1076, 685, 615, 460, 142
track:1077, 691, 618, 438, 135
track:1078, 676, 617, 438, 135
track:1079, 656, 614, 460, 142
track:1080, 664, 619, 438, 135
track:1081, 658, 618, 438, 135
track:1082, 643, 615, 460, 142
track:1083, 649, 619, 438, 135
track:1084, 644, 620, 438, 135
track:1085, 644, 620, 438, 135
track:1086, 653, 623, 417, 129
track:1087, 646, 619, 438, 135
track:1088, 647, 618, 438, 135
track:1089, 644, 620, 438, 135
track:1090, 640, 619, 438, 135
track:1091, 644, 620, 438, 135
track:1092, 643, 621, 438, 135
track:1093, 652, 626, 417, 129
track:1094, 662, 627, 397, 122
track:1095, 655, 627, 397, 122
track:1096, 656, 628, 397, 122
track:1097, 661, 627, 397, 122
track:1098, 663, 626, 397, 122
track:1099, 663, 626, 397, 122
track:1100, 663, 625, 397, 122
track:1101, 662, 627, 397, 122
track:1102, 661, 626, 397, 122
track:1103, 662, 626, 397, 122
track:1104, 670, 628, 378, 117
track:1105, 673, 629, 378, 117
track:1106, 672, 628, 378, 117
track:1107, 670, 630, 378, 117
track:1108, 668, 629, 378, 117
track:1109, 674, 632, 360, 111
track:1110, 661, 629, 378, 117
track:1111, 660, 631, 378, 117
track:1112, 663, 635, 360, 111
track:1113, 660, 635, 360, 111
init :1114, 696, 633, 433, 173
track:1115, 696, 633, 433, 173
track:1116, 691, 633, 433, 173
track:1117, 696, 636, 412, 165
track:1118, 695, 634, 412, 165
track:1119, 702, 639, 393, 157
track:1120, 701, 639, 393, 157
track:1121, 701, 640, 393, 157
track:1122, 693, 641, 393, 157
track:1123, 693, 639, 393, 157
track:1124, 698, 644, 374, 149
track:1125, 697, 643, 374, 149
track:1126, 698, 645, 374, 149
track:1127, 700, 645, 374, 149
track:1128, 692, 638, 393, 157
track:1129, 719, 639, 393, 157
track:1130, 705, 640, 393, 157
track:1131, 704, 641, 393, 157
track:1132, 705, 643, 393, 157
track:1133, 705, 644, 393, 157
track:1134, 713, 646, 374, 149
track:1135, 688, 641, 374, 149
track:1136, 775, 652, 356, 142
track:1137, 809, 657, 356, 142
track:1138, 828, 657, 374, 149
track:1139, 828, 663, 374, 149
track:1140, 831, 670, 356, 142
track:1141, 831, 666, 374, 149
track:1142, 831, 680, 374, 149
track:1143, 829, 682, 374, 149
track:1144, 821, 680, 374, 149
track:1145, 821, 678, 374, 149
track:1146, 814, 675, 374, 149
track:1147, 809, 678, 374, 149
track:1148, 792, 681, 393, 157
track:1149, 788, 679, 393, 157
track:1150, 785, 682, 393, 157
track:1151, 773, 676, 412, 165
track:1152, 776, 683, 393, 157
track:1153, 761, 680, 412, 165
track:1154, 770, 679, 393, 157
track:1155, 781, 680, 374, 149
track:1156, 785, 674, 374, 149
track:1157, 784, 675, 374, 149
track:1158, 801, 679, 356, 142
track:1159, 798, 677, 356, 142
track:1160, 799, 677, 356, 142
track:1161, 801, 676, 356, 142
track:1162, 803, 676, 356, 142
track:1163, 797, 673, 374, 149
track:1164, 796, 671, 393, 157
track:1165, 786, 669, 412, 165
track:1166, 778, 665, 433, 173
init :1167, 775, 641, 318, 168
track:1168, 775, 641, 318, 168
track:1169, 776, 643, 318, 168
track:1170, 772, 642, 318, 168
track:1171, 777, 645, 303, 160
track:1172, 767, 639, 318, 168
track:1173, 762, 639, 318, 168
track:1174, 762, 638, 318, 168
track:1175, 760, 637, 318, 168
track:1176, 761, 637, 318, 168
track:1177, 765, 636, 318, 168
track:1178, 765, 635, 318, 168
track:1179, 764, 633, 318, 168
track:1180, 766, 632, 318, 168
track:1181, 765, 631, 318, 168
track:1182, 771, 631, 318, 168
track:1183, 774, 630, 318, 168
track:1184, 761, 626, 318, 168
track:1185, 771, 630, 303, 160
track:1186, 780, 622, 318, 168
track:1187, 777, 617, 334, 176
track:1188, 802, 624, 334, 176
track:1189, 802, 622, 334, 176
track:1190, 801, 624, 334, 176
track:1191, 811, 626, 318, 168
track:1192, 818, 624, 318, 168
track:1193, 807, 618, 334, 176
track:1194, 813, 619, 334, 176
track:1195, 810, 621, 334, 176
track:1196, 822, 617, 334, 176
track:1197, 807, 613, 351, 185
track:1198, 810, 613, 334, 176
track:1199, 809, 617, 334, 176
track:1200, 817, 615, 334, 176
track:1201, 819, 617, 318, 168
track:1202, 821, 622, 318, 168
track:1203, 826, 622, 318, 168
track:1204, 833, 626, 303, 160
track:1205, 833, 626, 303, 160
track:1206, 838, 625, 303, 160
track:1207, 848, 632, 288, 152
track:1208, 850, 627, 288, 152
track:1209, 855, 630, 275, 145
track:1210, 863, 625, 275, 145
track:1211, 876, 632, 262, 138
track:1212, 877, 632, 262, 138
track:1213, 881, 634, 262, 138
track:1214, 882, 637, 262, 138
track:1215, 885, 638, 262, 138
track:1216, 883, 638, 262, 138
track:1217, 882, 634, 275, 145
track:1218, 884, 636, 275, 145
track:1219, 882, 636, 275, 145
init :1220, 881, 649, 318, 101
track:1221, 881, 650, 318, 101
track:1222, 880, 652, 318, 101
track:1223, 878, 652, 318, 101
track:1224, 878, 653, 318, 101
track:1225, 887, 656, 303, 96
track:1226, 887, 657, 303, 96
track:1227, 892, 660, 288, 92
track:1228, 897, 663, 275, 87
track:1229, 896, 663, 275, 87
track:1230, 895, 663, 275, 87
track:1231, 895, 663, 275, 87
track:1232, 895, 663, 275, 87
track:1233, 895, 664, 275, 87
track:1234, 895, 665, 275, 87
track:1235, 897, 667, 262, 83
track:1236, 893, 668, 262, 83
track:1237, 896, 670, 249, 79
track:1238, 897, 671, 249, 79
track:1239, 892, 670, 249, 79
track:1240, 901, 672, 237, 75
track:1241, 907, 673, 226, 72
track:1242, 899, 673, 237, 75
track:1243, 898, 673, 237, 75
track:1244, 886, 673, 249, 79
track:1245, 885, 676, 249, 79
track:1246, 863, 674, 262, 83
track:1247, 852, 673, 262, 83
track:1248, 866, 674, 249, 79
track:1249, 856, 674, 249, 79
track:1250, 857, 673, 249, 79
track:1251, 849, 672, 262, 83
track:1252, 934, 669, 262, 83
track:1253, 924, 666, 262, 83
track:1254, 924, 667, 262, 83
track:1255, 918, 664, 262, 83
track:1256, 926, 665, 249, 79
track:1257, 927, 665, 249, 79
track:1258, 914, 665, 249, 79
track:1259, 915, 666, 249, 79
track:1260, 916, 668, 237, 75
track:1261, 902, 669, 226, 72
track:1262, 906, 671, 226, 72
track:1263, 908, 673, 226, 72
track:1264, 907, 672, 226, 72
track:1265, 912, 673, 215, 68
track:1266, 915, 673, 215, 68
track:1267, 917, 672, 215, 68
track:1268, 915, 672, 215, 68
track:1269, 912, 671, 215, 68
track:1270, 911, 671, 215, 68
track:1271, 909, 670, 215, 68
track:1272, 904, 670, 215, 68
init :1273, 932, 656, 115, 77
track:1274, 932, 656, 115, 77
track:1275, 927, 655, 115, 77
track:1276, 924, 655, 115, 77
track:1277, 917, 657, 115, 77
track:1278, 910, 658, 115, 77
track:1279, 911, 658, 115, 77
track:1280, 902, 659, 115, 77
track:1281, 895, 659, 115, 77
track:1282, 887, 660, 115, 77
track:1283, 884, 660, 115, 77
track:1284, 884, 660, 115, 77
track:1285, 877, 662, 110, 73
track:1286, 872, 661, 110, 73
track:1287, 870, 660, 110, 73
track:1288, 871, 662, 104, 70
track:1289, 871, 662, 104, 70
track:1290, 870, 662, 104, 70
track:1291, 867, 661, 104, 70
track:1292, 865, 661, 104, 70
track:1293, 863, 662, 104, 70
track:1294, 863, 662, 104, 70
track:1295, 863, 664, 99, 67
track:1296, 862, 662, 99, 67
track:1297, 862, 662, 99, 67
track:1298, 862, 663, 99, 67
track:1299, 862, 663, 99, 67
track:1300, 861, 663, 99, 67
track:1301, 860, 665, 95, 63
track:1302, 859, 666, 95, 63
track:1303, 861, 667, 90, 60
track:1304, 861, 668, 90, 60
track:1305, 861, 667, 90, 60
track:1306, 862, 667, 90, 60
track:1307, 865, 669, 86, 57
track:1308, 864, 669, 86, 57
track:1309, 864, 670, 86, 57
track:1310, 865, 670, 86, 57
track:1311, 868, 672, 82, 55
track:1312, 868, 672, 82, 55
track:1313, 867, 672, 82, 55
track:1314, 866, 673, 82, 55
track:1315, 864, 672, 86, 57
track:1316, 863, 672, 86, 57
track:1317, 860, 672, 86, 57
track:1318, 859, 672, 86, 57
track:1319, 859, 672, 86, 57
track:1320, 858, 673, 86, 57
track:1321, 857, 673, 86, 57
track:1322, 859, 676, 82, 55
track:1323, 862, 677, 78, 52
track:1324, 862, 678, 78, 52
track:1325, 862, 679, 78, 52
init :1326, 867, 675, 170, 57
track:1327, 868, 675, 170, 57
track:1328, 869, 676, 170, 57
track:1329, 870, 676, 170, 57
track:1330, 869, 676, 170, 57
track:1331, 869, 676, 170, 57
track:1332, 866, 677, 170, 57
track:1333, 861, 677, 170, 57
track:1334, 860, 677, 170, 57
track:1335, 857, 677, 170, 57
track:1336, 853, 677, 170, 57
track:1337, 845, 676, 178, 60
track:1338, 841, 676, 178, 60
track:1339, 841, 676, 178, 60
track:1340, 841, 677, 178, 60
track:1341, 843, 678, 170, 57
track:1342, 842, 678, 170, 57
track:1343, 843, 679, 170, 57
track:1344, 843, 678, 170, 57
track:1345, 843, 679, 170, 57
track:1346, 843, 679, 170, 57
track:1347, 844, 679, 170, 57
track:1348, 839, 679, 178, 60
track:1349, 843, 680, 170, 57
track:1350, 843, 681, 170, 57
track:1351, 841, 680, 170, 57
track:1352, 840, 681, 170, 57
track:1353, 836, 680, 178, 60
track:1354, 836, 680, 178, 60
track:1355, 835, 680, 178, 60
track:1356, 841, 681, 170, 57
track:1357, 835, 681, 178, 60
track:1358, 840, 683, 170, 57
track:1359, 840, 683, 170, 57
track:1360, 839, 682, 170, 57
track:1361, 838, 683, 170, 57
track:1362, 835, 682, 178, 60
track:1363, 836, 683, 178, 60
track:1364, 832, 683, 187, 63
track:1365, 831, 683, 187, 63
track:1366, 834, 684, 178, 60
track:1367, 836, 684, 178, 60
track:1368, 835, 685, 178, 60
track:1369, 835, 685, 178, 60
track:1370, 835, 686, 178, 60
track:1371, 833, 687, 178, 60
track:1372, 832, 688, 178, 60
track:1373, 825, 688, 187, 63
track:1374, 823, 689, 187, 63
track:1375, 819, 689, 187, 63
track:1376, 823, 690, 178, 60
track:1377, 820, 690, 178, 60
track:1378, 817, 691, 178, 60
init :1379, 830, 693, 189, 62
track:1380, 825, 693, 189, 62
track:1381, 817, 692, 198, 65
track:1382, 815, 694, 198, 65
track:1383, 808, 693, 208, 68
track:1384, 811, 695, 198, 65
track:1385, 810, 696, 198, 65
track:1386, 811, 698, 198, 65
track:1387, 817, 700, 189, 62
track:1388, 819, 701, 189, 62
track:1389, 820, 701, 189, 62
track:1390, 819, 700, 198, 65
track:1391, 821, 702, 198, 65
track:1392, 825, 703, 198, 65
track:1393, 830, 704, 198, 65
track:1394, 833, 705, 198, 65
track:1395, 829, 705, 208, 68
track:1396, 835, 707, 198, 65
track:1397, 836, 707, 198, 65
track:1398, 836, 708, 198, 65
track:1399, 836, 709, 198, 65
track:1400, 832, 710, 198, 65
track:1401, 826, 711, 198, 65
track:1402, 816, 709, 208, 68
track:1403, 812, 710, 208, 68
track:1404, 811, 711, 208, 68
track:1405, 809, 711, 208, 68
track:1406, 806, 712, 208, 68
track:1407, 797, 711, 219, 72
track:1408, 794, 711, 219, 72
track:1409, 786, 710, 230, 75
track:1410, 785, 710, 230, 75
track:1411, 791, 712, 219, 72
track:1412, 791, 712, 219, 72
track:1413, 793, 713, 219, 72
track:1414, 793, 714, 219, 72
track:1415, 794, 715, 219, 72
track:1416, 795, 715, 219, 72
track:1417, 796, 716, 219, 72
track:1418, 794, 717, 219, 72
track:1419, 793, 717, 219, 72
track:1420, 790, 718, 219, 72
track:1421, 788, 719, 219, 72
track:1422, 788, 719, 219, 72
track:1423, 788, 719, 219, 72
track:1424, 788, 719, 219, 72
track:1425, 783, 717, 230, 75
track:1426, 781, 718, 230, 75
track:1427, 783, 718, 230, 75
track:1428, 784, 718, 230, 75
track:1429, 781, 719, 230, 75
track:1430, 780, 719, 230, 75
track:1431, 780, 721, 219, 72
init :1432, 789, 721, 253, 98
track:1433, 787, 721, 253, 98
track:1434, 786, 721, 253, 98
track:1435, 782, 721, 253, 98
track:1436, 780, 721, 253, 98
track:1437, 774, 719, 266, 103
track:1438, 781, 724, 253, 98
track:1439, 782, 724, 253, 98
track:1440, 780, 726, 253, 98
track:1441, 772, 726, 266, 103
track:1442, 768, 726, 266, 103
track:1443, 765, 727, 266, 103
track:1444, 765, 727, 266, 103
track:1445, 762, 727, 266, 103
track:1446, 754, 727, 266, 103
track:1447, 749, 726, 266, 103
track:1448, 754, 729, 253, 98
track:1449, 752, 728, 253, 98
track:1450, 753, 727, 253, 98
track:1451, 760, 730, 241, 93
track:1452, 762, 728, 241, 93
track:1453, 769, 728, 241, 93
track:1454, 770, 727, 241, 93
track:1455, 776, 725, 241, 93
track:1456, 783, 728, 229, 89
track:1457, 789, 728, 241, 93
track:1458, 790, 729, 241, 93
track:1459, 795, 729, 241, 93
track:1460, 807, 732, 229, 89
track:1461, 811, 732, 229, 89
track:1462, 816, 730, 229, 89
track:1463, 817, 730, 229, 89
track:1464, 826, 731, 219, 85
track:1465, 827, 730, 219, 85
track:1466, 841, 729, 219, 85
track:1467, 841, 730, 219, 85
track:1468, 848, 735, 208, 81
track:1469, 845, 733, 208, 81
track:1470, 843, 731, 208, 81
track:1471, 841, 733, 219, 85
track:1472, 835, 732, 219, 85
track:1473, 835, 730, 219, 85
track:1474, 828, 729, 219, 85
track:1475, 827, 727, 219, 85
track:1476, 827, 725, 219, 85
track:1477, 832, 725, 219, 85
track:1478, 833, 725, 219, 85
track:1479, 825, 729, 208, 81
track:1480, 831, 728, 208, 81
track:1481, 826, 728, 208, 81
track:1482, 836, 729, 198, 77
track:1483, 838, 733, 189, 73
track:1484, 840, 738, 189, 73
init :1485, 853, 659, 226, 166
track:1486, 860, 658, 226, 166
track:1487, 866, 657, 226, 166
track:1488, 867, 657, 226, 166
track:1489, 870, 656, 226, 166
track:1490, 871, 654, 226, 166
track:1491, 873, 654, 226, 166
track:1492, 872, 651, 226, 166
track:1493, 874, 650, 226, 166
track:1494, 873, 647, 226, 166
track:1495, 874, 646, 215, 158
track:1496, 868, 643, 215, 158
track:1497, 865, 644, 205, 151
track:1498, 869, 647, 195, 143
track:1499, 862, 644, 195, 143
track:1500, 854, 640, 195, 143
track:1501, 846, 636, 195, 143
track:1502, 837, 632, 195, 143
track:1503, 840, 632, 195, 143
track:1504, 843, 627, 195, 143
track:1505, 835, 624, 195, 143
track:1506, 835, 620, 195, 143
track:1507, 837, 620, 186, 137
track:1508, 833, 620, 186, 137
track:1509, 838, 622, 177, 130
track:1510, 836, 618, 177, 130
track:1511, 834, 614, 177, 130
track:1512, 801, 609, 177, 130
track:1513, 808, 612, 169, 124
track:1514, 806, 616, 161, 118
track:1515, 790, 618, 161, 118
track:1516, 769, 617, 161, 118
track:1517, 742, 621, 153, 112
track:1518, 742, 622, 153, 112
track:1519, 713, 621, 153, 112
track:1520, 696, 621, 153, 112
track:1521, 675, 621, 153, 112
track:1522, 661, 624, 146, 107
track:1523, 660, 624, 146, 107
track:1524, 655, 623, 146, 107
track:1525, 650, 623, 146, 107
track:1526, 660, 620, 146, 107
track:1527, 666, 623, 139, 102
track:1528, 665, 623, 139, 102
track:1529, 695, 623, 139, 102
track:1530, 718, 621, 139, 102
track:1531, 743, 620, 139, 102
track:1532, 770, 619, 139, 102
track:1533, 768, 619, 139, 102
track:1534, 802, 621, 132, 97
track:1535, 825, 621, 132, 97
track:1536, 850, 624, 126, 92
track:1537, 868, 625, 126, 92
init :1538, 876, 638, 240, 77
track:1539, 892, 637, 240, 77
track:1540, 901, 641, 229, 73
track:1541, 904, 642, 229, 73
track:1542, 907, 642, 229, 73
track:1543, 912, 644, 218, 70
track:1544, 912, 645, 218, 70
track:1545, 903, 644, 229, 73
track:1546, 898, 645, 229, 73
track:1547, 895, 648, 218, 70
track:1548, 894, 649, 218, 70
track:1549, 886, 650, 218, 70
track:1550, 873, 651, 218, 70
track:1551, 869, 652, 218, 70
track:1552, 862, 654, 218, 70
track:1553, 863, 655, 218, 70
track:1554, 867, 658, 207, 67
track:1555, 871, 661, 197, 63
track:1556, 874, 663, 188, 60
track:1557, 875, 664, 188, 60
track:1558, 879, 665, 179, 57
track:1559, 881, 665, 179, 57
track:1560, 884, 666, 179, 57
track:1561, 892, 668, 171, 55
track:1562, 898, 670, 162, 52
track:1563, 899, 670, 162, 52
track:1564, 900, 671, 162, 52
track:1565, 900, 671, 162, 52
track:1566, 900, 671, 162, 52
track:1567, 904, 673, 155, 50
track:1568, 903, 673, 155, 50
track:1569, 905, 674, 147, 47
track:1570, 905, 674, 147, 47
track:1571, 898, 673, 155, 50
track:1572, 901, 675, 147, 47
track:1573, 904, 675, 147, 47
track:1574, 896, 675, 147, 47
track:1575, 897, 676, 140, 45
track:1576, 895, 676, 140, 45
track:1577, 893, 676, 140, 45
track:1578, 893, 676, 140, 45
track:1579, 893, 677, 134, 43
track:1580, 892, 679, 127, 41
track:1581, 889, 679, 127, 41
track:1582, 889, 681, 121, 39
track:1583, 892, 683, 115, 37
track:1584, 890, 683, 115, 37
track:1585, 891, 683, 110, 35
track:1586, 893, 684, 105, 34
track:1587, 892, 685, 105, 34
track:1588, 894, 686, 100, 32
track:1589, 894, 686, 100, 32
track:1590, 896, 687, 95, 30
init :1591, 904, 680, 129, 72
track:1592, 904, 680, 129, 72
track:1593, 903, 680, 129, 72
track:1594, 902, 681, 129, 72
track:1595, 901, 682, 129, 72
track:1596, 901, 684, 123, 69
track:1599, 898, 684, 123, 69
track:1600, 897, 685, 123, 69
track:1601, 896, 685, 123, 69
track:1602, 894, 684, 123, 69
track:1603, 894, 683, 123, 69
track:1604, 890, 684, 123, 69
track:1605, 887, 683, 123, 69
track:1606, 886, 682, 123, 69
track:1607, 879, 683, 123, 69
track:1608, 875, 681, 129, 72
elapseTime: 16.213
