init :7, 821, 630, 235, 197
track:8, 821, 630, 235, 197
track:9, 822, 630, 235, 197
track:10, 821, 631, 235, 197
track:11, 823, 630, 235, 197
track:12, 823, 630, 235, 197
track:13, 824, 630, 235, 197
track:14, 824, 630, 235, 197
track:15, 824, 630, 235, 197
track:16, 825, 630, 235, 197
track:17, 826, 630, 235, 197
track:18, 825, 630, 235, 197
track:19, 825, 629, 235, 197
track:20, 821, 626, 247, 207
track:21, 820, 626, 247, 207
track:22, 827, 631, 235, 197
track:23, 828, 631, 235, 197
init :24, 826, 633, 230, 197
track:25, 826, 633, 230, 197
track:26, 827, 633, 230, 197
track:27, 828, 632, 230, 197
track:28, 827, 632, 230, 197
track:29, 827, 632, 230, 197
track:30, 827, 632, 230, 197
track:31, 827, 633, 230, 197
track:32, 829, 632, 230, 197
track:33, 828, 633, 230, 197
track:34, 828, 632, 230, 197
track:35, 828, 633, 230, 197
track:36, 828, 633, 230, 197
track:37, 829, 632, 230, 197
track:38, 828, 632, 230, 197
track:39, 828, 632, 230, 197
track:40, 828, 632, 230, 197
track:41, 828, 631, 230, 197
track:42, 828, 632, 230, 197
track:43, 828, 633, 230, 197
track:44, 829, 632, 230, 197
track:45, 828, 633, 230, 197
track:46, 829, 632, 230, 197
init :48, 826, 630, 235, 197
track:49, 826, 630, 235, 197
track:50, 827, 630, 235, 197
track:51, 827, 630, 235, 197
track:52, 826, 629, 235, 197
track:53, 826, 629, 235, 197
track:54, 826, 630, 235, 197
track:55, 828, 629, 235, 197
track:56, 826, 630, 235, 197
track:57, 828, 630, 235, 197
track:58, 827, 629, 235, 197
track:59, 826, 630, 235, 197
track:60, 826, 629, 235, 197
track:61, 826, 630, 235, 197
track:62, 825, 629, 235, 197
track:63, 824, 629, 235, 197
track:64, 824, 630, 235, 197
track:65, 826, 629, 235, 197
track:66, 825, 629, 235, 197
track:67, 824, 630, 235, 197
track:68, 824, 629, 235, 197
track:69, 822, 630, 235, 197
init :70, 826, 630, 235, 199
track:71, 826, 630, 235, 199
track:72, 825, 631, 235, 199
track:73, 826, 631, 235, 199
track:74, 826, 631, 235, 199
track:75, 826, 631, 235, 199
track:76, 825, 631, 235, 199
track:77, 826, 631, 235, 199
track:78, 825, 631, 235, 199
track:79, 826, 631, 235, 199
track:80, 825, 631, 235, 199
track:81, 826, 630, 235, 199
track:82, 825, 631, 235, 199
track:83, 825, 630, 235, 199
track:84, 825, 630, 235, 199
track:85, 824, 630, 235, 199
track:86, 825, 632, 235, 199
track:87, 825, 631, 235, 199
track:88, 825, 631, 235, 199
track:89, 825, 632, 235, 199
track:90, 825, 631, 235, 199
track:91, 825, 631, 235, 199
track:92, 826, 631, 235, 199
init :93, 826, 633, 235, 197
track:94, 826, 633, 235, 197
track:95, 827, 633, 235, 197
track:96, 827, 634, 235, 197
track:97, 827, 633, 235, 197
track:98, 828, 632, 235, 197
track:99, 828, 632, 235, 197
track:100, 830, 632, 235, 197
track:101, 830, 631, 235, 197
track:102, 830, 631, 235, 197
track:103, 830, 629, 235, 197
track:104, 830, 630, 235, 197
track:105, 831, 628, 235, 197
track:106, 832, 629, 235, 197
track:107, 833, 627, 235, 197
track:108, 833, 625, 235, 197
track:109, 833, 624, 235, 197
track:110, 834, 623, 235, 197
track:111, 840, 626, 224, 188
track:112, 840, 624, 224, 188
track:113, 840, 622, 224, 188
track:114, 840, 622, 224, 188
track:115, 841, 620, 224, 188
init :116, 849, 612, 221, 192
track:117, 849, 610, 221, 192
track:120, 851, 607, 221, 192
track:121, 852, 606, 221, 192
track:122, 851, 605, 221, 192
track:123, 855, 608, 210, 183
track:124, 856, 609, 210, 183
track:125, 853, 605, 210, 183
track:126, 852, 603, 210, 183
track:127, 851, 602, 210, 183
track:128, 849, 602, 210, 183
track:129, 849, 601, 210, 183
track:130, 850, 604, 210, 183
track:131, 848, 604, 210, 183
track:132, 853, 606, 210, 183
track:133, 855, 609, 210, 183
track:134, 853, 609, 210, 183
track:135, 854, 609, 210, 183
track:136, 860, 615, 200, 174
track:137, 861, 615, 200, 174
track:138, 857, 613, 210, 183
init :139, 863, 623, 170, 155
track:140, 863, 622, 170, 155
track:141, 862, 621, 170, 155
track:142, 859, 622, 170, 155
track:143, 858, 622, 170, 155
track:144, 857, 623, 170, 155
track:145, 856, 627, 170, 155
track:146, 854, 628, 170, 155
track:147, 854, 629, 170, 155
track:148, 854, 631, 170, 155
track:149, 856, 631, 170, 155
track:150, 857, 634, 170, 155
track:151, 856, 638, 170, 155
track:152, 857, 641, 170, 155
track:153, 857, 642, 170, 155
track:154, 857, 643, 170, 155
track:155, 857, 645, 170, 155
track:156, 858, 646, 170, 155
track:157, 859, 647, 170, 155
track:158, 864, 651, 162, 148
track:159, 865, 651, 162, 148
track:160, 862, 652, 162, 148
track:161, 861, 652, 162, 148
init :162, 863, 654, 170, 155
track:163, 862, 655, 170, 155
track:164, 862, 655, 170, 155
track:165, 863, 655, 170, 155
track:166, 863, 655, 170, 155
track:167, 862, 656, 170, 155
track:168, 862, 657, 170, 155
track:169, 862, 656, 170, 155
track:170, 863, 655, 170, 155
track:171, 864, 654, 170, 155
track:172, 865, 653, 170, 155
track:173, 865, 654, 170, 155
track:174, 864, 652, 170, 155
track:175, 862, 653, 170, 155
track:176, 861, 654, 170, 155
track:177, 861, 653, 170, 155
track:178, 863, 654, 170, 155
track:179, 863, 655, 170, 155
track:180, 865, 656, 170, 155
track:181, 866, 657, 170, 155
track:182, 871, 663, 162, 148
track:183, 874, 666, 162, 148
track:184, 874, 666, 162, 148
init :185, 872, 654, 161, 163
track:186, 870, 652, 161, 163
track:187, 867, 648, 161, 163
track:188, 863, 647, 161, 163
track:189, 862, 645, 161, 163
track:190, 859, 642, 161, 163
track:191, 859, 641, 161, 163
track:192, 857, 639, 161, 163
track:193, 858, 636, 161, 163
track:194, 857, 636, 161, 163
track:195, 858, 634, 161, 163
track:196, 859, 632, 161, 163
track:197, 860, 630, 161, 163
track:198, 862, 634, 153, 155
track:199, 862, 633, 153, 155
track:200, 858, 636, 153, 155
track:201, 856, 636, 153, 155
track:202, 855, 633, 153, 155
track:203, 855, 631, 153, 155
track:204, 856, 630, 153, 155
track:205, 856, 628, 153, 155
track:206, 857, 627, 153, 155
track:207, 855, 627, 153, 155
init :208, 853, 633, 152, 132
track:209, 851, 632, 152, 132
track:210, 851, 631, 152, 132
track:211, 850, 628, 152, 132
track:212, 849, 626, 152, 132
track:213, 849, 626, 152, 132
track:214, 850, 624, 152, 132
track:215, 850, 624, 152, 132
track:216, 854, 626, 145, 126
track:217, 853, 626, 145, 126
track:218, 853, 626, 145, 126
track:219, 853, 627, 145, 126
track:220, 853, 632, 145, 126
track:221, 853, 632, 145, 126
track:222, 853, 634, 145, 126
track:223, 853, 635, 145, 126
track:224, 852, 637, 145, 126
track:225, 852, 639, 145, 126
track:226, 852, 640, 145, 126
track:227, 852, 640, 145, 126
track:228, 856, 642, 138, 120
track:229, 856, 643, 138, 120
track:230, 855, 643, 138, 120
init :231, 853, 649, 138, 119
track:232, 852, 647, 138, 119
track:233, 852, 647, 138, 119
track:234, 851, 646, 138, 119
track:235, 851, 646, 138, 119
track:236, 852, 645, 138, 119
track:237, 855, 645, 138, 119
track:238, 855, 645, 138, 119
track:239, 855, 647, 138, 119
track:240, 859, 652, 131, 113
track:241, 859, 653, 131, 113
track:242, 859, 652, 131, 113
track:243, 860, 653, 131, 113
track:244, 860, 653, 131, 113
track:245, 860, 653, 131, 113
track:246, 860, 654, 131, 113
track:247, 860, 654, 131, 113
track:248, 860, 655, 131, 113
track:249, 860, 655, 131, 113
track:250, 861, 656, 131, 113
track:251, 861, 657, 131, 113
track:252, 865, 662, 125, 108
track:253, 865, 662, 125, 108
init :254, 867, 664, 120, 101
track:255, 867, 666, 120, 101
track:256, 868, 669, 120, 101
track:257, 870, 672, 120, 101
track:258, 870, 672, 120, 101
track:259, 869, 674, 120, 101
track:260, 869, 676, 120, 101
track:261, 870, 677, 120, 101
track:262, 870, 677, 120, 101
track:263, 869, 678, 120, 101
track:264, 869, 679, 120, 101
track:265, 869, 681, 120, 101
track:266, 869, 681, 120, 101
track:267, 870, 684, 120, 101
track:268, 870, 685, 120, 101
track:269, 870, 685, 120, 101
track:270, 870, 687, 120, 101
track:271, 871, 689, 120, 101
track:272, 872, 693, 120, 101
track:273, 872, 693, 120, 101
track:274, 872, 696, 120, 101
track:275, 873, 697, 120, 101
track:276, 870, 698, 126, 106
init :277, 867, 698, 133, 109
track:278, 867, 698, 133, 109
track:279, 868, 698, 133, 109
track:280, 868, 697, 133, 109
track:281, 870, 695, 133, 109
track:282, 871, 697, 133, 109
track:283, 872, 698, 133, 109
track:284, 873, 700, 133, 109
track:285, 871, 699, 140, 114
track:286, 873, 698, 140, 114
track:287, 872, 692, 147, 120
track:288, 872, 691, 147, 120
track:289, 869, 687, 154, 126
track:290, 866, 679, 162, 132
track:291, 865, 672, 162, 132
track:292, 867, 667, 162, 132
track:293, 867, 666, 162, 132
track:294, 864, 661, 170, 139
track:295, 866, 658, 170, 139
track:296, 867, 659, 170, 139
track:297, 862, 656, 178, 146
track:298, 859, 653, 187, 153
track:299, 858, 653, 187, 153
init :300, 840, 638, 235, 199
track:301, 837, 640, 235, 199
track:302, 830, 638, 247, 209
track:303, 829, 641, 247, 209
track:304, 823, 641, 259, 219
track:305, 819, 641, 259, 219
track:306, 820, 642, 259, 219
track:307, 817, 640, 259, 219
track:308, 818, 639, 259, 219
track:309, 811, 632, 272, 230
track:310, 810, 626, 272, 230
track:311, 809, 608, 272, 230
track:312, 810, 599, 272, 230
track:313, 809, 600, 272, 230
track:314, 815, 598, 259, 219
track:315, 817, 589, 259, 219
track:316, 821, 582, 247, 209
track:317, 825, 577, 247, 209
track:318, 824, 576, 247, 209
track:319, 825, 575, 247, 209
track:320, 836, 569, 235, 199
track:321, 839, 563, 235, 199
track:322, 841, 562, 235, 199
init :323, 858, 571, 203, 176
track:324, 862, 579, 193, 168
track:325, 862, 577, 193, 168
track:326, 860, 571, 193, 168
track:327, 859, 571, 193, 168
track:328, 859, 571, 193, 168
track:329, 857, 576, 193, 168
track:330, 854, 585, 193, 168
track:331, 853, 587, 193, 168
track:332, 851, 590, 193, 168
track:333, 850, 591, 193, 168
track:334, 850, 593, 193, 168
track:335, 850, 594, 193, 168
track:336, 849, 597, 193, 168
track:337, 849, 599, 193, 168
track:338, 850, 599, 193, 168
track:339, 849, 595, 193, 168
track:340, 853, 591, 193, 168
track:341, 856, 595, 184, 160
track:342, 861, 597, 175, 152
track:343, 861, 597, 175, 152
track:344, 860, 597, 175, 152
track:345, 860, 592, 175, 152
init :346, 863, 604, 161, 137
track:347, 863, 606, 161, 137
track:348, 863, 606, 161, 137
track:349, 863, 608, 161, 137
track:350, 864, 613, 161, 137
track:351, 865, 617, 161, 137
track:352, 869, 622, 153, 130
track:353, 865, 620, 161, 137
track:354, 865, 623, 161, 137
track:355, 866, 624, 161, 137
track:356, 865, 625, 161, 137
track:357, 868, 628, 153, 130
track:358, 868, 628, 153, 130
track:359, 868, 628, 153, 130
track:360, 867, 628, 153, 130
track:361, 869, 631, 146, 124
track:362, 868, 631, 146, 124
track:363, 871, 634, 139, 118
track:364, 871, 635, 139, 118
track:365, 875, 637, 132, 113
track:366, 873, 637, 132, 113
track:367, 873, 638, 132, 113
track:368, 872, 638, 132, 113
init :369, 876, 646, 124, 96
track:370, 875, 651, 124, 96
track:371, 875, 657, 124, 96
track:372, 874, 661, 124, 96
track:373, 874, 662, 124, 96
track:374, 874, 662, 124, 96
track:375, 874, 664, 124, 96
track:376, 870, 664, 124, 96
track:377, 868, 665, 124, 96
track:378, 868, 665, 124, 96
track:379, 868, 667, 124, 96
track:380, 867, 667, 124, 96
track:381, 867, 666, 124, 96
track:382, 865, 666, 124, 96
track:383, 865, 666, 124, 96
track:384, 863, 665, 124, 96
track:385, 863, 664, 124, 96
track:386, 863, 663, 124, 96
track:387, 865, 665, 118, 91
track:388, 865, 665, 118, 91
track:389, 864, 664, 118, 91
track:390, 864, 664, 118, 91
track:391, 867, 668, 112, 87
init :392, 863, 669, 115, 83
track:393, 863, 669, 115, 83
track:394, 863, 669, 115, 83
track:395, 864, 676, 115, 83
track:396, 864, 679, 115, 83
track:397, 866, 683, 115, 83
track:398, 867, 684, 115, 83
track:399, 868, 687, 115, 83
track:400, 869, 692, 115, 83
track:401, 870, 699, 115, 83
track:402, 872, 702, 115, 83
track:403, 872, 703, 115, 83
track:404, 872, 705, 115, 83
track:405, 876, 706, 110, 79
track:406, 877, 706, 110, 79
track:407, 877, 706, 110, 79
track:408, 877, 706, 110, 79
track:409, 879, 704, 110, 79
track:410, 879, 703, 110, 79
track:411, 882, 701, 104, 75
track:412, 883, 699, 104, 75
track:413, 882, 699, 104, 75
track:414, 880, 697, 110, 79
init :415, 886, 700, 101, 80
track:416, 886, 701, 101, 80
track:417, 887, 702, 101, 80
track:418, 886, 702, 101, 80
track:419, 887, 703, 101, 80
track:420, 885, 704, 101, 80
track:421, 883, 704, 101, 80
track:422, 884, 702, 101, 80
track:423, 881, 700, 106, 84
track:424, 881, 697, 106, 84
track:425, 880, 696, 106, 84
track:426, 880, 693, 106, 84
track:427, 879, 691, 106, 84
track:428, 878, 691, 106, 84
track:429, 878, 691, 106, 84
track:430, 877, 692, 106, 84
track:431, 877, 692, 106, 84
track:432, 876, 692, 106, 84
track:433, 876, 691, 106, 84
track:434, 876, 691, 106, 84
track:435, 875, 691, 106, 84
track:436, 874, 692, 106, 84
track:437, 873, 694, 106, 84
init :438, 867, 690, 110, 90
track:439, 867, 692, 110, 90
track:440, 868, 693, 110, 90
track:441, 869, 693, 110, 90
track:442, 870, 693, 110, 90
track:443, 870, 694, 110, 90
track:444, 869, 693, 110, 90
track:445, 869, 694, 110, 90
track:446, 869, 695, 110, 90
track:447, 870, 694, 110, 90
track:448, 870, 694, 110, 90
track:449, 870, 692, 110, 90
track:450, 867, 690, 115, 94
track:451, 869, 693, 115, 94
track:452, 870, 695, 115, 94
track:453, 870, 695, 115, 94
track:454, 871, 694, 115, 94
track:455, 872, 695, 115, 94
track:456, 873, 695, 115, 94
track:457, 872, 694, 115, 94
track:458, 872, 695, 115, 94
track:459, 870, 695, 115, 94
track:460, 868, 691, 121, 99
init :461, 872, 687, 124, 101
track:462, 872, 687, 124, 101
track:463, 872, 687, 124, 101
track:464, 872, 684, 124, 101
track:465, 872, 683, 124, 101
track:466, 872, 683, 124, 101
track:467, 872, 683, 124, 101
track:468, 871, 683, 124, 101
track:469, 871, 684, 124, 101
track:470, 873, 684, 124, 101
track:471, 875, 686, 124, 101
track:472, 875, 686, 124, 101
track:473, 873, 685, 130, 106
track:474, 873, 688, 130, 106
track:475, 875, 688, 130, 106
track:476, 877, 687, 130, 106
track:477, 877, 687, 130, 106
track:478, 879, 686, 130, 106
track:479, 878, 681, 137, 111
track:480, 876, 669, 144, 117
track:481, 877, 667, 144, 117
track:482, 878, 666, 144, 117
track:483, 881, 659, 144, 117
init :484, 876, 656, 156, 135
track:485, 877, 658, 156, 135
track:486, 877, 662, 156, 135
track:487, 877, 663, 156, 135
track:488, 877, 667, 156, 135
track:490, 874, 670, 156, 135
track:491, 868, 669, 164, 142
track:492, 867, 669, 164, 142
track:493, 865, 669, 164, 142
track:494, 864, 669, 164, 142
track:495, 856, 659, 172, 149
track:496, 855, 653, 172, 149
track:497, 849, 650, 181, 156
track:498, 849, 648, 181, 156
track:499, 846, 644, 181, 156
track:500, 850, 643, 172, 149
track:501, 851, 638, 172, 149
track:502, 851, 637, 172, 149
track:503, 850, 636, 172, 149
track:504, 850, 635, 172, 149
track:505, 850, 632, 172, 149
track:506, 849, 633, 172, 149
init :507, 853, 630, 156, 137
track:508, 853, 629, 156, 137
track:509, 853, 624, 156, 137
track:510, 853, 622, 156, 137
track:511, 852, 620, 156, 137
track:512, 852, 620, 156, 137
track:513, 851, 620, 156, 137
track:514, 851, 621, 156, 137
track:515, 852, 622, 156, 137
track:516, 856, 623, 149, 130
track:517, 856, 623, 149, 130
track:518, 855, 620, 149, 130
track:519, 855, 620, 149, 130
track:520, 856, 620, 149, 130
track:521, 857, 618, 149, 130
track:522, 857, 618, 149, 130
track:523, 856, 620, 149, 130
track:524, 857, 623, 149, 130
track:525, 861, 627, 141, 124
track:526, 862, 628, 141, 124
track:527, 867, 630, 135, 118
track:528, 866, 630, 135, 118
track:529, 869, 632, 128, 113
init :530, 872, 636, 133, 101
track:531, 872, 636, 133, 101
track:532, 873, 635, 133, 101
track:533, 876, 639, 127, 96
track:534, 877, 640, 127, 96
track:535, 877, 641, 127, 96
track:536, 877, 643, 127, 96
track:537, 877, 643, 127, 96
track:538, 877, 645, 127, 96
track:539, 877, 646, 127, 96
track:540, 877, 646, 127, 96
track:543, 875, 648, 127, 96
track:544, 875, 648, 127, 96
track:546, 871, 654, 127, 96
track:547, 872, 654, 127, 96
track:548, 871, 655, 127, 96
track:549, 870, 658, 127, 96
track:550, 872, 662, 121, 92
track:551, 871, 663, 121, 92
track:552, 874, 665, 115, 87
init :553, 881, 664, 101, 83
track:554, 881, 664, 101, 83
track:555, 881, 664, 101, 83
track:556, 880, 665, 101, 83
track:557, 880, 665, 101, 83
track:558, 880, 670, 101, 83
track:559, 879, 672, 101, 83
track:560, 879, 676, 101, 83
track:561, 882, 680, 96, 79
track:562, 881, 680, 96, 79
track:563, 882, 682, 96, 79
track:564, 881, 685, 96, 79
track:565, 881, 686, 96, 79
track:566, 881, 688, 96, 79
track:567, 881, 688, 96, 79
track:568, 882, 691, 96, 79
track:569, 883, 692, 96, 79
track:570, 881, 695, 96, 79
track:571, 882, 697, 96, 79
track:572, 882, 697, 96, 79
track:573, 883, 700, 96, 79
track:574, 884, 702, 96, 79
track:575, 885, 701, 96, 79
init :576, 876, 700, 101, 75
track:577, 876, 700, 101, 75
track:578, 876, 698, 101, 75
track:579, 877, 697, 101, 75
track:580, 878, 697, 101, 75
track:581, 879, 696, 101, 75
track:582, 879, 697, 101, 75
track:583, 878, 699, 101, 75
track:584, 878, 701, 101, 75
track:585, 876, 699, 106, 79
track:586, 876, 700, 106, 79
track:587, 876, 700, 106, 79
track:588, 876, 701, 106, 79
track:589, 877, 699, 106, 79
track:590, 876, 700, 106, 79
track:591, 874, 700, 106, 79
track:592, 874, 700, 106, 79
track:593, 873, 699, 106, 79
track:594, 870, 695, 111, 83
track:595, 870, 687, 111, 83
track:596, 867, 683, 117, 87
track:597, 866, 683, 117, 87
track:598, 866, 678, 117, 87
init :599, 867, 669, 110, 96
track:600, 867, 667, 110, 96
track:601, 869, 667, 110, 96
track:602, 870, 667, 110, 96
track:603, 869, 666, 110, 96
track:604, 868, 661, 110, 96
track:605, 868, 659, 110, 96
track:606, 868, 658, 110, 96
track:607, 865, 655, 115, 101
track:608, 866, 656, 115, 101
track:609, 867, 656, 115, 101
track:610, 866, 657, 115, 101
track:611, 866, 660, 115, 101
track:612, 866, 661, 115, 101
track:613, 863, 661, 121, 106
track:614, 864, 663, 121, 106
track:615, 864, 666, 121, 106
track:616, 864, 667, 121, 106
track:617, 864, 668, 121, 106
track:618, 864, 667, 121, 106
track:619, 864, 666, 121, 106
track:620, 864, 665, 121, 106
track:621, 865, 664, 121, 106
init :622, 863, 662, 133, 106
track:623, 862, 661, 133, 106
track:624, 862, 661, 133, 106
track:625, 862, 662, 133, 106
track:626, 863, 663, 133, 106
track:627, 860, 661, 140, 111
track:628, 861, 662, 140, 111
track:629, 860, 661, 140, 111
track:630, 860, 658, 140, 111
track:631, 859, 657, 140, 111
track:632, 860, 657, 140, 111
track:633, 861, 660, 140, 111
track:634, 861, 663, 140, 111
track:635, 862, 665, 140, 111
track:636, 864, 667, 140, 111
track:637, 862, 664, 147, 117
track:638, 863, 665, 147, 117
track:639, 864, 665, 147, 117
track:640, 864, 665, 147, 117
track:641, 864, 663, 147, 117
track:642, 864, 662, 147, 117
track:643, 864, 662, 147, 117
track:644, 864, 659, 147, 117
init :645, 858, 654, 152, 119
track:646, 858, 652, 152, 119
track:647, 859, 652, 152, 119
track:648, 859, 652, 152, 119
track:649, 859, 653, 152, 119
track:650, 861, 654, 152, 119
track:651, 862, 654, 152, 119
track:652, 863, 654, 152, 119
track:653, 864, 653, 152, 119
track:654, 865, 654, 152, 119
track:655, 866, 658, 152, 119
track:656, 867, 659, 152, 119
track:657, 868, 660, 152, 119
track:658, 870, 663, 152, 119
track:659, 871, 663, 152, 119
track:660, 871, 661, 152, 119
track:661, 871, 661, 152, 119
track:662, 871, 661, 152, 119
track:663, 872, 661, 152, 119
track:664, 873, 659, 152, 119
track:665, 874, 657, 152, 119
track:666, 874, 655, 152, 119
track:667, 874, 655, 152, 119
init :668, 881, 651, 138, 119
track:669, 881, 650, 138, 119
track:670, 881, 651, 138, 119
track:671, 880, 651, 138, 119
track:672, 879, 651, 138, 119
track:673, 877, 651, 138, 119
track:674, 876, 651, 138, 119
track:675, 876, 649, 138, 119
track:676, 875, 649, 138, 119
track:677, 874, 649, 138, 119
track:678, 873, 652, 138, 119
track:679, 873, 661, 138, 119
track:680, 871, 668, 145, 125
track:681, 872, 668, 145, 125
track:682, 871, 669, 145, 125
track:683, 870, 668, 145, 125
track:684, 867, 666, 145, 125
track:685, 867, 669, 145, 125
track:686, 868, 671, 145, 125
track:687, 868, 672, 145, 125
track:688, 866, 671, 145, 125
track:689, 866, 669, 145, 125
track:690, 865, 667, 145, 125
init :691, 858, 667, 152, 114
track:692, 858, 667, 152, 114
track:693, 858, 665, 152, 114
track:694, 858, 665, 152, 114
track:695, 859, 665, 152, 114
track:696, 858, 663, 152, 114
track:697, 857, 663, 152, 114
track:698, 855, 663, 152, 114
track:699, 853, 664, 152, 114
track:700, 853, 665, 152, 114
track:701, 853, 666, 152, 114
track:702, 854, 666, 152, 114
track:703, 853, 669, 152, 114
track:704, 848, 671, 160, 120
track:705, 848, 677, 160, 120
track:706, 847, 678, 160, 120
track:707, 847, 678, 160, 120
track:708, 847, 679, 160, 120
track:709, 847, 679, 160, 120
track:710, 847, 678, 160, 120
track:711, 847, 677, 160, 120
track:712, 846, 675, 160, 120
track:713, 846, 673, 160, 120
init :714, 853, 672, 152, 116
track:715, 853, 674, 152, 116
track:716, 853, 675, 152, 116
track:717, 853, 677, 152, 116
track:718, 854, 677, 152, 116
track:719, 854, 677, 152, 116
track:720, 855, 678, 152, 116
track:721, 855, 678, 152, 116
track:722, 855, 678, 152, 116
track:723, 855, 677, 152, 116
track:724, 856, 674, 152, 116
track:725, 857, 670, 152, 116
track:726, 858, 670, 152, 116
track:727, 857, 668, 152, 116
track:728, 858, 665, 152, 116
track:729, 857, 659, 152, 116
track:730, 859, 657, 152, 116
track:731, 859, 658, 152, 116
track:732, 858, 658, 152, 116
track:733, 859, 656, 152, 116
track:734, 857, 649, 160, 122
track:735, 858, 644, 160, 122
track:736, 859, 644, 160, 122
init :737, 849, 636, 175, 127
track:738, 852, 639, 167, 121
track:739, 847, 636, 175, 127
track:740, 848, 637, 175, 127
track:741, 850, 638, 175, 127
track:742, 849, 640, 175, 127
track:743, 843, 639, 184, 133
track:744, 843, 638, 184, 133
track:745, 843, 636, 184, 133
track:746, 844, 636, 184, 133
track:747, 848, 637, 175, 127
track:748, 848, 628, 175, 127
track:749, 848, 623, 175, 127
track:750, 846, 622, 175, 127
track:751, 845, 621, 175, 127
track:752, 845, 623, 175, 127
track:753, 847, 624, 175, 127
track:754, 849, 625, 175, 127
track:755, 851, 624, 175, 127
track:756, 851, 625, 175, 127
track:757, 857, 626, 167, 121
track:758, 856, 625, 167, 121
track:759, 855, 626, 167, 121
init :760, 858, 630, 152, 129
track:761, 858, 630, 152, 129
track:762, 861, 631, 152, 129
track:763, 863, 631, 152, 129
track:764, 864, 631, 152, 129
track:765, 863, 632, 152, 129
track:766, 861, 632, 152, 129
track:767, 861, 631, 152, 129
track:768, 861, 635, 152, 129
track:769, 861, 635, 152, 129
track:770, 863, 645, 152, 129
track:771, 865, 646, 152, 129
track:772, 865, 645, 152, 129
track:773, 867, 643, 152, 129
track:774, 867, 643, 152, 129
track:775, 868, 642, 152, 129
track:776, 868, 643, 152, 129
track:777, 868, 643, 152, 129
track:778, 869, 641, 152, 129
track:779, 870, 641, 152, 129
track:780, 870, 641, 152, 129
track:781, 871, 642, 152, 129
track:782, 870, 642, 152, 129
init :783, 881, 651, 133, 98
track:784, 881, 650, 133, 98
track:785, 880, 651, 133, 98
track:786, 880, 651, 133, 98
track:787, 879, 652, 133, 98
track:788, 879, 652, 133, 98
track:789, 877, 653, 133, 98
track:790, 877, 653, 133, 98
track:791, 877, 653, 133, 98
track:792, 877, 652, 133, 98
track:793, 876, 653, 133, 98
track:794, 876, 654, 133, 98
track:795, 879, 660, 127, 93
track:796, 879, 661, 127, 93
track:797, 880, 661, 127, 93
track:798, 880, 660, 127, 93
track:799, 877, 658, 133, 98
track:800, 876, 660, 133, 98
track:801, 877, 660, 133, 98
track:802, 876, 661, 133, 98
track:803, 876, 661, 133, 98
track:804, 876, 662, 133, 98
track:805, 875, 662, 133, 98
init :806, 867, 659, 138, 106
track:807, 866, 659, 138, 106
track:808, 866, 660, 138, 106
track:809, 866, 662, 138, 106
track:810, 866, 664, 138, 106
track:811, 863, 663, 145, 111
track:812, 863, 664, 145, 111
track:813, 860, 664, 145, 111
track:814, 859, 664, 145, 111
track:815, 859, 664, 145, 111
track:816, 859, 664, 145, 111
track:817, 858, 666, 145, 111
track:818, 857, 673, 145, 111
track:819, 857, 674, 145, 111
track:820, 856, 686, 145, 111
track:821, 850, 684, 152, 117
track:822, 850, 684, 152, 117
track:823, 851, 683, 152, 117
track:824, 850, 682, 152, 117
track:825, 848, 682, 152, 117
track:826, 847, 683, 152, 117
track:827, 848, 687, 152, 117
track:828, 847, 692, 152, 117
init :829, 853, 685, 156, 145
track:830, 854, 686, 156, 145
track:831, 855, 686, 156, 145
track:832, 855, 687, 156, 145
track:833, 858, 685, 156, 145
track:834, 859, 677, 156, 145
track:835, 854, 666, 164, 152
track:836, 854, 666, 164, 152
track:837, 854, 660, 164, 152
track:838, 849, 655, 172, 160
track:839, 847, 650, 172, 160
track:840, 844, 646, 172, 160
track:841, 845, 646, 172, 160
track:842, 843, 645, 172, 160
track:843, 840, 639, 172, 160
track:844, 838, 636, 172, 160
track:845, 832, 621, 172, 160
track:846, 831, 621, 172, 160
track:847, 826, 612, 181, 168
track:848, 827, 606, 181, 168
track:849, 827, 604, 181, 168
track:850, 826, 603, 181, 168
track:851, 826, 602, 181, 168
init :852, 821, 602, 203, 160
track:853, 825, 600, 203, 160
track:854, 826, 601, 203, 160
track:855, 826, 606, 203, 160
track:856, 822, 603, 213, 168
track:857, 822, 604, 213, 168
track:858, 829, 606, 203, 160
track:859, 830, 601, 203, 160
track:860, 828, 599, 203, 160
track:861, 829, 599, 203, 160
track:862, 828, 600, 203, 160
track:863, 828, 604, 203, 160
track:864, 835, 613, 193, 152
track:865, 835, 620, 193, 152
track:866, 840, 623, 184, 145
track:867, 835, 626, 193, 152
track:868, 836, 627, 193, 152
track:869, 836, 628, 193, 152
track:870, 841, 634, 184, 145
track:871, 841, 635, 184, 145
track:872, 842, 635, 184, 145
track:873, 842, 637, 184, 145
track:874, 843, 636, 184, 145
init :875, 853, 641, 156, 137
track:876, 853, 641, 156, 137
track:877, 856, 642, 156, 137
track:878, 857, 643, 156, 137
track:879, 858, 642, 156, 137
track:880, 861, 646, 149, 130
track:881, 861, 646, 149, 130
track:882, 861, 646, 149, 130
track:883, 864, 645, 149, 130
track:884, 866, 643, 149, 130
track:885, 867, 643, 149, 130
track:886, 868, 643, 149, 130
track:887, 872, 647, 141, 124
track:888, 873, 648, 141, 124
track:889, 873, 646, 141, 124
track:890, 875, 644, 141, 124
track:891, 876, 645, 141, 124
track:892, 877, 644, 141, 124
track:893, 877, 643, 141, 124
track:894, 877, 642, 141, 124
track:895, 878, 642, 141, 124
track:896, 882, 645, 135, 118
track:897, 882, 645, 135, 118
init :898, 881, 649, 124, 98
track:899, 880, 650, 124, 98
track:900, 880, 652, 124, 98
track:901, 880, 653, 124, 98
track:902, 879, 654, 124, 98
track:903, 878, 655, 124, 98
track:904, 878, 654, 124, 98
track:905, 878, 655, 124, 98
track:906, 878, 655, 124, 98
track:907, 868, 638, 118, 93
track:908, 861, 644, 112, 89
track:909, 861, 657, 107, 85
track:910, 864, 664, 102, 81
track:911, 865, 664, 102, 81
track:912, 864, 669, 97, 77
track:913, 863, 673, 97, 77
track:914, 867, 677, 97, 77
track:915, 865, 680, 97, 77
track:916, 872, 683, 93, 73
track:917, 873, 684, 93, 73
track:918, 873, 686, 93, 73
track:919, 872, 687, 93, 73
track:920, 870, 688, 93, 73
init :921, 807, 584, 290, 249
track:922, 803, 584, 290, 249
track:923, 799, 582, 290, 249
track:924, 795, 581, 290, 249
track:925, 789, 581, 290, 249
track:926, 788, 580, 290, 249
track:927, 786, 582, 290, 249
track:928, 778, 580, 290, 249
track:929, 774, 580, 290, 249
track:930, 770, 579, 290, 249
track:931, 770, 579, 290, 249
track:932, 769, 579, 290, 249
track:933, 769, 577, 290, 249
track:934, 768, 575, 290, 249
track:935, 767, 572, 290, 249
track:936, 767, 572, 290, 249
track:937, 769, 569, 290, 249
track:938, 777, 575, 276, 237
track:939, 775, 572, 276, 237
track:940, 774, 572, 276, 237
track:941, 777, 573, 276, 237
track:942, 772, 570, 276, 237
track:943, 773, 570, 276, 237
init :944, 770, 573, 336, 225
track:945, 771, 573, 336, 225
track:946, 771, 574, 336, 225
track:947, 768, 575, 336, 225
track:948, 766, 575, 336, 225
track:949, 761, 576, 336, 225
track:950, 760, 577, 336, 225
track:951, 759, 579, 336, 225
track:952, 757, 580, 336, 225
track:953, 755, 581, 336, 225
track:954, 753, 582, 336, 225
track:955, 751, 585, 336, 225
track:956, 751, 587, 336, 225
track:957, 751, 588, 336, 225
track:958, 752, 590, 336, 225
track:959, 748, 590, 336, 225
track:960, 755, 595, 320, 214
track:961, 754, 596, 320, 214
track:962, 745, 592, 336, 225
track:963, 742, 591, 336, 225
track:964, 739, 595, 336, 225
track:965, 739, 593, 336, 225
track:966, 737, 593, 336, 225
init :967, 724, 586, 415, 241
track:968, 721, 586, 415, 241
track:969, 719, 586, 415, 241
track:970, 719, 585, 415, 241
track:971, 716, 586, 415, 241
track:972, 710, 584, 415, 241
track:973, 698, 578, 436, 253
track:974, 693, 580, 436, 253
track:975, 692, 579, 436, 253
track:976, 691, 580, 436, 253
track:977, 688, 581, 436, 253
track:978, 687, 581, 436, 253
track:979, 687, 583, 436, 253
track:980, 695, 590, 415, 241
track:981, 696, 589, 415, 241
track:982, 696, 590, 415, 241
track:983, 699, 591, 415, 241
track:984, 696, 593, 415, 241
track:985, 699, 594, 415, 241
track:986, 701, 595, 415, 241
track:987, 692, 587, 436, 253
track:988, 682, 581, 458, 266
track:989, 689, 582, 458, 266
init :990, 696, 586, 503, 249
track:991, 696, 586, 503, 249
track:992, 698, 586, 503, 249
track:993, 698, 585, 503, 249
track:994, 699, 583, 503, 249
track:995, 700, 585, 503, 249
track:996, 702, 583, 503, 249
track:997, 703, 581, 503, 249
track:998, 704, 580, 503, 249
track:999, 710, 578, 503, 249
track:1000, 713, 577, 503, 249
track:1001, 714, 575, 503, 249
track:1002, 719, 574, 503, 249
track:1003, 723, 570, 503, 249
track:1004, 727, 566, 503, 249
track:1005, 726, 567, 503, 249
track:1006, 745, 570, 479, 237
track:1007, 745, 567, 479, 237
track:1008, 743, 565, 479, 237
track:1009, 741, 562, 479, 237
track:1010, 750, 568, 456, 226
track:1011, 748, 567, 456, 226
track:1012, 746, 567, 456, 226
init :1013, 766, 576, 470, 189
track:1014, 776, 581, 448, 180
track:1015, 776, 581, 448, 180
track:1016, 772, 580, 448, 180
track:1017, 767, 580, 448, 180
track:1018, 766, 581, 448, 180
track:1019, 761, 580, 448, 180
track:1020, 760, 579, 448, 180
track:1021, 758, 580, 448, 180
track:1022, 758, 580, 448, 180
track:1023, 755, 581, 448, 180
track:1024, 750, 580, 448, 180
track:1025, 748, 579, 448, 180
track:1026, 747, 578, 448, 180
track:1027, 747, 579, 448, 180
track:1028, 754, 582, 426, 171
track:1029, 752, 583, 426, 171
track:1030, 750, 584, 426, 171
track:1031, 753, 589, 406, 163
track:1032, 746, 591, 406, 163
track:1033, 742, 592, 406, 163
track:1034, 739, 593, 406, 163
track:1035, 737, 595, 406, 163
init :1036, 747, 594, 429, 153
track:1037, 758, 600, 409, 146
track:1038, 767, 606, 389, 139
track:1039, 757, 605, 409, 146
track:1040, 756, 606, 409, 146
track:1041, 753, 610, 409, 146
track:1042, 752, 610, 409, 146
track:1043, 750, 611, 409, 146
track:1044, 742, 611, 429, 153
track:1045, 743, 611, 429, 153
track:1046, 742, 614, 429, 153
track:1047, 735, 613, 450, 161
track:1048, 738, 612, 450, 161
track:1049, 753, 616, 429, 153
track:1050, 756, 617, 429, 153
track:1051, 769, 616, 409, 146
track:1052, 773, 615, 409, 146
track:1053, 779, 614, 409, 146
track:1054, 791, 614, 409, 146
track:1055, 784, 609, 429, 153
track:1056, 790, 608, 429, 153
track:1057, 792, 609, 429, 153
track:1058, 790, 610, 429, 153
init :1059, 798, 615, 438, 135
track:1060, 798, 615, 438, 135
track:1061, 799, 615, 438, 135
track:1062, 796, 615, 438, 135
track:1063, 793, 616, 438, 135
track:1064, 788, 616, 438, 135
track:1065, 789, 617, 438, 135
track:1066, 774, 613, 460, 142
track:1067, 766, 613, 460, 142
track:1068, 758, 613, 460, 142
track:1069, 747, 613, 460, 142
track:1070, 755, 616, 438, 135
track:1071, 739, 612, 460, 142
track:1072, 723, 612, 460, 142
track:1073, 700, 610, 483, 149
track:1074, 695, 612, 460, 142
track:1075, 692, 612, 460, 142
track:1076, 685, 612, 460, 142
track:1077, 679, 612, 460, 142
track:1078, 655, 609, 483, 149
track:1079, 652, 613, 460, 142
track:1080, 649, 614, 460, 142
track:1081, 641, 614, 460, 142
init :1082, 669, 625, 447, 135
track:1083, 665, 624, 447, 135
track:1084, 660, 624, 447, 135
track:1085, 658, 622, 447, 135
track:1086, 663, 621, 447, 135
track:1087, 662, 621, 447, 135
track:1088, 663, 623, 447, 135
track:1089, 659, 622, 447, 135
track:1090, 669, 625, 426, 129
track:1091, 660, 622, 447, 135
track:1092, 667, 626, 447, 135
track:1093, 668, 626, 447, 135
track:1094, 669, 627, 447, 135
track:1095, 661, 626, 469, 142
track:1096, 661, 625, 469, 142
track:1097, 664, 626, 469, 142
track:1098, 658, 625, 469, 142
track:1099, 671, 628, 447, 135
track:1100, 672, 629, 447, 135
track:1101, 675, 629, 447, 135
track:1102, 684, 632, 426, 129
track:1103, 681, 631, 426, 129
track:1104, 683, 631, 426, 129
init :1105, 692, 628, 466, 163
track:1106, 691, 629, 466, 163
track:1107, 691, 628, 466, 163
track:1108, 688, 628, 466, 163
track:1109, 685, 630, 466, 163
track:1110, 685, 630, 466, 163
track:1111, 681, 631, 466, 163
track:1112, 679, 633, 466, 163
track:1113, 671, 634, 466, 163
track:1114, 671, 635, 466, 163
track:1115, 667, 636, 466, 163
track:1116, 675, 638, 444, 155
track:1117, 675, 641, 444, 155
track:1118, 670, 640, 444, 155
track:1119, 669, 639, 444, 155
track:1120, 667, 640, 444, 155
track:1121, 667, 640, 444, 155
track:1122, 672, 640, 444, 155
track:1123, 657, 637, 466, 163
track:1124, 655, 639, 466, 163
track:1125, 658, 642, 466, 163
track:1126, 658, 642, 466, 163
track:1127, 642, 646, 466, 163
init :1128, 747, 628, 341, 179
track:1129, 747, 628, 341, 179
track:1130, 747, 627, 341, 179
track:1131, 751, 628, 341, 179
track:1132, 753, 629, 341, 179
track:1133, 755, 626, 341, 179
track:1134, 763, 630, 325, 170
track:1135, 763, 630, 325, 170
track:1136, 761, 628, 325, 170
track:1137, 762, 631, 325, 170
track:1138, 771, 634, 309, 162
track:1139, 762, 634, 309, 162
track:1140, 769, 632, 309, 162
track:1141, 757, 636, 309, 162
track:1142, 748, 638, 309, 162
track:1143, 707, 631, 325, 170
track:1144, 707, 630, 325, 170
track:1145, 713, 633, 309, 162
track:1146, 712, 635, 309, 162
track:1147, 702, 635, 325, 170
track:1148, 695, 639, 325, 170
track:1149, 684, 634, 341, 179
track:1150, 686, 637, 341, 179
init :1151, 789, 633, 203, 173
track:1152, 790, 634, 203, 173
track:1153, 784, 634, 203, 173
track:1154, 782, 637, 203, 173
track:1155, 782, 637, 203, 173
track:1156, 784, 640, 203, 173
track:1157, 788, 640, 203, 173
track:1158, 788, 641, 203, 173
track:1159, 785, 639, 203, 173
track:1160, 786, 638, 203, 173
track:1161, 788, 639, 203, 173
track:1162, 789, 638, 203, 173
track:1163, 792, 640, 203, 173
track:1164, 797, 640, 203, 173
track:1165, 796, 641, 203, 173
track:1166, 792, 641, 203, 173
track:1167, 784, 643, 203, 173
track:1168, 784, 641, 203, 173
track:1169, 776, 641, 203, 173
track:1170, 777, 640, 203, 173
track:1171, 776, 641, 203, 173
track:1172, 766, 636, 213, 182
track:1173, 763, 636, 213, 182
init :1174, 766, 636, 350, 160
track:1175, 766, 636, 350, 160
track:1176, 768, 637, 350, 160
track:1177, 777, 641, 333, 152
track:1178, 783, 643, 333, 152
track:1179, 782, 640, 333, 152
track:1180, 774, 633, 350, 160
track:1181, 777, 632, 350, 160
track:1182, 781, 630, 350, 160
track:1183, 775, 624, 367, 168
track:1184, 781, 628, 350, 160
track:1185, 783, 629, 350, 160
track:1186, 784, 627, 350, 160
track:1187, 789, 628, 350, 160
track:1188, 793, 627, 350, 160
track:1189, 796, 625, 350, 160
track:1190, 789, 625, 350, 160
track:1191, 791, 623, 350, 160
track:1192, 792, 624, 350, 160
track:1193, 803, 622, 350, 160
track:1194, 801, 624, 333, 152
track:1195, 816, 626, 317, 145
track:1196, 814, 624, 317, 145
init :1197, 793, 630, 373, 111
track:1198, 791, 630, 373, 111
track:1199, 796, 632, 355, 106
track:1200, 788, 630, 373, 111
track:1201, 787, 629, 373, 111
track:1202, 788, 628, 373, 111
track:1203, 799, 631, 355, 106
track:1204, 802, 630, 355, 106
track:1205, 804, 630, 355, 106
track:1206, 808, 629, 355, 106
track:1207, 810, 630, 355, 106
track:1208, 820, 633, 338, 101
track:1209, 821, 633, 338, 101
track:1210, 829, 633, 338, 101
track:1211, 832, 634, 338, 101
track:1212, 829, 632, 355, 106
track:1213, 823, 631, 373, 111
track:1214, 822, 630, 373, 111
track:1215, 836, 635, 355, 106
track:1216, 834, 635, 355, 106
track:1217, 834, 635, 355, 106
track:1218, 838, 637, 355, 106
track:1219, 844, 638, 338, 101
init :1220, 881, 649, 318, 101
track:1221, 881, 650, 318, 101
track:1222, 880, 652, 318, 101
track:1223, 878, 652, 318, 101
track:1224, 878, 653, 318, 101
track:1225, 887, 656, 303, 96
track:1226, 887, 657, 303, 96
track:1227, 892, 660, 288, 92
track:1228, 897, 663, 275, 87
track:1229, 896, 663, 275, 87
track:1230, 895, 663, 275, 87
track:1231, 895, 663, 275, 87
track:1232, 895, 663, 275, 87
track:1233, 895, 664, 275, 87
track:1234, 895, 665, 275, 87
track:1235, 897, 667, 262, 83
track:1236, 893, 668, 262, 83
track:1237, 896, 670, 249, 79
track:1238, 897, 671, 249, 79
track:1239, 892, 670, 249, 79
track:1240, 901, 672, 237, 75
track:1241, 907, 673, 226, 72
track:1242, 899, 673, 237, 75
init :1243, 936, 669, 193, 96
track:1244, 936, 669, 193, 96
track:1245, 940, 671, 184, 91
track:1246, 938, 671, 184, 91
track:1247, 932, 672, 184, 91
track:1248, 936, 675, 175, 87
track:1249, 935, 675, 175, 87
track:1250, 937, 676, 167, 83
track:1251, 932, 675, 167, 83
track:1252, 931, 675, 159, 79
track:1253, 919, 673, 167, 83
track:1254, 921, 672, 167, 83
track:1255, 912, 670, 167, 83
track:1256, 902, 670, 167, 83
track:1257, 896, 669, 167, 83
track:1258, 893, 666, 167, 83
track:1259, 892, 667, 167, 83
track:1260, 888, 664, 167, 83
track:1261, 882, 663, 167, 83
track:1262, 879, 661, 167, 83
track:1263, 869, 660, 167, 83
track:1264, 867, 659, 167, 83
track:1265, 865, 656, 175, 87
init :1266, 946, 659, 101, 83
track:1267, 946, 658, 101, 83
track:1268, 944, 657, 101, 83
track:1269, 945, 656, 101, 83
track:1270, 941, 656, 101, 83
track:1271, 939, 656, 101, 83
track:1272, 935, 656, 101, 83
track:1273, 931, 657, 96, 79
track:1274, 932, 656, 96, 79
track:1275, 927, 656, 96, 79
track:1276, 923, 655, 96, 79
track:1277, 918, 656, 96, 79
track:1278, 910, 657, 96, 79
track:1279, 910, 658, 96, 79
track:1280, 904, 660, 92, 75
track:1281, 897, 660, 92, 75
track:1282, 889, 662, 92, 75
track:1283, 886, 662, 92, 75
track:1284, 887, 663, 87, 72
track:1285, 880, 664, 87, 72
track:1286, 874, 663, 87, 72
track:1287, 873, 662, 87, 72
track:1288, 871, 661, 87, 72
init :1289, 872, 659, 143, 72
track:1290, 871, 659, 143, 72
track:1291, 870, 660, 143, 72
track:1292, 868, 660, 143, 72
track:1293, 867, 660, 143, 72
track:1294, 865, 660, 143, 72
track:1295, 865, 660, 143, 72
track:1296, 864, 659, 143, 72
track:1297, 865, 659, 143, 72
track:1298, 864, 659, 143, 72
track:1299, 864, 659, 143, 72
track:1300, 866, 661, 136, 69
track:1301, 865, 661, 136, 69
track:1302, 865, 661, 136, 69
track:1303, 866, 663, 130, 65
track:1304, 866, 663, 130, 65
track:1305, 867, 662, 130, 65
track:1306, 867, 662, 130, 65
track:1307, 868, 663, 130, 65
track:1308, 867, 664, 130, 65
track:1309, 866, 665, 130, 65
track:1310, 867, 665, 130, 65
track:1311, 869, 665, 130, 65
init :1312, 867, 667, 161, 57
track:1313, 867, 667, 161, 57
track:1314, 867, 667, 161, 57
track:1315, 866, 668, 161, 57
track:1316, 869, 670, 153, 54
track:1317, 862, 670, 161, 57
track:1318, 856, 669, 169, 60
track:1319, 856, 669, 169, 60
track:1320, 850, 668, 178, 63
track:1321, 854, 670, 169, 60
track:1322, 855, 671, 169, 60
track:1323, 856, 672, 169, 60
track:1324, 857, 671, 169, 60
track:1325, 860, 672, 169, 60
track:1326, 864, 674, 161, 57
track:1327, 866, 675, 161, 57
track:1328, 866, 676, 161, 57
track:1329, 867, 676, 161, 57
track:1330, 865, 677, 161, 57
track:1331, 865, 677, 161, 57
track:1332, 862, 678, 161, 57
track:1333, 855, 676, 169, 60
track:1334, 853, 676, 169, 60
init :1335, 858, 675, 170, 54
track:1336, 855, 675, 170, 54
track:1337, 852, 675, 170, 54
track:1338, 849, 675, 170, 54
track:1339, 848, 675, 170, 54
track:1340, 848, 675, 170, 54
track:1341, 848, 675, 170, 54
track:1342, 847, 676, 170, 54
track:1343, 847, 676, 170, 54
track:1344, 845, 676, 170, 54
track:1345, 845, 677, 170, 54
track:1346, 846, 677, 170, 54
track:1347, 847, 677, 170, 54
track:1348, 843, 676, 178, 57
track:1349, 842, 678, 178, 57
track:1350, 841, 678, 178, 57
track:1351, 840, 678, 178, 57
track:1352, 838, 678, 178, 57
track:1353, 839, 678, 178, 57
track:1354, 838, 679, 178, 57
track:1355, 837, 679, 178, 57
track:1356, 842, 680, 170, 54
track:1357, 843, 680, 170, 54
init :1358, 849, 682, 175, 49
track:1359, 849, 682, 175, 49
track:1360, 849, 682, 175, 49
track:1361, 847, 681, 175, 49
track:1362, 844, 682, 184, 51
track:1363, 845, 682, 184, 51
track:1364, 849, 683, 175, 49
track:1365, 850, 683, 175, 49
track:1366, 849, 683, 175, 49
track:1367, 850, 683, 175, 49
track:1368, 849, 684, 175, 49
track:1369, 850, 683, 175, 49
track:1370, 847, 685, 175, 49
track:1371, 841, 685, 184, 51
track:1372, 839, 686, 184, 51
track:1373, 836, 687, 184, 51
track:1374, 836, 687, 184, 51
track:1375, 836, 687, 184, 51
track:1376, 834, 687, 184, 51
track:1377, 832, 686, 184, 51
track:1378, 828, 687, 184, 51
track:1379, 826, 688, 184, 51
track:1380, 820, 689, 184, 51
init :1381, 816, 695, 193, 62
track:1382, 814, 696, 193, 62
track:1383, 812, 696, 193, 62
track:1384, 810, 697, 193, 62
track:1385, 813, 699, 184, 59
track:1386, 809, 698, 193, 62
track:1387, 810, 699, 193, 62
track:1388, 813, 700, 193, 62
track:1389, 815, 701, 193, 62
track:1390, 817, 702, 193, 62
track:1391, 825, 704, 184, 59
track:1392, 829, 705, 184, 59
track:1393, 833, 707, 184, 59
track:1394, 834, 707, 184, 59
track:1395, 837, 707, 184, 59
track:1396, 838, 708, 184, 59
track:1397, 834, 709, 193, 62
track:1398, 829, 709, 203, 65
track:1399, 833, 710, 193, 62
track:1400, 829, 711, 193, 62
track:1401, 821, 710, 203, 65
track:1402, 816, 711, 203, 65
track:1403, 810, 712, 203, 65
init :1404, 812, 708, 212, 67
track:1405, 809, 708, 212, 67
track:1406, 802, 707, 223, 70
track:1407, 799, 706, 223, 70
track:1408, 797, 706, 223, 70
track:1409, 794, 706, 223, 70
track:1410, 793, 706, 223, 70
track:1411, 794, 706, 223, 70
track:1412, 795, 706, 223, 70
track:1413, 789, 705, 234, 74
track:1414, 790, 705, 234, 74
track:1415, 790, 705, 234, 74
track:1416, 791, 706, 234, 74
track:1417, 791, 708, 234, 74
track:1418, 788, 708, 234, 74
track:1419, 788, 708, 234, 74
track:1420, 786, 710, 234, 74
track:1421, 785, 710, 234, 74
track:1422, 784, 710, 234, 74
track:1423, 785, 711, 234, 74
track:1424, 786, 711, 234, 74
track:1425, 785, 711, 234, 74
track:1426, 785, 711, 234, 74
init :1427, 793, 719, 244, 90
track:1428, 792, 719, 244, 90
track:1429, 791, 719, 244, 90
track:1430, 797, 721, 232, 86
track:1431, 794, 722, 232, 86
track:1432, 794, 724, 232, 86
track:1433, 793, 724, 232, 86
track:1434, 792, 724, 232, 86
track:1435, 790, 725, 232, 86
track:1436, 782, 724, 244, 90
track:1437, 782, 725, 244, 90
track:1438, 782, 726, 244, 90
track:1439, 782, 727, 244, 90
track:1440, 781, 729, 244, 90
track:1441, 770, 728, 256, 94
track:1442, 767, 728, 256, 94
track:1443, 765, 728, 256, 94
track:1444, 754, 726, 269, 99
track:1445, 753, 725, 269, 99
track:1446, 746, 726, 269, 99
track:1447, 750, 727, 256, 94
track:1448, 750, 727, 256, 94
track:1449, 749, 727, 256, 94
init :1450, 766, 716, 240, 124
track:1451, 768, 716, 240, 124
track:1452, 770, 716, 240, 124
track:1453, 780, 719, 229, 118
track:1454, 781, 720, 229, 118
track:1455, 785, 720, 229, 118
track:1456, 791, 720, 229, 118
track:1457, 795, 720, 229, 118
track:1458, 798, 721, 229, 118
track:1459, 801, 721, 229, 118
track:1460, 805, 723, 229, 118
track:1461, 811, 723, 229, 118
track:1462, 811, 724, 229, 118
track:1463, 815, 726, 218, 112
track:1464, 816, 727, 218, 112
track:1465, 826, 729, 207, 107
track:1466, 830, 731, 207, 107
track:1467, 833, 733, 207, 107
track:1468, 833, 732, 207, 107
track:1469, 830, 734, 207, 107
track:1470, 833, 735, 218, 112
track:1471, 831, 733, 218, 112
track:1472, 810, 733, 218, 112
init :1473, 853, 690, 156, 158
track:1474, 850, 688, 156, 158
track:1475, 846, 686, 156, 158
track:1476, 845, 684, 156, 158
track:1477, 845, 683, 156, 158
track:1478, 845, 683, 156, 158
track:1479, 845, 680, 156, 158
track:1480, 845, 678, 156, 158
track:1481, 847, 675, 156, 158
track:1482, 854, 671, 156, 158
track:1483, 854, 670, 156, 158
track:1484, 859, 670, 156, 158
track:1485, 866, 668, 156, 158
track:1486, 871, 667, 156, 158
track:1487, 874, 663, 156, 158
track:1488, 871, 659, 164, 166
track:1489, 878, 662, 156, 158
track:1490, 885, 664, 149, 150
track:1491, 888, 661, 149, 150
track:1492, 889, 658, 149, 150
track:1493, 888, 658, 149, 150
track:1494, 888, 656, 149, 150
track:1495, 887, 656, 141, 143
init :1496, 858, 649, 290, 145
track:1497, 856, 647, 290, 145
track:1498, 856, 647, 290, 145
track:1499, 849, 642, 304, 152
track:1500, 840, 638, 304, 152
track:1501, 833, 634, 304, 152
track:1502, 830, 628, 304, 152
track:1503, 834, 630, 290, 145
track:1504, 839, 631, 276, 138
track:1505, 831, 625, 290, 145
track:1506, 831, 623, 290, 145
track:1507, 823, 617, 290, 145
track:1508, 828, 616, 290, 145
track:1509, 820, 611, 304, 152
track:1510, 821, 610, 304, 152
track:1511, 818, 606, 304, 152
track:1512, 807, 606, 304, 152
track:1513, 805, 604, 304, 152
track:1514, 794, 602, 290, 145
track:1515, 776, 605, 276, 138
track:1516, 745, 602, 290, 145
track:1517, 722, 603, 290, 145
track:1518, 734, 606, 276, 138
init :1519, 724, 623, 286, 109
track:1520, 701, 623, 286, 109
track:1521, 679, 624, 286, 109
track:1522, 675, 627, 272, 104
track:1523, 674, 627, 272, 104
track:1524, 666, 628, 272, 104
track:1525, 664, 628, 272, 104
track:1526, 667, 629, 272, 104
track:1527, 664, 625, 286, 109
track:1528, 672, 628, 272, 104
track:1529, 703, 630, 259, 99
track:1530, 722, 628, 259, 99
track:1531, 749, 628, 259, 99
track:1532, 775, 627, 259, 99
track:1533, 782, 629, 247, 94
track:1534, 805, 629, 247, 94
track:1535, 831, 628, 247, 94
track:1536, 852, 627, 247, 94
track:1537, 872, 628, 247, 94
track:1538, 869, 628, 247, 94
track:1539, 890, 629, 247, 94
track:1540, 891, 629, 247, 94
track:1541, 896, 631, 247, 94
init :1542, 909, 646, 230, 77
track:1543, 909, 646, 230, 77
track:1544, 908, 646, 230, 77
track:1545, 910, 650, 219, 73
track:1546, 907, 650, 219, 73
track:1547, 893, 653, 219, 73
track:1548, 899, 655, 209, 70
track:1549, 891, 656, 209, 70
track:1550, 888, 659, 209, 70
track:1551, 870, 660, 209, 70
track:1552, 869, 662, 209, 70
track:1553, 868, 662, 209, 70
track:1554, 871, 665, 199, 67
track:1555, 870, 666, 199, 67
track:1556, 870, 667, 199, 67
track:1557, 871, 668, 199, 67
track:1558, 873, 668, 199, 67
track:1559, 880, 670, 189, 63
track:1560, 886, 671, 180, 60
track:1561, 889, 671, 180, 60
track:1562, 892, 672, 180, 60
track:1563, 898, 673, 172, 57
track:1564, 900, 674, 172, 57
init :1565, 909, 669, 184, 72
track:1566, 910, 669, 184, 72
track:1567, 909, 668, 184, 72
track:1568, 908, 669, 184, 72
track:1569, 907, 669, 184, 72
track:1570, 903, 670, 184, 72
track:1571, 906, 672, 175, 69
track:1572, 909, 674, 167, 65
track:1573, 910, 674, 167, 65
track:1574, 904, 674, 167, 65
track:1575, 904, 676, 159, 62
track:1576, 902, 676, 159, 62
track:1577, 899, 676, 159, 62
track:1578, 899, 677, 159, 62
track:1579, 895, 677, 159, 62
track:1580, 891, 677, 159, 62
track:1581, 890, 677, 159, 62
track:1582, 884, 676, 159, 62
track:1583, 889, 679, 151, 59
track:1584, 889, 679, 151, 59
track:1585, 883, 679, 151, 59
track:1586, 888, 681, 144, 56
track:1587, 889, 682, 144, 56
init :1588, 904, 677, 133, 72
track:1589, 905, 677, 133, 72
track:1590, 905, 678, 133, 72
track:1591, 904, 679, 133, 72
track:1592, 904, 679, 133, 72
track:1593, 906, 681, 127, 69
track:1594, 906, 681, 127, 69
track:1595, 904, 681, 127, 69
track:1596, 902, 681, 127, 69
track:1599, 899, 682, 127, 69
track:1600, 898, 682, 127, 69
track:1601, 895, 682, 127, 69
track:1602, 894, 682, 127, 69
track:1603, 893, 681, 127, 69
track:1604, 892, 682, 121, 65
track:1605, 895, 684, 115, 62
track:1606, 892, 685, 115, 62
track:1607, 889, 687, 115, 62
track:1608, 892, 687, 109, 59
elapseTime: 17.885
