init :7, 821, 630, 235, 197
track:8, 821, 630, 235, 197
init :9, 821, 633, 235, 194
track:10, 821, 633, 235, 194
track:11, 822, 634, 235, 194
track:12, 822, 634, 235, 194
track:13, 823, 634, 235, 194
track:14, 824, 633, 235, 194
track:15, 824, 633, 235, 194
track:16, 823, 634, 235, 194
init :17, 821, 633, 240, 194
track:18, 821, 633, 240, 194
track:19, 820, 634, 240, 194
track:20, 821, 634, 240, 194
track:21, 823, 635, 240, 194
track:22, 824, 635, 240, 194
track:23, 824, 634, 240, 194
track:24, 823, 635, 240, 194
init :25, 821, 633, 240, 197
track:26, 821, 634, 240, 197
track:27, 822, 634, 240, 197
track:28, 822, 634, 240, 197
track:29, 823, 633, 240, 197
track:30, 823, 634, 240, 197
track:31, 821, 632, 240, 197
track:32, 821, 633, 240, 197
init :33, 826, 630, 240, 197
track:34, 826, 630, 240, 197
track:35, 826, 630, 240, 197
track:36, 826, 630, 240, 197
track:37, 826, 630, 240, 197
track:38, 827, 629, 240, 197
track:39, 827, 630, 240, 197
track:40, 828, 628, 240, 197
init :41, 826, 633, 240, 197
track:42, 826, 633, 240, 197
track:43, 828, 634, 240, 197
track:44, 827, 634, 240, 197
track:45, 827, 634, 240, 197
track:46, 828, 633, 240, 197
track:48, 828, 633, 240, 197
init :49, 826, 630, 235, 197
track:50, 827, 630, 235, 197
track:51, 827, 630, 235, 197
track:52, 826, 629, 235, 197
track:53, 826, 629, 235, 197
track:54, 826, 630, 235, 197
track:55, 828, 629, 235, 197
track:56, 826, 630, 235, 197
init :57, 830, 630, 230, 199
track:58, 829, 630, 230, 199
track:59, 830, 630, 230, 199
track:60, 831, 629, 230, 199
track:61, 830, 630, 230, 199
track:62, 829, 630, 230, 199
track:63, 829, 630, 230, 199
track:64, 829, 630, 230, 199
init :65, 826, 630, 240, 199
track:66, 826, 631, 240, 199
track:67, 826, 629, 240, 199
track:68, 825, 629, 240, 199
track:69, 824, 629, 240, 199
track:70, 823, 629, 240, 199
track:71, 824, 628, 240, 199
track:72, 819, 623, 252, 209
init :73, 826, 630, 235, 197
track:74, 826, 630, 235, 197
track:75, 826, 630, 235, 197
track:76, 825, 631, 235, 197
track:77, 826, 631, 235, 197
track:78, 824, 631, 235, 197
track:79, 825, 631, 235, 197
track:80, 826, 631, 235, 197
init :81, 826, 630, 235, 197
track:82, 826, 630, 235, 197
track:83, 826, 631, 235, 197
track:84, 826, 630, 235, 197
track:85, 826, 631, 235, 197
track:86, 826, 631, 235, 197
track:87, 826, 631, 235, 197
track:88, 827, 632, 235, 197
init :89, 826, 633, 240, 197
track:90, 826, 633, 240, 197
track:91, 827, 633, 240, 197
track:92, 827, 633, 240, 197
track:93, 827, 634, 240, 197
track:94, 827, 633, 240, 197
track:95, 827, 633, 240, 197
track:96, 828, 633, 240, 197
init :97, 826, 628, 240, 197
track:98, 827, 627, 240, 197
track:99, 827, 628, 240, 197
track:100, 829, 628, 240, 197
track:101, 829, 627, 240, 197
track:102, 830, 627, 240, 197
track:103, 831, 626, 240, 197
track:104, 830, 626, 240, 197
init :105, 835, 625, 230, 199
track:106, 836, 625, 230, 199
track:107, 837, 623, 230, 199
track:108, 837, 622, 230, 199
track:109, 838, 621, 230, 199
track:110, 838, 620, 230, 199
track:111, 838, 619, 230, 199
track:112, 838, 618, 230, 199
init :113, 844, 623, 212, 173
track:114, 844, 623, 212, 173
track:115, 845, 622, 212, 173
track:116, 846, 620, 212, 173
track:117, 847, 617, 212, 173
track:120, 849, 615, 212, 173
init :121, 853, 615, 198, 160
track:122, 854, 615, 198, 160
track:123, 853, 613, 198, 160
track:124, 853, 614, 198, 160
track:125, 856, 615, 189, 152
track:126, 855, 613, 189, 152
track:127, 852, 611, 189, 152
track:128, 851, 611, 189, 152
init :129, 858, 607, 189, 166
track:130, 858, 609, 189, 166
track:131, 858, 610, 189, 166
track:132, 860, 614, 189, 166
track:133, 867, 620, 180, 158
track:134, 861, 616, 189, 166
track:135, 862, 617, 189, 166
track:136, 863, 618, 189, 166
init :137, 863, 620, 175, 158
track:138, 860, 616, 184, 166
track:139, 860, 616, 184, 166
track:140, 860, 617, 184, 166
track:141, 858, 617, 184, 166
track:142, 856, 618, 184, 166
track:143, 859, 623, 175, 158
track:144, 861, 623, 175, 158
init :145, 858, 625, 180, 150
track:146, 858, 625, 180, 150
track:147, 859, 627, 180, 150
track:148, 860, 629, 180, 150
track:149, 864, 633, 171, 143
track:150, 864, 636, 171, 143
track:151, 865, 639, 171, 143
track:152, 865, 642, 171, 143
init :153, 863, 641, 170, 163
track:154, 863, 641, 170, 163
track:155, 863, 642, 170, 163
track:156, 864, 644, 170, 163
track:157, 866, 645, 170, 163
track:158, 867, 645, 170, 163
track:159, 867, 647, 170, 163
track:160, 865, 646, 170, 163
init :161, 863, 651, 170, 155
track:162, 861, 650, 170, 155
track:163, 859, 650, 170, 155
track:164, 859, 651, 170, 155
track:165, 858, 651, 170, 155
track:166, 859, 651, 170, 155
track:167, 859, 651, 170, 155
track:168, 859, 652, 170, 155
init :169, 863, 659, 166, 150
track:170, 863, 659, 166, 150
track:171, 866, 658, 166, 150
track:172, 868, 657, 166, 150
track:173, 867, 657, 166, 150
track:174, 866, 656, 166, 150
track:175, 864, 657, 166, 150
track:176, 862, 657, 166, 150
init :177, 863, 651, 161, 155
track:178, 864, 651, 161, 155
track:179, 864, 652, 161, 155
track:180, 865, 654, 161, 155
track:181, 865, 655, 161, 155
track:182, 867, 658, 161, 155
track:183, 868, 660, 161, 155
track:184, 870, 661, 161, 155
init :185, 872, 654, 161, 163
track:186, 870, 652, 161, 163
track:187, 867, 648, 161, 163
track:188, 863, 647, 161, 163
track:189, 862, 645, 161, 163
track:190, 859, 642, 161, 163
track:191, 859, 641, 161, 163
track:192, 857, 639, 161, 163
init :193, 858, 643, 161, 150
track:194, 858, 643, 161, 150
track:195, 860, 642, 161, 150
track:196, 861, 641, 161, 150
track:197, 860, 639, 161, 150
track:198, 858, 640, 161, 150
track:199, 858, 640, 161, 150
track:200, 857, 643, 161, 150
init :201, 853, 638, 156, 145
track:202, 853, 636, 156, 145
track:203, 852, 634, 156, 145
track:204, 853, 633, 156, 145
track:205, 854, 632, 156, 145
track:206, 855, 631, 156, 145
track:207, 852, 630, 156, 145
track:208, 852, 629, 156, 145
init :209, 853, 630, 152, 137
track:210, 852, 628, 152, 137
track:211, 851, 627, 152, 137
track:212, 852, 624, 152, 137
track:213, 852, 623, 152, 137
track:214, 852, 623, 152, 137
track:215, 852, 622, 152, 137
track:216, 851, 622, 152, 137
init :217, 849, 630, 147, 124
track:218, 849, 630, 147, 124
track:219, 849, 631, 147, 124
track:220, 849, 636, 147, 124
track:221, 848, 638, 147, 124
track:222, 848, 640, 147, 124
track:223, 848, 641, 147, 124
track:224, 848, 643, 147, 124
init :225, 853, 646, 138, 122
track:226, 853, 647, 138, 122
track:227, 854, 648, 138, 122
track:228, 854, 649, 138, 122
track:229, 854, 649, 138, 122
track:230, 854, 648, 138, 122
track:231, 854, 647, 138, 122
track:232, 853, 645, 138, 122
init :233, 858, 649, 124, 103
track:234, 858, 649, 124, 103
track:235, 858, 648, 124, 103
track:236, 859, 647, 124, 103
track:237, 861, 649, 124, 103
track:238, 861, 649, 124, 103
track:239, 862, 650, 124, 103
track:240, 862, 652, 124, 103
init :241, 863, 651, 120, 101
track:242, 864, 651, 120, 101
track:243, 864, 651, 120, 101
track:244, 864, 652, 120, 101
track:245, 864, 652, 120, 101
track:246, 864, 653, 120, 101
track:247, 864, 654, 120, 101
track:248, 865, 654, 120, 101
init :249, 863, 656, 120, 88
track:250, 863, 658, 120, 88
track:251, 864, 660, 120, 88
track:252, 865, 662, 120, 88
track:253, 865, 663, 120, 88
track:254, 866, 665, 120, 88
track:255, 866, 668, 120, 88
track:256, 866, 669, 120, 88
init :257, 867, 672, 124, 96
track:258, 867, 672, 124, 96
track:259, 867, 675, 124, 96
track:260, 868, 676, 124, 96
track:261, 869, 677, 124, 96
track:262, 869, 678, 124, 96
track:263, 868, 679, 124, 96
track:264, 866, 678, 130, 101
init :265, 867, 680, 124, 96
track:266, 867, 681, 124, 96
track:267, 868, 683, 124, 96
track:268, 868, 684, 124, 96
track:269, 868, 685, 124, 96
track:270, 868, 687, 124, 96
track:271, 866, 688, 130, 101
track:272, 867, 691, 130, 101
init :273, 867, 690, 129, 103
track:274, 868, 693, 129, 103
track:275, 867, 694, 129, 103
track:276, 869, 697, 129, 103
track:277, 866, 697, 135, 108
track:278, 866, 697, 135, 108
track:279, 864, 695, 142, 114
track:280, 866, 693, 142, 114
init :281, 867, 687, 138, 122
track:282, 869, 690, 138, 122
track:283, 869, 690, 138, 122
track:284, 870, 692, 138, 122
track:285, 872, 694, 138, 122
track:286, 874, 694, 138, 122
track:287, 876, 691, 138, 122
track:288, 874, 686, 145, 128
init :289, 872, 677, 161, 150
track:290, 872, 673, 161, 150
track:291, 872, 667, 161, 150
track:292, 870, 659, 169, 158
track:293, 871, 659, 169, 158
track:294, 871, 657, 169, 158
track:295, 869, 650, 178, 165
track:296, 871, 650, 178, 165
init :297, 858, 641, 198, 189
track:298, 858, 641, 198, 189
track:299, 852, 637, 208, 198
track:300, 850, 638, 208, 198
track:301, 849, 641, 208, 198
track:302, 847, 645, 208, 198
track:303, 841, 641, 218, 208
track:304, 833, 642, 229, 219
init :305, 816, 641, 267, 225
track:306, 814, 640, 267, 225
track:307, 808, 633, 280, 236
track:308, 807, 633, 280, 236
track:309, 807, 631, 280, 236
track:310, 802, 622, 280, 236
track:311, 803, 611, 280, 236
track:312, 803, 600, 280, 236
init :313, 812, 607, 263, 218
track:314, 813, 601, 263, 218
track:315, 813, 593, 263, 218
track:316, 813, 586, 263, 218
track:317, 822, 584, 250, 208
track:318, 822, 582, 250, 208
track:319, 823, 581, 250, 208
track:320, 827, 570, 250, 208
init :321, 858, 568, 207, 184
track:322, 858, 568, 207, 184
track:323, 858, 568, 207, 184
track:324, 857, 571, 207, 184
track:325, 857, 571, 207, 184
track:326, 856, 565, 207, 184
track:327, 853, 566, 207, 184
track:328, 853, 565, 207, 184
init :329, 853, 581, 193, 171
track:330, 852, 586, 193, 171
track:331, 850, 589, 193, 171
track:332, 848, 592, 193, 171
track:333, 848, 593, 193, 171
track:334, 847, 595, 193, 171
track:335, 847, 596, 193, 171
track:336, 847, 599, 193, 171
init :337, 853, 599, 184, 168
track:338, 853, 599, 184, 168
track:339, 853, 595, 184, 168
track:340, 854, 594, 184, 168
track:341, 854, 594, 184, 168
track:342, 855, 593, 184, 168
track:343, 855, 593, 184, 168
track:344, 854, 591, 184, 168
init :345, 863, 599, 170, 145
track:346, 863, 601, 170, 145
track:347, 862, 602, 170, 145
track:348, 863, 603, 170, 145
track:349, 868, 608, 162, 138
track:350, 867, 613, 162, 138
track:351, 867, 616, 162, 138
track:352, 867, 619, 162, 138
init :353, 872, 628, 147, 119
track:354, 871, 630, 147, 119
track:355, 872, 631, 147, 119
track:356, 871, 632, 147, 119
track:357, 875, 635, 140, 113
track:358, 873, 635, 140, 113
track:359, 874, 636, 140, 113
track:360, 874, 636, 140, 113
init :361, 872, 636, 138, 98
track:362, 871, 636, 138, 98
track:363, 871, 636, 138, 98
track:364, 871, 637, 138, 98
track:365, 871, 638, 138, 98
track:366, 871, 639, 138, 98
track:367, 871, 640, 138, 98
track:368, 871, 641, 138, 98
init :369, 876, 646, 124, 96
track:370, 875, 651, 124, 96
track:371, 875, 657, 124, 96
track:372, 874, 661, 124, 96
track:373, 874, 662, 124, 96
track:374, 874, 662, 124, 96
track:375, 874, 664, 124, 96
track:376, 870, 664, 124, 96
init :377, 867, 664, 115, 101
track:378, 867, 664, 115, 101
track:379, 867, 665, 115, 101
track:380, 866, 665, 115, 101
track:381, 866, 664, 115, 101
track:382, 864, 664, 115, 101
track:383, 864, 664, 115, 101
track:384, 863, 664, 115, 101
init :385, 863, 662, 110, 93
track:386, 863, 662, 110, 93
track:387, 864, 663, 110, 93
track:388, 864, 663, 110, 93
track:389, 863, 662, 110, 93
track:390, 863, 662, 110, 93
track:391, 863, 665, 110, 93
track:392, 863, 668, 110, 93
init :393, 863, 669, 115, 85
track:394, 863, 670, 115, 85
track:395, 864, 675, 115, 85
track:396, 864, 680, 115, 85
track:397, 865, 683, 115, 85
track:398, 866, 684, 115, 85
track:399, 867, 687, 115, 85
track:400, 869, 693, 115, 85
init :401, 876, 703, 101, 85
track:402, 877, 707, 101, 85
track:403, 877, 707, 101, 85
track:404, 878, 709, 101, 85
track:405, 879, 710, 101, 85
track:406, 879, 709, 101, 85
track:407, 880, 709, 101, 85
track:408, 880, 710, 101, 85
init :409, 876, 700, 106, 83
track:410, 876, 698, 106, 83
track:411, 877, 696, 106, 83
track:412, 878, 694, 106, 83
track:413, 878, 694, 106, 83
track:414, 878, 693, 106, 83
track:415, 878, 694, 106, 83
track:416, 878, 696, 106, 83
init :417, 886, 698, 101, 80
track:418, 886, 698, 101, 80
track:419, 886, 699, 101, 80
track:420, 884, 700, 101, 80
track:421, 882, 700, 101, 80
track:422, 882, 698, 101, 80
track:423, 882, 698, 101, 80
track:424, 882, 694, 101, 80
init :425, 876, 698, 106, 72
track:426, 875, 697, 106, 72
track:427, 875, 696, 106, 72
track:428, 874, 695, 106, 72
track:429, 874, 695, 106, 72
track:430, 873, 696, 106, 72
track:431, 874, 696, 106, 72
track:432, 873, 696, 106, 72
init :433, 872, 690, 110, 83
track:434, 871, 690, 110, 83
track:435, 871, 691, 110, 83
track:436, 871, 691, 110, 83
track:437, 870, 693, 110, 83
track:438, 870, 694, 110, 83
track:439, 871, 695, 110, 83
track:440, 872, 696, 110, 83
init :441, 867, 693, 115, 88
track:442, 868, 694, 115, 88
track:443, 868, 694, 115, 88
track:444, 867, 695, 115, 88
track:445, 867, 696, 115, 88
track:446, 867, 697, 115, 88
track:447, 868, 696, 115, 88
track:448, 868, 696, 115, 88
init :449, 867, 693, 115, 85
track:450, 867, 693, 115, 85
track:451, 867, 695, 115, 85
track:452, 868, 697, 115, 85
track:453, 868, 698, 115, 85
track:454, 869, 698, 115, 85
track:455, 868, 696, 121, 89
track:456, 868, 697, 121, 89
init :457, 872, 693, 124, 93
track:458, 872, 693, 124, 93
track:459, 872, 693, 124, 93
track:460, 872, 691, 124, 93
track:461, 872, 691, 124, 93
track:462, 873, 692, 124, 93
track:463, 873, 690, 124, 93
track:464, 870, 686, 130, 98
init :465, 867, 685, 129, 96
track:466, 867, 686, 129, 96
track:467, 869, 689, 123, 91
track:468, 866, 688, 129, 96
track:469, 867, 688, 129, 96
track:470, 867, 689, 129, 96
track:471, 865, 689, 135, 101
track:472, 866, 688, 135, 101
init :473, 867, 685, 133, 111
track:474, 867, 687, 133, 111
track:475, 865, 684, 140, 117
track:476, 868, 683, 140, 117
track:477, 868, 683, 140, 117
track:478, 869, 682, 140, 117
track:479, 872, 680, 140, 117
track:480, 873, 671, 140, 117
init :481, 872, 669, 147, 124
track:482, 872, 669, 147, 124
track:483, 875, 663, 147, 124
track:484, 876, 662, 147, 124
track:485, 874, 658, 154, 130
track:486, 875, 663, 154, 130
track:487, 875, 663, 154, 130
track:488, 873, 667, 154, 130
init :490, 867, 662, 170, 155
track:491, 860, 660, 178, 163
track:492, 864, 664, 170, 155
track:493, 862, 665, 170, 155
track:494, 862, 664, 170, 155
track:495, 859, 657, 170, 155
track:496, 857, 652, 170, 155
init :497, 858, 649, 166, 145
track:498, 858, 647, 166, 145
track:499, 857, 644, 166, 145
track:500, 856, 640, 166, 145
track:501, 855, 637, 166, 145
track:502, 855, 635, 166, 145
track:503, 855, 632, 166, 145
track:504, 855, 632, 166, 145
init :505, 853, 630, 156, 140
track:506, 852, 630, 156, 140
track:507, 853, 630, 156, 140
track:508, 848, 625, 164, 147
track:509, 848, 622, 164, 147
track:510, 848, 620, 164, 147
track:511, 848, 618, 164, 147
track:512, 851, 620, 156, 140
init :513, 853, 623, 156, 142
track:514, 853, 624, 156, 142
track:515, 854, 625, 156, 142
track:516, 853, 624, 156, 142
track:517, 854, 625, 156, 142
track:518, 858, 626, 149, 135
track:519, 857, 625, 149, 135
track:520, 858, 625, 149, 135
init :521, 858, 625, 152, 111
track:522, 858, 625, 152, 111
track:523, 857, 628, 152, 111
track:524, 858, 630, 152, 111
track:525, 860, 633, 152, 111
track:526, 864, 636, 145, 106
track:527, 864, 636, 145, 106
track:528, 864, 636, 145, 106
init :529, 867, 636, 138, 98
track:530, 868, 635, 138, 98
track:531, 868, 634, 138, 98
track:532, 869, 635, 138, 98
track:533, 870, 637, 138, 98
track:534, 871, 637, 138, 98
track:535, 870, 638, 138, 98
track:536, 870, 641, 138, 98
init :537, 872, 641, 124, 98
track:538, 872, 642, 124, 98
track:539, 872, 645, 124, 98
track:540, 873, 645, 124, 98
track:543, 871, 647, 124, 98
track:544, 871, 647, 124, 98
init :546, 872, 656, 115, 83
track:547, 872, 656, 115, 83
track:548, 871, 658, 115, 83
track:549, 871, 661, 115, 83
track:550, 870, 663, 115, 83
track:551, 868, 664, 115, 83
track:552, 868, 664, 115, 83
init :553, 881, 664, 101, 83
track:554, 881, 664, 101, 83
track:555, 881, 664, 101, 83
track:556, 880, 665, 101, 83
track:557, 880, 665, 101, 83
track:558, 880, 670, 101, 83
track:559, 879, 672, 101, 83
track:560, 879, 676, 101, 83
init :561, 876, 680, 96, 80
track:562, 876, 680, 96, 80
track:563, 876, 683, 96, 80
track:564, 876, 685, 96, 80
track:565, 876, 686, 96, 80
track:566, 876, 689, 96, 80
track:567, 876, 689, 96, 80
track:568, 877, 692, 96, 80
init :569, 876, 695, 101, 75
track:570, 875, 699, 101, 75
track:571, 875, 701, 101, 75
track:572, 875, 702, 101, 75
track:573, 876, 704, 101, 75
track:574, 877, 706, 101, 75
track:575, 878, 705, 101, 75
track:576, 878, 704, 101, 75
init :577, 872, 700, 101, 75
track:578, 872, 699, 101, 75
track:579, 873, 696, 101, 75
track:580, 874, 697, 101, 75
track:581, 874, 696, 101, 75
track:582, 874, 697, 101, 75
track:583, 874, 699, 101, 75
track:584, 874, 701, 101, 75
init :585, 872, 698, 106, 85
track:586, 872, 699, 106, 85
track:587, 872, 699, 106, 85
track:588, 873, 699, 106, 85
track:589, 873, 699, 106, 85
track:590, 873, 699, 106, 85
track:591, 871, 699, 106, 85
track:592, 870, 700, 106, 85
init :593, 872, 693, 110, 93
track:594, 872, 692, 110, 93
track:595, 873, 683, 110, 93
track:596, 873, 682, 110, 93
track:597, 873, 681, 110, 93
track:598, 872, 677, 110, 93
track:599, 871, 670, 110, 93
track:600, 872, 667, 110, 93
init :601, 867, 664, 115, 103
track:602, 867, 664, 115, 103
track:603, 867, 663, 115, 103
track:604, 865, 660, 115, 103
track:605, 865, 657, 115, 103
track:606, 866, 656, 115, 103
track:607, 865, 656, 115, 103
track:608, 866, 656, 115, 103
init :609, 867, 654, 120, 93
track:610, 867, 656, 120, 93
track:611, 867, 659, 120, 93
track:612, 868, 660, 120, 93
track:613, 864, 660, 126, 98
track:614, 864, 662, 126, 98
track:615, 864, 665, 126, 98
track:616, 864, 668, 126, 98
init :617, 863, 667, 129, 103
track:618, 860, 663, 135, 108
track:619, 859, 662, 135, 108
track:620, 861, 661, 135, 108
track:621, 862, 661, 135, 108
track:622, 862, 661, 135, 108
track:623, 861, 660, 135, 108
track:624, 860, 658, 135, 108
init :625, 858, 656, 133, 114
track:626, 862, 659, 127, 109
track:627, 863, 659, 127, 109
track:628, 864, 660, 127, 109
track:629, 864, 660, 127, 109
track:630, 864, 659, 127, 109
track:631, 860, 656, 133, 114
track:632, 859, 656, 133, 114
init :633, 858, 659, 143, 119
track:634, 857, 661, 143, 119
track:635, 857, 664, 143, 119
track:636, 859, 665, 143, 119
track:637, 860, 665, 143, 119
track:638, 858, 663, 150, 125
track:639, 858, 664, 150, 125
track:640, 858, 664, 150, 125
init :641, 863, 664, 147, 111
track:642, 863, 664, 147, 111
track:643, 864, 662, 147, 111
track:644, 860, 659, 154, 117
track:645, 860, 651, 154, 117
track:646, 864, 652, 147, 111
track:647, 865, 652, 147, 111
track:648, 865, 651, 147, 111
init :649, 863, 651, 143, 119
track:650, 865, 652, 143, 119
track:651, 867, 652, 143, 119
track:652, 867, 652, 143, 119
track:653, 869, 652, 143, 119
track:654, 868, 653, 143, 119
track:655, 870, 656, 143, 119
track:656, 871, 659, 143, 119
init :657, 872, 656, 138, 116
track:658, 874, 659, 138, 116
track:659, 875, 659, 138, 116
track:660, 874, 658, 138, 116
track:661, 876, 659, 138, 116
track:662, 876, 658, 138, 116
track:663, 876, 657, 138, 116
track:664, 877, 656, 138, 116
init :665, 881, 656, 138, 116
track:666, 881, 655, 138, 116
track:667, 882, 655, 138, 116
track:668, 882, 654, 138, 116
track:669, 883, 653, 138, 116
track:670, 883, 652, 138, 116
track:671, 880, 652, 138, 116
track:672, 880, 653, 138, 116
init :673, 872, 651, 143, 116
track:674, 871, 650, 143, 116
track:675, 870, 650, 143, 116
track:676, 870, 651, 143, 116
track:677, 870, 651, 143, 116
track:678, 868, 653, 143, 116
track:679, 867, 663, 143, 116
track:680, 868, 670, 143, 116
init :681, 872, 669, 143, 119
track:682, 872, 669, 143, 119
track:683, 870, 668, 143, 119
track:684, 869, 668, 143, 119
track:685, 868, 669, 143, 119
track:686, 868, 672, 143, 119
track:687, 869, 672, 143, 119
track:688, 865, 670, 150, 125
init :689, 853, 672, 156, 116
track:690, 852, 671, 156, 116
track:691, 852, 671, 156, 116
track:692, 851, 670, 156, 116
track:693, 851, 669, 156, 116
track:694, 851, 668, 156, 116
track:695, 852, 668, 156, 116
track:696, 851, 667, 156, 116
init :697, 863, 662, 143, 111
track:698, 861, 661, 143, 111
track:699, 860, 662, 143, 111
track:700, 860, 664, 143, 111
track:701, 860, 664, 143, 111
track:702, 860, 664, 143, 111
track:703, 861, 668, 143, 111
track:704, 858, 673, 143, 111
init :705, 853, 677, 147, 124
track:706, 853, 678, 147, 124
track:707, 853, 678, 147, 124
track:708, 851, 680, 147, 124
track:709, 852, 680, 147, 124
track:710, 852, 679, 147, 124
track:711, 852, 678, 147, 124
track:712, 852, 676, 147, 124
init :713, 849, 675, 147, 119
track:714, 848, 675, 147, 119
track:715, 848, 678, 147, 119
track:716, 848, 678, 147, 119
track:717, 848, 679, 147, 119
track:718, 848, 681, 147, 119
track:719, 846, 678, 154, 125
track:720, 846, 679, 154, 125
init :721, 853, 675, 147, 124
track:722, 853, 675, 147, 124
track:723, 853, 675, 147, 124
track:724, 854, 671, 147, 124
track:725, 854, 668, 147, 124
track:726, 854, 668, 147, 124
track:727, 854, 666, 147, 124
track:728, 855, 663, 147, 124
init :729, 853, 654, 152, 124
track:730, 853, 653, 152, 124
track:731, 853, 653, 152, 124
track:732, 854, 653, 152, 124
track:733, 850, 649, 160, 130
track:734, 855, 648, 152, 124
track:735, 856, 642, 152, 124
track:736, 856, 642, 152, 124
init :737, 849, 636, 175, 127
track:738, 852, 639, 167, 121
track:739, 847, 636, 175, 127
track:740, 848, 637, 175, 127
track:741, 850, 638, 175, 127
track:742, 849, 640, 175, 127
track:743, 843, 639, 184, 133
track:744, 843, 638, 184, 133
init :745, 853, 636, 156, 129
track:746, 853, 636, 156, 129
track:747, 854, 635, 156, 129
track:748, 854, 625, 156, 129
track:749, 853, 622, 156, 129
track:750, 852, 621, 156, 129
track:751, 851, 622, 156, 129
track:752, 850, 624, 156, 129
init :753, 849, 628, 156, 124
track:754, 850, 628, 156, 124
track:755, 853, 629, 156, 124
track:756, 853, 629, 156, 124
track:757, 854, 628, 156, 124
track:758, 854, 627, 156, 124
track:759, 853, 628, 156, 124
track:760, 854, 632, 156, 124
init :761, 858, 630, 152, 132
track:762, 860, 630, 152, 132
track:763, 861, 630, 152, 132
track:764, 863, 631, 152, 132
track:765, 862, 632, 152, 132
track:766, 862, 632, 152, 132
track:767, 860, 632, 152, 132
track:768, 861, 633, 152, 132
init :769, 863, 638, 147, 122
track:770, 865, 647, 147, 122
track:771, 866, 648, 147, 122
track:772, 867, 647, 147, 122
track:773, 867, 646, 147, 122
track:774, 869, 646, 147, 122
track:775, 868, 646, 147, 122
track:776, 868, 647, 147, 122
init :777, 876, 646, 138, 122
track:778, 877, 645, 138, 122
track:779, 878, 646, 138, 122
track:780, 878, 646, 138, 122
track:781, 878, 646, 138, 122
track:782, 882, 648, 131, 116
track:783, 881, 649, 131, 116
track:784, 882, 648, 131, 116
init :785, 881, 649, 138, 101
track:786, 881, 649, 138, 101
track:787, 878, 647, 145, 106
track:788, 878, 648, 145, 106
track:789, 876, 650, 145, 106
track:790, 877, 649, 145, 106
track:791, 876, 649, 145, 106
track:792, 876, 648, 145, 106
init :793, 876, 654, 133, 93
track:794, 876, 655, 133, 93
track:795, 876, 658, 133, 93
track:796, 876, 659, 133, 93
track:797, 877, 659, 133, 93
track:798, 876, 659, 133, 93
track:799, 876, 660, 133, 93
track:800, 876, 661, 133, 93
init :801, 876, 659, 133, 109
track:802, 876, 659, 133, 109
track:803, 875, 660, 133, 109
track:804, 873, 658, 140, 114
track:805, 871, 659, 140, 114
track:806, 871, 659, 140, 114
track:807, 871, 659, 140, 114
track:808, 870, 660, 140, 114
init :809, 872, 659, 133, 109
track:810, 872, 661, 133, 109
track:811, 872, 661, 133, 109
track:812, 868, 659, 140, 114
track:813, 866, 661, 140, 114
track:814, 865, 661, 140, 114
track:815, 864, 661, 140, 114
track:816, 864, 661, 140, 114
init :817, 863, 669, 147, 109
track:818, 862, 675, 147, 109
track:819, 862, 676, 147, 109
track:820, 860, 687, 147, 109
track:821, 859, 688, 147, 109
track:822, 859, 688, 147, 109
track:823, 858, 687, 147, 109
track:824, 855, 684, 154, 114
init :825, 858, 680, 152, 122
track:826, 858, 680, 152, 122
track:827, 858, 686, 152, 122
track:828, 858, 690, 152, 122
track:829, 856, 690, 160, 128
track:830, 859, 691, 160, 128
track:831, 858, 692, 160, 128
track:832, 859, 692, 160, 128
init :833, 844, 677, 175, 155
track:834, 839, 669, 184, 163
track:835, 839, 659, 184, 163
track:836, 840, 660, 184, 163
track:837, 839, 656, 184, 163
track:838, 837, 654, 184, 163
track:839, 836, 649, 184, 163
track:840, 834, 643, 184, 163
init :841, 840, 646, 180, 163
track:842, 839, 645, 180, 163
track:843, 837, 643, 180, 163
track:844, 836, 639, 180, 163
track:845, 831, 625, 180, 163
track:846, 831, 625, 180, 163
track:847, 830, 621, 180, 163
track:848, 829, 613, 180, 163
init :849, 821, 604, 193, 176
track:850, 821, 603, 193, 176
track:851, 821, 603, 193, 176
track:852, 825, 600, 193, 176
track:853, 829, 597, 193, 176
track:854, 831, 598, 193, 176
track:855, 831, 602, 193, 176
track:856, 831, 602, 193, 176
init :857, 826, 602, 198, 168
track:858, 827, 600, 198, 168
track:859, 829, 596, 198, 168
track:860, 829, 596, 198, 168
track:861, 829, 595, 198, 168
track:862, 829, 596, 198, 168
track:863, 830, 601, 198, 168
track:864, 831, 607, 198, 168
init :865, 844, 623, 175, 147
track:866, 844, 623, 175, 147
track:867, 844, 628, 175, 147
track:868, 844, 630, 175, 147
track:869, 844, 631, 175, 147
track:870, 845, 635, 175, 147
track:871, 850, 638, 167, 140
track:872, 851, 640, 167, 140
init :873, 853, 641, 156, 119
track:874, 854, 642, 156, 119
track:875, 855, 642, 156, 119
track:876, 855, 643, 156, 119
track:877, 856, 644, 156, 119
track:878, 861, 647, 149, 113
track:879, 863, 646, 149, 113
track:880, 863, 645, 149, 113
init :881, 863, 643, 147, 124
track:882, 863, 643, 147, 124
track:883, 865, 642, 147, 124
track:884, 867, 642, 147, 124
track:885, 869, 642, 147, 124
track:886, 869, 642, 147, 124
track:887, 870, 644, 147, 124
track:888, 870, 644, 147, 124
init :889, 876, 649, 133, 119
track:890, 878, 649, 133, 119
track:891, 878, 649, 133, 119
track:892, 880, 648, 133, 119
track:893, 881, 648, 133, 119
track:894, 881, 647, 133, 119
track:895, 882, 648, 133, 119
track:896, 882, 648, 133, 119
init :897, 886, 649, 129, 98
track:898, 885, 649, 129, 98
track:899, 883, 649, 129, 98
track:900, 882, 651, 129, 98
track:901, 881, 651, 129, 98
track:902, 880, 653, 129, 98
track:903, 879, 654, 129, 98
track:904, 880, 653, 129, 98
init :905, 881, 656, 120, 88
track:906, 881, 656, 120, 88
track:907, 905, 644, 126, 92
track:908, 908, 645, 126, 92
track:909, 914, 657, 120, 88
track:910, 912, 659, 120, 88
track:911, 915, 662, 120, 88
track:912, 914, 665, 120, 88
init :913, 807, 565, 286, 259
track:914, 809, 566, 286, 259
track:915, 811, 570, 286, 259
track:916, 810, 570, 286, 259
track:917, 812, 571, 286, 259
track:918, 819, 579, 272, 247
track:919, 819, 580, 272, 247
track:920, 817, 581, 272, 247
init :921, 807, 584, 290, 249
track:922, 803, 584, 290, 249
track:923, 799, 582, 290, 249
track:924, 795, 581, 290, 249
track:925, 789, 581, 290, 249
track:926, 788, 580, 290, 249
track:927, 786, 582, 290, 249
track:928, 778, 580, 290, 249
init :929, 770, 584, 304, 249
track:930, 769, 584, 304, 249
track:931, 769, 583, 304, 249
track:932, 768, 580, 304, 249
track:933, 767, 580, 304, 249
track:934, 768, 576, 304, 249
track:935, 770, 576, 304, 249
track:936, 769, 575, 304, 249
init :937, 775, 565, 313, 249
track:938, 775, 565, 313, 249
track:939, 777, 565, 313, 249
track:940, 779, 563, 313, 249
track:941, 788, 570, 298, 237
track:942, 781, 562, 313, 249
track:943, 780, 561, 313, 249
track:944, 779, 560, 313, 249
init :945, 766, 573, 341, 225
track:946, 766, 573, 341, 225
track:947, 765, 574, 341, 225
track:948, 762, 574, 341, 225
track:949, 762, 576, 341, 225
track:950, 758, 576, 341, 225
track:951, 755, 576, 341, 225
track:952, 755, 579, 341, 225
init :953, 752, 576, 360, 238
track:954, 751, 575, 360, 238
track:955, 752, 578, 360, 238
track:956, 751, 576, 360, 238
track:957, 752, 578, 360, 238
track:958, 752, 579, 360, 238
track:959, 751, 580, 360, 238
track:960, 750, 582, 360, 238
init :961, 747, 584, 383, 236
track:962, 746, 585, 383, 236
track:963, 744, 587, 383, 236
track:964, 744, 587, 383, 236
track:965, 743, 587, 383, 236
track:966, 741, 588, 383, 236
track:967, 739, 589, 383, 236
track:968, 737, 589, 383, 236
init :969, 715, 584, 429, 244
track:970, 715, 584, 429, 244
track:971, 713, 585, 429, 244
track:972, 710, 586, 429, 244
track:973, 709, 588, 429, 244
track:974, 702, 587, 429, 244
track:975, 703, 587, 429, 244
track:976, 699, 589, 429, 244
init :977, 692, 586, 456, 244
track:978, 693, 587, 456, 244
track:979, 692, 587, 456, 244
track:980, 691, 588, 456, 244
track:981, 691, 588, 456, 244
track:982, 691, 589, 456, 244
track:983, 690, 590, 456, 244
track:984, 690, 591, 456, 244
init :985, 692, 586, 484, 246
track:986, 692, 586, 484, 246
track:987, 693, 587, 484, 246
track:988, 710, 593, 461, 234
track:989, 711, 594, 461, 234
track:990, 713, 594, 461, 234
track:991, 710, 593, 461, 234
track:992, 714, 594, 461, 234
init :993, 706, 586, 503, 244
track:994, 707, 587, 503, 244
track:995, 708, 587, 503, 244
track:996, 710, 585, 503, 244
track:997, 709, 583, 503, 244
track:998, 712, 583, 503, 244
track:999, 714, 581, 503, 244
track:1000, 717, 580, 503, 244
init :1001, 733, 581, 498, 225
track:1002, 735, 581, 498, 225
track:1003, 739, 579, 498, 225
track:1004, 745, 577, 498, 225
track:1005, 745, 576, 498, 225
track:1006, 745, 573, 498, 225
track:1007, 747, 570, 498, 225
track:1008, 748, 568, 498, 225
init :1009, 761, 573, 489, 199
track:1010, 761, 573, 489, 199
track:1011, 771, 578, 466, 190
track:1012, 768, 577, 466, 190
track:1013, 761, 578, 466, 190
track:1014, 757, 578, 466, 190
track:1015, 757, 577, 466, 190
track:1016, 753, 576, 466, 190
init :1017, 761, 578, 461, 176
track:1018, 759, 578, 461, 176
track:1019, 756, 578, 461, 176
track:1020, 756, 577, 461, 176
track:1021, 754, 577, 461, 176
track:1022, 751, 577, 461, 176
track:1023, 749, 576, 461, 176
track:1024, 745, 576, 461, 176
init :1025, 756, 578, 447, 176
track:1026, 755, 579, 447, 176
track:1027, 752, 580, 447, 176
track:1028, 748, 581, 447, 176
track:1029, 744, 581, 447, 176
track:1030, 742, 582, 447, 176
track:1031, 737, 584, 447, 176
track:1032, 734, 586, 447, 176
init :1033, 743, 586, 433, 163
track:1034, 743, 587, 433, 163
track:1035, 742, 586, 433, 163
track:1036, 739, 587, 433, 163
track:1037, 739, 589, 433, 163
track:1038, 739, 592, 433, 163
track:1039, 744, 597, 412, 155
track:1040, 736, 596, 433, 163
init :1041, 738, 607, 438, 150
track:1042, 736, 606, 438, 150
track:1043, 724, 604, 460, 158
track:1044, 725, 607, 460, 158
track:1045, 736, 610, 438, 150
track:1046, 745, 615, 417, 143
track:1047, 746, 615, 417, 143
track:1048, 749, 615, 417, 143
init :1049, 752, 615, 447, 142
track:1050, 752, 615, 447, 142
track:1051, 757, 613, 447, 142
track:1052, 760, 612, 447, 142
track:1053, 766, 611, 447, 142
track:1054, 784, 614, 426, 135
track:1055, 789, 613, 426, 135
track:1056, 791, 615, 426, 135
init :1057, 789, 610, 452, 145
track:1058, 789, 610, 452, 145
track:1059, 790, 611, 452, 145
track:1060, 791, 611, 452, 145
track:1061, 791, 611, 452, 145
track:1062, 790, 612, 452, 145
track:1063, 788, 613, 452, 145
track:1064, 784, 614, 452, 145
init :1065, 793, 617, 438, 135
track:1066, 791, 617, 438, 135
track:1067, 785, 616, 438, 135
track:1068, 777, 614, 438, 135
track:1069, 759, 610, 460, 142
track:1070, 756, 607, 460, 142
track:1071, 760, 612, 438, 135
track:1072, 743, 612, 438, 135
init :1073, 733, 625, 438, 124
track:1074, 721, 625, 438, 124
track:1075, 719, 625, 438, 124
track:1076, 713, 624, 438, 124
track:1077, 707, 623, 438, 124
track:1078, 688, 621, 438, 124
track:1079, 682, 622, 438, 124
track:1080, 681, 622, 438, 124
init :1081, 673, 625, 443, 135
track:1082, 667, 626, 443, 135
track:1083, 663, 628, 443, 135
track:1084, 662, 629, 443, 135
track:1085, 662, 629, 443, 135
track:1086, 664, 629, 443, 135
track:1087, 666, 630, 443, 135
track:1088, 655, 627, 465, 142
init :1089, 669, 628, 447, 137
track:1090, 669, 628, 447, 137
track:1091, 669, 629, 447, 137
track:1092, 667, 631, 447, 137
track:1093, 661, 630, 469, 144
track:1094, 664, 630, 469, 144
track:1095, 675, 634, 447, 137
track:1096, 674, 635, 447, 137
init :1097, 683, 628, 461, 155
track:1098, 683, 630, 461, 155
track:1099, 671, 625, 484, 163
track:1100, 672, 625, 484, 163
track:1101, 674, 624, 484, 163
track:1102, 674, 624, 484, 163
track:1103, 684, 627, 461, 155
track:1104, 683, 628, 461, 155
init :1105, 692, 628, 466, 163
track:1106, 691, 629, 466, 163
track:1107, 691, 628, 466, 163
track:1108, 688, 628, 466, 163
track:1109, 685, 630, 466, 163
track:1110, 685, 630, 466, 163
track:1111, 681, 631, 466, 163
track:1112, 679, 633, 466, 163
init :1113, 696, 630, 433, 173
track:1114, 694, 631, 433, 173
track:1115, 695, 632, 433, 173
track:1116, 682, 629, 455, 182
track:1117, 671, 628, 455, 182
track:1118, 671, 627, 455, 182
track:1119, 667, 626, 455, 182
track:1120, 667, 625, 455, 182
init :1121, 701, 628, 401, 184
track:1122, 701, 628, 401, 184
track:1123, 697, 627, 401, 184
track:1124, 693, 627, 401, 184
track:1125, 693, 626, 401, 184
track:1126, 697, 626, 401, 184
track:1127, 699, 627, 401, 184
track:1128, 699, 628, 401, 184
init :1129, 756, 628, 332, 173
track:1130, 756, 628, 332, 173
track:1131, 765, 632, 316, 165
track:1132, 771, 632, 316, 165
track:1133, 780, 638, 301, 157
track:1134, 784, 638, 301, 157
track:1135, 792, 641, 287, 149
track:1136, 791, 642, 287, 149
init :1137, 807, 636, 276, 168
track:1138, 806, 635, 276, 168
track:1139, 802, 633, 276, 168
track:1140, 802, 634, 276, 168
track:1141, 801, 637, 276, 168
track:1142, 782, 638, 276, 168
track:1143, 770, 638, 276, 168
track:1144, 750, 637, 276, 168
init :1145, 821, 630, 203, 184
track:1146, 815, 630, 203, 184
track:1147, 808, 631, 203, 184
track:1148, 798, 631, 203, 184
track:1149, 790, 632, 203, 184
track:1150, 789, 632, 203, 184
track:1151, 785, 632, 203, 184
track:1152, 783, 633, 203, 184
init :1153, 784, 636, 216, 176
track:1154, 784, 637, 216, 176
track:1155, 784, 638, 216, 176
track:1156, 785, 639, 216, 176
track:1157, 786, 640, 216, 176
track:1158, 788, 640, 216, 176
track:1159, 788, 639, 216, 176
track:1160, 788, 639, 216, 176
init :1161, 780, 636, 272, 176
track:1162, 783, 636, 272, 176
track:1163, 789, 636, 272, 176
track:1164, 789, 635, 272, 176
track:1165, 789, 635, 272, 176
track:1166, 785, 636, 272, 176
track:1167, 787, 638, 272, 176
track:1168, 781, 637, 272, 176
init :1169, 766, 638, 336, 168
track:1170, 766, 638, 336, 168
track:1171, 767, 638, 336, 168
track:1172, 767, 637, 336, 168
track:1173, 764, 637, 336, 168
track:1174, 759, 638, 336, 168
track:1175, 764, 637, 336, 168
track:1176, 758, 634, 336, 168
init :1177, 761, 638, 369, 155
track:1178, 772, 641, 351, 148
track:1179, 768, 636, 369, 155
track:1180, 767, 635, 369, 155
track:1181, 770, 634, 369, 155
track:1182, 763, 628, 387, 163
track:1183, 777, 632, 369, 155
track:1184, 775, 630, 369, 155
init :1185, 775, 638, 392, 140
track:1186, 778, 637, 392, 140
track:1187, 779, 637, 392, 140
track:1188, 783, 636, 392, 140
track:1189, 776, 633, 412, 147
track:1190, 777, 632, 412, 147
track:1191, 778, 629, 412, 147
track:1192, 776, 627, 412, 147
init :1193, 793, 630, 383, 122
track:1194, 794, 630, 383, 122
track:1195, 795, 631, 383, 122
track:1196, 794, 631, 383, 122
track:1197, 799, 632, 365, 116
track:1198, 797, 633, 365, 116
track:1199, 793, 632, 365, 116
track:1200, 797, 632, 365, 116
init :1201, 798, 630, 364, 109
track:1202, 798, 630, 364, 109
track:1203, 799, 630, 364, 109
track:1204, 813, 633, 347, 104
track:1205, 813, 633, 347, 104
track:1206, 818, 633, 347, 104
track:1207, 822, 634, 347, 104
track:1208, 826, 634, 347, 104
init :1209, 840, 633, 341, 101
track:1210, 836, 631, 358, 106
track:1211, 843, 631, 358, 106
track:1212, 847, 633, 358, 106
track:1213, 857, 637, 341, 101
track:1214, 863, 640, 325, 96
track:1215, 864, 642, 325, 96
track:1216, 864, 642, 325, 96
init :1217, 876, 646, 323, 98
track:1218, 875, 647, 323, 98
track:1219, 874, 647, 323, 98
track:1220, 873, 648, 323, 98
track:1221, 869, 648, 323, 98
track:1222, 874, 650, 308, 93
track:1223, 873, 652, 308, 93
track:1224, 873, 653, 308, 93
init :1225, 895, 654, 295, 96
track:1226, 896, 654, 295, 96
track:1227, 897, 654, 295, 96
track:1228, 895, 656, 295, 96
track:1229, 894, 656, 295, 96
track:1230, 894, 658, 295, 96
track:1231, 900, 659, 281, 91
track:1232, 899, 660, 281, 91
init :1233, 913, 662, 253, 98
track:1234, 913, 662, 253, 98
track:1235, 912, 662, 253, 98
track:1236, 915, 665, 241, 93
track:1237, 911, 665, 241, 93
track:1238, 913, 667, 229, 89
track:1239, 912, 667, 229, 89
track:1240, 919, 668, 219, 85
init :1241, 927, 667, 212, 96
track:1242, 925, 667, 212, 96
track:1243, 925, 669, 212, 96
track:1244, 925, 669, 212, 96
track:1245, 928, 673, 202, 91
track:1246, 927, 673, 202, 91
track:1247, 926, 676, 192, 87
track:1248, 917, 673, 202, 91
init :1249, 950, 669, 170, 93
track:1250, 947, 669, 170, 93
track:1251, 943, 667, 170, 93
track:1252, 936, 666, 170, 93
track:1253, 932, 665, 170, 93
track:1254, 934, 666, 162, 89
track:1255, 932, 667, 154, 84
track:1256, 924, 665, 154, 84
init :1257, 941, 662, 129, 88
track:1258, 938, 661, 129, 88
track:1259, 938, 661, 129, 88
track:1260, 935, 660, 129, 88
track:1261, 934, 661, 123, 84
track:1262, 932, 660, 123, 84
track:1263, 923, 660, 123, 84
track:1264, 923, 659, 123, 84
init :1265, 941, 659, 101, 85
track:1266, 943, 659, 101, 85
track:1267, 943, 656, 101, 85
track:1268, 941, 655, 101, 85
track:1269, 941, 654, 101, 85
track:1270, 939, 654, 101, 85
track:1271, 937, 654, 101, 85
track:1272, 932, 654, 101, 85
init :1273, 932, 656, 115, 77
track:1274, 932, 656, 115, 77
track:1275, 927, 655, 115, 77
track:1276, 924, 655, 115, 77
track:1277, 917, 657, 115, 77
track:1278, 910, 658, 115, 77
track:1279, 911, 658, 115, 77
track:1280, 902, 659, 115, 77
init :1281, 900, 659, 129, 77
track:1282, 893, 660, 129, 77
track:1283, 890, 660, 129, 77
track:1284, 890, 660, 129, 77
track:1285, 880, 660, 129, 77
track:1286, 878, 659, 129, 77
track:1287, 875, 658, 129, 77
track:1288, 873, 657, 129, 77
init :1289, 872, 659, 143, 72
track:1290, 871, 659, 143, 72
track:1291, 870, 660, 143, 72
track:1292, 868, 660, 143, 72
track:1293, 867, 660, 143, 72
track:1294, 865, 660, 143, 72
track:1295, 865, 660, 143, 72
track:1296, 864, 659, 143, 72
init :1297, 867, 656, 147, 70
track:1298, 868, 656, 147, 70
track:1299, 867, 657, 147, 70
track:1300, 867, 658, 147, 70
track:1301, 861, 657, 154, 74
track:1302, 865, 659, 147, 70
track:1303, 860, 657, 154, 74
track:1304, 857, 655, 162, 77
init :1305, 867, 662, 152, 67
track:1306, 867, 662, 152, 67
track:1307, 868, 663, 152, 67
track:1308, 868, 663, 152, 67
track:1309, 868, 663, 152, 67
track:1310, 869, 664, 152, 67
track:1311, 870, 665, 152, 67
track:1312, 874, 666, 145, 64
init :1313, 867, 667, 161, 57
track:1314, 867, 667, 161, 57
track:1315, 866, 668, 161, 57
track:1316, 870, 669, 153, 54
track:1317, 864, 668, 161, 57
track:1318, 863, 669, 161, 57
track:1319, 860, 669, 161, 57
track:1320, 864, 670, 153, 54
init :1321, 858, 672, 166, 54
track:1322, 859, 672, 166, 54
track:1323, 864, 674, 166, 54
track:1324, 867, 675, 158, 51
track:1325, 867, 676, 158, 51
track:1326, 868, 676, 158, 51
track:1327, 867, 676, 166, 54
track:1328, 872, 678, 158, 51
init :1329, 867, 675, 166, 54
track:1330, 866, 675, 166, 54
track:1331, 865, 676, 166, 54
track:1332, 867, 677, 158, 51
track:1333, 862, 677, 158, 51
track:1334, 858, 676, 166, 54
track:1335, 855, 677, 166, 54
track:1336, 851, 676, 166, 54
init :1337, 849, 675, 175, 51
track:1338, 847, 675, 175, 51
track:1339, 846, 675, 175, 51
track:1340, 846, 676, 175, 51
track:1341, 846, 676, 175, 51
track:1342, 846, 676, 175, 51
track:1343, 845, 676, 175, 51
track:1344, 845, 676, 175, 51
init :1345, 849, 680, 170, 49
track:1346, 849, 680, 170, 49
track:1347, 849, 680, 170, 49
track:1348, 848, 681, 170, 49
track:1349, 849, 681, 170, 49
track:1350, 848, 681, 170, 49
track:1351, 847, 682, 170, 49
track:1352, 845, 682, 170, 49
init :1353, 844, 682, 175, 49
track:1354, 844, 682, 175, 49
track:1355, 844, 682, 175, 49
track:1356, 844, 683, 175, 49
track:1357, 845, 683, 175, 49
track:1358, 846, 683, 175, 49
track:1359, 849, 684, 167, 47
track:1360, 849, 684, 167, 47
init :1361, 849, 685, 180, 49
track:1362, 848, 686, 180, 49
track:1363, 850, 687, 180, 49
track:1364, 855, 688, 171, 47
track:1365, 855, 688, 171, 47
track:1366, 850, 687, 180, 49
track:1367, 850, 687, 180, 49
track:1368, 844, 687, 189, 51
init :1369, 844, 687, 184, 57
track:1370, 843, 687, 184, 57
track:1371, 847, 689, 175, 54
track:1372, 841, 688, 184, 57
track:1373, 839, 689, 184, 57
track:1374, 843, 691, 175, 54
track:1375, 836, 690, 184, 57
track:1376, 834, 690, 184, 57
init :1377, 830, 693, 193, 59
track:1378, 831, 694, 193, 59
track:1379, 831, 696, 184, 56
track:1380, 823, 697, 184, 56
track:1381, 820, 698, 184, 56
track:1382, 818, 699, 184, 56
track:1383, 811, 698, 193, 59
track:1384, 814, 700, 184, 56
init :1385, 812, 698, 198, 62
track:1386, 816, 700, 189, 59
track:1387, 819, 700, 189, 59
track:1388, 818, 700, 198, 62
track:1389, 818, 700, 198, 62
track:1390, 823, 701, 198, 62
track:1391, 821, 701, 208, 65
track:1392, 825, 702, 208, 65
init :1393, 835, 708, 198, 59
track:1394, 835, 708, 198, 59
track:1395, 841, 710, 189, 56
track:1396, 842, 710, 189, 56
track:1397, 844, 711, 189, 56
track:1398, 845, 712, 189, 56
track:1399, 843, 712, 189, 56
track:1400, 838, 713, 189, 56
init :1401, 821, 711, 203, 64
track:1402, 811, 709, 213, 67
track:1403, 808, 710, 213, 67
track:1404, 806, 710, 213, 67
track:1405, 801, 711, 213, 67
track:1406, 800, 711, 213, 67
track:1407, 798, 712, 213, 67
track:1408, 794, 712, 213, 67
init :1409, 793, 713, 230, 67
track:1410, 792, 713, 230, 67
track:1411, 791, 713, 230, 67
track:1412, 793, 715, 230, 67
track:1413, 791, 715, 230, 67
track:1414, 791, 715, 230, 67
track:1415, 794, 716, 230, 67
track:1416, 794, 716, 230, 67
init :1417, 793, 719, 244, 77
track:1418, 785, 717, 256, 81
track:1419, 790, 720, 244, 77
track:1420, 788, 719, 244, 77
track:1421, 788, 720, 244, 77
track:1422, 788, 721, 244, 77
track:1423, 789, 721, 244, 77
track:1424, 789, 722, 244, 77
init :1425, 793, 719, 249, 85
track:1426, 792, 718, 249, 85
track:1427, 790, 719, 249, 85
track:1428, 790, 718, 249, 85
track:1429, 789, 718, 249, 85
track:1430, 787, 720, 249, 85
track:1431, 787, 721, 249, 85
track:1432, 785, 722, 249, 85
init :1433, 789, 721, 249, 98
track:1434, 789, 721, 249, 98
track:1435, 794, 724, 237, 93
track:1436, 791, 724, 237, 93
track:1437, 788, 725, 237, 93
track:1438, 790, 727, 237, 93
track:1439, 797, 729, 226, 89
track:1440, 788, 728, 237, 93
init :1441, 784, 724, 244, 109
track:1442, 780, 724, 244, 109
track:1443, 778, 724, 244, 109
track:1444, 777, 724, 244, 109
track:1445, 772, 724, 244, 109
track:1446, 765, 725, 244, 109
track:1447, 762, 724, 244, 109
track:1448, 760, 724, 244, 109
init :1449, 766, 716, 235, 122
track:1450, 766, 715, 235, 122
track:1451, 767, 715, 235, 122
track:1452, 769, 715, 235, 122
track:1453, 776, 716, 235, 122
track:1454, 776, 716, 235, 122
track:1455, 787, 719, 224, 116
track:1456, 792, 718, 224, 116
init :1457, 807, 711, 226, 140
track:1458, 810, 711, 226, 140
track:1459, 810, 712, 226, 140
track:1460, 813, 712, 226, 140
track:1461, 816, 712, 226, 140
track:1462, 819, 714, 226, 140
track:1463, 824, 718, 215, 133
track:1464, 824, 718, 215, 133
init :1465, 844, 706, 193, 158
track:1466, 845, 706, 193, 158
track:1467, 844, 706, 193, 158
track:1468, 843, 705, 193, 158
track:1469, 841, 705, 193, 158
track:1470, 834, 704, 193, 158
track:1471, 834, 702, 193, 158
track:1472, 826, 697, 193, 158
init :1473, 853, 690, 156, 158
track:1474, 850, 688, 156, 158
track:1475, 846, 686, 156, 158
track:1476, 845, 684, 156, 158
track:1477, 845, 683, 156, 158
track:1478, 845, 683, 156, 158
track:1479, 845, 680, 156, 158
track:1480, 845, 678, 156, 158
init :1481, 844, 664, 203, 168
track:1482, 850, 661, 203, 168
track:1483, 850, 660, 203, 168
track:1484, 854, 661, 203, 168
track:1485, 857, 660, 203, 168
track:1486, 861, 659, 203, 168
track:1487, 866, 658, 203, 168
track:1488, 865, 657, 203, 168
init :1489, 867, 651, 244, 168
track:1490, 867, 650, 244, 168
track:1491, 871, 648, 244, 168
track:1492, 871, 646, 244, 168
track:1493, 872, 646, 244, 168
track:1494, 873, 643, 244, 168
track:1495, 869, 639, 244, 168
track:1496, 866, 636, 244, 168
init :1497, 849, 646, 300, 140
track:1498, 849, 646, 300, 140
track:1499, 846, 644, 300, 140
track:1500, 842, 641, 300, 140
track:1501, 834, 638, 300, 140
track:1502, 829, 636, 300, 140
track:1503, 830, 635, 300, 140
track:1504, 827, 633, 300, 140
init :1505, 826, 630, 309, 132
track:1506, 826, 629, 309, 132
track:1507, 823, 626, 309, 132
track:1508, 823, 626, 309, 132
track:1509, 821, 624, 309, 132
track:1510, 821, 622, 309, 132
track:1511, 824, 623, 309, 132
track:1512, 812, 619, 309, 132
init :1513, 821, 620, 304, 116
track:1514, 806, 620, 304, 116
track:1515, 783, 620, 304, 116
track:1516, 766, 622, 290, 110
track:1517, 732, 620, 304, 116
track:1518, 741, 623, 290, 110
track:1519, 714, 623, 290, 110
track:1520, 690, 623, 290, 110
init :1521, 683, 625, 276, 103
track:1522, 670, 626, 276, 103
track:1523, 669, 626, 276, 103
track:1524, 660, 626, 276, 103
track:1525, 663, 628, 263, 98
track:1526, 664, 628, 263, 98
track:1527, 676, 630, 250, 93
track:1528, 676, 629, 250, 93
init :1529, 701, 633, 263, 88
track:1530, 725, 632, 263, 88
track:1531, 748, 632, 263, 88
track:1532, 774, 633, 263, 88
track:1533, 773, 632, 263, 88
track:1534, 799, 633, 263, 88
track:1535, 823, 631, 263, 88
track:1536, 846, 631, 263, 88
init :1537, 876, 638, 240, 77
track:1538, 876, 638, 240, 77
track:1539, 892, 637, 240, 77
track:1540, 901, 641, 229, 73
track:1541, 904, 642, 229, 73
track:1542, 907, 642, 229, 73
track:1543, 912, 644, 218, 70
track:1544, 911, 644, 218, 70
init :1545, 909, 649, 226, 75
track:1546, 902, 647, 237, 79
track:1547, 885, 646, 237, 79
track:1548, 893, 649, 226, 75
track:1549, 888, 651, 226, 75
track:1550, 880, 653, 226, 75
track:1551, 868, 654, 226, 75
track:1552, 871, 657, 215, 71
init :1553, 872, 662, 212, 72
track:1554, 869, 663, 212, 72
track:1555, 873, 666, 202, 69
track:1556, 873, 667, 202, 69
track:1557, 874, 668, 202, 69
track:1558, 876, 668, 202, 69
track:1559, 879, 669, 202, 69
track:1560, 882, 669, 202, 69
init :1561, 900, 667, 189, 70
track:1562, 900, 668, 189, 70
track:1563, 901, 669, 189, 70
track:1564, 902, 669, 189, 70
track:1565, 903, 669, 189, 70
track:1566, 907, 670, 180, 67
track:1567, 906, 671, 180, 67
track:1568, 906, 671, 180, 67
init :1569, 913, 669, 170, 75
track:1570, 911, 669, 170, 75
track:1571, 909, 670, 170, 75
track:1572, 911, 672, 162, 71
track:1573, 913, 675, 154, 68
track:1574, 911, 676, 154, 68
track:1575, 907, 675, 154, 68
track:1576, 904, 675, 154, 68
init :1577, 913, 672, 143, 75
track:1578, 913, 672, 143, 75
track:1579, 911, 672, 143, 75
track:1580, 908, 673, 143, 75
track:1581, 902, 674, 143, 75
track:1582, 901, 674, 143, 75
track:1583, 899, 674, 143, 75
track:1584, 898, 674, 143, 75
init :1585, 900, 677, 138, 72
track:1586, 900, 677, 138, 72
track:1587, 902, 679, 131, 69
track:1588, 902, 678, 131, 69
track:1589, 899, 677, 138, 72
track:1590, 899, 678, 138, 72
track:1591, 902, 679, 131, 69
track:1592, 901, 680, 131, 69
init :1593, 909, 680, 120, 72
track:1594, 909, 680, 120, 72
track:1595, 908, 681, 120, 72
track:1596, 909, 683, 114, 69
track:1599, 906, 683, 114, 69
track:1600, 905, 683, 114, 69
init :1601, 913, 680, 101, 72
track:1602, 912, 680, 101, 72
track:1603, 912, 680, 101, 72
track:1604, 909, 680, 101, 72
track:1605, 910, 682, 96, 69
track:1606, 908, 683, 96, 69
track:1607, 905, 683, 96, 69
track:1608, 904, 684, 96, 69
elapseTime: 23.136
