init :7, 821, 630, 235, 197
track:8, 821, 630, 235, 197
track:9, 822, 630, 235, 197
track:10, 821, 631, 235, 197
track:11, 823, 630, 235, 197
track:12, 823, 630, 235, 197
track:13, 824, 630, 235, 197
track:14, 824, 630, 235, 197
track:15, 824, 630, 235, 197
track:16, 825, 630, 235, 197
track:17, 826, 630, 235, 197
track:18, 825, 630, 235, 197
track:19, 825, 629, 235, 197
track:20, 821, 626, 247, 207
track:21, 820, 626, 247, 207
track:22, 827, 631, 235, 197
track:23, 828, 631, 235, 197
track:24, 827, 631, 235, 197
track:25, 828, 630, 235, 197
track:26, 829, 631, 235, 197
track:27, 829, 631, 235, 197
track:28, 829, 631, 235, 197
track:29, 829, 630, 235, 197
track:30, 829, 630, 235, 197
track:31, 830, 629, 235, 197
track:32, 831, 631, 235, 197
track:33, 829, 630, 235, 197
track:34, 830, 631, 235, 197
track:35, 830, 630, 235, 197
track:36, 830, 631, 235, 197
track:37, 829, 630, 235, 197
track:38, 831, 630, 235, 197
track:39, 830, 630, 235, 197
track:40, 830, 630, 235, 197
track:41, 831, 629, 235, 197
track:42, 830, 631, 235, 197
track:43, 831, 630, 235, 197
track:44, 830, 631, 235, 197
track:45, 832, 630, 235, 197
track:46, 830, 631, 235, 197
track:48, 832, 630, 235, 197
track:49, 830, 630, 235, 197
track:50, 831, 629, 235, 197
init :51, 826, 633, 230, 197
track:52, 826, 633, 230, 197
track:53, 826, 634, 230, 197
track:54, 827, 632, 230, 197
track:55, 826, 633, 230, 197
track:56, 826, 633, 230, 197
track:57, 826, 633, 230, 197
track:58, 827, 632, 230, 197
track:59, 826, 632, 230, 197
track:60, 825, 633, 230, 197
track:61, 826, 632, 230, 197
track:62, 825, 633, 230, 197
track:63, 826, 632, 230, 197
track:64, 824, 633, 230, 197
track:65, 825, 633, 230, 197
track:66, 825, 632, 230, 197
track:67, 824, 633, 230, 197
track:68, 825, 633, 230, 197
track:69, 825, 633, 230, 197
track:70, 825, 633, 230, 197
track:71, 825, 632, 230, 197
track:72, 823, 633, 230, 197
track:73, 823, 633, 230, 197
track:74, 823, 633, 230, 197
track:75, 824, 633, 230, 197
track:76, 824, 633, 230, 197
track:77, 824, 633, 230, 197
track:78, 823, 633, 230, 197
track:79, 823, 633, 230, 197
track:80, 824, 634, 230, 197
track:81, 825, 633, 230, 197
track:82, 824, 633, 230, 197
track:83, 824, 634, 230, 197
track:84, 824, 633, 230, 197
track:85, 823, 633, 230, 197
track:86, 823, 634, 230, 197
track:87, 824, 634, 230, 197
track:88, 824, 633, 230, 197
track:89, 823, 634, 230, 197
track:90, 823, 633, 230, 197
track:91, 822, 633, 230, 197
track:92, 822, 633, 230, 197
track:93, 823, 633, 230, 197
track:94, 823, 633, 230, 197
track:95, 823, 633, 230, 197
track:96, 824, 633, 230, 197
track:97, 825, 633, 230, 197
track:98, 826, 632, 230, 197
track:99, 825, 632, 230, 197
track:100, 827, 632, 230, 197
init :101, 830, 628, 235, 197
track:102, 831, 628, 235, 197
track:103, 833, 628, 235, 197
track:104, 834, 627, 235, 197
track:105, 834, 626, 235, 197
track:106, 835, 626, 235, 197
track:107, 835, 625, 235, 197
track:108, 836, 623, 235, 197
track:109, 835, 621, 235, 197
track:110, 835, 620, 235, 197
track:111, 836, 620, 235, 197
track:112, 836, 617, 235, 197
track:113, 842, 620, 224, 188
track:114, 844, 620, 224, 188
track:115, 844, 618, 224, 188
track:116, 844, 616, 224, 188
track:117, 845, 614, 224, 188
track:120, 846, 612, 224, 188
track:121, 854, 614, 213, 179
track:122, 855, 612, 213, 179
track:123, 856, 611, 213, 179
track:124, 855, 610, 213, 179
track:125, 853, 608, 213, 179
track:126, 849, 604, 213, 179
track:127, 849, 602, 213, 179
track:128, 853, 607, 203, 170
track:129, 853, 607, 203, 170
track:130, 853, 608, 203, 170
track:131, 852, 609, 203, 170
track:132, 855, 612, 203, 170
track:133, 856, 614, 203, 170
track:134, 856, 615, 203, 170
track:135, 857, 616, 203, 170
track:136, 857, 618, 203, 170
track:137, 859, 618, 203, 170
track:138, 860, 619, 203, 170
track:139, 860, 620, 203, 170
track:140, 859, 619, 203, 170
track:141, 860, 618, 203, 170
track:142, 857, 618, 203, 170
track:143, 852, 615, 213, 179
track:144, 850, 616, 213, 179
track:145, 848, 620, 213, 179
track:146, 848, 621, 213, 179
track:147, 848, 620, 213, 179
track:148, 848, 623, 213, 179
track:149, 850, 623, 213, 179
track:150, 850, 626, 213, 179
init :151, 858, 633, 175, 160
track:152, 858, 634, 175, 160
track:153, 859, 638, 175, 160
track:154, 858, 639, 175, 160
track:155, 857, 641, 175, 160
track:156, 858, 641, 175, 160
track:157, 859, 642, 175, 160
track:158, 860, 643, 175, 160
track:159, 860, 643, 175, 160
track:160, 859, 644, 175, 160
track:161, 857, 644, 175, 160
track:162, 855, 644, 175, 160
track:163, 854, 644, 175, 160
track:164, 853, 645, 175, 160
track:165, 853, 646, 175, 160
track:166, 854, 646, 175, 160
track:167, 853, 646, 175, 160
track:168, 853, 645, 175, 160
track:169, 852, 645, 175, 160
track:170, 855, 645, 175, 160
track:171, 856, 643, 175, 160
track:172, 853, 639, 184, 168
track:173, 857, 642, 175, 160
track:174, 856, 642, 175, 160
track:175, 854, 642, 175, 160
track:176, 851, 644, 175, 160
track:177, 854, 644, 175, 160
track:178, 854, 644, 175, 160
track:179, 855, 644, 175, 160
track:180, 863, 648, 167, 152
track:181, 863, 649, 167, 152
track:182, 864, 652, 167, 152
track:183, 866, 655, 167, 152
track:184, 866, 655, 167, 152
track:185, 867, 656, 167, 152
track:186, 867, 655, 167, 152
track:187, 861, 650, 167, 152
track:188, 857, 646, 167, 152
track:189, 856, 645, 167, 152
track:190, 854, 644, 167, 152
track:191, 853, 642, 167, 152
track:192, 853, 638, 167, 152
track:193, 852, 636, 167, 152
track:194, 852, 635, 167, 152
track:195, 851, 630, 175, 160
track:196, 856, 633, 167, 152
track:197, 855, 631, 167, 152
track:198, 853, 631, 167, 152
track:199, 853, 631, 167, 152
track:200, 850, 633, 167, 152
init :201, 853, 638, 156, 145
track:202, 853, 636, 156, 145
track:203, 852, 634, 156, 145
track:204, 853, 633, 156, 145
track:205, 854, 632, 156, 145
track:206, 855, 631, 156, 145
track:207, 852, 630, 156, 145
track:208, 852, 629, 156, 145
track:209, 851, 628, 156, 145
track:210, 848, 625, 156, 145
track:211, 850, 623, 149, 138
track:212, 851, 621, 149, 138
track:213, 850, 620, 149, 138
track:214, 850, 619, 149, 138
track:215, 850, 619, 149, 138
track:216, 850, 619, 149, 138
track:217, 853, 622, 141, 132
track:218, 853, 622, 141, 132
track:219, 853, 624, 141, 132
track:220, 853, 627, 141, 132
track:221, 853, 628, 141, 132
track:222, 856, 633, 135, 125
track:223, 855, 634, 135, 125
track:224, 856, 636, 135, 125
track:225, 855, 637, 135, 125
track:226, 856, 638, 135, 125
track:227, 855, 639, 135, 125
track:228, 856, 639, 135, 125
track:229, 858, 643, 128, 119
track:230, 858, 642, 128, 119
track:231, 858, 641, 128, 119
track:232, 858, 639, 128, 119
track:233, 857, 638, 128, 119
track:234, 857, 637, 128, 119
track:235, 859, 639, 122, 114
track:236, 857, 635, 128, 119
track:237, 862, 639, 122, 114
track:238, 862, 639, 122, 114
track:239, 863, 640, 122, 114
track:240, 864, 642, 122, 114
track:241, 865, 643, 122, 114
track:242, 865, 643, 122, 114
track:243, 865, 643, 122, 114
track:244, 865, 644, 122, 114
track:245, 867, 647, 116, 108
track:246, 867, 647, 116, 108
track:247, 868, 647, 116, 108
track:248, 867, 647, 116, 108
track:249, 870, 650, 111, 103
track:250, 871, 653, 111, 103
init :251, 867, 659, 120, 98
track:252, 868, 661, 120, 98
track:253, 869, 661, 120, 98
track:254, 869, 664, 120, 98
track:255, 869, 668, 120, 98
track:256, 870, 669, 120, 98
track:257, 870, 672, 120, 98
track:258, 871, 674, 120, 98
track:259, 871, 675, 120, 98
track:260, 872, 677, 120, 98
track:261, 872, 678, 120, 98
track:262, 871, 678, 120, 98
track:263, 871, 678, 120, 98
track:264, 872, 680, 120, 98
track:265, 872, 681, 120, 98
track:266, 872, 683, 120, 98
track:267, 872, 685, 120, 98
track:268, 871, 685, 120, 98
track:269, 871, 686, 120, 98
track:270, 872, 687, 120, 98
track:271, 873, 690, 120, 98
track:272, 874, 694, 120, 98
track:273, 874, 694, 120, 98
track:274, 874, 696, 120, 98
track:275, 872, 696, 126, 103
track:276, 872, 698, 126, 103
track:277, 871, 699, 132, 108
track:278, 871, 700, 132, 108
track:279, 872, 700, 132, 108
track:280, 874, 698, 132, 108
track:281, 875, 696, 132, 108
track:282, 874, 696, 139, 113
track:283, 874, 696, 139, 113
track:284, 875, 699, 139, 113
track:285, 877, 701, 139, 113
track:286, 876, 698, 146, 119
track:287, 874, 692, 153, 125
track:288, 869, 689, 161, 131
track:289, 870, 686, 161, 131
track:290, 871, 681, 161, 131
track:291, 871, 674, 161, 131
track:292, 868, 665, 169, 138
track:293, 865, 662, 177, 145
track:294, 866, 661, 177, 145
track:295, 868, 658, 177, 145
track:296, 866, 654, 186, 152
track:297, 866, 655, 186, 152
track:298, 861, 652, 195, 160
track:299, 859, 652, 195, 160
track:300, 858, 654, 195, 160
init :301, 835, 638, 244, 205
track:302, 834, 641, 244, 205
track:303, 834, 642, 244, 205
track:304, 833, 647, 244, 205
track:305, 832, 647, 244, 205
track:306, 824, 642, 256, 215
track:307, 818, 635, 269, 226
track:308, 816, 636, 269, 226
track:309, 816, 633, 269, 226
track:310, 815, 628, 269, 226
track:311, 813, 611, 269, 226
track:312, 820, 607, 256, 215
track:313, 813, 602, 269, 226
track:314, 814, 595, 269, 226
track:315, 814, 586, 269, 226
track:316, 814, 579, 269, 226
track:317, 816, 568, 269, 226
track:318, 822, 572, 256, 215
track:319, 825, 573, 256, 215
track:320, 836, 566, 244, 205
track:321, 839, 562, 244, 205
track:322, 843, 565, 232, 195
track:323, 844, 563, 232, 195
track:324, 843, 566, 232, 195
track:325, 846, 569, 221, 186
track:326, 845, 562, 221, 186
track:327, 844, 562, 221, 186
track:328, 844, 562, 221, 186
track:329, 843, 569, 221, 186
track:330, 840, 577, 221, 186
track:331, 846, 584, 211, 177
track:332, 843, 586, 211, 177
track:333, 841, 588, 211, 177
track:334, 841, 589, 211, 177
track:335, 845, 594, 201, 169
track:336, 840, 592, 211, 177
track:337, 840, 592, 211, 177
track:338, 845, 598, 201, 169
track:339, 846, 594, 201, 169
track:340, 847, 592, 201, 169
track:341, 846, 592, 201, 169
track:342, 846, 591, 201, 169
track:343, 847, 592, 201, 169
track:344, 847, 588, 201, 169
track:345, 847, 585, 201, 169
track:346, 847, 586, 201, 169
track:347, 847, 588, 201, 169
track:348, 847, 589, 201, 169
track:349, 850, 595, 191, 161
track:350, 857, 603, 182, 153
init :351, 872, 625, 147, 114
track:352, 873, 627, 147, 114
track:353, 873, 628, 147, 114
track:354, 874, 631, 147, 114
track:355, 872, 632, 147, 114
track:356, 876, 635, 140, 109
track:357, 875, 636, 140, 109
track:358, 875, 636, 140, 109
track:359, 875, 636, 140, 109
track:360, 875, 636, 140, 109
track:361, 874, 637, 140, 109
track:362, 873, 637, 140, 109
track:363, 873, 638, 140, 109
track:364, 876, 640, 133, 103
track:365, 875, 641, 133, 103
track:366, 874, 641, 133, 103
track:367, 872, 643, 133, 103
track:368, 875, 645, 127, 98
track:369, 874, 645, 127, 98
track:370, 874, 650, 127, 98
track:371, 876, 658, 121, 94
track:372, 876, 663, 121, 94
track:373, 876, 663, 121, 94
track:374, 875, 664, 121, 94
track:375, 874, 664, 121, 94
track:376, 871, 664, 121, 94
track:377, 869, 664, 121, 94
track:378, 869, 665, 121, 94
track:379, 869, 667, 121, 94
track:380, 868, 667, 121, 94
track:381, 870, 668, 115, 89
track:382, 869, 668, 115, 89
track:383, 867, 667, 115, 89
track:384, 866, 667, 115, 89
track:385, 865, 665, 115, 89
track:386, 865, 665, 115, 89
track:387, 865, 665, 115, 89
track:388, 865, 665, 115, 89
track:389, 865, 664, 115, 89
track:390, 864, 664, 115, 89
track:391, 864, 667, 115, 89
track:392, 865, 670, 115, 89
track:393, 865, 670, 115, 89
track:394, 865, 671, 115, 89
track:395, 866, 677, 115, 89
track:396, 867, 680, 115, 89
track:397, 869, 684, 115, 89
track:398, 869, 685, 115, 89
track:399, 870, 689, 115, 89
track:400, 871, 694, 115, 89
init :401, 876, 703, 101, 85
track:402, 877, 707, 101, 85
track:403, 877, 707, 101, 85
track:404, 878, 709, 101, 85
track:405, 879, 710, 101, 85
track:406, 879, 709, 101, 85
track:407, 880, 709, 101, 85
track:408, 880, 710, 101, 85
track:409, 879, 706, 106, 89
track:410, 879, 705, 106, 89
track:411, 880, 702, 106, 89
track:412, 881, 700, 106, 89
track:413, 881, 700, 106, 89
track:414, 880, 699, 106, 89
track:415, 880, 700, 106, 89
track:416, 880, 701, 106, 89
track:417, 881, 702, 106, 89
track:418, 881, 702, 106, 89
track:419, 881, 702, 106, 89
track:420, 879, 703, 106, 89
track:421, 878, 703, 106, 89
track:422, 878, 701, 106, 89
track:423, 878, 701, 106, 89
track:424, 877, 698, 106, 89
track:425, 877, 696, 106, 89
track:426, 876, 694, 106, 89
track:427, 874, 693, 106, 89
track:428, 875, 693, 106, 89
track:429, 875, 693, 106, 89
track:430, 873, 693, 106, 89
track:431, 873, 694, 106, 89
track:432, 872, 693, 106, 89
track:433, 873, 693, 106, 89
track:434, 872, 693, 106, 89
track:435, 871, 693, 106, 89
track:436, 870, 694, 106, 89
track:437, 869, 695, 106, 89
track:438, 870, 696, 106, 89
track:439, 871, 697, 106, 89
track:440, 871, 698, 106, 89
track:441, 871, 698, 106, 89
track:442, 872, 698, 106, 89
track:443, 872, 699, 106, 89
track:444, 872, 699, 106, 89
track:445, 869, 697, 111, 94
track:446, 870, 698, 111, 94
track:447, 870, 697, 111, 94
track:448, 870, 697, 111, 94
track:449, 871, 696, 111, 94
track:450, 868, 694, 117, 98
init :451, 872, 693, 115, 93
track:452, 873, 695, 115, 93
track:453, 872, 695, 115, 93
track:454, 874, 695, 115, 93
track:455, 875, 696, 115, 93
track:456, 876, 696, 115, 93
track:457, 875, 696, 115, 93
track:458, 875, 696, 115, 93
track:459, 875, 695, 115, 93
track:460, 874, 693, 115, 93
track:461, 876, 693, 115, 93
track:462, 876, 693, 115, 93
track:463, 873, 691, 121, 98
track:464, 872, 688, 121, 98
track:465, 872, 685, 121, 98
track:466, 873, 686, 121, 98
track:467, 872, 686, 121, 98
track:468, 872, 687, 121, 98
track:469, 872, 687, 121, 98
track:470, 873, 688, 121, 98
track:471, 874, 690, 121, 98
track:472, 871, 688, 127, 103
track:473, 872, 691, 127, 103
track:474, 869, 691, 133, 108
track:475, 871, 692, 133, 108
track:476, 873, 690, 133, 108
track:477, 873, 690, 133, 108
track:478, 875, 689, 133, 108
track:479, 877, 688, 133, 108
track:480, 876, 675, 140, 113
track:481, 877, 673, 140, 113
track:482, 878, 673, 140, 113
track:483, 881, 664, 140, 113
track:484, 881, 663, 140, 113
track:485, 884, 664, 140, 113
track:486, 881, 664, 147, 119
track:487, 880, 665, 147, 119
track:488, 880, 669, 147, 119
track:490, 877, 672, 147, 119
track:491, 872, 671, 154, 125
track:492, 867, 669, 162, 131
track:493, 865, 669, 162, 131
track:494, 859, 666, 170, 137
track:495, 857, 659, 170, 137
track:496, 854, 653, 170, 137
track:497, 853, 652, 170, 137
track:498, 853, 650, 170, 137
track:499, 852, 646, 170, 137
track:500, 851, 641, 170, 137
init :501, 853, 636, 170, 145
track:502, 853, 636, 170, 145
track:503, 853, 636, 170, 145
track:504, 853, 634, 170, 145
track:505, 853, 634, 170, 145
track:506, 852, 634, 170, 145
track:507, 852, 635, 170, 145
track:508, 846, 628, 178, 152
track:509, 845, 625, 178, 152
track:510, 845, 621, 178, 152
track:511, 850, 624, 170, 145
track:512, 850, 623, 170, 145
track:513, 849, 621, 170, 145
track:514, 849, 623, 170, 145
track:515, 853, 627, 162, 138
track:516, 853, 626, 162, 138
track:517, 852, 626, 162, 138
track:518, 853, 624, 162, 138
track:519, 853, 624, 162, 138
track:520, 854, 623, 162, 138
track:521, 854, 621, 162, 138
track:522, 853, 620, 162, 138
track:523, 854, 621, 162, 138
track:524, 854, 623, 162, 138
track:525, 856, 625, 162, 138
track:526, 857, 626, 162, 138
track:527, 856, 626, 162, 138
track:528, 856, 625, 162, 138
track:529, 856, 623, 162, 138
track:530, 857, 623, 162, 138
track:531, 856, 622, 162, 138
track:532, 863, 626, 154, 132
track:533, 867, 629, 147, 125
track:534, 867, 628, 147, 125
track:535, 865, 629, 147, 125
track:536, 869, 634, 140, 119
track:537, 869, 635, 140, 119
track:538, 869, 636, 140, 119
track:539, 869, 638, 140, 119
track:540, 873, 639, 133, 114
track:543, 871, 641, 133, 114
track:544, 871, 641, 133, 114
track:546, 869, 646, 133, 114
track:547, 869, 646, 133, 114
track:548, 870, 652, 127, 108
track:549, 869, 654, 127, 108
track:550, 869, 657, 127, 108
init :551, 872, 664, 106, 85
track:552, 872, 664, 106, 85
track:553, 872, 664, 106, 85
track:554, 871, 663, 106, 85
track:555, 871, 664, 106, 85
track:556, 871, 665, 106, 85
track:557, 874, 667, 101, 81
track:558, 870, 669, 106, 85
track:559, 870, 673, 106, 85
track:560, 871, 675, 106, 85
track:561, 871, 679, 106, 85
track:562, 871, 680, 106, 85
track:563, 870, 681, 106, 85
track:564, 872, 684, 101, 81
track:565, 873, 686, 101, 81
track:566, 872, 688, 101, 81
track:567, 872, 689, 101, 81
track:568, 873, 690, 101, 81
track:569, 874, 692, 101, 81
track:570, 872, 694, 101, 81
track:571, 873, 697, 101, 81
track:572, 873, 698, 101, 81
track:573, 874, 700, 101, 81
track:574, 875, 701, 101, 81
track:575, 876, 701, 101, 81
track:576, 875, 699, 101, 81
track:577, 874, 699, 101, 81
track:578, 875, 697, 101, 81
track:579, 875, 695, 101, 81
track:580, 877, 694, 101, 81
track:581, 877, 694, 101, 81
track:582, 877, 695, 101, 81
track:583, 876, 697, 101, 81
track:584, 876, 698, 101, 81
track:585, 876, 698, 101, 81
track:586, 875, 698, 101, 81
track:587, 876, 699, 101, 81
track:588, 873, 697, 106, 85
track:589, 874, 697, 106, 85
track:590, 874, 696, 106, 85
track:591, 872, 697, 106, 85
track:592, 871, 698, 106, 85
track:593, 870, 696, 106, 85
track:594, 870, 694, 106, 85
track:595, 871, 686, 106, 85
track:596, 870, 683, 106, 85
track:597, 869, 683, 106, 85
track:598, 866, 677, 111, 89
track:599, 865, 670, 111, 89
track:600, 866, 667, 111, 89
init :601, 867, 664, 115, 103
track:602, 867, 664, 115, 103
track:603, 867, 663, 115, 103
track:604, 865, 660, 115, 103
track:605, 865, 657, 115, 103
track:606, 866, 656, 115, 103
track:607, 865, 656, 115, 103
track:608, 866, 656, 115, 103
track:609, 867, 655, 115, 103
track:610, 867, 656, 115, 103
track:611, 867, 660, 115, 103
track:612, 864, 659, 121, 108
track:613, 863, 661, 121, 108
track:614, 864, 663, 121, 108
track:615, 865, 666, 121, 108
track:616, 864, 669, 121, 108
track:617, 861, 667, 127, 114
track:618, 861, 667, 127, 114
track:619, 860, 665, 127, 114
track:620, 861, 664, 127, 114
track:621, 862, 664, 127, 114
track:622, 862, 664, 127, 114
track:623, 861, 663, 127, 114
track:624, 860, 661, 127, 114
track:625, 861, 661, 127, 114
track:626, 862, 662, 127, 114
track:627, 863, 663, 127, 114
track:628, 863, 664, 127, 114
track:629, 863, 663, 127, 114
track:630, 859, 658, 133, 119
track:631, 859, 658, 133, 119
track:632, 859, 658, 133, 119
track:633, 862, 660, 133, 119
track:634, 862, 664, 133, 119
track:635, 862, 667, 133, 119
track:636, 859, 665, 140, 125
track:637, 860, 665, 140, 125
track:638, 861, 665, 140, 125
track:639, 859, 664, 147, 131
track:640, 859, 664, 147, 131
track:641, 859, 661, 147, 131
track:642, 859, 661, 147, 131
track:643, 858, 658, 147, 131
track:644, 858, 658, 147, 131
track:645, 859, 648, 147, 131
track:646, 860, 647, 147, 131
track:647, 860, 647, 147, 131
track:648, 860, 646, 147, 131
track:649, 860, 646, 147, 131
track:650, 862, 647, 147, 131
init :651, 872, 651, 143, 122
track:652, 872, 651, 143, 122
track:653, 872, 652, 143, 122
track:654, 873, 653, 143, 122
track:655, 871, 653, 150, 128
track:656, 871, 656, 150, 128
track:657, 871, 657, 150, 128
track:658, 873, 659, 150, 128
track:659, 875, 659, 150, 128
track:660, 875, 659, 150, 128
track:661, 875, 659, 150, 128
track:662, 876, 659, 150, 128
track:663, 877, 659, 150, 128
track:664, 878, 657, 150, 128
track:665, 883, 658, 143, 122
track:666, 883, 657, 143, 122
track:667, 882, 655, 143, 122
track:668, 884, 653, 143, 122
track:669, 883, 652, 143, 122
track:670, 883, 651, 143, 122
track:671, 881, 652, 143, 122
track:672, 881, 653, 143, 122
track:673, 879, 652, 143, 122
track:674, 878, 651, 143, 122
track:675, 877, 650, 143, 122
track:676, 875, 650, 143, 122
track:677, 876, 650, 143, 122
track:678, 874, 653, 143, 122
track:679, 874, 661, 143, 122
track:680, 874, 670, 143, 122
track:681, 874, 671, 143, 122
track:682, 873, 671, 143, 122
track:683, 872, 670, 143, 122
track:684, 867, 667, 150, 128
track:685, 863, 667, 158, 135
track:686, 864, 669, 158, 135
track:687, 864, 670, 158, 135
track:688, 864, 670, 158, 135
track:689, 862, 668, 158, 135
track:690, 861, 667, 158, 135
track:691, 861, 665, 158, 135
track:692, 861, 664, 158, 135
track:693, 860, 663, 158, 135
track:694, 860, 662, 158, 135
track:695, 861, 661, 158, 135
track:696, 859, 660, 158, 135
track:697, 859, 660, 158, 135
track:698, 858, 658, 158, 135
track:699, 855, 659, 158, 135
track:700, 854, 660, 158, 135
init :701, 853, 667, 152, 111
track:702, 853, 667, 152, 111
track:703, 853, 669, 152, 111
track:704, 852, 675, 152, 111
track:705, 850, 680, 152, 111
track:706, 850, 681, 152, 111
track:707, 850, 682, 152, 111
track:708, 848, 683, 152, 111
track:709, 849, 684, 152, 111
track:710, 849, 682, 152, 111
track:711, 846, 679, 160, 117
track:712, 846, 676, 160, 117
track:713, 846, 675, 160, 117
track:714, 846, 674, 160, 117
track:715, 846, 675, 160, 117
track:716, 845, 676, 160, 117
track:717, 845, 677, 160, 117
track:718, 850, 680, 152, 111
track:719, 850, 681, 152, 111
track:720, 847, 678, 160, 117
track:721, 848, 679, 160, 117
track:722, 847, 679, 160, 117
track:723, 847, 678, 160, 117
track:724, 847, 676, 160, 117
track:725, 849, 671, 160, 117
track:726, 849, 670, 160, 117
track:727, 849, 669, 160, 117
track:728, 850, 667, 160, 117
track:729, 849, 661, 160, 117
track:730, 846, 657, 168, 122
track:731, 846, 656, 168, 122
track:732, 846, 657, 168, 122
track:733, 846, 656, 168, 122
track:734, 847, 652, 168, 122
track:735, 848, 647, 168, 122
track:736, 849, 646, 168, 122
track:737, 848, 645, 168, 122
track:738, 847, 644, 168, 122
track:739, 846, 643, 168, 122
track:740, 848, 645, 168, 122
track:741, 849, 645, 168, 122
track:742, 848, 646, 168, 122
track:743, 847, 647, 168, 122
track:744, 846, 646, 168, 122
track:745, 847, 644, 168, 122
track:746, 847, 643, 168, 122
track:747, 848, 642, 168, 122
track:748, 848, 635, 168, 122
track:749, 846, 628, 168, 122
track:750, 845, 628, 168, 122
init :751, 849, 625, 156, 124
track:752, 848, 627, 156, 124
track:753, 850, 628, 156, 124
track:754, 851, 629, 156, 124
track:755, 853, 628, 156, 124
track:756, 854, 628, 156, 124
track:757, 855, 628, 156, 124
track:758, 854, 627, 156, 124
track:759, 854, 629, 156, 124
track:760, 855, 632, 156, 124
track:761, 855, 633, 156, 124
track:762, 857, 634, 156, 124
track:763, 859, 633, 156, 124
track:764, 860, 633, 156, 124
track:765, 863, 636, 149, 118
track:766, 862, 636, 149, 118
track:767, 861, 636, 149, 118
track:768, 863, 638, 149, 118
track:769, 863, 640, 149, 118
track:770, 866, 648, 149, 118
track:771, 866, 649, 149, 118
track:772, 868, 649, 149, 118
track:773, 867, 647, 149, 118
track:774, 869, 647, 149, 118
track:775, 874, 650, 141, 112
track:776, 872, 649, 141, 112
track:777, 873, 649, 141, 112
track:778, 875, 648, 141, 112
track:779, 876, 648, 141, 112
track:780, 880, 650, 135, 107
track:781, 879, 650, 135, 107
track:782, 879, 651, 135, 107
track:783, 879, 651, 135, 107
track:784, 879, 649, 135, 107
track:785, 877, 651, 135, 107
track:786, 878, 651, 135, 107
track:787, 880, 653, 128, 102
track:788, 880, 653, 128, 102
track:789, 879, 654, 128, 102
track:790, 878, 653, 128, 102
track:791, 878, 654, 128, 102
track:792, 877, 652, 128, 102
track:793, 877, 653, 128, 102
track:794, 877, 654, 128, 102
track:795, 878, 659, 128, 102
track:796, 878, 660, 128, 102
track:797, 878, 659, 128, 102
track:798, 878, 658, 128, 102
track:799, 878, 659, 128, 102
track:800, 878, 661, 128, 102
init :801, 876, 659, 133, 109
track:802, 876, 659, 133, 109
track:803, 875, 660, 133, 109
track:804, 873, 658, 140, 114
track:805, 871, 659, 140, 114
track:806, 871, 659, 140, 114
track:807, 871, 659, 140, 114
track:808, 870, 660, 140, 114
track:809, 870, 661, 140, 114
track:810, 870, 664, 140, 114
track:811, 871, 664, 140, 114
track:812, 870, 665, 140, 114
track:813, 868, 665, 140, 114
track:814, 867, 665, 140, 114
track:815, 866, 665, 140, 114
track:816, 865, 665, 140, 114
track:817, 866, 667, 140, 114
track:818, 864, 674, 140, 114
track:819, 864, 676, 140, 114
track:820, 859, 684, 147, 120
track:821, 859, 685, 147, 120
track:822, 855, 682, 154, 126
track:823, 854, 682, 154, 126
track:824, 853, 681, 154, 126
track:825, 852, 681, 154, 126
track:826, 852, 680, 154, 126
track:827, 852, 686, 154, 126
track:828, 852, 691, 154, 126
track:829, 853, 692, 154, 126
track:830, 855, 694, 154, 126
track:831, 856, 695, 154, 126
track:832, 856, 695, 154, 126
track:833, 854, 690, 162, 132
track:834, 855, 685, 162, 132
track:835, 854, 675, 162, 132
track:836, 855, 675, 162, 132
track:837, 855, 669, 162, 132
track:838, 853, 669, 162, 132
track:839, 851, 664, 162, 132
track:840, 846, 656, 170, 139
track:841, 845, 655, 170, 139
track:842, 842, 653, 170, 139
track:843, 836, 647, 178, 146
track:844, 835, 643, 178, 146
track:845, 834, 633, 170, 139
track:846, 833, 632, 170, 139
track:847, 828, 623, 178, 146
track:848, 824, 614, 187, 153
track:849, 821, 612, 187, 153
track:850, 822, 612, 187, 153
init :851, 821, 604, 198, 173
track:852, 825, 601, 198, 173
track:853, 829, 596, 198, 173
track:854, 831, 598, 198, 173
track:855, 832, 602, 198, 173
track:856, 831, 604, 198, 173
track:857, 832, 604, 198, 173
track:858, 831, 600, 198, 173
track:859, 832, 598, 198, 173
track:860, 832, 595, 198, 173
track:861, 832, 595, 198, 173
track:862, 832, 596, 198, 173
track:863, 833, 601, 198, 173
track:864, 838, 609, 189, 165
track:865, 839, 616, 189, 165
track:866, 843, 620, 180, 157
track:867, 843, 625, 180, 157
track:868, 844, 627, 180, 157
track:869, 845, 627, 180, 157
track:870, 845, 631, 180, 157
track:871, 845, 631, 180, 157
track:872, 845, 632, 180, 157
track:873, 846, 633, 180, 157
track:874, 846, 633, 180, 157
track:875, 850, 637, 171, 149
track:876, 851, 637, 171, 149
track:877, 851, 637, 171, 149
track:878, 853, 638, 171, 149
track:879, 859, 641, 163, 142
track:880, 858, 640, 163, 142
track:881, 858, 640, 163, 142
track:882, 857, 640, 163, 142
track:883, 860, 639, 163, 142
track:884, 863, 638, 163, 142
track:885, 868, 642, 155, 136
track:886, 870, 641, 155, 136
track:887, 870, 642, 155, 136
track:888, 872, 643, 155, 136
track:889, 871, 641, 155, 136
track:890, 874, 639, 155, 136
track:891, 875, 639, 155, 136
track:892, 875, 639, 155, 136
track:893, 877, 638, 155, 136
track:894, 876, 638, 155, 136
track:895, 882, 641, 148, 129
track:896, 885, 644, 141, 123
track:897, 884, 643, 141, 123
track:898, 882, 642, 141, 123
track:899, 880, 642, 141, 123
track:900, 879, 643, 141, 123
init :901, 881, 651, 124, 93
track:902, 880, 652, 124, 93
track:903, 880, 653, 124, 93
track:904, 881, 653, 124, 93
track:905, 880, 654, 124, 93
track:906, 881, 654, 124, 93
track:907, 856, 634, 124, 93
track:908, 847, 634, 124, 93
track:909, 849, 641, 124, 93
track:910, 842, 642, 124, 93
track:911, 844, 643, 124, 93
track:912, 840, 645, 130, 98
track:913, 837, 644, 137, 103
track:914, 833, 646, 137, 103
track:915, 831, 644, 144, 108
track:916, 831, 643, 144, 108
track:917, 830, 645, 144, 108
track:918, 831, 645, 144, 108
track:919, 826, 644, 151, 113
track:920, 821, 641, 158, 119
track:921, 819, 640, 158, 119
track:922, 815, 640, 158, 119
track:923, 810, 640, 158, 119
track:924, 805, 641, 158, 119
track:925, 796, 637, 166, 125
track:926, 796, 635, 166, 125
track:927, 791, 635, 166, 125
track:928, 783, 638, 166, 125
track:929, 777, 637, 166, 125
track:930, 774, 635, 166, 125
track:931, 774, 634, 166, 125
track:932, 770, 632, 166, 125
track:933, 771, 631, 166, 125
track:934, 771, 628, 166, 125
track:935, 771, 625, 166, 125
track:936, 771, 624, 166, 125
track:937, 771, 622, 166, 125
track:938, 771, 619, 166, 125
track:939, 773, 620, 166, 125
track:940, 772, 616, 166, 125
track:941, 772, 617, 166, 125
track:942, 773, 616, 166, 125
track:943, 773, 616, 166, 125
track:944, 772, 615, 166, 125
track:945, 771, 614, 166, 125
track:946, 771, 615, 166, 125
track:947, 768, 619, 158, 119
track:948, 762, 616, 166, 125
track:949, 758, 617, 166, 125
track:950, 756, 618, 166, 125
init :951, 752, 571, 355, 236
track:952, 750, 573, 355, 236
track:953, 750, 575, 355, 236
track:954, 750, 576, 355, 236
track:955, 749, 578, 355, 236
track:956, 752, 577, 355, 236
track:957, 749, 579, 355, 236
track:958, 751, 579, 355, 236
track:959, 750, 581, 355, 236
track:960, 749, 581, 355, 236
track:961, 750, 582, 355, 236
track:962, 747, 584, 355, 236
track:963, 737, 579, 373, 248
track:964, 736, 579, 373, 248
track:965, 735, 579, 373, 248
track:966, 732, 579, 373, 248
track:967, 728, 581, 373, 248
track:968, 723, 583, 373, 248
track:969, 719, 583, 373, 248
track:970, 718, 584, 373, 248
track:971, 711, 583, 373, 248
track:972, 708, 585, 373, 248
track:973, 704, 584, 373, 248
track:974, 699, 585, 373, 248
track:975, 699, 585, 373, 248
track:976, 695, 586, 373, 248
track:977, 690, 587, 373, 248
track:978, 689, 586, 373, 248
track:979, 689, 587, 373, 248
track:980, 684, 587, 373, 248
track:981, 687, 588, 373, 248
track:982, 690, 586, 373, 248
track:983, 692, 592, 355, 236
track:984, 690, 594, 355, 236
track:985, 693, 594, 355, 236
track:986, 695, 594, 355, 236
track:987, 694, 595, 355, 236
track:988, 699, 601, 338, 225
track:989, 702, 600, 338, 225
track:990, 702, 602, 338, 225
track:991, 702, 602, 338, 225
track:992, 701, 601, 338, 225
track:993, 707, 607, 322, 214
track:994, 707, 605, 322, 214
track:995, 705, 604, 322, 214
track:996, 705, 602, 322, 214
track:997, 707, 601, 322, 214
track:998, 710, 599, 322, 214
track:999, 714, 595, 322, 214
track:1000, 722, 600, 307, 204
init :1001, 733, 581, 498, 225
track:1002, 735, 581, 498, 225
track:1003, 739, 579, 498, 225
track:1004, 745, 577, 498, 225
track:1005, 745, 576, 498, 225
track:1006, 745, 573, 498, 225
track:1007, 747, 570, 498, 225
track:1008, 748, 568, 498, 225
track:1009, 760, 572, 474, 214
track:1010, 759, 571, 474, 214
track:1011, 757, 571, 474, 214
track:1012, 753, 570, 474, 214
track:1013, 750, 570, 474, 214
track:1014, 756, 577, 452, 204
track:1015, 756, 577, 452, 204
track:1016, 751, 574, 452, 204
track:1017, 746, 575, 452, 204
track:1018, 744, 574, 452, 204
track:1019, 741, 572, 452, 204
track:1020, 739, 571, 452, 204
track:1021, 749, 576, 430, 194
track:1022, 748, 574, 430, 194
track:1023, 758, 578, 410, 185
track:1024, 760, 580, 410, 185
track:1025, 758, 579, 410, 185
track:1026, 753, 579, 410, 185
track:1027, 749, 578, 410, 185
track:1028, 736, 577, 430, 194
track:1029, 733, 577, 430, 194
track:1030, 736, 579, 430, 194
track:1031, 730, 579, 430, 194
track:1032, 723, 581, 430, 194
track:1033, 718, 582, 430, 194
track:1034, 705, 579, 452, 204
track:1035, 704, 580, 452, 204
track:1036, 701, 583, 452, 204
track:1037, 699, 588, 452, 204
track:1038, 699, 591, 452, 204
track:1039, 693, 592, 452, 204
track:1040, 706, 597, 430, 194
track:1041, 704, 600, 430, 194
track:1042, 703, 601, 430, 194
track:1043, 708, 600, 430, 194
track:1044, 708, 603, 430, 194
track:1045, 703, 604, 430, 194
track:1046, 708, 607, 430, 194
track:1047, 711, 608, 430, 194
track:1048, 721, 612, 410, 185
track:1049, 723, 609, 410, 185
track:1050, 724, 608, 410, 185
init :1051, 756, 610, 452, 150
track:1052, 761, 607, 452, 150
track:1053, 768, 607, 452, 150
track:1054, 773, 608, 452, 150
track:1055, 777, 608, 452, 150
track:1056, 780, 607, 452, 150
track:1057, 785, 608, 452, 150
track:1058, 788, 609, 452, 150
track:1059, 790, 610, 452, 150
track:1060, 789, 611, 452, 150
track:1061, 781, 608, 475, 158
track:1062, 766, 604, 498, 165
track:1063, 777, 609, 475, 158
track:1064, 773, 608, 475, 158
track:1065, 782, 612, 452, 150
track:1066, 776, 611, 452, 150
track:1067, 767, 611, 452, 150
track:1068, 762, 613, 452, 150
track:1069, 751, 613, 452, 150
track:1070, 751, 612, 452, 150
track:1071, 732, 610, 475, 158
track:1072, 715, 610, 475, 158
track:1073, 693, 605, 498, 165
track:1074, 681, 605, 498, 165
track:1075, 673, 604, 498, 165
track:1076, 664, 605, 498, 165
track:1077, 655, 607, 498, 165
track:1078, 639, 607, 498, 165
track:1079, 629, 606, 498, 165
track:1080, 640, 610, 475, 158
track:1081, 631, 609, 475, 158
track:1082, 639, 614, 452, 150
track:1083, 646, 619, 430, 143
track:1084, 644, 621, 430, 143
track:1085, 640, 621, 430, 143
track:1086, 646, 622, 410, 136
track:1087, 644, 621, 410, 136
track:1088, 642, 620, 410, 136
track:1089, 638, 620, 410, 136
track:1090, 644, 622, 390, 130
track:1091, 653, 625, 372, 123
track:1092, 650, 623, 372, 123
track:1093, 651, 622, 390, 130
track:1094, 649, 623, 390, 130
track:1095, 646, 624, 390, 130
track:1096, 645, 623, 390, 130
track:1097, 651, 621, 390, 130
track:1098, 654, 622, 390, 130
track:1099, 653, 621, 390, 130
track:1100, 652, 621, 390, 130
init :1101, 692, 625, 461, 163
track:1102, 692, 624, 461, 163
track:1103, 693, 625, 461, 163
track:1104, 687, 625, 461, 163
track:1105, 701, 629, 439, 155
track:1106, 702, 628, 439, 155
track:1107, 700, 628, 439, 155
track:1108, 699, 629, 439, 155
track:1109, 697, 630, 439, 155
track:1110, 693, 630, 439, 155
track:1111, 689, 633, 439, 155
track:1112, 688, 633, 439, 155
track:1113, 686, 634, 439, 155
track:1114, 684, 637, 439, 155
track:1115, 686, 637, 439, 155
track:1116, 686, 639, 439, 155
track:1117, 684, 638, 439, 155
track:1118, 665, 635, 461, 163
track:1119, 666, 641, 439, 155
track:1120, 673, 640, 439, 155
track:1121, 668, 640, 439, 155
track:1122, 664, 641, 439, 155
track:1123, 660, 640, 439, 155
track:1124, 677, 646, 418, 148
track:1125, 680, 647, 418, 148
track:1126, 694, 649, 418, 148
track:1127, 685, 649, 418, 148
track:1128, 684, 648, 418, 148
track:1129, 688, 648, 418, 148
track:1130, 694, 645, 418, 148
track:1131, 692, 646, 418, 148
track:1132, 766, 650, 418, 148
track:1133, 799, 652, 418, 148
track:1134, 789, 652, 418, 148
track:1135, 788, 651, 418, 148
track:1136, 799, 650, 418, 148
track:1137, 794, 653, 418, 148
track:1138, 792, 652, 439, 155
track:1139, 781, 652, 461, 163
track:1140, 788, 653, 461, 163
track:1141, 777, 655, 461, 163
track:1142, 780, 664, 439, 155
track:1143, 780, 667, 439, 155
track:1144, 777, 670, 439, 155
track:1145, 784, 675, 418, 148
track:1146, 769, 677, 418, 148
track:1147, 763, 681, 418, 148
track:1148, 761, 682, 418, 148
track:1149, 751, 682, 418, 148
track:1150, 751, 682, 418, 148
init :1151, 789, 633, 203, 173
track:1152, 790, 634, 203, 173
track:1153, 784, 634, 203, 173
track:1154, 782, 637, 203, 173
track:1155, 782, 637, 203, 173
track:1156, 784, 640, 203, 173
track:1157, 788, 640, 203, 173
track:1158, 788, 641, 203, 173
track:1159, 785, 639, 203, 173
track:1160, 786, 638, 203, 173
track:1161, 788, 639, 203, 173
track:1162, 789, 638, 203, 173
track:1163, 792, 640, 203, 173
track:1164, 797, 640, 203, 173
track:1165, 796, 641, 203, 173
track:1166, 792, 641, 203, 173
track:1167, 784, 643, 203, 173
track:1168, 784, 641, 203, 173
track:1169, 776, 641, 203, 173
track:1170, 777, 640, 203, 173
track:1171, 776, 641, 203, 173
track:1172, 766, 636, 213, 182
track:1173, 763, 636, 213, 182
track:1174, 753, 629, 224, 191
track:1175, 751, 630, 224, 191
track:1176, 766, 630, 213, 182
track:1177, 755, 637, 203, 173
track:1178, 764, 636, 203, 173
track:1179, 754, 634, 203, 173
track:1180, 760, 637, 193, 165
track:1181, 759, 637, 193, 165
track:1182, 762, 635, 193, 165
track:1183, 771, 639, 184, 157
track:1184, 771, 640, 175, 149
track:1185, 767, 640, 175, 149
track:1186, 776, 642, 167, 142
track:1187, 784, 641, 167, 142
track:1188, 784, 641, 167, 142
track:1189, 782, 638, 167, 142
track:1190, 781, 638, 167, 142
track:1191, 792, 635, 167, 142
track:1192, 793, 631, 167, 142
track:1193, 795, 629, 167, 142
track:1194, 795, 630, 159, 136
track:1195, 798, 633, 151, 129
track:1196, 797, 632, 151, 129
track:1197, 797, 633, 144, 123
track:1198, 799, 635, 137, 117
track:1199, 800, 634, 137, 117
track:1200, 799, 634, 137, 117
init :1201, 798, 630, 364, 109
track:1202, 798, 630, 364, 109
track:1203, 799, 630, 364, 109
track:1204, 813, 633, 347, 104
track:1205, 813, 633, 347, 104
track:1206, 818, 633, 347, 104
track:1207, 822, 634, 347, 104
track:1208, 826, 634, 347, 104
track:1209, 826, 634, 347, 104
track:1210, 833, 634, 347, 104
track:1211, 840, 635, 347, 104
track:1212, 834, 633, 364, 109
track:1213, 833, 633, 364, 109
track:1214, 836, 634, 364, 109
track:1215, 845, 638, 347, 104
track:1216, 846, 639, 347, 104
track:1217, 848, 639, 347, 104
track:1218, 857, 642, 330, 99
track:1219, 856, 641, 330, 99
track:1220, 852, 642, 330, 99
track:1221, 850, 643, 330, 99
track:1222, 852, 644, 330, 99
track:1223, 849, 645, 330, 99
track:1224, 851, 645, 330, 99
track:1225, 854, 646, 330, 99
track:1226, 861, 648, 314, 94
track:1227, 864, 648, 314, 94
track:1228, 865, 649, 314, 94
track:1229, 861, 650, 314, 94
track:1230, 867, 651, 299, 90
track:1231, 877, 654, 285, 85
track:1232, 877, 654, 285, 85
track:1233, 873, 655, 285, 85
track:1234, 873, 656, 285, 85
track:1235, 872, 658, 285, 85
track:1236, 878, 659, 272, 81
track:1237, 883, 660, 259, 77
track:1238, 889, 659, 246, 74
track:1239, 889, 659, 246, 74
track:1240, 897, 660, 235, 70
track:1241, 890, 659, 246, 74
track:1242, 889, 662, 246, 74
track:1243, 880, 662, 259, 77
track:1244, 887, 664, 246, 74
track:1245, 879, 664, 246, 74
track:1246, 879, 669, 246, 74
track:1247, 875, 673, 259, 77
track:1248, 882, 680, 246, 74
track:1249, 880, 680, 246, 74
track:1250, 885, 686, 235, 70
init :1251, 950, 667, 156, 93
track:1252, 948, 668, 149, 89
track:1253, 943, 666, 149, 89
track:1254, 943, 666, 149, 89
track:1255, 938, 665, 149, 89
track:1256, 931, 662, 149, 89
track:1257, 924, 660, 149, 89
track:1258, 919, 659, 149, 89
track:1259, 923, 660, 141, 84
track:1260, 924, 662, 135, 80
track:1261, 920, 661, 135, 80
track:1262, 909, 660, 135, 80
track:1263, 908, 661, 135, 80
track:1264, 908, 661, 135, 80
track:1265, 906, 661, 135, 80
track:1266, 908, 661, 135, 80
track:1267, 908, 658, 135, 80
track:1268, 907, 654, 135, 80
track:1269, 905, 655, 135, 80
track:1270, 905, 655, 135, 80
track:1271, 901, 652, 135, 80
track:1272, 899, 653, 135, 80
track:1273, 895, 652, 135, 80
track:1274, 897, 655, 128, 77
track:1275, 889, 655, 128, 77
track:1276, 885, 654, 135, 80
track:1277, 880, 652, 135, 80
track:1278, 876, 651, 135, 80
track:1279, 874, 653, 135, 80
track:1280, 867, 651, 135, 80
track:1281, 860, 650, 135, 80
track:1282, 857, 654, 135, 80
track:1283, 852, 657, 128, 77
track:1284, 851, 658, 128, 77
track:1285, 846, 660, 122, 73
track:1286, 844, 660, 116, 69
track:1287, 843, 660, 116, 69
track:1288, 846, 662, 111, 66
track:1289, 846, 661, 111, 66
track:1290, 843, 661, 111, 66
track:1291, 840, 660, 111, 66
track:1292, 840, 661, 111, 66
track:1293, 838, 660, 111, 66
track:1294, 837, 660, 111, 66
track:1295, 837, 661, 111, 66
track:1296, 836, 661, 111, 66
track:1297, 836, 660, 111, 66
track:1298, 837, 660, 111, 66
track:1299, 836, 660, 111, 66
track:1300, 835, 660, 111, 66
init :1301, 863, 662, 152, 64
track:1302, 864, 662, 152, 64
track:1303, 863, 662, 152, 64
track:1304, 863, 662, 152, 64
track:1305, 864, 662, 152, 64
track:1306, 866, 662, 152, 64
track:1307, 866, 663, 152, 64
track:1308, 866, 664, 152, 64
track:1309, 867, 664, 152, 64
track:1310, 868, 663, 152, 64
track:1311, 869, 665, 152, 64
track:1312, 869, 664, 152, 64
track:1313, 868, 665, 152, 64
track:1314, 868, 665, 152, 64
track:1315, 868, 666, 152, 64
track:1316, 868, 666, 152, 64
track:1317, 864, 666, 152, 64
track:1318, 864, 667, 152, 64
track:1319, 863, 667, 152, 64
track:1320, 856, 666, 160, 67
track:1321, 860, 667, 152, 64
track:1322, 861, 668, 152, 64
track:1323, 862, 668, 152, 64
track:1324, 863, 668, 152, 64
track:1325, 862, 669, 152, 64
track:1326, 867, 672, 145, 61
track:1327, 869, 672, 145, 61
track:1328, 872, 674, 145, 61
track:1329, 872, 674, 145, 61
track:1330, 871, 674, 145, 61
track:1331, 870, 675, 145, 61
track:1332, 866, 675, 145, 61
track:1333, 861, 674, 145, 61
track:1334, 863, 675, 138, 58
track:1335, 857, 675, 138, 58
track:1336, 854, 675, 138, 58
track:1337, 852, 675, 138, 58
track:1338, 847, 675, 145, 61
track:1339, 846, 674, 145, 61
track:1340, 845, 674, 145, 61
track:1341, 845, 674, 145, 61
track:1342, 844, 675, 145, 61
track:1343, 843, 676, 145, 61
track:1344, 844, 675, 145, 61
track:1345, 842, 676, 145, 61
track:1346, 843, 676, 145, 61
track:1347, 844, 676, 145, 61
track:1348, 842, 677, 145, 61
track:1349, 840, 675, 152, 64
track:1350, 838, 676, 152, 64
init :1351, 849, 680, 175, 49
track:1352, 848, 680, 175, 49
track:1353, 848, 680, 175, 49
track:1354, 848, 680, 175, 49
track:1355, 848, 680, 175, 49
track:1356, 853, 682, 167, 47
track:1357, 857, 683, 159, 44
track:1358, 856, 683, 159, 44
track:1359, 859, 684, 151, 42
track:1360, 858, 684, 151, 42
track:1361, 858, 684, 151, 42
track:1362, 855, 683, 159, 44
track:1363, 852, 683, 167, 47
track:1364, 853, 685, 167, 47
track:1365, 853, 685, 167, 47
track:1366, 853, 685, 167, 47
track:1367, 849, 684, 175, 49
track:1368, 849, 685, 175, 49
track:1369, 854, 686, 167, 47
track:1370, 851, 687, 167, 47
track:1371, 845, 686, 175, 49
track:1372, 840, 687, 184, 51
track:1373, 837, 687, 184, 51
track:1374, 838, 687, 184, 51
track:1375, 836, 687, 184, 51
track:1376, 834, 687, 184, 51
track:1377, 832, 688, 184, 51
track:1378, 827, 689, 184, 51
track:1379, 828, 689, 184, 51
track:1380, 827, 691, 175, 49
track:1381, 821, 692, 175, 49
track:1382, 818, 693, 175, 49
track:1383, 815, 693, 175, 49
track:1384, 814, 694, 175, 49
track:1385, 813, 694, 175, 49
track:1386, 814, 695, 175, 49
track:1387, 819, 697, 167, 47
track:1388, 824, 699, 159, 44
track:1389, 825, 699, 159, 44
track:1390, 827, 699, 159, 44
track:1391, 831, 700, 159, 44
track:1392, 834, 700, 167, 47
track:1393, 838, 700, 167, 47
track:1394, 838, 702, 167, 47
track:1395, 840, 702, 167, 47
track:1396, 840, 703, 167, 47
track:1397, 842, 704, 167, 47
track:1398, 836, 704, 175, 49
track:1399, 838, 705, 175, 49
track:1400, 832, 706, 175, 49
init :1401, 821, 711, 203, 64
track:1402, 811, 709, 213, 67
track:1403, 808, 710, 213, 67
track:1404, 806, 710, 213, 67
track:1405, 801, 711, 213, 67
track:1406, 800, 711, 213, 67
track:1407, 798, 712, 213, 67
track:1408, 794, 712, 213, 67
track:1409, 793, 712, 213, 67
track:1410, 793, 713, 213, 67
track:1411, 788, 712, 224, 71
track:1412, 789, 712, 224, 71
track:1413, 790, 713, 224, 71
track:1414, 790, 713, 224, 71
track:1415, 790, 713, 224, 71
track:1416, 796, 716, 213, 67
track:1417, 795, 717, 213, 67
track:1418, 793, 717, 213, 67
track:1419, 794, 717, 213, 67
track:1420, 792, 718, 213, 67
track:1421, 791, 719, 213, 67
track:1422, 784, 719, 224, 71
track:1423, 785, 719, 224, 71
track:1424, 784, 719, 224, 71
track:1425, 786, 720, 224, 71
track:1426, 784, 721, 224, 71
track:1427, 785, 721, 224, 71
track:1428, 786, 722, 224, 71
track:1429, 787, 722, 224, 71
track:1430, 781, 720, 235, 74
track:1431, 777, 722, 235, 74
track:1432, 777, 723, 235, 74
track:1433, 771, 723, 235, 74
track:1434, 773, 723, 235, 74
track:1435, 777, 725, 224, 71
track:1436, 773, 725, 224, 71
track:1437, 775, 725, 224, 71
track:1438, 771, 726, 224, 71
track:1439, 773, 726, 224, 71
track:1440, 769, 726, 224, 71
track:1441, 770, 728, 224, 71
track:1442, 760, 726, 235, 74
track:1443, 756, 726, 235, 74
track:1444, 755, 726, 235, 74
track:1445, 750, 725, 235, 74
track:1446, 740, 724, 247, 78
track:1447, 738, 725, 247, 78
track:1448, 741, 725, 247, 78
track:1449, 742, 726, 247, 78
track:1450, 734, 724, 259, 82
init :1451, 770, 713, 235, 127
track:1452, 771, 713, 235, 127
track:1453, 775, 713, 235, 127
track:1454, 783, 717, 224, 121
track:1455, 784, 715, 235, 127
track:1456, 788, 714, 235, 127
track:1457, 790, 713, 235, 127
track:1458, 794, 714, 235, 127
track:1459, 794, 714, 235, 127
track:1460, 803, 718, 224, 121
track:1461, 808, 718, 224, 121
track:1462, 812, 720, 224, 121
track:1463, 812, 719, 224, 121
track:1464, 818, 722, 213, 115
track:1465, 825, 721, 213, 115
track:1466, 828, 721, 213, 115
track:1467, 835, 725, 203, 110
track:1468, 834, 726, 203, 110
track:1469, 831, 728, 203, 110
track:1470, 832, 730, 203, 110
track:1471, 835, 730, 203, 110
track:1472, 826, 728, 213, 115
track:1473, 825, 728, 213, 115
track:1474, 816, 725, 213, 115
track:1475, 821, 724, 203, 110
track:1476, 816, 724, 203, 110
track:1477, 816, 723, 203, 110
track:1478, 822, 723, 203, 110
track:1479, 814, 725, 203, 110
track:1480, 809, 720, 203, 110
track:1481, 815, 720, 193, 104
track:1482, 816, 718, 193, 104
track:1483, 810, 714, 203, 110
track:1484, 807, 710, 203, 110
track:1485, 806, 708, 203, 110
track:1486, 809, 706, 203, 110
track:1487, 809, 707, 203, 110
track:1488, 810, 707, 203, 110
track:1489, 812, 705, 203, 110
track:1490, 811, 702, 203, 110
track:1491, 810, 699, 213, 115
track:1492, 816, 694, 213, 115
track:1493, 809, 695, 213, 115
track:1494, 798, 689, 213, 115
track:1495, 792, 683, 224, 121
track:1496, 791, 677, 224, 121
track:1497, 800, 677, 213, 115
track:1498, 796, 676, 213, 115
track:1499, 784, 674, 213, 115
track:1500, 788, 672, 203, 110
init :1501, 835, 641, 300, 132
track:1502, 833, 639, 300, 132
track:1503, 832, 638, 300, 132
track:1504, 830, 636, 300, 132
track:1505, 825, 631, 300, 132
track:1506, 823, 629, 300, 132
track:1507, 822, 626, 300, 132
track:1508, 820, 625, 300, 132
track:1509, 820, 622, 300, 132
track:1510, 819, 620, 300, 132
track:1511, 818, 618, 300, 132
track:1512, 812, 616, 300, 132
track:1513, 818, 618, 286, 126
track:1514, 800, 616, 286, 126
track:1515, 779, 615, 286, 126
track:1516, 761, 621, 272, 120
track:1517, 735, 620, 272, 120
track:1518, 734, 620, 272, 120
track:1519, 707, 620, 272, 120
track:1520, 689, 621, 272, 120
track:1521, 666, 624, 272, 120
track:1522, 643, 619, 286, 126
track:1523, 647, 619, 286, 126
track:1524, 638, 624, 272, 120
track:1525, 644, 626, 259, 114
track:1526, 637, 621, 272, 120
track:1527, 656, 624, 259, 114
track:1528, 649, 623, 259, 114
track:1529, 679, 622, 259, 114
track:1530, 694, 622, 259, 114
track:1531, 724, 622, 259, 114
track:1532, 744, 619, 259, 114
track:1533, 746, 619, 259, 114
track:1534, 783, 622, 247, 109
track:1535, 808, 621, 247, 109
track:1536, 826, 624, 235, 103
track:1537, 858, 628, 224, 99
track:1538, 856, 628, 224, 99
track:1539, 868, 631, 213, 94
track:1540, 880, 632, 213, 94
track:1541, 884, 633, 213, 94
track:1542, 888, 637, 203, 89
track:1543, 890, 638, 203, 89
track:1544, 892, 638, 203, 89
track:1545, 894, 639, 193, 85
track:1546, 888, 643, 193, 85
track:1547, 878, 644, 193, 85
track:1548, 881, 647, 184, 81
track:1549, 875, 648, 184, 81
track:1550, 865, 651, 184, 81
init :1551, 876, 662, 221, 70
track:1552, 872, 663, 221, 70
track:1553, 871, 663, 221, 70
track:1554, 869, 664, 221, 70
track:1555, 872, 667, 210, 67
track:1556, 871, 667, 210, 67
track:1557, 877, 670, 200, 63
track:1558, 878, 670, 200, 63
track:1559, 880, 669, 200, 63
track:1560, 883, 671, 200, 63
track:1561, 881, 669, 210, 67
track:1562, 889, 671, 200, 63
track:1563, 890, 671, 200, 63
track:1564, 892, 673, 200, 63
track:1565, 893, 673, 200, 63
track:1566, 897, 675, 191, 60
track:1567, 895, 675, 191, 60
track:1568, 895, 674, 191, 60
track:1569, 897, 675, 191, 60
track:1570, 896, 675, 191, 60
track:1571, 895, 674, 191, 60
track:1572, 896, 675, 182, 58
track:1573, 898, 677, 173, 55
track:1574, 896, 677, 173, 55
track:1575, 893, 678, 165, 52
track:1576, 896, 679, 157, 50
track:1577, 896, 681, 150, 47
track:1578, 895, 681, 150, 47
track:1579, 891, 680, 157, 50
track:1580, 892, 682, 150, 47
track:1581, 893, 682, 150, 47
track:1582, 887, 683, 150, 47
track:1583, 888, 684, 142, 45
track:1584, 887, 684, 142, 45
track:1585, 889, 685, 142, 45
track:1586, 887, 684, 142, 45
track:1587, 886, 684, 142, 45
track:1588, 883, 685, 150, 47
track:1589, 887, 686, 142, 45
track:1590, 893, 687, 136, 43
track:1591, 892, 686, 142, 45
track:1592, 889, 686, 150, 47
track:1593, 889, 686, 150, 47
track:1594, 890, 687, 150, 47
track:1595, 889, 687, 150, 47
track:1596, 915, 686, 150, 47
track:1599, 918, 686, 142, 45
track:1600, 914, 684, 150, 47
init :1601, 913, 680, 101, 72
track:1602, 912, 680, 101, 72
track:1603, 912, 680, 101, 72
track:1604, 909, 680, 101, 72
track:1605, 910, 682, 96, 69
track:1606, 908, 683, 96, 69
track:1607, 905, 683, 96, 69
track:1608, 904, 684, 96, 69
elapseTime: 16.478
