init :7, 821, 630, 235, 197
track:8, 821, 630, 235, 197
track:9, 822, 630, 235, 197
track:10, 821, 631, 235, 197
track:11, 823, 630, 235, 197
track:12, 823, 630, 235, 197
track:13, 824, 630, 235, 197
track:14, 824, 630, 235, 197
track:15, 824, 630, 235, 197
track:16, 825, 630, 235, 197
track:17, 826, 630, 235, 197
track:18, 825, 630, 235, 197
track:19, 825, 629, 235, 197
track:20, 821, 626, 247, 207
track:21, 820, 626, 247, 207
track:22, 827, 631, 235, 197
track:23, 828, 631, 235, 197
track:24, 827, 631, 235, 197
track:25, 828, 630, 235, 197
track:26, 829, 631, 235, 197
track:27, 829, 631, 235, 197
track:28, 829, 631, 235, 197
track:29, 829, 630, 235, 197
track:30, 829, 630, 235, 197
track:31, 830, 629, 235, 197
track:32, 831, 631, 235, 197
track:33, 829, 630, 235, 197
track:34, 830, 631, 235, 197
track:35, 830, 630, 235, 197
track:36, 830, 631, 235, 197
track:37, 829, 630, 235, 197
track:38, 831, 630, 235, 197
track:39, 830, 630, 235, 197
track:40, 830, 630, 235, 197
track:41, 831, 629, 235, 197
track:42, 830, 631, 235, 197
track:43, 831, 630, 235, 197
track:44, 830, 631, 235, 197
track:45, 832, 630, 235, 197
track:46, 830, 631, 235, 197
track:48, 832, 630, 235, 197
track:49, 830, 630, 235, 197
track:50, 831, 629, 235, 197
track:51, 832, 629, 235, 197
track:52, 831, 628, 235, 197
track:53, 832, 629, 235, 197
track:54, 831, 629, 235, 197
track:55, 832, 629, 235, 197
track:56, 831, 629, 235, 197
track:57, 831, 628, 235, 197
track:58, 831, 629, 235, 197
track:59, 830, 628, 235, 197
track:60, 832, 628, 235, 197
track:61, 831, 630, 235, 197
track:62, 830, 629, 235, 197
track:63, 829, 629, 235, 197
track:64, 830, 629, 235, 197
track:65, 829, 629, 235, 197
track:66, 828, 629, 235, 197
track:67, 829, 628, 235, 197
track:68, 829, 629, 235, 197
track:69, 828, 629, 235, 197
track:70, 829, 628, 235, 197
track:71, 829, 629, 235, 197
track:72, 828, 629, 235, 197
track:73, 828, 629, 235, 197
track:74, 828, 628, 235, 197
track:75, 828, 629, 235, 197
track:76, 828, 629, 235, 197
init :77, 826, 630, 235, 197
track:78, 826, 630, 235, 197
track:79, 826, 630, 235, 197
track:80, 826, 629, 235, 197
track:81, 826, 629, 235, 197
track:82, 826, 629, 235, 197
track:83, 825, 630, 235, 197
track:84, 826, 630, 235, 197
track:85, 826, 630, 235, 197
track:86, 826, 631, 235, 197
track:87, 826, 630, 235, 197
track:88, 826, 631, 235, 197
track:89, 826, 630, 235, 197
track:90, 826, 631, 235, 197
track:91, 826, 631, 235, 197
track:92, 825, 632, 235, 197
track:93, 827, 631, 235, 197
track:94, 827, 630, 235, 197
track:95, 827, 630, 235, 197
track:96, 827, 630, 235, 197
track:97, 827, 630, 235, 197
track:98, 829, 629, 235, 197
track:99, 829, 630, 235, 197
track:100, 828, 629, 235, 197
track:101, 830, 629, 235, 197
track:102, 831, 628, 235, 197
track:103, 831, 627, 235, 197
track:104, 831, 627, 235, 197
track:105, 831, 626, 235, 197
track:106, 832, 626, 235, 197
track:107, 833, 624, 235, 197
track:108, 833, 621, 235, 197
track:109, 834, 623, 235, 197
track:110, 834, 621, 235, 197
track:111, 834, 620, 235, 197
track:112, 834, 618, 235, 197
track:113, 834, 616, 235, 197
track:114, 835, 615, 235, 197
track:115, 835, 613, 235, 197
track:116, 837, 611, 235, 197
track:117, 837, 609, 235, 197
track:120, 840, 608, 235, 197
track:121, 841, 603, 235, 197
track:122, 848, 607, 224, 188
track:123, 847, 606, 224, 188
track:124, 847, 605, 224, 188
track:125, 845, 603, 224, 188
track:126, 843, 599, 224, 188
track:127, 840, 599, 224, 188
track:128, 839, 599, 224, 188
track:129, 839, 599, 224, 188
track:130, 840, 600, 224, 188
track:131, 840, 601, 224, 188
track:132, 844, 605, 224, 188
track:133, 845, 605, 224, 188
track:134, 846, 604, 224, 188
track:135, 851, 610, 213, 179
track:136, 852, 612, 213, 179
track:137, 853, 614, 213, 179
track:138, 855, 614, 213, 179
track:139, 854, 616, 213, 179
track:140, 854, 613, 213, 179
track:141, 854, 612, 213, 179
track:142, 852, 613, 213, 179
track:143, 851, 614, 213, 179
track:144, 852, 615, 213, 179
track:145, 848, 618, 213, 179
track:146, 847, 619, 213, 179
track:147, 847, 619, 213, 179
track:148, 848, 620, 213, 179
track:149, 849, 621, 213, 179
track:150, 853, 629, 203, 170
track:151, 853, 632, 203, 170
track:152, 854, 635, 203, 170
init :153, 863, 641, 170, 163
track:154, 863, 641, 170, 163
track:155, 863, 642, 170, 163
track:156, 864, 644, 170, 163
track:157, 866, 645, 170, 163
track:158, 867, 645, 170, 163
track:159, 867, 647, 170, 163
track:160, 865, 646, 170, 163
track:161, 863, 647, 170, 163
track:162, 861, 646, 170, 163
track:163, 860, 647, 170, 163
track:164, 860, 647, 170, 163
track:165, 860, 648, 170, 163
track:166, 859, 649, 170, 163
track:167, 859, 648, 170, 163
track:168, 860, 647, 170, 163
track:169, 860, 648, 170, 163
track:170, 865, 650, 162, 155
track:171, 866, 650, 162, 155
track:172, 868, 648, 162, 155
track:173, 868, 647, 162, 155
track:174, 871, 650, 154, 148
track:175, 869, 651, 154, 148
track:176, 868, 651, 154, 148
track:177, 864, 649, 162, 155
track:178, 865, 649, 162, 155
track:179, 864, 650, 162, 155
track:180, 866, 650, 162, 155
track:181, 866, 652, 162, 155
track:182, 868, 655, 162, 155
track:183, 871, 657, 162, 155
track:184, 870, 658, 162, 155
track:185, 868, 655, 170, 163
track:186, 866, 655, 170, 163
track:187, 862, 649, 170, 163
track:188, 856, 645, 170, 163
track:189, 857, 645, 170, 163
track:190, 854, 644, 170, 163
track:191, 854, 642, 170, 163
track:192, 853, 637, 170, 163
track:193, 853, 635, 170, 163
track:194, 853, 635, 170, 163
track:195, 854, 634, 170, 163
track:196, 857, 632, 170, 163
track:197, 857, 630, 170, 163
track:198, 853, 632, 170, 163
track:199, 854, 630, 170, 163
track:200, 851, 632, 170, 163
track:201, 850, 632, 170, 163
track:202, 853, 635, 162, 155
track:203, 852, 633, 162, 155
track:204, 853, 633, 162, 155
track:205, 853, 630, 162, 155
track:206, 854, 629, 162, 155
track:207, 852, 628, 162, 155
track:208, 851, 627, 162, 155
track:209, 850, 625, 162, 155
track:210, 848, 621, 162, 155
track:211, 847, 619, 162, 155
track:212, 850, 619, 154, 148
track:213, 850, 619, 154, 148
track:214, 850, 619, 154, 148
track:215, 850, 618, 154, 148
track:216, 851, 618, 154, 148
track:217, 851, 618, 154, 148
track:218, 851, 618, 154, 148
track:219, 850, 618, 154, 148
track:220, 850, 622, 154, 148
track:221, 850, 625, 154, 148
track:222, 849, 626, 154, 148
track:223, 849, 627, 154, 148
track:224, 852, 632, 147, 141
track:225, 852, 633, 147, 141
track:226, 856, 637, 140, 134
track:227, 856, 638, 140, 134
track:228, 856, 638, 140, 134
init :229, 853, 646, 138, 111
track:230, 853, 645, 138, 111
track:231, 853, 646, 138, 111
track:232, 853, 644, 138, 111
track:233, 853, 643, 138, 111
track:234, 855, 645, 131, 106
track:235, 855, 644, 131, 106
track:236, 855, 643, 131, 106
track:237, 857, 644, 131, 106
track:238, 857, 644, 131, 106
track:239, 859, 646, 131, 106
track:240, 859, 647, 131, 106
track:241, 859, 649, 131, 106
track:242, 863, 651, 125, 101
track:243, 863, 651, 125, 101
track:244, 863, 651, 125, 101
track:245, 863, 652, 125, 101
track:246, 863, 652, 125, 101
track:247, 864, 652, 125, 101
track:248, 864, 653, 125, 101
track:249, 864, 653, 125, 101
track:250, 864, 655, 125, 101
track:251, 864, 656, 125, 101
track:252, 866, 658, 125, 101
track:253, 863, 656, 131, 106
track:254, 863, 659, 131, 106
track:255, 864, 662, 131, 106
track:256, 864, 663, 131, 106
track:257, 865, 666, 131, 106
track:258, 865, 667, 131, 106
track:259, 866, 668, 131, 106
track:260, 866, 669, 131, 106
track:261, 866, 670, 131, 106
track:262, 865, 671, 131, 106
track:263, 866, 671, 131, 106
track:264, 866, 673, 131, 106
track:265, 866, 675, 131, 106
track:266, 865, 676, 131, 106
track:267, 866, 678, 131, 106
track:268, 866, 678, 131, 106
track:269, 866, 679, 131, 106
track:270, 866, 681, 131, 106
track:271, 864, 681, 138, 111
track:272, 865, 686, 138, 111
track:273, 865, 686, 138, 111
track:274, 865, 688, 138, 111
track:275, 862, 687, 145, 117
track:276, 863, 690, 145, 117
track:277, 865, 693, 145, 117
track:278, 865, 693, 145, 117
track:279, 866, 693, 145, 117
track:280, 867, 691, 145, 117
track:281, 868, 690, 145, 117
track:282, 869, 692, 145, 117
track:283, 871, 692, 145, 117
track:284, 868, 692, 152, 122
track:285, 871, 695, 152, 122
track:286, 872, 693, 152, 122
track:287, 869, 688, 160, 128
track:288, 870, 687, 160, 128
track:289, 867, 681, 168, 135
track:290, 868, 676, 168, 135
track:291, 864, 667, 176, 142
track:292, 865, 661, 176, 142
track:293, 864, 660, 176, 142
track:294, 861, 656, 185, 149
track:295, 859, 649, 194, 156
track:296, 860, 649, 194, 156
track:297, 859, 649, 194, 156
track:298, 859, 650, 194, 156
track:299, 854, 646, 204, 164
track:300, 853, 648, 204, 164
track:301, 846, 646, 214, 172
track:302, 843, 650, 214, 172
track:303, 838, 648, 225, 181
track:304, 831, 648, 236, 190
init :305, 816, 641, 267, 225
track:306, 814, 640, 267, 225
track:307, 808, 633, 280, 236
track:308, 807, 633, 280, 236
track:309, 807, 631, 280, 236
track:310, 802, 622, 280, 236
track:311, 803, 611, 280, 236
track:312, 803, 600, 280, 236
track:313, 802, 600, 280, 236
track:314, 806, 593, 280, 236
track:315, 803, 587, 280, 236
track:316, 803, 576, 280, 236
track:317, 813, 571, 267, 225
track:318, 820, 577, 254, 214
track:319, 820, 576, 254, 214
track:320, 831, 571, 242, 204
track:321, 834, 564, 242, 204
track:322, 835, 563, 242, 204
track:323, 841, 568, 231, 194
track:324, 846, 574, 220, 185
track:325, 845, 574, 220, 185
track:326, 845, 565, 220, 185
track:327, 849, 571, 209, 176
track:328, 853, 575, 199, 168
track:329, 850, 582, 199, 168
track:330, 848, 587, 199, 168
track:331, 846, 590, 199, 168
track:332, 844, 593, 199, 168
track:333, 843, 594, 199, 168
track:334, 843, 596, 199, 168
track:335, 842, 598, 199, 168
track:336, 842, 600, 199, 168
track:337, 842, 602, 199, 168
track:338, 843, 602, 199, 168
track:339, 849, 601, 190, 160
track:340, 849, 599, 190, 160
track:341, 849, 599, 190, 160
track:342, 849, 597, 190, 160
track:343, 854, 601, 181, 152
track:344, 853, 600, 181, 152
track:345, 849, 593, 190, 160
track:346, 848, 594, 190, 160
track:347, 854, 599, 181, 152
track:348, 854, 599, 181, 152
track:349, 854, 602, 181, 152
track:350, 859, 609, 172, 145
track:351, 860, 614, 172, 145
track:352, 860, 616, 172, 145
track:353, 860, 617, 172, 145
track:354, 860, 620, 172, 145
track:355, 860, 620, 172, 145
track:356, 863, 625, 164, 138
track:357, 862, 624, 164, 138
track:358, 862, 625, 164, 138
track:359, 866, 627, 156, 132
track:360, 865, 625, 156, 132
track:361, 864, 626, 156, 132
track:362, 863, 626, 156, 132
track:363, 863, 626, 156, 132
track:364, 862, 628, 156, 132
track:365, 866, 632, 149, 125
track:366, 866, 632, 149, 125
track:367, 865, 633, 149, 125
track:368, 868, 636, 142, 119
track:369, 867, 637, 142, 119
track:370, 865, 642, 142, 119
track:371, 865, 647, 142, 119
track:372, 865, 650, 142, 119
track:373, 865, 652, 142, 119
track:374, 864, 652, 142, 119
track:375, 862, 653, 142, 119
track:376, 859, 654, 142, 119
track:377, 857, 655, 142, 119
track:378, 858, 655, 142, 119
track:379, 857, 656, 142, 119
track:380, 857, 656, 142, 119
init :381, 867, 662, 115, 96
track:382, 865, 662, 115, 96
track:383, 864, 663, 115, 96
track:384, 863, 663, 115, 96
track:385, 863, 662, 115, 96
track:386, 863, 661, 115, 96
track:387, 863, 661, 115, 96
track:388, 862, 662, 115, 96
track:389, 862, 662, 115, 96
track:390, 861, 662, 115, 96
track:391, 862, 663, 115, 96
track:392, 863, 666, 115, 96
track:393, 862, 666, 115, 96
track:394, 863, 667, 115, 96
track:395, 863, 673, 115, 96
track:396, 864, 676, 115, 96
track:397, 866, 681, 115, 96
track:398, 866, 681, 115, 96
track:399, 867, 685, 115, 96
track:400, 868, 689, 115, 96
track:401, 869, 694, 115, 96
track:402, 869, 698, 115, 96
track:403, 871, 699, 115, 96
track:404, 870, 701, 115, 96
track:405, 872, 700, 115, 96
track:406, 872, 700, 115, 96
track:407, 874, 700, 115, 96
track:408, 874, 700, 115, 96
track:409, 874, 699, 115, 96
track:410, 874, 696, 115, 96
track:411, 875, 694, 115, 96
track:412, 876, 692, 115, 96
track:413, 876, 692, 115, 96
track:414, 877, 691, 115, 96
track:415, 876, 692, 115, 96
track:416, 876, 694, 115, 96
track:417, 877, 694, 115, 96
track:418, 876, 694, 115, 96
track:419, 876, 694, 115, 96
track:420, 874, 695, 115, 96
track:421, 874, 696, 115, 96
track:422, 873, 693, 115, 96
track:423, 873, 693, 115, 96
track:424, 873, 690, 115, 96
track:425, 872, 688, 115, 96
track:426, 872, 686, 115, 96
track:427, 871, 685, 115, 96
track:428, 871, 685, 115, 96
track:429, 870, 685, 115, 96
track:430, 869, 685, 115, 96
track:431, 870, 685, 115, 96
track:432, 868, 685, 115, 96
track:433, 869, 686, 115, 96
track:434, 867, 685, 115, 96
track:435, 867, 685, 115, 96
track:436, 866, 686, 115, 96
track:437, 867, 688, 115, 96
track:438, 865, 689, 115, 96
track:439, 867, 690, 115, 96
track:440, 868, 691, 115, 96
track:441, 868, 691, 115, 96
track:442, 868, 691, 115, 96
track:443, 869, 691, 115, 96
track:444, 868, 691, 115, 96
track:445, 868, 692, 115, 96
track:446, 868, 693, 115, 96
track:447, 868, 692, 115, 96
track:448, 868, 692, 115, 96
track:449, 869, 691, 115, 96
track:450, 868, 690, 115, 96
track:451, 869, 691, 115, 96
track:452, 871, 694, 115, 96
track:453, 871, 694, 115, 96
track:454, 871, 694, 115, 96
track:455, 873, 694, 115, 96
track:456, 873, 695, 115, 96
init :457, 872, 693, 124, 93
track:458, 872, 693, 124, 93
track:459, 872, 693, 124, 93
track:460, 872, 691, 124, 93
track:461, 872, 691, 124, 93
track:462, 873, 692, 124, 93
track:463, 873, 690, 124, 93
track:464, 870, 686, 130, 98
track:465, 869, 684, 130, 98
track:466, 869, 685, 130, 98
track:467, 869, 685, 130, 98
track:468, 869, 685, 130, 98
track:469, 866, 682, 137, 103
track:470, 868, 684, 137, 103
track:471, 869, 685, 137, 103
track:472, 870, 685, 137, 103
track:473, 870, 687, 137, 103
track:474, 871, 690, 137, 103
track:475, 873, 690, 137, 103
track:476, 874, 689, 137, 103
track:477, 874, 689, 137, 103
track:478, 875, 688, 137, 103
track:479, 874, 683, 144, 108
track:480, 876, 674, 144, 108
track:481, 877, 671, 144, 108
track:482, 878, 671, 144, 108
track:483, 881, 662, 144, 108
track:484, 883, 661, 144, 108
track:485, 884, 661, 144, 108
track:486, 881, 662, 151, 113
track:487, 877, 662, 158, 119
track:488, 873, 662, 166, 125
track:490, 869, 666, 166, 125
track:491, 868, 667, 166, 125
track:492, 868, 668, 166, 125
track:493, 865, 668, 166, 125
track:494, 860, 665, 174, 131
track:495, 857, 657, 174, 131
track:496, 855, 652, 174, 131
track:497, 854, 652, 174, 131
track:498, 853, 648, 174, 131
track:499, 851, 646, 174, 131
track:500, 851, 640, 174, 131
track:501, 851, 638, 174, 131
track:502, 855, 639, 166, 125
track:503, 855, 636, 166, 125
track:504, 855, 635, 166, 125
track:505, 853, 634, 166, 125
track:506, 853, 634, 166, 125
track:507, 853, 634, 166, 125
track:508, 852, 632, 166, 125
track:509, 853, 628, 166, 125
track:510, 852, 625, 166, 125
track:511, 851, 623, 166, 125
track:512, 852, 623, 166, 125
track:513, 851, 623, 166, 125
track:514, 851, 624, 166, 125
track:515, 851, 624, 166, 125
track:516, 851, 623, 166, 125
track:517, 851, 623, 166, 125
track:518, 850, 620, 166, 125
track:519, 851, 620, 166, 125
track:520, 852, 620, 166, 125
track:521, 852, 618, 166, 125
track:522, 856, 621, 158, 119
track:523, 860, 625, 151, 113
track:524, 860, 628, 151, 113
track:525, 861, 630, 151, 113
track:526, 862, 631, 151, 113
track:527, 866, 633, 144, 108
track:528, 866, 633, 144, 108
track:529, 866, 632, 144, 108
track:530, 867, 630, 144, 108
track:531, 868, 629, 144, 108
track:532, 867, 629, 144, 108
init :533, 876, 636, 129, 98
track:534, 876, 637, 129, 98
track:535, 875, 638, 129, 98
track:536, 875, 641, 129, 98
track:537, 875, 641, 129, 98
track:538, 875, 642, 129, 98
track:539, 879, 645, 123, 93
track:540, 879, 646, 123, 93
track:543, 876, 647, 123, 93
track:544, 876, 647, 123, 93
track:546, 873, 653, 123, 93
track:547, 876, 655, 117, 89
track:548, 875, 657, 117, 89
track:549, 874, 659, 117, 89
track:550, 876, 663, 111, 85
track:551, 875, 664, 111, 85
track:552, 874, 664, 111, 85
track:553, 874, 664, 111, 85
track:554, 873, 664, 111, 85
track:555, 873, 663, 111, 85
track:556, 873, 665, 111, 85
track:557, 876, 667, 106, 81
track:558, 876, 671, 106, 81
track:559, 875, 674, 106, 81
track:560, 875, 676, 106, 81
track:561, 875, 681, 106, 81
track:562, 875, 681, 106, 81
track:563, 874, 683, 106, 81
track:564, 874, 685, 106, 81
track:565, 877, 688, 101, 77
track:566, 876, 690, 101, 77
track:567, 877, 690, 101, 77
track:568, 878, 693, 101, 77
track:569, 878, 694, 101, 77
track:570, 878, 697, 101, 77
track:571, 878, 699, 101, 77
track:572, 877, 700, 101, 77
track:573, 878, 702, 101, 77
track:574, 880, 704, 101, 77
track:575, 878, 701, 106, 81
track:576, 877, 699, 106, 81
track:577, 877, 699, 106, 81
track:578, 877, 697, 106, 81
track:579, 878, 696, 106, 81
track:580, 879, 696, 106, 81
track:581, 880, 696, 106, 81
track:582, 880, 695, 106, 81
track:583, 878, 698, 106, 81
track:584, 879, 699, 106, 81
track:585, 879, 699, 106, 81
track:586, 879, 700, 106, 81
track:587, 879, 700, 106, 81
track:588, 879, 701, 106, 81
track:589, 880, 699, 106, 81
track:590, 879, 699, 106, 81
track:591, 877, 699, 106, 81
track:592, 876, 700, 106, 81
track:593, 876, 699, 106, 81
track:594, 876, 697, 106, 81
track:595, 877, 689, 106, 81
track:596, 876, 687, 106, 81
track:597, 876, 686, 106, 81
track:598, 875, 682, 106, 81
track:599, 874, 675, 106, 81
track:600, 874, 671, 106, 81
track:601, 875, 672, 106, 81
track:602, 875, 672, 106, 81
track:603, 875, 670, 106, 81
track:604, 871, 664, 111, 85
track:605, 871, 660, 111, 85
track:606, 870, 660, 111, 85
track:607, 870, 659, 111, 85
track:608, 871, 659, 111, 85
init :609, 867, 654, 120, 93
track:610, 867, 656, 120, 93
track:611, 867, 659, 120, 93
track:612, 868, 660, 120, 93
track:613, 864, 660, 126, 98
track:614, 864, 662, 126, 98
track:615, 864, 665, 126, 98
track:616, 864, 668, 126, 98
track:617, 864, 668, 126, 98
track:618, 864, 667, 126, 98
track:619, 864, 666, 126, 98
track:620, 865, 665, 126, 98
track:621, 865, 664, 126, 98
track:622, 866, 665, 126, 98
track:623, 866, 664, 126, 98
track:624, 865, 663, 126, 98
track:625, 862, 659, 132, 103
track:626, 863, 660, 132, 103
track:627, 864, 660, 132, 103
track:628, 864, 661, 132, 103
track:629, 864, 661, 132, 103
track:630, 864, 658, 132, 103
track:631, 864, 658, 132, 103
track:632, 863, 658, 132, 103
track:633, 865, 660, 132, 103
track:634, 862, 661, 139, 108
track:635, 863, 664, 139, 108
track:636, 864, 665, 139, 108
track:637, 865, 666, 139, 108
track:638, 866, 666, 139, 108
track:639, 867, 666, 139, 108
track:640, 867, 666, 139, 108
track:641, 867, 664, 139, 108
track:642, 866, 663, 139, 108
track:643, 867, 662, 139, 108
track:644, 867, 661, 139, 108
track:645, 867, 652, 139, 108
track:646, 868, 651, 139, 108
track:647, 867, 650, 139, 108
track:648, 868, 650, 139, 108
track:649, 868, 650, 139, 108
track:650, 872, 653, 132, 103
track:651, 874, 652, 132, 103
track:652, 875, 653, 132, 103
track:653, 873, 650, 139, 108
track:654, 873, 651, 139, 108
track:655, 873, 654, 139, 108
track:656, 875, 656, 139, 108
track:657, 875, 657, 139, 108
track:658, 877, 660, 139, 108
track:659, 877, 660, 139, 108
track:660, 878, 659, 139, 108
track:661, 879, 658, 139, 108
track:662, 879, 658, 139, 108
track:663, 880, 658, 139, 108
track:664, 881, 658, 139, 108
track:665, 885, 658, 132, 103
track:666, 885, 656, 132, 103
track:667, 885, 656, 132, 103
track:668, 886, 653, 132, 103
track:669, 886, 653, 132, 103
track:670, 886, 652, 132, 103
track:671, 884, 652, 132, 103
track:672, 883, 652, 132, 103
track:673, 881, 652, 132, 103
track:674, 880, 651, 132, 103
track:675, 881, 650, 132, 103
track:676, 880, 650, 132, 103
track:677, 879, 651, 132, 103
track:678, 877, 653, 132, 103
track:679, 876, 663, 132, 103
track:680, 874, 667, 139, 108
track:681, 874, 669, 139, 108
track:682, 875, 670, 139, 108
track:683, 872, 668, 139, 108
track:684, 871, 668, 139, 108
init :685, 867, 669, 143, 124
track:686, 868, 671, 143, 124
track:687, 867, 671, 143, 124
track:688, 867, 672, 143, 124
track:689, 862, 668, 150, 130
track:690, 861, 667, 150, 130
track:691, 860, 663, 150, 130
track:692, 861, 663, 150, 130
track:693, 860, 663, 150, 130
track:694, 860, 662, 150, 130
track:695, 861, 662, 150, 130
track:696, 860, 660, 150, 130
track:697, 859, 659, 150, 130
track:698, 857, 657, 150, 130
track:699, 855, 658, 150, 130
track:700, 855, 659, 150, 130
track:701, 855, 661, 150, 130
track:702, 856, 661, 150, 130
track:703, 859, 667, 143, 124
track:704, 857, 672, 143, 124
track:705, 856, 677, 143, 124
track:706, 855, 679, 143, 124
track:707, 855, 679, 143, 124
track:708, 854, 681, 143, 124
track:709, 854, 681, 143, 124
track:710, 854, 678, 143, 124
track:711, 855, 678, 143, 124
track:712, 854, 675, 143, 124
track:713, 854, 674, 143, 124
track:714, 853, 674, 143, 124
track:715, 853, 675, 143, 124
track:716, 853, 676, 143, 124
track:717, 853, 678, 143, 124
track:718, 854, 678, 143, 124
track:719, 855, 677, 143, 124
track:720, 855, 679, 143, 124
track:721, 855, 679, 143, 124
track:722, 855, 679, 143, 124
track:723, 856, 678, 143, 124
track:724, 856, 675, 143, 124
track:725, 856, 672, 143, 124
track:726, 857, 671, 143, 124
track:727, 857, 669, 143, 124
track:728, 853, 662, 150, 130
track:729, 853, 658, 150, 130
track:730, 852, 654, 158, 137
track:731, 852, 653, 158, 137
track:732, 852, 653, 158, 137
track:733, 852, 652, 158, 137
track:734, 847, 645, 166, 144
track:735, 849, 641, 166, 144
track:736, 850, 639, 166, 144
track:737, 849, 637, 166, 144
track:738, 849, 637, 166, 144
track:739, 848, 637, 166, 144
track:740, 849, 639, 166, 144
track:741, 849, 639, 166, 144
track:742, 853, 643, 158, 137
track:743, 853, 643, 158, 137
track:744, 852, 642, 158, 137
track:745, 852, 640, 158, 137
track:746, 853, 639, 158, 137
track:747, 854, 638, 158, 137
track:748, 853, 631, 158, 137
track:749, 853, 625, 158, 137
track:750, 850, 624, 158, 137
track:751, 850, 624, 158, 137
track:752, 850, 626, 158, 137
track:753, 851, 627, 158, 137
track:754, 853, 627, 158, 137
track:755, 855, 626, 158, 137
track:756, 855, 625, 158, 137
track:757, 856, 625, 158, 137
track:758, 856, 624, 158, 137
track:759, 856, 625, 158, 137
track:760, 855, 630, 158, 137
init :761, 858, 630, 152, 132
track:762, 860, 630, 152, 132
track:763, 861, 630, 152, 132
track:764, 863, 631, 152, 132
track:765, 862, 632, 152, 132
track:766, 862, 632, 152, 132
track:767, 860, 632, 152, 132
track:768, 861, 633, 152, 132
track:769, 862, 635, 152, 132
track:770, 864, 644, 152, 132
track:771, 869, 646, 145, 126
track:772, 869, 646, 145, 126
track:773, 871, 644, 145, 126
track:774, 872, 644, 145, 126
track:775, 873, 645, 145, 126
track:776, 872, 645, 145, 126
track:777, 873, 644, 145, 126
track:778, 877, 645, 138, 120
track:779, 879, 644, 138, 120
track:780, 879, 646, 138, 120
track:781, 878, 646, 138, 120
track:782, 879, 647, 138, 120
track:783, 878, 647, 138, 120
track:784, 878, 646, 138, 120
track:785, 876, 645, 138, 120
track:786, 876, 645, 138, 120
track:787, 877, 646, 138, 120
track:788, 876, 646, 138, 120
track:789, 879, 650, 131, 114
track:790, 878, 649, 131, 114
track:791, 878, 649, 131, 114
track:792, 877, 648, 131, 114
track:793, 877, 649, 131, 114
track:794, 877, 651, 131, 114
track:795, 877, 656, 131, 114
track:796, 877, 655, 131, 114
track:797, 877, 654, 131, 114
track:798, 877, 654, 131, 114
track:799, 877, 655, 131, 114
track:800, 877, 656, 131, 114
track:801, 877, 656, 131, 114
track:802, 877, 657, 131, 114
track:803, 876, 658, 131, 114
track:804, 876, 659, 131, 114
track:805, 875, 659, 131, 114
track:806, 875, 658, 131, 114
track:807, 874, 658, 131, 114
track:808, 873, 659, 131, 114
track:809, 875, 661, 131, 114
track:810, 874, 663, 131, 114
track:811, 876, 664, 131, 114
track:812, 875, 665, 131, 114
track:813, 872, 665, 131, 114
track:814, 870, 664, 131, 114
track:815, 870, 664, 131, 114
track:816, 870, 664, 131, 114
track:817, 869, 667, 131, 114
track:818, 865, 670, 138, 120
track:819, 865, 672, 138, 120
track:820, 862, 684, 138, 120
track:821, 859, 681, 145, 126
track:822, 859, 682, 145, 126
track:823, 855, 679, 152, 132
track:824, 854, 677, 152, 132
track:825, 852, 678, 152, 132
track:826, 852, 678, 152, 132
track:827, 852, 683, 152, 132
track:828, 853, 688, 152, 132
track:829, 854, 689, 152, 132
track:830, 852, 688, 160, 139
track:831, 853, 689, 160, 139
track:832, 854, 689, 160, 139
track:833, 856, 687, 160, 139
track:834, 856, 680, 160, 139
track:835, 857, 671, 160, 139
track:836, 857, 670, 160, 139
init :837, 853, 664, 166, 142
track:838, 852, 663, 166, 142
track:839, 850, 659, 166, 142
track:840, 849, 654, 166, 142
track:841, 849, 653, 166, 142
track:842, 843, 650, 174, 149
track:843, 841, 645, 174, 149
track:844, 836, 639, 183, 157
track:845, 829, 625, 183, 157
track:846, 828, 625, 183, 157
track:847, 828, 615, 183, 157
track:848, 827, 612, 183, 157
track:849, 826, 610, 183, 157
track:850, 826, 609, 183, 157
track:851, 825, 608, 183, 157
track:852, 829, 604, 183, 157
track:853, 834, 600, 183, 157
track:854, 835, 602, 183, 157
track:855, 835, 605, 183, 157
track:856, 836, 606, 183, 157
track:857, 834, 607, 183, 157
track:858, 836, 605, 183, 157
track:859, 838, 600, 183, 157
track:860, 837, 597, 183, 157
track:861, 838, 597, 183, 157
track:862, 836, 600, 183, 157
track:863, 837, 604, 183, 157
track:864, 838, 611, 183, 157
track:865, 839, 617, 183, 157
track:866, 839, 617, 183, 157
track:867, 843, 626, 174, 149
track:868, 843, 627, 174, 149
track:869, 845, 628, 174, 149
track:870, 846, 633, 174, 149
track:871, 846, 633, 174, 149
track:872, 847, 634, 174, 149
track:873, 846, 634, 174, 149
track:874, 847, 633, 174, 149
track:875, 849, 634, 174, 149
track:876, 847, 634, 174, 149
track:877, 849, 634, 174, 149
track:878, 850, 635, 174, 149
track:879, 856, 637, 166, 142
track:880, 856, 637, 166, 142
track:881, 857, 637, 166, 142
track:882, 857, 638, 166, 142
track:883, 859, 637, 166, 142
track:884, 865, 639, 158, 135
track:885, 866, 639, 158, 135
track:886, 866, 638, 158, 135
track:887, 868, 640, 158, 135
track:888, 869, 640, 158, 135
track:889, 868, 639, 158, 135
track:890, 873, 640, 151, 129
track:891, 875, 640, 151, 129
track:892, 880, 642, 143, 123
track:893, 881, 642, 143, 123
track:894, 882, 641, 143, 123
track:895, 883, 641, 143, 123
track:896, 882, 642, 143, 123
track:897, 882, 641, 143, 123
track:898, 884, 643, 137, 117
track:899, 883, 643, 137, 117
track:900, 885, 647, 130, 111
track:901, 884, 647, 130, 111
track:902, 883, 650, 130, 111
track:903, 881, 649, 130, 111
track:904, 882, 649, 130, 111
track:905, 885, 651, 124, 106
track:906, 885, 651, 124, 106
track:907, 907, 639, 118, 101
track:908, 919, 641, 112, 96
track:909, 921, 651, 112, 96
track:910, 918, 658, 112, 96
track:911, 923, 658, 112, 96
track:912, 922, 661, 112, 96
init :913, 807, 565, 286, 259
track:914, 809, 566, 286, 259
track:915, 811, 570, 286, 259
track:916, 810, 570, 286, 259
track:917, 812, 571, 286, 259
track:918, 819, 579, 272, 247
track:919, 819, 580, 272, 247
track:920, 817, 581, 272, 247
track:921, 809, 575, 286, 259
track:922, 805, 575, 286, 259
track:923, 800, 575, 286, 259
track:924, 795, 572, 286, 259
track:925, 789, 572, 286, 259
track:926, 788, 572, 286, 259
track:927, 787, 573, 286, 259
track:928, 779, 573, 286, 259
track:929, 773, 573, 286, 259
track:930, 770, 571, 286, 259
track:931, 771, 571, 286, 259
track:932, 773, 576, 272, 247
track:933, 771, 573, 272, 247
track:934, 772, 572, 272, 247
track:935, 772, 569, 272, 247
track:936, 772, 568, 272, 247
track:937, 772, 566, 272, 247
track:938, 773, 565, 272, 247
track:939, 775, 563, 272, 247
track:940, 774, 561, 272, 247
track:941, 775, 561, 272, 247
track:942, 774, 559, 272, 247
track:943, 770, 559, 272, 247
track:944, 771, 558, 272, 247
track:945, 770, 558, 272, 247
track:946, 769, 558, 272, 247
track:947, 767, 557, 272, 247
track:948, 762, 559, 272, 247
track:949, 758, 560, 272, 247
track:950, 756, 563, 272, 247
track:951, 754, 562, 272, 247
track:952, 750, 564, 272, 247
track:953, 746, 566, 272, 247
track:954, 747, 566, 272, 247
track:955, 747, 566, 272, 247
track:956, 744, 567, 272, 247
track:957, 744, 569, 272, 247
track:958, 744, 569, 272, 247
track:959, 741, 571, 272, 247
track:960, 741, 571, 272, 247
track:961, 738, 571, 272, 247
track:962, 737, 572, 272, 247
track:963, 733, 574, 272, 247
track:964, 726, 567, 286, 259
track:965, 729, 568, 286, 259
track:966, 723, 569, 286, 259
track:967, 720, 569, 286, 259
track:968, 718, 577, 272, 247
track:969, 713, 578, 272, 247
track:970, 713, 577, 272, 247
track:971, 709, 577, 272, 247
track:972, 704, 578, 272, 247
track:973, 701, 579, 272, 247
track:974, 696, 578, 272, 247
track:975, 696, 578, 272, 247
track:976, 691, 579, 272, 247
track:977, 689, 579, 272, 247
track:978, 689, 580, 272, 247
track:979, 686, 580, 272, 247
track:980, 688, 580, 272, 247
track:981, 684, 581, 272, 247
track:982, 685, 581, 272, 247
track:983, 685, 582, 272, 247
track:984, 687, 581, 272, 247
track:985, 688, 583, 272, 247
track:986, 683, 575, 286, 259
track:987, 684, 575, 286, 259
track:988, 686, 577, 286, 259
init :989, 696, 586, 507, 249
track:990, 696, 586, 507, 249
track:991, 696, 586, 507, 249
track:992, 695, 586, 507, 249
track:993, 696, 587, 507, 249
track:994, 697, 584, 507, 249
track:995, 682, 578, 532, 261
track:996, 684, 577, 532, 261
track:997, 690, 574, 532, 261
track:998, 691, 572, 532, 261
track:999, 708, 576, 507, 249
track:1000, 696, 570, 532, 261
track:1001, 702, 570, 532, 261
track:1002, 718, 573, 507, 249
track:1003, 724, 569, 507, 249
track:1004, 727, 566, 507, 249
track:1005, 725, 568, 507, 249
track:1006, 733, 565, 507, 249
track:1007, 730, 561, 507, 249
track:1008, 730, 560, 507, 249
track:1009, 730, 558, 507, 249
track:1010, 729, 555, 507, 249
track:1011, 735, 561, 483, 237
track:1012, 734, 560, 483, 237
track:1013, 743, 567, 460, 226
track:1014, 740, 567, 460, 226
track:1015, 739, 565, 460, 226
track:1016, 734, 566, 460, 226
track:1017, 716, 557, 483, 237
track:1018, 726, 562, 460, 226
track:1019, 722, 560, 460, 226
track:1020, 723, 563, 460, 226
track:1021, 726, 558, 460, 226
track:1022, 719, 562, 460, 226
track:1023, 720, 560, 460, 226
track:1024, 713, 559, 460, 226
track:1025, 705, 551, 483, 237
track:1026, 700, 553, 483, 237
track:1027, 695, 553, 483, 237
track:1028, 697, 557, 483, 237
track:1029, 710, 563, 460, 226
track:1030, 708, 564, 460, 226
track:1031, 704, 564, 460, 226
track:1032, 695, 565, 460, 226
track:1033, 690, 567, 460, 226
track:1034, 691, 568, 460, 226
track:1035, 692, 569, 460, 226
track:1036, 687, 570, 460, 226
track:1037, 685, 572, 460, 226
track:1038, 680, 579, 460, 226
track:1039, 683, 581, 460, 226
track:1040, 684, 582, 460, 226
track:1041, 691, 589, 438, 215
track:1042, 690, 589, 438, 215
track:1043, 684, 590, 438, 215
track:1044, 688, 591, 438, 215
track:1045, 692, 592, 438, 215
track:1046, 692, 597, 438, 215
track:1047, 693, 596, 438, 215
track:1048, 680, 589, 460, 226
track:1049, 690, 589, 460, 226
track:1050, 704, 594, 438, 215
track:1051, 710, 594, 438, 215
track:1052, 718, 593, 438, 215
track:1053, 726, 597, 417, 205
track:1054, 745, 599, 397, 195
track:1055, 751, 602, 378, 186
track:1056, 757, 600, 378, 186
track:1057, 762, 601, 378, 186
track:1058, 759, 601, 378, 186
track:1059, 760, 601, 378, 186
track:1060, 761, 602, 378, 186
track:1061, 758, 604, 378, 186
track:1062, 757, 602, 378, 186
track:1063, 747, 597, 397, 195
track:1064, 746, 598, 397, 195
init :1065, 793, 617, 438, 135
track:1066, 791, 617, 438, 135
track:1067, 785, 616, 438, 135
track:1068, 777, 614, 438, 135
track:1069, 759, 610, 460, 142
track:1070, 756, 607, 460, 142
track:1071, 760, 612, 438, 135
track:1072, 743, 612, 438, 135
track:1073, 729, 613, 438, 135
track:1074, 718, 613, 438, 135
track:1075, 713, 613, 438, 135
track:1076, 695, 609, 460, 142
track:1077, 688, 610, 460, 142
track:1078, 672, 609, 460, 142
track:1079, 662, 612, 460, 142
track:1080, 671, 615, 438, 135
track:1081, 666, 615, 438, 135
track:1082, 659, 615, 438, 135
track:1083, 656, 618, 438, 135
track:1084, 652, 618, 438, 135
track:1085, 653, 618, 438, 135
track:1086, 649, 618, 438, 135
track:1087, 651, 618, 438, 135
track:1088, 651, 618, 438, 135
track:1089, 648, 619, 438, 135
track:1090, 651, 618, 438, 135
track:1091, 653, 619, 438, 135
track:1092, 652, 621, 438, 135
track:1093, 654, 622, 438, 135
track:1094, 664, 626, 417, 129
track:1095, 661, 626, 417, 129
track:1096, 663, 625, 417, 129
track:1097, 673, 629, 397, 122
track:1098, 671, 625, 417, 129
track:1099, 660, 625, 438, 135
track:1100, 661, 626, 438, 135
track:1101, 662, 627, 438, 135
track:1102, 660, 626, 438, 135
track:1103, 657, 627, 438, 135
track:1104, 661, 628, 438, 135
track:1105, 661, 627, 438, 135
track:1106, 664, 627, 438, 135
track:1107, 648, 624, 460, 142
track:1108, 642, 625, 460, 142
track:1109, 652, 630, 438, 135
track:1110, 649, 630, 438, 135
track:1111, 647, 633, 438, 135
track:1112, 634, 630, 460, 142
track:1113, 613, 629, 483, 149
track:1114, 617, 633, 483, 149
track:1115, 624, 637, 460, 142
track:1116, 635, 639, 438, 135
track:1117, 635, 638, 438, 135
track:1118, 635, 638, 438, 135
track:1119, 634, 638, 438, 135
track:1120, 630, 637, 438, 135
track:1121, 631, 640, 438, 135
track:1122, 633, 640, 438, 135
track:1123, 615, 638, 460, 142
track:1124, 637, 643, 438, 135
track:1125, 645, 648, 417, 129
track:1126, 658, 650, 417, 129
track:1127, 651, 646, 438, 135
track:1128, 642, 647, 438, 135
track:1129, 643, 652, 438, 135
track:1130, 653, 655, 417, 129
track:1131, 666, 652, 417, 129
track:1132, 678, 654, 397, 122
track:1133, 691, 654, 397, 122
track:1134, 742, 652, 417, 129
track:1135, 778, 653, 417, 129
track:1136, 778, 653, 417, 129
track:1137, 774, 653, 417, 129
track:1138, 767, 650, 417, 129
track:1139, 754, 649, 438, 135
track:1140, 752, 648, 438, 135
init :1141, 830, 630, 216, 181
track:1142, 826, 630, 216, 181
track:1143, 816, 630, 216, 181
track:1144, 807, 631, 216, 181
track:1145, 806, 632, 216, 181
track:1146, 798, 631, 216, 181
track:1147, 791, 631, 216, 181
track:1148, 785, 637, 206, 172
track:1149, 775, 631, 216, 181
track:1150, 777, 631, 216, 181
track:1151, 776, 631, 216, 181
track:1152, 775, 631, 216, 181
track:1153, 771, 632, 216, 181
track:1154, 775, 638, 206, 172
track:1155, 769, 639, 206, 172
track:1156, 773, 642, 206, 172
track:1157, 774, 644, 206, 172
track:1158, 774, 643, 206, 172
track:1159, 777, 640, 206, 172
track:1160, 778, 640, 206, 172
track:1161, 778, 641, 206, 172
track:1162, 784, 636, 216, 181
track:1163, 781, 637, 216, 181
track:1164, 788, 640, 216, 181
track:1165, 787, 638, 216, 181
track:1166, 780, 639, 216, 181
track:1167, 784, 644, 206, 172
track:1168, 776, 645, 206, 172
track:1169, 773, 644, 206, 172
track:1170, 772, 644, 206, 172
track:1171, 768, 644, 206, 172
track:1172, 761, 642, 206, 172
track:1173, 761, 643, 206, 172
track:1174, 746, 636, 216, 181
track:1175, 749, 636, 216, 181
track:1176, 750, 634, 216, 181
track:1177, 751, 635, 216, 181
track:1178, 747, 631, 216, 181
track:1179, 747, 629, 216, 181
track:1180, 756, 634, 206, 172
track:1181, 754, 632, 206, 172
track:1182, 756, 629, 206, 172
track:1183, 767, 633, 196, 164
track:1184, 757, 636, 187, 156
track:1185, 760, 637, 187, 156
track:1186, 766, 640, 178, 149
track:1187, 773, 638, 178, 149
track:1188, 774, 636, 178, 149
track:1189, 773, 639, 169, 142
track:1190, 776, 639, 169, 142
track:1191, 779, 637, 169, 142
track:1192, 786, 637, 161, 135
track:1193, 786, 634, 161, 135
track:1194, 786, 634, 154, 129
track:1195, 790, 638, 146, 123
track:1196, 786, 634, 146, 123
track:1197, 785, 634, 146, 123
track:1198, 788, 634, 139, 117
track:1199, 787, 633, 139, 117
track:1200, 787, 633, 139, 117
track:1201, 789, 634, 139, 117
track:1202, 790, 633, 139, 117
track:1203, 793, 632, 139, 117
track:1204, 800, 633, 139, 117
track:1205, 803, 636, 133, 111
track:1206, 807, 636, 133, 111
track:1207, 816, 637, 133, 111
track:1208, 819, 636, 133, 111
track:1209, 817, 637, 133, 111
track:1210, 834, 638, 133, 111
track:1211, 838, 642, 126, 106
track:1212, 843, 644, 126, 106
track:1213, 849, 645, 126, 106
track:1214, 851, 648, 120, 101
track:1215, 855, 648, 120, 101
track:1216, 859, 649, 120, 101
init :1217, 876, 646, 323, 98
track:1218, 875, 647, 323, 98
track:1219, 874, 647, 323, 98
track:1220, 873, 648, 323, 98
track:1221, 869, 648, 323, 98
track:1222, 874, 650, 308, 93
track:1223, 873, 652, 308, 93
track:1224, 873, 653, 308, 93
track:1225, 872, 654, 308, 93
track:1226, 869, 655, 308, 93
track:1227, 872, 655, 308, 93
track:1228, 869, 656, 308, 93
track:1229, 878, 659, 293, 89
track:1230, 878, 659, 293, 89
track:1231, 876, 660, 293, 89
track:1232, 885, 664, 279, 85
track:1233, 890, 665, 279, 85
track:1234, 891, 666, 266, 81
track:1235, 891, 669, 253, 77
track:1236, 880, 667, 266, 81
track:1237, 885, 668, 266, 81
track:1238, 891, 669, 253, 77
track:1239, 891, 669, 253, 77
track:1240, 888, 670, 253, 77
track:1241, 887, 670, 253, 77
track:1242, 891, 672, 241, 73
track:1243, 884, 672, 253, 77
track:1244, 886, 672, 253, 77
track:1245, 886, 674, 253, 77
track:1246, 892, 676, 241, 73
track:1247, 942, 675, 253, 77
track:1248, 940, 672, 253, 77
track:1249, 943, 674, 253, 77
track:1250, 948, 677, 241, 73
track:1251, 945, 675, 241, 73
track:1252, 942, 676, 230, 70
track:1253, 931, 677, 219, 66
track:1254, 947, 675, 219, 66
track:1255, 921, 673, 230, 70
track:1256, 922, 673, 230, 70
track:1257, 922, 671, 230, 70
track:1258, 907, 675, 230, 70
track:1259, 909, 674, 230, 70
track:1260, 909, 673, 230, 70
track:1261, 900, 674, 219, 66
track:1262, 900, 674, 219, 66
track:1263, 897, 673, 219, 66
track:1264, 898, 673, 219, 66
track:1265, 897, 673, 219, 66
track:1266, 900, 673, 219, 66
track:1267, 895, 669, 230, 70
track:1268, 887, 667, 241, 73
track:1269, 887, 667, 241, 73
track:1270, 885, 667, 241, 73
track:1271, 879, 664, 253, 77
track:1272, 882, 664, 241, 73
track:1273, 878, 662, 241, 73
track:1274, 877, 662, 241, 73
track:1275, 874, 662, 241, 73
track:1276, 872, 662, 241, 73
track:1277, 865, 662, 241, 73
track:1278, 856, 662, 241, 73
track:1279, 858, 663, 230, 70
track:1280, 857, 662, 230, 70
track:1281, 854, 661, 230, 70
track:1282, 848, 659, 230, 70
track:1283, 842, 659, 230, 70
track:1284, 842, 659, 230, 70
track:1285, 832, 659, 230, 70
track:1286, 826, 656, 241, 73
track:1287, 828, 655, 241, 73
track:1288, 831, 656, 241, 73
track:1289, 827, 655, 241, 73
track:1290, 828, 654, 241, 73
track:1291, 839, 655, 230, 70
track:1292, 840, 655, 219, 66
init :1293, 867, 662, 143, 72
track:1294, 867, 662, 143, 72
track:1295, 870, 664, 136, 69
track:1296, 868, 663, 136, 69
track:1297, 868, 662, 136, 69
track:1298, 869, 662, 136, 69
track:1299, 867, 662, 136, 69
track:1300, 866, 663, 136, 69
track:1301, 868, 665, 130, 65
track:1302, 867, 665, 130, 65
track:1303, 864, 664, 136, 69
track:1304, 864, 664, 136, 69
track:1305, 865, 663, 136, 69
track:1306, 865, 663, 136, 69
track:1307, 867, 663, 136, 69
track:1308, 870, 666, 130, 65
track:1309, 870, 666, 130, 65
track:1310, 870, 667, 130, 65
track:1311, 871, 668, 130, 65
track:1312, 870, 668, 130, 65
track:1313, 873, 669, 124, 62
track:1314, 874, 670, 118, 59
track:1315, 870, 670, 124, 62
track:1316, 869, 670, 124, 62
track:1317, 868, 670, 124, 62
track:1318, 866, 670, 124, 62
track:1319, 865, 670, 124, 62
track:1320, 864, 670, 124, 62
track:1321, 864, 671, 124, 62
track:1322, 862, 672, 130, 65
track:1323, 863, 672, 130, 65
track:1324, 865, 673, 124, 62
track:1325, 867, 674, 124, 62
track:1326, 866, 674, 130, 65
track:1327, 868, 675, 130, 65
track:1328, 865, 674, 136, 69
track:1329, 867, 674, 136, 69
track:1330, 866, 675, 136, 69
track:1331, 867, 676, 136, 69
track:1332, 863, 677, 130, 65
track:1333, 862, 677, 124, 62
track:1334, 863, 677, 124, 62
track:1335, 855, 677, 124, 62
track:1336, 852, 677, 124, 62
track:1337, 846, 675, 130, 65
track:1338, 843, 676, 130, 65
track:1339, 844, 676, 130, 65
track:1340, 844, 677, 130, 65
track:1341, 843, 677, 130, 65
track:1342, 844, 678, 124, 62
track:1343, 844, 678, 124, 62
track:1344, 843, 678, 124, 62
track:1345, 843, 678, 124, 62
track:1346, 842, 679, 124, 62
track:1347, 844, 680, 124, 62
track:1348, 843, 680, 124, 62
track:1349, 840, 678, 130, 65
track:1350, 839, 679, 130, 65
track:1351, 838, 679, 130, 65
track:1352, 837, 680, 130, 65
track:1353, 835, 681, 130, 65
track:1354, 837, 680, 130, 65
track:1355, 838, 681, 130, 65
track:1356, 837, 681, 130, 65
track:1357, 836, 682, 130, 65
track:1358, 836, 681, 130, 65
track:1359, 836, 681, 130, 65
track:1360, 836, 682, 130, 65
track:1361, 837, 683, 130, 65
track:1362, 836, 683, 130, 65
track:1363, 837, 685, 130, 65
track:1364, 837, 684, 130, 65
track:1365, 836, 685, 130, 65
track:1366, 836, 685, 130, 65
track:1367, 838, 685, 130, 65
track:1368, 834, 686, 130, 65
init :1369, 844, 687, 184, 57
track:1370, 843, 687, 184, 57
track:1371, 847, 689, 175, 54
track:1372, 841, 688, 184, 57
track:1373, 839, 689, 184, 57
track:1374, 843, 691, 175, 54
track:1375, 836, 690, 184, 57
track:1376, 834, 690, 184, 57
track:1377, 832, 690, 184, 57
track:1378, 831, 691, 184, 57
track:1379, 829, 691, 184, 57
track:1380, 825, 692, 184, 57
track:1381, 816, 691, 193, 60
track:1382, 810, 691, 203, 63
track:1383, 801, 690, 213, 66
track:1384, 800, 691, 213, 66
track:1385, 798, 692, 213, 66
track:1386, 800, 693, 213, 66
track:1387, 803, 694, 213, 66
track:1388, 805, 695, 213, 66
track:1389, 810, 698, 203, 63
track:1390, 812, 699, 203, 63
track:1391, 815, 700, 203, 63
track:1392, 825, 703, 193, 60
track:1393, 828, 704, 193, 60
track:1394, 826, 704, 203, 63
track:1395, 827, 704, 203, 63
track:1396, 828, 705, 203, 63
track:1397, 824, 705, 213, 66
track:1398, 824, 705, 213, 66
track:1399, 823, 706, 213, 66
track:1400, 821, 707, 213, 66
track:1401, 816, 707, 213, 66
track:1402, 808, 708, 213, 66
track:1403, 805, 709, 213, 66
track:1404, 804, 710, 213, 66
track:1405, 801, 710, 213, 66
track:1406, 798, 710, 213, 66
track:1407, 788, 709, 224, 69
track:1408, 784, 709, 224, 69
track:1409, 785, 709, 224, 69
track:1410, 784, 710, 224, 69
track:1411, 783, 711, 224, 69
track:1412, 784, 712, 224, 69
track:1413, 785, 713, 224, 69
track:1414, 781, 711, 235, 73
track:1415, 782, 712, 235, 73
track:1416, 786, 715, 224, 69
track:1417, 787, 715, 224, 69
track:1418, 784, 716, 224, 69
track:1419, 789, 717, 213, 66
track:1420, 789, 718, 213, 66
track:1421, 782, 718, 224, 69
track:1422, 776, 717, 235, 73
track:1423, 779, 719, 224, 69
track:1424, 774, 717, 235, 73
track:1425, 776, 717, 235, 73
track:1426, 776, 719, 235, 73
track:1427, 775, 719, 235, 73
track:1428, 777, 720, 235, 73
track:1429, 775, 719, 235, 73
track:1430, 768, 719, 247, 76
track:1431, 767, 719, 247, 76
track:1432, 765, 720, 247, 76
track:1433, 759, 720, 259, 80
track:1434, 758, 721, 259, 80
track:1435, 755, 723, 259, 80
track:1436, 752, 723, 259, 80
track:1437, 753, 723, 259, 80
track:1438, 756, 725, 247, 76
track:1439, 750, 723, 259, 80
track:1440, 749, 724, 259, 80
track:1441, 746, 725, 259, 80
track:1442, 740, 725, 259, 80
track:1443, 733, 725, 272, 84
track:1444, 734, 726, 272, 84
init :1445, 775, 719, 240, 116
track:1446, 767, 716, 252, 122
track:1447, 760, 716, 252, 122
track:1448, 758, 715, 252, 122
track:1449, 758, 714, 252, 122
track:1450, 757, 714, 252, 122
track:1451, 758, 713, 252, 122
track:1452, 761, 713, 252, 122
track:1453, 767, 714, 252, 122
track:1454, 769, 714, 252, 122
track:1455, 779, 718, 240, 116
track:1456, 786, 717, 240, 116
track:1457, 789, 718, 240, 116
track:1458, 791, 714, 252, 122
track:1459, 791, 715, 252, 122
track:1460, 796, 716, 252, 122
track:1461, 800, 717, 252, 122
track:1462, 805, 716, 252, 122
track:1463, 809, 718, 252, 122
track:1464, 825, 723, 252, 122
track:1465, 825, 728, 240, 116
track:1466, 830, 731, 229, 110
track:1467, 839, 733, 218, 105
track:1468, 837, 731, 229, 110
track:1469, 842, 734, 218, 105
track:1470, 837, 734, 218, 105
track:1471, 839, 735, 218, 105
track:1472, 837, 736, 218, 105
track:1473, 834, 736, 218, 105
track:1474, 831, 731, 218, 105
track:1475, 826, 733, 218, 105
track:1476, 821, 731, 207, 100
track:1477, 822, 734, 197, 95
track:1478, 827, 734, 197, 95
track:1479, 825, 733, 197, 95
track:1480, 827, 733, 197, 95
track:1481, 829, 730, 188, 91
track:1482, 833, 734, 188, 91
track:1483, 837, 736, 179, 87
track:1484, 839, 733, 179, 87
track:1485, 843, 739, 179, 87
track:1486, 847, 737, 179, 87
track:1487, 855, 736, 171, 82
track:1488, 849, 736, 179, 87
track:1489, 852, 735, 179, 87
track:1490, 850, 733, 179, 87
track:1491, 852, 729, 179, 87
track:1492, 855, 728, 171, 82
track:1493, 854, 724, 171, 82
track:1494, 853, 724, 171, 82
track:1495, 852, 721, 162, 79
track:1496, 850, 717, 162, 79
track:1497, 838, 713, 162, 79
track:1498, 840, 713, 155, 75
track:1499, 834, 707, 155, 75
track:1500, 829, 702, 155, 75
track:1501, 824, 698, 155, 75
track:1502, 818, 696, 155, 75
track:1503, 819, 696, 147, 71
track:1504, 814, 694, 147, 71
track:1505, 810, 688, 147, 71
track:1506, 809, 684, 147, 71
track:1507, 808, 683, 140, 68
track:1508, 808, 681, 140, 68
track:1509, 809, 680, 140, 68
track:1510, 809, 679, 134, 65
track:1511, 812, 678, 127, 62
track:1512, 803, 677, 127, 62
track:1513, 802, 676, 127, 62
track:1514, 793, 675, 121, 59
track:1515, 774, 677, 115, 56
track:1516, 756, 679, 110, 53
track:1517, 730, 679, 110, 53
track:1518, 731, 680, 110, 53
track:1519, 705, 680, 110, 53
track:1520, 681, 680, 110, 53
init :1521, 683, 625, 276, 103
track:1522, 670, 626, 276, 103
track:1523, 669, 626, 276, 103
track:1524, 660, 626, 276, 103
track:1525, 663, 628, 263, 98
track:1526, 664, 628, 263, 98
track:1527, 676, 630, 250, 93
track:1528, 676, 629, 250, 93
track:1529, 701, 629, 250, 93
track:1530, 729, 631, 238, 89
track:1531, 753, 630, 238, 89
track:1532, 779, 629, 238, 89
track:1533, 775, 625, 250, 93
track:1534, 802, 626, 250, 93
track:1535, 826, 627, 250, 93
track:1536, 852, 629, 238, 89
track:1537, 870, 629, 238, 89
track:1538, 874, 633, 227, 85
track:1539, 885, 633, 216, 81
track:1540, 895, 632, 227, 85
track:1541, 902, 636, 216, 81
track:1542, 902, 637, 216, 81
track:1543, 900, 636, 227, 85
track:1544, 890, 635, 238, 89
track:1545, 888, 635, 238, 89
track:1546, 882, 637, 238, 89
track:1547, 875, 637, 238, 89
track:1548, 874, 638, 238, 89
track:1549, 851, 642, 250, 93
track:1550, 852, 641, 250, 93
track:1551, 854, 643, 238, 89
track:1552, 846, 648, 227, 85
track:1553, 847, 649, 227, 85
track:1554, 849, 650, 227, 85
track:1555, 849, 649, 227, 85
track:1556, 854, 651, 216, 81
track:1557, 861, 653, 216, 81
track:1558, 865, 655, 206, 77
track:1559, 868, 655, 206, 77
track:1560, 876, 654, 206, 77
track:1561, 878, 655, 206, 77
track:1562, 879, 656, 206, 77
track:1563, 880, 658, 206, 77
track:1564, 889, 659, 196, 73
track:1565, 894, 659, 187, 70
track:1566, 899, 661, 178, 66
track:1567, 894, 661, 178, 66
track:1568, 893, 661, 178, 66
track:1569, 896, 661, 178, 66
track:1570, 894, 662, 178, 66
track:1571, 885, 661, 178, 66
track:1572, 888, 663, 178, 66
track:1573, 886, 664, 178, 66
track:1574, 887, 663, 178, 66
track:1575, 889, 664, 178, 66
track:1576, 880, 665, 178, 66
track:1577, 884, 666, 169, 63
track:1578, 884, 666, 169, 63
track:1579, 882, 667, 169, 63
track:1580, 880, 669, 169, 63
track:1581, 878, 669, 169, 63
track:1582, 878, 669, 169, 63
track:1583, 880, 670, 161, 60
track:1584, 876, 670, 169, 63
track:1585, 879, 672, 169, 63
track:1586, 882, 674, 169, 63
track:1587, 888, 676, 161, 60
track:1588, 896, 675, 169, 63
track:1589, 883, 678, 161, 60
track:1590, 883, 676, 161, 60
track:1591, 887, 676, 154, 57
track:1592, 890, 676, 154, 57
track:1593, 885, 673, 161, 60
track:1594, 886, 674, 161, 60
track:1595, 886, 675, 161, 60
track:1596, 887, 674, 154, 57
init :1599, 913, 680, 101, 72
track:1600, 912, 680, 101, 72
track:1601, 911, 680, 101, 72
track:1602, 910, 680, 101, 72
track:1603, 909, 679, 101, 72
track:1604, 905, 679, 101, 72
track:1605, 906, 681, 96, 69
track:1606, 903, 681, 96, 69
track:1607, 901, 682, 96, 69
track:1608, 900, 682, 96, 69
elapseTime: 16.178
