init :7, 821, 630, 235, 197
track:8, 821, 630, 235, 197
track:9, 822, 630, 235, 197
track:10, 821, 631, 235, 197
track:11, 823, 630, 235, 197
track:12, 823, 630, 235, 197
track:13, 824, 630, 235, 197
track:14, 824, 630, 235, 197
track:15, 824, 630, 235, 197
track:16, 825, 630, 235, 197
track:17, 826, 630, 235, 197
track:18, 825, 630, 235, 197
track:19, 825, 629, 235, 197
track:20, 821, 626, 247, 207
track:21, 820, 626, 247, 207
track:22, 827, 631, 235, 197
track:23, 828, 631, 235, 197
track:24, 827, 631, 235, 197
track:25, 828, 630, 235, 197
track:26, 829, 631, 235, 197
track:27, 829, 631, 235, 197
track:28, 829, 631, 235, 197
track:29, 829, 630, 235, 197
track:30, 829, 630, 235, 197
track:31, 830, 629, 235, 197
track:32, 831, 631, 235, 197
track:33, 829, 630, 235, 197
track:34, 830, 631, 235, 197
track:35, 830, 630, 235, 197
track:36, 830, 631, 235, 197
track:37, 829, 630, 235, 197
track:38, 831, 630, 235, 197
track:39, 830, 630, 235, 197
track:40, 830, 630, 235, 197
track:41, 831, 629, 235, 197
track:42, 830, 631, 235, 197
track:43, 831, 630, 235, 197
track:44, 830, 631, 235, 197
track:45, 832, 630, 235, 197
track:46, 830, 631, 235, 197
init :48, 826, 630, 235, 197
track:49, 826, 630, 235, 197
track:50, 827, 630, 235, 197
track:51, 827, 630, 235, 197
track:52, 826, 629, 235, 197
track:53, 826, 629, 235, 197
track:54, 826, 630, 235, 197
track:55, 828, 629, 235, 197
track:56, 826, 630, 235, 197
track:57, 828, 630, 235, 197
track:58, 827, 629, 235, 197
track:59, 826, 630, 235, 197
track:60, 826, 629, 235, 197
track:61, 826, 630, 235, 197
track:62, 825, 629, 235, 197
track:63, 824, 629, 235, 197
track:64, 824, 630, 235, 197
track:65, 826, 629, 235, 197
track:66, 825, 629, 235, 197
track:67, 824, 630, 235, 197
track:68, 824, 629, 235, 197
track:69, 822, 630, 235, 197
track:70, 824, 630, 235, 197
track:71, 823, 630, 235, 197
track:72, 824, 629, 235, 197
track:73, 823, 630, 235, 197
track:74, 824, 630, 235, 197
track:75, 823, 630, 235, 197
track:76, 823, 630, 235, 197
track:77, 823, 630, 235, 197
track:78, 824, 630, 235, 197
track:79, 824, 630, 235, 197
track:80, 824, 630, 235, 197
track:81, 823, 629, 235, 197
track:82, 823, 630, 235, 197
track:83, 822, 631, 235, 197
track:84, 824, 630, 235, 197
track:85, 823, 630, 235, 197
track:86, 823, 630, 235, 197
track:87, 822, 630, 235, 197
track:88, 822, 631, 235, 197
track:89, 824, 630, 235, 197
track:90, 824, 630, 235, 197
track:91, 823, 631, 235, 197
track:92, 823, 631, 235, 197
init :93, 826, 633, 235, 197
track:94, 826, 633, 235, 197
track:95, 827, 633, 235, 197
track:96, 827, 634, 235, 197
track:97, 827, 633, 235, 197
track:98, 828, 632, 235, 197
track:99, 828, 632, 235, 197
track:100, 830, 632, 235, 197
track:101, 830, 631, 235, 197
track:102, 830, 631, 235, 197
track:103, 830, 629, 235, 197
track:104, 830, 630, 235, 197
track:105, 831, 628, 235, 197
track:106, 832, 629, 235, 197
track:107, 833, 627, 235, 197
track:108, 833, 625, 235, 197
track:109, 833, 624, 235, 197
track:110, 834, 623, 235, 197
track:111, 840, 626, 224, 188
track:112, 840, 624, 224, 188
track:113, 840, 622, 224, 188
track:114, 840, 622, 224, 188
track:115, 841, 620, 224, 188
track:116, 843, 618, 224, 188
track:117, 844, 616, 224, 188
track:120, 846, 613, 224, 188
track:121, 847, 611, 224, 188
track:122, 853, 614, 213, 179
track:123, 853, 612, 213, 179
track:124, 853, 611, 213, 179
track:125, 852, 609, 213, 179
track:126, 848, 605, 213, 179
track:127, 847, 605, 213, 179
track:128, 847, 606, 213, 179
track:129, 846, 605, 213, 179
track:130, 847, 606, 213, 179
track:131, 847, 607, 213, 179
track:132, 850, 610, 213, 179
track:133, 852, 611, 213, 179
track:134, 851, 611, 213, 179
track:135, 851, 612, 213, 179
track:136, 853, 614, 213, 179
track:137, 854, 615, 213, 179
track:138, 855, 616, 213, 179
init :139, 863, 623, 170, 155
track:140, 863, 622, 170, 155
track:141, 862, 621, 170, 155
track:142, 859, 622, 170, 155
track:143, 858, 622, 170, 155
track:144, 857, 623, 170, 155
track:145, 856, 627, 170, 155
track:146, 854, 628, 170, 155
track:147, 854, 629, 170, 155
track:148, 854, 631, 170, 155
track:149, 856, 631, 170, 155
track:150, 857, 634, 170, 155
track:151, 856, 638, 170, 155
track:152, 857, 641, 170, 155
track:153, 857, 642, 170, 155
track:154, 857, 643, 170, 155
track:155, 857, 645, 170, 155
track:156, 858, 646, 170, 155
track:157, 859, 647, 170, 155
track:158, 864, 651, 162, 148
track:159, 865, 651, 162, 148
track:160, 862, 652, 162, 148
track:161, 861, 652, 162, 148
track:162, 863, 654, 154, 141
track:163, 862, 655, 154, 141
track:164, 862, 655, 154, 141
track:165, 861, 656, 154, 141
track:166, 861, 656, 154, 141
track:167, 862, 655, 154, 141
track:168, 862, 656, 154, 141
track:169, 862, 656, 154, 141
track:170, 863, 654, 154, 141
track:171, 865, 654, 154, 141
track:172, 866, 653, 154, 141
track:173, 865, 652, 154, 141
track:174, 866, 652, 154, 141
track:175, 864, 653, 154, 141
track:176, 861, 653, 154, 141
track:177, 862, 653, 154, 141
track:178, 863, 654, 154, 141
track:179, 864, 655, 154, 141
track:180, 862, 654, 162, 148
track:181, 861, 654, 162, 148
track:182, 864, 657, 162, 148
track:183, 865, 660, 162, 148
track:184, 865, 660, 162, 148
init :185, 872, 654, 161, 163
track:186, 870, 652, 161, 163
track:187, 867, 648, 161, 163
track:188, 863, 647, 161, 163
track:189, 862, 645, 161, 163
track:190, 859, 642, 161, 163
track:191, 859, 641, 161, 163
track:192, 857, 639, 161, 163
track:193, 858, 636, 161, 163
track:194, 857, 636, 161, 163
track:195, 858, 634, 161, 163
track:196, 859, 632, 161, 163
track:197, 860, 630, 161, 163
track:198, 862, 634, 153, 155
track:199, 862, 633, 153, 155
track:200, 858, 636, 153, 155
track:201, 856, 636, 153, 155
track:202, 855, 633, 153, 155
track:203, 855, 631, 153, 155
track:204, 856, 630, 153, 155
track:205, 856, 628, 153, 155
track:206, 857, 627, 153, 155
track:207, 855, 627, 153, 155
track:208, 854, 625, 153, 155
track:209, 856, 627, 146, 148
track:210, 854, 623, 146, 148
track:211, 852, 619, 146, 148
track:212, 856, 621, 139, 141
track:213, 856, 621, 139, 141
track:214, 856, 620, 139, 141
track:215, 857, 619, 139, 141
track:216, 856, 618, 139, 141
track:217, 855, 619, 139, 141
track:218, 856, 619, 139, 141
track:219, 854, 621, 139, 141
track:220, 854, 624, 139, 141
track:221, 855, 626, 139, 141
track:222, 855, 628, 139, 141
track:223, 855, 627, 139, 141
track:224, 854, 629, 139, 141
track:225, 854, 631, 139, 141
track:226, 855, 632, 139, 141
track:227, 855, 633, 139, 141
track:228, 855, 633, 139, 141
track:229, 855, 634, 139, 141
track:230, 854, 633, 139, 141
init :231, 853, 649, 138, 119
track:232, 852, 647, 138, 119
track:233, 852, 647, 138, 119
track:234, 851, 646, 138, 119
track:235, 851, 646, 138, 119
track:236, 852, 645, 138, 119
track:237, 855, 645, 138, 119
track:238, 855, 645, 138, 119
track:239, 855, 647, 138, 119
track:240, 859, 652, 131, 113
track:241, 859, 653, 131, 113
track:242, 859, 652, 131, 113
track:243, 860, 653, 131, 113
track:244, 860, 653, 131, 113
track:245, 860, 653, 131, 113
track:246, 860, 654, 131, 113
track:247, 860, 654, 131, 113
track:248, 860, 655, 131, 113
track:249, 860, 655, 131, 113
track:250, 861, 656, 131, 113
track:251, 861, 657, 131, 113
track:252, 865, 662, 125, 108
track:253, 865, 662, 125, 108
track:254, 866, 664, 125, 108
track:255, 866, 667, 125, 108
track:256, 867, 668, 125, 108
track:257, 867, 672, 125, 108
track:258, 868, 672, 125, 108
track:259, 868, 674, 125, 108
track:260, 869, 676, 125, 108
track:261, 868, 676, 125, 108
track:262, 868, 677, 125, 108
track:263, 868, 677, 125, 108
track:264, 868, 680, 125, 108
track:265, 868, 682, 125, 108
track:266, 869, 683, 125, 108
track:267, 868, 685, 125, 108
track:268, 868, 686, 125, 108
track:269, 868, 686, 125, 108
track:270, 869, 688, 125, 108
track:271, 870, 691, 125, 108
track:272, 870, 694, 125, 108
track:273, 871, 695, 125, 108
track:274, 868, 694, 131, 113
track:275, 869, 695, 131, 113
track:276, 869, 698, 131, 113
init :277, 867, 698, 133, 109
track:278, 867, 698, 133, 109
track:279, 868, 698, 133, 109
track:280, 868, 697, 133, 109
track:281, 870, 695, 133, 109
track:282, 871, 697, 133, 109
track:283, 872, 698, 133, 109
track:284, 873, 700, 133, 109
track:285, 871, 699, 140, 114
track:286, 873, 698, 140, 114
track:287, 872, 692, 147, 120
track:288, 872, 691, 147, 120
track:289, 869, 687, 154, 126
track:290, 866, 679, 162, 132
track:291, 865, 672, 162, 132
track:292, 867, 667, 162, 132
track:293, 867, 666, 162, 132
track:294, 864, 661, 170, 139
track:295, 866, 658, 170, 139
track:296, 867, 659, 170, 139
track:297, 862, 656, 178, 146
track:298, 859, 653, 187, 153
track:299, 858, 653, 187, 153
track:300, 851, 650, 197, 161
track:301, 844, 649, 206, 169
track:302, 838, 649, 217, 178
track:303, 838, 651, 217, 178
track:304, 831, 650, 227, 186
track:305, 824, 648, 239, 196
track:306, 822, 648, 239, 196
track:307, 822, 644, 239, 196
track:308, 822, 644, 239, 196
track:309, 822, 641, 239, 196
track:310, 814, 631, 251, 206
track:311, 815, 615, 251, 206
track:312, 815, 606, 251, 206
track:313, 815, 604, 251, 206
track:314, 822, 604, 239, 196
track:315, 821, 596, 239, 196
track:316, 820, 588, 239, 196
track:317, 828, 582, 227, 186
track:318, 834, 587, 217, 178
track:319, 835, 585, 217, 178
track:320, 840, 576, 217, 178
track:321, 843, 569, 217, 178
track:322, 844, 569, 217, 178
init :323, 858, 571, 203, 176
track:324, 862, 579, 193, 168
track:325, 862, 577, 193, 168
track:326, 860, 571, 193, 168
track:327, 859, 571, 193, 168
track:328, 859, 571, 193, 168
track:329, 857, 576, 193, 168
track:330, 854, 585, 193, 168
track:331, 853, 587, 193, 168
track:332, 851, 590, 193, 168
track:333, 850, 591, 193, 168
track:334, 850, 593, 193, 168
track:335, 850, 594, 193, 168
track:336, 849, 597, 193, 168
track:337, 849, 599, 193, 168
track:338, 850, 599, 193, 168
track:339, 849, 595, 193, 168
track:340, 853, 591, 193, 168
track:341, 856, 595, 184, 160
track:342, 861, 597, 175, 152
track:343, 861, 597, 175, 152
track:344, 860, 597, 175, 152
track:345, 860, 592, 175, 152
track:346, 864, 597, 167, 145
track:347, 868, 602, 159, 138
track:348, 869, 602, 159, 138
track:349, 870, 605, 159, 138
track:350, 869, 611, 159, 138
track:351, 873, 617, 151, 131
track:352, 873, 620, 151, 131
track:353, 873, 621, 151, 131
track:354, 873, 624, 151, 131
track:355, 874, 624, 151, 131
track:356, 873, 624, 151, 131
track:357, 872, 625, 151, 131
track:358, 872, 625, 151, 131
track:359, 873, 626, 151, 131
track:360, 875, 628, 144, 125
track:361, 874, 628, 144, 125
track:362, 874, 628, 144, 125
track:363, 873, 629, 144, 125
track:364, 873, 629, 144, 125
track:365, 871, 629, 144, 125
track:366, 871, 629, 144, 125
track:367, 873, 633, 137, 119
track:368, 872, 634, 137, 119
init :369, 876, 646, 124, 96
track:370, 875, 651, 124, 96
track:371, 875, 657, 124, 96
track:372, 874, 661, 124, 96
track:373, 874, 662, 124, 96
track:374, 874, 662, 124, 96
track:375, 874, 664, 124, 96
track:376, 870, 664, 124, 96
track:377, 868, 665, 124, 96
track:378, 868, 665, 124, 96
track:379, 868, 667, 124, 96
track:380, 867, 667, 124, 96
track:381, 867, 666, 124, 96
track:382, 865, 666, 124, 96
track:383, 865, 666, 124, 96
track:384, 863, 665, 124, 96
track:385, 863, 664, 124, 96
track:386, 863, 663, 124, 96
track:387, 865, 665, 118, 91
track:388, 865, 665, 118, 91
track:389, 864, 664, 118, 91
track:390, 864, 664, 118, 91
track:391, 867, 668, 112, 87
track:392, 868, 672, 112, 87
track:393, 867, 672, 112, 87
track:394, 868, 673, 112, 87
track:395, 869, 678, 112, 87
track:396, 869, 681, 112, 87
track:397, 872, 686, 112, 87
track:398, 872, 687, 112, 87
track:399, 873, 690, 112, 87
track:400, 874, 696, 112, 87
track:401, 875, 701, 112, 87
track:402, 876, 705, 112, 87
track:403, 876, 705, 112, 87
track:404, 877, 707, 112, 87
track:405, 878, 707, 112, 87
track:406, 879, 706, 112, 87
track:407, 880, 707, 112, 87
track:408, 879, 706, 112, 87
track:409, 880, 705, 112, 87
track:410, 880, 703, 112, 87
track:411, 881, 701, 112, 87
track:412, 882, 699, 112, 87
track:413, 882, 698, 112, 87
track:414, 881, 697, 112, 87
init :415, 886, 700, 101, 80
track:416, 886, 701, 101, 80
track:417, 887, 702, 101, 80
track:418, 886, 702, 101, 80
track:419, 887, 703, 101, 80
track:420, 885, 704, 101, 80
track:421, 883, 704, 101, 80
track:422, 884, 702, 101, 80
track:423, 881, 700, 106, 84
track:424, 881, 697, 106, 84
track:425, 880, 696, 106, 84
track:426, 880, 693, 106, 84
track:427, 879, 691, 106, 84
track:428, 878, 691, 106, 84
track:429, 878, 691, 106, 84
track:430, 877, 692, 106, 84
track:431, 877, 692, 106, 84
track:432, 876, 692, 106, 84
track:433, 876, 691, 106, 84
track:434, 876, 691, 106, 84
track:435, 875, 691, 106, 84
track:436, 874, 692, 106, 84
track:437, 873, 694, 106, 84
track:438, 873, 695, 106, 84
track:439, 875, 696, 106, 84
track:440, 875, 696, 106, 84
track:441, 875, 696, 106, 84
track:442, 876, 697, 106, 84
track:443, 876, 697, 106, 84
track:444, 876, 697, 106, 84
track:445, 876, 698, 106, 84
track:446, 876, 699, 106, 84
track:447, 877, 697, 106, 84
track:448, 877, 697, 106, 84
track:449, 877, 696, 106, 84
track:450, 876, 695, 106, 84
track:451, 877, 697, 106, 84
track:452, 878, 699, 106, 84
track:453, 878, 699, 106, 84
track:454, 880, 700, 106, 84
track:455, 880, 700, 106, 84
track:456, 881, 700, 106, 84
track:457, 878, 698, 111, 88
track:458, 878, 697, 111, 88
track:459, 877, 697, 111, 88
track:460, 878, 696, 111, 88
init :461, 872, 687, 124, 101
track:462, 872, 687, 124, 101
track:463, 872, 687, 124, 101
track:464, 872, 684, 124, 101
track:465, 872, 683, 124, 101
track:466, 872, 683, 124, 101
track:467, 872, 683, 124, 101
track:468, 871, 683, 124, 101
track:469, 871, 684, 124, 101
track:470, 873, 684, 124, 101
track:471, 875, 686, 124, 101
track:472, 875, 686, 124, 101
track:473, 873, 685, 130, 106
track:474, 873, 688, 130, 106
track:475, 875, 688, 130, 106
track:476, 877, 687, 130, 106
track:477, 877, 687, 130, 106
track:478, 879, 686, 130, 106
track:479, 878, 681, 137, 111
track:480, 876, 669, 144, 117
track:481, 877, 667, 144, 117
track:482, 878, 666, 144, 117
track:483, 881, 659, 144, 117
track:484, 882, 657, 144, 117
track:485, 880, 655, 151, 123
track:486, 881, 658, 151, 123
track:487, 881, 660, 151, 123
track:488, 880, 664, 151, 123
track:490, 873, 664, 158, 129
track:491, 871, 665, 158, 129
track:492, 870, 665, 158, 129
track:493, 869, 665, 158, 129
track:494, 867, 665, 158, 129
track:495, 864, 657, 158, 129
track:496, 862, 653, 158, 129
track:497, 862, 652, 158, 129
track:498, 861, 649, 158, 129
track:499, 860, 646, 158, 129
track:500, 859, 641, 158, 129
track:501, 859, 637, 158, 129
track:502, 859, 636, 158, 129
track:503, 859, 635, 158, 129
track:504, 855, 631, 166, 135
track:505, 853, 630, 166, 135
track:506, 853, 630, 166, 135
init :507, 853, 630, 156, 137
track:508, 853, 629, 156, 137
track:509, 853, 624, 156, 137
track:510, 853, 622, 156, 137
track:511, 852, 620, 156, 137
track:512, 852, 620, 156, 137
track:513, 851, 620, 156, 137
track:514, 851, 621, 156, 137
track:515, 852, 622, 156, 137
track:516, 856, 623, 149, 130
track:517, 856, 623, 149, 130
track:518, 855, 620, 149, 130
track:519, 855, 620, 149, 130
track:520, 856, 620, 149, 130
track:521, 857, 618, 149, 130
track:522, 857, 618, 149, 130
track:523, 856, 620, 149, 130
track:524, 857, 623, 149, 130
track:525, 861, 627, 141, 124
track:526, 862, 628, 141, 124
track:527, 867, 630, 135, 118
track:528, 866, 630, 135, 118
track:529, 869, 632, 128, 113
track:530, 870, 629, 128, 113
track:531, 871, 629, 128, 113
track:532, 871, 628, 128, 113
track:533, 876, 633, 122, 107
track:534, 876, 633, 122, 107
track:535, 878, 637, 116, 102
track:536, 879, 639, 116, 102
track:537, 879, 639, 116, 102
track:538, 879, 641, 116, 102
track:539, 879, 642, 116, 102
track:540, 879, 641, 116, 102
track:543, 876, 644, 116, 102
track:544, 877, 643, 116, 102
track:546, 874, 649, 116, 102
track:547, 874, 648, 116, 102
track:548, 877, 653, 111, 97
track:549, 876, 656, 111, 97
track:550, 874, 658, 111, 97
track:551, 873, 659, 111, 97
track:552, 876, 661, 106, 93
init :553, 881, 664, 101, 83
track:554, 881, 664, 101, 83
track:555, 881, 664, 101, 83
track:556, 880, 665, 101, 83
track:557, 880, 665, 101, 83
track:558, 880, 670, 101, 83
track:559, 879, 672, 101, 83
track:560, 879, 676, 101, 83
track:561, 882, 680, 96, 79
track:562, 881, 680, 96, 79
track:563, 882, 682, 96, 79
track:564, 881, 685, 96, 79
track:565, 881, 686, 96, 79
track:566, 881, 688, 96, 79
track:567, 881, 688, 96, 79
track:568, 882, 691, 96, 79
track:569, 883, 692, 96, 79
track:570, 881, 695, 96, 79
track:571, 882, 697, 96, 79
track:572, 882, 697, 96, 79
track:573, 883, 700, 96, 79
track:574, 884, 702, 96, 79
track:575, 885, 701, 96, 79
track:576, 884, 699, 96, 79
track:577, 883, 699, 96, 79
track:578, 883, 697, 96, 79
track:579, 884, 694, 96, 79
track:580, 886, 695, 96, 79
track:581, 887, 695, 96, 79
track:582, 887, 695, 96, 79
track:583, 885, 698, 96, 79
track:584, 886, 698, 96, 79
track:585, 886, 699, 96, 79
track:586, 886, 699, 96, 79
track:587, 886, 700, 96, 79
track:588, 886, 700, 96, 79
track:589, 886, 699, 96, 79
track:590, 882, 696, 101, 83
track:591, 881, 698, 101, 83
track:592, 881, 698, 101, 83
track:593, 878, 694, 106, 87
track:594, 878, 693, 106, 87
track:595, 878, 684, 106, 87
track:596, 877, 682, 106, 87
track:597, 877, 682, 106, 87
track:598, 876, 678, 106, 87
init :599, 867, 669, 110, 96
track:600, 867, 667, 110, 96
track:601, 869, 667, 110, 96
track:602, 870, 667, 110, 96
track:603, 869, 666, 110, 96
track:604, 868, 661, 110, 96
track:605, 868, 659, 110, 96
track:606, 868, 658, 110, 96
track:607, 865, 655, 115, 101
track:608, 866, 656, 115, 101
track:609, 867, 656, 115, 101
track:610, 866, 657, 115, 101
track:611, 866, 660, 115, 101
track:612, 866, 661, 115, 101
track:613, 863, 661, 121, 106
track:614, 864, 663, 121, 106
track:615, 864, 666, 121, 106
track:616, 864, 667, 121, 106
track:617, 864, 668, 121, 106
track:618, 864, 667, 121, 106
track:619, 864, 666, 121, 106
track:620, 864, 665, 121, 106
track:621, 865, 664, 121, 106
track:622, 865, 664, 121, 106
track:623, 865, 663, 121, 106
track:624, 861, 660, 127, 111
track:625, 861, 660, 127, 111
track:626, 863, 661, 127, 111
track:627, 863, 661, 127, 111
track:628, 864, 664, 127, 111
track:629, 862, 662, 127, 111
track:630, 862, 660, 127, 111
track:631, 862, 659, 127, 111
track:632, 862, 660, 127, 111
track:633, 864, 662, 127, 111
track:634, 865, 666, 127, 111
track:635, 864, 668, 127, 111
track:636, 867, 668, 127, 111
track:637, 867, 669, 127, 111
track:638, 865, 668, 134, 117
track:639, 866, 668, 134, 117
track:640, 866, 668, 134, 117
track:641, 866, 665, 134, 117
track:642, 866, 665, 134, 117
track:643, 866, 663, 134, 117
track:644, 866, 661, 134, 117
init :645, 858, 654, 152, 119
track:646, 858, 652, 152, 119
track:647, 859, 652, 152, 119
track:648, 859, 652, 152, 119
track:649, 859, 653, 152, 119
track:650, 861, 654, 152, 119
track:651, 862, 654, 152, 119
track:652, 863, 654, 152, 119
track:653, 864, 653, 152, 119
track:654, 865, 654, 152, 119
track:655, 866, 658, 152, 119
track:656, 867, 659, 152, 119
track:657, 868, 660, 152, 119
track:658, 870, 663, 152, 119
track:659, 871, 663, 152, 119
track:660, 871, 661, 152, 119
track:661, 871, 661, 152, 119
track:662, 871, 661, 152, 119
track:663, 872, 661, 152, 119
track:664, 873, 659, 152, 119
track:665, 874, 657, 152, 119
track:666, 874, 655, 152, 119
track:667, 874, 655, 152, 119
track:668, 874, 654, 152, 119
track:669, 875, 653, 152, 119
track:670, 875, 652, 152, 119
track:671, 872, 652, 152, 119
track:672, 872, 652, 152, 119
track:673, 870, 652, 152, 119
track:674, 869, 650, 152, 119
track:675, 869, 650, 152, 119
track:676, 869, 650, 152, 119
track:677, 868, 651, 152, 119
track:678, 870, 655, 145, 113
track:679, 869, 664, 145, 113
track:680, 866, 670, 152, 119
track:681, 866, 671, 152, 119
track:682, 866, 672, 152, 119
track:683, 864, 670, 152, 119
track:684, 858, 667, 160, 125
track:685, 859, 670, 160, 125
track:686, 860, 672, 160, 125
track:687, 860, 673, 160, 125
track:688, 859, 672, 160, 125
track:689, 858, 671, 160, 125
track:690, 857, 668, 160, 125
init :691, 858, 667, 152, 114
track:692, 858, 667, 152, 114
track:693, 858, 665, 152, 114
track:694, 858, 665, 152, 114
track:695, 859, 665, 152, 114
track:696, 858, 663, 152, 114
track:697, 857, 663, 152, 114
track:698, 855, 663, 152, 114
track:699, 853, 664, 152, 114
track:700, 853, 665, 152, 114
track:701, 853, 666, 152, 114
track:702, 854, 666, 152, 114
track:703, 853, 669, 152, 114
track:704, 848, 671, 160, 120
track:705, 848, 677, 160, 120
track:706, 847, 678, 160, 120
track:707, 847, 678, 160, 120
track:708, 847, 679, 160, 120
track:709, 847, 679, 160, 120
track:710, 847, 678, 160, 120
track:711, 847, 677, 160, 120
track:712, 846, 675, 160, 120
track:713, 846, 673, 160, 120
track:714, 846, 672, 160, 120
track:715, 845, 674, 160, 120
track:716, 846, 674, 160, 120
track:717, 846, 675, 160, 120
track:718, 846, 676, 160, 120
track:719, 847, 677, 160, 120
track:720, 847, 678, 160, 120
track:721, 848, 677, 160, 120
track:722, 847, 677, 160, 120
track:723, 848, 677, 160, 120
track:724, 848, 675, 160, 120
track:725, 849, 671, 160, 120
track:726, 849, 669, 160, 120
track:727, 848, 668, 160, 120
track:728, 850, 665, 160, 120
track:729, 849, 660, 160, 120
track:730, 850, 657, 160, 120
track:731, 850, 657, 160, 120
track:732, 847, 654, 168, 126
track:733, 842, 650, 176, 132
track:734, 844, 646, 176, 132
track:735, 844, 642, 176, 132
track:736, 844, 640, 176, 132
init :737, 849, 636, 175, 127
track:738, 852, 639, 167, 121
track:739, 847, 636, 175, 127
track:740, 848, 637, 175, 127
track:741, 850, 638, 175, 127
track:742, 849, 640, 175, 127
track:743, 843, 639, 184, 133
track:744, 843, 638, 184, 133
track:745, 843, 636, 184, 133
track:746, 844, 636, 184, 133
track:747, 848, 637, 175, 127
track:748, 848, 628, 175, 127
track:749, 848, 623, 175, 127
track:750, 846, 622, 175, 127
track:751, 845, 621, 175, 127
track:752, 845, 623, 175, 127
track:753, 847, 624, 175, 127
track:754, 849, 625, 175, 127
track:755, 851, 624, 175, 127
track:756, 851, 625, 175, 127
track:757, 857, 626, 167, 121
track:758, 856, 625, 167, 121
track:759, 855, 626, 167, 121
track:760, 855, 629, 167, 121
track:761, 855, 631, 167, 121
track:762, 859, 632, 167, 121
track:763, 860, 631, 167, 121
track:764, 861, 630, 167, 121
track:765, 863, 634, 159, 115
track:766, 863, 633, 159, 115
track:767, 862, 634, 159, 115
track:768, 862, 636, 159, 115
track:769, 863, 637, 159, 115
track:770, 865, 646, 159, 115
track:771, 865, 646, 159, 115
track:772, 866, 647, 159, 115
track:773, 868, 645, 159, 115
track:774, 868, 644, 159, 115
track:775, 868, 645, 159, 115
track:776, 869, 645, 159, 115
track:777, 870, 644, 159, 115
track:778, 875, 646, 151, 110
track:779, 876, 646, 151, 110
track:780, 879, 648, 144, 104
track:781, 880, 648, 144, 104
track:782, 879, 648, 144, 104
init :783, 881, 651, 133, 98
track:784, 881, 650, 133, 98
track:785, 880, 651, 133, 98
track:786, 880, 651, 133, 98
track:787, 879, 652, 133, 98
track:788, 879, 652, 133, 98
track:789, 877, 653, 133, 98
track:790, 877, 653, 133, 98
track:791, 877, 653, 133, 98
track:792, 877, 652, 133, 98
track:793, 876, 653, 133, 98
track:794, 876, 654, 133, 98
track:795, 879, 660, 127, 93
track:796, 879, 661, 127, 93
track:797, 880, 661, 127, 93
track:798, 880, 660, 127, 93
track:799, 877, 658, 133, 98
track:800, 876, 660, 133, 98
track:801, 877, 660, 133, 98
track:802, 876, 661, 133, 98
track:803, 876, 661, 133, 98
track:804, 876, 662, 133, 98
track:805, 875, 662, 133, 98
track:806, 875, 662, 133, 98
track:807, 873, 662, 133, 98
track:808, 873, 663, 133, 98
track:809, 870, 662, 140, 103
track:810, 871, 664, 140, 103
track:811, 871, 665, 140, 103
track:812, 870, 667, 140, 103
track:813, 868, 666, 140, 103
track:814, 866, 667, 140, 103
track:815, 869, 668, 133, 98
track:816, 869, 668, 133, 98
track:817, 869, 670, 133, 98
track:818, 869, 678, 133, 98
track:819, 864, 677, 140, 103
track:820, 861, 688, 140, 103
track:821, 858, 686, 147, 108
track:822, 858, 687, 147, 108
track:823, 859, 686, 147, 108
track:824, 858, 685, 147, 108
track:825, 857, 686, 147, 108
track:826, 857, 686, 147, 108
track:827, 856, 689, 147, 108
track:828, 854, 694, 147, 108
init :829, 853, 685, 156, 145
track:830, 854, 686, 156, 145
track:831, 855, 686, 156, 145
track:832, 855, 687, 156, 145
track:833, 858, 685, 156, 145
track:834, 859, 677, 156, 145
track:835, 854, 666, 164, 152
track:836, 854, 666, 164, 152
track:837, 854, 660, 164, 152
track:838, 849, 655, 172, 160
track:839, 847, 650, 172, 160
track:840, 844, 646, 172, 160
track:841, 845, 646, 172, 160
track:842, 843, 645, 172, 160
track:843, 840, 639, 172, 160
track:844, 838, 636, 172, 160
track:845, 832, 621, 172, 160
track:846, 831, 621, 172, 160
track:847, 826, 612, 181, 168
track:848, 827, 606, 181, 168
track:849, 827, 604, 181, 168
track:850, 826, 603, 181, 168
track:851, 826, 602, 181, 168
track:852, 830, 598, 181, 168
track:853, 834, 594, 181, 168
track:854, 834, 596, 181, 168
track:855, 835, 599, 181, 168
track:856, 834, 600, 181, 168
track:857, 835, 601, 181, 168
track:858, 836, 599, 181, 168
track:859, 837, 594, 181, 168
track:860, 838, 593, 181, 168
track:861, 838, 592, 181, 168
track:862, 837, 595, 181, 168
track:863, 838, 599, 181, 168
track:864, 839, 604, 181, 168
track:865, 839, 612, 181, 168
track:866, 838, 612, 181, 168
track:867, 839, 616, 181, 168
track:868, 839, 618, 181, 168
track:869, 840, 618, 181, 168
track:870, 839, 624, 181, 168
track:871, 840, 624, 181, 168
track:872, 840, 624, 181, 168
track:873, 841, 623, 181, 168
track:874, 842, 623, 181, 168
init :875, 853, 641, 156, 137
track:876, 853, 641, 156, 137
track:877, 856, 642, 156, 137
track:878, 857, 643, 156, 137
track:879, 858, 642, 156, 137
track:880, 861, 646, 149, 130
track:881, 861, 646, 149, 130
track:882, 861, 646, 149, 130
track:883, 864, 645, 149, 130
track:884, 866, 643, 149, 130
track:885, 867, 643, 149, 130
track:886, 868, 643, 149, 130
track:887, 872, 647, 141, 124
track:888, 873, 648, 141, 124
track:889, 873, 646, 141, 124
track:890, 875, 644, 141, 124
track:891, 876, 645, 141, 124
track:892, 877, 644, 141, 124
track:893, 877, 643, 141, 124
track:894, 877, 642, 141, 124
track:895, 878, 642, 141, 124
track:896, 882, 645, 135, 118
track:897, 882, 645, 135, 118
track:898, 884, 647, 128, 113
track:899, 882, 646, 128, 113
track:900, 884, 650, 122, 107
track:901, 883, 650, 122, 107
track:902, 883, 652, 122, 107
track:903, 882, 652, 122, 107
track:904, 882, 652, 122, 107
track:905, 883, 652, 122, 107
track:906, 883, 652, 122, 107
track:907, 908, 639, 122, 107
track:908, 911, 641, 122, 107
track:909, 912, 650, 122, 107
track:910, 914, 659, 122, 107
track:911, 914, 656, 122, 107
track:912, 915, 659, 122, 107
track:913, 919, 666, 116, 102
track:914, 920, 668, 116, 102
track:915, 921, 671, 116, 102
track:916, 920, 671, 116, 102
track:917, 921, 675, 116, 102
track:918, 923, 676, 116, 102
track:919, 920, 676, 116, 102
track:920, 919, 677, 116, 102
init :921, 807, 584, 290, 249
track:922, 803, 584, 290, 249
track:923, 799, 582, 290, 249
track:924, 795, 581, 290, 249
track:925, 789, 581, 290, 249
track:926, 788, 580, 290, 249
track:927, 786, 582, 290, 249
track:928, 778, 580, 290, 249
track:929, 774, 580, 290, 249
track:930, 770, 579, 290, 249
track:931, 770, 579, 290, 249
track:932, 769, 579, 290, 249
track:933, 769, 577, 290, 249
track:934, 768, 575, 290, 249
track:935, 767, 572, 290, 249
track:936, 767, 572, 290, 249
track:937, 769, 569, 290, 249
track:938, 777, 575, 276, 237
track:939, 775, 572, 276, 237
track:940, 774, 572, 276, 237
track:941, 777, 573, 276, 237
track:942, 772, 570, 276, 237
track:943, 773, 570, 276, 237
track:944, 774, 568, 276, 237
track:945, 774, 568, 276, 237
track:946, 773, 567, 276, 237
track:947, 767, 567, 276, 237
track:948, 762, 569, 276, 237
track:949, 760, 570, 276, 237
track:950, 754, 573, 276, 237
track:951, 756, 573, 276, 237
track:952, 753, 575, 276, 237
track:953, 749, 575, 276, 237
track:954, 749, 576, 276, 237
track:955, 747, 576, 276, 237
track:956, 753, 583, 263, 226
track:957, 749, 584, 263, 226
track:958, 750, 585, 263, 226
track:959, 749, 586, 263, 226
track:960, 747, 588, 263, 226
track:961, 748, 589, 263, 226
track:962, 746, 591, 263, 226
track:963, 738, 592, 263, 226
track:964, 737, 591, 263, 226
track:965, 737, 592, 263, 226
track:966, 732, 591, 263, 226
init :967, 724, 586, 415, 241
track:968, 721, 586, 415, 241
track:969, 719, 586, 415, 241
track:970, 719, 585, 415, 241
track:971, 716, 586, 415, 241
track:972, 710, 584, 415, 241
track:973, 698, 578, 436, 253
track:974, 693, 580, 436, 253
track:975, 692, 579, 436, 253
track:976, 691, 580, 436, 253
track:977, 688, 581, 436, 253
track:978, 687, 581, 436, 253
track:979, 687, 583, 436, 253
track:980, 695, 590, 415, 241
track:981, 696, 589, 415, 241
track:982, 696, 590, 415, 241
track:983, 699, 591, 415, 241
track:984, 696, 593, 415, 241
track:985, 699, 594, 415, 241
track:986, 701, 595, 415, 241
track:987, 692, 587, 436, 253
track:988, 682, 581, 458, 266
track:989, 689, 582, 458, 266
track:990, 688, 580, 458, 266
track:991, 687, 581, 458, 266
track:992, 680, 574, 480, 279
track:993, 690, 579, 458, 266
track:994, 690, 578, 458, 266
track:995, 691, 577, 458, 266
track:996, 694, 575, 458, 266
track:997, 696, 575, 458, 266
track:998, 694, 572, 458, 266
track:999, 702, 571, 458, 266
track:1000, 700, 570, 458, 266
track:1001, 704, 568, 458, 266
track:1002, 712, 565, 458, 266
track:1003, 723, 559, 458, 266
track:1004, 720, 559, 458, 266
track:1005, 729, 562, 436, 253
track:1006, 742, 565, 415, 241
track:1007, 745, 568, 395, 230
track:1008, 749, 565, 395, 230
track:1009, 742, 563, 395, 230
track:1010, 754, 567, 376, 219
track:1011, 751, 567, 376, 219
track:1012, 746, 566, 376, 219
init :1013, 766, 576, 470, 189
track:1014, 776, 581, 448, 180
track:1015, 776, 581, 448, 180
track:1016, 772, 580, 448, 180
track:1017, 767, 580, 448, 180
track:1018, 766, 581, 448, 180
track:1019, 761, 580, 448, 180
track:1020, 760, 579, 448, 180
track:1021, 758, 580, 448, 180
track:1022, 758, 580, 448, 180
track:1023, 755, 581, 448, 180
track:1024, 750, 580, 448, 180
track:1025, 748, 579, 448, 180
track:1026, 747, 578, 448, 180
track:1027, 747, 579, 448, 180
track:1028, 754, 582, 426, 171
track:1029, 752, 583, 426, 171
track:1030, 750, 584, 426, 171
track:1031, 753, 589, 406, 163
track:1032, 746, 591, 406, 163
track:1033, 742, 592, 406, 163
track:1034, 739, 593, 406, 163
track:1035, 737, 595, 406, 163
track:1036, 727, 594, 426, 171
track:1037, 723, 596, 426, 171
track:1038, 721, 600, 426, 171
track:1039, 720, 603, 426, 171
track:1040, 711, 598, 448, 180
track:1041, 719, 605, 426, 171
track:1042, 718, 606, 426, 171
track:1043, 717, 607, 426, 171
track:1044, 729, 613, 406, 163
track:1045, 718, 610, 426, 171
track:1046, 719, 613, 426, 171
track:1047, 732, 618, 406, 163
track:1048, 736, 616, 406, 163
track:1049, 741, 614, 406, 163
track:1050, 732, 611, 426, 171
track:1051, 743, 609, 426, 171
track:1052, 744, 609, 426, 171
track:1053, 751, 606, 426, 171
track:1054, 757, 608, 426, 171
track:1055, 762, 606, 426, 171
track:1056, 766, 607, 426, 171
track:1057, 770, 609, 426, 171
track:1058, 773, 609, 426, 171
init :1059, 798, 615, 438, 135
track:1060, 798, 615, 438, 135
track:1061, 799, 615, 438, 135
track:1062, 796, 615, 438, 135
track:1063, 793, 616, 438, 135
track:1064, 788, 616, 438, 135
track:1065, 789, 617, 438, 135
track:1066, 774, 613, 460, 142
track:1067, 766, 613, 460, 142
track:1068, 758, 613, 460, 142
track:1069, 747, 613, 460, 142
track:1070, 755, 616, 438, 135
track:1071, 739, 612, 460, 142
track:1072, 723, 612, 460, 142
track:1073, 700, 610, 483, 149
track:1074, 695, 612, 460, 142
track:1075, 692, 612, 460, 142
track:1076, 685, 612, 460, 142
track:1077, 679, 612, 460, 142
track:1078, 655, 609, 483, 149
track:1079, 652, 613, 460, 142
track:1080, 649, 614, 460, 142
track:1081, 641, 614, 460, 142
track:1082, 639, 616, 460, 142
track:1083, 643, 619, 438, 135
track:1084, 629, 617, 460, 142
track:1085, 627, 617, 460, 142
track:1086, 641, 620, 438, 135
track:1087, 638, 619, 438, 135
track:1088, 639, 618, 438, 135
track:1089, 635, 617, 438, 135
track:1090, 635, 617, 438, 135
track:1091, 624, 617, 460, 142
track:1092, 628, 618, 460, 142
track:1093, 640, 623, 438, 135
track:1094, 636, 622, 438, 135
track:1095, 639, 622, 438, 135
track:1096, 638, 622, 438, 135
track:1097, 644, 621, 438, 135
track:1098, 657, 624, 417, 129
track:1099, 654, 624, 417, 129
track:1100, 663, 624, 397, 122
track:1101, 661, 626, 397, 122
track:1102, 658, 626, 397, 122
track:1103, 667, 630, 378, 117
track:1104, 668, 630, 378, 117
init :1105, 692, 628, 466, 163
track:1106, 691, 629, 466, 163
track:1107, 691, 628, 466, 163
track:1108, 688, 628, 466, 163
track:1109, 685, 630, 466, 163
track:1110, 685, 630, 466, 163
track:1111, 681, 631, 466, 163
track:1112, 679, 633, 466, 163
track:1113, 671, 634, 466, 163
track:1114, 671, 635, 466, 163
track:1115, 667, 636, 466, 163
track:1116, 675, 638, 444, 155
track:1117, 675, 641, 444, 155
track:1118, 670, 640, 444, 155
track:1119, 669, 639, 444, 155
track:1120, 667, 640, 444, 155
track:1121, 667, 640, 444, 155
track:1122, 672, 640, 444, 155
track:1123, 657, 637, 466, 163
track:1124, 655, 639, 466, 163
track:1125, 658, 642, 466, 163
track:1126, 658, 642, 466, 163
track:1127, 642, 646, 466, 163
track:1128, 650, 645, 466, 163
track:1129, 675, 646, 444, 155
track:1130, 669, 647, 444, 155
track:1131, 675, 642, 444, 155
track:1132, 686, 647, 423, 148
track:1133, 694, 646, 423, 148
track:1134, 767, 650, 423, 148
track:1135, 821, 654, 403, 141
track:1136, 821, 655, 403, 141
track:1137, 833, 672, 383, 134
track:1138, 819, 673, 403, 141
track:1139, 819, 677, 403, 141
track:1140, 830, 678, 403, 141
track:1141, 814, 677, 403, 141
track:1142, 803, 682, 403, 141
track:1143, 790, 683, 423, 148
track:1144, 773, 681, 444, 155
track:1145, 784, 687, 423, 148
track:1146, 790, 689, 403, 141
track:1147, 791, 693, 383, 134
track:1148, 776, 693, 403, 141
track:1149, 775, 692, 403, 141
track:1150, 765, 690, 423, 148
init :1151, 789, 633, 203, 173
track:1152, 790, 634, 203, 173
track:1153, 784, 634, 203, 173
track:1154, 782, 637, 203, 173
track:1155, 782, 637, 203, 173
track:1156, 784, 640, 203, 173
track:1157, 788, 640, 203, 173
track:1158, 788, 641, 203, 173
track:1159, 785, 639, 203, 173
track:1160, 786, 638, 203, 173
track:1161, 788, 639, 203, 173
track:1162, 789, 638, 203, 173
track:1163, 792, 640, 203, 173
track:1164, 797, 640, 203, 173
track:1165, 796, 641, 203, 173
track:1166, 792, 641, 203, 173
track:1167, 784, 643, 203, 173
track:1168, 784, 641, 203, 173
track:1169, 776, 641, 203, 173
track:1170, 777, 640, 203, 173
track:1171, 776, 641, 203, 173
track:1172, 766, 636, 213, 182
track:1173, 763, 636, 213, 182
track:1174, 753, 629, 224, 191
track:1175, 751, 630, 224, 191
track:1176, 766, 630, 213, 182
track:1177, 755, 637, 203, 173
track:1178, 764, 636, 203, 173
track:1179, 754, 634, 203, 173
track:1180, 760, 637, 193, 165
track:1181, 759, 637, 193, 165
track:1182, 762, 635, 193, 165
track:1183, 771, 639, 184, 157
track:1184, 771, 640, 175, 149
track:1185, 767, 640, 175, 149
track:1186, 776, 642, 167, 142
track:1187, 784, 641, 167, 142
track:1188, 784, 641, 167, 142
track:1189, 782, 638, 167, 142
track:1190, 781, 638, 167, 142
track:1191, 792, 635, 167, 142
track:1192, 793, 631, 167, 142
track:1193, 795, 629, 167, 142
track:1194, 795, 630, 159, 136
track:1195, 798, 633, 151, 129
track:1196, 797, 632, 151, 129
init :1197, 793, 630, 373, 111
track:1198, 791, 630, 373, 111
track:1199, 796, 632, 355, 106
track:1200, 788, 630, 373, 111
track:1201, 787, 629, 373, 111
track:1202, 788, 628, 373, 111
track:1203, 799, 631, 355, 106
track:1204, 802, 630, 355, 106
track:1205, 804, 630, 355, 106
track:1206, 808, 629, 355, 106
track:1207, 810, 630, 355, 106
track:1208, 820, 633, 338, 101
track:1209, 821, 633, 338, 101
track:1210, 829, 633, 338, 101
track:1211, 832, 634, 338, 101
track:1212, 829, 632, 355, 106
track:1213, 823, 631, 373, 111
track:1214, 822, 630, 373, 111
track:1215, 836, 635, 355, 106
track:1216, 834, 635, 355, 106
track:1217, 834, 635, 355, 106
track:1218, 838, 637, 355, 106
track:1219, 844, 638, 338, 101
track:1220, 840, 638, 355, 106
track:1221, 833, 638, 355, 106
track:1222, 839, 641, 338, 101
track:1223, 836, 641, 355, 106
track:1224, 843, 643, 338, 101
track:1225, 850, 644, 338, 101
track:1226, 848, 643, 338, 101
track:1227, 846, 643, 338, 101
track:1228, 855, 646, 322, 96
track:1229, 856, 646, 322, 96
track:1230, 858, 646, 322, 96
track:1231, 859, 647, 322, 96
track:1232, 854, 646, 338, 101
track:1233, 850, 647, 338, 101
track:1234, 858, 649, 322, 96
track:1235, 864, 651, 307, 91
track:1236, 851, 651, 322, 96
track:1237, 852, 652, 307, 91
track:1238, 850, 651, 307, 91
track:1239, 859, 652, 292, 87
track:1240, 858, 652, 292, 87
track:1241, 859, 652, 292, 87
track:1242, 856, 652, 292, 87
init :1243, 936, 669, 193, 96
track:1244, 936, 669, 193, 96
track:1245, 940, 671, 184, 91
track:1246, 938, 671, 184, 91
track:1247, 932, 672, 184, 91
track:1248, 936, 675, 175, 87
track:1249, 935, 675, 175, 87
track:1250, 937, 676, 167, 83
track:1251, 932, 675, 167, 83
track:1252, 931, 675, 159, 79
track:1253, 919, 673, 167, 83
track:1254, 921, 672, 167, 83
track:1255, 912, 670, 167, 83
track:1256, 902, 670, 167, 83
track:1257, 896, 669, 167, 83
track:1258, 893, 666, 167, 83
track:1259, 892, 667, 167, 83
track:1260, 888, 664, 167, 83
track:1261, 882, 663, 167, 83
track:1262, 879, 661, 167, 83
track:1263, 869, 660, 167, 83
track:1264, 867, 659, 167, 83
track:1265, 865, 656, 175, 87
track:1266, 869, 657, 175, 87
track:1267, 868, 655, 175, 87
track:1268, 862, 653, 184, 91
track:1269, 863, 652, 184, 91
track:1270, 860, 652, 184, 91
track:1271, 865, 654, 175, 87
track:1272, 865, 653, 175, 87
track:1273, 861, 653, 175, 87
track:1274, 866, 654, 167, 83
track:1275, 868, 657, 159, 79
track:1276, 862, 657, 159, 79
track:1277, 856, 656, 159, 79
track:1278, 852, 655, 159, 79
track:1279, 850, 657, 159, 79
track:1280, 843, 656, 159, 79
track:1281, 838, 660, 151, 75
track:1282, 832, 660, 151, 75
track:1283, 829, 660, 151, 75
track:1284, 829, 659, 151, 75
track:1285, 821, 660, 151, 75
track:1286, 813, 661, 151, 75
track:1287, 813, 659, 151, 75
track:1288, 808, 657, 151, 75
init :1289, 872, 659, 143, 72
track:1290, 871, 659, 143, 72
track:1291, 870, 660, 143, 72
track:1292, 868, 660, 143, 72
track:1293, 867, 660, 143, 72
track:1294, 865, 660, 143, 72
track:1295, 865, 660, 143, 72
track:1296, 864, 659, 143, 72
track:1297, 865, 659, 143, 72
track:1298, 864, 659, 143, 72
track:1299, 864, 659, 143, 72
track:1300, 866, 661, 136, 69
track:1301, 865, 661, 136, 69
track:1302, 865, 661, 136, 69
track:1303, 866, 663, 130, 65
track:1304, 866, 663, 130, 65
track:1305, 867, 662, 130, 65
track:1306, 867, 662, 130, 65
track:1307, 868, 663, 130, 65
track:1308, 867, 664, 130, 65
track:1309, 866, 665, 130, 65
track:1310, 867, 665, 130, 65
track:1311, 869, 665, 130, 65
track:1312, 868, 666, 130, 65
track:1313, 868, 666, 130, 65
track:1314, 868, 665, 130, 65
track:1315, 863, 665, 136, 69
track:1316, 863, 665, 136, 69
track:1317, 861, 666, 136, 69
track:1318, 860, 666, 136, 69
track:1319, 860, 666, 136, 69
track:1320, 858, 667, 136, 69
track:1321, 859, 669, 130, 65
track:1322, 860, 670, 130, 65
track:1323, 861, 669, 130, 65
track:1324, 861, 670, 130, 65
track:1325, 862, 671, 130, 65
track:1326, 866, 672, 124, 62
track:1327, 867, 673, 124, 62
track:1328, 869, 673, 124, 62
track:1329, 870, 674, 124, 62
track:1330, 870, 674, 124, 62
track:1331, 866, 674, 124, 62
track:1332, 864, 674, 124, 62
track:1333, 862, 674, 124, 62
track:1334, 860, 674, 124, 62
init :1335, 858, 675, 170, 54
track:1336, 855, 675, 170, 54
track:1337, 852, 675, 170, 54
track:1338, 849, 675, 170, 54
track:1339, 848, 675, 170, 54
track:1340, 848, 675, 170, 54
track:1341, 848, 675, 170, 54
track:1342, 847, 676, 170, 54
track:1343, 847, 676, 170, 54
track:1344, 845, 676, 170, 54
track:1345, 845, 677, 170, 54
track:1346, 846, 677, 170, 54
track:1347, 847, 677, 170, 54
track:1348, 843, 676, 178, 57
track:1349, 842, 678, 178, 57
track:1350, 841, 678, 178, 57
track:1351, 840, 678, 178, 57
track:1352, 838, 678, 178, 57
track:1353, 839, 678, 178, 57
track:1354, 838, 679, 178, 57
track:1355, 837, 679, 178, 57
track:1356, 842, 680, 170, 54
track:1357, 843, 680, 170, 54
track:1358, 843, 680, 170, 54
track:1359, 844, 680, 170, 54
track:1360, 843, 680, 170, 54
track:1361, 843, 680, 170, 54
track:1362, 838, 680, 178, 57
track:1363, 839, 681, 178, 57
track:1364, 840, 682, 178, 57
track:1365, 844, 684, 170, 54
track:1366, 843, 683, 170, 54
track:1367, 843, 684, 170, 54
track:1368, 839, 683, 178, 57
track:1369, 838, 683, 178, 57
track:1370, 839, 684, 178, 57
track:1371, 832, 683, 187, 60
track:1372, 827, 682, 197, 63
track:1373, 824, 683, 197, 63
track:1374, 820, 682, 207, 66
track:1375, 814, 683, 207, 66
track:1376, 819, 684, 197, 63
track:1377, 823, 685, 197, 63
track:1378, 818, 685, 197, 63
track:1379, 818, 687, 187, 60
track:1380, 808, 686, 197, 63
init :1381, 816, 695, 193, 62
track:1382, 814, 696, 193, 62
track:1383, 812, 696, 193, 62
track:1384, 810, 697, 193, 62
track:1385, 813, 699, 184, 59
track:1386, 809, 698, 193, 62
track:1387, 810, 699, 193, 62
track:1388, 813, 700, 193, 62
track:1389, 815, 701, 193, 62
track:1390, 817, 702, 193, 62
track:1391, 825, 704, 184, 59
track:1392, 829, 705, 184, 59
track:1393, 833, 707, 184, 59
track:1394, 834, 707, 184, 59
track:1395, 837, 707, 184, 59
track:1396, 838, 708, 184, 59
track:1397, 834, 709, 193, 62
track:1398, 829, 709, 203, 65
track:1399, 833, 710, 193, 62
track:1400, 829, 711, 193, 62
track:1401, 821, 710, 203, 65
track:1402, 816, 711, 203, 65
track:1403, 810, 712, 203, 65
track:1404, 810, 712, 203, 65
track:1405, 806, 714, 203, 65
track:1406, 804, 714, 203, 65
track:1407, 799, 715, 203, 65
track:1408, 795, 715, 203, 65
track:1409, 795, 714, 203, 65
track:1410, 796, 714, 203, 65
track:1411, 795, 715, 203, 65
track:1412, 794, 715, 203, 65
track:1413, 798, 717, 203, 65
track:1414, 797, 717, 203, 65
track:1415, 797, 717, 203, 65
track:1416, 796, 718, 203, 65
track:1417, 796, 718, 203, 65
track:1418, 794, 719, 203, 65
track:1419, 794, 719, 203, 65
track:1420, 793, 720, 203, 65
track:1421, 786, 719, 213, 68
track:1422, 785, 720, 213, 68
track:1423, 785, 720, 213, 68
track:1424, 785, 720, 213, 68
track:1425, 786, 721, 213, 68
track:1426, 784, 721, 213, 68
init :1427, 793, 719, 244, 90
track:1428, 792, 719, 244, 90
track:1429, 791, 719, 244, 90
track:1430, 797, 721, 232, 86
track:1431, 794, 722, 232, 86
track:1432, 794, 724, 232, 86
track:1433, 793, 724, 232, 86
track:1434, 792, 724, 232, 86
track:1435, 790, 725, 232, 86
track:1436, 782, 724, 244, 90
track:1437, 782, 725, 244, 90
track:1438, 782, 726, 244, 90
track:1439, 782, 727, 244, 90
track:1440, 781, 729, 244, 90
track:1441, 770, 728, 256, 94
track:1442, 767, 728, 256, 94
track:1443, 765, 728, 256, 94
track:1444, 754, 726, 269, 99
track:1445, 753, 725, 269, 99
track:1446, 746, 726, 269, 99
track:1447, 750, 727, 256, 94
track:1448, 750, 727, 256, 94
track:1449, 749, 727, 256, 94
track:1450, 751, 726, 256, 94
track:1451, 749, 726, 256, 94
track:1452, 754, 725, 256, 94
track:1453, 766, 723, 256, 94
track:1454, 765, 723, 256, 94
track:1455, 765, 720, 269, 99
track:1456, 777, 724, 256, 94
track:1457, 787, 723, 256, 94
track:1458, 794, 719, 256, 94
track:1459, 789, 718, 269, 99
track:1460, 801, 720, 269, 99
track:1461, 809, 720, 256, 94
track:1462, 811, 717, 269, 99
track:1463, 810, 714, 269, 99
track:1464, 815, 707, 269, 99
track:1465, 835, 701, 269, 99
track:1466, 835, 698, 269, 99
track:1467, 840, 708, 269, 99
track:1468, 830, 699, 282, 104
track:1469, 833, 712, 269, 99
track:1470, 829, 717, 269, 99
track:1471, 838, 718, 256, 94
track:1472, 829, 708, 269, 99
init :1473, 853, 690, 156, 158
track:1474, 850, 688, 156, 158
track:1475, 846, 686, 156, 158
track:1476, 845, 684, 156, 158
track:1477, 845, 683, 156, 158
track:1478, 845, 683, 156, 158
track:1479, 845, 680, 156, 158
track:1480, 845, 678, 156, 158
track:1481, 847, 675, 156, 158
track:1482, 854, 671, 156, 158
track:1483, 854, 670, 156, 158
track:1484, 859, 670, 156, 158
track:1485, 866, 668, 156, 158
track:1486, 871, 667, 156, 158
track:1487, 874, 663, 156, 158
track:1488, 871, 659, 164, 166
track:1489, 878, 662, 156, 158
track:1490, 885, 664, 149, 150
track:1491, 888, 661, 149, 150
track:1492, 889, 658, 149, 150
track:1493, 888, 658, 149, 150
track:1494, 888, 656, 149, 150
track:1495, 887, 656, 141, 143
track:1496, 887, 652, 141, 143
track:1497, 890, 651, 141, 143
track:1498, 885, 648, 141, 143
track:1499, 880, 646, 141, 143
track:1500, 881, 640, 141, 143
track:1501, 885, 636, 141, 143
track:1502, 882, 634, 141, 143
track:1503, 879, 632, 141, 143
track:1504, 878, 633, 135, 136
track:1505, 873, 627, 141, 143
track:1506, 868, 623, 141, 143
track:1507, 872, 620, 141, 143
track:1508, 876, 624, 135, 136
track:1509, 875, 622, 135, 136
track:1510, 882, 622, 128, 130
track:1511, 884, 619, 128, 130
track:1512, 875, 618, 128, 130
track:1513, 872, 617, 128, 130
track:1514, 859, 615, 128, 130
track:1515, 850, 619, 122, 124
track:1516, 828, 621, 122, 124
track:1517, 837, 619, 122, 124
track:1518, 836, 619, 128, 130
init :1519, 724, 623, 286, 109
track:1520, 701, 623, 286, 109
track:1521, 679, 624, 286, 109
track:1522, 675, 627, 272, 104
track:1523, 674, 627, 272, 104
track:1524, 666, 628, 272, 104
track:1525, 664, 628, 272, 104
track:1526, 667, 629, 272, 104
track:1527, 664, 625, 286, 109
track:1528, 672, 628, 272, 104
track:1529, 703, 630, 259, 99
track:1530, 722, 628, 259, 99
track:1531, 749, 628, 259, 99
track:1532, 775, 627, 259, 99
track:1533, 782, 629, 247, 94
track:1534, 805, 629, 247, 94
track:1535, 831, 628, 247, 94
track:1536, 852, 627, 247, 94
track:1537, 872, 628, 247, 94
track:1538, 869, 628, 247, 94
track:1539, 890, 629, 247, 94
track:1540, 891, 629, 247, 94
track:1541, 896, 631, 247, 94
track:1542, 895, 630, 247, 94
track:1543, 902, 633, 235, 90
track:1544, 900, 636, 235, 90
track:1545, 897, 636, 235, 90
track:1546, 898, 637, 235, 90
track:1547, 887, 642, 224, 85
track:1548, 890, 643, 224, 85
track:1549, 883, 645, 224, 85
track:1550, 867, 644, 235, 90
track:1551, 868, 647, 224, 85
track:1552, 866, 648, 224, 85
track:1553, 862, 650, 224, 85
track:1554, 865, 652, 213, 81
track:1555, 862, 653, 213, 81
track:1556, 865, 654, 213, 81
track:1557, 875, 654, 203, 77
track:1558, 873, 654, 203, 77
track:1559, 876, 655, 203, 77
track:1560, 882, 655, 203, 77
track:1561, 891, 657, 194, 74
track:1562, 894, 658, 194, 74
track:1563, 893, 659, 194, 74
track:1564, 894, 658, 194, 74
init :1565, 909, 669, 184, 72
track:1566, 910, 669, 184, 72
track:1567, 909, 668, 184, 72
track:1568, 908, 669, 184, 72
track:1569, 907, 669, 184, 72
track:1570, 903, 670, 184, 72
track:1571, 906, 672, 175, 69
track:1572, 909, 674, 167, 65
track:1573, 910, 674, 167, 65
track:1574, 904, 674, 167, 65
track:1575, 904, 676, 159, 62
track:1576, 902, 676, 159, 62
track:1577, 899, 676, 159, 62
track:1578, 899, 677, 159, 62
track:1579, 895, 677, 159, 62
track:1580, 891, 677, 159, 62
track:1581, 890, 677, 159, 62
track:1582, 884, 676, 159, 62
track:1583, 889, 679, 151, 59
track:1584, 889, 679, 151, 59
track:1585, 883, 679, 151, 59
track:1586, 888, 681, 144, 56
track:1587, 889, 682, 144, 56
track:1588, 889, 682, 144, 56
track:1589, 892, 683, 137, 54
track:1590, 894, 683, 137, 54
track:1591, 892, 682, 137, 54
track:1592, 893, 683, 137, 54
track:1593, 894, 682, 137, 54
track:1594, 889, 684, 137, 54
track:1595, 893, 685, 137, 54
track:1596, 891, 686, 137, 54
track:1599, 885, 687, 137, 54
track:1600, 879, 687, 137, 54
track:1601, 880, 688, 137, 54
track:1602, 885, 688, 137, 54
track:1603, 877, 686, 137, 54
track:1604, 874, 687, 137, 54
track:1605, 870, 685, 144, 56
track:1606, 870, 686, 144, 56
track:1607, 911, 684, 151, 59
track:1608, 911, 685, 144, 56
elapseTime: 16.66
