init :7, 821, 630, 235, 197
track:8, 821, 630, 235, 197
track:9, 822, 630, 235, 197
track:10, 821, 631, 235, 197
track:11, 823, 630, 235, 197
track:12, 823, 630, 235, 197
track:13, 824, 630, 235, 197
track:14, 824, 630, 235, 197
track:15, 824, 630, 235, 197
track:16, 825, 630, 235, 197
track:17, 826, 630, 235, 197
track:18, 825, 630, 235, 197
track:19, 825, 629, 235, 197
track:20, 821, 626, 247, 207
track:21, 820, 626, 247, 207
track:22, 827, 631, 235, 197
track:23, 828, 631, 235, 197
track:24, 827, 631, 235, 197
track:25, 828, 630, 235, 197
track:26, 829, 631, 235, 197
track:27, 829, 631, 235, 197
track:28, 829, 631, 235, 197
track:29, 829, 630, 235, 197
track:30, 829, 630, 235, 197
track:31, 830, 629, 235, 197
track:32, 831, 631, 235, 197
track:33, 829, 630, 235, 197
track:34, 830, 631, 235, 197
track:35, 830, 630, 235, 197
track:36, 830, 631, 235, 197
track:37, 829, 630, 235, 197
track:38, 831, 630, 235, 197
track:39, 830, 630, 235, 197
track:40, 830, 630, 235, 197
track:41, 831, 629, 235, 197
track:42, 830, 631, 235, 197
track:43, 831, 630, 235, 197
track:44, 830, 631, 235, 197
track:45, 832, 630, 235, 197
track:46, 830, 631, 235, 197
track:48, 832, 630, 235, 197
track:49, 830, 630, 235, 197
track:50, 831, 629, 235, 197
track:51, 832, 629, 235, 197
track:52, 831, 628, 235, 197
track:53, 832, 629, 235, 197
track:54, 831, 629, 235, 197
track:55, 832, 629, 235, 197
track:56, 831, 629, 235, 197
track:57, 831, 628, 235, 197
track:58, 831, 629, 235, 197
track:59, 830, 628, 235, 197
track:60, 832, 628, 235, 197
track:61, 831, 630, 235, 197
track:62, 830, 629, 235, 197
track:63, 829, 629, 235, 197
track:64, 830, 629, 235, 197
track:65, 829, 629, 235, 197
track:66, 828, 629, 235, 197
track:67, 829, 628, 235, 197
track:68, 829, 629, 235, 197
track:69, 828, 629, 235, 197
track:70, 829, 628, 235, 197
track:71, 829, 629, 235, 197
track:72, 828, 629, 235, 197
track:73, 828, 629, 235, 197
track:74, 828, 628, 235, 197
track:75, 828, 629, 235, 197
track:76, 828, 629, 235, 197
track:77, 827, 629, 235, 197
track:78, 828, 628, 235, 197
track:79, 828, 629, 235, 197
track:80, 828, 629, 235, 197
track:81, 828, 628, 235, 197
track:82, 827, 629, 235, 197
track:83, 828, 630, 235, 197
track:84, 827, 629, 235, 197
track:85, 828, 629, 235, 197
track:86, 827, 630, 235, 197
track:87, 827, 629, 235, 197
track:88, 828, 629, 235, 197
track:89, 827, 630, 235, 197
track:90, 827, 630, 235, 197
track:91, 829, 629, 235, 197
track:92, 828, 630, 235, 197
track:93, 827, 629, 235, 197
track:94, 829, 629, 235, 197
track:95, 828, 630, 235, 197
track:96, 829, 629, 235, 197
track:97, 830, 629, 235, 197
track:98, 831, 628, 235, 197
track:99, 831, 628, 235, 197
track:100, 831, 628, 235, 197
init :101, 830, 628, 235, 197
track:102, 831, 628, 235, 197
track:103, 833, 628, 235, 197
track:104, 834, 627, 235, 197
track:105, 834, 626, 235, 197
track:106, 835, 626, 235, 197
track:107, 835, 625, 235, 197
track:108, 836, 623, 235, 197
track:109, 835, 621, 235, 197
track:110, 835, 620, 235, 197
track:111, 836, 620, 235, 197
track:112, 836, 617, 235, 197
track:113, 842, 620, 224, 188
track:114, 844, 620, 224, 188
track:115, 844, 618, 224, 188
track:116, 844, 616, 224, 188
track:117, 845, 614, 224, 188
track:120, 846, 612, 224, 188
track:121, 854, 614, 213, 179
track:122, 855, 612, 213, 179
track:123, 856, 611, 213, 179
track:124, 855, 610, 213, 179
track:125, 853, 608, 213, 179
track:126, 849, 604, 213, 179
track:127, 849, 602, 213, 179
track:128, 853, 607, 203, 170
track:129, 853, 607, 203, 170
track:130, 853, 608, 203, 170
track:131, 852, 609, 203, 170
track:132, 855, 612, 203, 170
track:133, 856, 614, 203, 170
track:134, 856, 615, 203, 170
track:135, 857, 616, 203, 170
track:136, 857, 618, 203, 170
track:137, 859, 618, 203, 170
track:138, 860, 619, 203, 170
track:139, 860, 620, 203, 170
track:140, 859, 619, 203, 170
track:141, 860, 618, 203, 170
track:142, 857, 618, 203, 170
track:143, 852, 615, 213, 179
track:144, 850, 616, 213, 179
track:145, 848, 620, 213, 179
track:146, 848, 621, 213, 179
track:147, 848, 620, 213, 179
track:148, 848, 623, 213, 179
track:149, 850, 623, 213, 179
track:150, 850, 626, 213, 179
track:151, 854, 634, 203, 170
track:152, 855, 635, 203, 170
track:153, 855, 637, 203, 170
track:154, 854, 638, 203, 170
track:155, 855, 640, 203, 170
track:156, 854, 640, 203, 170
track:157, 857, 641, 203, 170
track:158, 857, 642, 203, 170
track:159, 857, 643, 203, 170
track:160, 858, 643, 203, 170
track:161, 855, 643, 203, 170
track:162, 852, 643, 203, 170
track:163, 851, 643, 203, 170
track:164, 851, 642, 203, 170
track:165, 851, 644, 203, 170
track:166, 852, 645, 203, 170
track:167, 851, 645, 203, 170
track:168, 856, 649, 193, 162
track:169, 855, 648, 193, 162
track:170, 857, 647, 193, 162
track:171, 854, 642, 203, 170
track:172, 855, 641, 203, 170
track:173, 854, 640, 203, 170
track:174, 854, 640, 203, 170
track:175, 852, 642, 203, 170
track:176, 849, 642, 203, 170
track:177, 849, 641, 203, 170
track:178, 850, 642, 203, 170
track:179, 851, 642, 203, 170
track:180, 852, 644, 203, 170
track:181, 853, 644, 203, 170
track:182, 853, 647, 203, 170
track:183, 858, 650, 203, 170
track:184, 857, 651, 203, 170
track:185, 858, 652, 203, 170
track:186, 857, 650, 203, 170
track:187, 854, 647, 203, 170
track:188, 850, 643, 203, 170
track:189, 848, 641, 203, 170
track:190, 845, 640, 203, 170
track:191, 844, 638, 203, 170
track:192, 844, 634, 203, 170
track:193, 842, 632, 203, 170
track:194, 844, 631, 203, 170
track:195, 845, 630, 203, 170
track:196, 847, 629, 203, 170
track:197, 845, 627, 203, 170
track:198, 843, 627, 203, 170
track:199, 844, 627, 203, 170
track:200, 842, 629, 203, 170
init :201, 853, 638, 156, 145
track:202, 853, 636, 156, 145
track:203, 852, 634, 156, 145
track:204, 853, 633, 156, 145
track:205, 854, 632, 156, 145
track:206, 855, 631, 156, 145
track:207, 852, 630, 156, 145
track:208, 852, 629, 156, 145
track:209, 851, 628, 156, 145
track:210, 848, 625, 156, 145
track:211, 850, 623, 149, 138
track:212, 851, 621, 149, 138
track:213, 850, 620, 149, 138
track:214, 850, 619, 149, 138
track:215, 850, 619, 149, 138
track:216, 850, 619, 149, 138
track:217, 853, 622, 141, 132
track:218, 853, 622, 141, 132
track:219, 853, 624, 141, 132
track:220, 853, 627, 141, 132
track:221, 853, 628, 141, 132
track:222, 856, 633, 135, 125
track:223, 855, 634, 135, 125
track:224, 856, 636, 135, 125
track:225, 855, 637, 135, 125
track:226, 856, 638, 135, 125
track:227, 855, 639, 135, 125
track:228, 856, 639, 135, 125
track:229, 858, 643, 128, 119
track:230, 858, 642, 128, 119
track:231, 858, 641, 128, 119
track:232, 858, 639, 128, 119
track:233, 857, 638, 128, 119
track:234, 857, 637, 128, 119
track:235, 859, 639, 122, 114
track:236, 857, 635, 128, 119
track:237, 862, 639, 122, 114
track:238, 862, 639, 122, 114
track:239, 863, 640, 122, 114
track:240, 864, 642, 122, 114
track:241, 865, 643, 122, 114
track:242, 865, 643, 122, 114
track:243, 865, 643, 122, 114
track:244, 865, 644, 122, 114
track:245, 867, 647, 116, 108
track:246, 867, 647, 116, 108
track:247, 868, 647, 116, 108
track:248, 867, 647, 116, 108
track:249, 870, 650, 111, 103
track:250, 871, 653, 111, 103
track:251, 870, 654, 111, 103
track:252, 872, 656, 111, 103
track:253, 872, 656, 111, 103
track:254, 872, 659, 111, 103
track:255, 873, 661, 111, 103
track:256, 873, 664, 111, 103
track:257, 874, 667, 111, 103
track:258, 874, 667, 111, 103
track:259, 875, 668, 111, 103
track:260, 874, 670, 111, 103
track:261, 875, 671, 111, 103
track:262, 871, 669, 116, 108
track:263, 871, 669, 116, 108
track:264, 871, 672, 116, 108
track:265, 871, 674, 116, 108
track:266, 871, 674, 116, 108
track:267, 871, 677, 116, 108
track:268, 871, 677, 116, 108
track:269, 871, 677, 116, 108
track:270, 872, 680, 116, 108
track:271, 873, 684, 116, 108
track:272, 873, 687, 116, 108
track:273, 873, 687, 116, 108
track:274, 873, 689, 116, 108
track:275, 874, 690, 116, 108
track:276, 875, 693, 116, 108
track:277, 876, 696, 116, 108
track:278, 875, 697, 116, 108
track:279, 876, 697, 116, 108
track:280, 875, 692, 122, 114
track:281, 873, 690, 128, 119
track:282, 875, 691, 128, 119
track:283, 875, 692, 128, 119
track:284, 876, 694, 128, 119
track:285, 876, 692, 135, 125
track:286, 878, 692, 135, 125
track:287, 879, 688, 135, 125
track:288, 879, 688, 135, 125
track:289, 876, 681, 141, 132
track:290, 873, 673, 149, 138
track:291, 874, 666, 149, 138
track:292, 871, 658, 156, 145
track:293, 872, 657, 156, 145
track:294, 873, 656, 156, 145
track:295, 872, 650, 164, 152
track:296, 868, 646, 172, 160
track:297, 867, 646, 172, 160
track:298, 863, 643, 181, 168
track:299, 862, 644, 181, 168
track:300, 856, 640, 190, 176
init :301, 835, 638, 244, 205
track:302, 834, 641, 244, 205
track:303, 834, 642, 244, 205
track:304, 833, 647, 244, 205
track:305, 832, 647, 244, 205
track:306, 824, 642, 256, 215
track:307, 818, 635, 269, 226
track:308, 816, 636, 269, 226
track:309, 816, 633, 269, 226
track:310, 815, 628, 269, 226
track:311, 813, 611, 269, 226
track:312, 820, 607, 256, 215
track:313, 813, 602, 269, 226
track:314, 814, 595, 269, 226
track:315, 814, 586, 269, 226
track:316, 814, 579, 269, 226
track:317, 816, 568, 269, 226
track:318, 822, 572, 256, 215
track:319, 825, 573, 256, 215
track:320, 836, 566, 244, 205
track:321, 839, 562, 244, 205
track:322, 843, 565, 232, 195
track:323, 844, 563, 232, 195
track:324, 843, 566, 232, 195
track:325, 846, 569, 221, 186
track:326, 845, 562, 221, 186
track:327, 844, 562, 221, 186
track:328, 844, 562, 221, 186
track:329, 843, 569, 221, 186
track:330, 840, 577, 221, 186
track:331, 846, 584, 211, 177
track:332, 843, 586, 211, 177
track:333, 841, 588, 211, 177
track:334, 841, 589, 211, 177
track:335, 845, 594, 201, 169
track:336, 840, 592, 211, 177
track:337, 840, 592, 211, 177
track:338, 845, 598, 201, 169
track:339, 846, 594, 201, 169
track:340, 847, 592, 201, 169
track:341, 846, 592, 201, 169
track:342, 846, 591, 201, 169
track:343, 847, 592, 201, 169
track:344, 847, 588, 201, 169
track:345, 847, 585, 201, 169
track:346, 847, 586, 201, 169
track:347, 847, 588, 201, 169
track:348, 847, 589, 201, 169
track:349, 850, 595, 191, 161
track:350, 857, 603, 182, 153
track:351, 862, 609, 173, 146
track:352, 863, 612, 173, 146
track:353, 863, 612, 173, 146
track:354, 862, 616, 173, 146
track:355, 866, 620, 165, 139
track:356, 866, 619, 165, 139
track:357, 865, 621, 165, 139
track:358, 864, 620, 165, 139
track:359, 864, 620, 165, 139
track:360, 862, 621, 165, 139
track:361, 865, 624, 157, 132
track:362, 864, 624, 157, 132
track:363, 864, 623, 157, 132
track:364, 864, 625, 157, 132
track:365, 864, 626, 157, 132
track:366, 863, 626, 157, 132
track:367, 863, 627, 157, 132
track:368, 861, 626, 157, 132
track:369, 865, 630, 150, 126
track:370, 864, 636, 150, 126
track:371, 864, 640, 150, 126
track:372, 863, 644, 150, 126
track:373, 863, 645, 150, 126
track:374, 863, 646, 150, 126
track:375, 861, 647, 150, 126
track:376, 859, 647, 150, 126
track:377, 857, 649, 150, 126
track:378, 856, 649, 150, 126
track:379, 856, 649, 150, 126
track:380, 855, 648, 150, 126
track:381, 856, 648, 150, 126
track:382, 854, 648, 150, 126
track:383, 857, 652, 143, 120
track:384, 855, 651, 143, 120
track:385, 855, 649, 143, 120
track:386, 856, 649, 143, 120
track:387, 856, 649, 143, 120
track:388, 855, 649, 143, 120
track:389, 858, 651, 136, 114
track:390, 861, 654, 129, 109
track:391, 861, 656, 129, 109
track:392, 860, 659, 129, 109
track:393, 861, 660, 129, 109
track:394, 861, 661, 129, 109
track:395, 861, 665, 129, 109
track:396, 862, 670, 129, 109
track:397, 864, 674, 129, 109
track:398, 864, 675, 129, 109
track:399, 867, 679, 129, 109
track:400, 866, 683, 129, 109
init :401, 876, 703, 101, 85
track:402, 877, 707, 101, 85
track:403, 877, 707, 101, 85
track:404, 878, 709, 101, 85
track:405, 879, 710, 101, 85
track:406, 879, 709, 101, 85
track:407, 880, 709, 101, 85
track:408, 880, 710, 101, 85
track:409, 879, 706, 106, 89
track:410, 879, 705, 106, 89
track:411, 880, 702, 106, 89
track:412, 881, 700, 106, 89
track:413, 881, 700, 106, 89
track:414, 880, 699, 106, 89
track:415, 880, 700, 106, 89
track:416, 880, 701, 106, 89
track:417, 881, 702, 106, 89
track:418, 881, 702, 106, 89
track:419, 881, 702, 106, 89
track:420, 879, 703, 106, 89
track:421, 878, 703, 106, 89
track:422, 878, 701, 106, 89
track:423, 878, 701, 106, 89
track:424, 877, 698, 106, 89
track:425, 877, 696, 106, 89
track:426, 876, 694, 106, 89
track:427, 874, 693, 106, 89
track:428, 875, 693, 106, 89
track:429, 875, 693, 106, 89
track:430, 873, 693, 106, 89
track:431, 873, 694, 106, 89
track:432, 872, 693, 106, 89
track:433, 873, 693, 106, 89
track:434, 872, 693, 106, 89
track:435, 871, 693, 106, 89
track:436, 870, 694, 106, 89
track:437, 869, 695, 106, 89
track:438, 870, 696, 106, 89
track:439, 871, 697, 106, 89
track:440, 871, 698, 106, 89
track:441, 871, 698, 106, 89
track:442, 872, 698, 106, 89
track:443, 872, 699, 106, 89
track:444, 872, 699, 106, 89
track:445, 869, 697, 111, 94
track:446, 870, 698, 111, 94
track:447, 870, 697, 111, 94
track:448, 870, 697, 111, 94
track:449, 871, 696, 111, 94
track:450, 868, 694, 117, 98
track:451, 868, 695, 117, 98
track:452, 870, 696, 117, 98
track:453, 869, 697, 117, 98
track:454, 871, 697, 117, 98
track:455, 872, 698, 117, 98
track:456, 872, 698, 117, 98
track:457, 871, 698, 117, 98
track:458, 871, 698, 117, 98
track:459, 871, 697, 117, 98
track:460, 871, 696, 117, 98
track:461, 868, 693, 123, 103
track:462, 868, 693, 123, 103
track:463, 869, 693, 123, 103
track:464, 868, 691, 123, 103
track:465, 868, 688, 123, 103
track:466, 867, 688, 123, 103
track:467, 865, 686, 129, 108
track:468, 865, 687, 129, 108
track:469, 865, 687, 129, 108
track:470, 867, 689, 129, 108
track:471, 867, 690, 129, 108
track:472, 865, 688, 135, 114
track:473, 865, 690, 135, 114
track:474, 865, 693, 135, 114
track:475, 867, 693, 135, 114
track:476, 869, 692, 135, 114
track:477, 869, 692, 135, 114
track:478, 871, 691, 135, 114
track:479, 869, 687, 142, 120
track:480, 872, 678, 142, 120
track:481, 869, 673, 149, 126
track:482, 869, 672, 149, 126
track:483, 872, 663, 149, 126
track:484, 873, 662, 149, 126
track:485, 875, 663, 149, 126
track:486, 875, 668, 149, 126
track:487, 875, 668, 149, 126
track:488, 874, 672, 149, 126
track:490, 868, 672, 157, 132
track:491, 865, 674, 157, 132
track:492, 864, 675, 157, 132
track:493, 862, 675, 157, 132
track:494, 858, 672, 165, 138
track:495, 854, 665, 165, 138
track:496, 853, 660, 165, 138
track:497, 852, 659, 165, 138
track:498, 851, 657, 165, 138
track:499, 850, 653, 165, 138
track:500, 849, 648, 165, 138
init :501, 853, 636, 170, 145
track:502, 853, 636, 170, 145
track:503, 853, 636, 170, 145
track:504, 853, 634, 170, 145
track:505, 853, 634, 170, 145
track:506, 852, 634, 170, 145
track:507, 852, 635, 170, 145
track:508, 846, 628, 178, 152
track:509, 845, 625, 178, 152
track:510, 845, 621, 178, 152
track:511, 850, 624, 170, 145
track:512, 850, 623, 170, 145
track:513, 849, 621, 170, 145
track:514, 849, 623, 170, 145
track:515, 853, 627, 162, 138
track:516, 853, 626, 162, 138
track:517, 852, 626, 162, 138
track:518, 853, 624, 162, 138
track:519, 853, 624, 162, 138
track:520, 854, 623, 162, 138
track:521, 854, 621, 162, 138
track:522, 853, 620, 162, 138
track:523, 854, 621, 162, 138
track:524, 854, 623, 162, 138
track:525, 856, 625, 162, 138
track:526, 857, 626, 162, 138
track:527, 856, 626, 162, 138
track:528, 856, 625, 162, 138
track:529, 856, 623, 162, 138
track:530, 857, 623, 162, 138
track:531, 856, 622, 162, 138
track:532, 863, 626, 154, 132
track:533, 867, 629, 147, 125
track:534, 867, 628, 147, 125
track:535, 865, 629, 147, 125
track:536, 869, 634, 140, 119
track:537, 869, 635, 140, 119
track:538, 869, 636, 140, 119
track:539, 869, 638, 140, 119
track:540, 873, 639, 133, 114
track:543, 871, 641, 133, 114
track:544, 871, 641, 133, 114
track:546, 869, 646, 133, 114
track:547, 869, 646, 133, 114
track:548, 870, 652, 127, 108
track:549, 869, 654, 127, 108
track:550, 869, 657, 127, 108
track:551, 867, 657, 127, 108
track:552, 868, 657, 127, 108
track:553, 867, 657, 127, 108
track:554, 867, 657, 127, 108
track:555, 866, 657, 127, 108
track:556, 865, 658, 127, 108
track:557, 865, 657, 127, 108
track:558, 864, 661, 127, 108
track:559, 864, 665, 127, 108
track:560, 867, 670, 121, 103
track:561, 866, 674, 121, 103
track:562, 867, 674, 121, 103
track:563, 870, 678, 115, 98
track:564, 870, 680, 115, 98
track:565, 869, 681, 115, 98
track:566, 869, 683, 115, 98
track:567, 870, 683, 115, 98
track:568, 870, 686, 115, 98
track:569, 872, 687, 115, 98
track:570, 870, 689, 115, 98
track:571, 870, 693, 115, 98
track:572, 874, 696, 110, 93
track:573, 875, 697, 110, 93
track:574, 877, 699, 110, 93
track:575, 877, 699, 110, 93
track:576, 875, 697, 110, 93
track:577, 876, 697, 110, 93
track:578, 875, 695, 110, 93
track:579, 876, 693, 110, 93
track:580, 877, 693, 110, 93
track:581, 878, 693, 110, 93
track:582, 878, 693, 110, 93
track:583, 878, 695, 110, 93
track:584, 878, 696, 110, 93
track:585, 878, 697, 110, 93
track:586, 878, 698, 110, 93
track:587, 878, 697, 110, 93
track:588, 878, 698, 110, 93
track:589, 878, 697, 110, 93
track:590, 877, 697, 110, 93
track:591, 876, 698, 110, 93
track:592, 876, 698, 110, 93
track:593, 876, 697, 110, 93
track:594, 875, 695, 110, 93
track:595, 875, 687, 110, 93
track:596, 872, 683, 115, 98
track:597, 871, 682, 115, 98
track:598, 870, 677, 115, 98
track:599, 869, 671, 115, 98
track:600, 870, 668, 115, 98
init :601, 867, 664, 115, 103
track:602, 867, 664, 115, 103
track:603, 867, 663, 115, 103
track:604, 865, 660, 115, 103
track:605, 865, 657, 115, 103
track:606, 866, 656, 115, 103
track:607, 865, 656, 115, 103
track:608, 866, 656, 115, 103
track:609, 867, 655, 115, 103
track:610, 867, 656, 115, 103
track:611, 867, 660, 115, 103
track:612, 864, 659, 121, 108
track:613, 863, 661, 121, 108
track:614, 864, 663, 121, 108
track:615, 865, 666, 121, 108
track:616, 864, 669, 121, 108
track:617, 861, 667, 127, 114
track:618, 861, 667, 127, 114
track:619, 860, 665, 127, 114
track:620, 861, 664, 127, 114
track:621, 862, 664, 127, 114
track:622, 862, 664, 127, 114
track:623, 861, 663, 127, 114
track:624, 860, 661, 127, 114
track:625, 861, 661, 127, 114
track:626, 862, 662, 127, 114
track:627, 863, 663, 127, 114
track:628, 863, 664, 127, 114
track:629, 863, 663, 127, 114
track:630, 859, 658, 133, 119
track:631, 859, 658, 133, 119
track:632, 859, 658, 133, 119
track:633, 862, 660, 133, 119
track:634, 862, 664, 133, 119
track:635, 862, 667, 133, 119
track:636, 859, 665, 140, 125
track:637, 860, 665, 140, 125
track:638, 861, 665, 140, 125
track:639, 859, 664, 147, 131
track:640, 859, 664, 147, 131
track:641, 859, 661, 147, 131
track:642, 859, 661, 147, 131
track:643, 858, 658, 147, 131
track:644, 858, 658, 147, 131
track:645, 859, 648, 147, 131
track:646, 860, 647, 147, 131
track:647, 860, 647, 147, 131
track:648, 860, 646, 147, 131
track:649, 860, 646, 147, 131
track:650, 862, 647, 147, 131
track:651, 864, 647, 147, 131
track:652, 864, 646, 147, 131
track:653, 865, 646, 147, 131
track:654, 865, 647, 147, 131
track:655, 867, 651, 147, 131
track:656, 867, 653, 147, 131
track:657, 868, 654, 147, 131
track:658, 870, 657, 147, 131
track:659, 871, 656, 147, 131
track:660, 871, 656, 147, 131
track:661, 871, 655, 147, 131
track:662, 871, 655, 147, 131
track:663, 873, 656, 147, 131
track:664, 873, 654, 147, 131
track:665, 874, 652, 147, 131
track:666, 874, 651, 147, 131
track:667, 875, 650, 147, 131
track:668, 875, 648, 147, 131
track:669, 876, 647, 147, 131
track:670, 876, 646, 147, 131
track:671, 873, 646, 147, 131
track:672, 873, 647, 147, 131
track:673, 870, 646, 147, 131
track:674, 870, 645, 147, 131
track:675, 870, 645, 147, 131
track:676, 868, 644, 147, 131
track:677, 872, 647, 140, 125
track:678, 870, 650, 140, 125
track:679, 869, 659, 140, 125
track:680, 869, 667, 140, 125
track:681, 869, 668, 140, 125
track:682, 869, 669, 140, 125
track:683, 867, 668, 140, 125
track:684, 866, 667, 140, 125
track:685, 866, 670, 140, 125
track:686, 863, 669, 147, 131
track:687, 864, 670, 147, 131
track:688, 863, 669, 147, 131
track:689, 858, 665, 154, 138
track:690, 857, 663, 154, 138
track:691, 857, 662, 154, 138
track:692, 857, 662, 154, 138
track:693, 856, 660, 154, 138
track:694, 856, 660, 154, 138
track:695, 857, 659, 154, 138
track:696, 855, 657, 154, 138
track:697, 855, 656, 154, 138
track:698, 853, 656, 154, 138
track:699, 851, 656, 154, 138
track:700, 850, 657, 154, 138
init :701, 853, 667, 152, 111
track:702, 853, 667, 152, 111
track:703, 853, 669, 152, 111
track:704, 852, 675, 152, 111
track:705, 850, 680, 152, 111
track:706, 850, 681, 152, 111
track:707, 850, 682, 152, 111
track:708, 848, 683, 152, 111
track:709, 849, 684, 152, 111
track:710, 849, 682, 152, 111
track:711, 846, 679, 160, 117
track:712, 846, 676, 160, 117
track:713, 846, 675, 160, 117
track:714, 846, 674, 160, 117
track:715, 846, 675, 160, 117
track:716, 845, 676, 160, 117
track:717, 845, 677, 160, 117
track:718, 850, 680, 152, 111
track:719, 850, 681, 152, 111
track:720, 847, 678, 160, 117
track:721, 848, 679, 160, 117
track:722, 847, 679, 160, 117
track:723, 847, 678, 160, 117
track:724, 847, 676, 160, 117
track:725, 849, 671, 160, 117
track:726, 849, 670, 160, 117
track:727, 849, 669, 160, 117
track:728, 850, 667, 160, 117
track:729, 849, 661, 160, 117
track:730, 846, 657, 168, 122
track:731, 846, 656, 168, 122
track:732, 846, 657, 168, 122
track:733, 846, 656, 168, 122
track:734, 847, 652, 168, 122
track:735, 848, 647, 168, 122
track:736, 849, 646, 168, 122
track:737, 848, 645, 168, 122
track:738, 847, 644, 168, 122
track:739, 846, 643, 168, 122
track:740, 848, 645, 168, 122
track:741, 849, 645, 168, 122
track:742, 848, 646, 168, 122
track:743, 847, 647, 168, 122
track:744, 846, 646, 168, 122
track:745, 847, 644, 168, 122
track:746, 847, 643, 168, 122
track:747, 848, 642, 168, 122
track:748, 848, 635, 168, 122
track:749, 846, 628, 168, 122
track:750, 845, 628, 168, 122
track:751, 845, 627, 168, 122
track:752, 844, 629, 168, 122
track:753, 850, 633, 160, 117
track:754, 852, 632, 160, 117
track:755, 855, 633, 160, 117
track:756, 856, 633, 160, 117
track:757, 856, 632, 160, 117
track:758, 855, 629, 160, 117
track:759, 855, 631, 160, 117
track:760, 855, 636, 160, 117
track:761, 855, 637, 160, 117
track:762, 857, 638, 160, 117
track:763, 860, 636, 160, 117
track:764, 860, 637, 160, 117
track:765, 859, 637, 160, 117
track:766, 859, 637, 160, 117
track:767, 858, 637, 160, 117
track:768, 858, 639, 160, 117
track:769, 862, 643, 152, 111
track:770, 864, 653, 152, 111
track:771, 866, 653, 152, 111
track:772, 867, 653, 152, 111
track:773, 867, 651, 152, 111
track:774, 868, 651, 152, 111
track:775, 869, 651, 152, 111
track:776, 869, 650, 152, 111
track:777, 869, 650, 152, 111
track:778, 870, 650, 152, 111
track:779, 872, 649, 152, 111
track:780, 872, 649, 152, 111
track:781, 871, 649, 152, 111
track:782, 872, 649, 152, 111
track:783, 872, 649, 152, 111
track:784, 871, 648, 152, 111
track:785, 870, 649, 152, 111
track:786, 871, 649, 152, 111
track:787, 874, 652, 145, 106
track:788, 873, 652, 145, 106
track:789, 873, 653, 145, 106
track:790, 872, 653, 145, 106
track:791, 871, 652, 145, 106
track:792, 872, 652, 145, 106
track:793, 871, 652, 145, 106
track:794, 871, 654, 145, 106
track:795, 871, 659, 145, 106
track:796, 871, 659, 145, 106
track:797, 872, 658, 145, 106
track:798, 872, 657, 145, 106
track:799, 871, 658, 145, 106
track:800, 871, 660, 145, 106
init :801, 876, 659, 133, 109
track:802, 876, 659, 133, 109
track:803, 875, 660, 133, 109
track:804, 873, 658, 140, 114
track:805, 871, 659, 140, 114
track:806, 871, 659, 140, 114
track:807, 871, 659, 140, 114
track:808, 870, 660, 140, 114
track:809, 870, 661, 140, 114
track:810, 870, 664, 140, 114
track:811, 871, 664, 140, 114
track:812, 870, 665, 140, 114
track:813, 868, 665, 140, 114
track:814, 867, 665, 140, 114
track:815, 866, 665, 140, 114
track:816, 865, 665, 140, 114
track:817, 866, 667, 140, 114
track:818, 864, 674, 140, 114
track:819, 864, 676, 140, 114
track:820, 859, 684, 147, 120
track:821, 859, 685, 147, 120
track:822, 855, 682, 154, 126
track:823, 854, 682, 154, 126
track:824, 853, 681, 154, 126
track:825, 852, 681, 154, 126
track:826, 852, 680, 154, 126
track:827, 852, 686, 154, 126
track:828, 852, 691, 154, 126
track:829, 853, 692, 154, 126
track:830, 855, 694, 154, 126
track:831, 856, 695, 154, 126
track:832, 856, 695, 154, 126
track:833, 854, 690, 162, 132
track:834, 855, 685, 162, 132
track:835, 854, 675, 162, 132
track:836, 855, 675, 162, 132
track:837, 855, 669, 162, 132
track:838, 853, 669, 162, 132
track:839, 851, 664, 162, 132
track:840, 846, 656, 170, 139
track:841, 845, 655, 170, 139
track:842, 842, 653, 170, 139
track:843, 836, 647, 178, 146
track:844, 835, 643, 178, 146
track:845, 834, 633, 170, 139
track:846, 833, 632, 170, 139
track:847, 828, 623, 178, 146
track:848, 824, 614, 187, 153
track:849, 821, 612, 187, 153
track:850, 822, 612, 187, 153
track:851, 822, 611, 187, 153
track:852, 821, 603, 197, 161
track:853, 825, 599, 197, 161
track:854, 827, 600, 197, 161
track:855, 826, 602, 197, 161
track:856, 826, 604, 197, 161
track:857, 826, 606, 197, 161
track:858, 828, 604, 197, 161
track:859, 834, 603, 187, 153
track:860, 834, 600, 187, 153
track:861, 833, 600, 187, 153
track:862, 834, 601, 187, 153
track:863, 835, 606, 187, 153
track:864, 835, 612, 187, 153
track:865, 836, 618, 187, 153
track:866, 836, 619, 187, 153
track:867, 836, 624, 187, 153
track:868, 839, 629, 178, 146
track:869, 840, 630, 178, 146
track:870, 840, 635, 178, 146
track:871, 841, 635, 178, 146
track:872, 840, 636, 178, 146
track:873, 842, 636, 178, 146
track:874, 843, 636, 178, 146
track:875, 848, 639, 170, 139
track:876, 849, 640, 170, 139
track:877, 849, 640, 170, 139
track:878, 850, 640, 170, 139
track:879, 852, 640, 170, 139
track:880, 852, 640, 170, 139
track:881, 852, 639, 170, 139
track:882, 852, 640, 170, 139
track:883, 855, 639, 170, 139
track:884, 856, 639, 170, 139
track:885, 861, 641, 162, 132
track:886, 862, 642, 162, 132
track:887, 867, 645, 154, 126
track:888, 872, 647, 147, 120
track:889, 873, 646, 147, 120
track:890, 874, 645, 147, 120
track:891, 875, 644, 147, 120
track:892, 877, 644, 147, 120
track:893, 877, 643, 147, 120
track:894, 881, 645, 140, 114
track:895, 881, 646, 140, 114
track:896, 884, 648, 133, 109
track:897, 885, 648, 133, 109
track:898, 883, 648, 133, 109
track:899, 881, 647, 133, 109
track:900, 881, 649, 133, 109
init :901, 881, 651, 124, 93
track:902, 880, 652, 124, 93
track:903, 880, 653, 124, 93
track:904, 881, 653, 124, 93
track:905, 880, 654, 124, 93
track:906, 881, 654, 124, 93
track:907, 856, 634, 124, 93
track:908, 847, 634, 124, 93
track:909, 849, 641, 124, 93
track:910, 842, 642, 124, 93
track:911, 844, 643, 124, 93
track:912, 840, 645, 130, 98
track:913, 837, 644, 137, 103
track:914, 833, 646, 137, 103
track:915, 831, 644, 144, 108
track:916, 831, 643, 144, 108
track:917, 830, 645, 144, 108
track:918, 831, 645, 144, 108
track:919, 826, 644, 151, 113
track:920, 821, 641, 158, 119
track:921, 819, 640, 158, 119
track:922, 815, 640, 158, 119
track:923, 810, 640, 158, 119
track:924, 805, 641, 158, 119
track:925, 796, 637, 166, 125
track:926, 796, 635, 166, 125
track:927, 791, 635, 166, 125
track:928, 783, 638, 166, 125
track:929, 777, 637, 166, 125
track:930, 774, 635, 166, 125
track:931, 774, 634, 166, 125
track:932, 770, 632, 166, 125
track:933, 771, 631, 166, 125
track:934, 771, 628, 166, 125
track:935, 771, 625, 166, 125
track:936, 771, 624, 166, 125
track:937, 771, 622, 166, 125
track:938, 771, 619, 166, 125
track:939, 773, 620, 166, 125
track:940, 772, 616, 166, 125
track:941, 772, 617, 166, 125
track:942, 773, 616, 166, 125
track:943, 773, 616, 166, 125
track:944, 772, 615, 166, 125
track:945, 771, 614, 166, 125
track:946, 771, 615, 166, 125
track:947, 768, 619, 158, 119
track:948, 762, 616, 166, 125
track:949, 758, 617, 166, 125
track:950, 756, 618, 166, 125
track:951, 755, 619, 166, 125
track:952, 754, 620, 166, 125
track:953, 748, 622, 166, 125
track:954, 747, 623, 166, 125
track:955, 746, 624, 166, 125
track:956, 747, 625, 166, 125
track:957, 748, 625, 166, 125
track:958, 744, 627, 166, 125
track:959, 744, 628, 166, 125
track:960, 745, 628, 166, 125
track:961, 739, 629, 166, 125
track:962, 739, 630, 166, 125
track:963, 734, 631, 166, 125
track:964, 736, 634, 158, 119
track:965, 736, 634, 158, 119
track:966, 732, 635, 158, 119
track:967, 730, 635, 158, 119
track:968, 721, 635, 158, 119
track:969, 719, 636, 158, 119
track:970, 719, 636, 158, 119
track:971, 715, 637, 158, 119
track:972, 709, 639, 151, 113
track:973, 705, 640, 151, 113
track:974, 701, 640, 151, 113
track:975, 702, 640, 151, 113
track:976, 699, 640, 151, 113
track:977, 697, 640, 151, 113
track:978, 697, 641, 151, 113
track:979, 695, 641, 151, 113
track:980, 694, 642, 151, 113
track:981, 694, 641, 151, 113
track:982, 693, 642, 151, 113
track:983, 693, 642, 151, 113
track:984, 694, 642, 151, 113
track:985, 694, 641, 151, 113
track:986, 695, 643, 151, 113
track:987, 698, 642, 151, 113
track:988, 700, 642, 151, 113
track:989, 701, 642, 151, 113
track:990, 703, 642, 151, 113
track:991, 703, 642, 151, 113
track:992, 703, 641, 151, 113
track:993, 703, 640, 151, 113
track:994, 704, 639, 151, 113
track:995, 704, 638, 151, 113
track:996, 707, 638, 144, 108
track:997, 710, 636, 144, 108
track:998, 716, 635, 137, 103
track:999, 722, 632, 137, 103
track:1000, 724, 632, 137, 103
init :1001, 733, 581, 498, 225
track:1002, 735, 581, 498, 225
track:1003, 739, 579, 498, 225
track:1004, 745, 577, 498, 225
track:1005, 745, 576, 498, 225
track:1006, 745, 573, 498, 225
track:1007, 747, 570, 498, 225
track:1008, 748, 568, 498, 225
track:1009, 760, 572, 474, 214
track:1010, 759, 571, 474, 214
track:1011, 757, 571, 474, 214
track:1012, 753, 570, 474, 214
track:1013, 750, 570, 474, 214
track:1014, 756, 577, 452, 204
track:1015, 756, 577, 452, 204
track:1016, 751, 574, 452, 204
track:1017, 746, 575, 452, 204
track:1018, 744, 574, 452, 204
track:1019, 741, 572, 452, 204
track:1020, 739, 571, 452, 204
track:1021, 749, 576, 430, 194
track:1022, 748, 574, 430, 194
track:1023, 758, 578, 410, 185
track:1024, 760, 580, 410, 185
track:1025, 758, 579, 410, 185
track:1026, 753, 579, 410, 185
track:1027, 749, 578, 410, 185
track:1028, 736, 577, 430, 194
track:1029, 733, 577, 430, 194
track:1030, 736, 579, 430, 194
track:1031, 730, 579, 430, 194
track:1032, 723, 581, 430, 194
track:1033, 718, 582, 430, 194
track:1034, 705, 579, 452, 204
track:1035, 704, 580, 452, 204
track:1036, 701, 583, 452, 204
track:1037, 699, 588, 452, 204
track:1038, 699, 591, 452, 204
track:1039, 693, 592, 452, 204
track:1040, 706, 597, 430, 194
track:1041, 704, 600, 430, 194
track:1042, 703, 601, 430, 194
track:1043, 708, 600, 430, 194
track:1044, 708, 603, 430, 194
track:1045, 703, 604, 430, 194
track:1046, 708, 607, 430, 194
track:1047, 711, 608, 430, 194
track:1048, 721, 612, 410, 185
track:1049, 723, 609, 410, 185
track:1050, 724, 608, 410, 185
track:1051, 741, 609, 390, 176
track:1052, 746, 607, 390, 176
track:1053, 751, 605, 390, 176
track:1054, 760, 604, 390, 176
track:1055, 770, 609, 372, 168
track:1056, 773, 608, 372, 168
track:1057, 776, 610, 372, 168
track:1058, 777, 609, 372, 168
track:1059, 766, 605, 390, 176
track:1060, 763, 606, 390, 176
track:1061, 764, 605, 390, 176
track:1062, 774, 610, 372, 168
track:1063, 774, 610, 372, 168
track:1064, 761, 607, 390, 176
track:1065, 754, 605, 390, 176
track:1066, 751, 606, 390, 176
track:1067, 737, 603, 410, 185
track:1068, 721, 604, 410, 185
track:1069, 728, 607, 390, 176
track:1070, 725, 609, 390, 176
track:1071, 716, 609, 390, 176
track:1072, 700, 611, 390, 176
track:1073, 686, 610, 390, 176
track:1074, 676, 610, 390, 176
track:1075, 676, 609, 390, 176
track:1076, 665, 611, 390, 176
track:1077, 664, 610, 390, 176
track:1078, 635, 609, 390, 176
track:1079, 629, 610, 390, 176
track:1080, 631, 610, 390, 176
track:1081, 618, 611, 390, 176
track:1082, 625, 617, 372, 168
track:1083, 621, 616, 372, 168
track:1084, 616, 617, 372, 168
track:1085, 615, 616, 372, 168
track:1086, 617, 614, 372, 168
track:1087, 613, 615, 372, 168
track:1088, 616, 615, 372, 168
track:1089, 606, 612, 390, 176
track:1090, 603, 613, 390, 176
track:1091, 602, 613, 390, 176
track:1092, 609, 612, 390, 176
track:1093, 610, 615, 390, 176
track:1094, 617, 620, 372, 168
track:1095, 620, 621, 372, 168
track:1096, 629, 622, 354, 160
track:1097, 637, 622, 354, 160
track:1098, 637, 623, 354, 160
track:1099, 637, 622, 354, 160
track:1100, 637, 621, 354, 160
init :1101, 692, 625, 461, 163
track:1102, 692, 624, 461, 163
track:1103, 693, 625, 461, 163
track:1104, 687, 625, 461, 163
track:1105, 701, 629, 439, 155
track:1106, 702, 628, 439, 155
track:1107, 700, 628, 439, 155
track:1108, 699, 629, 439, 155
track:1109, 697, 630, 439, 155
track:1110, 693, 630, 439, 155
track:1111, 689, 633, 439, 155
track:1112, 688, 633, 439, 155
track:1113, 686, 634, 439, 155
track:1114, 684, 637, 439, 155
track:1115, 686, 637, 439, 155
track:1116, 686, 639, 439, 155
track:1117, 684, 638, 439, 155
track:1118, 665, 635, 461, 163
track:1119, 666, 641, 439, 155
track:1120, 673, 640, 439, 155
track:1121, 668, 640, 439, 155
track:1122, 664, 641, 439, 155
track:1123, 660, 640, 439, 155
track:1124, 677, 646, 418, 148
track:1125, 680, 647, 418, 148
track:1126, 694, 649, 418, 148
track:1127, 685, 649, 418, 148
track:1128, 684, 648, 418, 148
track:1129, 688, 648, 418, 148
track:1130, 694, 645, 418, 148
track:1131, 692, 646, 418, 148
track:1132, 766, 650, 418, 148
track:1133, 799, 652, 418, 148
track:1134, 789, 652, 418, 148
track:1135, 788, 651, 418, 148
track:1136, 799, 650, 418, 148
track:1137, 794, 653, 418, 148
track:1138, 792, 652, 439, 155
track:1139, 781, 652, 461, 163
track:1140, 788, 653, 461, 163
track:1141, 777, 655, 461, 163
track:1142, 780, 664, 439, 155
track:1143, 780, 667, 439, 155
track:1144, 777, 670, 439, 155
track:1145, 784, 675, 418, 148
track:1146, 769, 677, 418, 148
track:1147, 763, 681, 418, 148
track:1148, 761, 682, 418, 148
track:1149, 751, 682, 418, 148
track:1150, 751, 682, 418, 148
track:1151, 741, 678, 439, 155
track:1152, 735, 676, 439, 155
track:1153, 726, 672, 439, 155
track:1154, 721, 666, 461, 163
track:1155, 720, 662, 461, 163
track:1156, 716, 661, 461, 163
track:1157, 727, 662, 461, 163
track:1158, 723, 662, 461, 163
track:1159, 728, 663, 461, 163
track:1160, 730, 666, 461, 163
track:1161, 739, 669, 439, 155
track:1162, 749, 667, 439, 155
track:1163, 755, 665, 439, 155
track:1164, 753, 662, 461, 163
track:1165, 753, 659, 461, 163
track:1166, 765, 666, 439, 155
track:1167, 747, 662, 461, 163
track:1168, 745, 662, 461, 163
track:1169, 748, 658, 484, 171
track:1170, 753, 661, 461, 163
track:1171, 758, 660, 461, 163
track:1172, 750, 660, 461, 163
track:1173, 760, 658, 461, 163
track:1174, 814, 662, 439, 155
track:1175, 807, 662, 439, 155
track:1176, 824, 660, 439, 155
track:1177, 831, 662, 439, 155
track:1178, 839, 660, 439, 155
track:1179, 853, 663, 418, 148
track:1180, 854, 661, 418, 148
track:1181, 853, 659, 418, 148
track:1182, 856, 660, 418, 148
track:1183, 855, 659, 418, 148
track:1184, 856, 656, 418, 148
track:1185, 859, 656, 418, 148
track:1186, 864, 653, 418, 148
track:1187, 867, 652, 418, 148
track:1188, 859, 652, 439, 155
track:1189, 852, 653, 439, 155
track:1190, 855, 650, 439, 155
track:1191, 862, 649, 439, 155
track:1192, 861, 648, 418, 148
track:1193, 848, 644, 439, 155
track:1194, 853, 646, 418, 148
track:1195, 858, 644, 418, 148
track:1196, 849, 638, 439, 155
track:1197, 841, 638, 439, 155
track:1198, 827, 630, 461, 163
track:1199, 828, 632, 461, 163
track:1200, 827, 630, 461, 163
init :1201, 798, 630, 364, 109
track:1202, 798, 630, 364, 109
track:1203, 799, 630, 364, 109
track:1204, 813, 633, 347, 104
track:1205, 813, 633, 347, 104
track:1206, 818, 633, 347, 104
track:1207, 822, 634, 347, 104
track:1208, 826, 634, 347, 104
track:1209, 826, 634, 347, 104
track:1210, 833, 634, 347, 104
track:1211, 840, 635, 347, 104
track:1212, 834, 633, 364, 109
track:1213, 833, 633, 364, 109
track:1214, 836, 634, 364, 109
track:1215, 845, 638, 347, 104
track:1216, 846, 639, 347, 104
track:1217, 848, 639, 347, 104
track:1218, 857, 642, 330, 99
track:1219, 856, 641, 330, 99
track:1220, 852, 642, 330, 99
track:1221, 850, 643, 330, 99
track:1222, 852, 644, 330, 99
track:1223, 849, 645, 330, 99
track:1224, 851, 645, 330, 99
track:1225, 854, 646, 330, 99
track:1226, 861, 648, 314, 94
track:1227, 864, 648, 314, 94
track:1228, 865, 649, 314, 94
track:1229, 861, 650, 314, 94
track:1230, 867, 651, 299, 90
track:1231, 877, 654, 285, 85
track:1232, 877, 654, 285, 85
track:1233, 873, 655, 285, 85
track:1234, 873, 656, 285, 85
track:1235, 872, 658, 285, 85
track:1236, 878, 659, 272, 81
track:1237, 883, 660, 259, 77
track:1238, 889, 659, 246, 74
track:1239, 889, 659, 246, 74
track:1240, 897, 660, 235, 70
track:1241, 890, 659, 246, 74
track:1242, 889, 662, 246, 74
track:1243, 880, 662, 259, 77
track:1244, 887, 664, 246, 74
track:1245, 879, 664, 246, 74
track:1246, 879, 669, 246, 74
track:1247, 875, 673, 259, 77
track:1248, 882, 680, 246, 74
track:1249, 880, 680, 246, 74
track:1250, 885, 686, 235, 70
track:1251, 891, 689, 223, 67
track:1252, 892, 689, 223, 67
track:1253, 891, 689, 223, 67
track:1254, 892, 689, 223, 67
track:1255, 892, 688, 235, 70
track:1256, 895, 688, 235, 70
track:1257, 885, 687, 246, 74
track:1258, 878, 689, 246, 74
track:1259, 880, 691, 246, 74
track:1260, 879, 692, 246, 74
track:1261, 882, 693, 235, 70
track:1262, 877, 691, 235, 70
track:1263, 886, 693, 223, 67
track:1264, 884, 692, 223, 67
track:1265, 891, 694, 213, 64
track:1266, 898, 693, 203, 61
track:1267, 898, 691, 203, 61
track:1268, 895, 688, 203, 61
track:1269, 894, 687, 203, 61
track:1270, 900, 687, 193, 58
track:1271, 901, 687, 184, 55
track:1272, 897, 686, 184, 55
track:1273, 891, 684, 193, 58
track:1274, 890, 683, 184, 55
track:1275, 892, 683, 175, 52
track:1276, 884, 684, 167, 50
track:1277, 888, 684, 159, 48
track:1278, 872, 683, 167, 50
track:1279, 871, 682, 167, 50
track:1280, 867, 681, 175, 52
track:1281, 860, 680, 175, 52
track:1282, 848, 680, 175, 52
track:1283, 847, 681, 175, 52
track:1284, 847, 680, 175, 52
track:1285, 841, 679, 175, 52
track:1286, 837, 679, 175, 52
track:1287, 840, 679, 167, 50
track:1288, 838, 679, 167, 50
track:1289, 834, 677, 175, 52
track:1290, 833, 677, 175, 52
track:1291, 831, 676, 175, 52
track:1292, 829, 676, 175, 52
track:1293, 828, 676, 175, 52
track:1294, 826, 676, 175, 52
track:1295, 821, 674, 184, 55
track:1296, 820, 674, 184, 55
track:1297, 818, 674, 184, 55
track:1298, 813, 674, 193, 58
track:1299, 816, 675, 193, 58
track:1300, 817, 677, 193, 58
init :1301, 863, 662, 152, 64
track:1302, 864, 662, 152, 64
track:1303, 863, 662, 152, 64
track:1304, 863, 662, 152, 64
track:1305, 864, 662, 152, 64
track:1306, 866, 662, 152, 64
track:1307, 866, 663, 152, 64
track:1308, 866, 664, 152, 64
track:1309, 867, 664, 152, 64
track:1310, 868, 663, 152, 64
track:1311, 869, 665, 152, 64
track:1312, 869, 664, 152, 64
track:1313, 868, 665, 152, 64
track:1314, 868, 665, 152, 64
track:1315, 868, 666, 152, 64
track:1316, 868, 666, 152, 64
track:1317, 864, 666, 152, 64
track:1318, 864, 667, 152, 64
track:1319, 863, 667, 152, 64
track:1320, 856, 666, 160, 67
track:1321, 860, 667, 152, 64
track:1322, 861, 668, 152, 64
track:1323, 862, 668, 152, 64
track:1324, 863, 668, 152, 64
track:1325, 862, 669, 152, 64
track:1326, 867, 672, 145, 61
track:1327, 869, 672, 145, 61
track:1328, 872, 674, 145, 61
track:1329, 872, 674, 145, 61
track:1330, 871, 674, 145, 61
track:1331, 870, 675, 145, 61
track:1332, 866, 675, 145, 61
track:1333, 861, 674, 145, 61
track:1334, 863, 675, 138, 58
track:1335, 857, 675, 138, 58
track:1336, 854, 675, 138, 58
track:1337, 852, 675, 138, 58
track:1338, 847, 675, 145, 61
track:1339, 846, 674, 145, 61
track:1340, 845, 674, 145, 61
track:1341, 845, 674, 145, 61
track:1342, 844, 675, 145, 61
track:1343, 843, 676, 145, 61
track:1344, 844, 675, 145, 61
track:1345, 842, 676, 145, 61
track:1346, 843, 676, 145, 61
track:1347, 844, 676, 145, 61
track:1348, 842, 677, 145, 61
track:1349, 840, 675, 152, 64
track:1350, 838, 676, 152, 64
track:1351, 838, 676, 152, 64
track:1352, 837, 676, 152, 64
track:1353, 839, 678, 145, 61
track:1354, 838, 679, 145, 61
track:1355, 840, 679, 145, 61
track:1356, 841, 679, 145, 61
track:1357, 840, 679, 145, 61
track:1358, 839, 680, 145, 61
track:1359, 839, 680, 145, 61
track:1360, 838, 680, 145, 61
track:1361, 838, 681, 145, 61
track:1362, 837, 681, 145, 61
track:1363, 839, 682, 145, 61
track:1364, 840, 682, 145, 61
track:1365, 839, 682, 145, 61
track:1366, 837, 682, 145, 61
track:1367, 837, 683, 145, 61
track:1368, 836, 684, 145, 61
track:1369, 838, 685, 145, 61
track:1370, 835, 685, 145, 61
track:1371, 834, 687, 145, 61
track:1372, 832, 687, 145, 61
track:1373, 830, 688, 145, 61
track:1374, 827, 689, 145, 61
track:1375, 826, 689, 145, 61
track:1376, 825, 689, 145, 61
track:1377, 824, 688, 145, 61
track:1378, 821, 690, 145, 61
track:1379, 819, 690, 145, 61
track:1380, 815, 691, 145, 61
track:1381, 811, 692, 145, 61
track:1382, 809, 693, 145, 61
track:1383, 805, 694, 145, 61
track:1384, 804, 694, 145, 61
track:1385, 802, 695, 145, 61
track:1386, 805, 695, 145, 61
track:1387, 806, 696, 145, 61
track:1388, 810, 698, 138, 58
track:1389, 810, 699, 138, 58
track:1390, 814, 700, 138, 58
track:1391, 817, 701, 138, 58
track:1392, 823, 703, 138, 58
track:1393, 827, 704, 138, 58
track:1394, 827, 705, 138, 58
track:1395, 830, 706, 138, 58
track:1396, 829, 705, 145, 61
track:1397, 828, 706, 145, 61
track:1398, 826, 707, 145, 61
track:1399, 826, 707, 145, 61
track:1400, 823, 708, 145, 61
init :1401, 821, 711, 203, 64
track:1402, 811, 709, 213, 67
track:1403, 808, 710, 213, 67
track:1404, 806, 710, 213, 67
track:1405, 801, 711, 213, 67
track:1406, 800, 711, 213, 67
track:1407, 798, 712, 213, 67
track:1408, 794, 712, 213, 67
track:1409, 793, 712, 213, 67
track:1410, 793, 713, 213, 67
track:1411, 788, 712, 224, 71
track:1412, 789, 712, 224, 71
track:1413, 790, 713, 224, 71
track:1414, 790, 713, 224, 71
track:1415, 790, 713, 224, 71
track:1416, 796, 716, 213, 67
track:1417, 795, 717, 213, 67
track:1418, 793, 717, 213, 67
track:1419, 794, 717, 213, 67
track:1420, 792, 718, 213, 67
track:1421, 791, 719, 213, 67
track:1422, 784, 719, 224, 71
track:1423, 785, 719, 224, 71
track:1424, 784, 719, 224, 71
track:1425, 786, 720, 224, 71
track:1426, 784, 721, 224, 71
track:1427, 785, 721, 224, 71
track:1428, 786, 722, 224, 71
track:1429, 787, 722, 224, 71
track:1430, 781, 720, 235, 74
track:1431, 777, 722, 235, 74
track:1432, 777, 723, 235, 74
track:1433, 771, 723, 235, 74
track:1434, 773, 723, 235, 74
track:1435, 777, 725, 224, 71
track:1436, 773, 725, 224, 71
track:1437, 775, 725, 224, 71
track:1438, 771, 726, 224, 71
track:1439, 773, 726, 224, 71
track:1440, 769, 726, 224, 71
track:1441, 770, 728, 224, 71
track:1442, 760, 726, 235, 74
track:1443, 756, 726, 235, 74
track:1444, 755, 726, 235, 74
track:1445, 750, 725, 235, 74
track:1446, 740, 724, 247, 78
track:1447, 738, 725, 247, 78
track:1448, 741, 725, 247, 78
track:1449, 742, 726, 247, 78
track:1450, 734, 724, 259, 82
track:1451, 738, 725, 259, 82
track:1452, 734, 724, 272, 86
track:1453, 758, 721, 272, 86
track:1454, 756, 720, 272, 86
track:1455, 754, 718, 286, 90
track:1456, 762, 717, 286, 90
track:1457, 773, 716, 286, 90
track:1458, 778, 713, 300, 95
track:1459, 784, 714, 286, 90
track:1460, 788, 714, 286, 90
track:1461, 791, 710, 300, 95
track:1462, 793, 709, 300, 95
track:1463, 793, 707, 300, 95
track:1464, 798, 706, 300, 95
track:1465, 811, 705, 286, 90
track:1466, 817, 706, 272, 86
track:1467, 819, 708, 272, 86
track:1468, 822, 706, 272, 86
track:1469, 822, 711, 259, 82
track:1470, 816, 709, 272, 86
track:1471, 808, 709, 286, 90
track:1472, 800, 708, 300, 95
track:1473, 806, 710, 286, 90
track:1474, 802, 708, 286, 90
track:1475, 797, 705, 286, 90
track:1476, 796, 704, 286, 90
track:1477, 797, 706, 286, 90
track:1478, 798, 706, 286, 90
track:1479, 797, 704, 286, 90
track:1480, 794, 703, 300, 95
track:1481, 801, 702, 300, 95
track:1482, 813, 703, 286, 90
track:1483, 811, 702, 286, 90
track:1484, 821, 703, 272, 86
track:1485, 829, 702, 272, 86
track:1486, 834, 703, 272, 86
track:1487, 835, 702, 272, 86
track:1488, 836, 702, 272, 86
track:1489, 841, 702, 272, 86
track:1490, 836, 700, 272, 86
track:1491, 844, 700, 272, 86
track:1492, 846, 700, 272, 86
track:1493, 840, 698, 272, 86
track:1494, 841, 696, 272, 86
track:1495, 843, 696, 259, 82
track:1496, 836, 693, 259, 82
track:1497, 824, 687, 272, 86
track:1498, 825, 686, 272, 86
track:1499, 812, 682, 286, 90
track:1500, 805, 680, 286, 90
init :1501, 835, 641, 300, 132
track:1502, 833, 639, 300, 132
track:1503, 832, 638, 300, 132
track:1504, 830, 636, 300, 132
track:1505, 825, 631, 300, 132
track:1506, 823, 629, 300, 132
track:1507, 822, 626, 300, 132
track:1508, 820, 625, 300, 132
track:1509, 820, 622, 300, 132
track:1510, 819, 620, 300, 132
track:1511, 818, 618, 300, 132
track:1512, 812, 616, 300, 132
track:1513, 818, 618, 286, 126
track:1514, 800, 616, 286, 126
track:1515, 779, 615, 286, 126
track:1516, 761, 621, 272, 120
track:1517, 735, 620, 272, 120
track:1518, 734, 620, 272, 120
track:1519, 707, 620, 272, 120
track:1520, 689, 621, 272, 120
track:1521, 666, 624, 272, 120
track:1522, 643, 619, 286, 126
track:1523, 647, 619, 286, 126
track:1524, 638, 624, 272, 120
track:1525, 644, 626, 259, 114
track:1526, 637, 621, 272, 120
track:1527, 656, 624, 259, 114
track:1528, 649, 623, 259, 114
track:1529, 679, 622, 259, 114
track:1530, 694, 622, 259, 114
track:1531, 724, 622, 259, 114
track:1532, 744, 619, 259, 114
track:1533, 746, 619, 259, 114
track:1534, 783, 622, 247, 109
track:1535, 808, 621, 247, 109
track:1536, 826, 624, 235, 103
track:1537, 858, 628, 224, 99
track:1538, 856, 628, 224, 99
track:1539, 868, 631, 213, 94
track:1540, 880, 632, 213, 94
track:1541, 884, 633, 213, 94
track:1542, 888, 637, 203, 89
track:1543, 890, 638, 203, 89
track:1544, 892, 638, 203, 89
track:1545, 894, 639, 193, 85
track:1546, 888, 643, 193, 85
track:1547, 878, 644, 193, 85
track:1548, 881, 647, 184, 81
track:1549, 875, 648, 184, 81
track:1550, 865, 651, 184, 81
track:1551, 861, 653, 184, 81
track:1552, 856, 654, 184, 81
track:1553, 860, 656, 175, 77
track:1554, 857, 655, 175, 77
track:1555, 850, 657, 175, 77
track:1556, 852, 658, 175, 77
track:1557, 860, 659, 167, 74
track:1558, 862, 659, 167, 74
track:1559, 871, 663, 159, 70
track:1560, 873, 662, 159, 70
track:1561, 875, 663, 159, 70
track:1562, 879, 663, 159, 70
track:1563, 882, 665, 152, 67
track:1564, 891, 666, 144, 63
track:1565, 894, 668, 137, 60
track:1566, 899, 670, 131, 58
track:1567, 898, 669, 131, 58
track:1568, 898, 669, 131, 58
track:1569, 896, 669, 131, 58
track:1570, 894, 669, 131, 58
track:1571, 894, 670, 125, 55
track:1572, 892, 670, 125, 55
track:1573, 891, 671, 125, 55
track:1574, 894, 674, 119, 52
track:1575, 894, 674, 113, 50
track:1576, 893, 676, 108, 47
track:1577, 891, 676, 108, 47
track:1578, 893, 677, 103, 45
track:1579, 895, 678, 98, 43
track:1580, 895, 680, 93, 41
track:1581, 891, 680, 93, 41
track:1582, 887, 680, 93, 41
track:1583, 887, 680, 93, 41
track:1584, 887, 680, 93, 41
track:1585, 888, 681, 89, 39
track:1586, 887, 681, 89, 39
track:1587, 891, 682, 84, 37
track:1588, 892, 681, 84, 37
track:1589, 891, 681, 84, 37
track:1590, 891, 682, 84, 37
track:1591, 894, 683, 80, 35
track:1592, 896, 683, 77, 34
track:1593, 896, 683, 77, 34
track:1594, 894, 684, 77, 34
track:1595, 893, 686, 73, 32
track:1596, 892, 686, 73, 32
track:1599, 893, 687, 69, 31
track:1600, 891, 687, 69, 31
init :1601, 913, 680, 101, 72
track:1602, 912, 680, 101, 72
track:1603, 912, 680, 101, 72
track:1604, 909, 680, 101, 72
track:1605, 910, 682, 96, 69
track:1606, 908, 683, 96, 69
track:1607, 905, 683, 96, 69
track:1608, 904, 684, 96, 69
elapseTime: 15.737
