init :7, 821, 630, 235, 197
track:8, 821, 630, 235, 197
track:9, 822, 630, 235, 197
track:10, 821, 631, 235, 197
track:11, 823, 630, 235, 197
track:12, 823, 630, 235, 197
track:13, 824, 630, 235, 197
track:14, 824, 630, 235, 197
track:15, 824, 630, 235, 197
track:16, 825, 630, 235, 197
track:17, 826, 630, 235, 197
track:18, 825, 630, 235, 197
track:19, 825, 629, 235, 197
track:20, 821, 626, 247, 207
track:21, 820, 626, 247, 207
track:22, 827, 631, 235, 197
track:23, 828, 631, 235, 197
track:24, 827, 631, 235, 197
track:25, 828, 630, 235, 197
track:26, 829, 631, 235, 197
track:27, 829, 631, 235, 197
track:28, 829, 631, 235, 197
track:29, 829, 630, 235, 197
track:30, 829, 630, 235, 197
track:31, 830, 629, 235, 197
track:32, 831, 631, 235, 197
track:33, 829, 630, 235, 197
track:34, 830, 631, 235, 197
track:35, 830, 630, 235, 197
track:36, 830, 631, 235, 197
track:37, 829, 630, 235, 197
track:38, 831, 630, 235, 197
track:39, 830, 630, 235, 197
track:40, 830, 630, 235, 197
track:41, 831, 629, 235, 197
track:42, 830, 631, 235, 197
track:43, 831, 630, 235, 197
track:44, 830, 631, 235, 197
track:45, 832, 630, 235, 197
track:46, 830, 631, 235, 197
track:48, 832, 630, 235, 197
track:49, 830, 630, 235, 197
track:50, 831, 629, 235, 197
track:51, 832, 629, 235, 197
track:52, 831, 628, 235, 197
track:53, 832, 629, 235, 197
track:54, 831, 629, 235, 197
track:55, 832, 629, 235, 197
track:56, 831, 629, 235, 197
track:57, 831, 628, 235, 197
track:58, 831, 629, 235, 197
track:59, 830, 628, 235, 197
track:60, 832, 628, 235, 197
init :61, 826, 630, 235, 199
track:62, 826, 630, 235, 199
track:63, 825, 630, 235, 199
track:64, 825, 630, 235, 199
track:65, 825, 629, 235, 199
track:66, 825, 629, 235, 199
track:67, 825, 629, 235, 199
track:68, 824, 629, 235, 199
track:69, 824, 629, 235, 199
track:70, 825, 629, 235, 199
track:71, 824, 629, 235, 199
track:72, 824, 629, 235, 199
track:73, 824, 629, 235, 199
track:74, 823, 628, 235, 199
track:75, 823, 629, 235, 199
track:76, 824, 629, 235, 199
track:77, 824, 629, 235, 199
track:78, 824, 629, 235, 199
track:79, 824, 629, 235, 199
track:80, 824, 629, 235, 199
track:81, 824, 629, 235, 199
track:82, 824, 629, 235, 199
track:83, 824, 629, 235, 199
track:84, 825, 629, 235, 199
track:85, 824, 629, 235, 199
track:86, 825, 629, 235, 199
track:87, 824, 629, 235, 199
track:88, 825, 629, 235, 199
track:89, 825, 629, 235, 199
track:90, 824, 629, 235, 199
track:91, 824, 631, 235, 199
track:92, 824, 630, 235, 199
track:93, 824, 630, 235, 199
track:94, 824, 630, 235, 199
track:95, 824, 630, 235, 199
track:96, 825, 630, 235, 199
track:97, 825, 630, 235, 199
track:98, 827, 630, 235, 199
track:99, 826, 629, 235, 199
track:100, 827, 629, 235, 199
track:101, 827, 629, 235, 199
track:102, 829, 628, 235, 199
track:103, 828, 628, 235, 199
track:104, 830, 627, 235, 199
track:105, 830, 626, 235, 199
track:106, 831, 626, 235, 199
track:107, 832, 624, 235, 199
track:108, 831, 622, 235, 199
track:109, 831, 621, 235, 199
track:110, 831, 619, 235, 199
track:111, 832, 619, 235, 199
track:112, 831, 617, 235, 199
track:113, 832, 615, 235, 199
track:114, 832, 615, 235, 199
track:115, 833, 613, 235, 199
track:116, 835, 612, 235, 199
track:117, 836, 609, 235, 199
track:120, 837, 605, 235, 199
init :121, 853, 615, 198, 160
track:122, 854, 615, 198, 160
track:123, 853, 613, 198, 160
track:124, 853, 614, 198, 160
track:125, 856, 615, 189, 152
track:126, 855, 613, 189, 152
track:127, 852, 611, 189, 152
track:128, 851, 611, 189, 152
track:129, 851, 611, 189, 152
track:130, 856, 616, 180, 145
track:131, 856, 617, 180, 145
track:132, 859, 620, 180, 145
track:133, 856, 619, 189, 152
track:134, 855, 620, 189, 152
track:135, 855, 621, 189, 152
track:136, 856, 621, 189, 152
track:137, 862, 626, 180, 145
track:138, 863, 628, 180, 145
track:139, 864, 628, 180, 145
track:140, 863, 627, 180, 145
track:141, 861, 625, 180, 145
track:142, 860, 627, 180, 145
track:143, 860, 627, 180, 145
track:144, 860, 628, 180, 145
track:145, 857, 632, 180, 145
track:146, 855, 632, 180, 145
track:147, 856, 634, 180, 145
track:148, 857, 635, 180, 145
track:149, 858, 635, 180, 145
track:150, 859, 638, 180, 145
track:151, 859, 642, 180, 145
track:152, 862, 648, 171, 138
track:153, 863, 650, 171, 138
track:154, 863, 652, 171, 138
track:155, 863, 653, 171, 138
track:156, 864, 655, 171, 138
track:157, 860, 652, 180, 145
track:158, 862, 653, 180, 145
track:159, 862, 653, 180, 145
track:160, 860, 653, 180, 145
track:161, 859, 653, 180, 145
track:162, 857, 652, 180, 145
track:163, 856, 653, 180, 145
track:164, 855, 653, 180, 145
track:165, 860, 657, 171, 138
track:166, 860, 657, 171, 138
track:167, 859, 657, 171, 138
track:168, 859, 657, 171, 138
track:169, 860, 657, 171, 138
track:170, 861, 656, 171, 138
track:171, 858, 652, 180, 145
track:172, 859, 652, 180, 145
track:173, 860, 650, 180, 145
track:174, 860, 651, 180, 145
track:175, 857, 651, 180, 145
track:176, 855, 651, 180, 145
track:177, 855, 651, 180, 145
track:178, 856, 651, 180, 145
track:179, 857, 651, 180, 145
track:180, 857, 654, 180, 145
init :181, 867, 656, 161, 150
track:182, 867, 658, 161, 150
track:183, 869, 661, 161, 150
track:184, 869, 661, 161, 150
track:185, 870, 664, 161, 150
track:186, 864, 659, 169, 158
track:187, 860, 654, 169, 158
track:188, 857, 652, 169, 158
track:189, 855, 652, 169, 158
track:190, 858, 654, 161, 150
track:191, 857, 651, 161, 150
track:192, 857, 646, 161, 150
track:193, 856, 646, 161, 150
track:194, 856, 644, 161, 150
track:195, 857, 643, 161, 150
track:196, 858, 642, 161, 150
track:197, 859, 640, 161, 150
track:198, 857, 641, 161, 150
track:199, 855, 642, 161, 150
track:200, 853, 642, 161, 150
track:201, 852, 642, 161, 150
track:202, 850, 641, 161, 150
track:203, 851, 638, 161, 150
track:204, 851, 638, 161, 150
track:205, 851, 636, 161, 150
track:206, 852, 634, 161, 150
track:207, 851, 632, 161, 150
track:208, 854, 636, 153, 143
track:209, 852, 633, 153, 143
track:210, 851, 629, 153, 143
track:211, 849, 627, 153, 143
track:212, 849, 625, 153, 143
track:213, 850, 624, 153, 143
track:214, 853, 627, 146, 136
track:215, 853, 626, 146, 136
track:216, 852, 624, 146, 136
track:217, 852, 626, 146, 136
track:218, 852, 626, 146, 136
track:219, 851, 627, 146, 136
track:220, 852, 631, 146, 136
track:221, 852, 633, 146, 136
track:222, 851, 634, 146, 136
track:223, 851, 635, 146, 136
track:224, 851, 637, 146, 136
track:225, 855, 641, 139, 130
track:226, 855, 641, 139, 130
track:227, 855, 642, 139, 130
track:228, 855, 642, 139, 130
track:229, 855, 643, 139, 130
track:230, 855, 643, 139, 130
track:231, 858, 645, 132, 123
track:232, 857, 642, 132, 123
track:233, 855, 641, 132, 123
track:234, 855, 641, 132, 123
track:235, 856, 640, 132, 123
track:236, 856, 638, 132, 123
track:237, 858, 640, 132, 123
track:238, 859, 640, 132, 123
track:239, 860, 641, 132, 123
track:240, 860, 643, 132, 123
init :241, 863, 651, 120, 101
track:242, 864, 651, 120, 101
track:243, 864, 651, 120, 101
track:244, 864, 652, 120, 101
track:245, 864, 652, 120, 101
track:246, 864, 653, 120, 101
track:247, 864, 654, 120, 101
track:248, 865, 654, 120, 101
track:249, 864, 655, 120, 101
track:250, 864, 655, 120, 101
track:251, 865, 658, 120, 101
track:252, 866, 659, 120, 101
track:253, 866, 659, 120, 101
track:254, 867, 663, 120, 101
track:255, 866, 664, 120, 101
track:256, 867, 666, 120, 101
track:257, 869, 670, 120, 101
track:258, 868, 670, 120, 101
track:259, 869, 671, 120, 101
track:260, 869, 673, 120, 101
track:261, 869, 674, 120, 101
track:262, 869, 674, 120, 101
track:263, 869, 674, 120, 101
track:264, 869, 676, 120, 101
track:265, 869, 678, 120, 101
track:266, 869, 679, 120, 101
track:267, 869, 681, 120, 101
track:268, 870, 681, 120, 101
track:269, 869, 682, 120, 101
track:270, 870, 685, 120, 101
track:271, 871, 688, 120, 101
track:272, 871, 691, 120, 101
track:273, 868, 690, 126, 106
track:274, 868, 691, 126, 106
track:275, 869, 693, 126, 106
track:276, 870, 696, 126, 106
track:277, 868, 697, 132, 111
track:278, 868, 697, 132, 111
track:279, 869, 696, 132, 111
track:280, 871, 694, 132, 111
track:281, 869, 692, 139, 117
track:282, 870, 693, 139, 117
track:283, 870, 694, 139, 117
track:284, 871, 697, 139, 117
track:285, 870, 696, 146, 123
track:286, 872, 695, 146, 123
track:287, 870, 689, 153, 129
track:288, 870, 688, 153, 129
track:289, 871, 686, 153, 129
track:290, 870, 681, 153, 129
track:291, 867, 671, 161, 135
track:292, 868, 666, 161, 135
track:293, 864, 661, 169, 142
track:294, 863, 657, 177, 149
track:295, 860, 651, 186, 157
track:296, 858, 646, 195, 165
track:297, 856, 647, 195, 165
track:298, 856, 647, 195, 165
track:299, 853, 648, 195, 165
track:300, 852, 649, 195, 165
init :301, 835, 638, 244, 205
track:302, 834, 641, 244, 205
track:303, 834, 642, 244, 205
track:304, 833, 647, 244, 205
track:305, 832, 647, 244, 205
track:306, 824, 642, 256, 215
track:307, 818, 635, 269, 226
track:308, 816, 636, 269, 226
track:309, 816, 633, 269, 226
track:310, 815, 628, 269, 226
track:311, 813, 611, 269, 226
track:312, 820, 607, 256, 215
track:313, 813, 602, 269, 226
track:314, 814, 595, 269, 226
track:315, 814, 586, 269, 226
track:316, 814, 579, 269, 226
track:317, 816, 568, 269, 226
track:318, 822, 572, 256, 215
track:319, 825, 573, 256, 215
track:320, 836, 566, 244, 205
track:321, 839, 562, 244, 205
track:322, 843, 565, 232, 195
track:323, 844, 563, 232, 195
track:324, 843, 566, 232, 195
track:325, 846, 569, 221, 186
track:326, 845, 562, 221, 186
track:327, 844, 562, 221, 186
track:328, 844, 562, 221, 186
track:329, 843, 569, 221, 186
track:330, 840, 577, 221, 186
track:331, 846, 584, 211, 177
track:332, 843, 586, 211, 177
track:333, 841, 588, 211, 177
track:334, 841, 589, 211, 177
track:335, 845, 594, 201, 169
track:336, 840, 592, 211, 177
track:337, 840, 592, 211, 177
track:338, 845, 598, 201, 169
track:339, 846, 594, 201, 169
track:340, 847, 592, 201, 169
track:341, 846, 592, 201, 169
track:342, 846, 591, 201, 169
track:343, 847, 592, 201, 169
track:344, 847, 588, 201, 169
track:345, 847, 585, 201, 169
track:346, 847, 586, 201, 169
track:347, 847, 588, 201, 169
track:348, 847, 589, 201, 169
track:349, 850, 595, 191, 161
track:350, 857, 603, 182, 153
track:351, 862, 609, 173, 146
track:352, 863, 612, 173, 146
track:353, 863, 612, 173, 146
track:354, 862, 616, 173, 146
track:355, 866, 620, 165, 139
track:356, 866, 619, 165, 139
track:357, 865, 621, 165, 139
track:358, 864, 620, 165, 139
track:359, 864, 620, 165, 139
track:360, 862, 621, 165, 139
init :361, 872, 636, 138, 98
track:362, 871, 636, 138, 98
track:363, 871, 636, 138, 98
track:364, 871, 637, 138, 98
track:365, 871, 638, 138, 98
track:366, 871, 639, 138, 98
track:367, 871, 640, 138, 98
track:368, 871, 641, 138, 98
track:369, 870, 641, 138, 98
track:370, 869, 647, 138, 98
track:371, 868, 652, 138, 98
track:372, 871, 658, 131, 93
track:373, 870, 659, 131, 93
track:374, 870, 661, 131, 93
track:375, 868, 661, 131, 93
track:376, 866, 662, 131, 93
track:377, 865, 663, 131, 93
track:378, 864, 663, 131, 93
track:379, 864, 664, 131, 93
track:380, 864, 663, 131, 93
track:381, 864, 662, 131, 93
track:382, 861, 662, 131, 93
track:383, 860, 662, 131, 93
track:384, 862, 664, 125, 89
track:385, 861, 662, 125, 89
track:386, 864, 663, 119, 85
track:387, 864, 663, 119, 85
track:388, 864, 664, 119, 85
track:389, 863, 663, 119, 85
track:390, 863, 663, 119, 85
track:391, 864, 665, 119, 85
track:392, 863, 668, 119, 85
track:393, 863, 669, 119, 85
track:394, 863, 669, 119, 85
track:395, 866, 677, 114, 81
track:396, 867, 680, 114, 81
track:397, 869, 684, 114, 81
track:398, 870, 685, 114, 81
track:399, 870, 689, 114, 81
track:400, 872, 693, 114, 81
track:401, 871, 698, 119, 85
track:402, 871, 700, 119, 85
track:403, 871, 702, 119, 85
track:404, 875, 706, 114, 81
track:405, 875, 706, 114, 81
track:406, 876, 706, 114, 81
track:407, 876, 706, 114, 81
track:408, 877, 706, 114, 81
track:409, 878, 705, 114, 81
track:410, 880, 704, 108, 77
track:411, 881, 701, 108, 77
track:412, 882, 700, 108, 77
track:413, 882, 700, 108, 77
track:414, 882, 698, 108, 77
track:415, 882, 700, 108, 77
track:416, 879, 700, 114, 81
track:417, 879, 700, 114, 81
track:418, 879, 700, 114, 81
track:419, 880, 700, 114, 81
track:420, 878, 701, 114, 81
init :421, 876, 700, 110, 83
track:422, 876, 699, 110, 83
track:423, 876, 697, 110, 83
track:424, 876, 695, 110, 83
track:425, 876, 694, 110, 83
track:426, 875, 692, 110, 83
track:427, 874, 690, 110, 83
track:428, 873, 690, 110, 83
track:429, 873, 690, 110, 83
track:430, 873, 690, 110, 83
track:431, 873, 691, 110, 83
track:432, 872, 690, 110, 83
track:433, 872, 690, 110, 83
track:434, 871, 690, 110, 83
track:435, 870, 690, 110, 83
track:436, 869, 691, 110, 83
track:437, 869, 692, 110, 83
track:438, 869, 693, 110, 83
track:439, 870, 694, 110, 83
track:440, 868, 694, 115, 87
track:441, 868, 693, 115, 87
track:442, 866, 691, 121, 92
track:443, 867, 691, 121, 92
track:444, 867, 692, 121, 92
track:445, 866, 692, 121, 92
track:446, 867, 694, 121, 92
track:447, 867, 692, 121, 92
track:448, 867, 693, 121, 92
track:449, 867, 691, 121, 92
track:450, 868, 691, 121, 92
track:451, 867, 692, 121, 92
track:452, 869, 694, 121, 92
track:453, 869, 694, 121, 92
track:454, 870, 694, 121, 92
track:455, 871, 695, 121, 92
track:456, 872, 695, 121, 92
track:457, 871, 695, 121, 92
track:458, 871, 695, 121, 92
track:459, 870, 694, 121, 92
track:460, 871, 692, 121, 92
track:461, 871, 692, 121, 92
track:462, 871, 691, 121, 92
track:463, 871, 691, 121, 92
track:464, 868, 685, 127, 96
track:465, 867, 684, 127, 96
track:466, 867, 685, 127, 96
track:467, 868, 685, 127, 96
track:468, 867, 685, 127, 96
track:469, 867, 686, 127, 96
track:470, 869, 687, 127, 96
track:471, 870, 688, 127, 96
track:472, 867, 687, 134, 101
track:473, 867, 689, 134, 101
track:474, 864, 689, 140, 106
track:475, 866, 689, 140, 106
track:476, 868, 688, 140, 106
track:477, 868, 688, 140, 106
track:478, 870, 687, 140, 106
track:479, 868, 682, 147, 111
track:480, 866, 673, 155, 117
init :481, 872, 669, 147, 124
track:482, 872, 669, 147, 124
track:483, 875, 663, 147, 124
track:484, 876, 662, 147, 124
track:485, 874, 658, 154, 130
track:486, 875, 663, 154, 130
track:487, 875, 663, 154, 130
track:488, 873, 667, 154, 130
track:490, 871, 671, 154, 130
track:491, 868, 672, 154, 130
track:492, 863, 670, 162, 137
track:493, 861, 670, 162, 137
track:494, 861, 669, 162, 137
track:495, 854, 660, 170, 144
track:496, 852, 655, 170, 144
track:497, 851, 654, 170, 144
track:498, 850, 651, 170, 144
track:499, 849, 648, 170, 144
track:500, 847, 642, 170, 144
track:501, 848, 638, 170, 144
track:502, 848, 638, 170, 144
track:503, 846, 636, 170, 144
track:504, 847, 634, 170, 144
track:505, 846, 633, 170, 144
track:506, 845, 632, 170, 144
track:507, 846, 632, 170, 144
track:508, 846, 631, 170, 144
track:509, 846, 627, 170, 144
track:510, 846, 623, 170, 144
track:511, 844, 621, 170, 144
track:512, 845, 621, 170, 144
track:513, 844, 621, 170, 144
track:514, 845, 622, 170, 144
track:515, 845, 622, 170, 144
track:516, 849, 625, 162, 137
track:517, 848, 625, 162, 137
track:518, 849, 623, 162, 137
track:519, 848, 622, 162, 137
track:520, 850, 621, 162, 137
track:521, 850, 620, 162, 137
track:522, 849, 620, 162, 137
track:523, 849, 621, 162, 137
track:524, 850, 623, 162, 137
track:525, 852, 624, 162, 137
track:526, 853, 626, 162, 137
track:527, 853, 627, 162, 137
track:528, 855, 628, 154, 130
track:529, 855, 628, 154, 130
track:530, 861, 629, 147, 124
track:531, 862, 629, 147, 124
track:532, 866, 631, 140, 118
track:533, 867, 632, 140, 118
track:534, 868, 632, 140, 118
track:535, 871, 635, 133, 112
track:536, 870, 637, 133, 112
track:537, 870, 638, 133, 112
track:538, 870, 638, 133, 112
track:539, 874, 644, 127, 107
track:540, 873, 643, 127, 107
init :543, 876, 649, 120, 90
track:544, 876, 649, 120, 90
track:546, 875, 656, 120, 90
track:547, 874, 656, 120, 90
track:548, 873, 659, 120, 90
track:549, 873, 661, 120, 90
track:550, 872, 662, 120, 90
track:551, 874, 666, 114, 86
track:552, 874, 666, 114, 86
track:553, 873, 666, 114, 86
track:554, 872, 665, 114, 86
track:555, 872, 665, 114, 86
track:556, 871, 666, 114, 86
track:557, 871, 666, 114, 86
track:558, 870, 671, 114, 86
track:559, 873, 675, 109, 82
track:560, 874, 678, 109, 82
track:561, 876, 683, 104, 78
track:562, 876, 683, 104, 78
track:563, 876, 685, 104, 78
track:564, 876, 687, 104, 78
track:565, 875, 688, 104, 78
track:566, 877, 691, 99, 74
track:567, 877, 692, 99, 74
track:568, 878, 695, 99, 74
track:569, 879, 695, 99, 74
track:570, 878, 698, 99, 74
track:571, 878, 701, 99, 74
track:572, 878, 701, 99, 74
track:573, 879, 704, 99, 74
track:574, 880, 706, 99, 74
track:575, 881, 705, 99, 74
track:576, 877, 701, 104, 78
track:577, 878, 701, 104, 78
track:578, 878, 698, 104, 78
track:579, 878, 697, 104, 78
track:580, 880, 696, 104, 78
track:581, 881, 696, 104, 78
track:582, 880, 697, 104, 78
track:583, 879, 699, 104, 78
track:584, 880, 701, 104, 78
track:585, 879, 701, 104, 78
track:586, 879, 701, 104, 78
track:587, 880, 701, 104, 78
track:588, 880, 702, 104, 78
track:589, 878, 699, 109, 82
track:590, 877, 699, 109, 82
track:591, 875, 701, 109, 82
track:592, 875, 701, 109, 82
track:593, 873, 700, 109, 82
track:594, 874, 698, 109, 82
track:595, 875, 689, 109, 82
track:596, 874, 687, 109, 82
track:597, 873, 687, 109, 82
track:598, 873, 683, 109, 82
track:599, 872, 676, 109, 82
track:600, 872, 673, 109, 82
init :601, 867, 664, 115, 103
track:602, 867, 664, 115, 103
track:603, 867, 663, 115, 103
track:604, 865, 660, 115, 103
track:605, 865, 657, 115, 103
track:606, 866, 656, 115, 103
track:607, 865, 656, 115, 103
track:608, 866, 656, 115, 103
track:609, 867, 655, 115, 103
track:610, 867, 656, 115, 103
track:611, 867, 660, 115, 103
track:612, 864, 659, 121, 108
track:613, 863, 661, 121, 108
track:614, 864, 663, 121, 108
track:615, 865, 666, 121, 108
track:616, 864, 669, 121, 108
track:617, 861, 667, 127, 114
track:618, 861, 667, 127, 114
track:619, 860, 665, 127, 114
track:620, 861, 664, 127, 114
track:621, 862, 664, 127, 114
track:622, 862, 664, 127, 114
track:623, 861, 663, 127, 114
track:624, 860, 661, 127, 114
track:625, 861, 661, 127, 114
track:626, 862, 662, 127, 114
track:627, 863, 663, 127, 114
track:628, 863, 664, 127, 114
track:629, 863, 663, 127, 114
track:630, 859, 658, 133, 119
track:631, 859, 658, 133, 119
track:632, 859, 658, 133, 119
track:633, 862, 660, 133, 119
track:634, 862, 664, 133, 119
track:635, 862, 667, 133, 119
track:636, 859, 665, 140, 125
track:637, 860, 665, 140, 125
track:638, 861, 665, 140, 125
track:639, 859, 664, 147, 131
track:640, 859, 664, 147, 131
track:641, 859, 661, 147, 131
track:642, 859, 661, 147, 131
track:643, 858, 658, 147, 131
track:644, 858, 658, 147, 131
track:645, 859, 648, 147, 131
track:646, 860, 647, 147, 131
track:647, 860, 647, 147, 131
track:648, 860, 646, 147, 131
track:649, 860, 646, 147, 131
track:650, 862, 647, 147, 131
track:651, 864, 647, 147, 131
track:652, 864, 646, 147, 131
track:653, 865, 646, 147, 131
track:654, 865, 647, 147, 131
track:655, 867, 651, 147, 131
track:656, 867, 653, 147, 131
track:657, 868, 654, 147, 131
track:658, 870, 657, 147, 131
track:659, 871, 656, 147, 131
track:660, 871, 656, 147, 131
init :661, 876, 662, 143, 111
track:662, 876, 662, 143, 111
track:663, 877, 662, 143, 111
track:664, 878, 660, 143, 111
track:665, 880, 659, 143, 111
track:666, 880, 657, 143, 111
track:667, 875, 654, 150, 117
track:668, 876, 652, 150, 117
track:669, 877, 652, 150, 117
track:670, 877, 652, 150, 117
track:671, 875, 652, 150, 117
track:672, 874, 653, 150, 117
track:673, 872, 653, 150, 117
track:674, 870, 651, 150, 117
track:675, 871, 650, 150, 117
track:676, 870, 650, 150, 117
track:677, 873, 651, 143, 111
track:678, 871, 654, 143, 111
track:679, 871, 664, 143, 111
track:680, 872, 671, 143, 111
track:681, 872, 673, 143, 111
track:682, 872, 673, 143, 111
track:683, 870, 671, 143, 111
track:684, 868, 671, 143, 111
track:685, 868, 673, 143, 111
track:686, 869, 676, 143, 111
track:687, 868, 677, 143, 111
track:688, 864, 674, 150, 117
track:689, 863, 672, 150, 117
track:690, 862, 670, 150, 117
track:691, 861, 668, 150, 117
track:692, 861, 668, 150, 117
track:693, 861, 668, 150, 117
track:694, 861, 667, 150, 117
track:695, 862, 666, 150, 117
track:696, 860, 664, 150, 117
track:697, 860, 664, 150, 117
track:698, 858, 662, 150, 117
track:699, 855, 664, 150, 117
track:700, 855, 665, 150, 117
track:701, 855, 666, 150, 117
track:702, 856, 666, 150, 117
track:703, 856, 669, 150, 117
track:704, 854, 676, 150, 117
track:705, 853, 679, 150, 117
track:706, 852, 681, 150, 117
track:707, 851, 681, 150, 117
track:708, 851, 683, 150, 117
track:709, 851, 683, 150, 117
track:710, 851, 682, 150, 117
track:711, 851, 681, 150, 117
track:712, 847, 675, 158, 122
track:713, 847, 673, 158, 122
track:714, 846, 673, 158, 122
track:715, 846, 675, 158, 122
track:716, 846, 675, 158, 122
track:717, 846, 677, 158, 122
track:718, 848, 677, 158, 122
track:719, 852, 681, 150, 117
track:720, 852, 682, 150, 117
init :721, 853, 675, 147, 124
track:722, 853, 675, 147, 124
track:723, 853, 675, 147, 124
track:724, 854, 671, 147, 124
track:725, 854, 668, 147, 124
track:726, 854, 668, 147, 124
track:727, 854, 666, 147, 124
track:728, 855, 663, 147, 124
track:729, 852, 654, 154, 130
track:730, 852, 652, 154, 130
track:731, 853, 651, 154, 130
track:732, 853, 653, 154, 130
track:733, 852, 651, 154, 130
track:734, 853, 647, 154, 130
track:735, 854, 643, 154, 130
track:736, 855, 641, 154, 130
track:737, 854, 640, 154, 130
track:738, 853, 638, 154, 130
track:739, 850, 636, 162, 137
track:740, 852, 638, 162, 137
track:741, 852, 638, 162, 137
track:742, 853, 639, 162, 137
track:743, 851, 639, 162, 137
track:744, 850, 640, 162, 137
track:745, 851, 638, 162, 137
track:746, 851, 637, 162, 137
track:747, 851, 635, 162, 137
track:748, 852, 626, 162, 137
track:749, 851, 621, 162, 137
track:750, 848, 621, 162, 137
track:751, 848, 620, 162, 137
track:752, 848, 622, 162, 137
track:753, 850, 624, 162, 137
track:754, 852, 624, 162, 137
track:755, 855, 623, 162, 137
track:756, 855, 623, 162, 137
track:757, 856, 622, 162, 137
track:758, 855, 619, 162, 137
track:759, 853, 623, 162, 137
track:760, 855, 626, 162, 137
track:761, 854, 627, 162, 137
track:762, 856, 628, 162, 137
track:763, 859, 627, 162, 137
track:764, 860, 627, 162, 137
track:765, 859, 628, 162, 137
track:766, 859, 627, 162, 137
track:767, 857, 627, 162, 137
track:768, 861, 632, 154, 130
track:769, 861, 633, 154, 130
track:770, 864, 644, 154, 130
track:771, 865, 643, 154, 130
track:772, 866, 643, 154, 130
track:773, 866, 641, 154, 130
track:774, 871, 644, 147, 124
track:775, 872, 644, 147, 124
track:776, 872, 644, 147, 124
track:777, 872, 643, 147, 124
track:778, 874, 643, 147, 124
track:779, 875, 642, 147, 124
track:780, 874, 642, 147, 124
init :781, 881, 651, 133, 98
track:782, 881, 651, 133, 98
track:783, 880, 652, 133, 98
track:784, 880, 652, 133, 98
track:785, 879, 653, 133, 98
track:786, 879, 653, 133, 98
track:787, 878, 653, 133, 98
track:788, 881, 655, 127, 93
track:789, 881, 656, 127, 93
track:790, 880, 656, 127, 93
track:791, 880, 656, 127, 93
track:792, 879, 655, 127, 93
track:793, 879, 656, 127, 93
track:794, 879, 657, 127, 93
track:795, 879, 661, 127, 93
track:796, 879, 662, 127, 93
track:797, 879, 661, 127, 93
track:798, 879, 660, 127, 93
track:799, 879, 662, 127, 93
track:800, 880, 663, 127, 93
track:801, 879, 663, 127, 93
track:802, 879, 664, 127, 93
track:803, 878, 664, 127, 93
track:804, 875, 663, 133, 98
track:805, 878, 665, 127, 93
track:806, 877, 666, 127, 93
track:807, 877, 665, 127, 93
track:808, 876, 666, 127, 93
track:809, 876, 668, 127, 93
track:810, 877, 669, 127, 93
track:811, 878, 671, 127, 93
track:812, 877, 672, 127, 93
track:813, 874, 672, 127, 93
track:814, 873, 672, 127, 93
track:815, 872, 671, 127, 93
track:816, 872, 671, 127, 93
track:817, 872, 673, 127, 93
track:818, 871, 681, 127, 93
track:819, 867, 680, 133, 98
track:820, 862, 689, 140, 103
track:821, 861, 690, 140, 103
track:822, 861, 690, 140, 103
track:823, 858, 687, 147, 108
track:824, 853, 683, 154, 113
track:825, 852, 683, 154, 113
track:826, 852, 683, 154, 113
track:827, 851, 688, 154, 113
track:828, 852, 692, 154, 113
track:829, 853, 695, 154, 113
track:830, 854, 696, 154, 113
track:831, 855, 697, 154, 113
track:832, 855, 697, 154, 113
track:833, 854, 694, 162, 119
track:834, 856, 686, 162, 119
track:835, 854, 677, 162, 119
track:836, 855, 678, 162, 119
track:837, 855, 672, 162, 119
track:838, 854, 671, 162, 119
track:839, 852, 667, 162, 119
track:840, 850, 662, 162, 119
init :841, 840, 646, 180, 163
track:842, 839, 645, 180, 163
track:843, 837, 643, 180, 163
track:844, 836, 639, 180, 163
track:845, 831, 625, 180, 163
track:846, 831, 625, 180, 163
track:847, 830, 621, 180, 163
track:848, 829, 613, 180, 163
track:849, 829, 612, 180, 163
track:850, 823, 607, 189, 171
track:851, 823, 607, 189, 171
track:852, 822, 598, 198, 180
track:853, 825, 594, 198, 180
track:854, 827, 595, 198, 180
track:855, 822, 593, 208, 189
track:856, 823, 594, 208, 189
track:857, 827, 600, 198, 180
track:858, 828, 597, 198, 180
track:859, 829, 594, 198, 180
track:860, 829, 591, 198, 180
track:861, 829, 592, 198, 180
track:862, 829, 593, 198, 180
track:863, 830, 597, 198, 180
track:864, 831, 603, 198, 180
track:865, 831, 609, 198, 180
track:866, 830, 610, 198, 180
track:867, 835, 618, 189, 171
track:868, 840, 625, 180, 163
track:869, 841, 626, 180, 163
track:870, 841, 630, 180, 163
track:871, 841, 631, 180, 163
track:872, 842, 630, 180, 163
track:873, 842, 631, 180, 163
track:874, 848, 635, 171, 155
track:875, 853, 639, 163, 148
track:876, 852, 638, 163, 148
track:877, 853, 639, 163, 148
track:878, 855, 639, 163, 148
track:879, 856, 638, 163, 148
track:880, 857, 638, 163, 148
track:881, 857, 638, 163, 148
track:882, 857, 637, 163, 148
track:883, 859, 637, 163, 148
track:884, 861, 636, 163, 148
track:885, 866, 640, 155, 141
track:886, 866, 640, 155, 141
track:887, 867, 641, 155, 141
track:888, 868, 641, 155, 141
track:889, 869, 639, 155, 141
track:890, 870, 637, 155, 141
track:891, 871, 637, 155, 141
track:892, 877, 640, 148, 134
track:893, 877, 638, 148, 134
track:894, 878, 637, 148, 134
track:895, 879, 637, 148, 134
track:896, 879, 637, 148, 134
track:897, 878, 637, 148, 134
track:898, 880, 640, 141, 128
track:899, 879, 639, 141, 128
track:900, 878, 640, 141, 128
init :901, 881, 651, 124, 93
track:902, 880, 652, 124, 93
track:903, 880, 653, 124, 93
track:904, 881, 653, 124, 93
track:905, 880, 654, 124, 93
track:906, 881, 654, 124, 93
track:907, 856, 634, 124, 93
track:908, 847, 634, 124, 93
track:909, 849, 641, 124, 93
track:910, 842, 642, 124, 93
track:911, 844, 643, 124, 93
track:912, 840, 645, 130, 98
track:913, 837, 644, 137, 103
track:914, 833, 646, 137, 103
track:915, 831, 644, 144, 108
track:916, 831, 643, 144, 108
track:917, 830, 645, 144, 108
track:918, 831, 645, 144, 108
track:919, 826, 644, 151, 113
track:920, 821, 641, 158, 119
track:921, 819, 640, 158, 119
track:922, 815, 640, 158, 119
track:923, 810, 640, 158, 119
track:924, 805, 641, 158, 119
track:925, 796, 637, 166, 125
track:926, 796, 635, 166, 125
track:927, 791, 635, 166, 125
track:928, 783, 638, 166, 125
track:929, 777, 637, 166, 125
track:930, 774, 635, 166, 125
track:931, 774, 634, 166, 125
track:932, 770, 632, 166, 125
track:933, 771, 631, 166, 125
track:934, 771, 628, 166, 125
track:935, 771, 625, 166, 125
track:936, 771, 624, 166, 125
track:937, 771, 622, 166, 125
track:938, 771, 619, 166, 125
track:939, 773, 620, 166, 125
track:940, 772, 616, 166, 125
track:941, 772, 617, 166, 125
track:942, 773, 616, 166, 125
track:943, 773, 616, 166, 125
track:944, 772, 615, 166, 125
track:945, 771, 614, 166, 125
track:946, 771, 615, 166, 125
track:947, 768, 619, 158, 119
track:948, 762, 616, 166, 125
track:949, 758, 617, 166, 125
track:950, 756, 618, 166, 125
track:951, 755, 619, 166, 125
track:952, 754, 620, 166, 125
track:953, 748, 622, 166, 125
track:954, 747, 623, 166, 125
track:955, 746, 624, 166, 125
track:956, 747, 625, 166, 125
track:957, 748, 625, 166, 125
track:958, 744, 627, 166, 125
track:959, 744, 628, 166, 125
track:960, 745, 628, 166, 125
init :961, 747, 584, 383, 236
track:962, 746, 585, 383, 236
track:963, 744, 587, 383, 236
track:964, 744, 587, 383, 236
track:965, 743, 587, 383, 236
track:966, 741, 588, 383, 236
track:967, 739, 589, 383, 236
track:968, 737, 589, 383, 236
track:969, 729, 590, 383, 236
track:970, 729, 589, 383, 236
track:971, 728, 590, 383, 236
track:972, 721, 593, 383, 236
track:973, 718, 591, 383, 236
track:974, 711, 592, 383, 236
track:975, 719, 597, 365, 225
track:976, 715, 597, 365, 225
track:977, 712, 598, 365, 225
track:978, 711, 598, 365, 225
track:979, 708, 597, 365, 225
track:980, 702, 594, 383, 236
track:981, 703, 593, 383, 236
track:982, 701, 594, 383, 236
track:983, 702, 595, 383, 236
track:984, 704, 594, 383, 236
track:985, 706, 594, 383, 236
track:986, 706, 596, 383, 236
track:987, 700, 589, 402, 248
track:988, 699, 590, 402, 248
track:989, 703, 587, 402, 248
track:990, 703, 588, 402, 248
track:991, 714, 596, 383, 236
track:992, 709, 596, 383, 236
track:993, 714, 597, 383, 236
track:994, 711, 595, 383, 236
track:995, 712, 595, 383, 236
track:996, 713, 591, 383, 236
track:997, 717, 593, 383, 236
track:998, 712, 588, 383, 236
track:999, 723, 590, 365, 225
track:1000, 733, 595, 347, 214
track:1001, 734, 593, 347, 214
track:1002, 740, 591, 347, 214
track:1003, 746, 586, 347, 214
track:1004, 748, 583, 347, 214
track:1005, 755, 587, 331, 204
track:1006, 759, 585, 331, 204
track:1007, 764, 582, 331, 204
track:1008, 754, 576, 347, 214
track:1009, 755, 573, 347, 214
track:1010, 756, 571, 347, 214
track:1011, 755, 575, 331, 204
track:1012, 752, 577, 331, 204
track:1013, 759, 580, 315, 194
track:1014, 753, 579, 315, 194
track:1015, 751, 577, 315, 194
track:1016, 756, 580, 300, 185
track:1017, 760, 584, 286, 176
track:1018, 757, 584, 286, 176
track:1019, 757, 583, 286, 176
track:1020, 756, 584, 286, 176
init :1021, 752, 576, 466, 184
track:1022, 751, 575, 466, 184
track:1023, 749, 573, 466, 184
track:1024, 746, 572, 466, 184
track:1025, 749, 571, 466, 184
track:1026, 745, 571, 466, 184
track:1027, 752, 576, 444, 175
track:1028, 746, 577, 444, 175
track:1029, 742, 578, 444, 175
track:1030, 753, 584, 423, 167
track:1031, 760, 587, 403, 159
track:1032, 745, 584, 423, 167
track:1033, 742, 585, 423, 167
track:1034, 739, 588, 423, 167
track:1035, 743, 590, 423, 167
track:1036, 738, 590, 423, 167
track:1037, 734, 592, 423, 167
track:1038, 721, 590, 444, 175
track:1039, 720, 593, 444, 175
track:1040, 719, 594, 444, 175
track:1041, 716, 595, 444, 175
track:1042, 717, 599, 444, 175
track:1043, 714, 600, 444, 175
track:1044, 725, 605, 423, 167
track:1045, 728, 604, 423, 167
track:1046, 728, 607, 423, 167
track:1047, 731, 610, 423, 167
track:1048, 732, 611, 423, 167
track:1049, 736, 611, 423, 167
track:1050, 739, 610, 423, 167
track:1051, 734, 605, 444, 175
track:1052, 739, 603, 444, 175
track:1053, 745, 604, 444, 175
track:1054, 764, 607, 423, 167
track:1055, 774, 610, 403, 159
track:1056, 779, 609, 403, 159
track:1057, 784, 608, 403, 159
track:1058, 786, 610, 403, 159
track:1059, 784, 610, 403, 159
track:1060, 782, 611, 403, 159
track:1061, 779, 612, 403, 159
track:1062, 772, 606, 423, 167
track:1063, 770, 606, 423, 167
track:1064, 767, 607, 423, 167
track:1065, 775, 610, 403, 159
track:1066, 775, 614, 383, 151
track:1067, 762, 614, 383, 151
track:1068, 755, 613, 383, 151
track:1069, 745, 612, 383, 151
track:1070, 755, 615, 365, 144
track:1071, 748, 618, 365, 144
track:1072, 728, 617, 365, 144
track:1073, 721, 620, 365, 144
track:1074, 694, 619, 365, 144
track:1075, 695, 618, 365, 144
track:1076, 689, 617, 365, 144
track:1077, 683, 617, 365, 144
track:1078, 665, 618, 365, 144
track:1079, 658, 619, 365, 144
track:1080, 654, 620, 365, 144
init :1081, 673, 625, 443, 135
track:1082, 667, 626, 443, 135
track:1083, 663, 628, 443, 135
track:1084, 662, 629, 443, 135
track:1085, 662, 629, 443, 135
track:1086, 664, 629, 443, 135
track:1087, 666, 630, 443, 135
track:1088, 655, 627, 465, 142
track:1089, 655, 628, 465, 142
track:1090, 645, 625, 488, 149
track:1091, 659, 628, 465, 142
track:1092, 656, 629, 465, 142
track:1093, 658, 631, 465, 142
track:1094, 659, 631, 465, 142
track:1095, 661, 631, 465, 142
track:1096, 659, 632, 465, 142
track:1097, 662, 634, 465, 142
track:1098, 664, 634, 465, 142
track:1099, 664, 634, 465, 142
track:1100, 665, 634, 465, 142
track:1101, 666, 634, 465, 142
track:1102, 658, 633, 488, 149
track:1103, 655, 633, 488, 149
track:1104, 656, 635, 488, 149
track:1105, 655, 635, 488, 149
track:1106, 648, 635, 488, 149
track:1107, 662, 639, 465, 142
track:1108, 646, 635, 488, 149
track:1109, 650, 637, 488, 149
track:1110, 645, 638, 488, 149
track:1111, 639, 639, 488, 149
track:1112, 625, 635, 513, 156
track:1113, 626, 637, 513, 156
track:1114, 599, 640, 538, 164
track:1115, 613, 644, 513, 156
track:1116, 632, 646, 488, 149
track:1117, 612, 643, 513, 156
track:1118, 620, 646, 488, 149
track:1119, 621, 647, 488, 149
track:1120, 630, 650, 465, 142
track:1121, 637, 650, 465, 142
track:1122, 635, 651, 465, 142
track:1123, 643, 655, 443, 135
track:1124, 626, 656, 465, 142
track:1125, 632, 655, 465, 142
track:1126, 640, 653, 465, 142
track:1127, 640, 654, 465, 142
track:1128, 638, 653, 465, 142
track:1129, 645, 649, 465, 142
track:1130, 644, 649, 465, 142
track:1131, 664, 651, 443, 135
track:1132, 747, 647, 465, 142
track:1133, 758, 652, 443, 135
track:1134, 748, 654, 443, 135
track:1135, 762, 649, 443, 135
track:1136, 766, 652, 422, 129
track:1137, 759, 648, 443, 135
track:1138, 763, 649, 443, 135
track:1139, 762, 649, 443, 135
track:1140, 765, 647, 443, 135
init :1141, 830, 630, 216, 181
track:1142, 826, 630, 216, 181
track:1143, 816, 630, 216, 181
track:1144, 807, 631, 216, 181
track:1145, 806, 632, 216, 181
track:1146, 798, 631, 216, 181
track:1147, 791, 631, 216, 181
track:1148, 785, 637, 206, 172
track:1149, 775, 631, 216, 181
track:1150, 777, 631, 216, 181
track:1151, 776, 631, 216, 181
track:1152, 775, 631, 216, 181
track:1153, 771, 632, 216, 181
track:1154, 775, 638, 206, 172
track:1155, 769, 639, 206, 172
track:1156, 773, 642, 206, 172
track:1157, 774, 644, 206, 172
track:1158, 774, 643, 206, 172
track:1159, 777, 640, 206, 172
track:1160, 778, 640, 206, 172
track:1161, 778, 641, 206, 172
track:1162, 784, 636, 216, 181
track:1163, 781, 637, 216, 181
track:1164, 788, 640, 216, 181
track:1165, 787, 638, 216, 181
track:1166, 780, 639, 216, 181
track:1167, 784, 644, 206, 172
track:1168, 776, 645, 206, 172
track:1169, 773, 644, 206, 172
track:1170, 772, 644, 206, 172
track:1171, 768, 644, 206, 172
track:1172, 761, 642, 206, 172
track:1173, 761, 643, 206, 172
track:1174, 746, 636, 216, 181
track:1175, 749, 636, 216, 181
track:1176, 750, 634, 216, 181
track:1177, 751, 635, 216, 181
track:1178, 747, 631, 216, 181
track:1179, 747, 629, 216, 181
track:1180, 756, 634, 206, 172
track:1181, 754, 632, 206, 172
track:1182, 756, 629, 206, 172
track:1183, 767, 633, 196, 164
track:1184, 757, 636, 187, 156
track:1185, 760, 637, 187, 156
track:1186, 766, 640, 178, 149
track:1187, 773, 638, 178, 149
track:1188, 774, 636, 178, 149
track:1189, 773, 639, 169, 142
track:1190, 776, 639, 169, 142
track:1191, 779, 637, 169, 142
track:1192, 786, 637, 161, 135
track:1193, 786, 634, 161, 135
track:1194, 786, 634, 154, 129
track:1195, 790, 638, 146, 123
track:1196, 786, 634, 146, 123
track:1197, 785, 634, 146, 123
track:1198, 788, 634, 139, 117
track:1199, 787, 633, 139, 117
track:1200, 787, 633, 139, 117
init :1201, 798, 630, 364, 109
track:1202, 798, 630, 364, 109
track:1203, 799, 630, 364, 109
track:1204, 813, 633, 347, 104
track:1205, 813, 633, 347, 104
track:1206, 818, 633, 347, 104
track:1207, 822, 634, 347, 104
track:1208, 826, 634, 347, 104
track:1209, 826, 634, 347, 104
track:1210, 833, 634, 347, 104
track:1211, 840, 635, 347, 104
track:1212, 834, 633, 364, 109
track:1213, 833, 633, 364, 109
track:1214, 836, 634, 364, 109
track:1215, 845, 638, 347, 104
track:1216, 846, 639, 347, 104
track:1217, 848, 639, 347, 104
track:1218, 857, 642, 330, 99
track:1219, 856, 641, 330, 99
track:1220, 852, 642, 330, 99
track:1221, 850, 643, 330, 99
track:1222, 852, 644, 330, 99
track:1223, 849, 645, 330, 99
track:1224, 851, 645, 330, 99
track:1225, 854, 646, 330, 99
track:1226, 861, 648, 314, 94
track:1227, 864, 648, 314, 94
track:1228, 865, 649, 314, 94
track:1229, 861, 650, 314, 94
track:1230, 867, 651, 299, 90
track:1231, 877, 654, 285, 85
track:1232, 877, 654, 285, 85
track:1233, 873, 655, 285, 85
track:1234, 873, 656, 285, 85
track:1235, 872, 658, 285, 85
track:1236, 878, 659, 272, 81
track:1237, 883, 660, 259, 77
track:1238, 889, 659, 246, 74
track:1239, 889, 659, 246, 74
track:1240, 897, 660, 235, 70
track:1241, 890, 659, 246, 74
track:1242, 889, 662, 246, 74
track:1243, 880, 662, 259, 77
track:1244, 887, 664, 246, 74
track:1245, 879, 664, 246, 74
track:1246, 879, 669, 246, 74
track:1247, 875, 673, 259, 77
track:1248, 882, 680, 246, 74
track:1249, 880, 680, 246, 74
track:1250, 885, 686, 235, 70
track:1251, 891, 689, 223, 67
track:1252, 892, 689, 223, 67
track:1253, 891, 689, 223, 67
track:1254, 892, 689, 223, 67
track:1255, 892, 688, 235, 70
track:1256, 895, 688, 235, 70
track:1257, 885, 687, 246, 74
track:1258, 878, 689, 246, 74
track:1259, 880, 691, 246, 74
track:1260, 879, 692, 246, 74
init :1261, 793, 589, 73, 51
track:1262, 820, 590, 73, 51
track:1263, 846, 588, 77, 54
track:1264, 847, 588, 77, 54
track:1265, 861, 589, 77, 54
track:1266, 894, 589, 77, 54
track:1267, 918, 589, 77, 54
track:1268, 917, 583, 73, 51
track:1269, 919, 584, 70, 49
track:1270, 940, 586, 70, 49
track:1271, 954, 584, 66, 46
track:1272, 969, 582, 66, 46
track:1273, 971, 587, 66, 46
track:1274, 949, 582, 66, 46
track:1275, 942, 589, 66, 46
track:1276, 950, 593, 66, 46
track:1277, 954, 592, 70, 49
track:1278, 963, 587, 70, 49
track:1279, 962, 588, 70, 49
track:1280, 977, 588, 70, 49
track:1281, 988, 589, 73, 51
track:1282, 965, 588, 77, 54
track:1283, 963, 588, 77, 54
track:1284, 960, 588, 80, 56
track:1285, 951, 586, 85, 59
track:1286, 931, 586, 85, 59
track:1287, 924, 587, 85, 59
track:1288, 930, 589, 80, 56
track:1289, 930, 593, 77, 54
track:1290, 946, 595, 73, 51
track:1291, 959, 597, 73, 51
track:1292, 949, 596, 73, 51
track:1293, 957, 599, 70, 49
track:1294, 956, 596, 73, 51
track:1295, 973, 599, 77, 54
track:1296, 983, 603, 80, 56
track:1297, 1002, 610, 80, 56
track:1298, 1015, 610, 80, 56
track:1299, 1017, 611, 77, 54
track:1300, 1023, 612, 77, 54
track:1301, 1022, 610, 77, 54
track:1302, 1028, 611, 77, 54
track:1303, 1011, 602, 80, 56
track:1304, 1003, 595, 85, 59
track:1305, 982, 596, 89, 62
track:1306, 991, 595, 89, 62
track:1307, 1007, 595, 89, 62
track:1308, 1016, 596, 89, 62
track:1309, 1017, 594, 89, 62
track:1310, 1027, 595, 89, 62
track:1311, 1034, 597, 93, 65
track:1312, 1049, 600, 93, 65
track:1313, 1060, 603, 93, 65
track:1314, 1067, 603, 93, 65
track:1315, 1079, 603, 93, 65
track:1316, 1101, 605, 93, 65
track:1317, 1102, 604, 98, 68
track:1318, 1119, 609, 93, 65
track:1319, 1118, 605, 89, 62
track:1320, 1127, 606, 89, 62
init :1321, 858, 672, 166, 54
track:1322, 859, 672, 166, 54
track:1323, 864, 674, 166, 54
track:1324, 867, 675, 158, 51
track:1325, 867, 676, 158, 51
track:1326, 868, 676, 158, 51
track:1327, 867, 676, 166, 54
track:1328, 872, 678, 158, 51
track:1329, 872, 679, 158, 51
track:1330, 871, 679, 158, 51
track:1331, 871, 679, 158, 51
track:1332, 867, 679, 158, 51
track:1333, 863, 679, 158, 51
track:1334, 862, 679, 158, 51
track:1335, 858, 679, 158, 51
track:1336, 854, 679, 158, 51
track:1337, 850, 679, 158, 51
track:1338, 848, 678, 158, 51
track:1339, 847, 678, 158, 51
track:1340, 847, 679, 158, 51
track:1341, 847, 679, 158, 51
track:1342, 846, 679, 158, 51
track:1343, 843, 679, 166, 54
track:1344, 843, 679, 166, 54
track:1345, 843, 680, 166, 54
track:1346, 839, 679, 174, 57
track:1347, 840, 680, 174, 57
track:1348, 838, 680, 174, 57
track:1349, 837, 680, 174, 57
track:1350, 837, 680, 174, 57
track:1351, 834, 680, 174, 57
track:1352, 834, 681, 174, 57
track:1353, 838, 682, 166, 54
track:1354, 833, 681, 174, 57
track:1355, 830, 681, 183, 60
track:1356, 831, 681, 183, 60
track:1357, 835, 682, 174, 57
track:1358, 838, 684, 166, 54
track:1359, 838, 684, 166, 54
track:1360, 837, 684, 166, 54
track:1361, 840, 685, 158, 51
track:1362, 840, 686, 158, 51
track:1363, 840, 686, 158, 51
track:1364, 836, 686, 166, 54
track:1365, 838, 686, 166, 54
track:1366, 837, 686, 166, 54
track:1367, 837, 687, 166, 54
track:1368, 837, 687, 166, 54
track:1369, 838, 687, 166, 54
track:1370, 836, 688, 166, 54
track:1371, 828, 688, 174, 57
track:1372, 827, 688, 174, 57
track:1373, 824, 689, 174, 57
track:1374, 825, 689, 174, 57
track:1375, 824, 689, 174, 57
track:1376, 823, 689, 174, 57
track:1377, 821, 689, 174, 57
track:1378, 811, 690, 174, 57
track:1379, 812, 690, 174, 57
track:1380, 808, 691, 174, 57
init :1381, 816, 695, 193, 62
track:1382, 814, 696, 193, 62
track:1383, 812, 696, 193, 62
track:1384, 810, 697, 193, 62
track:1385, 813, 699, 184, 59
track:1386, 809, 698, 193, 62
track:1387, 810, 699, 193, 62
track:1388, 813, 700, 193, 62
track:1389, 815, 701, 193, 62
track:1390, 817, 702, 193, 62
track:1391, 825, 704, 184, 59
track:1392, 829, 705, 184, 59
track:1393, 833, 707, 184, 59
track:1394, 834, 707, 184, 59
track:1395, 837, 707, 184, 59
track:1396, 838, 708, 184, 59
track:1397, 834, 709, 193, 62
track:1398, 829, 709, 203, 65
track:1399, 833, 710, 193, 62
track:1400, 829, 711, 193, 62
track:1401, 821, 710, 203, 65
track:1402, 816, 711, 203, 65
track:1403, 810, 712, 203, 65
track:1404, 810, 712, 203, 65
track:1405, 806, 714, 203, 65
track:1406, 804, 714, 203, 65
track:1407, 799, 715, 203, 65
track:1408, 795, 715, 203, 65
track:1409, 795, 714, 203, 65
track:1410, 796, 714, 203, 65
track:1411, 795, 715, 203, 65
track:1412, 794, 715, 203, 65
track:1413, 798, 717, 203, 65
track:1414, 797, 717, 203, 65
track:1415, 797, 717, 203, 65
track:1416, 796, 718, 203, 65
track:1417, 796, 718, 203, 65
track:1418, 794, 719, 203, 65
track:1419, 794, 719, 203, 65
track:1420, 793, 720, 203, 65
track:1421, 786, 719, 213, 68
track:1422, 785, 720, 213, 68
track:1423, 785, 720, 213, 68
track:1424, 785, 720, 213, 68
track:1425, 786, 721, 213, 68
track:1426, 784, 721, 213, 68
track:1427, 783, 721, 213, 68
track:1428, 784, 722, 213, 68
track:1429, 779, 721, 223, 72
track:1430, 778, 721, 223, 72
track:1431, 776, 722, 223, 72
track:1432, 778, 725, 213, 68
track:1433, 777, 726, 213, 68
track:1434, 780, 727, 203, 65
track:1435, 779, 728, 203, 65
track:1436, 777, 729, 203, 65
track:1437, 776, 729, 203, 65
track:1438, 771, 729, 213, 68
track:1439, 771, 729, 213, 68
track:1440, 771, 731, 213, 68
init :1441, 784, 724, 244, 109
track:1442, 780, 724, 244, 109
track:1443, 778, 724, 244, 109
track:1444, 777, 724, 244, 109
track:1445, 772, 724, 244, 109
track:1446, 765, 725, 244, 109
track:1447, 762, 724, 244, 109
track:1448, 760, 724, 244, 109
track:1449, 759, 724, 244, 109
track:1450, 760, 722, 244, 109
track:1451, 762, 721, 244, 109
track:1452, 768, 723, 232, 104
track:1453, 769, 719, 244, 109
track:1454, 768, 721, 244, 109
track:1455, 774, 721, 244, 109
track:1456, 780, 721, 244, 109
track:1457, 790, 723, 244, 109
track:1458, 790, 723, 244, 109
track:1459, 791, 723, 244, 109
track:1460, 799, 725, 244, 109
track:1461, 809, 730, 232, 104
track:1462, 821, 735, 221, 99
track:1463, 821, 733, 221, 99
track:1464, 830, 738, 211, 94
track:1465, 839, 736, 211, 94
track:1466, 848, 743, 201, 90
track:1467, 844, 742, 211, 94
track:1468, 844, 743, 211, 94
track:1469, 844, 745, 211, 94
track:1470, 842, 746, 211, 94
track:1471, 840, 745, 211, 94
track:1472, 834, 742, 221, 99
track:1473, 831, 740, 221, 99
track:1474, 826, 733, 221, 99
track:1475, 820, 731, 232, 104
track:1476, 819, 732, 232, 104
track:1477, 828, 735, 221, 99
track:1478, 820, 732, 232, 104
track:1479, 819, 733, 232, 104
track:1480, 822, 734, 232, 104
track:1481, 822, 733, 232, 104
track:1482, 825, 737, 232, 104
track:1483, 822, 734, 232, 104
track:1484, 828, 732, 232, 104
track:1485, 830, 731, 221, 99
track:1486, 832, 727, 221, 99
track:1487, 840, 729, 221, 99
track:1488, 840, 728, 221, 99
track:1489, 848, 729, 211, 94
track:1490, 843, 727, 211, 94
track:1491, 848, 728, 201, 90
track:1492, 847, 725, 201, 90
track:1493, 851, 725, 191, 85
track:1494, 850, 724, 191, 85
track:1495, 846, 719, 191, 85
track:1496, 845, 717, 191, 85
track:1497, 835, 713, 182, 81
track:1498, 835, 711, 182, 81
track:1499, 833, 708, 182, 81
track:1500, 828, 706, 173, 77
init :1501, 835, 641, 300, 132
track:1502, 833, 639, 300, 132
track:1503, 832, 638, 300, 132
track:1504, 830, 636, 300, 132
track:1505, 825, 631, 300, 132
track:1506, 823, 629, 300, 132
track:1507, 822, 626, 300, 132
track:1508, 820, 625, 300, 132
track:1509, 820, 622, 300, 132
track:1510, 819, 620, 300, 132
track:1511, 818, 618, 300, 132
track:1512, 812, 616, 300, 132
track:1513, 818, 618, 286, 126
track:1514, 800, 616, 286, 126
track:1515, 779, 615, 286, 126
track:1516, 761, 621, 272, 120
track:1517, 735, 620, 272, 120
track:1518, 734, 620, 272, 120
track:1519, 707, 620, 272, 120
track:1520, 689, 621, 272, 120
track:1521, 666, 624, 272, 120
track:1522, 643, 619, 286, 126
track:1523, 647, 619, 286, 126
track:1524, 638, 624, 272, 120
track:1525, 644, 626, 259, 114
track:1526, 637, 621, 272, 120
track:1527, 656, 624, 259, 114
track:1528, 649, 623, 259, 114
track:1529, 679, 622, 259, 114
track:1530, 694, 622, 259, 114
track:1531, 724, 622, 259, 114
track:1532, 744, 619, 259, 114
track:1533, 746, 619, 259, 114
track:1534, 783, 622, 247, 109
track:1535, 808, 621, 247, 109
track:1536, 826, 624, 235, 103
track:1537, 858, 628, 224, 99
track:1538, 856, 628, 224, 99
track:1539, 868, 631, 213, 94
track:1540, 880, 632, 213, 94
track:1541, 884, 633, 213, 94
track:1542, 888, 637, 203, 89
track:1543, 890, 638, 203, 89
track:1544, 892, 638, 203, 89
track:1545, 894, 639, 193, 85
track:1546, 888, 643, 193, 85
track:1547, 878, 644, 193, 85
track:1548, 881, 647, 184, 81
track:1549, 875, 648, 184, 81
track:1550, 865, 651, 184, 81
track:1551, 861, 653, 184, 81
track:1552, 856, 654, 184, 81
track:1553, 860, 656, 175, 77
track:1554, 857, 655, 175, 77
track:1555, 850, 657, 175, 77
track:1556, 852, 658, 175, 77
track:1557, 860, 659, 167, 74
track:1558, 862, 659, 167, 74
track:1559, 871, 663, 159, 70
track:1560, 873, 662, 159, 70
init :1561, 900, 667, 189, 70
track:1562, 900, 668, 189, 70
track:1563, 901, 669, 189, 70
track:1564, 902, 669, 189, 70
track:1565, 903, 669, 189, 70
track:1566, 907, 670, 180, 67
track:1567, 906, 671, 180, 67
track:1568, 906, 671, 180, 67
track:1569, 909, 672, 171, 63
track:1570, 907, 673, 171, 63
track:1571, 907, 674, 163, 60
track:1572, 905, 675, 163, 60
track:1573, 905, 675, 163, 60
track:1574, 902, 675, 163, 60
track:1575, 902, 677, 155, 58
track:1576, 900, 677, 155, 58
track:1577, 900, 678, 148, 55
track:1578, 899, 679, 148, 55
track:1579, 896, 678, 148, 55
track:1580, 898, 680, 141, 52
track:1581, 895, 682, 134, 50
track:1582, 893, 681, 134, 50
track:1583, 892, 682, 134, 50
track:1584, 892, 681, 134, 50
track:1585, 894, 683, 128, 47
track:1586, 892, 682, 128, 47
track:1587, 896, 683, 128, 47
track:1588, 895, 683, 128, 47
track:1589, 896, 682, 128, 47
track:1590, 900, 683, 122, 45
track:1591, 898, 683, 122, 45
track:1592, 900, 684, 116, 43
track:1593, 899, 685, 116, 43
track:1594, 903, 686, 111, 41
track:1595, 902, 687, 111, 41
track:1596, 901, 688, 111, 41
track:1599, 901, 687, 111, 41
track:1600, 903, 688, 105, 39
track:1601, 914, 684, 105, 39
track:1602, 911, 680, 105, 39
track:1603, 913, 681, 105, 39
track:1604, 910, 682, 111, 41
track:1605, 909, 682, 111, 41
track:1606, 909, 682, 111, 41
track:1607, 910, 682, 111, 41
track:1608, 904, 685, 111, 41
elapseTime: 16.124
