init :7, 821, 630, 235, 197
track:8, 821, 630, 235, 197
track:9, 822, 630, 235, 197
track:10, 821, 631, 235, 197
track:11, 823, 630, 235, 197
track:12, 823, 630, 235, 197
track:13, 824, 630, 235, 197
track:14, 824, 630, 235, 197
track:15, 824, 630, 235, 197
track:16, 825, 630, 235, 197
track:17, 826, 630, 235, 197
track:18, 825, 630, 235, 197
track:19, 825, 629, 235, 197
track:20, 821, 626, 247, 207
track:21, 820, 626, 247, 207
track:22, 827, 631, 235, 197
track:23, 828, 631, 235, 197
track:24, 827, 631, 235, 197
track:25, 828, 630, 235, 197
track:26, 829, 631, 235, 197
track:27, 829, 631, 235, 197
track:28, 829, 631, 235, 197
track:29, 829, 630, 235, 197
track:30, 829, 630, 235, 197
track:31, 830, 629, 235, 197
track:32, 831, 631, 235, 197
track:33, 829, 630, 235, 197
track:34, 830, 631, 235, 197
track:35, 830, 630, 235, 197
track:36, 830, 631, 235, 197
track:37, 829, 630, 235, 197
track:38, 831, 630, 235, 197
track:39, 830, 630, 235, 197
track:40, 830, 630, 235, 197
track:41, 831, 629, 235, 197
track:42, 830, 631, 235, 197
track:43, 831, 630, 235, 197
track:44, 830, 631, 235, 197
track:45, 832, 630, 235, 197
init :46, 826, 630, 235, 197
track:48, 827, 629, 235, 197
track:49, 827, 628, 235, 197
track:50, 826, 629, 235, 197
track:51, 827, 627, 235, 197
track:52, 826, 628, 235, 197
track:53, 827, 628, 235, 197
track:54, 827, 628, 235, 197
track:55, 827, 628, 235, 197
track:56, 826, 629, 235, 197
track:57, 827, 627, 235, 197
track:58, 827, 628, 235, 197
track:59, 827, 627, 235, 197
track:60, 827, 628, 235, 197
track:61, 826, 627, 235, 197
track:62, 825, 627, 235, 197
track:63, 826, 628, 235, 197
track:64, 825, 627, 235, 197
track:65, 825, 628, 235, 197
track:66, 824, 628, 235, 197
track:67, 824, 628, 235, 197
track:68, 824, 629, 235, 197
track:69, 823, 628, 235, 197
track:70, 824, 627, 235, 197
track:71, 824, 628, 235, 197
track:72, 824, 629, 235, 197
track:73, 824, 628, 235, 197
track:74, 824, 629, 235, 197
track:75, 824, 629, 235, 197
track:76, 824, 629, 235, 197
track:77, 824, 628, 235, 197
track:78, 823, 629, 235, 197
track:79, 824, 628, 235, 197
track:80, 824, 628, 235, 197
track:81, 823, 629, 235, 197
track:82, 824, 629, 235, 197
track:83, 823, 628, 235, 197
track:84, 824, 628, 235, 197
track:85, 824, 629, 235, 197
track:86, 823, 628, 235, 197
track:87, 823, 629, 235, 197
track:88, 823, 629, 235, 197
track:89, 823, 629, 235, 197
track:90, 823, 629, 235, 197
init :91, 821, 633, 240, 197
track:92, 821, 633, 240, 197
track:93, 821, 633, 240, 197
track:94, 821, 634, 240, 197
track:95, 821, 633, 240, 197
track:96, 823, 633, 240, 197
track:97, 824, 633, 240, 197
track:98, 824, 632, 240, 197
track:99, 823, 631, 240, 197
track:100, 825, 631, 240, 197
track:101, 826, 631, 240, 197
track:102, 827, 629, 240, 197
track:103, 827, 629, 240, 197
track:104, 827, 629, 240, 197
track:105, 826, 628, 240, 197
track:106, 827, 627, 240, 197
track:107, 828, 628, 240, 197
track:108, 829, 626, 240, 197
track:109, 829, 624, 240, 197
track:110, 828, 622, 240, 197
track:111, 828, 621, 240, 197
track:112, 829, 619, 240, 197
track:113, 830, 617, 240, 197
track:114, 836, 622, 229, 188
track:115, 837, 620, 229, 188
track:116, 837, 618, 229, 188
track:117, 839, 615, 229, 188
track:120, 840, 613, 229, 188
track:121, 842, 610, 229, 188
track:122, 842, 609, 229, 188
track:123, 841, 607, 229, 188
track:124, 844, 607, 229, 188
track:125, 841, 604, 229, 188
track:126, 839, 601, 229, 188
track:127, 838, 599, 229, 188
track:128, 837, 599, 229, 188
track:129, 837, 599, 229, 188
track:130, 842, 605, 218, 179
track:131, 841, 606, 218, 179
track:132, 845, 609, 218, 179
track:133, 844, 610, 218, 179
track:134, 850, 615, 207, 170
track:135, 852, 617, 207, 170
init :136, 858, 623, 180, 158
track:137, 858, 624, 180, 158
track:138, 860, 627, 180, 158
track:139, 860, 627, 180, 158
track:140, 860, 627, 180, 158
track:141, 854, 623, 189, 166
track:142, 852, 623, 189, 166
track:143, 857, 628, 180, 158
track:144, 856, 628, 180, 158
track:145, 852, 631, 180, 158
track:146, 852, 632, 180, 158
track:147, 852, 633, 180, 158
track:148, 852, 635, 180, 158
track:149, 853, 635, 180, 158
track:150, 853, 639, 180, 158
track:151, 859, 644, 171, 150
track:152, 859, 647, 171, 150
track:153, 855, 647, 180, 158
track:154, 855, 648, 180, 158
track:155, 855, 649, 180, 158
track:156, 856, 650, 180, 158
track:157, 857, 651, 180, 158
track:158, 857, 652, 180, 158
track:159, 858, 651, 180, 158
track:160, 857, 652, 180, 158
track:161, 856, 652, 180, 158
track:162, 852, 652, 180, 158
track:163, 851, 651, 180, 158
track:164, 851, 652, 180, 158
track:165, 856, 657, 171, 150
track:166, 856, 658, 171, 150
track:167, 855, 657, 171, 150
track:168, 856, 657, 171, 150
track:169, 856, 657, 171, 150
track:170, 857, 656, 171, 150
track:171, 860, 655, 171, 150
track:172, 861, 653, 171, 150
track:173, 860, 653, 171, 150
track:174, 864, 657, 163, 143
track:175, 862, 658, 163, 143
track:176, 861, 658, 163, 143
track:177, 861, 658, 163, 143
track:178, 864, 658, 163, 143
track:179, 864, 658, 163, 143
track:180, 864, 659, 163, 143
init :181, 867, 656, 161, 150
track:182, 867, 658, 161, 150
track:183, 869, 661, 161, 150
track:184, 869, 661, 161, 150
track:185, 870, 664, 161, 150
track:186, 864, 659, 169, 158
track:187, 860, 654, 169, 158
track:188, 857, 652, 169, 158
track:189, 855, 652, 169, 158
track:190, 858, 654, 161, 150
track:191, 857, 651, 161, 150
track:192, 857, 646, 161, 150
track:193, 856, 646, 161, 150
track:194, 856, 644, 161, 150
track:195, 857, 643, 161, 150
track:196, 858, 642, 161, 150
track:197, 859, 640, 161, 150
track:198, 857, 641, 161, 150
track:199, 855, 642, 161, 150
track:200, 853, 642, 161, 150
track:201, 852, 642, 161, 150
track:202, 850, 641, 161, 150
track:203, 851, 638, 161, 150
track:204, 851, 638, 161, 150
track:205, 851, 636, 161, 150
track:206, 852, 634, 161, 150
track:207, 851, 632, 161, 150
track:208, 854, 636, 153, 143
track:209, 852, 633, 153, 143
track:210, 851, 629, 153, 143
track:211, 849, 627, 153, 143
track:212, 849, 625, 153, 143
track:213, 850, 624, 153, 143
track:214, 853, 627, 146, 136
track:215, 853, 626, 146, 136
track:216, 852, 624, 146, 136
track:217, 852, 626, 146, 136
track:218, 852, 626, 146, 136
track:219, 851, 627, 146, 136
track:220, 852, 631, 146, 136
track:221, 852, 633, 146, 136
track:222, 851, 634, 146, 136
track:223, 851, 635, 146, 136
track:224, 851, 637, 146, 136
track:225, 855, 641, 139, 130
init :226, 849, 643, 143, 114
track:227, 849, 643, 143, 114
track:228, 849, 645, 143, 114
track:229, 849, 645, 143, 114
track:230, 852, 648, 136, 109
track:231, 852, 647, 136, 109
track:232, 849, 643, 143, 114
track:233, 848, 642, 143, 114
track:234, 850, 644, 136, 109
track:235, 850, 643, 136, 109
track:236, 851, 643, 136, 109
track:237, 852, 643, 136, 109
track:238, 853, 643, 136, 109
track:239, 854, 645, 136, 109
track:240, 858, 649, 130, 103
track:241, 859, 650, 130, 103
track:242, 859, 650, 130, 103
track:243, 859, 650, 130, 103
track:244, 858, 650, 130, 103
track:245, 859, 651, 130, 103
track:246, 859, 652, 130, 103
track:247, 859, 653, 130, 103
track:248, 859, 652, 130, 103
track:249, 860, 652, 130, 103
track:250, 860, 654, 130, 103
track:251, 860, 656, 130, 103
track:252, 861, 657, 130, 103
track:253, 861, 658, 130, 103
track:254, 862, 660, 130, 103
track:255, 862, 663, 130, 103
track:256, 862, 665, 130, 103
track:257, 864, 668, 130, 103
track:258, 863, 668, 130, 103
track:259, 864, 670, 130, 103
track:260, 865, 672, 130, 103
track:261, 864, 672, 130, 103
track:262, 864, 672, 130, 103
track:263, 864, 672, 130, 103
track:264, 863, 674, 130, 103
track:265, 863, 676, 130, 103
track:266, 864, 677, 130, 103
track:267, 861, 678, 136, 109
track:268, 861, 678, 136, 109
track:269, 861, 679, 136, 109
track:270, 861, 681, 136, 109
init :271, 867, 687, 124, 101
track:272, 868, 690, 124, 101
track:273, 868, 690, 124, 101
track:274, 868, 692, 124, 101
track:275, 869, 694, 124, 101
track:276, 869, 697, 124, 101
track:277, 871, 699, 124, 101
track:278, 872, 700, 124, 101
track:279, 870, 697, 130, 106
track:280, 867, 694, 137, 111
track:281, 869, 693, 137, 111
track:282, 870, 695, 137, 111
track:283, 871, 696, 137, 111
track:284, 872, 698, 137, 111
track:285, 871, 695, 144, 117
track:286, 873, 695, 144, 117
track:287, 870, 690, 151, 123
track:288, 870, 689, 151, 123
track:289, 867, 684, 158, 129
track:290, 868, 678, 158, 129
track:291, 864, 668, 166, 135
track:292, 866, 663, 166, 135
track:293, 866, 662, 166, 135
track:294, 866, 661, 166, 135
track:295, 864, 655, 174, 142
track:296, 861, 652, 183, 149
track:297, 862, 653, 183, 149
track:298, 861, 652, 183, 149
track:299, 855, 649, 192, 157
track:300, 849, 647, 202, 165
track:301, 848, 648, 202, 165
track:302, 841, 649, 212, 173
track:303, 835, 646, 223, 181
track:304, 833, 650, 223, 181
track:305, 831, 651, 223, 181
track:306, 832, 651, 223, 181
track:307, 828, 649, 223, 181
track:308, 830, 648, 223, 181
track:309, 827, 647, 223, 181
track:310, 828, 638, 223, 181
track:311, 828, 623, 223, 181
track:312, 828, 614, 223, 181
track:313, 829, 613, 223, 181
track:314, 830, 606, 223, 181
track:315, 824, 595, 234, 190
init :316, 830, 589, 230, 205
track:317, 833, 585, 230, 205
track:318, 834, 583, 230, 205
track:319, 835, 582, 230, 205
track:320, 840, 573, 230, 205
track:321, 847, 572, 219, 195
track:322, 847, 570, 219, 195
track:323, 848, 571, 219, 195
track:324, 847, 574, 219, 195
track:325, 846, 572, 219, 195
track:326, 844, 565, 219, 195
track:327, 844, 565, 219, 195
track:328, 844, 565, 219, 195
track:329, 841, 574, 219, 195
track:330, 839, 578, 219, 195
track:331, 843, 585, 209, 186
track:332, 841, 589, 209, 186
track:333, 840, 589, 209, 186
track:334, 844, 594, 199, 177
track:335, 844, 596, 199, 177
track:336, 844, 598, 199, 177
track:337, 845, 599, 199, 177
track:338, 845, 598, 199, 177
track:339, 846, 597, 199, 177
track:340, 846, 593, 199, 177
track:341, 846, 592, 199, 177
track:342, 852, 596, 189, 169
track:343, 851, 596, 189, 169
track:344, 852, 594, 189, 169
track:345, 852, 590, 189, 169
track:346, 856, 595, 180, 161
track:347, 857, 597, 180, 161
track:348, 856, 597, 180, 161
track:349, 861, 604, 172, 153
track:350, 865, 611, 163, 146
track:351, 865, 615, 163, 146
track:352, 866, 619, 163, 146
track:353, 866, 619, 163, 146
track:354, 866, 622, 163, 146
track:355, 865, 622, 163, 146
track:356, 865, 622, 163, 146
track:357, 864, 623, 163, 146
track:358, 867, 627, 156, 139
track:359, 871, 629, 148, 132
track:360, 868, 628, 148, 132
init :361, 872, 636, 138, 98
track:362, 871, 636, 138, 98
track:363, 871, 636, 138, 98
track:364, 871, 637, 138, 98
track:365, 871, 638, 138, 98
track:366, 871, 639, 138, 98
track:367, 871, 640, 138, 98
track:368, 871, 641, 138, 98
track:369, 870, 641, 138, 98
track:370, 869, 647, 138, 98
track:371, 868, 652, 138, 98
track:372, 871, 658, 131, 93
track:373, 870, 659, 131, 93
track:374, 870, 661, 131, 93
track:375, 868, 661, 131, 93
track:376, 866, 662, 131, 93
track:377, 865, 663, 131, 93
track:378, 864, 663, 131, 93
track:379, 864, 664, 131, 93
track:380, 864, 663, 131, 93
track:381, 864, 662, 131, 93
track:382, 861, 662, 131, 93
track:383, 860, 662, 131, 93
track:384, 862, 664, 125, 89
track:385, 861, 662, 125, 89
track:386, 864, 663, 119, 85
track:387, 864, 663, 119, 85
track:388, 864, 664, 119, 85
track:389, 863, 663, 119, 85
track:390, 863, 663, 119, 85
track:391, 864, 665, 119, 85
track:392, 863, 668, 119, 85
track:393, 863, 669, 119, 85
track:394, 863, 669, 119, 85
track:395, 866, 677, 114, 81
track:396, 867, 680, 114, 81
track:397, 869, 684, 114, 81
track:398, 870, 685, 114, 81
track:399, 870, 689, 114, 81
track:400, 872, 693, 114, 81
track:401, 871, 698, 119, 85
track:402, 871, 700, 119, 85
track:403, 871, 702, 119, 85
track:404, 875, 706, 114, 81
track:405, 875, 706, 114, 81
init :406, 876, 706, 106, 85
track:407, 877, 706, 106, 85
track:408, 877, 706, 106, 85
track:409, 878, 704, 106, 85
track:410, 878, 703, 106, 85
track:411, 878, 700, 106, 85
track:412, 879, 698, 106, 85
track:413, 879, 697, 106, 85
track:414, 879, 697, 106, 85
track:415, 879, 698, 106, 85
track:416, 879, 699, 106, 85
track:417, 880, 700, 106, 85
track:418, 877, 698, 111, 89
track:419, 877, 697, 111, 89
track:420, 875, 700, 111, 89
track:421, 874, 698, 111, 89
track:422, 874, 697, 111, 89
track:423, 874, 696, 111, 89
track:424, 874, 693, 111, 89
track:425, 874, 691, 111, 89
track:426, 872, 689, 111, 89
track:427, 871, 688, 111, 89
track:428, 872, 688, 111, 89
track:429, 871, 688, 111, 89
track:430, 870, 688, 111, 89
track:431, 870, 689, 111, 89
track:432, 870, 688, 111, 89
track:433, 869, 688, 111, 89
track:434, 869, 688, 111, 89
track:435, 868, 688, 111, 89
track:436, 867, 690, 111, 89
track:437, 867, 691, 111, 89
track:438, 867, 691, 111, 89
track:439, 868, 693, 111, 89
track:440, 868, 693, 111, 89
track:441, 869, 693, 111, 89
track:442, 868, 693, 111, 89
track:443, 868, 693, 111, 89
track:444, 869, 694, 111, 89
track:445, 869, 695, 111, 89
track:446, 869, 696, 111, 89
track:447, 869, 694, 111, 89
track:448, 870, 694, 111, 89
track:449, 870, 693, 111, 89
track:450, 869, 693, 111, 89
init :451, 872, 693, 115, 93
track:452, 873, 695, 115, 93
track:453, 872, 695, 115, 93
track:454, 874, 695, 115, 93
track:455, 875, 696, 115, 93
track:456, 876, 696, 115, 93
track:457, 875, 696, 115, 93
track:458, 875, 696, 115, 93
track:459, 875, 695, 115, 93
track:460, 874, 693, 115, 93
track:461, 876, 693, 115, 93
track:462, 876, 693, 115, 93
track:463, 873, 691, 121, 98
track:464, 872, 688, 121, 98
track:465, 872, 685, 121, 98
track:466, 873, 686, 121, 98
track:467, 872, 686, 121, 98
track:468, 872, 687, 121, 98
track:469, 872, 687, 121, 98
track:470, 873, 688, 121, 98
track:471, 874, 690, 121, 98
track:472, 871, 688, 127, 103
track:473, 872, 691, 127, 103
track:474, 869, 691, 133, 108
track:475, 871, 692, 133, 108
track:476, 873, 690, 133, 108
track:477, 873, 690, 133, 108
track:478, 875, 689, 133, 108
track:479, 877, 688, 133, 108
track:480, 876, 675, 140, 113
track:481, 877, 673, 140, 113
track:482, 878, 673, 140, 113
track:483, 881, 664, 140, 113
track:484, 881, 663, 140, 113
track:485, 884, 664, 140, 113
track:486, 881, 664, 147, 119
track:487, 880, 665, 147, 119
track:488, 880, 669, 147, 119
track:490, 877, 672, 147, 119
track:491, 872, 671, 154, 125
track:492, 867, 669, 162, 131
track:493, 865, 669, 162, 131
track:494, 859, 666, 170, 137
track:495, 857, 659, 170, 137
init :496, 858, 649, 170, 145
track:497, 858, 649, 170, 145
track:498, 858, 647, 170, 145
track:499, 856, 644, 170, 145
track:500, 855, 639, 170, 145
track:501, 855, 636, 170, 145
track:502, 855, 635, 170, 145
track:503, 855, 633, 170, 145
track:504, 854, 631, 170, 145
track:505, 858, 633, 162, 138
track:506, 858, 632, 162, 138
track:507, 857, 633, 162, 138
track:508, 856, 631, 162, 138
track:509, 856, 627, 162, 138
track:510, 856, 623, 162, 138
track:511, 855, 622, 162, 138
track:512, 855, 622, 162, 138
track:513, 855, 622, 162, 138
track:514, 855, 622, 162, 138
track:515, 855, 623, 162, 138
track:516, 855, 622, 162, 138
track:517, 855, 621, 162, 138
track:518, 858, 623, 154, 132
track:519, 857, 622, 154, 132
track:520, 858, 622, 154, 132
track:521, 859, 620, 154, 132
track:522, 858, 619, 154, 132
track:523, 861, 624, 147, 125
track:524, 862, 627, 147, 125
track:525, 864, 628, 147, 125
track:526, 868, 632, 140, 119
track:527, 868, 633, 140, 119
track:528, 868, 632, 140, 119
track:529, 868, 631, 140, 119
track:530, 870, 629, 140, 119
track:531, 870, 629, 140, 119
track:532, 870, 629, 140, 119
track:533, 872, 630, 140, 119
track:534, 871, 629, 140, 119
track:535, 871, 631, 140, 119
track:536, 872, 633, 140, 119
track:537, 871, 633, 140, 119
track:538, 871, 635, 140, 119
track:539, 871, 636, 140, 119
track:540, 870, 636, 140, 119
init :543, 876, 649, 120, 90
track:544, 876, 649, 120, 90
track:546, 875, 656, 120, 90
track:547, 874, 656, 120, 90
track:548, 873, 659, 120, 90
track:549, 873, 661, 120, 90
track:550, 872, 662, 120, 90
track:551, 874, 666, 114, 86
track:552, 874, 666, 114, 86
track:553, 873, 666, 114, 86
track:554, 872, 665, 114, 86
track:555, 872, 665, 114, 86
track:556, 871, 666, 114, 86
track:557, 871, 666, 114, 86
track:558, 870, 671, 114, 86
track:559, 873, 675, 109, 82
track:560, 874, 678, 109, 82
track:561, 876, 683, 104, 78
track:562, 876, 683, 104, 78
track:563, 876, 685, 104, 78
track:564, 876, 687, 104, 78
track:565, 875, 688, 104, 78
track:566, 877, 691, 99, 74
track:567, 877, 692, 99, 74
track:568, 878, 695, 99, 74
track:569, 879, 695, 99, 74
track:570, 878, 698, 99, 74
track:571, 878, 701, 99, 74
track:572, 878, 701, 99, 74
track:573, 879, 704, 99, 74
track:574, 880, 706, 99, 74
track:575, 881, 705, 99, 74
track:576, 877, 701, 104, 78
track:577, 878, 701, 104, 78
track:578, 878, 698, 104, 78
track:579, 878, 697, 104, 78
track:580, 880, 696, 104, 78
track:581, 881, 696, 104, 78
track:582, 880, 697, 104, 78
track:583, 879, 699, 104, 78
track:584, 880, 701, 104, 78
track:585, 879, 701, 104, 78
init :586, 872, 700, 110, 83
track:587, 872, 700, 110, 83
track:588, 872, 701, 110, 83
track:589, 873, 700, 110, 83
track:590, 872, 700, 110, 83
track:591, 871, 701, 110, 83
track:592, 871, 701, 110, 83
track:593, 870, 700, 110, 83
track:594, 870, 698, 110, 83
track:595, 870, 690, 110, 83
track:596, 869, 688, 110, 83
track:597, 869, 687, 110, 83
track:598, 866, 681, 115, 87
track:599, 866, 675, 115, 87
track:600, 863, 669, 121, 92
track:601, 863, 669, 121, 92
track:602, 864, 669, 121, 92
track:603, 863, 669, 121, 92
track:604, 863, 665, 121, 92
track:605, 862, 661, 121, 92
track:606, 862, 660, 121, 92
track:607, 862, 660, 121, 92
track:608, 863, 660, 121, 92
track:609, 860, 657, 127, 96
track:610, 860, 658, 127, 96
track:611, 860, 662, 127, 96
track:612, 860, 663, 127, 96
track:613, 860, 666, 127, 96
track:614, 856, 666, 134, 101
track:615, 857, 668, 134, 101
track:616, 857, 671, 134, 101
track:617, 856, 671, 134, 101
track:618, 856, 670, 134, 101
track:619, 856, 669, 134, 101
track:620, 858, 669, 134, 101
track:621, 858, 668, 134, 101
track:622, 858, 668, 134, 101
track:623, 857, 666, 134, 101
track:624, 856, 666, 134, 101
track:625, 857, 666, 134, 101
track:626, 859, 666, 134, 101
track:627, 858, 668, 134, 101
track:628, 859, 668, 134, 101
track:629, 858, 667, 134, 101
track:630, 858, 665, 134, 101
init :631, 858, 656, 143, 114
track:632, 858, 656, 143, 114
track:633, 860, 660, 143, 114
track:634, 857, 662, 150, 120
track:635, 857, 664, 150, 120
track:636, 859, 665, 150, 120
track:637, 859, 666, 150, 120
track:638, 860, 667, 150, 120
track:639, 861, 667, 150, 120
track:640, 862, 666, 150, 120
track:641, 861, 665, 150, 120
track:642, 861, 664, 150, 120
track:643, 861, 663, 150, 120
track:644, 862, 662, 150, 120
track:645, 864, 654, 143, 114
track:646, 866, 653, 143, 114
track:647, 865, 652, 143, 114
track:648, 866, 652, 143, 114
track:649, 865, 652, 143, 114
track:650, 867, 653, 143, 114
track:651, 869, 652, 143, 114
track:652, 870, 651, 143, 114
track:653, 871, 651, 143, 114
track:654, 871, 652, 143, 114
track:655, 871, 657, 143, 114
track:656, 873, 660, 143, 114
track:657, 873, 660, 143, 114
track:658, 875, 663, 143, 114
track:659, 872, 659, 150, 120
track:660, 872, 659, 150, 120
track:661, 872, 658, 150, 120
track:662, 872, 658, 150, 120
track:663, 874, 658, 150, 120
track:664, 875, 657, 150, 120
track:665, 876, 655, 150, 120
track:666, 876, 653, 150, 120
track:667, 876, 653, 150, 120
track:668, 877, 651, 150, 120
track:669, 877, 650, 150, 120
track:670, 877, 650, 150, 120
track:671, 875, 650, 150, 120
track:672, 875, 650, 150, 120
track:673, 873, 650, 150, 120
track:674, 872, 649, 150, 120
track:675, 872, 648, 150, 120
init :676, 872, 651, 143, 103
track:677, 872, 651, 143, 103
track:678, 871, 654, 143, 103
track:679, 870, 663, 143, 103
track:680, 870, 670, 143, 103
track:681, 871, 672, 143, 103
track:682, 871, 672, 143, 103
track:683, 866, 669, 150, 108
track:684, 864, 669, 150, 108
track:685, 861, 669, 158, 114
track:686, 861, 670, 158, 114
track:687, 861, 672, 158, 114
track:688, 860, 671, 158, 114
track:689, 860, 669, 158, 114
track:690, 859, 667, 158, 114
track:691, 858, 665, 158, 114
track:692, 861, 668, 150, 108
track:693, 859, 666, 150, 108
track:694, 860, 666, 150, 108
track:695, 861, 665, 150, 108
track:696, 859, 664, 150, 108
track:697, 858, 664, 150, 108
track:698, 857, 663, 150, 108
track:699, 854, 664, 150, 108
track:700, 854, 665, 150, 108
track:701, 854, 665, 150, 108
track:702, 854, 666, 150, 108
track:703, 855, 669, 150, 108
track:704, 858, 675, 143, 103
track:705, 855, 682, 143, 103
track:706, 855, 682, 143, 103
track:707, 854, 683, 143, 103
track:708, 855, 684, 143, 103
track:709, 853, 685, 143, 103
track:710, 854, 682, 143, 103
track:711, 854, 682, 143, 103
track:712, 850, 677, 150, 108
track:713, 850, 676, 150, 108
track:714, 849, 675, 150, 108
track:715, 849, 676, 150, 108
track:716, 849, 677, 150, 108
track:717, 849, 679, 150, 108
track:718, 850, 680, 150, 108
track:719, 850, 680, 150, 108
track:720, 851, 681, 150, 108
init :721, 853, 675, 147, 124
track:722, 853, 675, 147, 124
track:723, 853, 675, 147, 124
track:724, 854, 671, 147, 124
track:725, 854, 668, 147, 124
track:726, 854, 668, 147, 124
track:727, 854, 666, 147, 124
track:728, 855, 663, 147, 124
track:729, 852, 654, 154, 130
track:730, 852, 652, 154, 130
track:731, 853, 651, 154, 130
track:732, 853, 653, 154, 130
track:733, 852, 651, 154, 130
track:734, 853, 647, 154, 130
track:735, 854, 643, 154, 130
track:736, 855, 641, 154, 130
track:737, 854, 640, 154, 130
track:738, 853, 638, 154, 130
track:739, 850, 636, 162, 137
track:740, 852, 638, 162, 137
track:741, 852, 638, 162, 137
track:742, 853, 639, 162, 137
track:743, 851, 639, 162, 137
track:744, 850, 640, 162, 137
track:745, 851, 638, 162, 137
track:746, 851, 637, 162, 137
track:747, 851, 635, 162, 137
track:748, 852, 626, 162, 137
track:749, 851, 621, 162, 137
track:750, 848, 621, 162, 137
track:751, 848, 620, 162, 137
track:752, 848, 622, 162, 137
track:753, 850, 624, 162, 137
track:754, 852, 624, 162, 137
track:755, 855, 623, 162, 137
track:756, 855, 623, 162, 137
track:757, 856, 622, 162, 137
track:758, 855, 619, 162, 137
track:759, 853, 623, 162, 137
track:760, 855, 626, 162, 137
track:761, 854, 627, 162, 137
track:762, 856, 628, 162, 137
track:763, 859, 627, 162, 137
track:764, 860, 627, 162, 137
track:765, 859, 628, 162, 137
init :766, 858, 633, 156, 124
track:767, 857, 634, 156, 124
track:768, 857, 636, 156, 124
track:769, 857, 638, 156, 124
track:770, 861, 646, 156, 124
track:771, 862, 646, 156, 124
track:772, 862, 647, 156, 124
track:773, 862, 646, 156, 124
track:774, 863, 646, 156, 124
track:775, 864, 646, 156, 124
track:776, 864, 646, 156, 124
track:777, 868, 648, 149, 118
track:778, 869, 648, 149, 118
track:779, 870, 647, 149, 118
track:780, 871, 647, 149, 118
track:781, 871, 647, 149, 118
track:782, 871, 647, 149, 118
track:783, 871, 647, 149, 118
track:784, 874, 649, 141, 112
track:785, 873, 649, 141, 112
track:786, 873, 649, 141, 112
track:787, 872, 650, 141, 112
track:788, 871, 650, 141, 112
track:789, 871, 650, 141, 112
track:790, 871, 650, 141, 112
track:791, 871, 650, 141, 112
track:792, 870, 649, 141, 112
track:793, 873, 652, 135, 107
track:794, 873, 653, 135, 107
track:795, 877, 660, 128, 102
track:796, 877, 661, 128, 102
track:797, 876, 660, 128, 102
track:798, 876, 659, 128, 102
track:799, 876, 660, 128, 102
track:800, 876, 661, 128, 102
track:801, 876, 662, 128, 102
track:802, 876, 663, 128, 102
track:803, 876, 663, 128, 102
track:804, 877, 664, 128, 102
track:805, 876, 664, 128, 102
track:806, 875, 664, 128, 102
track:807, 874, 664, 128, 102
track:808, 874, 665, 128, 102
track:809, 874, 666, 128, 102
track:810, 874, 668, 128, 102
init :811, 872, 662, 138, 106
track:812, 870, 663, 138, 106
track:813, 869, 663, 138, 106
track:814, 868, 663, 138, 106
track:815, 864, 662, 145, 111
track:816, 864, 661, 145, 111
track:817, 865, 664, 145, 111
track:818, 866, 672, 138, 106
track:819, 865, 673, 138, 106
track:820, 861, 682, 145, 111
track:821, 860, 683, 145, 111
track:822, 860, 683, 145, 111
track:823, 859, 682, 145, 111
track:824, 859, 681, 145, 111
track:825, 857, 681, 145, 111
track:826, 857, 681, 145, 111
track:827, 857, 685, 145, 111
track:828, 854, 690, 152, 117
track:829, 854, 691, 152, 117
track:830, 852, 688, 160, 123
track:831, 853, 689, 160, 123
track:832, 853, 690, 160, 123
track:833, 852, 685, 168, 129
track:834, 849, 678, 176, 135
track:835, 847, 668, 176, 135
track:836, 848, 668, 176, 135
track:837, 847, 661, 176, 135
track:838, 845, 660, 176, 135
track:839, 845, 657, 176, 135
track:840, 842, 651, 176, 135
track:841, 842, 651, 176, 135
track:842, 840, 649, 176, 135
track:843, 837, 646, 176, 135
track:844, 836, 642, 176, 135
track:845, 830, 627, 176, 135
track:846, 829, 627, 176, 135
track:847, 824, 617, 185, 142
track:848, 821, 609, 194, 149
track:849, 819, 606, 194, 149
track:850, 818, 605, 194, 149
track:851, 818, 605, 194, 149
track:852, 822, 600, 194, 149
track:853, 826, 597, 194, 149
track:854, 828, 597, 194, 149
track:855, 827, 600, 194, 149
init :856, 830, 599, 198, 173
track:857, 829, 600, 198, 173
track:858, 832, 597, 198, 173
track:859, 832, 595, 198, 173
track:860, 831, 592, 198, 173
track:861, 831, 591, 198, 173
track:862, 836, 596, 189, 165
track:863, 837, 603, 189, 165
track:864, 838, 608, 189, 165
track:865, 839, 614, 189, 165
track:866, 839, 615, 189, 165
track:867, 843, 623, 180, 157
track:868, 843, 625, 180, 157
track:869, 843, 624, 180, 157
track:870, 845, 630, 180, 157
track:871, 848, 634, 171, 149
track:872, 853, 638, 163, 142
track:873, 853, 638, 163, 142
track:874, 854, 638, 163, 142
track:875, 855, 639, 163, 142
track:876, 854, 640, 163, 142
track:877, 859, 643, 155, 136
track:878, 861, 643, 155, 136
track:879, 862, 643, 155, 136
track:880, 865, 646, 148, 129
track:881, 865, 646, 148, 129
track:882, 866, 645, 148, 129
track:883, 868, 644, 148, 129
track:884, 871, 643, 148, 129
track:885, 871, 643, 148, 129
track:886, 871, 643, 148, 129
track:887, 873, 645, 148, 129
track:888, 874, 645, 148, 129
track:889, 874, 643, 148, 129
track:890, 876, 642, 148, 129
track:891, 880, 645, 141, 123
track:892, 886, 646, 134, 117
track:893, 886, 645, 134, 117
track:894, 886, 644, 134, 117
track:895, 887, 645, 134, 117
track:896, 889, 644, 134, 117
track:897, 888, 644, 134, 117
track:898, 888, 647, 128, 112
track:899, 886, 646, 128, 112
track:900, 885, 648, 128, 112
init :901, 881, 651, 124, 93
track:902, 880, 652, 124, 93
track:903, 880, 653, 124, 93
track:904, 881, 653, 124, 93
track:905, 880, 654, 124, 93
track:906, 881, 654, 124, 93
track:907, 856, 634, 124, 93
track:908, 847, 634, 124, 93
track:909, 849, 641, 124, 93
track:910, 842, 642, 124, 93
track:911, 844, 643, 124, 93
track:912, 840, 645, 130, 98
track:913, 837, 644, 137, 103
track:914, 833, 646, 137, 103
track:915, 831, 644, 144, 108
track:916, 831, 643, 144, 108
track:917, 830, 645, 144, 108
track:918, 831, 645, 144, 108
track:919, 826, 644, 151, 113
track:920, 821, 641, 158, 119
track:921, 819, 640, 158, 119
track:922, 815, 640, 158, 119
track:923, 810, 640, 158, 119
track:924, 805, 641, 158, 119
track:925, 796, 637, 166, 125
track:926, 796, 635, 166, 125
track:927, 791, 635, 166, 125
track:928, 783, 638, 166, 125
track:929, 777, 637, 166, 125
track:930, 774, 635, 166, 125
track:931, 774, 634, 166, 125
track:932, 770, 632, 166, 125
track:933, 771, 631, 166, 125
track:934, 771, 628, 166, 125
track:935, 771, 625, 166, 125
track:936, 771, 624, 166, 125
track:937, 771, 622, 166, 125
track:938, 771, 619, 166, 125
track:939, 773, 620, 166, 125
track:940, 772, 616, 166, 125
track:941, 772, 617, 166, 125
track:942, 773, 616, 166, 125
track:943, 773, 616, 166, 125
track:944, 772, 615, 166, 125
track:945, 771, 614, 166, 125
init :946, 766, 573, 341, 225
track:947, 765, 574, 341, 225
track:948, 762, 574, 341, 225
track:949, 762, 576, 341, 225
track:950, 758, 576, 341, 225
track:951, 755, 576, 341, 225
track:952, 755, 579, 341, 225
track:953, 753, 580, 341, 225
track:954, 751, 582, 341, 225
track:955, 748, 583, 341, 225
track:956, 745, 585, 341, 225
track:957, 744, 586, 341, 225
track:958, 742, 587, 341, 225
track:959, 742, 589, 341, 225
track:960, 742, 590, 341, 225
track:961, 741, 591, 341, 225
track:962, 735, 585, 358, 236
track:963, 735, 585, 358, 236
track:964, 735, 591, 341, 225
track:965, 736, 591, 341, 225
track:966, 726, 591, 341, 225
track:967, 724, 593, 341, 225
track:968, 720, 594, 341, 225
track:969, 716, 596, 341, 225
track:970, 711, 589, 358, 236
track:971, 708, 591, 358, 236
track:972, 696, 591, 358, 236
track:973, 694, 590, 358, 236
track:974, 691, 593, 358, 236
track:975, 690, 592, 358, 236
track:976, 687, 592, 358, 236
track:977, 684, 592, 358, 236
track:978, 681, 593, 358, 236
track:979, 682, 593, 358, 236
track:980, 681, 593, 358, 236
track:981, 677, 593, 358, 236
track:982, 679, 594, 358, 236
track:983, 682, 596, 358, 236
track:984, 689, 603, 341, 225
track:985, 686, 602, 341, 225
track:986, 689, 603, 341, 225
track:987, 688, 601, 341, 225
track:988, 694, 603, 341, 225
track:989, 696, 608, 325, 214
track:990, 702, 613, 309, 204
init :991, 701, 586, 507, 249
track:992, 702, 587, 507, 249
track:993, 703, 586, 507, 249
track:994, 705, 585, 507, 249
track:995, 704, 585, 507, 249
track:996, 705, 584, 507, 249
track:997, 721, 589, 483, 237
track:998, 721, 587, 483, 237
track:999, 713, 581, 507, 249
track:1000, 713, 579, 507, 249
track:1001, 728, 581, 483, 237
track:1002, 734, 580, 483, 237
track:1003, 750, 583, 460, 226
track:1004, 764, 586, 438, 215
track:1005, 754, 581, 460, 226
track:1006, 761, 578, 460, 226
track:1007, 762, 576, 460, 226
track:1008, 762, 574, 460, 226
track:1009, 755, 573, 460, 226
track:1010, 753, 574, 460, 226
track:1011, 756, 572, 460, 226
track:1012, 738, 567, 483, 237
track:1013, 747, 568, 460, 226
track:1014, 740, 567, 460, 226
track:1015, 745, 567, 460, 226
track:1016, 738, 566, 460, 226
track:1017, 734, 565, 460, 226
track:1018, 740, 572, 438, 215
track:1019, 738, 568, 438, 215
track:1020, 736, 571, 438, 215
track:1021, 734, 568, 438, 215
track:1022, 735, 569, 438, 215
track:1023, 731, 566, 438, 215
track:1024, 734, 565, 438, 215
track:1025, 727, 569, 438, 215
track:1026, 729, 568, 438, 215
track:1027, 737, 573, 417, 205
track:1028, 736, 575, 417, 205
track:1029, 733, 574, 417, 205
track:1030, 729, 576, 417, 205
track:1031, 723, 576, 417, 205
track:1032, 716, 577, 417, 205
track:1033, 723, 584, 397, 195
track:1034, 719, 584, 397, 195
track:1035, 729, 590, 378, 186
init :1036, 747, 594, 429, 153
track:1037, 758, 600, 409, 146
track:1038, 767, 606, 389, 139
track:1039, 757, 605, 409, 146
track:1040, 756, 606, 409, 146
track:1041, 753, 610, 409, 146
track:1042, 752, 610, 409, 146
track:1043, 750, 611, 409, 146
track:1044, 742, 611, 429, 153
track:1045, 743, 611, 429, 153
track:1046, 742, 614, 429, 153
track:1047, 735, 613, 450, 161
track:1048, 738, 612, 450, 161
track:1049, 753, 616, 429, 153
track:1050, 756, 617, 429, 153
track:1051, 769, 616, 409, 146
track:1052, 773, 615, 409, 146
track:1053, 779, 614, 409, 146
track:1054, 791, 614, 409, 146
track:1055, 784, 609, 429, 153
track:1056, 790, 608, 429, 153
track:1057, 792, 609, 429, 153
track:1058, 790, 610, 429, 153
track:1059, 793, 611, 429, 153
track:1060, 794, 611, 429, 153
track:1061, 795, 613, 429, 153
track:1062, 793, 612, 429, 153
track:1063, 789, 613, 429, 153
track:1064, 775, 609, 450, 161
track:1065, 773, 608, 450, 161
track:1066, 779, 612, 429, 153
track:1067, 771, 611, 429, 153
track:1068, 763, 611, 429, 153
track:1069, 756, 613, 429, 153
track:1070, 752, 613, 429, 153
track:1071, 745, 614, 429, 153
track:1072, 729, 615, 429, 153
track:1073, 719, 615, 429, 153
track:1074, 706, 615, 429, 153
track:1075, 705, 615, 429, 153
track:1076, 684, 612, 450, 161
track:1077, 678, 612, 450, 161
track:1078, 657, 612, 450, 161
track:1079, 645, 614, 450, 161
track:1080, 647, 615, 450, 161
init :1081, 673, 625, 443, 135
track:1082, 667, 626, 443, 135
track:1083, 663, 628, 443, 135
track:1084, 662, 629, 443, 135
track:1085, 662, 629, 443, 135
track:1086, 664, 629, 443, 135
track:1087, 666, 630, 443, 135
track:1088, 655, 627, 465, 142
track:1089, 655, 628, 465, 142
track:1090, 645, 625, 488, 149
track:1091, 659, 628, 465, 142
track:1092, 656, 629, 465, 142
track:1093, 658, 631, 465, 142
track:1094, 659, 631, 465, 142
track:1095, 661, 631, 465, 142
track:1096, 659, 632, 465, 142
track:1097, 662, 634, 465, 142
track:1098, 664, 634, 465, 142
track:1099, 664, 634, 465, 142
track:1100, 665, 634, 465, 142
track:1101, 666, 634, 465, 142
track:1102, 658, 633, 488, 149
track:1103, 655, 633, 488, 149
track:1104, 656, 635, 488, 149
track:1105, 655, 635, 488, 149
track:1106, 648, 635, 488, 149
track:1107, 662, 639, 465, 142
track:1108, 646, 635, 488, 149
track:1109, 650, 637, 488, 149
track:1110, 645, 638, 488, 149
track:1111, 639, 639, 488, 149
track:1112, 625, 635, 513, 156
track:1113, 626, 637, 513, 156
track:1114, 599, 640, 538, 164
track:1115, 613, 644, 513, 156
track:1116, 632, 646, 488, 149
track:1117, 612, 643, 513, 156
track:1118, 620, 646, 488, 149
track:1119, 621, 647, 488, 149
track:1120, 630, 650, 465, 142
track:1121, 637, 650, 465, 142
track:1122, 635, 651, 465, 142
track:1123, 643, 655, 443, 135
track:1124, 626, 656, 465, 142
track:1125, 632, 655, 465, 142
init :1126, 724, 628, 369, 186
track:1127, 724, 628, 369, 186
track:1128, 721, 627, 369, 186
track:1129, 727, 627, 369, 186
track:1130, 726, 626, 369, 186
track:1131, 740, 631, 351, 177
track:1132, 741, 631, 351, 177
track:1133, 742, 632, 351, 177
track:1134, 723, 625, 369, 186
track:1135, 724, 623, 369, 186
track:1136, 736, 629, 351, 177
track:1137, 731, 627, 351, 177
track:1138, 732, 627, 351, 177
track:1139, 717, 624, 369, 186
track:1140, 711, 623, 369, 186
track:1141, 717, 626, 351, 177
track:1142, 710, 632, 351, 177
track:1143, 696, 631, 351, 177
track:1144, 696, 633, 351, 177
track:1145, 694, 634, 351, 177
track:1146, 692, 638, 351, 177
track:1147, 691, 639, 335, 169
track:1148, 691, 644, 335, 169
track:1149, 699, 651, 319, 161
track:1150, 694, 652, 319, 161
track:1151, 686, 651, 319, 161
track:1152, 686, 652, 319, 161
track:1153, 692, 654, 319, 161
track:1154, 683, 659, 304, 153
track:1155, 688, 658, 304, 153
track:1156, 700, 661, 304, 153
track:1157, 691, 659, 304, 153
track:1158, 693, 661, 304, 153
track:1159, 704, 663, 289, 146
track:1160, 713, 666, 275, 139
track:1161, 708, 667, 275, 139
track:1162, 704, 668, 275, 139
track:1163, 709, 671, 275, 139
track:1164, 712, 671, 275, 139
track:1165, 711, 671, 275, 139
track:1166, 699, 666, 289, 146
track:1167, 703, 666, 289, 146
track:1168, 685, 670, 289, 146
track:1169, 675, 666, 304, 153
track:1170, 674, 666, 304, 153
init :1171, 761, 638, 346, 168
track:1172, 761, 639, 346, 168
track:1173, 761, 639, 346, 168
track:1174, 762, 639, 346, 168
track:1175, 763, 639, 346, 168
track:1176, 766, 636, 346, 168
track:1177, 767, 636, 346, 168
track:1178, 765, 636, 346, 168
track:1179, 763, 633, 346, 168
track:1180, 768, 631, 346, 168
track:1181, 765, 631, 346, 168
track:1182, 766, 628, 346, 168
track:1183, 761, 627, 346, 168
track:1184, 774, 629, 330, 160
track:1185, 771, 625, 346, 168
track:1186, 756, 620, 363, 176
track:1187, 752, 618, 363, 176
track:1188, 764, 615, 363, 176
track:1189, 781, 616, 363, 176
track:1190, 787, 613, 381, 185
track:1191, 768, 616, 381, 185
track:1192, 771, 617, 381, 185
track:1193, 763, 612, 401, 194
track:1194, 754, 615, 401, 194
track:1195, 785, 609, 401, 194
track:1196, 774, 614, 401, 194
track:1197, 773, 619, 381, 185
track:1198, 776, 625, 381, 185
track:1199, 788, 618, 363, 176
track:1200, 766, 612, 381, 185
track:1201, 736, 609, 381, 185
track:1202, 762, 610, 381, 185
track:1203, 765, 612, 363, 176
track:1204, 810, 613, 363, 176
track:1205, 808, 615, 363, 176
track:1206, 782, 618, 363, 176
track:1207, 815, 614, 363, 176
track:1208, 826, 617, 363, 176
track:1209, 819, 617, 363, 176
track:1210, 807, 614, 381, 185
track:1211, 827, 613, 381, 185
track:1212, 851, 611, 381, 185
track:1213, 855, 614, 381, 185
track:1214, 850, 612, 381, 185
track:1215, 855, 618, 381, 185
init :1216, 876, 643, 323, 101
track:1217, 875, 642, 323, 101
track:1218, 873, 642, 323, 101
track:1219, 880, 644, 308, 96
track:1220, 878, 645, 308, 96
track:1221, 875, 646, 308, 96
track:1222, 873, 647, 308, 96
track:1223, 878, 650, 293, 92
track:1224, 877, 650, 293, 92
track:1225, 879, 651, 293, 92
track:1226, 882, 653, 279, 87
track:1227, 890, 655, 266, 83
track:1228, 888, 656, 266, 83
track:1229, 888, 656, 266, 83
track:1230, 890, 658, 266, 83
track:1231, 889, 658, 266, 83
track:1232, 887, 659, 266, 83
track:1233, 893, 662, 253, 79
track:1234, 893, 663, 253, 79
track:1235, 887, 663, 253, 79
track:1236, 877, 661, 266, 83
track:1237, 874, 662, 266, 83
track:1238, 873, 664, 266, 83
track:1239, 883, 666, 253, 79
track:1240, 877, 667, 253, 79
track:1241, 872, 667, 253, 79
track:1242, 881, 670, 241, 75
track:1243, 885, 669, 241, 75
track:1244, 881, 669, 241, 75
track:1245, 889, 671, 230, 72
track:1246, 889, 670, 230, 72
track:1247, 893, 674, 219, 68
track:1248, 891, 673, 219, 68
track:1249, 954, 672, 219, 68
track:1250, 954, 671, 219, 68
track:1251, 947, 669, 219, 68
track:1252, 943, 667, 219, 68
track:1253, 939, 665, 219, 68
track:1254, 944, 666, 208, 65
track:1255, 939, 666, 208, 65
track:1256, 937, 667, 198, 62
track:1257, 936, 666, 198, 62
track:1258, 938, 668, 189, 59
track:1259, 942, 667, 180, 56
track:1260, 932, 666, 180, 56
init :1261, 793, 589, 73, 51
track:1262, 820, 590, 73, 51
track:1263, 846, 588, 77, 54
track:1264, 847, 588, 77, 54
track:1265, 861, 589, 77, 54
track:1266, 894, 589, 77, 54
track:1267, 918, 589, 77, 54
track:1268, 917, 583, 73, 51
track:1269, 919, 584, 70, 49
track:1270, 940, 586, 70, 49
track:1271, 954, 584, 66, 46
track:1272, 969, 582, 66, 46
track:1273, 971, 587, 66, 46
track:1274, 949, 582, 66, 46
track:1275, 942, 589, 66, 46
track:1276, 950, 593, 66, 46
track:1277, 954, 592, 70, 49
track:1278, 963, 587, 70, 49
track:1279, 962, 588, 70, 49
track:1280, 977, 588, 70, 49
track:1281, 988, 589, 73, 51
track:1282, 965, 588, 77, 54
track:1283, 963, 588, 77, 54
track:1284, 960, 588, 80, 56
track:1285, 951, 586, 85, 59
track:1286, 931, 586, 85, 59
track:1287, 924, 587, 85, 59
track:1288, 930, 589, 80, 56
track:1289, 930, 593, 77, 54
track:1290, 946, 595, 73, 51
track:1291, 959, 597, 73, 51
track:1292, 949, 596, 73, 51
track:1293, 957, 599, 70, 49
track:1294, 956, 596, 73, 51
track:1295, 973, 599, 77, 54
track:1296, 983, 603, 80, 56
track:1297, 1002, 610, 80, 56
track:1298, 1015, 610, 80, 56
track:1299, 1017, 611, 77, 54
track:1300, 1023, 612, 77, 54
track:1301, 1022, 610, 77, 54
track:1302, 1028, 611, 77, 54
track:1303, 1011, 602, 80, 56
track:1304, 1003, 595, 85, 59
track:1305, 982, 596, 89, 62
init :1306, 867, 662, 152, 64
track:1307, 863, 661, 160, 67
track:1308, 864, 663, 160, 67
track:1309, 869, 665, 152, 64
track:1310, 869, 665, 152, 64
track:1311, 874, 667, 145, 61
track:1312, 874, 668, 145, 61
track:1313, 874, 668, 145, 61
track:1314, 874, 668, 145, 61
track:1315, 874, 669, 145, 61
track:1316, 872, 669, 145, 61
track:1317, 866, 668, 152, 64
track:1318, 865, 668, 152, 64
track:1319, 864, 668, 152, 64
track:1320, 862, 669, 152, 64
track:1321, 860, 669, 152, 64
track:1322, 866, 670, 145, 61
track:1323, 870, 672, 138, 58
track:1324, 870, 672, 138, 58
track:1325, 870, 673, 138, 58
track:1326, 873, 674, 138, 58
track:1327, 875, 675, 138, 58
track:1328, 876, 676, 138, 58
track:1329, 876, 676, 138, 58
track:1330, 875, 676, 138, 58
track:1331, 871, 675, 145, 61
track:1332, 868, 676, 145, 61
track:1333, 861, 676, 145, 61
track:1334, 863, 676, 145, 61
track:1335, 857, 675, 145, 61
track:1336, 855, 676, 145, 61
track:1337, 849, 675, 145, 61
track:1338, 850, 677, 138, 58
track:1339, 848, 675, 145, 61
track:1340, 847, 676, 145, 61
track:1341, 846, 677, 145, 61
track:1342, 845, 677, 145, 61
track:1343, 845, 676, 145, 61
track:1344, 845, 677, 145, 61
track:1345, 844, 676, 145, 61
track:1346, 847, 679, 138, 58
track:1347, 847, 679, 138, 58
track:1348, 847, 679, 138, 58
track:1349, 844, 678, 145, 61
track:1350, 844, 679, 145, 61
init :1351, 849, 680, 175, 49
track:1352, 848, 680, 175, 49
track:1353, 848, 680, 175, 49
track:1354, 848, 680, 175, 49
track:1355, 848, 680, 175, 49
track:1356, 853, 682, 167, 47
track:1357, 857, 683, 159, 44
track:1358, 856, 683, 159, 44
track:1359, 859, 684, 151, 42
track:1360, 858, 684, 151, 42
track:1361, 858, 684, 151, 42
track:1362, 855, 683, 159, 44
track:1363, 852, 683, 167, 47
track:1364, 853, 685, 167, 47
track:1365, 853, 685, 167, 47
track:1366, 853, 685, 167, 47
track:1367, 849, 684, 175, 49
track:1368, 849, 685, 175, 49
track:1369, 854, 686, 167, 47
track:1370, 851, 687, 167, 47
track:1371, 845, 686, 175, 49
track:1372, 840, 687, 184, 51
track:1373, 837, 687, 184, 51
track:1374, 838, 687, 184, 51
track:1375, 836, 687, 184, 51
track:1376, 834, 687, 184, 51
track:1377, 832, 688, 184, 51
track:1378, 827, 689, 184, 51
track:1379, 828, 689, 184, 51
track:1380, 827, 691, 175, 49
track:1381, 821, 692, 175, 49
track:1382, 818, 693, 175, 49
track:1383, 815, 693, 175, 49
track:1384, 814, 694, 175, 49
track:1385, 813, 694, 175, 49
track:1386, 814, 695, 175, 49
track:1387, 819, 697, 167, 47
track:1388, 824, 699, 159, 44
track:1389, 825, 699, 159, 44
track:1390, 827, 699, 159, 44
track:1391, 831, 700, 159, 44
track:1392, 834, 700, 167, 47
track:1393, 838, 700, 167, 47
track:1394, 838, 702, 167, 47
track:1395, 840, 702, 167, 47
init :1396, 840, 708, 198, 64
track:1397, 844, 709, 189, 61
track:1398, 842, 709, 189, 61
track:1399, 841, 709, 189, 61
track:1400, 833, 708, 198, 64
track:1401, 831, 709, 198, 64
track:1402, 820, 708, 208, 67
track:1403, 817, 710, 208, 67
track:1404, 812, 710, 208, 67
track:1405, 809, 710, 208, 67
track:1406, 812, 712, 198, 64
track:1407, 809, 712, 198, 64
track:1408, 802, 711, 208, 67
track:1409, 801, 711, 208, 67
track:1410, 795, 710, 218, 71
track:1411, 795, 711, 218, 71
track:1412, 797, 712, 218, 71
track:1413, 797, 713, 218, 71
track:1414, 797, 713, 218, 71
track:1415, 799, 713, 218, 71
track:1416, 799, 714, 218, 71
track:1417, 798, 715, 218, 71
track:1418, 797, 716, 218, 71
track:1419, 796, 716, 218, 71
track:1420, 796, 717, 218, 71
track:1421, 794, 717, 218, 71
track:1422, 787, 716, 229, 74
track:1423, 792, 718, 218, 71
track:1424, 792, 719, 218, 71
track:1425, 794, 719, 218, 71
track:1426, 793, 720, 218, 71
track:1427, 793, 720, 218, 71
track:1428, 792, 721, 218, 71
track:1429, 792, 721, 218, 71
track:1430, 790, 721, 218, 71
track:1431, 793, 724, 208, 67
track:1432, 790, 725, 208, 67
track:1433, 789, 725, 208, 67
track:1434, 789, 726, 208, 67
track:1435, 789, 727, 208, 67
track:1436, 786, 727, 208, 67
track:1437, 785, 727, 208, 67
track:1438, 783, 728, 208, 67
track:1439, 783, 728, 208, 67
track:1440, 781, 729, 208, 67
init :1441, 784, 724, 244, 109
track:1442, 780, 724, 244, 109
track:1443, 778, 724, 244, 109
track:1444, 777, 724, 244, 109
track:1445, 772, 724, 244, 109
track:1446, 765, 725, 244, 109
track:1447, 762, 724, 244, 109
track:1448, 760, 724, 244, 109
track:1449, 759, 724, 244, 109
track:1450, 760, 722, 244, 109
track:1451, 762, 721, 244, 109
track:1452, 768, 723, 232, 104
track:1453, 769, 719, 244, 109
track:1454, 768, 721, 244, 109
track:1455, 774, 721, 244, 109
track:1456, 780, 721, 244, 109
track:1457, 790, 723, 244, 109
track:1458, 790, 723, 244, 109
track:1459, 791, 723, 244, 109
track:1460, 799, 725, 244, 109
track:1461, 809, 730, 232, 104
track:1462, 821, 735, 221, 99
track:1463, 821, 733, 221, 99
track:1464, 830, 738, 211, 94
track:1465, 839, 736, 211, 94
track:1466, 848, 743, 201, 90
track:1467, 844, 742, 211, 94
track:1468, 844, 743, 211, 94
track:1469, 844, 745, 211, 94
track:1470, 842, 746, 211, 94
track:1471, 840, 745, 211, 94
track:1472, 834, 742, 221, 99
track:1473, 831, 740, 221, 99
track:1474, 826, 733, 221, 99
track:1475, 820, 731, 232, 104
track:1476, 819, 732, 232, 104
track:1477, 828, 735, 221, 99
track:1478, 820, 732, 232, 104
track:1479, 819, 733, 232, 104
track:1480, 822, 734, 232, 104
track:1481, 822, 733, 232, 104
track:1482, 825, 737, 232, 104
track:1483, 822, 734, 232, 104
track:1484, 828, 732, 232, 104
track:1485, 830, 731, 221, 99
init :1486, 858, 654, 230, 168
track:1487, 862, 654, 230, 168
track:1488, 864, 654, 230, 168
track:1489, 869, 653, 230, 168
track:1490, 871, 651, 230, 168
track:1491, 873, 650, 230, 168
track:1492, 875, 647, 230, 168
track:1493, 873, 646, 230, 168
track:1494, 868, 640, 241, 176
track:1495, 867, 636, 241, 176
track:1496, 866, 638, 230, 168
track:1497, 865, 632, 230, 168
track:1498, 858, 631, 230, 168
track:1499, 855, 627, 230, 168
track:1500, 852, 625, 230, 168
track:1501, 845, 620, 230, 168
track:1502, 833, 616, 230, 168
track:1503, 833, 615, 230, 168
track:1504, 836, 612, 230, 168
track:1505, 834, 610, 230, 168
track:1506, 836, 606, 230, 168
track:1507, 831, 602, 230, 168
track:1508, 831, 603, 230, 168
track:1509, 828, 600, 230, 168
track:1510, 834, 596, 230, 168
track:1511, 840, 596, 219, 160
track:1512, 835, 595, 219, 160
track:1513, 832, 595, 219, 160
track:1514, 820, 590, 219, 160
track:1515, 798, 590, 219, 160
track:1516, 780, 592, 219, 160
track:1517, 757, 591, 219, 160
track:1518, 748, 593, 219, 160
track:1519, 730, 596, 209, 152
track:1520, 711, 596, 209, 152
track:1521, 685, 595, 209, 152
track:1522, 667, 597, 209, 152
track:1523, 672, 593, 209, 152
track:1524, 657, 593, 209, 152
track:1525, 666, 600, 199, 145
track:1526, 680, 604, 199, 145
track:1527, 689, 601, 199, 145
track:1528, 714, 601, 209, 152
track:1529, 722, 600, 209, 152
track:1530, 745, 601, 209, 152
init :1531, 761, 633, 249, 85
track:1532, 787, 633, 249, 85
track:1533, 787, 633, 249, 85
track:1534, 818, 635, 237, 81
track:1535, 841, 635, 237, 81
track:1536, 865, 635, 237, 81
track:1537, 881, 635, 237, 81
track:1538, 881, 636, 237, 81
track:1539, 890, 637, 237, 81
track:1540, 892, 636, 249, 85
track:1541, 901, 640, 237, 81
track:1542, 903, 642, 237, 81
track:1543, 910, 644, 226, 77
track:1544, 908, 644, 226, 77
track:1545, 906, 644, 226, 77
track:1546, 903, 645, 226, 77
track:1547, 895, 647, 226, 77
track:1548, 893, 649, 226, 77
track:1549, 889, 651, 226, 77
track:1550, 878, 654, 215, 73
track:1551, 880, 658, 205, 70
track:1552, 875, 658, 205, 70
track:1553, 874, 658, 205, 70
track:1554, 875, 661, 195, 67
track:1555, 873, 663, 195, 67
track:1556, 877, 665, 186, 63
track:1557, 883, 667, 177, 60
track:1558, 882, 667, 177, 60
track:1559, 886, 667, 177, 60
track:1560, 890, 669, 177, 60
track:1561, 893, 669, 177, 60
track:1562, 899, 671, 169, 58
track:1563, 900, 671, 169, 58
track:1564, 901, 671, 169, 58
track:1565, 904, 673, 161, 55
track:1566, 906, 674, 153, 52
track:1567, 909, 676, 146, 50
track:1568, 907, 675, 146, 50
track:1569, 907, 675, 146, 50
track:1570, 906, 676, 146, 50
track:1571, 904, 675, 146, 50
track:1572, 906, 676, 139, 47
track:1573, 906, 676, 139, 47
track:1574, 904, 675, 139, 47
track:1575, 900, 676, 139, 47
init :1576, 913, 672, 147, 75
track:1577, 911, 673, 147, 75
track:1578, 910, 673, 147, 75
track:1579, 909, 673, 147, 75
track:1580, 906, 673, 147, 75
track:1581, 904, 675, 140, 71
track:1582, 901, 676, 140, 71
track:1583, 897, 674, 147, 75
track:1584, 897, 674, 147, 75
track:1585, 894, 675, 147, 75
track:1586, 893, 675, 147, 75
track:1587, 893, 675, 147, 75
track:1588, 892, 675, 147, 75
track:1589, 894, 677, 140, 71
track:1590, 890, 676, 147, 75
track:1591, 888, 677, 147, 75
track:1592, 890, 677, 147, 75
track:1593, 887, 677, 147, 75
track:1594, 887, 677, 147, 75
track:1595, 885, 678, 147, 75
track:1596, 880, 678, 147, 75
track:1599, 878, 680, 147, 75
track:1600, 881, 682, 140, 71
track:1601, 877, 681, 140, 71
track:1602, 876, 681, 140, 71
track:1603, 881, 683, 133, 68
track:1604, 874, 680, 140, 71
track:1605, 873, 680, 140, 71
track:1606, 869, 681, 140, 71
track:1607, 869, 680, 140, 71
track:1608, 868, 682, 133, 68
elapseTime: 16.539
