init :7, 821, 630, 235, 197
track:8, 821, 630, 235, 197
track:9, 822, 630, 235, 197
track:10, 821, 631, 235, 197
track:11, 823, 630, 235, 197
track:12, 823, 630, 235, 197
track:13, 824, 630, 235, 197
track:14, 824, 630, 235, 197
track:15, 824, 630, 235, 197
track:16, 825, 630, 235, 197
init :17, 821, 633, 240, 194
track:18, 821, 633, 240, 194
track:19, 820, 634, 240, 194
track:20, 821, 634, 240, 194
track:21, 823, 635, 240, 194
track:22, 824, 635, 240, 194
track:23, 824, 634, 240, 194
track:24, 823, 635, 240, 194
track:25, 824, 635, 240, 194
track:26, 824, 634, 240, 194
track:27, 824, 634, 240, 194
track:28, 825, 634, 240, 194
track:29, 825, 634, 240, 194
track:30, 826, 634, 240, 194
track:31, 826, 634, 240, 194
track:32, 826, 633, 240, 194
init :33, 826, 630, 240, 197
track:34, 826, 630, 240, 197
track:35, 826, 630, 240, 197
track:36, 826, 630, 240, 197
track:37, 826, 630, 240, 197
track:38, 827, 629, 240, 197
track:39, 827, 630, 240, 197
track:40, 828, 628, 240, 197
track:41, 827, 629, 240, 197
track:42, 826, 630, 240, 197
track:43, 827, 630, 240, 197
track:44, 827, 629, 240, 197
track:45, 827, 630, 240, 197
track:46, 828, 630, 240, 197
track:48, 827, 628, 240, 197
init :49, 826, 630, 235, 197
track:50, 827, 630, 235, 197
track:51, 827, 630, 235, 197
track:52, 826, 629, 235, 197
track:53, 826, 629, 235, 197
track:54, 826, 630, 235, 197
track:55, 828, 629, 235, 197
track:56, 826, 630, 235, 197
track:57, 828, 629, 235, 197
track:58, 827, 630, 235, 197
track:59, 826, 630, 235, 197
track:60, 827, 629, 235, 197
track:61, 826, 630, 235, 197
track:62, 825, 629, 235, 197
track:63, 824, 629, 235, 197
track:64, 824, 629, 235, 197
init :65, 826, 630, 240, 199
track:66, 826, 631, 240, 199
track:67, 826, 629, 240, 199
track:68, 825, 629, 240, 199
track:69, 824, 629, 240, 199
track:70, 823, 629, 240, 199
track:71, 824, 628, 240, 199
track:72, 819, 623, 252, 209
track:73, 819, 622, 252, 209
track:74, 819, 624, 252, 209
track:75, 825, 629, 240, 199
track:76, 824, 629, 240, 199
track:77, 824, 629, 240, 199
track:78, 823, 628, 240, 199
track:79, 824, 628, 240, 199
track:80, 825, 628, 240, 199
init :81, 826, 630, 235, 197
track:82, 826, 630, 235, 197
track:83, 826, 631, 235, 197
track:84, 826, 630, 235, 197
track:85, 826, 631, 235, 197
track:86, 826, 631, 235, 197
track:87, 826, 631, 235, 197
track:88, 827, 632, 235, 197
track:89, 826, 631, 235, 197
track:90, 826, 631, 235, 197
track:91, 826, 632, 235, 197
track:92, 826, 631, 235, 197
track:93, 826, 631, 235, 197
track:94, 826, 631, 235, 197
track:95, 827, 631, 235, 197
track:96, 827, 631, 235, 197
init :97, 826, 628, 240, 197
track:98, 827, 627, 240, 197
track:99, 827, 628, 240, 197
track:100, 829, 628, 240, 197
track:101, 829, 627, 240, 197
track:102, 830, 627, 240, 197
track:103, 831, 626, 240, 197
track:104, 830, 626, 240, 197
track:105, 832, 625, 240, 197
track:106, 837, 629, 229, 188
track:107, 832, 622, 240, 197
track:108, 832, 621, 240, 197
track:109, 833, 620, 240, 197
track:110, 832, 619, 240, 197
track:111, 833, 618, 240, 197
track:112, 834, 614, 240, 197
init :113, 844, 623, 212, 173
track:114, 844, 623, 212, 173
track:115, 845, 622, 212, 173
track:116, 846, 620, 212, 173
track:117, 847, 617, 212, 173
track:120, 849, 615, 212, 173
track:121, 850, 612, 212, 173
track:122, 851, 611, 212, 173
track:123, 849, 610, 212, 173
track:124, 850, 609, 212, 173
track:125, 848, 608, 212, 173
track:126, 845, 603, 212, 173
track:127, 845, 602, 212, 173
track:128, 843, 602, 212, 173
init :129, 858, 607, 189, 166
track:130, 858, 609, 189, 166
track:131, 858, 610, 189, 166
track:132, 860, 614, 189, 166
track:133, 867, 620, 180, 158
track:134, 861, 616, 189, 166
track:135, 862, 617, 189, 166
track:136, 863, 618, 189, 166
track:137, 862, 620, 189, 166
track:138, 863, 621, 189, 166
track:139, 864, 621, 189, 166
track:140, 864, 621, 189, 166
track:141, 863, 620, 189, 166
track:142, 861, 621, 189, 166
track:143, 860, 622, 189, 166
track:144, 860, 622, 189, 166
init :145, 858, 625, 180, 150
track:146, 858, 625, 180, 150
track:147, 859, 627, 180, 150
track:148, 860, 629, 180, 150
track:149, 864, 633, 171, 143
track:150, 864, 636, 171, 143
track:151, 865, 639, 171, 143
track:152, 865, 642, 171, 143
track:153, 865, 644, 171, 143
track:154, 860, 641, 180, 150
track:155, 861, 642, 180, 150
track:156, 861, 644, 180, 150
track:157, 862, 645, 180, 150
track:158, 862, 646, 180, 150
track:159, 862, 646, 180, 150
track:160, 862, 646, 180, 150
init :161, 863, 651, 170, 155
track:162, 861, 650, 170, 155
track:163, 859, 650, 170, 155
track:164, 859, 651, 170, 155
track:165, 858, 651, 170, 155
track:166, 859, 651, 170, 155
track:167, 859, 651, 170, 155
track:168, 859, 652, 170, 155
track:169, 860, 652, 170, 155
track:170, 860, 651, 170, 155
track:171, 861, 650, 170, 155
track:172, 861, 649, 170, 155
track:173, 862, 648, 170, 155
track:174, 862, 649, 170, 155
track:175, 860, 649, 170, 155
track:176, 858, 650, 170, 155
init :177, 863, 651, 161, 155
track:178, 864, 651, 161, 155
track:179, 864, 652, 161, 155
track:180, 865, 654, 161, 155
track:181, 865, 655, 161, 155
track:182, 867, 658, 161, 155
track:183, 868, 660, 161, 155
track:184, 870, 661, 161, 155
track:185, 869, 662, 161, 155
track:186, 867, 661, 161, 155
track:187, 865, 656, 161, 155
track:188, 860, 653, 161, 155
track:189, 860, 653, 161, 155
track:190, 857, 651, 161, 155
track:191, 857, 649, 161, 155
track:192, 857, 644, 161, 155
init :193, 858, 643, 161, 150
track:194, 858, 643, 161, 150
track:195, 860, 642, 161, 150
track:196, 861, 641, 161, 150
track:197, 860, 639, 161, 150
track:198, 858, 640, 161, 150
track:199, 858, 640, 161, 150
track:200, 857, 643, 161, 150
track:201, 854, 643, 161, 150
track:202, 854, 641, 161, 150
track:203, 853, 639, 161, 150
track:204, 853, 639, 161, 150
track:205, 854, 636, 161, 150
track:206, 855, 635, 161, 150
track:207, 852, 634, 161, 150
track:208, 852, 633, 161, 150
init :209, 853, 630, 152, 137
track:210, 852, 628, 152, 137
track:211, 851, 627, 152, 137
track:212, 852, 624, 152, 137
track:213, 852, 623, 152, 137
track:214, 852, 623, 152, 137
track:215, 852, 622, 152, 137
track:216, 851, 622, 152, 137
track:217, 852, 622, 152, 137
track:218, 852, 623, 152, 137
track:219, 852, 624, 152, 137
track:220, 852, 628, 152, 137
track:221, 852, 630, 152, 137
track:222, 851, 631, 152, 137
track:223, 851, 632, 152, 137
track:224, 851, 634, 152, 137
init :225, 853, 646, 138, 122
track:226, 853, 647, 138, 122
track:227, 854, 648, 138, 122
track:228, 854, 649, 138, 122
track:229, 854, 649, 138, 122
track:230, 854, 648, 138, 122
track:231, 854, 647, 138, 122
track:232, 853, 645, 138, 122
track:233, 853, 644, 138, 122
track:234, 855, 646, 131, 116
track:235, 855, 646, 131, 116
track:236, 856, 644, 131, 116
track:237, 857, 645, 131, 116
track:238, 858, 645, 131, 116
track:239, 859, 646, 131, 116
track:240, 859, 649, 131, 116
init :241, 863, 651, 120, 101
track:242, 864, 651, 120, 101
track:243, 864, 651, 120, 101
track:244, 864, 652, 120, 101
track:245, 864, 652, 120, 101
track:246, 864, 653, 120, 101
track:247, 864, 654, 120, 101
track:248, 865, 654, 120, 101
track:249, 864, 655, 120, 101
track:250, 864, 655, 120, 101
track:251, 865, 658, 120, 101
track:252, 866, 659, 120, 101
track:253, 866, 659, 120, 101
track:254, 867, 663, 120, 101
track:255, 866, 664, 120, 101
track:256, 867, 666, 120, 101
init :257, 867, 672, 124, 96
track:258, 867, 672, 124, 96
track:259, 867, 675, 124, 96
track:260, 868, 676, 124, 96
track:261, 869, 677, 124, 96
track:262, 869, 678, 124, 96
track:263, 868, 679, 124, 96
track:264, 866, 678, 130, 101
track:265, 866, 680, 130, 101
track:266, 866, 681, 130, 101
track:267, 866, 683, 130, 101
track:268, 866, 684, 130, 101
track:269, 866, 685, 130, 101
track:270, 866, 686, 130, 101
track:271, 867, 688, 130, 101
track:272, 868, 693, 130, 101
init :273, 867, 690, 129, 103
track:274, 868, 693, 129, 103
track:275, 867, 694, 129, 103
track:276, 869, 697, 129, 103
track:277, 866, 697, 135, 108
track:278, 866, 697, 135, 108
track:279, 864, 695, 142, 114
track:280, 866, 693, 142, 114
track:281, 866, 693, 142, 114
track:282, 869, 695, 142, 114
track:283, 869, 695, 142, 114
track:284, 871, 697, 142, 114
track:285, 872, 698, 142, 114
track:286, 871, 695, 149, 119
track:287, 871, 692, 149, 119
track:288, 872, 691, 149, 119
init :289, 872, 677, 161, 150
track:290, 872, 673, 161, 150
track:291, 872, 667, 161, 150
track:292, 870, 659, 169, 158
track:293, 871, 659, 169, 158
track:294, 871, 657, 169, 158
track:295, 869, 650, 178, 165
track:296, 871, 650, 178, 165
track:297, 866, 647, 186, 174
track:298, 861, 643, 196, 182
track:299, 859, 644, 196, 182
track:300, 858, 645, 196, 182
track:301, 855, 647, 196, 182
track:302, 850, 648, 205, 191
track:303, 845, 646, 216, 201
track:304, 843, 649, 216, 201
init :305, 816, 641, 267, 225
track:306, 814, 640, 267, 225
track:307, 808, 633, 280, 236
track:308, 807, 633, 280, 236
track:309, 807, 631, 280, 236
track:310, 802, 622, 280, 236
track:311, 803, 611, 280, 236
track:312, 803, 600, 280, 236
track:313, 802, 600, 280, 236
track:314, 806, 593, 280, 236
track:315, 803, 587, 280, 236
track:316, 803, 576, 280, 236
track:317, 813, 571, 267, 225
track:318, 820, 577, 254, 214
track:319, 820, 576, 254, 214
track:320, 831, 571, 242, 204
init :321, 858, 568, 207, 184
track:322, 858, 568, 207, 184
track:323, 858, 568, 207, 184
track:324, 857, 571, 207, 184
track:325, 857, 571, 207, 184
track:326, 856, 565, 207, 184
track:327, 853, 566, 207, 184
track:328, 853, 565, 207, 184
track:329, 854, 575, 197, 175
track:330, 853, 580, 197, 175
track:331, 851, 584, 197, 175
track:332, 849, 586, 197, 175
track:333, 850, 588, 197, 175
track:334, 849, 589, 197, 175
track:335, 847, 590, 197, 175
track:336, 847, 593, 197, 175
init :337, 853, 599, 184, 168
track:338, 853, 599, 184, 168
track:339, 853, 595, 184, 168
track:340, 854, 594, 184, 168
track:341, 854, 594, 184, 168
track:342, 855, 593, 184, 168
track:343, 855, 593, 184, 168
track:344, 854, 591, 184, 168
track:345, 860, 592, 175, 160
track:346, 860, 593, 175, 160
track:347, 859, 595, 175, 160
track:348, 859, 595, 175, 160
track:349, 864, 602, 167, 152
track:350, 867, 609, 159, 145
track:351, 868, 612, 159, 145
track:352, 872, 619, 151, 138
init :353, 872, 628, 147, 119
track:354, 871, 630, 147, 119
track:355, 872, 631, 147, 119
track:356, 871, 632, 147, 119
track:357, 875, 635, 140, 113
track:358, 873, 635, 140, 113
track:359, 874, 636, 140, 113
track:360, 874, 636, 140, 113
track:361, 872, 637, 140, 113
track:362, 874, 638, 133, 108
track:363, 875, 638, 133, 108
track:364, 874, 639, 133, 108
track:365, 874, 640, 133, 108
track:366, 875, 643, 127, 103
track:367, 874, 643, 127, 103
track:368, 874, 644, 127, 103
init :369, 876, 646, 124, 96
track:370, 875, 651, 124, 96
track:371, 875, 657, 124, 96
track:372, 874, 661, 124, 96
track:373, 874, 662, 124, 96
track:374, 874, 662, 124, 96
track:375, 874, 664, 124, 96
track:376, 870, 664, 124, 96
track:377, 868, 665, 124, 96
track:378, 868, 665, 124, 96
track:379, 868, 667, 124, 96
track:380, 867, 667, 124, 96
track:381, 867, 666, 124, 96
track:382, 865, 666, 124, 96
track:383, 865, 666, 124, 96
track:384, 863, 665, 124, 96
init :385, 863, 662, 110, 93
track:386, 863, 662, 110, 93
track:387, 864, 663, 110, 93
track:388, 864, 663, 110, 93
track:389, 863, 662, 110, 93
track:390, 863, 662, 110, 93
track:391, 863, 665, 110, 93
track:392, 863, 668, 110, 93
track:393, 863, 668, 110, 93
track:394, 863, 669, 110, 93
track:395, 864, 674, 110, 93
track:396, 865, 678, 110, 93
track:397, 867, 682, 110, 93
track:398, 868, 683, 110, 93
track:399, 869, 687, 110, 93
track:400, 870, 692, 110, 93
init :401, 876, 703, 101, 85
track:402, 877, 707, 101, 85
track:403, 877, 707, 101, 85
track:404, 878, 709, 101, 85
track:405, 879, 710, 101, 85
track:406, 879, 709, 101, 85
track:407, 880, 709, 101, 85
track:408, 880, 710, 101, 85
track:409, 879, 706, 106, 89
track:410, 879, 705, 106, 89
track:411, 880, 702, 106, 89
track:412, 881, 700, 106, 89
track:413, 881, 700, 106, 89
track:414, 880, 699, 106, 89
track:415, 880, 700, 106, 89
track:416, 880, 701, 106, 89
init :417, 886, 698, 101, 80
track:418, 886, 698, 101, 80
track:419, 886, 699, 101, 80
track:420, 884, 700, 101, 80
track:421, 882, 700, 101, 80
track:422, 882, 698, 101, 80
track:423, 882, 698, 101, 80
track:424, 882, 694, 101, 80
track:425, 882, 692, 101, 80
track:426, 881, 691, 101, 80
track:427, 883, 691, 96, 76
track:428, 882, 691, 96, 76
track:429, 882, 691, 96, 76
track:430, 879, 689, 101, 80
track:431, 878, 690, 101, 80
track:432, 877, 689, 101, 80
init :433, 872, 690, 110, 83
track:434, 871, 690, 110, 83
track:435, 871, 691, 110, 83
track:436, 871, 691, 110, 83
track:437, 870, 693, 110, 83
track:438, 870, 694, 110, 83
track:439, 871, 695, 110, 83
track:440, 872, 696, 110, 83
track:441, 872, 696, 110, 83
track:442, 872, 695, 110, 83
track:443, 873, 696, 110, 83
track:444, 873, 696, 110, 83
track:445, 873, 697, 110, 83
track:446, 874, 698, 110, 83
track:447, 873, 697, 110, 83
track:448, 873, 696, 110, 83
init :449, 867, 693, 115, 85
track:450, 867, 693, 115, 85
track:451, 867, 695, 115, 85
track:452, 868, 697, 115, 85
track:453, 868, 698, 115, 85
track:454, 869, 698, 115, 85
track:455, 868, 696, 121, 89
track:456, 868, 697, 121, 89
track:457, 868, 696, 121, 89
track:458, 867, 697, 121, 89
track:459, 867, 696, 121, 89
track:460, 867, 694, 121, 89
track:461, 868, 694, 121, 89
track:462, 865, 691, 127, 94
track:463, 865, 690, 127, 94
track:464, 864, 688, 127, 94
init :465, 867, 685, 129, 96
track:466, 867, 686, 129, 96
track:467, 869, 689, 123, 91
track:468, 866, 688, 129, 96
track:469, 867, 688, 129, 96
track:470, 867, 689, 129, 96
track:471, 865, 689, 135, 101
track:472, 866, 688, 135, 101
track:473, 867, 691, 135, 101
track:474, 867, 693, 135, 101
track:475, 865, 692, 142, 106
track:476, 867, 691, 142, 106
track:477, 867, 690, 142, 106
track:478, 865, 687, 149, 111
track:479, 867, 685, 149, 111
track:480, 869, 677, 149, 111
init :481, 872, 669, 147, 124
track:482, 872, 669, 147, 124
track:483, 875, 663, 147, 124
track:484, 876, 662, 147, 124
track:485, 874, 658, 154, 130
track:486, 875, 663, 154, 130
track:487, 875, 663, 154, 130
track:488, 873, 667, 154, 130
track:490, 871, 671, 154, 130
track:491, 868, 672, 154, 130
track:492, 863, 670, 162, 137
track:493, 861, 670, 162, 137
track:494, 861, 669, 162, 137
track:495, 854, 660, 170, 144
track:496, 852, 655, 170, 144
init :497, 858, 649, 166, 145
track:498, 858, 647, 166, 145
track:499, 857, 644, 166, 145
track:500, 856, 640, 166, 145
track:501, 855, 637, 166, 145
track:502, 855, 635, 166, 145
track:503, 855, 632, 166, 145
track:504, 855, 632, 166, 145
track:505, 854, 631, 166, 145
track:506, 858, 634, 158, 138
track:507, 858, 633, 158, 138
track:508, 857, 631, 158, 138
track:509, 858, 628, 158, 138
track:510, 852, 622, 166, 145
track:511, 851, 620, 166, 145
track:512, 851, 619, 166, 145
init :513, 853, 623, 156, 142
track:514, 853, 624, 156, 142
track:515, 854, 625, 156, 142
track:516, 853, 624, 156, 142
track:517, 854, 625, 156, 142
track:518, 858, 626, 149, 135
track:519, 857, 625, 149, 135
track:520, 858, 625, 149, 135
track:521, 858, 624, 149, 135
track:522, 859, 623, 149, 135
track:523, 858, 624, 149, 135
track:524, 862, 629, 141, 129
track:525, 866, 634, 135, 123
track:526, 868, 635, 135, 123
track:527, 868, 635, 135, 123
track:528, 867, 635, 135, 123
init :529, 867, 636, 138, 98
track:530, 868, 635, 138, 98
track:531, 868, 634, 138, 98
track:532, 869, 635, 138, 98
track:533, 870, 637, 138, 98
track:534, 871, 637, 138, 98
track:535, 870, 638, 138, 98
track:536, 870, 641, 138, 98
track:537, 871, 641, 138, 98
track:538, 874, 644, 131, 93
track:539, 877, 648, 125, 89
track:540, 877, 648, 125, 89
track:543, 875, 649, 125, 89
track:544, 874, 649, 125, 89
init :546, 872, 656, 115, 83
track:547, 872, 656, 115, 83
track:548, 871, 658, 115, 83
track:549, 871, 661, 115, 83
track:550, 870, 663, 115, 83
track:551, 868, 664, 115, 83
track:552, 868, 664, 115, 83
track:553, 868, 664, 115, 83
track:554, 868, 664, 115, 83
track:555, 867, 665, 115, 83
track:556, 867, 665, 115, 83
track:557, 867, 665, 115, 83
track:558, 869, 671, 110, 79
track:559, 871, 676, 104, 75
track:560, 871, 678, 104, 75
init :561, 876, 680, 96, 80
track:562, 876, 680, 96, 80
track:563, 876, 683, 96, 80
track:564, 876, 685, 96, 80
track:565, 876, 686, 96, 80
track:566, 876, 689, 96, 80
track:567, 876, 689, 96, 80
track:568, 877, 692, 96, 80
track:569, 878, 693, 96, 80
track:570, 877, 696, 96, 80
track:571, 876, 698, 96, 80
track:572, 876, 699, 96, 80
track:573, 878, 700, 96, 80
track:574, 879, 701, 96, 80
track:575, 880, 701, 96, 80
track:576, 878, 699, 96, 80
init :577, 872, 700, 101, 75
track:578, 872, 699, 101, 75
track:579, 873, 696, 101, 75
track:580, 874, 697, 101, 75
track:581, 874, 696, 101, 75
track:582, 874, 697, 101, 75
track:583, 874, 699, 101, 75
track:584, 874, 701, 101, 75
track:585, 874, 700, 101, 75
track:586, 873, 701, 101, 75
track:587, 871, 700, 106, 79
track:588, 871, 701, 106, 79
track:589, 872, 699, 106, 79
track:590, 871, 699, 106, 79
track:591, 870, 700, 106, 79
track:592, 869, 700, 106, 79
init :593, 872, 693, 110, 93
track:594, 872, 692, 110, 93
track:595, 873, 683, 110, 93
track:596, 873, 682, 110, 93
track:597, 873, 681, 110, 93
track:598, 872, 677, 110, 93
track:599, 871, 670, 110, 93
track:600, 872, 667, 110, 93
track:601, 872, 666, 110, 93
track:602, 872, 666, 110, 93
track:603, 872, 666, 110, 93
track:604, 869, 659, 115, 98
track:605, 869, 656, 115, 98
track:606, 868, 655, 115, 98
track:607, 869, 655, 115, 98
track:608, 869, 655, 115, 98
init :609, 867, 654, 120, 93
track:610, 867, 656, 120, 93
track:611, 867, 659, 120, 93
track:612, 868, 660, 120, 93
track:613, 864, 660, 126, 98
track:614, 864, 662, 126, 98
track:615, 864, 665, 126, 98
track:616, 864, 668, 126, 98
track:617, 864, 668, 126, 98
track:618, 864, 667, 126, 98
track:619, 864, 666, 126, 98
track:620, 865, 665, 126, 98
track:621, 865, 664, 126, 98
track:622, 866, 665, 126, 98
track:623, 866, 664, 126, 98
track:624, 865, 663, 126, 98
init :625, 858, 656, 133, 114
track:626, 862, 659, 127, 109
track:627, 863, 659, 127, 109
track:628, 864, 660, 127, 109
track:629, 864, 660, 127, 109
track:630, 864, 659, 127, 109
track:631, 860, 656, 133, 114
track:632, 859, 656, 133, 114
track:633, 861, 659, 133, 114
track:634, 859, 659, 140, 120
track:635, 859, 661, 140, 120
track:636, 860, 663, 140, 120
track:637, 860, 662, 140, 120
track:638, 862, 663, 140, 120
track:639, 862, 664, 140, 120
track:640, 863, 663, 140, 120
init :641, 863, 664, 147, 111
track:642, 863, 664, 147, 111
track:643, 864, 662, 147, 111
track:644, 860, 659, 154, 117
track:645, 860, 651, 154, 117
track:646, 864, 652, 147, 111
track:647, 865, 652, 147, 111
track:648, 865, 651, 147, 111
track:649, 864, 651, 147, 111
track:650, 870, 654, 140, 106
track:651, 872, 653, 140, 106
track:652, 873, 653, 140, 106
track:653, 873, 653, 140, 106
track:654, 873, 654, 140, 106
track:655, 874, 658, 140, 106
track:656, 875, 660, 140, 106
init :657, 872, 656, 138, 116
track:658, 874, 659, 138, 116
track:659, 875, 659, 138, 116
track:660, 874, 658, 138, 116
track:661, 876, 659, 138, 116
track:662, 876, 658, 138, 116
track:663, 876, 657, 138, 116
track:664, 877, 656, 138, 116
track:665, 878, 654, 138, 116
track:666, 879, 652, 138, 116
track:667, 879, 652, 138, 116
track:668, 879, 650, 138, 116
track:669, 879, 649, 138, 116
track:670, 881, 649, 138, 116
track:671, 878, 650, 138, 116
track:672, 877, 649, 138, 116
init :673, 872, 651, 143, 116
track:674, 871, 650, 143, 116
track:675, 870, 650, 143, 116
track:676, 870, 651, 143, 116
track:677, 870, 651, 143, 116
track:678, 868, 653, 143, 116
track:679, 867, 663, 143, 116
track:680, 868, 670, 143, 116
track:681, 868, 672, 143, 116
track:682, 868, 673, 143, 116
track:683, 866, 672, 143, 116
track:684, 865, 671, 143, 116
track:685, 865, 673, 143, 116
track:686, 865, 675, 143, 116
track:687, 865, 676, 143, 116
track:688, 865, 675, 143, 116
init :689, 853, 672, 156, 116
track:690, 852, 671, 156, 116
track:691, 852, 671, 156, 116
track:692, 851, 670, 156, 116
track:693, 851, 669, 156, 116
track:694, 851, 668, 156, 116
track:695, 852, 668, 156, 116
track:696, 851, 667, 156, 116
track:697, 850, 666, 156, 116
track:698, 849, 665, 156, 116
track:699, 845, 665, 156, 116
track:700, 849, 668, 149, 110
track:701, 850, 669, 149, 110
track:702, 850, 669, 149, 110
track:703, 850, 673, 149, 110
track:704, 849, 679, 149, 110
init :705, 853, 677, 147, 124
track:706, 853, 678, 147, 124
track:707, 853, 678, 147, 124
track:708, 851, 680, 147, 124
track:709, 852, 680, 147, 124
track:710, 852, 679, 147, 124
track:711, 852, 678, 147, 124
track:712, 852, 676, 147, 124
track:713, 852, 675, 147, 124
track:714, 851, 674, 147, 124
track:715, 851, 676, 147, 124
track:716, 851, 676, 147, 124
track:717, 851, 677, 147, 124
track:718, 852, 678, 147, 124
track:719, 849, 675, 154, 130
track:720, 849, 675, 154, 130
init :721, 853, 675, 147, 124
track:722, 853, 675, 147, 124
track:723, 853, 675, 147, 124
track:724, 854, 671, 147, 124
track:725, 854, 668, 147, 124
track:726, 854, 668, 147, 124
track:727, 854, 666, 147, 124
track:728, 855, 663, 147, 124
track:729, 852, 654, 154, 130
track:730, 852, 652, 154, 130
track:731, 853, 651, 154, 130
track:732, 853, 653, 154, 130
track:733, 852, 651, 154, 130
track:734, 853, 647, 154, 130
track:735, 854, 643, 154, 130
track:736, 855, 641, 154, 130
init :737, 849, 636, 175, 127
track:738, 852, 639, 167, 121
track:739, 847, 636, 175, 127
track:740, 848, 637, 175, 127
track:741, 850, 638, 175, 127
track:742, 849, 640, 175, 127
track:743, 843, 639, 184, 133
track:744, 843, 638, 184, 133
track:745, 843, 636, 184, 133
track:746, 844, 636, 184, 133
track:747, 848, 637, 175, 127
track:748, 848, 628, 175, 127
track:749, 848, 623, 175, 127
track:750, 846, 622, 175, 127
track:751, 845, 621, 175, 127
track:752, 845, 623, 175, 127
init :753, 849, 628, 156, 124
track:754, 850, 628, 156, 124
track:755, 853, 629, 156, 124
track:756, 853, 629, 156, 124
track:757, 854, 628, 156, 124
track:758, 854, 627, 156, 124
track:759, 853, 628, 156, 124
track:760, 854, 632, 156, 124
track:761, 854, 633, 156, 124
track:762, 856, 633, 156, 124
track:763, 859, 632, 156, 124
track:764, 860, 632, 156, 124
track:765, 863, 635, 149, 118
track:766, 862, 635, 149, 118
track:767, 861, 636, 149, 118
track:768, 861, 637, 149, 118
init :769, 863, 638, 147, 122
track:770, 865, 647, 147, 122
track:771, 866, 648, 147, 122
track:772, 867, 647, 147, 122
track:773, 867, 646, 147, 122
track:774, 869, 646, 147, 122
track:775, 868, 646, 147, 122
track:776, 868, 647, 147, 122
track:777, 869, 647, 147, 122
track:778, 870, 646, 147, 122
track:779, 871, 646, 147, 122
track:780, 872, 646, 147, 122
track:781, 876, 648, 140, 116
track:782, 876, 648, 140, 116
track:783, 880, 650, 133, 111
track:784, 879, 649, 133, 111
init :785, 881, 649, 138, 101
track:786, 881, 649, 138, 101
track:787, 878, 647, 145, 106
track:788, 878, 648, 145, 106
track:789, 876, 650, 145, 106
track:790, 877, 649, 145, 106
track:791, 876, 649, 145, 106
track:792, 876, 648, 145, 106
track:793, 875, 648, 145, 106
track:794, 878, 652, 138, 101
track:795, 875, 654, 145, 106
track:796, 875, 655, 145, 106
track:797, 875, 654, 145, 106
track:798, 875, 654, 145, 106
track:799, 875, 655, 145, 106
track:800, 875, 656, 145, 106
init :801, 876, 659, 133, 109
track:802, 876, 659, 133, 109
track:803, 875, 660, 133, 109
track:804, 873, 658, 140, 114
track:805, 871, 659, 140, 114
track:806, 871, 659, 140, 114
track:807, 871, 659, 140, 114
track:808, 870, 660, 140, 114
track:809, 870, 661, 140, 114
track:810, 870, 664, 140, 114
track:811, 871, 664, 140, 114
track:812, 870, 665, 140, 114
track:813, 868, 665, 140, 114
track:814, 867, 665, 140, 114
track:815, 866, 665, 140, 114
track:816, 865, 665, 140, 114
init :817, 863, 669, 147, 109
track:818, 862, 675, 147, 109
track:819, 862, 676, 147, 109
track:820, 860, 687, 147, 109
track:821, 859, 688, 147, 109
track:822, 859, 688, 147, 109
track:823, 858, 687, 147, 109
track:824, 855, 684, 154, 114
track:825, 854, 685, 154, 114
track:826, 853, 685, 154, 114
track:827, 849, 686, 162, 120
track:828, 850, 693, 162, 120
track:829, 846, 692, 170, 126
track:830, 847, 693, 170, 126
track:831, 848, 693, 170, 126
track:832, 848, 694, 170, 126
init :833, 844, 677, 175, 155
track:834, 839, 669, 184, 163
track:835, 839, 659, 184, 163
track:836, 840, 660, 184, 163
track:837, 839, 656, 184, 163
track:838, 837, 654, 184, 163
track:839, 836, 649, 184, 163
track:840, 834, 643, 184, 163
track:841, 834, 642, 184, 163
track:842, 831, 641, 184, 163
track:843, 827, 637, 184, 163
track:844, 826, 634, 184, 163
track:845, 822, 620, 184, 163
track:846, 816, 615, 193, 171
track:847, 813, 608, 193, 171
track:848, 814, 602, 193, 171
init :849, 821, 604, 193, 176
track:850, 821, 603, 193, 176
track:851, 821, 603, 193, 176
track:852, 825, 600, 193, 176
track:853, 829, 597, 193, 176
track:854, 831, 598, 193, 176
track:855, 831, 602, 193, 176
track:856, 831, 602, 193, 176
track:857, 830, 604, 193, 176
track:858, 835, 605, 184, 168
track:859, 836, 601, 184, 168
track:860, 836, 599, 184, 168
track:861, 836, 598, 184, 168
track:862, 836, 600, 184, 168
track:863, 837, 605, 184, 168
track:864, 839, 609, 184, 168
init :865, 844, 623, 175, 147
track:866, 844, 623, 175, 147
track:867, 844, 628, 175, 147
track:868, 844, 630, 175, 147
track:869, 844, 631, 175, 147
track:870, 845, 635, 175, 147
track:871, 850, 638, 167, 140
track:872, 851, 640, 167, 140
track:873, 851, 639, 167, 140
track:874, 852, 639, 167, 140
track:875, 855, 642, 159, 133
track:876, 856, 643, 159, 133
track:877, 856, 643, 159, 133
track:878, 857, 644, 159, 133
track:879, 860, 643, 159, 133
track:880, 859, 643, 159, 133
init :881, 863, 643, 147, 124
track:882, 863, 643, 147, 124
track:883, 865, 642, 147, 124
track:884, 867, 642, 147, 124
track:885, 869, 642, 147, 124
track:886, 869, 642, 147, 124
track:887, 870, 644, 147, 124
track:888, 870, 644, 147, 124
track:889, 875, 645, 140, 118
track:890, 877, 643, 140, 118
track:891, 877, 643, 140, 118
track:892, 882, 645, 133, 112
track:893, 883, 643, 133, 112
track:894, 883, 643, 133, 112
track:895, 884, 644, 133, 112
track:896, 887, 647, 127, 107
init :897, 886, 649, 129, 98
track:898, 885, 649, 129, 98
track:899, 883, 649, 129, 98
track:900, 882, 651, 129, 98
track:901, 881, 651, 129, 98
track:902, 880, 653, 129, 98
track:903, 879, 654, 129, 98
track:904, 880, 653, 129, 98
track:905, 879, 653, 129, 98
track:906, 880, 653, 129, 98
track:907, 855, 638, 129, 98
track:908, 851, 633, 135, 103
track:909, 840, 629, 135, 103
track:910, 835, 635, 135, 103
track:911, 837, 637, 135, 103
track:912, 836, 641, 135, 103
init :913, 807, 565, 286, 259
track:914, 809, 566, 286, 259
track:915, 811, 570, 286, 259
track:916, 810, 570, 286, 259
track:917, 812, 571, 286, 259
track:918, 819, 579, 272, 247
track:919, 819, 580, 272, 247
track:920, 817, 581, 272, 247
track:921, 809, 575, 286, 259
track:922, 805, 575, 286, 259
track:923, 800, 575, 286, 259
track:924, 795, 572, 286, 259
track:925, 789, 572, 286, 259
track:926, 788, 572, 286, 259
track:927, 787, 573, 286, 259
track:928, 779, 573, 286, 259
init :929, 770, 584, 304, 249
track:930, 769, 584, 304, 249
track:931, 769, 583, 304, 249
track:932, 768, 580, 304, 249
track:933, 767, 580, 304, 249
track:934, 768, 576, 304, 249
track:935, 770, 576, 304, 249
track:936, 769, 575, 304, 249
track:937, 765, 567, 319, 261
track:938, 764, 565, 319, 261
track:939, 766, 564, 319, 261
track:940, 767, 561, 319, 261
track:941, 768, 558, 319, 261
track:942, 770, 558, 319, 261
track:943, 770, 557, 319, 261
track:944, 768, 556, 319, 261
init :945, 766, 573, 341, 225
track:946, 766, 573, 341, 225
track:947, 765, 574, 341, 225
track:948, 762, 574, 341, 225
track:949, 762, 576, 341, 225
track:950, 758, 576, 341, 225
track:951, 755, 576, 341, 225
track:952, 755, 579, 341, 225
track:953, 752, 580, 341, 225
track:954, 751, 582, 341, 225
track:955, 748, 583, 341, 225
track:956, 745, 586, 341, 225
track:957, 745, 587, 341, 225
track:958, 743, 589, 341, 225
track:959, 743, 591, 341, 225
track:960, 751, 596, 325, 214
init :961, 747, 584, 383, 236
track:962, 746, 585, 383, 236
track:963, 744, 587, 383, 236
track:964, 744, 587, 383, 236
track:965, 743, 587, 383, 236
track:966, 741, 588, 383, 236
track:967, 739, 589, 383, 236
track:968, 737, 589, 383, 236
track:969, 729, 590, 383, 236
track:970, 729, 589, 383, 236
track:971, 728, 590, 383, 236
track:972, 721, 593, 383, 236
track:973, 718, 591, 383, 236
track:974, 711, 592, 383, 236
track:975, 719, 597, 365, 225
track:976, 715, 597, 365, 225
init :977, 692, 586, 456, 244
track:978, 693, 587, 456, 244
track:979, 692, 587, 456, 244
track:980, 691, 588, 456, 244
track:981, 691, 588, 456, 244
track:982, 691, 589, 456, 244
track:983, 690, 590, 456, 244
track:984, 690, 591, 456, 244
track:985, 683, 584, 479, 256
track:986, 685, 583, 479, 256
track:987, 686, 581, 479, 256
track:988, 686, 583, 479, 256
track:989, 693, 583, 479, 256
track:990, 696, 584, 479, 256
track:991, 698, 582, 479, 256
track:992, 683, 575, 503, 269
init :993, 706, 586, 503, 244
track:994, 707, 587, 503, 244
track:995, 708, 587, 503, 244
track:996, 710, 585, 503, 244
track:997, 709, 583, 503, 244
track:998, 712, 583, 503, 244
track:999, 714, 581, 503, 244
track:1000, 717, 580, 503, 244
track:1001, 721, 579, 503, 244
track:1002, 724, 576, 503, 244
track:1003, 732, 571, 503, 244
track:1004, 746, 577, 479, 232
track:1005, 748, 575, 479, 232
track:1006, 749, 573, 479, 232
track:1007, 738, 565, 503, 244
track:1008, 750, 571, 479, 232
init :1009, 761, 573, 489, 199
track:1010, 761, 573, 489, 199
track:1011, 771, 578, 466, 190
track:1012, 768, 577, 466, 190
track:1013, 761, 578, 466, 190
track:1014, 757, 578, 466, 190
track:1015, 757, 577, 466, 190
track:1016, 753, 576, 466, 190
track:1017, 751, 575, 466, 190
track:1018, 747, 576, 466, 190
track:1019, 731, 571, 489, 199
track:1020, 729, 569, 489, 199
track:1021, 731, 570, 489, 199
track:1022, 742, 574, 466, 190
track:1023, 740, 574, 466, 190
track:1024, 736, 575, 466, 190
init :1025, 756, 578, 447, 176
track:1026, 755, 579, 447, 176
track:1027, 752, 580, 447, 176
track:1028, 748, 581, 447, 176
track:1029, 744, 581, 447, 176
track:1030, 742, 582, 447, 176
track:1031, 737, 584, 447, 176
track:1032, 734, 586, 447, 176
track:1033, 729, 587, 447, 176
track:1034, 726, 587, 447, 176
track:1035, 735, 592, 426, 168
track:1036, 734, 594, 426, 168
track:1037, 742, 601, 405, 160
track:1038, 737, 604, 405, 160
track:1039, 735, 605, 405, 160
track:1040, 734, 604, 405, 160
init :1041, 738, 607, 438, 150
track:1042, 736, 606, 438, 150
track:1043, 724, 604, 460, 158
track:1044, 725, 607, 460, 158
track:1045, 736, 610, 438, 150
track:1046, 745, 615, 417, 143
track:1047, 746, 615, 417, 143
track:1048, 749, 615, 417, 143
track:1049, 744, 612, 438, 150
track:1050, 744, 612, 438, 150
track:1051, 748, 608, 438, 150
track:1052, 755, 606, 438, 150
track:1053, 752, 603, 460, 158
track:1054, 771, 606, 438, 150
track:1055, 784, 610, 417, 143
track:1056, 788, 611, 417, 143
init :1057, 789, 610, 452, 145
track:1058, 789, 610, 452, 145
track:1059, 790, 611, 452, 145
track:1060, 791, 611, 452, 145
track:1061, 791, 611, 452, 145
track:1062, 790, 612, 452, 145
track:1063, 788, 613, 452, 145
track:1064, 784, 614, 452, 145
track:1065, 784, 614, 452, 145
track:1066, 777, 613, 452, 145
track:1067, 770, 613, 452, 145
track:1068, 752, 610, 475, 152
track:1069, 753, 613, 452, 145
track:1070, 750, 613, 452, 145
track:1071, 731, 609, 475, 152
track:1072, 718, 608, 475, 152
init :1073, 733, 625, 438, 124
track:1074, 721, 625, 438, 124
track:1075, 719, 625, 438, 124
track:1076, 713, 624, 438, 124
track:1077, 707, 623, 438, 124
track:1078, 688, 621, 438, 124
track:1079, 682, 622, 438, 124
track:1080, 681, 622, 438, 124
track:1081, 665, 620, 460, 130
track:1082, 660, 621, 460, 130
track:1083, 665, 625, 438, 124
track:1084, 661, 625, 438, 124
track:1085, 661, 627, 438, 124
track:1086, 669, 628, 438, 124
track:1087, 662, 627, 438, 124
track:1088, 662, 626, 438, 124
init :1089, 669, 628, 447, 137
track:1090, 669, 628, 447, 137
track:1091, 669, 629, 447, 137
track:1092, 667, 631, 447, 137
track:1093, 661, 630, 469, 144
track:1094, 664, 630, 469, 144
track:1095, 675, 634, 447, 137
track:1096, 674, 635, 447, 137
track:1097, 666, 633, 469, 144
track:1098, 666, 635, 469, 144
track:1099, 680, 638, 447, 137
track:1100, 684, 637, 447, 137
track:1101, 683, 636, 447, 137
track:1102, 686, 634, 447, 137
track:1103, 684, 633, 447, 137
track:1104, 684, 636, 447, 137
init :1105, 692, 628, 466, 163
track:1106, 691, 629, 466, 163
track:1107, 691, 628, 466, 163
track:1108, 688, 628, 466, 163
track:1109, 685, 630, 466, 163
track:1110, 685, 630, 466, 163
track:1111, 681, 631, 466, 163
track:1112, 679, 633, 466, 163
track:1113, 671, 634, 466, 163
track:1114, 671, 635, 466, 163
track:1115, 667, 636, 466, 163
track:1116, 675, 638, 444, 155
track:1117, 675, 641, 444, 155
track:1118, 670, 640, 444, 155
track:1119, 669, 639, 444, 155
track:1120, 667, 640, 444, 155
init :1121, 701, 628, 401, 184
track:1122, 701, 628, 401, 184
track:1123, 697, 627, 401, 184
track:1124, 693, 627, 401, 184
track:1125, 693, 626, 401, 184
track:1126, 697, 626, 401, 184
track:1127, 699, 627, 401, 184
track:1128, 699, 628, 401, 184
track:1129, 706, 626, 401, 184
track:1130, 703, 626, 401, 184
track:1131, 705, 629, 401, 184
track:1132, 712, 629, 382, 175
track:1133, 718, 630, 382, 175
track:1134, 701, 625, 401, 184
track:1135, 697, 623, 401, 184
track:1136, 694, 625, 401, 184
init :1137, 807, 636, 276, 168
track:1138, 806, 635, 276, 168
track:1139, 802, 633, 276, 168
track:1140, 802, 634, 276, 168
track:1141, 801, 637, 276, 168
track:1142, 782, 638, 276, 168
track:1143, 770, 638, 276, 168
track:1144, 750, 637, 276, 168
track:1145, 757, 638, 276, 168
track:1146, 760, 643, 263, 160
track:1147, 750, 642, 263, 160
track:1148, 734, 638, 276, 168
track:1149, 736, 639, 276, 168
track:1150, 727, 635, 290, 176
track:1151, 726, 635, 290, 176
track:1152, 727, 635, 290, 176
init :1153, 784, 636, 216, 176
track:1154, 784, 637, 216, 176
track:1155, 784, 638, 216, 176
track:1156, 785, 639, 216, 176
track:1157, 786, 640, 216, 176
track:1158, 788, 640, 216, 176
track:1159, 788, 639, 216, 176
track:1160, 788, 639, 216, 176
track:1161, 783, 634, 227, 185
track:1162, 791, 638, 216, 176
track:1163, 798, 642, 206, 168
track:1164, 802, 643, 206, 168
track:1165, 800, 643, 206, 168
track:1166, 797, 646, 206, 168
track:1167, 799, 647, 206, 168
track:1168, 792, 647, 206, 168
init :1169, 766, 638, 336, 168
track:1170, 766, 638, 336, 168
track:1171, 767, 638, 336, 168
track:1172, 767, 637, 336, 168
track:1173, 764, 637, 336, 168
track:1174, 759, 638, 336, 168
track:1175, 764, 637, 336, 168
track:1176, 758, 634, 336, 168
track:1177, 768, 636, 336, 168
track:1178, 756, 630, 353, 176
track:1179, 755, 628, 353, 176
track:1180, 765, 628, 353, 176
track:1181, 761, 627, 353, 176
track:1182, 765, 625, 353, 176
track:1183, 771, 624, 353, 176
track:1184, 783, 627, 336, 168
init :1185, 775, 638, 392, 140
track:1186, 778, 637, 392, 140
track:1187, 779, 637, 392, 140
track:1188, 783, 636, 392, 140
track:1189, 776, 633, 412, 147
track:1190, 777, 632, 412, 147
track:1191, 778, 629, 412, 147
track:1192, 776, 627, 412, 147
track:1193, 774, 625, 412, 147
track:1194, 769, 623, 412, 147
track:1195, 768, 622, 412, 147
track:1196, 779, 626, 392, 140
track:1197, 783, 626, 373, 133
track:1198, 788, 629, 356, 127
track:1199, 786, 628, 356, 127
track:1200, 778, 622, 373, 133
init :1201, 798, 630, 364, 109
track:1202, 798, 630, 364, 109
track:1203, 799, 630, 364, 109
track:1204, 813, 633, 347, 104
track:1205, 813, 633, 347, 104
track:1206, 818, 633, 347, 104
track:1207, 822, 634, 347, 104
track:1208, 826, 634, 347, 104
track:1209, 826, 634, 347, 104
track:1210, 833, 634, 347, 104
track:1211, 840, 635, 347, 104
track:1212, 834, 633, 364, 109
track:1213, 833, 633, 364, 109
track:1214, 836, 634, 364, 109
track:1215, 845, 638, 347, 104
track:1216, 846, 639, 347, 104
init :1217, 876, 646, 323, 98
track:1218, 875, 647, 323, 98
track:1219, 874, 647, 323, 98
track:1220, 873, 648, 323, 98
track:1221, 869, 648, 323, 98
track:1222, 874, 650, 308, 93
track:1223, 873, 652, 308, 93
track:1224, 873, 653, 308, 93
track:1225, 872, 654, 308, 93
track:1226, 869, 655, 308, 93
track:1227, 872, 655, 308, 93
track:1228, 869, 656, 308, 93
track:1229, 878, 659, 293, 89
track:1230, 878, 659, 293, 89
track:1231, 876, 660, 293, 89
track:1232, 885, 664, 279, 85
init :1233, 913, 662, 253, 98
track:1234, 913, 662, 253, 98
track:1235, 912, 662, 253, 98
track:1236, 915, 665, 241, 93
track:1237, 911, 665, 241, 93
track:1238, 913, 667, 229, 89
track:1239, 912, 667, 229, 89
track:1240, 919, 668, 219, 85
track:1241, 918, 668, 219, 85
track:1242, 914, 668, 219, 85
track:1243, 913, 669, 219, 85
track:1244, 918, 668, 219, 85
track:1245, 912, 669, 219, 85
track:1246, 917, 671, 208, 81
track:1247, 911, 674, 208, 81
track:1248, 910, 675, 208, 81
init :1249, 950, 669, 170, 93
track:1250, 947, 669, 170, 93
track:1251, 943, 667, 170, 93
track:1252, 936, 666, 170, 93
track:1253, 932, 665, 170, 93
track:1254, 934, 666, 162, 89
track:1255, 932, 667, 154, 84
track:1256, 924, 665, 154, 84
track:1257, 918, 663, 154, 84
track:1258, 919, 664, 147, 80
track:1259, 923, 665, 140, 77
track:1260, 911, 660, 147, 80
track:1261, 910, 658, 147, 80
track:1262, 901, 659, 147, 80
track:1263, 894, 657, 147, 80
track:1264, 898, 660, 140, 77
init :1265, 941, 659, 101, 85
track:1266, 943, 659, 101, 85
track:1267, 943, 656, 101, 85
track:1268, 941, 655, 101, 85
track:1269, 941, 654, 101, 85
track:1270, 939, 654, 101, 85
track:1271, 937, 654, 101, 85
track:1272, 932, 654, 101, 85
track:1273, 928, 656, 96, 81
track:1274, 929, 656, 96, 81
track:1275, 924, 655, 96, 81
track:1276, 921, 655, 96, 81
track:1277, 914, 655, 96, 81
track:1278, 906, 656, 96, 81
track:1279, 907, 658, 92, 77
track:1280, 900, 659, 92, 77
init :1281, 900, 659, 129, 77
track:1282, 893, 660, 129, 77
track:1283, 890, 660, 129, 77
track:1284, 890, 660, 129, 77
track:1285, 880, 660, 129, 77
track:1286, 878, 659, 129, 77
track:1287, 875, 658, 129, 77
track:1288, 873, 657, 129, 77
track:1289, 874, 658, 129, 77
track:1290, 873, 658, 129, 77
track:1291, 870, 658, 129, 77
track:1292, 869, 658, 129, 77
track:1293, 866, 658, 129, 77
track:1294, 866, 658, 129, 77
track:1295, 865, 658, 129, 77
track:1296, 866, 659, 123, 73
init :1297, 867, 656, 147, 70
track:1298, 868, 656, 147, 70
track:1299, 867, 657, 147, 70
track:1300, 867, 658, 147, 70
track:1301, 861, 657, 154, 74
track:1302, 865, 659, 147, 70
track:1303, 860, 657, 154, 74
track:1304, 857, 655, 162, 77
track:1305, 857, 656, 162, 77
track:1306, 859, 657, 162, 77
track:1307, 860, 657, 162, 77
track:1308, 863, 660, 154, 74
track:1309, 863, 660, 154, 74
track:1310, 863, 660, 154, 74
track:1311, 865, 660, 154, 74
track:1312, 868, 662, 147, 70
init :1313, 867, 667, 161, 57
track:1314, 867, 667, 161, 57
track:1315, 866, 668, 161, 57
track:1316, 870, 669, 153, 54
track:1317, 864, 668, 161, 57
track:1318, 863, 669, 161, 57
track:1319, 860, 669, 161, 57
track:1320, 864, 670, 153, 54
track:1321, 863, 671, 153, 54
track:1322, 860, 671, 161, 57
track:1323, 858, 670, 169, 60
track:1324, 857, 670, 169, 60
track:1325, 858, 671, 169, 60
track:1326, 861, 672, 169, 60
track:1327, 863, 672, 169, 60
track:1328, 864, 673, 169, 60
init :1329, 867, 675, 166, 54
track:1330, 866, 675, 166, 54
track:1331, 865, 676, 166, 54
track:1332, 867, 677, 158, 51
track:1333, 862, 677, 158, 51
track:1334, 858, 676, 166, 54
track:1335, 855, 677, 166, 54
track:1336, 851, 676, 166, 54
track:1337, 847, 677, 166, 54
track:1338, 844, 677, 166, 54
track:1339, 843, 677, 166, 54
track:1340, 842, 677, 166, 54
track:1341, 841, 677, 166, 54
track:1342, 841, 678, 166, 54
track:1343, 841, 678, 166, 54
track:1344, 838, 678, 174, 57
init :1345, 849, 680, 170, 49
track:1346, 849, 680, 170, 49
track:1347, 849, 680, 170, 49
track:1348, 848, 681, 170, 49
track:1349, 849, 681, 170, 49
track:1350, 848, 681, 170, 49
track:1351, 847, 682, 170, 49
track:1352, 845, 682, 170, 49
track:1353, 844, 682, 170, 49
track:1354, 843, 682, 170, 49
track:1355, 844, 683, 170, 49
track:1356, 844, 683, 170, 49
track:1357, 845, 684, 170, 49
track:1358, 846, 684, 170, 49
track:1359, 846, 683, 170, 49
track:1360, 846, 684, 170, 49
init :1361, 849, 685, 180, 49
track:1362, 848, 686, 180, 49
track:1363, 850, 687, 180, 49
track:1364, 855, 688, 171, 47
track:1365, 855, 688, 171, 47
track:1366, 850, 687, 180, 49
track:1367, 850, 687, 180, 49
track:1368, 844, 687, 189, 51
track:1369, 844, 687, 189, 51
track:1370, 843, 688, 189, 51
track:1371, 846, 690, 180, 49
track:1372, 846, 691, 180, 49
track:1373, 839, 690, 189, 51
track:1374, 833, 689, 198, 54
track:1375, 835, 691, 189, 51
track:1376, 838, 692, 180, 49
init :1377, 830, 693, 193, 59
track:1378, 831, 694, 193, 59
track:1379, 831, 696, 184, 56
track:1380, 823, 697, 184, 56
track:1381, 820, 698, 184, 56
track:1382, 818, 699, 184, 56
track:1383, 811, 698, 193, 59
track:1384, 814, 700, 184, 56
track:1385, 812, 701, 184, 56
track:1386, 810, 700, 193, 59
track:1387, 811, 702, 193, 59
track:1388, 817, 703, 184, 56
track:1389, 818, 704, 184, 56
track:1390, 821, 704, 184, 56
track:1391, 823, 705, 184, 56
track:1392, 828, 706, 184, 56
init :1393, 835, 708, 198, 59
track:1394, 835, 708, 198, 59
track:1395, 841, 710, 189, 56
track:1396, 842, 710, 189, 56
track:1397, 844, 711, 189, 56
track:1398, 845, 712, 189, 56
track:1399, 843, 712, 189, 56
track:1400, 838, 713, 189, 56
track:1401, 834, 714, 189, 56
track:1402, 825, 713, 198, 59
track:1403, 821, 713, 198, 59
track:1404, 820, 713, 198, 59
track:1405, 817, 713, 198, 59
track:1406, 810, 712, 208, 62
track:1407, 804, 712, 208, 62
track:1408, 801, 713, 208, 62
init :1409, 793, 713, 230, 67
track:1410, 792, 713, 230, 67
track:1411, 791, 713, 230, 67
track:1412, 793, 715, 230, 67
track:1413, 791, 715, 230, 67
track:1414, 791, 715, 230, 67
track:1415, 794, 716, 230, 67
track:1416, 794, 716, 230, 67
track:1417, 793, 717, 230, 67
track:1418, 792, 719, 230, 67
track:1419, 788, 717, 241, 70
track:1420, 791, 719, 230, 67
track:1421, 789, 720, 230, 67
track:1422, 788, 721, 230, 67
track:1423, 783, 720, 241, 70
track:1424, 784, 721, 241, 70
init :1425, 793, 719, 249, 85
track:1426, 792, 718, 249, 85
track:1427, 790, 719, 249, 85
track:1428, 790, 718, 249, 85
track:1429, 789, 718, 249, 85
track:1430, 787, 720, 249, 85
track:1431, 787, 721, 249, 85
track:1432, 785, 722, 249, 85
track:1433, 784, 723, 249, 85
track:1434, 787, 724, 249, 85
track:1435, 784, 726, 249, 85
track:1436, 784, 726, 249, 85
track:1437, 775, 725, 261, 89
track:1438, 775, 726, 261, 89
track:1439, 775, 727, 261, 89
track:1440, 774, 728, 261, 89
init :1441, 784, 724, 244, 109
track:1442, 780, 724, 244, 109
track:1443, 778, 724, 244, 109
track:1444, 777, 724, 244, 109
track:1445, 772, 724, 244, 109
track:1446, 765, 725, 244, 109
track:1447, 762, 724, 244, 109
track:1448, 760, 724, 244, 109
track:1449, 759, 724, 244, 109
track:1450, 760, 722, 244, 109
track:1451, 762, 721, 244, 109
track:1452, 768, 723, 232, 104
track:1453, 769, 719, 244, 109
track:1454, 768, 721, 244, 109
track:1455, 774, 721, 244, 109
track:1456, 780, 721, 244, 109
init :1457, 807, 711, 226, 140
track:1458, 810, 711, 226, 140
track:1459, 810, 712, 226, 140
track:1460, 813, 712, 226, 140
track:1461, 816, 712, 226, 140
track:1462, 819, 714, 226, 140
track:1463, 824, 718, 215, 133
track:1464, 824, 718, 215, 133
track:1465, 827, 717, 215, 133
track:1466, 827, 719, 215, 133
track:1467, 823, 719, 215, 133
track:1468, 822, 718, 215, 133
track:1469, 821, 718, 215, 133
track:1470, 813, 715, 226, 140
track:1471, 804, 712, 226, 140
track:1472, 790, 703, 226, 140
init :1473, 853, 690, 156, 158
track:1474, 850, 688, 156, 158
track:1475, 846, 686, 156, 158
track:1476, 845, 684, 156, 158
track:1477, 845, 683, 156, 158
track:1478, 845, 683, 156, 158
track:1479, 845, 680, 156, 158
track:1480, 845, 678, 156, 158
track:1481, 847, 675, 156, 158
track:1482, 854, 671, 156, 158
track:1483, 854, 670, 156, 158
track:1484, 859, 670, 156, 158
track:1485, 866, 668, 156, 158
track:1486, 871, 667, 156, 158
track:1487, 874, 663, 156, 158
track:1488, 871, 659, 164, 166
init :1489, 867, 651, 244, 168
track:1490, 867, 650, 244, 168
track:1491, 871, 648, 244, 168
track:1492, 871, 646, 244, 168
track:1493, 872, 646, 244, 168
track:1494, 873, 643, 244, 168
track:1495, 869, 639, 244, 168
track:1496, 866, 636, 244, 168
track:1497, 863, 630, 244, 168
track:1498, 865, 634, 232, 160
track:1499, 864, 633, 232, 160
track:1500, 853, 627, 232, 160
track:1501, 845, 622, 244, 168
track:1502, 837, 614, 256, 176
track:1503, 843, 618, 244, 168
track:1504, 843, 615, 244, 168
init :1505, 826, 630, 309, 132
track:1506, 826, 629, 309, 132
track:1507, 823, 626, 309, 132
track:1508, 823, 626, 309, 132
track:1509, 821, 624, 309, 132
track:1510, 821, 622, 309, 132
track:1511, 824, 623, 309, 132
track:1512, 812, 619, 309, 132
track:1513, 810, 617, 309, 132
track:1514, 806, 619, 294, 126
track:1515, 781, 620, 294, 126
track:1516, 757, 620, 294, 126
track:1517, 731, 621, 294, 126
track:1518, 738, 622, 280, 120
track:1519, 714, 622, 280, 120
track:1520, 685, 620, 294, 126
init :1521, 683, 625, 276, 103
track:1522, 670, 626, 276, 103
track:1523, 669, 626, 276, 103
track:1524, 660, 626, 276, 103
track:1525, 663, 628, 263, 98
track:1526, 664, 628, 263, 98
track:1527, 676, 630, 250, 93
track:1528, 676, 629, 250, 93
track:1529, 701, 629, 250, 93
track:1530, 729, 631, 238, 89
track:1531, 753, 630, 238, 89
track:1532, 779, 629, 238, 89
track:1533, 775, 625, 250, 93
track:1534, 802, 626, 250, 93
track:1535, 826, 627, 250, 93
track:1536, 852, 629, 238, 89
init :1537, 876, 638, 240, 77
track:1538, 876, 638, 240, 77
track:1539, 892, 637, 240, 77
track:1540, 901, 641, 229, 73
track:1541, 904, 642, 229, 73
track:1542, 907, 642, 229, 73
track:1543, 912, 644, 218, 70
track:1544, 911, 644, 218, 70
track:1545, 903, 644, 229, 73
track:1546, 898, 645, 229, 73
track:1547, 895, 648, 218, 70
track:1548, 893, 649, 218, 70
track:1549, 880, 649, 229, 73
track:1550, 872, 651, 229, 73
track:1551, 871, 653, 218, 70
track:1552, 866, 654, 218, 70
init :1553, 872, 662, 212, 72
track:1554, 869, 663, 212, 72
track:1555, 873, 666, 202, 69
track:1556, 873, 667, 202, 69
track:1557, 874, 668, 202, 69
track:1558, 876, 668, 202, 69
track:1559, 879, 669, 202, 69
track:1560, 882, 669, 202, 69
track:1561, 885, 669, 202, 69
track:1562, 889, 670, 202, 69
track:1563, 888, 669, 202, 69
track:1564, 891, 670, 202, 69
track:1565, 890, 671, 202, 69
track:1566, 888, 671, 202, 69
track:1567, 888, 671, 202, 69
track:1568, 887, 671, 202, 69
init :1569, 913, 669, 170, 75
track:1570, 911, 669, 170, 75
track:1571, 909, 670, 170, 75
track:1572, 911, 672, 162, 71
track:1573, 913, 675, 154, 68
track:1574, 911, 676, 154, 68
track:1575, 907, 675, 154, 68
track:1576, 904, 675, 154, 68
track:1577, 901, 675, 154, 68
track:1578, 899, 676, 154, 68
track:1579, 897, 676, 154, 68
track:1580, 898, 678, 147, 65
track:1581, 893, 678, 147, 65
track:1582, 891, 678, 147, 65
track:1583, 894, 680, 140, 62
track:1584, 897, 682, 133, 59
init :1585, 900, 677, 138, 72
track:1586, 900, 677, 138, 72
track:1587, 902, 679, 131, 69
track:1588, 902, 678, 131, 69
track:1589, 899, 677, 138, 72
track:1590, 899, 678, 138, 72
track:1591, 902, 679, 131, 69
track:1592, 901, 680, 131, 69
track:1593, 900, 679, 131, 69
track:1594, 900, 680, 131, 69
track:1595, 897, 680, 131, 69
track:1596, 894, 681, 131, 69
track:1599, 893, 682, 131, 69
track:1600, 890, 681, 131, 69
init :1601, 913, 680, 101, 72
track:1602, 912, 680, 101, 72
track:1603, 912, 680, 101, 72
track:1604, 909, 680, 101, 72
track:1605, 910, 682, 96, 69
track:1606, 908, 683, 96, 69
track:1607, 905, 683, 96, 69
track:1608, 904, 684, 96, 69
elapseTime: 18.903
