init :7, 821, 630, 235, 197
track:8, 821, 630, 235, 197
track:9, 822, 630, 235, 197
track:10, 821, 631, 235, 197
track:11, 823, 630, 235, 197
track:12, 823, 630, 235, 197
track:13, 824, 630, 235, 197
track:14, 824, 630, 235, 197
track:15, 824, 630, 235, 197
track:16, 825, 630, 235, 197
track:17, 826, 630, 235, 197
track:18, 825, 630, 235, 197
track:19, 825, 629, 235, 197
track:20, 821, 626, 247, 207
track:21, 820, 626, 247, 207
track:22, 827, 631, 235, 197
track:23, 828, 631, 235, 197
track:24, 827, 631, 235, 197
track:25, 828, 630, 235, 197
track:26, 829, 631, 235, 197
track:27, 829, 631, 235, 197
track:28, 829, 631, 235, 197
track:29, 829, 630, 235, 197
track:30, 829, 630, 235, 197
track:31, 830, 629, 235, 197
track:32, 831, 631, 235, 197
track:33, 829, 630, 235, 197
track:34, 830, 631, 235, 197
track:35, 830, 630, 235, 197
track:36, 830, 631, 235, 197
track:37, 829, 630, 235, 197
track:38, 831, 630, 235, 197
track:39, 830, 630, 235, 197
track:40, 830, 630, 235, 197
track:41, 831, 629, 235, 197
track:42, 830, 631, 235, 197
track:43, 831, 630, 235, 197
track:44, 830, 631, 235, 197
track:45, 832, 630, 235, 197
track:46, 830, 631, 235, 197
track:48, 832, 630, 235, 197
track:49, 830, 630, 235, 197
track:50, 831, 629, 235, 197
track:51, 832, 629, 235, 197
track:52, 831, 628, 235, 197
track:53, 832, 629, 235, 197
track:54, 831, 629, 235, 197
track:55, 832, 629, 235, 197
init :56, 830, 630, 230, 197
track:57, 830, 630, 230, 197
track:58, 830, 630, 230, 197
track:59, 831, 630, 230, 197
track:60, 831, 630, 230, 197
track:61, 831, 630, 230, 197
track:62, 829, 630, 230, 197
track:63, 829, 630, 230, 197
track:64, 830, 630, 230, 197
track:65, 829, 630, 230, 197
track:66, 829, 630, 230, 197
track:67, 828, 630, 230, 197
track:68, 828, 630, 230, 197
track:69, 828, 630, 230, 197
track:70, 828, 630, 230, 197
track:71, 828, 630, 230, 197
track:72, 828, 630, 230, 197
track:73, 828, 631, 230, 197
track:74, 828, 631, 230, 197
track:75, 828, 631, 230, 197
track:76, 828, 631, 230, 197
track:77, 829, 630, 230, 197
track:78, 828, 631, 230, 197
track:79, 828, 630, 230, 197
track:80, 827, 630, 230, 197
track:81, 828, 631, 230, 197
track:82, 828, 631, 230, 197
track:83, 828, 631, 230, 197
track:84, 828, 631, 230, 197
track:85, 827, 631, 230, 197
track:86, 827, 631, 230, 197
track:87, 827, 631, 230, 197
track:88, 827, 631, 230, 197
track:89, 827, 631, 230, 197
track:90, 827, 630, 230, 197
track:91, 827, 630, 230, 197
track:92, 827, 632, 230, 197
track:93, 828, 632, 230, 197
track:94, 829, 631, 230, 197
track:95, 828, 631, 230, 197
track:96, 829, 631, 230, 197
track:97, 829, 631, 230, 197
track:98, 824, 625, 241, 207
track:99, 830, 630, 230, 197
track:100, 830, 631, 230, 197
track:101, 831, 629, 230, 197
track:102, 832, 630, 230, 197
track:103, 832, 627, 230, 197
track:104, 833, 628, 230, 197
track:105, 834, 627, 230, 197
track:106, 835, 626, 230, 197
track:107, 836, 624, 230, 197
track:108, 835, 622, 230, 197
track:109, 835, 622, 230, 197
track:110, 836, 621, 230, 197
init :111, 840, 625, 221, 181
track:112, 840, 624, 221, 181
track:113, 841, 622, 221, 181
track:114, 841, 622, 221, 181
track:115, 842, 621, 221, 181
track:116, 843, 619, 221, 181
track:117, 844, 615, 221, 181
track:120, 844, 613, 221, 181
track:121, 846, 611, 221, 181
track:122, 847, 610, 221, 181
track:123, 851, 612, 210, 172
track:124, 852, 611, 210, 172
track:125, 849, 609, 210, 172
track:126, 849, 605, 210, 172
track:127, 847, 604, 210, 172
track:128, 846, 604, 210, 172
track:129, 846, 605, 210, 172
track:130, 850, 610, 200, 164
track:131, 852, 611, 200, 164
track:132, 855, 614, 200, 164
track:133, 856, 615, 200, 164
track:134, 856, 617, 200, 164
track:135, 856, 618, 200, 164
track:136, 856, 617, 200, 164
track:137, 858, 619, 200, 164
track:138, 860, 620, 200, 164
track:139, 860, 621, 200, 164
track:140, 859, 620, 200, 164
track:141, 859, 619, 200, 164
track:142, 856, 620, 200, 164
track:143, 856, 621, 200, 164
track:144, 855, 621, 200, 164
track:145, 858, 628, 191, 156
track:146, 857, 629, 191, 156
track:147, 857, 629, 191, 156
track:148, 858, 631, 191, 156
track:149, 859, 631, 191, 156
track:150, 859, 634, 191, 156
track:151, 858, 638, 191, 156
track:152, 860, 640, 191, 156
track:153, 860, 643, 191, 156
track:154, 859, 644, 191, 156
track:155, 860, 645, 191, 156
track:156, 861, 646, 191, 156
track:157, 861, 647, 191, 156
track:158, 862, 648, 191, 156
track:159, 861, 648, 191, 156
track:160, 860, 649, 191, 156
track:161, 860, 648, 191, 156
track:162, 858, 648, 191, 156
track:163, 856, 648, 191, 156
track:164, 857, 649, 191, 156
track:165, 860, 654, 182, 149
init :166, 863, 656, 170, 153
track:167, 862, 657, 170, 153
track:168, 863, 656, 170, 153
track:169, 863, 657, 170, 153
track:170, 863, 655, 170, 153
track:171, 866, 655, 170, 153
track:172, 866, 654, 170, 153
track:173, 866, 654, 170, 153
track:174, 866, 653, 170, 153
track:175, 863, 654, 170, 153
track:176, 862, 655, 170, 153
track:177, 862, 654, 170, 153
track:178, 863, 655, 170, 153
track:179, 863, 656, 170, 153
track:180, 865, 657, 170, 153
track:181, 866, 657, 170, 153
track:182, 866, 660, 170, 153
track:183, 867, 662, 170, 153
track:184, 867, 664, 170, 153
track:185, 864, 662, 178, 161
track:186, 863, 660, 178, 161
track:187, 859, 654, 178, 161
track:188, 854, 652, 178, 161
track:189, 853, 651, 178, 161
track:190, 851, 650, 178, 161
track:191, 852, 648, 178, 161
track:192, 851, 643, 178, 161
track:193, 850, 641, 178, 161
track:194, 849, 641, 178, 161
track:195, 851, 639, 178, 161
track:196, 852, 638, 178, 161
track:197, 853, 637, 178, 161
track:198, 850, 637, 178, 161
track:199, 849, 637, 178, 161
track:200, 849, 639, 178, 161
track:201, 846, 640, 178, 161
track:202, 850, 641, 170, 153
track:203, 850, 638, 170, 153
track:204, 851, 637, 170, 153
track:205, 851, 634, 170, 153
track:206, 852, 633, 170, 153
track:207, 849, 632, 170, 153
track:208, 849, 632, 170, 153
track:209, 847, 630, 170, 153
track:210, 846, 626, 170, 153
track:211, 845, 624, 170, 153
track:212, 845, 622, 170, 153
track:213, 844, 621, 170, 153
track:214, 844, 620, 170, 153
track:215, 844, 619, 170, 153
track:216, 844, 618, 170, 153
track:217, 848, 623, 162, 146
track:218, 849, 623, 162, 146
track:219, 847, 624, 162, 146
track:220, 848, 627, 162, 146
init :221, 849, 638, 143, 122
track:222, 849, 640, 143, 122
track:223, 850, 640, 143, 122
track:224, 849, 642, 143, 122
track:225, 849, 645, 143, 122
track:226, 849, 645, 143, 122
track:227, 849, 646, 143, 122
track:228, 850, 646, 143, 122
track:229, 852, 650, 136, 116
track:230, 852, 650, 136, 116
track:231, 853, 649, 136, 116
track:232, 852, 646, 136, 116
track:233, 851, 645, 136, 116
track:234, 851, 645, 136, 116
track:235, 853, 647, 130, 111
track:236, 855, 646, 130, 111
track:237, 857, 646, 130, 111
track:238, 857, 647, 130, 111
track:239, 858, 649, 130, 111
track:240, 859, 650, 130, 111
track:241, 859, 651, 130, 111
track:242, 859, 651, 130, 111
track:243, 859, 651, 130, 111
track:244, 859, 651, 130, 111
track:245, 859, 652, 130, 111
track:246, 860, 652, 130, 111
track:247, 860, 652, 130, 111
track:248, 860, 652, 130, 111
track:249, 860, 652, 130, 111
track:250, 859, 654, 130, 111
track:251, 861, 655, 130, 111
track:252, 865, 660, 124, 105
track:253, 865, 660, 124, 105
track:254, 867, 664, 118, 100
track:255, 867, 667, 118, 100
track:256, 868, 669, 118, 100
track:257, 866, 670, 124, 105
track:258, 866, 671, 124, 105
track:259, 867, 672, 124, 105
track:260, 867, 674, 124, 105
track:261, 868, 675, 124, 105
track:262, 867, 676, 124, 105
track:263, 867, 676, 124, 105
track:264, 866, 678, 124, 105
track:265, 867, 680, 124, 105
track:266, 867, 681, 124, 105
track:267, 867, 683, 124, 105
track:268, 867, 683, 124, 105
track:269, 867, 684, 124, 105
track:270, 867, 686, 124, 105
track:271, 868, 689, 124, 105
track:272, 869, 692, 124, 105
track:273, 869, 694, 124, 105
track:274, 867, 693, 130, 111
track:275, 867, 694, 130, 111
init :276, 867, 693, 138, 111
track:277, 868, 695, 138, 111
track:278, 868, 696, 138, 111
track:279, 870, 696, 138, 111
track:280, 871, 694, 138, 111
track:281, 872, 694, 138, 111
track:282, 871, 692, 145, 117
track:283, 871, 693, 145, 117
track:284, 873, 695, 145, 117
track:285, 872, 694, 152, 122
track:286, 874, 694, 152, 122
track:287, 871, 689, 160, 128
track:288, 871, 687, 160, 128
track:289, 868, 682, 168, 135
track:290, 868, 677, 168, 135
track:291, 869, 670, 168, 135
track:292, 866, 662, 176, 142
track:293, 866, 660, 176, 142
track:294, 867, 659, 176, 142
track:295, 869, 657, 176, 142
track:296, 867, 652, 185, 149
track:297, 862, 650, 194, 156
track:298, 861, 650, 194, 156
track:299, 855, 647, 204, 164
track:300, 855, 649, 204, 164
track:301, 848, 646, 214, 172
track:302, 847, 651, 214, 172
track:303, 842, 647, 225, 181
track:304, 835, 647, 236, 190
track:305, 827, 644, 248, 199
track:306, 821, 640, 260, 209
track:307, 820, 637, 260, 209
track:308, 819, 636, 260, 209
track:309, 821, 635, 260, 209
track:310, 813, 621, 273, 220
track:311, 810, 609, 273, 220
track:312, 811, 598, 273, 220
track:313, 811, 597, 273, 220
track:314, 813, 592, 273, 220
track:315, 819, 590, 260, 209
track:316, 818, 578, 260, 209
track:317, 827, 577, 248, 199
track:318, 828, 576, 248, 199
track:319, 829, 574, 248, 199
track:320, 833, 566, 248, 199
track:321, 837, 558, 248, 199
track:322, 843, 562, 236, 190
track:323, 843, 561, 236, 190
track:324, 842, 565, 236, 190
track:325, 846, 568, 225, 181
track:326, 845, 559, 225, 181
track:327, 848, 563, 214, 172
track:328, 849, 564, 214, 172
track:329, 846, 572, 214, 172
track:330, 844, 578, 214, 172
init :331, 849, 589, 198, 176
track:332, 852, 596, 189, 168
track:333, 852, 596, 189, 168
track:334, 846, 594, 198, 176
track:335, 846, 596, 198, 176
track:336, 845, 598, 198, 176
track:337, 846, 599, 198, 176
track:338, 847, 599, 198, 176
track:339, 847, 595, 198, 176
track:340, 853, 597, 189, 168
track:341, 853, 597, 189, 168
track:342, 853, 596, 189, 168
track:343, 853, 596, 189, 168
track:344, 852, 595, 189, 168
track:345, 858, 595, 180, 160
track:346, 857, 596, 180, 160
track:347, 859, 597, 180, 160
track:348, 857, 598, 180, 160
track:349, 861, 603, 171, 152
track:350, 862, 607, 171, 152
track:351, 862, 610, 171, 152
track:352, 868, 617, 163, 145
track:353, 872, 622, 155, 138
track:354, 871, 623, 155, 138
track:355, 870, 624, 155, 138
track:356, 871, 625, 155, 138
track:357, 869, 625, 155, 138
track:358, 870, 626, 155, 138
track:359, 872, 629, 148, 131
track:360, 872, 630, 148, 131
track:361, 870, 629, 148, 131
track:362, 870, 630, 148, 131
track:363, 873, 632, 141, 125
track:364, 873, 633, 141, 125
track:365, 873, 634, 141, 125
track:366, 871, 635, 141, 125
track:367, 870, 636, 141, 125
track:368, 874, 638, 134, 119
track:369, 872, 638, 134, 119
track:370, 871, 643, 134, 119
track:371, 872, 649, 134, 119
track:372, 871, 652, 134, 119
track:373, 871, 653, 134, 119
track:374, 870, 654, 134, 119
track:375, 869, 655, 134, 119
track:376, 867, 655, 134, 119
track:377, 865, 657, 134, 119
track:378, 865, 656, 134, 119
track:379, 865, 658, 134, 119
track:380, 864, 657, 134, 119
track:381, 864, 656, 134, 119
track:382, 860, 655, 134, 119
track:383, 861, 656, 134, 119
track:384, 859, 655, 134, 119
track:385, 861, 657, 128, 113
init :386, 867, 662, 110, 93
track:387, 866, 662, 110, 93
track:388, 867, 663, 110, 93
track:389, 867, 662, 110, 93
track:390, 866, 663, 110, 93
track:391, 867, 664, 110, 93
track:392, 867, 667, 110, 93
track:393, 867, 668, 110, 93
track:394, 867, 668, 110, 93
track:395, 868, 675, 110, 93
track:396, 869, 676, 110, 93
track:397, 870, 683, 110, 93
track:398, 871, 682, 110, 93
track:399, 872, 687, 110, 93
track:400, 873, 691, 110, 93
track:401, 874, 697, 110, 93
track:402, 875, 701, 110, 93
track:403, 875, 701, 110, 93
track:404, 876, 703, 110, 93
track:405, 877, 703, 110, 93
track:406, 877, 703, 110, 93
track:407, 879, 703, 110, 93
track:408, 879, 703, 110, 93
track:409, 879, 701, 110, 93
track:410, 879, 699, 110, 93
track:411, 880, 696, 110, 93
track:412, 881, 694, 110, 93
track:413, 881, 694, 110, 93
track:414, 880, 692, 110, 93
track:415, 881, 695, 110, 93
track:416, 881, 697, 110, 93
track:417, 880, 696, 110, 93
track:418, 881, 696, 110, 93
track:419, 881, 697, 110, 93
track:420, 880, 698, 110, 93
track:421, 879, 697, 110, 93
track:422, 878, 696, 110, 93
track:423, 878, 695, 110, 93
track:424, 877, 693, 110, 93
track:425, 877, 691, 110, 93
track:426, 876, 689, 110, 93
track:427, 875, 687, 110, 93
track:428, 875, 687, 110, 93
track:429, 875, 688, 110, 93
track:430, 875, 687, 110, 93
track:431, 874, 688, 110, 93
track:432, 873, 687, 110, 93
track:433, 873, 687, 110, 93
track:434, 873, 687, 110, 93
track:435, 872, 688, 110, 93
track:436, 871, 689, 110, 93
track:437, 871, 690, 110, 93
track:438, 871, 690, 110, 93
track:439, 872, 692, 110, 93
track:440, 872, 693, 110, 93
init :441, 867, 693, 115, 88
track:442, 868, 694, 115, 88
track:443, 868, 694, 115, 88
track:444, 867, 695, 115, 88
track:445, 867, 696, 115, 88
track:446, 867, 697, 115, 88
track:447, 868, 696, 115, 88
track:448, 868, 696, 115, 88
track:449, 867, 695, 115, 88
track:450, 868, 695, 115, 88
track:451, 869, 696, 115, 88
track:452, 870, 698, 115, 88
track:453, 867, 696, 121, 92
track:454, 868, 697, 121, 92
track:455, 869, 697, 121, 92
track:456, 870, 697, 121, 92
track:457, 869, 698, 121, 92
track:458, 869, 697, 121, 92
track:459, 869, 696, 121, 92
track:460, 869, 694, 121, 92
track:461, 869, 694, 121, 92
track:462, 869, 694, 121, 92
track:463, 869, 694, 121, 92
track:464, 866, 690, 127, 97
track:465, 862, 684, 133, 102
track:466, 862, 685, 133, 102
track:467, 862, 686, 133, 102
track:468, 862, 686, 133, 102
track:469, 863, 687, 133, 102
track:470, 863, 689, 133, 102
track:471, 865, 690, 133, 102
track:472, 865, 690, 133, 102
track:473, 865, 692, 133, 102
track:474, 861, 692, 140, 107
track:475, 864, 693, 140, 107
track:476, 866, 692, 140, 107
track:477, 866, 691, 140, 107
track:478, 868, 690, 140, 107
track:479, 866, 686, 147, 112
track:480, 869, 678, 147, 112
track:481, 870, 675, 147, 112
track:482, 870, 674, 147, 112
track:483, 873, 665, 147, 112
track:484, 871, 661, 154, 118
track:485, 873, 663, 154, 118
track:486, 872, 667, 154, 118
track:487, 872, 667, 154, 118
track:488, 868, 669, 162, 124
track:490, 865, 672, 162, 124
track:491, 862, 673, 162, 124
track:492, 861, 674, 162, 124
track:493, 855, 670, 170, 130
track:494, 853, 670, 170, 130
track:495, 847, 661, 178, 137
init :496, 858, 649, 170, 145
track:497, 858, 649, 170, 145
track:498, 858, 647, 170, 145
track:499, 856, 644, 170, 145
track:500, 855, 639, 170, 145
track:501, 855, 636, 170, 145
track:502, 855, 635, 170, 145
track:503, 855, 633, 170, 145
track:504, 854, 631, 170, 145
track:505, 858, 633, 162, 138
track:506, 858, 632, 162, 138
track:507, 857, 633, 162, 138
track:508, 856, 631, 162, 138
track:509, 856, 627, 162, 138
track:510, 856, 623, 162, 138
track:511, 855, 622, 162, 138
track:512, 855, 622, 162, 138
track:513, 855, 622, 162, 138
track:514, 855, 622, 162, 138
track:515, 855, 623, 162, 138
track:516, 855, 622, 162, 138
track:517, 855, 621, 162, 138
track:518, 858, 623, 154, 132
track:519, 857, 622, 154, 132
track:520, 858, 622, 154, 132
track:521, 859, 620, 154, 132
track:522, 858, 619, 154, 132
track:523, 861, 624, 147, 125
track:524, 862, 627, 147, 125
track:525, 864, 628, 147, 125
track:526, 868, 632, 140, 119
track:527, 868, 633, 140, 119
track:528, 868, 632, 140, 119
track:529, 868, 631, 140, 119
track:530, 870, 629, 140, 119
track:531, 870, 629, 140, 119
track:532, 870, 629, 140, 119
track:533, 872, 630, 140, 119
track:534, 871, 629, 140, 119
track:535, 871, 631, 140, 119
track:536, 872, 633, 140, 119
track:537, 871, 633, 140, 119
track:538, 871, 635, 140, 119
track:539, 871, 636, 140, 119
track:540, 870, 636, 140, 119
track:543, 869, 638, 140, 119
track:544, 868, 637, 140, 119
track:546, 869, 645, 133, 114
track:547, 870, 644, 133, 114
track:548, 871, 650, 127, 108
track:549, 870, 654, 127, 108
track:550, 870, 655, 127, 108
init :551, 872, 664, 106, 85
track:552, 872, 664, 106, 85
track:553, 872, 664, 106, 85
track:554, 871, 663, 106, 85
track:555, 871, 664, 106, 85
track:556, 871, 665, 106, 85
track:557, 874, 667, 101, 81
track:558, 870, 669, 106, 85
track:559, 870, 673, 106, 85
track:560, 871, 675, 106, 85
track:561, 871, 679, 106, 85
track:562, 871, 680, 106, 85
track:563, 870, 681, 106, 85
track:564, 872, 684, 101, 81
track:565, 873, 686, 101, 81
track:566, 872, 688, 101, 81
track:567, 872, 689, 101, 81
track:568, 873, 690, 101, 81
track:569, 874, 692, 101, 81
track:570, 872, 694, 101, 81
track:571, 873, 697, 101, 81
track:572, 873, 698, 101, 81
track:573, 874, 700, 101, 81
track:574, 875, 701, 101, 81
track:575, 876, 701, 101, 81
track:576, 875, 699, 101, 81
track:577, 874, 699, 101, 81
track:578, 875, 697, 101, 81
track:579, 875, 695, 101, 81
track:580, 877, 694, 101, 81
track:581, 877, 694, 101, 81
track:582, 877, 695, 101, 81
track:583, 876, 697, 101, 81
track:584, 876, 698, 101, 81
track:585, 876, 698, 101, 81
track:586, 875, 698, 101, 81
track:587, 876, 699, 101, 81
track:588, 873, 697, 106, 85
track:589, 874, 697, 106, 85
track:590, 874, 696, 106, 85
track:591, 872, 697, 106, 85
track:592, 871, 698, 106, 85
track:593, 870, 696, 106, 85
track:594, 870, 694, 106, 85
track:595, 871, 686, 106, 85
track:596, 870, 683, 106, 85
track:597, 869, 683, 106, 85
track:598, 866, 677, 111, 89
track:599, 865, 670, 111, 89
track:600, 866, 667, 111, 89
track:601, 867, 666, 111, 89
track:602, 867, 666, 111, 89
track:603, 866, 665, 111, 89
track:604, 866, 661, 111, 89
track:605, 865, 658, 111, 89
init :606, 863, 656, 120, 90
track:607, 863, 656, 120, 90
track:608, 861, 654, 126, 94
track:609, 862, 654, 126, 94
track:610, 862, 656, 126, 94
track:611, 862, 659, 126, 94
track:612, 862, 660, 126, 94
track:613, 861, 662, 126, 94
track:614, 862, 665, 126, 94
track:615, 863, 667, 126, 94
track:616, 862, 669, 126, 94
track:617, 862, 670, 126, 94
track:618, 862, 669, 126, 94
track:619, 862, 668, 126, 94
track:620, 860, 665, 132, 99
track:621, 861, 665, 132, 99
track:622, 861, 664, 132, 99
track:623, 861, 664, 132, 99
track:624, 860, 662, 132, 99
track:625, 860, 662, 132, 99
track:626, 861, 663, 132, 99
track:627, 861, 663, 132, 99
track:628, 861, 664, 132, 99
track:629, 862, 665, 132, 99
track:630, 861, 662, 132, 99
track:631, 861, 660, 132, 99
track:632, 861, 661, 132, 99
track:633, 863, 664, 132, 99
track:634, 864, 666, 132, 99
track:635, 864, 669, 132, 99
track:636, 865, 670, 132, 99
track:637, 865, 671, 132, 99
track:638, 867, 671, 132, 99
track:639, 865, 669, 139, 104
track:640, 865, 669, 139, 104
track:641, 865, 668, 139, 104
track:642, 865, 667, 139, 104
track:643, 865, 665, 139, 104
track:644, 865, 664, 139, 104
track:645, 865, 654, 139, 104
track:646, 865, 653, 139, 104
track:647, 866, 653, 139, 104
track:648, 865, 652, 139, 104
track:649, 866, 652, 139, 104
track:650, 867, 653, 139, 104
track:651, 869, 653, 139, 104
track:652, 870, 653, 139, 104
track:653, 871, 653, 139, 104
track:654, 871, 654, 139, 104
track:655, 871, 658, 139, 104
track:656, 872, 659, 139, 104
track:657, 873, 660, 139, 104
track:658, 871, 660, 146, 109
track:659, 872, 660, 146, 109
track:660, 871, 659, 146, 109
init :661, 876, 662, 143, 111
track:662, 876, 662, 143, 111
track:663, 877, 662, 143, 111
track:664, 878, 660, 143, 111
track:665, 880, 659, 143, 111
track:666, 880, 657, 143, 111
track:667, 875, 654, 150, 117
track:668, 876, 652, 150, 117
track:669, 877, 652, 150, 117
track:670, 877, 652, 150, 117
track:671, 875, 652, 150, 117
track:672, 874, 653, 150, 117
track:673, 872, 653, 150, 117
track:674, 870, 651, 150, 117
track:675, 871, 650, 150, 117
track:676, 870, 650, 150, 117
track:677, 873, 651, 143, 111
track:678, 871, 654, 143, 111
track:679, 871, 664, 143, 111
track:680, 872, 671, 143, 111
track:681, 872, 673, 143, 111
track:682, 872, 673, 143, 111
track:683, 870, 671, 143, 111
track:684, 868, 671, 143, 111
track:685, 868, 673, 143, 111
track:686, 869, 676, 143, 111
track:687, 868, 677, 143, 111
track:688, 864, 674, 150, 117
track:689, 863, 672, 150, 117
track:690, 862, 670, 150, 117
track:691, 861, 668, 150, 117
track:692, 861, 668, 150, 117
track:693, 861, 668, 150, 117
track:694, 861, 667, 150, 117
track:695, 862, 666, 150, 117
track:696, 860, 664, 150, 117
track:697, 860, 664, 150, 117
track:698, 858, 662, 150, 117
track:699, 855, 664, 150, 117
track:700, 855, 665, 150, 117
track:701, 855, 666, 150, 117
track:702, 856, 666, 150, 117
track:703, 856, 669, 150, 117
track:704, 854, 676, 150, 117
track:705, 853, 679, 150, 117
track:706, 852, 681, 150, 117
track:707, 851, 681, 150, 117
track:708, 851, 683, 150, 117
track:709, 851, 683, 150, 117
track:710, 851, 682, 150, 117
track:711, 851, 681, 150, 117
track:712, 847, 675, 158, 122
track:713, 847, 673, 158, 122
track:714, 846, 673, 158, 122
track:715, 846, 675, 158, 122
init :716, 853, 675, 147, 119
track:717, 853, 676, 147, 119
track:718, 855, 678, 147, 119
track:719, 854, 678, 147, 119
track:720, 855, 678, 147, 119
track:721, 855, 679, 147, 119
track:722, 856, 679, 147, 119
track:723, 856, 677, 147, 119
track:724, 856, 675, 147, 119
track:725, 857, 670, 147, 119
track:726, 857, 670, 147, 119
track:727, 857, 668, 147, 119
track:728, 855, 663, 154, 125
track:729, 855, 657, 154, 125
track:730, 856, 655, 154, 125
track:731, 856, 655, 154, 125
track:732, 856, 655, 154, 125
track:733, 855, 654, 154, 125
track:734, 853, 647, 162, 131
track:735, 854, 642, 162, 131
track:736, 855, 642, 162, 131
track:737, 856, 640, 162, 131
track:738, 854, 639, 162, 131
track:739, 853, 639, 162, 131
track:740, 855, 641, 162, 131
track:741, 855, 642, 162, 131
track:742, 855, 642, 162, 131
track:743, 853, 643, 162, 131
track:744, 852, 642, 162, 131
track:745, 853, 640, 162, 131
track:746, 854, 640, 162, 131
track:747, 854, 639, 162, 131
track:748, 858, 631, 154, 125
track:749, 856, 626, 154, 125
track:750, 854, 627, 154, 125
track:751, 854, 626, 154, 125
track:752, 854, 627, 154, 125
track:753, 855, 629, 154, 125
track:754, 857, 629, 154, 125
track:755, 859, 629, 154, 125
track:756, 860, 629, 154, 125
track:757, 860, 627, 154, 125
track:758, 864, 628, 147, 119
track:759, 863, 630, 147, 119
track:760, 863, 635, 147, 119
track:761, 863, 636, 147, 119
track:762, 866, 636, 147, 119
track:763, 868, 635, 147, 119
track:764, 869, 635, 147, 119
track:765, 868, 636, 147, 119
track:766, 867, 636, 147, 119
track:767, 866, 636, 147, 119
track:768, 866, 638, 147, 119
track:769, 867, 640, 147, 119
track:770, 870, 649, 147, 119
init :771, 867, 643, 147, 132
track:772, 868, 643, 147, 132
track:773, 868, 642, 147, 132
track:774, 869, 642, 147, 132
track:775, 869, 643, 147, 132
track:776, 870, 643, 147, 132
track:777, 870, 642, 147, 132
track:778, 870, 641, 147, 132
track:779, 872, 641, 147, 132
track:780, 873, 641, 147, 132
track:781, 876, 644, 140, 126
track:782, 876, 645, 140, 126
track:783, 877, 644, 140, 126
track:784, 876, 643, 140, 126
track:785, 875, 644, 140, 126
track:786, 879, 645, 133, 120
track:787, 878, 646, 133, 120
track:788, 878, 647, 133, 120
track:789, 880, 650, 127, 114
track:790, 880, 649, 127, 114
track:791, 879, 649, 127, 114
track:792, 879, 647, 127, 114
track:793, 878, 649, 127, 114
track:794, 878, 650, 127, 114
track:795, 878, 655, 127, 114
track:796, 879, 656, 127, 114
track:797, 878, 655, 127, 114
track:798, 875, 651, 133, 120
track:799, 875, 652, 133, 120
track:800, 875, 654, 133, 120
track:801, 876, 653, 133, 120
track:802, 875, 654, 133, 120
track:803, 874, 654, 133, 120
track:804, 875, 656, 133, 120
track:805, 874, 656, 133, 120
track:806, 874, 656, 133, 120
track:807, 874, 656, 133, 120
track:808, 873, 657, 133, 120
track:809, 873, 659, 133, 120
track:810, 874, 660, 133, 120
track:811, 873, 661, 133, 120
track:812, 873, 663, 133, 120
track:813, 870, 662, 133, 120
track:814, 869, 662, 133, 120
track:815, 868, 662, 133, 120
track:816, 869, 662, 133, 120
track:817, 868, 665, 133, 120
track:818, 868, 670, 133, 120
track:819, 867, 672, 133, 120
track:820, 864, 683, 133, 120
track:821, 864, 684, 133, 120
track:822, 864, 684, 133, 120
track:823, 860, 681, 140, 126
track:824, 859, 680, 140, 126
track:825, 858, 680, 140, 126
init :826, 858, 680, 152, 122
track:827, 858, 685, 152, 122
track:828, 854, 688, 160, 128
track:829, 856, 690, 160, 128
track:830, 858, 692, 160, 128
track:831, 858, 692, 160, 128
track:832, 855, 689, 168, 135
track:833, 857, 687, 168, 135
track:834, 858, 680, 168, 135
track:835, 854, 671, 176, 141
track:836, 855, 669, 176, 141
track:837, 853, 663, 176, 141
track:838, 852, 661, 176, 141
track:839, 850, 658, 176, 141
track:840, 845, 650, 185, 148
track:841, 844, 649, 185, 148
track:842, 842, 647, 185, 148
track:843, 840, 644, 185, 148
track:844, 839, 641, 185, 148
track:845, 833, 626, 185, 148
track:846, 831, 626, 185, 148
track:847, 827, 617, 194, 156
track:848, 827, 610, 194, 156
track:849, 825, 607, 194, 156
track:850, 826, 606, 194, 156
track:851, 826, 606, 194, 156
track:852, 829, 602, 194, 156
track:853, 833, 598, 194, 156
track:854, 834, 599, 194, 156
track:855, 834, 602, 194, 156
track:856, 834, 603, 194, 156
track:857, 834, 604, 194, 156
track:858, 836, 603, 194, 156
track:859, 837, 598, 194, 156
track:860, 838, 597, 194, 156
track:861, 837, 596, 194, 156
track:862, 841, 602, 185, 148
track:863, 843, 606, 185, 148
track:864, 843, 613, 185, 148
track:865, 843, 620, 185, 148
track:866, 844, 619, 185, 148
track:867, 843, 625, 185, 148
track:868, 842, 626, 185, 148
track:869, 844, 626, 185, 148
track:870, 844, 632, 185, 148
track:871, 844, 631, 185, 148
track:872, 845, 633, 185, 148
track:873, 850, 636, 176, 141
track:874, 850, 635, 176, 141
track:875, 851, 638, 176, 141
track:876, 855, 640, 168, 135
track:877, 855, 640, 168, 135
track:878, 857, 640, 168, 135
track:879, 858, 639, 168, 135
track:880, 863, 642, 160, 128
init :881, 863, 643, 147, 124
track:882, 863, 643, 147, 124
track:883, 865, 642, 147, 124
track:884, 867, 642, 147, 124
track:885, 869, 642, 147, 124
track:886, 869, 642, 147, 124
track:887, 870, 644, 147, 124
track:888, 870, 644, 147, 124
track:889, 875, 645, 140, 118
track:890, 877, 643, 140, 118
track:891, 877, 643, 140, 118
track:892, 882, 645, 133, 112
track:893, 883, 643, 133, 112
track:894, 883, 643, 133, 112
track:895, 884, 644, 133, 112
track:896, 887, 647, 127, 107
track:897, 888, 645, 127, 107
track:898, 885, 645, 127, 107
track:899, 884, 645, 127, 107
track:900, 882, 647, 127, 107
track:901, 883, 647, 127, 107
track:902, 881, 649, 127, 107
track:903, 883, 652, 121, 102
track:904, 887, 653, 115, 97
track:905, 887, 653, 115, 97
track:906, 888, 654, 115, 97
track:907, 912, 636, 115, 97
track:908, 918, 637, 115, 97
track:909, 920, 648, 115, 97
track:910, 919, 653, 115, 97
track:911, 920, 656, 115, 97
track:912, 921, 658, 115, 97
track:913, 922, 662, 115, 97
track:914, 918, 661, 121, 102
track:915, 920, 666, 121, 102
track:916, 920, 667, 121, 102
track:917, 923, 670, 115, 97
track:918, 924, 672, 115, 97
track:919, 925, 673, 115, 97
track:920, 922, 673, 115, 97
track:921, 921, 673, 115, 97
track:922, 918, 673, 115, 97
track:923, 912, 671, 115, 97
track:924, 905, 671, 115, 97
track:925, 899, 670, 115, 97
track:926, 901, 673, 110, 93
track:927, 898, 673, 110, 93
track:928, 888, 674, 110, 93
track:929, 883, 672, 110, 93
track:930, 879, 670, 110, 93
track:931, 881, 673, 104, 88
track:932, 875, 672, 104, 88
track:933, 874, 670, 104, 88
track:934, 874, 667, 104, 88
track:935, 875, 666, 99, 84
init :936, 770, 578, 318, 233
track:937, 772, 577, 318, 233
track:938, 775, 574, 318, 233
track:939, 776, 574, 318, 233
track:940, 776, 572, 318, 233
track:941, 775, 571, 318, 233
track:942, 784, 577, 303, 222
track:943, 776, 571, 318, 233
track:944, 777, 570, 318, 233
track:945, 776, 571, 318, 233
track:946, 776, 569, 318, 233
track:947, 772, 569, 318, 233
track:948, 767, 571, 318, 233
track:949, 765, 573, 318, 233
track:950, 763, 573, 318, 233
track:951, 761, 574, 318, 233
track:952, 759, 576, 318, 233
track:953, 756, 576, 318, 233
track:954, 752, 580, 318, 233
track:955, 751, 579, 318, 233
track:956, 750, 580, 318, 233
track:957, 750, 581, 318, 233
track:958, 748, 584, 318, 233
track:959, 746, 584, 318, 233
track:960, 745, 585, 318, 233
track:961, 743, 584, 318, 233
track:962, 741, 586, 318, 233
track:963, 739, 588, 318, 233
track:964, 738, 588, 318, 233
track:965, 737, 588, 318, 233
track:966, 736, 587, 318, 233
track:967, 730, 590, 318, 233
track:968, 725, 590, 318, 233
track:969, 729, 595, 303, 222
track:970, 726, 595, 303, 222
track:971, 721, 595, 303, 222
track:972, 718, 595, 303, 222
track:973, 712, 597, 303, 222
track:974, 709, 596, 303, 222
track:975, 707, 597, 303, 222
track:976, 705, 597, 303, 222
track:977, 701, 595, 303, 222
track:978, 700, 596, 303, 222
track:979, 699, 596, 303, 222
track:980, 699, 596, 303, 222
track:981, 699, 598, 303, 222
track:982, 698, 598, 303, 222
track:983, 700, 598, 303, 222
track:984, 698, 598, 303, 222
track:985, 698, 599, 303, 222
track:986, 700, 598, 303, 222
track:987, 701, 598, 303, 222
track:988, 708, 603, 288, 211
track:989, 710, 604, 288, 211
track:990, 709, 604, 288, 211
init :991, 701, 586, 507, 249
track:992, 702, 587, 507, 249
track:993, 703, 586, 507, 249
track:994, 705, 585, 507, 249
track:995, 704, 585, 507, 249
track:996, 705, 584, 507, 249
track:997, 721, 589, 483, 237
track:998, 721, 587, 483, 237
track:999, 713, 581, 507, 249
track:1000, 713, 579, 507, 249
track:1001, 728, 581, 483, 237
track:1002, 734, 580, 483, 237
track:1003, 750, 583, 460, 226
track:1004, 764, 586, 438, 215
track:1005, 754, 581, 460, 226
track:1006, 761, 578, 460, 226
track:1007, 762, 576, 460, 226
track:1008, 762, 574, 460, 226
track:1009, 755, 573, 460, 226
track:1010, 753, 574, 460, 226
track:1011, 756, 572, 460, 226
track:1012, 738, 567, 483, 237
track:1013, 747, 568, 460, 226
track:1014, 740, 567, 460, 226
track:1015, 745, 567, 460, 226
track:1016, 738, 566, 460, 226
track:1017, 734, 565, 460, 226
track:1018, 740, 572, 438, 215
track:1019, 738, 568, 438, 215
track:1020, 736, 571, 438, 215
track:1021, 734, 568, 438, 215
track:1022, 735, 569, 438, 215
track:1023, 731, 566, 438, 215
track:1024, 734, 565, 438, 215
track:1025, 727, 569, 438, 215
track:1026, 729, 568, 438, 215
track:1027, 737, 573, 417, 205
track:1028, 736, 575, 417, 205
track:1029, 733, 574, 417, 205
track:1030, 729, 576, 417, 205
track:1031, 723, 576, 417, 205
track:1032, 716, 577, 417, 205
track:1033, 723, 584, 397, 195
track:1034, 719, 584, 397, 195
track:1035, 729, 590, 378, 186
track:1036, 724, 591, 378, 186
track:1037, 729, 596, 360, 177
track:1038, 724, 598, 360, 177
track:1039, 723, 599, 360, 177
track:1040, 725, 600, 360, 177
track:1041, 723, 602, 360, 177
track:1042, 723, 605, 360, 177
track:1043, 725, 606, 360, 177
track:1044, 722, 607, 360, 177
track:1045, 724, 608, 360, 177
init :1046, 738, 615, 443, 145
track:1047, 739, 616, 443, 145
track:1048, 730, 613, 465, 152
track:1049, 744, 615, 443, 145
track:1050, 746, 613, 443, 145
track:1051, 749, 611, 443, 145
track:1052, 757, 608, 443, 145
track:1053, 772, 610, 422, 138
track:1054, 768, 607, 443, 145
track:1055, 781, 612, 422, 138
track:1056, 776, 610, 443, 145
track:1057, 780, 609, 443, 145
track:1058, 794, 612, 422, 138
track:1059, 801, 616, 402, 132
track:1060, 801, 617, 402, 132
track:1061, 802, 617, 402, 132
track:1062, 799, 618, 402, 132
track:1063, 798, 618, 402, 132
track:1064, 785, 616, 422, 138
track:1065, 782, 615, 422, 138
track:1066, 779, 617, 422, 138
track:1067, 764, 613, 443, 145
track:1068, 754, 612, 443, 145
track:1069, 753, 613, 443, 145
track:1070, 743, 614, 443, 145
track:1071, 729, 615, 443, 145
track:1072, 720, 616, 443, 145
track:1073, 715, 616, 443, 145
track:1074, 694, 617, 422, 138
track:1075, 694, 617, 422, 138
track:1076, 688, 617, 422, 138
track:1077, 674, 613, 443, 145
track:1078, 654, 613, 443, 145
track:1079, 650, 614, 443, 145
track:1080, 648, 614, 443, 145
track:1081, 638, 615, 443, 145
track:1082, 632, 614, 443, 145
track:1083, 628, 615, 443, 145
track:1084, 634, 619, 422, 138
track:1085, 624, 616, 443, 145
track:1086, 633, 618, 422, 138
track:1087, 633, 617, 422, 138
track:1088, 631, 616, 422, 138
track:1089, 619, 613, 443, 145
track:1090, 617, 613, 443, 145
track:1091, 620, 615, 443, 145
track:1092, 612, 613, 465, 152
track:1093, 620, 615, 465, 152
track:1094, 614, 617, 465, 152
track:1095, 612, 617, 465, 152
track:1096, 613, 618, 465, 152
track:1097, 617, 618, 465, 152
track:1098, 620, 617, 465, 152
track:1099, 617, 616, 465, 152
track:1100, 618, 616, 465, 152
init :1101, 692, 625, 461, 163
track:1102, 692, 624, 461, 163
track:1103, 693, 625, 461, 163
track:1104, 687, 625, 461, 163
track:1105, 701, 629, 439, 155
track:1106, 702, 628, 439, 155
track:1107, 700, 628, 439, 155
track:1108, 699, 629, 439, 155
track:1109, 697, 630, 439, 155
track:1110, 693, 630, 439, 155
track:1111, 689, 633, 439, 155
track:1112, 688, 633, 439, 155
track:1113, 686, 634, 439, 155
track:1114, 684, 637, 439, 155
track:1115, 686, 637, 439, 155
track:1116, 686, 639, 439, 155
track:1117, 684, 638, 439, 155
track:1118, 665, 635, 461, 163
track:1119, 666, 641, 439, 155
track:1120, 673, 640, 439, 155
track:1121, 668, 640, 439, 155
track:1122, 664, 641, 439, 155
track:1123, 660, 640, 439, 155
track:1124, 677, 646, 418, 148
track:1125, 680, 647, 418, 148
track:1126, 694, 649, 418, 148
track:1127, 685, 649, 418, 148
track:1128, 684, 648, 418, 148
track:1129, 688, 648, 418, 148
track:1130, 694, 645, 418, 148
track:1131, 692, 646, 418, 148
track:1132, 766, 650, 418, 148
track:1133, 799, 652, 418, 148
track:1134, 789, 652, 418, 148
track:1135, 788, 651, 418, 148
track:1136, 799, 650, 418, 148
track:1137, 794, 653, 418, 148
track:1138, 792, 652, 439, 155
track:1139, 781, 652, 461, 163
track:1140, 788, 653, 461, 163
track:1141, 777, 655, 461, 163
track:1142, 780, 664, 439, 155
track:1143, 780, 667, 439, 155
track:1144, 777, 670, 439, 155
track:1145, 784, 675, 418, 148
track:1146, 769, 677, 418, 148
track:1147, 763, 681, 418, 148
track:1148, 761, 682, 418, 148
track:1149, 751, 682, 418, 148
track:1150, 751, 682, 418, 148
track:1151, 741, 678, 439, 155
track:1152, 735, 676, 439, 155
track:1153, 726, 672, 439, 155
track:1154, 721, 666, 461, 163
track:1155, 720, 662, 461, 163
init :1156, 780, 633, 240, 181
track:1157, 782, 633, 240, 181
track:1158, 784, 634, 240, 181
track:1159, 787, 632, 240, 181
track:1160, 786, 632, 240, 181
track:1161, 788, 633, 240, 181
track:1162, 789, 632, 240, 181
track:1163, 793, 638, 229, 172
track:1164, 795, 637, 229, 172
track:1165, 793, 639, 229, 172
track:1166, 791, 640, 229, 172
track:1167, 792, 642, 229, 172
track:1168, 781, 643, 229, 172
track:1169, 786, 642, 229, 172
track:1170, 787, 641, 229, 172
track:1171, 781, 640, 229, 172
track:1172, 767, 634, 240, 181
track:1173, 773, 635, 240, 181
track:1174, 769, 634, 240, 181
track:1175, 773, 639, 229, 172
track:1176, 775, 635, 229, 172
track:1177, 780, 636, 229, 172
track:1178, 776, 636, 229, 172
track:1179, 780, 630, 229, 172
track:1180, 777, 631, 229, 172
track:1181, 781, 633, 229, 172
track:1182, 776, 629, 229, 172
track:1183, 774, 631, 218, 164
track:1184, 776, 628, 218, 164
track:1185, 778, 626, 218, 164
track:1186, 775, 625, 218, 164
track:1187, 780, 624, 218, 164
track:1188, 787, 628, 207, 156
track:1189, 788, 624, 207, 156
track:1190, 793, 628, 197, 149
track:1191, 789, 626, 197, 149
track:1192, 794, 628, 188, 142
track:1193, 795, 625, 188, 142
track:1194, 791, 620, 188, 142
track:1195, 790, 621, 188, 142
track:1196, 797, 621, 179, 135
track:1197, 793, 620, 179, 135
track:1198, 791, 622, 171, 129
track:1199, 794, 621, 171, 129
track:1200, 797, 624, 162, 123
track:1201, 801, 629, 155, 117
track:1202, 800, 629, 155, 117
track:1203, 804, 628, 155, 117
track:1204, 811, 628, 155, 117
track:1205, 814, 633, 147, 111
track:1206, 819, 635, 140, 106
track:1207, 830, 635, 140, 106
track:1208, 830, 636, 140, 106
track:1209, 830, 636, 140, 106
track:1210, 842, 636, 140, 106
init :1211, 853, 636, 346, 103
track:1212, 864, 638, 330, 98
track:1213, 866, 639, 330, 98
track:1214, 874, 641, 314, 93
track:1215, 867, 640, 330, 98
track:1216, 867, 641, 330, 98
track:1217, 872, 643, 314, 93
track:1218, 872, 644, 314, 93
track:1219, 871, 645, 314, 93
track:1220, 869, 645, 314, 93
track:1221, 867, 647, 314, 93
track:1222, 873, 651, 299, 89
track:1223, 871, 653, 299, 89
track:1224, 872, 654, 299, 89
track:1225, 873, 654, 299, 89
track:1226, 877, 657, 285, 85
track:1227, 879, 658, 285, 85
track:1228, 879, 659, 285, 85
track:1229, 878, 659, 285, 85
track:1230, 883, 662, 271, 81
track:1231, 883, 663, 271, 81
track:1232, 885, 666, 258, 77
track:1233, 885, 667, 258, 77
track:1234, 888, 669, 246, 73
track:1235, 896, 670, 234, 70
track:1236, 889, 670, 234, 70
track:1237, 884, 669, 246, 73
track:1238, 878, 667, 246, 73
track:1239, 879, 669, 246, 73
track:1240, 866, 671, 246, 73
track:1241, 862, 672, 258, 77
track:1242, 858, 675, 258, 77
track:1243, 843, 674, 258, 77
track:1244, 863, 674, 258, 77
track:1245, 846, 675, 258, 77
track:1246, 832, 674, 271, 81
track:1247, 839, 674, 258, 77
track:1248, 838, 673, 258, 77
track:1249, 838, 673, 258, 77
track:1250, 833, 670, 258, 77
track:1251, 855, 674, 246, 73
track:1252, 861, 673, 258, 77
track:1253, 894, 679, 246, 73
track:1254, 904, 680, 234, 70
track:1255, 910, 681, 234, 70
track:1256, 916, 682, 223, 66
track:1257, 912, 681, 223, 66
track:1258, 911, 681, 223, 66
track:1259, 910, 681, 223, 66
track:1260, 911, 682, 212, 63
track:1261, 905, 681, 212, 63
track:1262, 887, 680, 223, 66
track:1263, 894, 681, 212, 63
track:1264, 894, 681, 212, 63
track:1265, 897, 679, 212, 63
init :1266, 946, 659, 101, 83
track:1267, 946, 658, 101, 83
track:1268, 944, 657, 101, 83
track:1269, 945, 656, 101, 83
track:1270, 941, 656, 101, 83
track:1271, 939, 656, 101, 83
track:1272, 935, 656, 101, 83
track:1273, 931, 657, 96, 79
track:1274, 932, 656, 96, 79
track:1275, 927, 656, 96, 79
track:1276, 923, 655, 96, 79
track:1277, 918, 656, 96, 79
track:1278, 910, 657, 96, 79
track:1279, 910, 658, 96, 79
track:1280, 904, 660, 92, 75
track:1281, 897, 660, 92, 75
track:1282, 889, 662, 92, 75
track:1283, 886, 662, 92, 75
track:1284, 887, 663, 87, 72
track:1285, 880, 664, 87, 72
track:1286, 874, 663, 87, 72
track:1287, 873, 662, 87, 72
track:1288, 871, 661, 87, 72
track:1289, 871, 661, 87, 72
track:1290, 868, 661, 87, 72
track:1291, 866, 661, 87, 72
track:1292, 864, 661, 87, 72
track:1293, 863, 662, 87, 72
track:1294, 862, 661, 87, 72
track:1295, 861, 661, 87, 72
track:1296, 861, 661, 87, 72
track:1297, 862, 662, 83, 68
track:1298, 862, 662, 83, 68
track:1299, 863, 662, 83, 68
track:1300, 863, 662, 83, 68
track:1301, 860, 665, 79, 65
track:1302, 859, 666, 79, 65
track:1303, 859, 664, 79, 65
track:1304, 859, 664, 79, 65
track:1305, 860, 664, 79, 65
track:1306, 861, 664, 79, 65
track:1307, 861, 665, 79, 65
track:1308, 862, 666, 79, 65
track:1309, 862, 666, 79, 65
track:1310, 862, 666, 79, 65
track:1311, 864, 666, 79, 65
track:1312, 862, 666, 79, 65
track:1313, 862, 667, 79, 65
track:1314, 864, 667, 79, 65
track:1315, 861, 667, 79, 65
track:1316, 862, 668, 75, 62
track:1317, 860, 668, 75, 62
track:1318, 859, 668, 75, 62
track:1319, 858, 668, 75, 62
track:1320, 858, 669, 75, 62
init :1321, 858, 672, 166, 54
track:1322, 859, 672, 166, 54
track:1323, 864, 674, 166, 54
track:1324, 867, 675, 158, 51
track:1325, 867, 676, 158, 51
track:1326, 868, 676, 158, 51
track:1327, 867, 676, 166, 54
track:1328, 872, 678, 158, 51
track:1329, 872, 679, 158, 51
track:1330, 871, 679, 158, 51
track:1331, 871, 679, 158, 51
track:1332, 867, 679, 158, 51
track:1333, 863, 679, 158, 51
track:1334, 862, 679, 158, 51
track:1335, 858, 679, 158, 51
track:1336, 854, 679, 158, 51
track:1337, 850, 679, 158, 51
track:1338, 848, 678, 158, 51
track:1339, 847, 678, 158, 51
track:1340, 847, 679, 158, 51
track:1341, 847, 679, 158, 51
track:1342, 846, 679, 158, 51
track:1343, 843, 679, 166, 54
track:1344, 843, 679, 166, 54
track:1345, 843, 680, 166, 54
track:1346, 839, 679, 174, 57
track:1347, 840, 680, 174, 57
track:1348, 838, 680, 174, 57
track:1349, 837, 680, 174, 57
track:1350, 837, 680, 174, 57
track:1351, 834, 680, 174, 57
track:1352, 834, 681, 174, 57
track:1353, 838, 682, 166, 54
track:1354, 833, 681, 174, 57
track:1355, 830, 681, 183, 60
track:1356, 831, 681, 183, 60
track:1357, 835, 682, 174, 57
track:1358, 838, 684, 166, 54
track:1359, 838, 684, 166, 54
track:1360, 837, 684, 166, 54
track:1361, 840, 685, 158, 51
track:1362, 840, 686, 158, 51
track:1363, 840, 686, 158, 51
track:1364, 836, 686, 166, 54
track:1365, 838, 686, 166, 54
track:1366, 837, 686, 166, 54
track:1367, 837, 687, 166, 54
track:1368, 837, 687, 166, 54
track:1369, 838, 687, 166, 54
track:1370, 836, 688, 166, 54
track:1371, 828, 688, 174, 57
track:1372, 827, 688, 174, 57
track:1373, 824, 689, 174, 57
track:1374, 825, 689, 174, 57
track:1375, 824, 689, 174, 57
init :1376, 835, 693, 189, 59
track:1377, 834, 693, 189, 59
track:1378, 829, 694, 189, 59
track:1379, 827, 695, 189, 59
track:1380, 825, 695, 189, 59
track:1381, 820, 697, 189, 59
track:1382, 817, 697, 189, 59
track:1383, 810, 697, 198, 62
track:1384, 813, 699, 189, 59
track:1385, 812, 699, 189, 59
track:1386, 808, 699, 198, 62
track:1387, 811, 701, 198, 62
track:1388, 809, 701, 208, 65
track:1389, 815, 702, 198, 62
track:1390, 821, 705, 189, 59
track:1391, 822, 705, 189, 59
track:1392, 831, 706, 189, 59
track:1393, 830, 706, 198, 62
track:1394, 832, 708, 198, 62
track:1395, 832, 708, 198, 62
track:1396, 832, 709, 198, 62
track:1397, 832, 709, 198, 62
track:1398, 834, 710, 198, 62
track:1399, 832, 711, 198, 62
track:1400, 831, 712, 198, 62
track:1401, 826, 713, 198, 62
track:1402, 816, 712, 208, 65
track:1403, 812, 712, 208, 65
track:1404, 809, 713, 208, 65
track:1405, 805, 714, 208, 65
track:1406, 803, 714, 208, 65
track:1407, 798, 715, 208, 65
track:1408, 791, 713, 219, 68
track:1409, 790, 714, 219, 68
track:1410, 795, 715, 208, 65
track:1411, 793, 716, 208, 65
track:1412, 794, 717, 208, 65
track:1413, 790, 716, 219, 68
track:1414, 787, 715, 230, 72
track:1415, 786, 715, 230, 72
track:1416, 785, 717, 230, 72
track:1417, 786, 717, 230, 72
track:1418, 784, 717, 230, 72
track:1419, 784, 718, 230, 72
track:1420, 783, 718, 230, 72
track:1421, 780, 719, 230, 72
track:1422, 779, 720, 230, 72
track:1423, 783, 722, 219, 68
track:1424, 782, 722, 219, 68
track:1425, 780, 721, 230, 72
track:1426, 784, 722, 219, 68
track:1427, 777, 721, 230, 72
track:1428, 776, 721, 230, 72
track:1429, 776, 721, 230, 72
track:1430, 776, 722, 230, 72
init :1431, 789, 719, 249, 98
track:1432, 793, 720, 237, 93
track:1433, 793, 721, 237, 93
track:1434, 793, 721, 237, 93
track:1435, 790, 723, 237, 93
track:1436, 788, 724, 237, 93
track:1437, 786, 725, 237, 93
track:1438, 781, 724, 249, 98
track:1439, 786, 727, 237, 93
track:1440, 785, 729, 237, 93
track:1441, 782, 730, 237, 93
track:1442, 783, 732, 226, 89
track:1443, 778, 732, 226, 89
track:1444, 778, 732, 226, 89
track:1445, 772, 732, 226, 89
track:1446, 763, 731, 237, 93
track:1447, 760, 730, 237, 93
track:1448, 753, 727, 249, 98
track:1449, 754, 726, 249, 98
track:1450, 753, 727, 249, 98
track:1451, 757, 724, 249, 98
track:1452, 758, 724, 249, 98
track:1453, 764, 724, 249, 98
track:1454, 769, 723, 249, 98
track:1455, 775, 725, 237, 93
track:1456, 789, 722, 249, 98
track:1457, 785, 720, 261, 103
track:1458, 791, 723, 249, 98
track:1459, 793, 727, 237, 93
track:1460, 803, 730, 226, 89
track:1461, 814, 730, 226, 89
track:1462, 818, 730, 226, 89
track:1463, 818, 732, 226, 89
track:1464, 824, 732, 226, 89
track:1465, 867, 716, 215, 85
track:1466, 861, 707, 226, 89
track:1467, 855, 690, 226, 89
track:1468, 850, 688, 237, 93
track:1469, 855, 683, 249, 98
track:1470, 851, 679, 249, 98
track:1471, 853, 680, 249, 98
track:1472, 851, 686, 249, 98
track:1473, 854, 688, 237, 93
track:1474, 855, 691, 237, 93
track:1475, 845, 670, 249, 98
track:1476, 848, 669, 249, 98
track:1477, 859, 672, 237, 93
track:1478, 858, 672, 237, 93
track:1479, 853, 673, 249, 98
track:1480, 858, 676, 249, 98
track:1481, 858, 667, 249, 98
track:1482, 863, 669, 261, 103
track:1483, 861, 662, 261, 103
track:1484, 873, 670, 261, 103
track:1485, 852, 693, 261, 103
init :1486, 858, 654, 230, 168
track:1487, 862, 654, 230, 168
track:1488, 864, 654, 230, 168
track:1489, 869, 653, 230, 168
track:1490, 871, 651, 230, 168
track:1491, 873, 650, 230, 168
track:1492, 875, 647, 230, 168
track:1493, 873, 646, 230, 168
track:1494, 868, 640, 241, 176
track:1495, 867, 636, 241, 176
track:1496, 866, 638, 230, 168
track:1497, 865, 632, 230, 168
track:1498, 858, 631, 230, 168
track:1499, 855, 627, 230, 168
track:1500, 852, 625, 230, 168
track:1501, 845, 620, 230, 168
track:1502, 833, 616, 230, 168
track:1503, 833, 615, 230, 168
track:1504, 836, 612, 230, 168
track:1505, 834, 610, 230, 168
track:1506, 836, 606, 230, 168
track:1507, 831, 602, 230, 168
track:1508, 831, 603, 230, 168
track:1509, 828, 600, 230, 168
track:1510, 834, 596, 230, 168
track:1511, 840, 596, 219, 160
track:1512, 835, 595, 219, 160
track:1513, 832, 595, 219, 160
track:1514, 820, 590, 219, 160
track:1515, 798, 590, 219, 160
track:1516, 780, 592, 219, 160
track:1517, 757, 591, 219, 160
track:1518, 748, 593, 219, 160
track:1519, 730, 596, 209, 152
track:1520, 711, 596, 209, 152
track:1521, 685, 595, 209, 152
track:1522, 667, 597, 209, 152
track:1523, 672, 593, 209, 152
track:1524, 657, 593, 209, 152
track:1525, 666, 600, 199, 145
track:1526, 680, 604, 199, 145
track:1527, 689, 601, 199, 145
track:1528, 714, 601, 209, 152
track:1529, 722, 600, 209, 152
track:1530, 745, 601, 209, 152
track:1531, 775, 603, 199, 145
track:1532, 796, 602, 199, 145
track:1533, 805, 603, 199, 145
track:1534, 828, 603, 199, 145
track:1535, 856, 603, 199, 145
track:1536, 878, 610, 189, 138
track:1537, 898, 612, 189, 138
track:1538, 893, 607, 199, 145
track:1539, 910, 612, 189, 138
track:1540, 920, 613, 189, 138
init :1541, 909, 643, 230, 75
track:1542, 909, 643, 230, 75
track:1543, 909, 643, 230, 75
track:1544, 909, 644, 230, 75
track:1545, 905, 645, 230, 75
track:1546, 901, 646, 230, 75
track:1547, 893, 648, 230, 75
track:1548, 891, 650, 230, 75
track:1549, 890, 653, 219, 71
track:1550, 876, 655, 219, 71
track:1551, 872, 656, 219, 71
track:1552, 867, 657, 219, 71
track:1553, 872, 660, 209, 68
track:1554, 868, 661, 209, 68
track:1555, 867, 662, 209, 68
track:1556, 867, 663, 209, 68
track:1557, 875, 665, 199, 65
track:1558, 874, 666, 199, 65
track:1559, 880, 667, 189, 62
track:1560, 888, 670, 180, 59
track:1561, 894, 671, 172, 56
track:1562, 901, 672, 163, 53
track:1563, 905, 673, 156, 51
track:1564, 906, 674, 156, 51
track:1565, 907, 673, 156, 51
track:1566, 907, 674, 156, 51
track:1567, 906, 675, 156, 51
track:1568, 908, 676, 148, 48
track:1569, 911, 678, 141, 46
track:1570, 909, 677, 141, 46
track:1571, 908, 677, 141, 46
track:1572, 907, 677, 141, 46
track:1573, 910, 679, 134, 44
track:1574, 907, 679, 134, 44
track:1575, 902, 679, 134, 44
track:1576, 900, 679, 134, 44
track:1577, 898, 680, 128, 42
track:1578, 899, 682, 122, 40
track:1579, 901, 683, 116, 38
track:1580, 898, 683, 116, 38
track:1581, 894, 683, 116, 38
track:1582, 891, 684, 116, 38
track:1583, 891, 684, 116, 38
track:1584, 892, 685, 116, 38
track:1585, 893, 686, 111, 36
track:1586, 893, 686, 111, 36
track:1587, 895, 686, 105, 34
track:1588, 894, 686, 105, 34
track:1589, 897, 687, 100, 33
track:1590, 900, 687, 96, 31
track:1591, 901, 688, 91, 30
track:1592, 903, 689, 91, 30
track:1593, 903, 689, 87, 28
track:1594, 901, 690, 87, 28
track:1595, 901, 691, 83, 27
init :1596, 913, 680, 106, 72
track:1599, 912, 681, 106, 72
track:1600, 911, 682, 106, 72
track:1601, 909, 681, 106, 72
track:1602, 907, 681, 106, 72
track:1603, 909, 683, 101, 69
track:1604, 906, 682, 101, 69
track:1605, 906, 684, 96, 65
track:1606, 904, 685, 96, 65
track:1607, 900, 685, 96, 65
track:1608, 900, 685, 96, 65
elapseTime: 16.346
