init :7, 821, 630, 235, 197
track:8, 821, 630, 235, 197
track:9, 822, 630, 235, 197
track:10, 821, 631, 235, 197
track:11, 823, 630, 235, 197
track:12, 823, 630, 235, 197
track:13, 824, 630, 235, 197
track:14, 824, 630, 235, 197
track:15, 824, 630, 235, 197
track:16, 825, 630, 235, 197
track:17, 826, 630, 235, 197
track:18, 825, 630, 235, 197
track:19, 825, 629, 235, 197
track:20, 821, 626, 247, 207
track:21, 820, 626, 247, 207
track:22, 827, 631, 235, 197
track:23, 828, 631, 235, 197
track:24, 827, 631, 235, 197
track:25, 828, 630, 235, 197
track:26, 829, 631, 235, 197
track:27, 829, 631, 235, 197
track:28, 829, 631, 235, 197
track:29, 829, 630, 235, 197
track:30, 829, 630, 235, 197
track:31, 830, 629, 235, 197
track:32, 831, 631, 235, 197
track:33, 829, 630, 235, 197
track:34, 830, 631, 235, 197
track:35, 830, 630, 235, 197
track:36, 830, 631, 235, 197
track:37, 829, 630, 235, 197
track:38, 831, 630, 235, 197
track:39, 830, 630, 235, 197
track:40, 830, 630, 235, 197
track:41, 831, 629, 235, 197
track:42, 830, 631, 235, 197
track:43, 831, 630, 235, 197
track:44, 830, 631, 235, 197
init :45, 826, 630, 240, 197
track:46, 826, 630, 240, 197
track:48, 826, 629, 240, 197
track:49, 826, 629, 240, 197
track:50, 826, 629, 240, 197
track:51, 826, 628, 240, 197
track:52, 826, 629, 240, 197
track:53, 828, 629, 240, 197
track:54, 827, 628, 240, 197
track:55, 827, 628, 240, 197
track:56, 826, 629, 240, 197
track:57, 826, 628, 240, 197
track:58, 826, 628, 240, 197
track:59, 827, 628, 240, 197
track:60, 827, 628, 240, 197
track:61, 827, 627, 240, 197
track:62, 826, 629, 240, 197
track:63, 826, 628, 240, 197
track:64, 825, 628, 240, 197
track:65, 825, 628, 240, 197
track:66, 825, 628, 240, 197
track:67, 825, 628, 240, 197
track:68, 825, 628, 240, 197
track:69, 825, 628, 240, 197
track:70, 825, 629, 240, 197
track:71, 825, 628, 240, 197
track:72, 824, 628, 240, 197
track:73, 823, 629, 240, 197
track:74, 824, 628, 240, 197
track:75, 824, 629, 240, 197
track:76, 824, 628, 240, 197
track:77, 823, 628, 240, 197
track:78, 823, 628, 240, 197
track:79, 823, 628, 240, 197
track:80, 823, 628, 240, 197
track:81, 823, 628, 240, 197
track:82, 822, 629, 240, 197
track:83, 823, 629, 240, 197
track:84, 823, 628, 240, 197
track:85, 823, 629, 240, 197
track:86, 823, 629, 240, 197
track:87, 823, 628, 240, 197
track:88, 823, 629, 240, 197
init :89, 826, 633, 240, 197
track:90, 826, 633, 240, 197
track:91, 827, 633, 240, 197
track:92, 827, 633, 240, 197
track:93, 827, 634, 240, 197
track:94, 827, 633, 240, 197
track:95, 827, 633, 240, 197
track:96, 828, 633, 240, 197
track:97, 829, 632, 240, 197
track:98, 829, 632, 240, 197
track:99, 829, 631, 240, 197
track:100, 829, 631, 240, 197
track:101, 830, 632, 240, 197
track:102, 831, 631, 240, 197
track:103, 832, 629, 240, 197
track:104, 831, 628, 240, 197
track:105, 832, 628, 240, 197
track:106, 833, 628, 240, 197
track:107, 834, 626, 240, 197
track:108, 834, 624, 240, 197
track:109, 834, 623, 240, 197
track:110, 835, 622, 240, 197
track:111, 834, 621, 240, 197
track:112, 840, 623, 229, 188
track:113, 840, 622, 229, 188
track:114, 842, 622, 229, 188
track:115, 842, 619, 229, 188
track:116, 842, 618, 229, 188
track:117, 843, 616, 229, 188
track:120, 846, 613, 229, 188
track:121, 847, 610, 229, 188
track:122, 846, 609, 229, 188
track:123, 846, 608, 229, 188
track:124, 845, 609, 229, 188
track:125, 844, 606, 229, 188
track:126, 842, 600, 229, 188
track:127, 846, 604, 218, 179
track:128, 847, 604, 218, 179
track:129, 851, 607, 207, 170
track:130, 851, 609, 207, 170
track:131, 852, 610, 207, 170
track:132, 854, 613, 207, 170
init :133, 863, 617, 180, 163
track:134, 863, 617, 180, 163
track:135, 862, 619, 180, 163
track:136, 863, 619, 180, 163
track:137, 864, 622, 180, 163
track:138, 865, 622, 180, 163
track:139, 865, 623, 180, 163
track:140, 869, 626, 171, 155
track:141, 869, 626, 171, 155
track:142, 867, 626, 171, 155
track:143, 861, 623, 180, 163
track:144, 860, 623, 180, 163
track:145, 857, 627, 180, 163
track:146, 857, 628, 180, 163
track:147, 858, 629, 180, 163
track:148, 858, 632, 180, 163
track:149, 858, 631, 180, 163
track:150, 860, 634, 180, 163
track:151, 859, 637, 180, 163
track:152, 860, 640, 180, 163
track:153, 860, 643, 180, 163
track:154, 860, 643, 180, 163
track:155, 860, 646, 180, 163
track:156, 860, 646, 180, 163
track:157, 867, 650, 171, 155
track:158, 867, 651, 171, 155
track:159, 868, 650, 171, 155
track:160, 866, 651, 171, 155
track:161, 865, 652, 171, 155
track:162, 862, 651, 171, 155
track:163, 861, 652, 171, 155
track:164, 861, 652, 171, 155
track:165, 861, 653, 171, 155
track:166, 861, 652, 171, 155
track:167, 861, 652, 171, 155
track:168, 860, 653, 171, 155
track:169, 860, 653, 171, 155
track:170, 863, 652, 171, 155
track:171, 864, 650, 171, 155
track:172, 865, 649, 171, 155
track:173, 865, 649, 171, 155
track:174, 865, 648, 171, 155
track:175, 862, 650, 171, 155
track:176, 861, 650, 171, 155
init :177, 863, 651, 161, 155
track:178, 864, 651, 161, 155
track:179, 864, 652, 161, 155
track:180, 865, 654, 161, 155
track:181, 865, 655, 161, 155
track:182, 867, 658, 161, 155
track:183, 868, 660, 161, 155
track:184, 870, 661, 161, 155
track:185, 869, 662, 161, 155
track:186, 867, 661, 161, 155
track:187, 865, 656, 161, 155
track:188, 860, 653, 161, 155
track:189, 860, 653, 161, 155
track:190, 857, 651, 161, 155
track:191, 857, 649, 161, 155
track:192, 857, 644, 161, 155
track:193, 855, 643, 161, 155
track:194, 854, 642, 161, 155
track:195, 857, 641, 161, 155
track:196, 857, 640, 161, 155
track:197, 858, 638, 161, 155
track:198, 855, 637, 161, 155
track:199, 855, 639, 161, 155
track:200, 853, 639, 161, 155
track:201, 851, 640, 161, 155
track:202, 850, 638, 161, 155
track:203, 850, 636, 161, 155
track:204, 850, 636, 161, 155
track:205, 851, 634, 161, 155
track:206, 852, 632, 161, 155
track:207, 849, 631, 161, 155
track:208, 850, 630, 161, 155
track:209, 851, 631, 153, 148
track:210, 850, 627, 153, 148
track:211, 849, 626, 153, 148
track:212, 853, 626, 146, 141
track:213, 853, 625, 146, 141
track:214, 852, 625, 146, 141
track:215, 852, 623, 146, 141
track:216, 852, 623, 146, 141
track:217, 856, 626, 139, 134
track:218, 856, 626, 139, 134
track:219, 856, 627, 139, 134
track:220, 855, 631, 139, 134
init :221, 849, 638, 143, 122
track:222, 849, 640, 143, 122
track:223, 850, 640, 143, 122
track:224, 849, 642, 143, 122
track:225, 849, 645, 143, 122
track:226, 849, 645, 143, 122
track:227, 849, 646, 143, 122
track:228, 850, 646, 143, 122
track:229, 852, 650, 136, 116
track:230, 852, 650, 136, 116
track:231, 853, 649, 136, 116
track:232, 852, 646, 136, 116
track:233, 851, 645, 136, 116
track:234, 851, 645, 136, 116
track:235, 853, 647, 130, 111
track:236, 855, 646, 130, 111
track:237, 857, 646, 130, 111
track:238, 857, 647, 130, 111
track:239, 858, 649, 130, 111
track:240, 859, 650, 130, 111
track:241, 859, 651, 130, 111
track:242, 859, 651, 130, 111
track:243, 859, 651, 130, 111
track:244, 859, 651, 130, 111
track:245, 859, 652, 130, 111
track:246, 860, 652, 130, 111
track:247, 860, 652, 130, 111
track:248, 860, 652, 130, 111
track:249, 860, 652, 130, 111
track:250, 859, 654, 130, 111
track:251, 861, 655, 130, 111
track:252, 865, 660, 124, 105
track:253, 865, 660, 124, 105
track:254, 867, 664, 118, 100
track:255, 867, 667, 118, 100
track:256, 868, 669, 118, 100
track:257, 866, 670, 124, 105
track:258, 866, 671, 124, 105
track:259, 867, 672, 124, 105
track:260, 867, 674, 124, 105
track:261, 868, 675, 124, 105
track:262, 867, 676, 124, 105
track:263, 867, 676, 124, 105
track:264, 866, 678, 124, 105
init :265, 867, 680, 124, 96
track:266, 867, 681, 124, 96
track:267, 868, 683, 124, 96
track:268, 868, 684, 124, 96
track:269, 868, 685, 124, 96
track:270, 868, 687, 124, 96
track:271, 866, 688, 130, 101
track:272, 867, 691, 130, 101
track:273, 867, 692, 130, 101
track:274, 868, 694, 130, 101
track:275, 868, 696, 130, 101
track:276, 865, 697, 137, 106
track:277, 868, 700, 137, 106
track:278, 864, 697, 144, 111
track:279, 864, 697, 144, 111
track:280, 863, 694, 151, 117
track:281, 862, 693, 151, 117
track:282, 865, 694, 151, 117
track:283, 866, 695, 151, 117
track:284, 868, 697, 151, 117
track:285, 869, 698, 151, 117
track:286, 871, 697, 151, 117
track:287, 869, 691, 158, 123
track:288, 869, 691, 158, 123
track:289, 869, 687, 158, 123
track:290, 866, 680, 166, 129
track:291, 866, 674, 166, 129
track:292, 867, 668, 166, 129
track:293, 864, 664, 174, 135
track:294, 865, 662, 174, 135
track:295, 863, 657, 183, 142
track:296, 864, 656, 183, 142
track:297, 864, 657, 183, 142
track:298, 859, 655, 192, 149
track:299, 853, 651, 202, 156
track:300, 846, 650, 212, 164
track:301, 840, 647, 223, 172
track:302, 840, 650, 223, 172
track:303, 837, 653, 223, 172
track:304, 837, 656, 223, 172
track:305, 828, 654, 234, 181
track:306, 828, 654, 234, 181
track:307, 822, 646, 246, 190
track:308, 817, 641, 258, 200
init :309, 821, 628, 258, 223
track:310, 819, 622, 258, 223
track:311, 817, 608, 258, 223
track:312, 825, 605, 246, 212
track:313, 818, 599, 258, 223
track:314, 825, 597, 246, 212
track:315, 824, 588, 246, 212
track:316, 824, 577, 246, 212
track:317, 831, 576, 234, 202
track:318, 831, 575, 234, 202
track:319, 832, 574, 234, 202
track:320, 838, 566, 234, 202
track:321, 841, 559, 234, 202
track:322, 847, 562, 223, 193
track:323, 846, 562, 223, 193
track:324, 852, 571, 212, 183
track:325, 856, 573, 202, 175
track:326, 855, 562, 202, 175
track:327, 852, 562, 202, 175
track:328, 852, 562, 202, 175
track:329, 850, 572, 202, 175
track:330, 849, 579, 202, 175
track:331, 848, 580, 202, 175
track:332, 845, 583, 202, 175
track:333, 845, 584, 202, 175
track:334, 844, 588, 202, 175
track:335, 848, 592, 193, 166
track:336, 843, 590, 202, 175
track:337, 843, 592, 202, 175
track:338, 848, 596, 193, 166
track:339, 849, 592, 193, 166
track:340, 850, 590, 193, 166
track:341, 850, 589, 193, 166
track:342, 851, 588, 193, 166
track:343, 851, 587, 193, 166
track:344, 851, 587, 193, 166
track:345, 855, 588, 183, 158
track:346, 859, 593, 175, 151
track:347, 859, 596, 175, 151
track:348, 859, 595, 175, 151
track:349, 860, 598, 175, 151
track:350, 864, 605, 166, 144
track:351, 864, 608, 166, 144
track:352, 866, 613, 166, 144
init :353, 872, 628, 147, 119
track:354, 871, 630, 147, 119
track:355, 872, 631, 147, 119
track:356, 871, 632, 147, 119
track:357, 875, 635, 140, 113
track:358, 873, 635, 140, 113
track:359, 874, 636, 140, 113
track:360, 874, 636, 140, 113
track:361, 872, 637, 140, 113
track:362, 874, 638, 133, 108
track:363, 875, 638, 133, 108
track:364, 874, 639, 133, 108
track:365, 874, 640, 133, 108
track:366, 875, 643, 127, 103
track:367, 874, 643, 127, 103
track:368, 874, 644, 127, 103
track:369, 874, 644, 127, 103
track:370, 876, 650, 121, 98
track:371, 876, 658, 121, 98
track:372, 875, 661, 121, 98
track:373, 875, 661, 121, 98
track:374, 874, 662, 121, 98
track:375, 873, 663, 121, 98
track:376, 870, 664, 121, 98
track:377, 869, 664, 121, 98
track:378, 868, 665, 121, 98
track:379, 868, 666, 121, 98
track:380, 867, 665, 121, 98
track:381, 867, 665, 121, 98
track:382, 864, 665, 121, 98
track:383, 867, 667, 115, 93
track:384, 868, 669, 110, 89
track:385, 867, 667, 110, 89
track:386, 868, 666, 110, 89
track:387, 867, 666, 110, 89
track:388, 867, 667, 110, 89
track:389, 866, 666, 110, 89
track:390, 866, 666, 110, 89
track:391, 866, 668, 110, 89
track:392, 866, 671, 110, 89
track:393, 867, 671, 110, 89
track:394, 867, 672, 110, 89
track:395, 868, 678, 110, 89
track:396, 869, 681, 110, 89
init :397, 867, 687, 110, 77
track:398, 867, 687, 110, 77
track:399, 869, 691, 110, 77
track:400, 870, 696, 110, 77
track:401, 871, 702, 110, 77
track:402, 872, 705, 110, 77
track:403, 873, 706, 110, 77
track:404, 873, 708, 110, 77
track:405, 874, 708, 110, 77
track:406, 874, 708, 110, 77
track:407, 875, 708, 110, 77
track:408, 875, 708, 110, 77
track:409, 875, 706, 110, 77
track:410, 876, 705, 110, 77
track:411, 877, 701, 110, 77
track:412, 881, 701, 105, 73
track:413, 878, 699, 110, 77
track:414, 878, 698, 110, 77
track:415, 878, 700, 110, 77
track:416, 878, 701, 110, 77
track:417, 878, 702, 110, 77
track:418, 879, 702, 110, 77
track:419, 879, 702, 110, 77
track:420, 878, 703, 110, 77
track:421, 876, 703, 110, 77
track:422, 875, 701, 110, 77
track:423, 875, 701, 110, 77
track:424, 875, 697, 110, 77
track:425, 874, 696, 110, 77
track:426, 874, 694, 110, 77
track:427, 873, 692, 110, 77
track:428, 872, 692, 110, 77
track:429, 872, 692, 110, 77
track:430, 872, 693, 110, 77
track:431, 872, 693, 110, 77
track:432, 870, 693, 110, 77
track:433, 870, 692, 110, 77
track:434, 869, 693, 110, 77
track:435, 868, 692, 110, 77
track:436, 868, 694, 110, 77
track:437, 868, 695, 110, 77
track:438, 868, 696, 110, 77
track:439, 869, 697, 110, 77
track:440, 869, 698, 110, 77
init :441, 867, 693, 115, 88
track:442, 868, 694, 115, 88
track:443, 868, 694, 115, 88
track:444, 867, 695, 115, 88
track:445, 867, 696, 115, 88
track:446, 867, 697, 115, 88
track:447, 868, 696, 115, 88
track:448, 868, 696, 115, 88
track:449, 867, 695, 115, 88
track:450, 868, 695, 115, 88
track:451, 869, 696, 115, 88
track:452, 870, 698, 115, 88
track:453, 867, 696, 121, 92
track:454, 868, 697, 121, 92
track:455, 869, 697, 121, 92
track:456, 870, 697, 121, 92
track:457, 869, 698, 121, 92
track:458, 869, 697, 121, 92
track:459, 869, 696, 121, 92
track:460, 869, 694, 121, 92
track:461, 869, 694, 121, 92
track:462, 869, 694, 121, 92
track:463, 869, 694, 121, 92
track:464, 866, 690, 127, 97
track:465, 862, 684, 133, 102
track:466, 862, 685, 133, 102
track:467, 862, 686, 133, 102
track:468, 862, 686, 133, 102
track:469, 863, 687, 133, 102
track:470, 863, 689, 133, 102
track:471, 865, 690, 133, 102
track:472, 865, 690, 133, 102
track:473, 865, 692, 133, 102
track:474, 861, 692, 140, 107
track:475, 864, 693, 140, 107
track:476, 866, 692, 140, 107
track:477, 866, 691, 140, 107
track:478, 868, 690, 140, 107
track:479, 866, 686, 147, 112
track:480, 869, 678, 147, 112
track:481, 870, 675, 147, 112
track:482, 870, 674, 147, 112
track:483, 873, 665, 147, 112
track:484, 871, 661, 154, 118
init :485, 876, 656, 156, 140
track:486, 875, 660, 156, 140
track:487, 875, 660, 156, 140
track:488, 875, 666, 156, 140
track:490, 869, 665, 164, 147
track:491, 866, 667, 164, 147
track:492, 865, 668, 164, 147
track:493, 863, 667, 164, 147
track:494, 861, 667, 164, 147
track:495, 858, 660, 164, 147
track:496, 857, 655, 164, 147
track:497, 856, 655, 164, 147
track:498, 855, 652, 164, 147
track:499, 854, 648, 164, 147
track:500, 854, 644, 164, 147
track:501, 853, 639, 164, 147
track:502, 853, 640, 164, 147
track:503, 853, 636, 164, 147
track:504, 853, 635, 164, 147
track:505, 852, 634, 164, 147
track:506, 851, 634, 164, 147
track:507, 851, 634, 164, 147
track:508, 850, 632, 164, 147
track:509, 849, 627, 164, 147
track:510, 849, 625, 164, 147
track:511, 848, 623, 164, 147
track:512, 848, 623, 164, 147
track:513, 848, 622, 164, 147
track:514, 849, 624, 164, 147
track:515, 849, 624, 164, 147
track:516, 850, 624, 164, 147
track:517, 849, 623, 164, 147
track:518, 848, 620, 164, 147
track:519, 848, 620, 164, 147
track:520, 853, 622, 156, 140
track:521, 854, 621, 156, 140
track:522, 854, 620, 156, 140
track:523, 857, 625, 149, 133
track:524, 858, 627, 149, 133
track:525, 860, 629, 149, 133
track:526, 864, 633, 141, 127
track:527, 865, 634, 141, 127
track:528, 868, 636, 135, 121
init :529, 867, 636, 138, 98
track:530, 868, 635, 138, 98
track:531, 868, 634, 138, 98
track:532, 869, 635, 138, 98
track:533, 870, 637, 138, 98
track:534, 871, 637, 138, 98
track:535, 870, 638, 138, 98
track:536, 870, 641, 138, 98
track:537, 871, 641, 138, 98
track:538, 874, 644, 131, 93
track:539, 877, 648, 125, 89
track:540, 877, 648, 125, 89
track:543, 875, 649, 125, 89
track:544, 874, 649, 125, 89
track:546, 875, 655, 119, 85
track:547, 876, 656, 119, 85
track:548, 874, 659, 119, 85
track:549, 873, 661, 119, 85
track:550, 873, 663, 119, 85
track:551, 871, 664, 119, 85
track:552, 870, 664, 119, 85
track:553, 871, 664, 119, 85
track:554, 869, 663, 119, 85
track:555, 869, 664, 119, 85
track:556, 869, 665, 119, 85
track:557, 869, 665, 119, 85
track:558, 869, 670, 119, 85
track:559, 871, 674, 114, 81
track:560, 870, 677, 114, 81
track:561, 870, 681, 114, 81
track:562, 871, 681, 114, 81
track:563, 871, 684, 114, 81
track:564, 874, 686, 108, 77
track:565, 873, 688, 108, 77
track:566, 875, 691, 103, 73
track:567, 876, 691, 103, 73
track:568, 877, 693, 103, 73
track:569, 877, 695, 103, 73
track:570, 876, 697, 103, 73
track:571, 876, 700, 103, 73
track:572, 877, 700, 103, 73
init :573, 872, 700, 106, 83
track:574, 873, 701, 106, 83
track:575, 873, 701, 106, 83
track:576, 872, 699, 106, 83
track:577, 873, 699, 106, 83
track:578, 871, 695, 111, 87
track:579, 871, 692, 111, 87
track:580, 872, 692, 111, 87
track:581, 873, 693, 111, 87
track:582, 872, 692, 111, 87
track:583, 871, 695, 111, 87
track:584, 872, 696, 111, 87
track:585, 870, 696, 111, 87
track:586, 871, 696, 111, 87
track:587, 871, 697, 111, 87
track:588, 872, 697, 111, 87
track:589, 872, 696, 111, 87
track:590, 871, 696, 111, 87
track:591, 869, 696, 111, 87
track:592, 866, 695, 117, 92
track:593, 866, 693, 117, 92
track:594, 866, 691, 117, 92
track:595, 866, 683, 117, 92
track:596, 865, 681, 117, 92
track:597, 865, 680, 117, 92
track:598, 865, 676, 117, 92
track:599, 861, 669, 123, 96
track:600, 859, 663, 129, 101
track:601, 859, 662, 129, 101
track:602, 859, 662, 129, 101
track:603, 859, 661, 129, 101
track:604, 858, 658, 129, 101
track:605, 858, 654, 129, 101
track:606, 857, 653, 129, 101
track:607, 857, 653, 129, 101
track:608, 858, 652, 129, 101
track:609, 858, 652, 129, 101
track:610, 858, 654, 129, 101
track:611, 859, 658, 129, 101
track:612, 858, 658, 129, 101
track:613, 855, 658, 135, 106
track:614, 855, 660, 135, 106
track:615, 855, 663, 135, 106
track:616, 855, 665, 135, 106
init :617, 863, 667, 129, 103
track:618, 860, 663, 135, 108
track:619, 859, 662, 135, 108
track:620, 861, 661, 135, 108
track:621, 862, 661, 135, 108
track:622, 862, 661, 135, 108
track:623, 861, 660, 135, 108
track:624, 860, 658, 135, 108
track:625, 861, 658, 135, 108
track:626, 862, 659, 135, 108
track:627, 862, 660, 135, 108
track:628, 863, 660, 135, 108
track:629, 862, 660, 135, 108
track:630, 862, 657, 135, 108
track:631, 862, 656, 135, 108
track:632, 862, 656, 135, 108
track:633, 864, 659, 135, 108
track:634, 861, 660, 142, 114
track:635, 861, 663, 142, 114
track:636, 862, 664, 142, 114
track:637, 863, 664, 142, 114
track:638, 864, 665, 142, 114
track:639, 866, 666, 142, 114
track:640, 866, 665, 142, 114
track:641, 866, 663, 142, 114
track:642, 866, 663, 142, 114
track:643, 866, 661, 142, 114
track:644, 866, 660, 142, 114
track:645, 866, 650, 142, 114
track:646, 866, 649, 142, 114
track:647, 866, 649, 142, 114
track:648, 866, 648, 142, 114
track:649, 867, 649, 142, 114
track:650, 868, 649, 142, 114
track:651, 870, 648, 142, 114
track:652, 870, 649, 142, 114
track:653, 872, 648, 142, 114
track:654, 872, 649, 142, 114
track:655, 873, 652, 142, 114
track:656, 874, 655, 142, 114
track:657, 873, 656, 142, 114
track:658, 875, 659, 142, 114
track:659, 876, 658, 142, 114
track:660, 877, 657, 142, 114
init :661, 876, 662, 143, 111
track:662, 876, 662, 143, 111
track:663, 877, 662, 143, 111
track:664, 878, 660, 143, 111
track:665, 880, 659, 143, 111
track:666, 880, 657, 143, 111
track:667, 875, 654, 150, 117
track:668, 876, 652, 150, 117
track:669, 877, 652, 150, 117
track:670, 877, 652, 150, 117
track:671, 875, 652, 150, 117
track:672, 874, 653, 150, 117
track:673, 872, 653, 150, 117
track:674, 870, 651, 150, 117
track:675, 871, 650, 150, 117
track:676, 870, 650, 150, 117
track:677, 873, 651, 143, 111
track:678, 871, 654, 143, 111
track:679, 871, 664, 143, 111
track:680, 872, 671, 143, 111
track:681, 872, 673, 143, 111
track:682, 872, 673, 143, 111
track:683, 870, 671, 143, 111
track:684, 868, 671, 143, 111
track:685, 868, 673, 143, 111
track:686, 869, 676, 143, 111
track:687, 868, 677, 143, 111
track:688, 864, 674, 150, 117
track:689, 863, 672, 150, 117
track:690, 862, 670, 150, 117
track:691, 861, 668, 150, 117
track:692, 861, 668, 150, 117
track:693, 861, 668, 150, 117
track:694, 861, 667, 150, 117
track:695, 862, 666, 150, 117
track:696, 860, 664, 150, 117
track:697, 860, 664, 150, 117
track:698, 858, 662, 150, 117
track:699, 855, 664, 150, 117
track:700, 855, 665, 150, 117
track:701, 855, 666, 150, 117
track:702, 856, 666, 150, 117
track:703, 856, 669, 150, 117
track:704, 854, 676, 150, 117
init :705, 853, 677, 147, 124
track:706, 853, 678, 147, 124
track:707, 853, 678, 147, 124
track:708, 851, 680, 147, 124
track:709, 852, 680, 147, 124
track:710, 852, 679, 147, 124
track:711, 852, 678, 147, 124
track:712, 852, 676, 147, 124
track:713, 852, 675, 147, 124
track:714, 851, 674, 147, 124
track:715, 851, 676, 147, 124
track:716, 851, 676, 147, 124
track:717, 851, 677, 147, 124
track:718, 852, 678, 147, 124
track:719, 849, 675, 154, 130
track:720, 849, 675, 154, 130
track:721, 850, 675, 154, 130
track:722, 850, 675, 154, 130
track:723, 851, 674, 154, 130
track:724, 850, 671, 154, 130
track:725, 848, 666, 162, 137
track:726, 848, 665, 162, 137
track:727, 849, 664, 162, 137
track:728, 849, 661, 162, 137
track:729, 848, 656, 162, 137
track:730, 850, 653, 162, 137
track:731, 850, 653, 162, 137
track:732, 850, 652, 162, 137
track:733, 850, 651, 162, 137
track:734, 850, 648, 162, 137
track:735, 851, 643, 162, 137
track:736, 850, 643, 162, 137
track:737, 852, 640, 162, 137
track:738, 850, 640, 162, 137
track:739, 850, 640, 162, 137
track:740, 852, 641, 162, 137
track:741, 853, 642, 162, 137
track:742, 852, 642, 162, 137
track:743, 846, 639, 170, 144
track:744, 846, 639, 170, 144
track:745, 848, 638, 170, 144
track:746, 852, 640, 162, 137
track:747, 852, 638, 162, 137
track:748, 851, 630, 162, 137
init :749, 849, 628, 166, 114
track:750, 848, 629, 166, 114
track:751, 848, 629, 166, 114
track:752, 847, 631, 166, 114
track:753, 849, 632, 166, 114
track:754, 850, 633, 166, 114
track:755, 852, 633, 166, 114
track:756, 852, 633, 166, 114
track:757, 852, 633, 166, 114
track:758, 852, 630, 166, 114
track:759, 852, 631, 166, 114
track:760, 852, 635, 166, 114
track:761, 852, 636, 166, 114
track:762, 855, 637, 166, 114
track:763, 858, 636, 166, 114
track:764, 860, 636, 166, 114
track:765, 858, 637, 166, 114
track:766, 857, 637, 166, 114
track:767, 855, 638, 166, 114
track:768, 856, 640, 166, 114
track:769, 856, 641, 166, 114
track:770, 864, 651, 158, 109
track:771, 865, 652, 158, 109
track:772, 866, 653, 158, 109
track:773, 866, 651, 158, 109
track:774, 866, 651, 158, 109
track:775, 868, 651, 158, 109
track:776, 868, 651, 158, 109
track:777, 869, 650, 158, 109
track:778, 870, 649, 158, 109
track:779, 870, 649, 158, 109
track:780, 874, 652, 151, 103
track:781, 873, 652, 151, 103
track:782, 873, 652, 151, 103
track:783, 879, 654, 143, 98
track:784, 878, 653, 143, 98
track:785, 877, 653, 143, 98
track:786, 878, 653, 143, 98
track:787, 876, 654, 143, 98
track:788, 876, 655, 143, 98
track:789, 875, 656, 143, 98
track:790, 874, 655, 143, 98
track:791, 874, 654, 143, 98
track:792, 874, 653, 143, 98
init :793, 876, 654, 133, 93
track:794, 876, 655, 133, 93
track:795, 876, 658, 133, 93
track:796, 876, 659, 133, 93
track:797, 877, 659, 133, 93
track:798, 876, 659, 133, 93
track:799, 876, 660, 133, 93
track:800, 876, 661, 133, 93
track:801, 876, 661, 133, 93
track:802, 875, 662, 133, 93
track:803, 875, 663, 133, 93
track:804, 876, 663, 133, 93
track:805, 874, 663, 133, 93
track:806, 874, 664, 133, 93
track:807, 873, 663, 133, 93
track:808, 873, 664, 133, 93
track:809, 873, 665, 133, 93
track:810, 874, 667, 133, 93
track:811, 874, 668, 133, 93
track:812, 873, 669, 133, 93
track:813, 871, 670, 133, 93
track:814, 869, 670, 133, 93
track:815, 869, 670, 133, 93
track:816, 868, 670, 133, 93
track:817, 869, 672, 133, 93
track:818, 868, 678, 133, 93
track:819, 864, 678, 140, 98
track:820, 862, 689, 140, 98
track:821, 861, 689, 140, 98
track:822, 861, 690, 140, 98
track:823, 858, 687, 147, 103
track:824, 858, 686, 147, 103
track:825, 856, 686, 147, 103
track:826, 857, 687, 147, 103
track:827, 856, 691, 147, 103
track:828, 856, 696, 147, 103
track:829, 857, 698, 147, 103
track:830, 859, 699, 147, 103
track:831, 859, 699, 147, 103
track:832, 856, 697, 154, 108
track:833, 854, 694, 162, 113
track:834, 856, 687, 162, 113
track:835, 857, 680, 162, 113
track:836, 857, 679, 162, 113
init :837, 853, 664, 166, 142
track:838, 852, 663, 166, 142
track:839, 850, 659, 166, 142
track:840, 849, 654, 166, 142
track:841, 849, 653, 166, 142
track:842, 843, 650, 174, 149
track:843, 841, 645, 174, 149
track:844, 836, 639, 183, 157
track:845, 829, 625, 183, 157
track:846, 828, 625, 183, 157
track:847, 828, 615, 183, 157
track:848, 827, 612, 183, 157
track:849, 826, 610, 183, 157
track:850, 826, 609, 183, 157
track:851, 825, 608, 183, 157
track:852, 829, 604, 183, 157
track:853, 834, 600, 183, 157
track:854, 835, 602, 183, 157
track:855, 835, 605, 183, 157
track:856, 836, 606, 183, 157
track:857, 834, 607, 183, 157
track:858, 836, 605, 183, 157
track:859, 838, 600, 183, 157
track:860, 837, 597, 183, 157
track:861, 838, 597, 183, 157
track:862, 836, 600, 183, 157
track:863, 837, 604, 183, 157
track:864, 838, 611, 183, 157
track:865, 839, 617, 183, 157
track:866, 839, 617, 183, 157
track:867, 843, 626, 174, 149
track:868, 843, 627, 174, 149
track:869, 845, 628, 174, 149
track:870, 846, 633, 174, 149
track:871, 846, 633, 174, 149
track:872, 847, 634, 174, 149
track:873, 846, 634, 174, 149
track:874, 847, 633, 174, 149
track:875, 849, 634, 174, 149
track:876, 847, 634, 174, 149
track:877, 849, 634, 174, 149
track:878, 850, 635, 174, 149
track:879, 856, 637, 166, 142
track:880, 856, 637, 166, 142
init :881, 863, 643, 147, 124
track:882, 863, 643, 147, 124
track:883, 865, 642, 147, 124
track:884, 867, 642, 147, 124
track:885, 869, 642, 147, 124
track:886, 869, 642, 147, 124
track:887, 870, 644, 147, 124
track:888, 870, 644, 147, 124
track:889, 875, 645, 140, 118
track:890, 877, 643, 140, 118
track:891, 877, 643, 140, 118
track:892, 882, 645, 133, 112
track:893, 883, 643, 133, 112
track:894, 883, 643, 133, 112
track:895, 884, 644, 133, 112
track:896, 887, 647, 127, 107
track:897, 888, 645, 127, 107
track:898, 885, 645, 127, 107
track:899, 884, 645, 127, 107
track:900, 882, 647, 127, 107
track:901, 883, 647, 127, 107
track:902, 881, 649, 127, 107
track:903, 883, 652, 121, 102
track:904, 887, 653, 115, 97
track:905, 887, 653, 115, 97
track:906, 888, 654, 115, 97
track:907, 912, 636, 115, 97
track:908, 918, 637, 115, 97
track:909, 920, 648, 115, 97
track:910, 919, 653, 115, 97
track:911, 920, 656, 115, 97
track:912, 921, 658, 115, 97
track:913, 922, 662, 115, 97
track:914, 918, 661, 121, 102
track:915, 920, 666, 121, 102
track:916, 920, 667, 121, 102
track:917, 923, 670, 115, 97
track:918, 924, 672, 115, 97
track:919, 925, 673, 115, 97
track:920, 922, 673, 115, 97
track:921, 921, 673, 115, 97
track:922, 918, 673, 115, 97
track:923, 912, 671, 115, 97
track:924, 905, 671, 115, 97
init :925, 780, 581, 300, 254
track:926, 780, 581, 300, 254
track:927, 779, 582, 300, 254
track:928, 773, 582, 300, 254
track:929, 770, 581, 300, 254
track:930, 767, 578, 300, 254
track:931, 765, 580, 300, 254
track:932, 765, 577, 300, 254
track:933, 763, 575, 300, 254
track:934, 764, 573, 300, 254
track:935, 764, 571, 300, 254
track:936, 764, 571, 300, 254
track:937, 763, 568, 300, 254
track:938, 765, 566, 300, 254
track:939, 765, 562, 300, 254
track:940, 770, 570, 286, 242
track:941, 771, 569, 286, 242
track:942, 771, 566, 286, 242
track:943, 767, 566, 286, 242
track:944, 765, 566, 286, 242
track:945, 767, 566, 286, 242
track:946, 773, 571, 272, 230
track:947, 769, 572, 272, 230
track:948, 765, 573, 272, 230
track:949, 763, 575, 272, 230
track:950, 758, 577, 272, 230
track:951, 758, 578, 272, 230
track:952, 754, 578, 272, 230
track:953, 751, 579, 272, 230
track:954, 752, 581, 272, 230
track:955, 749, 581, 272, 230
track:956, 748, 581, 272, 230
track:957, 748, 584, 272, 230
track:958, 745, 584, 272, 230
track:959, 743, 585, 272, 230
track:960, 745, 584, 272, 230
track:961, 745, 585, 272, 230
track:962, 743, 587, 272, 230
track:963, 737, 589, 272, 230
track:964, 734, 589, 272, 230
track:965, 736, 589, 272, 230
track:966, 731, 591, 272, 230
track:967, 726, 590, 272, 230
track:968, 723, 591, 272, 230
init :969, 715, 584, 429, 244
track:970, 715, 584, 429, 244
track:971, 713, 585, 429, 244
track:972, 710, 586, 429, 244
track:973, 709, 588, 429, 244
track:974, 702, 587, 429, 244
track:975, 703, 587, 429, 244
track:976, 699, 589, 429, 244
track:977, 697, 589, 429, 244
track:978, 697, 589, 429, 244
track:979, 698, 591, 429, 244
track:980, 684, 583, 450, 256
track:981, 675, 575, 473, 269
track:982, 675, 577, 473, 269
track:983, 675, 578, 473, 269
track:984, 682, 582, 473, 269
track:985, 678, 579, 473, 269
track:986, 682, 581, 473, 269
track:987, 683, 580, 473, 269
track:988, 684, 579, 473, 269
track:989, 687, 579, 473, 269
track:990, 689, 577, 473, 269
track:991, 692, 581, 473, 269
track:992, 701, 587, 450, 256
track:993, 701, 585, 450, 256
track:994, 706, 588, 429, 244
track:995, 704, 591, 429, 244
track:996, 708, 594, 409, 232
track:997, 712, 592, 409, 232
track:998, 720, 594, 389, 221
track:999, 724, 594, 389, 221
track:1000, 725, 592, 389, 221
track:1001, 728, 589, 389, 221
track:1002, 732, 587, 389, 221
track:1003, 742, 586, 389, 221
track:1004, 747, 580, 389, 221
track:1005, 747, 578, 389, 221
track:1006, 748, 576, 389, 221
track:1007, 752, 573, 389, 221
track:1008, 752, 569, 389, 221
track:1009, 749, 568, 389, 221
track:1010, 746, 568, 389, 221
track:1011, 744, 568, 389, 221
track:1012, 753, 570, 371, 211
init :1013, 766, 576, 470, 189
track:1014, 776, 581, 448, 180
track:1015, 776, 581, 448, 180
track:1016, 772, 580, 448, 180
track:1017, 767, 580, 448, 180
track:1018, 766, 581, 448, 180
track:1019, 761, 580, 448, 180
track:1020, 760, 579, 448, 180
track:1021, 758, 580, 448, 180
track:1022, 758, 580, 448, 180
track:1023, 755, 581, 448, 180
track:1024, 750, 580, 448, 180
track:1025, 748, 579, 448, 180
track:1026, 747, 578, 448, 180
track:1027, 747, 579, 448, 180
track:1028, 754, 582, 426, 171
track:1029, 752, 583, 426, 171
track:1030, 750, 584, 426, 171
track:1031, 753, 589, 406, 163
track:1032, 746, 591, 406, 163
track:1033, 742, 592, 406, 163
track:1034, 739, 593, 406, 163
track:1035, 737, 595, 406, 163
track:1036, 727, 594, 426, 171
track:1037, 723, 596, 426, 171
track:1038, 721, 600, 426, 171
track:1039, 720, 603, 426, 171
track:1040, 711, 598, 448, 180
track:1041, 719, 605, 426, 171
track:1042, 718, 606, 426, 171
track:1043, 717, 607, 426, 171
track:1044, 729, 613, 406, 163
track:1045, 718, 610, 426, 171
track:1046, 719, 613, 426, 171
track:1047, 732, 618, 406, 163
track:1048, 736, 616, 406, 163
track:1049, 741, 614, 406, 163
track:1050, 732, 611, 426, 171
track:1051, 743, 609, 426, 171
track:1052, 744, 609, 426, 171
track:1053, 751, 606, 426, 171
track:1054, 757, 608, 426, 171
track:1055, 762, 606, 426, 171
track:1056, 766, 607, 426, 171
init :1057, 789, 610, 452, 145
track:1058, 789, 610, 452, 145
track:1059, 790, 611, 452, 145
track:1060, 791, 611, 452, 145
track:1061, 791, 611, 452, 145
track:1062, 790, 612, 452, 145
track:1063, 788, 613, 452, 145
track:1064, 784, 614, 452, 145
track:1065, 784, 614, 452, 145
track:1066, 777, 613, 452, 145
track:1067, 770, 613, 452, 145
track:1068, 752, 610, 475, 152
track:1069, 753, 613, 452, 145
track:1070, 750, 613, 452, 145
track:1071, 731, 609, 475, 152
track:1072, 718, 608, 475, 152
track:1073, 702, 609, 475, 152
track:1074, 702, 611, 452, 145
track:1075, 699, 611, 452, 145
track:1076, 691, 611, 452, 145
track:1077, 684, 611, 452, 145
track:1078, 666, 611, 452, 145
track:1079, 650, 609, 475, 152
track:1080, 657, 613, 452, 145
track:1081, 647, 612, 452, 145
track:1082, 644, 613, 452, 145
track:1083, 636, 613, 452, 145
track:1084, 636, 615, 452, 145
track:1085, 635, 615, 452, 145
track:1086, 637, 614, 452, 145
track:1087, 637, 613, 452, 145
track:1088, 633, 613, 452, 145
track:1089, 631, 614, 452, 145
track:1090, 631, 614, 452, 145
track:1091, 631, 617, 452, 145
track:1092, 632, 617, 452, 145
track:1093, 629, 615, 475, 152
track:1094, 632, 616, 475, 152
track:1095, 617, 615, 498, 160
track:1096, 601, 612, 523, 168
track:1097, 615, 616, 498, 160
track:1098, 616, 617, 498, 160
track:1099, 618, 615, 498, 160
track:1100, 619, 614, 498, 160
init :1101, 692, 625, 461, 163
track:1102, 692, 624, 461, 163
track:1103, 693, 625, 461, 163
track:1104, 687, 625, 461, 163
track:1105, 701, 629, 439, 155
track:1106, 702, 628, 439, 155
track:1107, 700, 628, 439, 155
track:1108, 699, 629, 439, 155
track:1109, 697, 630, 439, 155
track:1110, 693, 630, 439, 155
track:1111, 689, 633, 439, 155
track:1112, 688, 633, 439, 155
track:1113, 686, 634, 439, 155
track:1114, 684, 637, 439, 155
track:1115, 686, 637, 439, 155
track:1116, 686, 639, 439, 155
track:1117, 684, 638, 439, 155
track:1118, 665, 635, 461, 163
track:1119, 666, 641, 439, 155
track:1120, 673, 640, 439, 155
track:1121, 668, 640, 439, 155
track:1122, 664, 641, 439, 155
track:1123, 660, 640, 439, 155
track:1124, 677, 646, 418, 148
track:1125, 680, 647, 418, 148
track:1126, 694, 649, 418, 148
track:1127, 685, 649, 418, 148
track:1128, 684, 648, 418, 148
track:1129, 688, 648, 418, 148
track:1130, 694, 645, 418, 148
track:1131, 692, 646, 418, 148
track:1132, 766, 650, 418, 148
track:1133, 799, 652, 418, 148
track:1134, 789, 652, 418, 148
track:1135, 788, 651, 418, 148
track:1136, 799, 650, 418, 148
track:1137, 794, 653, 418, 148
track:1138, 792, 652, 439, 155
track:1139, 781, 652, 461, 163
track:1140, 788, 653, 461, 163
track:1141, 777, 655, 461, 163
track:1142, 780, 664, 439, 155
track:1143, 780, 667, 439, 155
track:1144, 777, 670, 439, 155
init :1145, 821, 630, 203, 184
track:1146, 815, 630, 203, 184
track:1147, 808, 631, 203, 184
track:1148, 798, 631, 203, 184
track:1149, 790, 632, 203, 184
track:1150, 789, 632, 203, 184
track:1151, 785, 632, 203, 184
track:1152, 783, 633, 203, 184
track:1153, 781, 633, 203, 184
track:1154, 778, 633, 203, 184
track:1155, 782, 633, 203, 184
track:1156, 787, 636, 203, 184
track:1157, 793, 644, 193, 175
track:1158, 786, 642, 193, 175
track:1159, 796, 642, 193, 175
track:1160, 797, 641, 193, 175
track:1161, 791, 636, 203, 184
track:1162, 796, 637, 203, 184
track:1163, 798, 638, 203, 184
track:1164, 802, 643, 193, 175
track:1165, 797, 644, 193, 175
track:1166, 805, 644, 193, 175
track:1167, 791, 640, 203, 184
track:1168, 782, 640, 203, 184
track:1169, 777, 641, 203, 184
track:1170, 778, 640, 203, 184
track:1171, 778, 638, 203, 184
track:1172, 776, 637, 203, 184
track:1173, 764, 637, 203, 184
track:1174, 768, 635, 203, 184
track:1175, 767, 634, 203, 184
track:1176, 760, 641, 193, 175
track:1177, 770, 644, 184, 167
track:1178, 766, 643, 184, 167
track:1179, 769, 642, 184, 167
track:1180, 768, 641, 184, 167
track:1181, 770, 643, 175, 159
track:1182, 771, 641, 175, 159
track:1183, 778, 639, 175, 159
track:1184, 773, 637, 175, 159
track:1185, 776, 636, 175, 159
track:1186, 777, 634, 175, 159
track:1187, 788, 637, 167, 151
track:1188, 783, 636, 167, 151
init :1189, 789, 633, 387, 132
track:1190, 789, 633, 387, 132
track:1191, 789, 633, 387, 132
track:1192, 786, 632, 387, 132
track:1193, 785, 629, 387, 132
track:1194, 785, 627, 387, 132
track:1195, 785, 625, 387, 132
track:1196, 789, 627, 369, 126
track:1197, 778, 623, 387, 132
track:1198, 775, 621, 387, 132
track:1199, 771, 621, 387, 132
track:1200, 782, 622, 369, 126
track:1201, 784, 621, 369, 126
track:1202, 787, 619, 369, 126
track:1203, 787, 620, 369, 126
track:1204, 791, 620, 369, 126
track:1205, 802, 623, 351, 120
track:1206, 808, 624, 351, 120
track:1207, 811, 625, 351, 120
track:1208, 814, 625, 351, 120
track:1209, 815, 624, 351, 120
track:1210, 818, 624, 351, 120
track:1211, 825, 625, 351, 120
track:1212, 837, 629, 334, 114
track:1213, 845, 634, 318, 109
track:1214, 840, 630, 334, 114
track:1215, 843, 632, 334, 114
track:1216, 838, 630, 351, 120
track:1217, 848, 632, 334, 114
track:1218, 846, 635, 318, 109
track:1219, 846, 635, 318, 109
track:1220, 850, 636, 318, 109
track:1221, 860, 640, 303, 103
track:1222, 862, 641, 303, 103
track:1223, 866, 641, 303, 103
track:1224, 862, 642, 303, 103
track:1225, 858, 639, 318, 109
track:1226, 857, 641, 318, 109
track:1227, 850, 639, 318, 109
track:1228, 859, 641, 303, 103
track:1229, 860, 638, 303, 103
track:1230, 858, 641, 303, 103
track:1231, 863, 644, 303, 103
track:1232, 855, 642, 318, 109
init :1233, 913, 662, 253, 98
track:1234, 913, 662, 253, 98
track:1235, 912, 662, 253, 98
track:1236, 915, 665, 241, 93
track:1237, 911, 665, 241, 93
track:1238, 913, 667, 229, 89
track:1239, 912, 667, 229, 89
track:1240, 919, 668, 219, 85
track:1241, 918, 668, 219, 85
track:1242, 914, 668, 219, 85
track:1243, 913, 669, 219, 85
track:1244, 918, 668, 219, 85
track:1245, 912, 669, 219, 85
track:1246, 917, 671, 208, 81
track:1247, 911, 674, 208, 81
track:1248, 910, 675, 208, 81
track:1249, 916, 678, 198, 77
track:1250, 907, 679, 198, 77
track:1251, 900, 677, 208, 81
track:1252, 874, 669, 219, 85
track:1253, 865, 667, 219, 85
track:1254, 856, 664, 229, 89
track:1255, 848, 660, 241, 93
track:1256, 841, 658, 241, 93
track:1257, 836, 659, 241, 93
track:1258, 821, 654, 253, 98
track:1259, 819, 650, 253, 98
track:1260, 823, 648, 241, 93
track:1261, 787, 648, 241, 93
track:1262, 789, 646, 241, 93
track:1263, 802, 648, 241, 93
track:1264, 806, 646, 241, 93
track:1265, 807, 646, 241, 93
track:1266, 815, 642, 253, 98
track:1267, 822, 644, 241, 93
track:1268, 824, 650, 229, 89
track:1269, 816, 646, 241, 93
track:1270, 814, 648, 241, 93
track:1271, 804, 648, 241, 93
track:1272, 797, 646, 253, 98
track:1273, 802, 648, 241, 93
track:1274, 802, 650, 241, 93
track:1275, 794, 649, 253, 98
track:1276, 797, 652, 241, 93
init :1277, 918, 656, 124, 75
track:1278, 910, 657, 124, 75
track:1279, 911, 658, 124, 75
track:1280, 905, 657, 124, 75
track:1281, 898, 658, 124, 75
track:1282, 890, 660, 124, 75
track:1283, 886, 657, 130, 79
track:1284, 885, 657, 130, 79
track:1285, 877, 660, 124, 75
track:1286, 872, 657, 130, 79
track:1287, 871, 656, 130, 79
track:1288, 869, 656, 130, 79
track:1289, 869, 656, 130, 79
track:1290, 869, 655, 130, 79
track:1291, 866, 654, 130, 79
track:1292, 866, 655, 130, 79
track:1293, 862, 655, 130, 79
track:1294, 862, 658, 124, 75
track:1295, 865, 659, 118, 71
track:1296, 864, 660, 112, 68
track:1297, 864, 659, 112, 68
track:1298, 863, 659, 112, 68
track:1299, 863, 659, 112, 68
track:1300, 863, 660, 112, 68
track:1301, 860, 661, 112, 68
track:1302, 859, 661, 112, 68
track:1303, 860, 661, 112, 68
track:1304, 860, 661, 112, 68
track:1305, 861, 662, 107, 65
track:1306, 861, 663, 107, 65
track:1307, 862, 664, 107, 65
track:1308, 861, 664, 107, 65
track:1309, 862, 665, 107, 65
track:1310, 865, 667, 102, 62
track:1311, 868, 669, 97, 59
track:1312, 867, 668, 97, 59
track:1313, 867, 669, 97, 59
track:1314, 868, 670, 93, 56
track:1315, 868, 671, 93, 56
track:1316, 866, 671, 93, 56
track:1317, 865, 671, 93, 56
track:1318, 863, 673, 88, 53
track:1319, 863, 673, 88, 53
track:1320, 862, 673, 88, 53
init :1321, 858, 672, 166, 54
track:1322, 859, 672, 166, 54
track:1323, 864, 674, 166, 54
track:1324, 867, 675, 158, 51
track:1325, 867, 676, 158, 51
track:1326, 868, 676, 158, 51
track:1327, 867, 676, 166, 54
track:1328, 872, 678, 158, 51
track:1329, 872, 679, 158, 51
track:1330, 871, 679, 158, 51
track:1331, 871, 679, 158, 51
track:1332, 867, 679, 158, 51
track:1333, 863, 679, 158, 51
track:1334, 862, 679, 158, 51
track:1335, 858, 679, 158, 51
track:1336, 854, 679, 158, 51
track:1337, 850, 679, 158, 51
track:1338, 848, 678, 158, 51
track:1339, 847, 678, 158, 51
track:1340, 847, 679, 158, 51
track:1341, 847, 679, 158, 51
track:1342, 846, 679, 158, 51
track:1343, 843, 679, 166, 54
track:1344, 843, 679, 166, 54
track:1345, 843, 680, 166, 54
track:1346, 839, 679, 174, 57
track:1347, 840, 680, 174, 57
track:1348, 838, 680, 174, 57
track:1349, 837, 680, 174, 57
track:1350, 837, 680, 174, 57
track:1351, 834, 680, 174, 57
track:1352, 834, 681, 174, 57
track:1353, 838, 682, 166, 54
track:1354, 833, 681, 174, 57
track:1355, 830, 681, 183, 60
track:1356, 831, 681, 183, 60
track:1357, 835, 682, 174, 57
track:1358, 838, 684, 166, 54
track:1359, 838, 684, 166, 54
track:1360, 837, 684, 166, 54
track:1361, 840, 685, 158, 51
track:1362, 840, 686, 158, 51
track:1363, 840, 686, 158, 51
track:1364, 836, 686, 166, 54
init :1365, 849, 687, 180, 51
track:1366, 850, 687, 180, 51
track:1367, 849, 688, 180, 51
track:1368, 849, 688, 180, 51
track:1369, 850, 688, 180, 51
track:1370, 843, 688, 189, 54
track:1371, 840, 689, 189, 54
track:1372, 834, 688, 198, 56
track:1373, 833, 689, 198, 56
track:1374, 835, 691, 189, 54
track:1375, 839, 692, 180, 51
track:1376, 838, 691, 180, 51
track:1377, 831, 691, 189, 54
track:1378, 825, 691, 189, 54
track:1379, 825, 692, 189, 54
track:1380, 822, 692, 189, 54
track:1381, 822, 693, 189, 54
track:1382, 818, 695, 189, 54
track:1383, 815, 696, 189, 54
track:1384, 812, 697, 189, 54
track:1385, 805, 696, 198, 56
track:1386, 806, 697, 198, 56
track:1387, 814, 698, 189, 54
track:1388, 810, 699, 198, 56
track:1389, 811, 700, 198, 56
track:1390, 813, 700, 198, 56
track:1391, 818, 701, 198, 56
track:1392, 825, 702, 198, 56
track:1393, 823, 702, 208, 59
track:1394, 822, 703, 208, 59
track:1395, 824, 703, 208, 59
track:1396, 831, 704, 198, 56
track:1397, 833, 705, 198, 56
track:1398, 833, 707, 198, 56
track:1399, 833, 708, 198, 56
track:1400, 828, 708, 198, 56
track:1401, 824, 708, 198, 56
track:1402, 813, 708, 208, 59
track:1403, 809, 709, 208, 59
track:1404, 808, 709, 208, 59
track:1405, 803, 710, 208, 59
track:1406, 802, 710, 208, 59
track:1407, 796, 711, 208, 59
track:1408, 794, 711, 208, 59
init :1409, 793, 713, 230, 67
track:1410, 792, 713, 230, 67
track:1411, 791, 713, 230, 67
track:1412, 793, 715, 230, 67
track:1413, 791, 715, 230, 67
track:1414, 791, 715, 230, 67
track:1415, 794, 716, 230, 67
track:1416, 794, 716, 230, 67
track:1417, 793, 717, 230, 67
track:1418, 792, 719, 230, 67
track:1419, 788, 717, 241, 70
track:1420, 791, 719, 230, 67
track:1421, 789, 720, 230, 67
track:1422, 788, 721, 230, 67
track:1423, 783, 720, 241, 70
track:1424, 784, 721, 241, 70
track:1425, 787, 721, 241, 70
track:1426, 786, 723, 241, 70
track:1427, 786, 723, 241, 70
track:1428, 788, 724, 241, 70
track:1429, 787, 724, 241, 70
track:1430, 786, 725, 241, 70
track:1431, 783, 725, 241, 70
track:1432, 782, 725, 241, 70
track:1433, 781, 725, 241, 70
track:1434, 781, 725, 241, 70
track:1435, 772, 726, 254, 74
track:1436, 770, 726, 254, 74
track:1437, 771, 726, 254, 74
track:1438, 763, 726, 266, 78
track:1439, 762, 728, 266, 78
track:1440, 769, 730, 254, 74
track:1441, 765, 731, 254, 74
track:1442, 755, 730, 266, 78
track:1443, 755, 731, 266, 78
track:1444, 752, 730, 266, 78
track:1445, 744, 731, 266, 78
track:1446, 739, 730, 280, 81
track:1447, 729, 728, 294, 86
track:1448, 728, 728, 294, 86
track:1449, 728, 728, 294, 86
track:1450, 729, 727, 294, 86
track:1451, 732, 727, 294, 86
track:1452, 734, 726, 294, 86
init :1453, 784, 711, 230, 135
track:1454, 784, 711, 230, 135
track:1455, 787, 710, 230, 135
track:1456, 792, 710, 230, 135
track:1457, 796, 708, 230, 135
track:1458, 800, 708, 230, 135
track:1459, 802, 709, 230, 135
track:1460, 805, 710, 230, 135
track:1461, 808, 710, 230, 135
track:1462, 816, 713, 219, 129
track:1463, 815, 714, 219, 129
track:1464, 816, 713, 219, 129
track:1465, 819, 714, 219, 129
track:1466, 818, 716, 219, 129
track:1467, 825, 719, 219, 129
track:1468, 819, 716, 230, 135
track:1469, 811, 716, 230, 135
track:1470, 803, 714, 230, 135
track:1471, 825, 723, 219, 129
track:1472, 815, 721, 219, 129
track:1473, 807, 721, 219, 129
track:1474, 800, 717, 219, 129
track:1475, 800, 712, 219, 129
track:1476, 798, 710, 219, 129
track:1477, 797, 708, 219, 129
track:1478, 792, 712, 219, 129
track:1479, 789, 705, 219, 129
track:1480, 801, 705, 209, 122
track:1481, 809, 703, 209, 122
track:1482, 797, 700, 209, 122
track:1483, 814, 703, 199, 117
track:1484, 820, 704, 199, 117
track:1485, 808, 706, 199, 117
track:1486, 812, 707, 199, 117
track:1487, 812, 701, 199, 117
track:1488, 815, 702, 199, 117
track:1489, 812, 698, 209, 122
track:1490, 812, 696, 209, 122
track:1491, 821, 693, 209, 122
track:1492, 810, 691, 209, 122
track:1493, 822, 694, 199, 117
track:1494, 821, 693, 189, 111
track:1495, 811, 690, 189, 111
track:1496, 810, 684, 189, 111
init :1497, 849, 646, 300, 140
track:1498, 849, 646, 300, 140
track:1499, 846, 644, 300, 140
track:1500, 842, 641, 300, 140
track:1501, 834, 638, 300, 140
track:1502, 829, 636, 300, 140
track:1503, 830, 635, 300, 140
track:1504, 827, 633, 300, 140
track:1505, 826, 629, 300, 140
track:1506, 827, 625, 300, 140
track:1507, 821, 622, 300, 140
track:1508, 823, 622, 300, 140
track:1509, 822, 623, 300, 140
track:1510, 817, 618, 300, 140
track:1511, 823, 615, 300, 140
track:1512, 817, 615, 300, 140
track:1513, 817, 614, 300, 140
track:1514, 797, 611, 300, 140
track:1515, 778, 613, 286, 133
track:1516, 760, 610, 286, 133
track:1517, 728, 613, 286, 133
track:1518, 731, 614, 286, 133
track:1519, 711, 615, 286, 133
track:1520, 698, 617, 272, 127
track:1521, 680, 620, 272, 127
track:1522, 650, 615, 286, 133
track:1523, 656, 614, 286, 133
track:1524, 635, 617, 286, 133
track:1525, 649, 619, 272, 127
track:1526, 650, 616, 272, 127
track:1527, 657, 618, 272, 127
track:1528, 658, 619, 272, 127
track:1529, 689, 618, 272, 127
track:1530, 706, 619, 272, 127
track:1531, 730, 618, 272, 127
track:1532, 757, 617, 272, 127
track:1533, 758, 616, 272, 127
track:1534, 785, 615, 272, 127
track:1535, 813, 615, 272, 127
track:1536, 843, 620, 259, 121
track:1537, 854, 622, 247, 115
track:1538, 864, 626, 235, 110
track:1539, 880, 627, 235, 110
track:1540, 890, 627, 235, 110
init :1541, 909, 643, 230, 75
track:1542, 909, 643, 230, 75
track:1543, 909, 643, 230, 75
track:1544, 909, 644, 230, 75
track:1545, 905, 645, 230, 75
track:1546, 901, 646, 230, 75
track:1547, 893, 648, 230, 75
track:1548, 891, 650, 230, 75
track:1549, 890, 653, 219, 71
track:1550, 876, 655, 219, 71
track:1551, 872, 656, 219, 71
track:1552, 867, 657, 219, 71
track:1553, 872, 660, 209, 68
track:1554, 868, 661, 209, 68
track:1555, 867, 662, 209, 68
track:1556, 867, 663, 209, 68
track:1557, 875, 665, 199, 65
track:1558, 874, 666, 199, 65
track:1559, 880, 667, 189, 62
track:1560, 888, 670, 180, 59
track:1561, 894, 671, 172, 56
track:1562, 901, 672, 163, 53
track:1563, 905, 673, 156, 51
track:1564, 906, 674, 156, 51
track:1565, 907, 673, 156, 51
track:1566, 907, 674, 156, 51
track:1567, 906, 675, 156, 51
track:1568, 908, 676, 148, 48
track:1569, 911, 678, 141, 46
track:1570, 909, 677, 141, 46
track:1571, 908, 677, 141, 46
track:1572, 907, 677, 141, 46
track:1573, 910, 679, 134, 44
track:1574, 907, 679, 134, 44
track:1575, 902, 679, 134, 44
track:1576, 900, 679, 134, 44
track:1577, 898, 680, 128, 42
track:1578, 899, 682, 122, 40
track:1579, 901, 683, 116, 38
track:1580, 898, 683, 116, 38
track:1581, 894, 683, 116, 38
track:1582, 891, 684, 116, 38
track:1583, 891, 684, 116, 38
track:1584, 892, 685, 116, 38
init :1585, 900, 677, 138, 72
track:1586, 900, 677, 138, 72
track:1587, 902, 679, 131, 69
track:1588, 902, 678, 131, 69
track:1589, 899, 677, 138, 72
track:1590, 899, 678, 138, 72
track:1591, 902, 679, 131, 69
track:1592, 901, 680, 131, 69
track:1593, 900, 679, 131, 69
track:1594, 900, 680, 131, 69
track:1595, 897, 680, 131, 69
track:1596, 894, 681, 131, 69
track:1599, 893, 682, 131, 69
track:1600, 890, 681, 131, 69
track:1601, 893, 683, 125, 65
track:1602, 892, 684, 125, 65
track:1603, 892, 684, 125, 65
track:1604, 892, 685, 119, 62
track:1605, 890, 687, 114, 59
track:1606, 884, 686, 119, 62
track:1607, 881, 686, 119, 62
track:1608, 881, 686, 119, 62
elapseTime: 16.584
