init :7, 821, 630, 235, 197
track:8, 821, 630, 235, 197
track:9, 822, 630, 235, 197
track:10, 821, 631, 235, 197
track:11, 823, 630, 235, 197
track:12, 823, 630, 235, 197
track:13, 824, 630, 235, 197
track:14, 824, 630, 235, 197
track:15, 824, 630, 235, 197
track:16, 825, 630, 235, 197
track:17, 826, 630, 235, 197
track:18, 825, 630, 235, 197
track:19, 825, 629, 235, 197
track:20, 821, 626, 247, 207
track:21, 820, 626, 247, 207
track:22, 827, 631, 235, 197
track:23, 828, 631, 235, 197
track:24, 827, 631, 235, 197
track:25, 828, 630, 235, 197
track:26, 829, 631, 235, 197
track:27, 829, 631, 235, 197
track:28, 829, 631, 235, 197
track:29, 829, 630, 235, 197
track:30, 829, 630, 235, 197
track:31, 830, 629, 235, 197
track:32, 831, 631, 235, 197
track:33, 829, 630, 235, 197
track:34, 830, 631, 235, 197
track:35, 830, 630, 235, 197
track:36, 830, 631, 235, 197
track:37, 829, 630, 235, 197
track:38, 831, 630, 235, 197
track:39, 830, 630, 235, 197
track:40, 830, 630, 235, 197
track:41, 831, 629, 235, 197
track:42, 830, 631, 235, 197
track:43, 831, 630, 235, 197
init :44, 826, 630, 240, 197
track:45, 826, 630, 240, 197
track:46, 826, 630, 240, 197
track:48, 827, 629, 240, 197
track:49, 827, 629, 240, 197
track:50, 828, 629, 240, 197
track:51, 828, 628, 240, 197
track:52, 827, 628, 240, 197
track:53, 827, 628, 240, 197
track:54, 827, 628, 240, 197
track:55, 827, 628, 240, 197
track:56, 827, 628, 240, 197
track:57, 828, 627, 240, 197
track:58, 828, 628, 240, 197
track:59, 827, 628, 240, 197
track:60, 827, 628, 240, 197
track:61, 827, 627, 240, 197
track:62, 827, 628, 240, 197
track:63, 827, 628, 240, 197
track:64, 827, 628, 240, 197
track:65, 826, 628, 240, 197
track:66, 825, 627, 240, 197
track:67, 825, 628, 240, 197
track:68, 825, 628, 240, 197
track:69, 825, 628, 240, 197
track:70, 825, 628, 240, 197
track:71, 825, 628, 240, 197
track:72, 824, 628, 240, 197
track:73, 824, 628, 240, 197
track:74, 824, 629, 240, 197
track:75, 825, 629, 240, 197
track:76, 825, 628, 240, 197
track:77, 824, 628, 240, 197
track:78, 824, 629, 240, 197
track:79, 825, 628, 240, 197
track:80, 825, 628, 240, 197
track:81, 825, 628, 240, 197
track:82, 824, 629, 240, 197
track:83, 825, 629, 240, 197
track:84, 825, 628, 240, 197
track:85, 824, 629, 240, 197
track:86, 824, 628, 240, 197
init :87, 821, 633, 240, 197
track:88, 821, 633, 240, 197
track:89, 821, 633, 240, 197
track:90, 821, 632, 240, 197
track:91, 821, 634, 240, 197
track:92, 821, 633, 240, 197
track:93, 821, 634, 240, 197
track:94, 821, 633, 240, 197
track:95, 822, 633, 240, 197
track:96, 823, 634, 240, 197
track:97, 823, 631, 240, 197
track:98, 824, 632, 240, 197
track:99, 824, 632, 240, 197
track:100, 825, 632, 240, 197
track:101, 825, 630, 240, 197
track:102, 825, 630, 240, 197
track:103, 826, 629, 240, 197
track:104, 826, 629, 240, 197
track:105, 827, 628, 240, 197
track:106, 827, 628, 240, 197
track:107, 828, 627, 240, 197
track:108, 828, 625, 240, 197
track:109, 828, 624, 240, 197
track:110, 829, 622, 240, 197
track:111, 829, 621, 240, 197
track:112, 829, 619, 240, 197
track:113, 829, 618, 240, 197
track:114, 830, 617, 240, 197
track:115, 831, 615, 240, 197
track:116, 838, 619, 229, 188
track:117, 839, 616, 229, 188
track:120, 841, 612, 229, 188
track:121, 842, 612, 229, 188
track:122, 842, 607, 229, 188
track:123, 842, 607, 229, 188
track:124, 842, 607, 229, 188
track:125, 839, 604, 229, 188
track:126, 836, 600, 229, 188
track:127, 841, 603, 218, 179
track:128, 841, 604, 218, 179
track:129, 840, 602, 218, 179
init :130, 858, 610, 184, 166
track:131, 858, 611, 184, 166
track:132, 861, 614, 184, 166
track:133, 862, 617, 184, 166
track:134, 862, 618, 184, 166
track:135, 862, 618, 184, 166
track:136, 862, 619, 184, 166
track:137, 865, 620, 184, 166
track:138, 866, 623, 184, 166
track:139, 866, 623, 184, 166
track:140, 866, 623, 184, 166
track:141, 866, 621, 184, 166
track:142, 862, 622, 184, 166
track:143, 861, 623, 184, 166
track:144, 862, 622, 184, 166
track:145, 859, 625, 184, 166
track:146, 858, 627, 184, 166
track:147, 857, 628, 184, 166
track:148, 860, 631, 184, 166
track:149, 859, 631, 184, 166
track:150, 860, 634, 184, 166
track:151, 860, 637, 184, 166
track:152, 861, 640, 184, 166
track:153, 861, 642, 184, 166
track:154, 865, 647, 175, 158
track:155, 866, 648, 175, 158
track:156, 866, 649, 175, 158
track:157, 867, 650, 175, 158
track:158, 867, 651, 175, 158
track:159, 868, 651, 175, 158
track:160, 867, 651, 175, 158
track:161, 865, 652, 175, 158
track:162, 864, 652, 175, 158
track:163, 861, 652, 175, 158
track:164, 862, 652, 175, 158
track:165, 863, 652, 175, 158
track:166, 862, 653, 175, 158
track:167, 861, 653, 175, 158
track:168, 862, 652, 175, 158
track:169, 862, 653, 175, 158
track:170, 863, 652, 175, 158
track:171, 864, 651, 175, 158
track:172, 866, 649, 175, 158
init :173, 867, 659, 166, 145
track:174, 867, 659, 166, 145
track:175, 865, 660, 166, 145
track:176, 863, 660, 166, 145
track:177, 864, 660, 166, 145
track:178, 865, 661, 166, 145
track:179, 865, 662, 166, 145
track:180, 866, 663, 166, 145
track:181, 866, 664, 166, 145
track:182, 867, 665, 166, 145
track:183, 869, 670, 166, 145
track:184, 870, 670, 166, 145
track:185, 871, 672, 166, 145
track:186, 869, 671, 166, 145
track:187, 866, 664, 166, 145
track:188, 862, 661, 166, 145
track:189, 861, 661, 166, 145
track:190, 859, 661, 166, 145
track:191, 859, 658, 166, 145
track:192, 854, 649, 174, 152
track:193, 854, 647, 174, 152
track:194, 854, 648, 174, 152
track:195, 855, 646, 174, 152
track:196, 856, 645, 174, 152
track:197, 856, 644, 174, 152
track:198, 854, 644, 174, 152
track:199, 854, 644, 174, 152
track:200, 851, 646, 174, 152
track:201, 850, 647, 174, 152
track:202, 853, 647, 166, 145
track:203, 852, 644, 166, 145
track:204, 853, 644, 166, 145
track:205, 854, 641, 166, 145
track:206, 853, 640, 166, 145
track:207, 851, 637, 166, 145
track:208, 851, 638, 166, 145
track:209, 849, 636, 166, 145
track:210, 847, 633, 166, 145
track:211, 847, 629, 166, 145
track:212, 846, 627, 166, 145
track:213, 845, 627, 166, 145
track:214, 850, 629, 158, 138
track:215, 849, 628, 158, 138
init :216, 849, 628, 147, 124
track:217, 849, 629, 147, 124
track:218, 849, 630, 147, 124
track:219, 849, 631, 147, 124
track:220, 848, 635, 147, 124
track:221, 849, 637, 147, 124
track:222, 848, 639, 147, 124
track:223, 848, 640, 147, 124
track:224, 848, 642, 147, 124
track:225, 848, 644, 147, 124
track:226, 848, 644, 147, 124
track:227, 848, 645, 147, 124
track:228, 848, 645, 147, 124
track:229, 849, 646, 147, 124
track:230, 849, 646, 147, 124
track:231, 852, 648, 140, 118
track:232, 851, 645, 140, 118
track:233, 851, 645, 140, 118
track:234, 853, 647, 133, 112
track:235, 853, 646, 133, 112
track:236, 854, 645, 133, 112
track:237, 856, 645, 133, 112
track:238, 857, 644, 133, 112
track:239, 857, 646, 133, 112
track:240, 858, 647, 133, 112
track:241, 859, 649, 133, 112
track:242, 859, 649, 133, 112
track:243, 859, 649, 133, 112
track:244, 859, 649, 133, 112
track:245, 859, 650, 133, 112
track:246, 858, 651, 133, 112
track:247, 860, 651, 133, 112
track:248, 859, 651, 133, 112
track:249, 862, 654, 127, 107
track:250, 862, 655, 127, 107
track:251, 863, 658, 127, 107
track:252, 862, 658, 127, 107
track:253, 863, 660, 127, 107
track:254, 864, 661, 127, 107
track:255, 864, 665, 127, 107
track:256, 864, 666, 127, 107
track:257, 864, 670, 127, 107
track:258, 866, 670, 127, 107
init :259, 872, 675, 120, 93
track:260, 872, 677, 120, 93
track:261, 872, 677, 120, 93
track:262, 872, 677, 120, 93
track:263, 872, 678, 120, 93
track:264, 872, 681, 120, 93
track:265, 872, 681, 120, 93
track:266, 873, 683, 120, 93
track:267, 873, 686, 120, 93
track:268, 872, 686, 120, 93
track:269, 872, 686, 120, 93
track:270, 870, 687, 126, 98
track:271, 871, 689, 126, 98
track:272, 872, 693, 126, 98
track:273, 872, 693, 126, 98
track:274, 872, 695, 126, 98
track:275, 873, 697, 126, 98
track:276, 874, 700, 126, 98
track:277, 875, 703, 126, 98
track:278, 876, 703, 126, 98
track:279, 877, 704, 126, 98
track:280, 878, 702, 126, 98
track:281, 875, 698, 132, 103
track:282, 874, 697, 139, 108
track:283, 875, 698, 139, 108
track:284, 873, 697, 146, 113
track:285, 875, 699, 146, 113
track:286, 876, 698, 146, 113
track:287, 875, 693, 153, 119
track:288, 875, 692, 153, 119
track:289, 876, 689, 153, 119
track:290, 872, 681, 161, 125
track:291, 873, 674, 161, 125
track:292, 874, 670, 161, 125
track:293, 870, 665, 169, 131
track:294, 867, 660, 177, 137
track:295, 870, 658, 177, 137
track:296, 867, 655, 186, 144
track:297, 862, 652, 195, 151
track:298, 863, 653, 195, 151
track:299, 856, 649, 205, 159
track:300, 850, 647, 216, 167
track:301, 845, 644, 226, 175
init :302, 826, 638, 253, 199
track:303, 826, 638, 253, 199
track:304, 817, 637, 266, 209
track:305, 815, 639, 266, 209
track:306, 815, 639, 266, 209
track:307, 808, 632, 279, 219
track:308, 809, 633, 279, 219
track:309, 806, 631, 279, 219
track:310, 803, 624, 279, 219
track:311, 803, 612, 279, 219
track:312, 805, 600, 279, 219
track:313, 804, 600, 279, 219
track:314, 806, 594, 279, 219
track:315, 805, 586, 279, 219
track:316, 811, 580, 266, 209
track:317, 814, 575, 266, 209
track:318, 819, 578, 253, 199
track:319, 828, 579, 241, 190
track:320, 839, 574, 229, 180
track:321, 846, 572, 219, 172
track:322, 846, 572, 219, 172
track:323, 847, 572, 219, 172
track:324, 846, 575, 219, 172
track:325, 845, 573, 219, 172
track:326, 845, 562, 219, 172
track:327, 842, 562, 219, 172
track:328, 844, 563, 219, 172
track:329, 846, 574, 208, 164
track:330, 843, 581, 208, 164
track:331, 840, 583, 208, 164
track:332, 838, 586, 208, 164
track:333, 839, 589, 208, 164
track:334, 838, 589, 208, 164
track:335, 838, 592, 208, 164
track:336, 837, 594, 208, 164
track:337, 843, 599, 198, 156
track:338, 844, 600, 198, 156
track:339, 845, 597, 198, 156
track:340, 846, 594, 198, 156
track:341, 846, 594, 198, 156
track:342, 846, 593, 198, 156
track:343, 846, 592, 198, 156
track:344, 846, 591, 198, 156
init :345, 863, 599, 170, 145
track:346, 863, 601, 170, 145
track:347, 862, 602, 170, 145
track:348, 863, 603, 170, 145
track:349, 868, 608, 162, 138
track:350, 867, 613, 162, 138
track:351, 867, 616, 162, 138
track:352, 867, 619, 162, 138
track:353, 868, 620, 162, 138
track:354, 873, 625, 154, 132
track:355, 872, 627, 154, 132
track:356, 871, 627, 154, 132
track:357, 871, 628, 154, 132
track:358, 871, 628, 154, 132
track:359, 870, 629, 154, 132
track:360, 873, 631, 147, 125
track:361, 872, 632, 147, 125
track:362, 870, 632, 147, 125
track:363, 874, 635, 140, 119
track:364, 873, 634, 140, 119
track:365, 874, 635, 140, 119
track:366, 873, 636, 140, 119
track:367, 872, 637, 140, 119
track:368, 872, 637, 140, 119
track:369, 875, 640, 133, 114
track:370, 874, 645, 133, 114
track:371, 872, 649, 133, 114
track:372, 873, 654, 133, 114
track:373, 873, 655, 133, 114
track:374, 872, 655, 133, 114
track:375, 870, 656, 133, 114
track:376, 868, 656, 133, 114
track:377, 866, 658, 133, 114
track:378, 866, 658, 133, 114
track:379, 865, 659, 133, 114
track:380, 866, 659, 133, 114
track:381, 866, 658, 133, 114
track:382, 865, 661, 127, 108
track:383, 864, 660, 127, 108
track:384, 862, 660, 127, 108
track:385, 862, 659, 127, 108
track:386, 863, 658, 127, 108
track:387, 865, 661, 121, 103
init :388, 867, 662, 106, 93
track:389, 866, 662, 106, 93
track:390, 867, 662, 106, 93
track:391, 867, 664, 106, 93
track:392, 867, 667, 106, 93
track:393, 868, 668, 106, 93
track:394, 867, 668, 106, 93
track:395, 868, 673, 106, 93
track:396, 869, 678, 106, 93
track:397, 871, 681, 106, 93
track:398, 871, 681, 106, 93
track:399, 873, 687, 106, 93
track:400, 873, 691, 106, 93
track:401, 872, 694, 111, 98
track:402, 873, 698, 111, 98
track:403, 873, 698, 111, 98
track:404, 874, 700, 111, 98
track:405, 878, 703, 106, 93
track:406, 878, 703, 106, 93
track:407, 879, 702, 106, 93
track:408, 879, 703, 106, 93
track:409, 879, 701, 106, 93
track:410, 879, 699, 106, 93
track:411, 880, 696, 106, 93
track:412, 882, 694, 106, 93
track:413, 881, 693, 106, 93
track:414, 881, 693, 106, 93
track:415, 881, 694, 106, 93
track:416, 881, 696, 106, 93
track:417, 882, 697, 106, 93
track:418, 882, 697, 106, 93
track:419, 882, 697, 106, 93
track:420, 880, 698, 106, 93
track:421, 880, 698, 106, 93
track:422, 879, 696, 106, 93
track:423, 878, 695, 106, 93
track:424, 878, 692, 106, 93
track:425, 877, 691, 106, 93
track:426, 877, 688, 106, 93
track:427, 876, 687, 106, 93
track:428, 876, 687, 106, 93
track:429, 875, 686, 106, 93
track:430, 875, 687, 106, 93
init :431, 872, 690, 110, 83
track:432, 871, 689, 110, 83
track:433, 871, 690, 110, 83
track:434, 871, 689, 110, 83
track:435, 870, 690, 110, 83
track:436, 869, 690, 110, 83
track:437, 869, 692, 110, 83
track:438, 869, 693, 110, 83
track:439, 870, 694, 110, 83
track:440, 871, 695, 110, 83
track:441, 871, 694, 110, 83
track:442, 871, 695, 110, 83
track:443, 872, 695, 110, 83
track:444, 872, 695, 110, 83
track:445, 871, 696, 110, 83
track:446, 871, 697, 110, 83
track:447, 871, 695, 110, 83
track:448, 872, 695, 110, 83
track:449, 870, 693, 115, 87
track:450, 870, 692, 115, 87
track:451, 870, 694, 115, 87
track:452, 871, 695, 115, 87
track:453, 871, 696, 115, 87
track:454, 872, 697, 115, 87
track:455, 873, 696, 115, 87
track:456, 873, 697, 115, 87
track:457, 874, 697, 115, 87
track:458, 870, 695, 121, 92
track:459, 870, 694, 121, 92
track:460, 870, 692, 121, 92
track:461, 867, 689, 127, 96
track:462, 867, 689, 127, 96
track:463, 868, 689, 127, 96
track:464, 868, 686, 127, 96
track:465, 867, 684, 127, 96
track:466, 868, 684, 127, 96
track:467, 867, 685, 127, 96
track:468, 867, 685, 127, 96
track:469, 867, 686, 127, 96
track:470, 869, 687, 127, 96
track:471, 870, 688, 127, 96
track:472, 870, 688, 127, 96
track:473, 869, 690, 127, 96
init :474, 863, 685, 138, 114
track:475, 866, 685, 138, 114
track:476, 867, 685, 138, 114
track:477, 869, 684, 138, 114
track:478, 870, 683, 138, 114
track:479, 868, 679, 145, 120
track:480, 874, 672, 138, 114
track:481, 875, 670, 138, 114
track:482, 875, 669, 138, 114
track:483, 878, 660, 138, 114
track:484, 876, 657, 145, 120
track:485, 875, 655, 152, 126
track:486, 874, 659, 152, 126
track:487, 874, 661, 152, 126
track:488, 874, 664, 152, 126
track:490, 872, 666, 152, 126
track:491, 866, 665, 160, 132
track:492, 865, 665, 160, 132
track:493, 863, 666, 160, 132
track:494, 861, 666, 160, 132
track:495, 857, 658, 160, 132
track:496, 856, 653, 160, 132
track:497, 855, 652, 160, 132
track:498, 855, 650, 160, 132
track:499, 854, 646, 160, 132
track:500, 853, 642, 160, 132
track:501, 853, 638, 160, 132
track:502, 853, 637, 160, 132
track:503, 852, 635, 160, 132
track:504, 852, 633, 160, 132
track:505, 850, 632, 160, 132
track:506, 850, 633, 160, 132
track:507, 850, 632, 160, 132
track:508, 849, 630, 160, 132
track:509, 850, 626, 160, 132
track:510, 849, 622, 160, 132
track:511, 848, 620, 160, 132
track:512, 849, 621, 160, 132
track:513, 848, 622, 160, 132
track:514, 848, 623, 160, 132
track:515, 849, 624, 160, 132
track:516, 849, 622, 160, 132
init :517, 853, 628, 152, 127
track:518, 853, 626, 152, 127
track:519, 853, 625, 152, 127
track:520, 854, 625, 152, 127
track:521, 858, 627, 145, 121
track:522, 859, 626, 145, 121
track:523, 858, 628, 145, 121
track:524, 859, 630, 145, 121
track:525, 863, 633, 138, 115
track:526, 864, 634, 138, 115
track:527, 864, 634, 138, 115
track:528, 864, 634, 138, 115
track:529, 865, 634, 138, 115
track:530, 866, 632, 138, 115
track:531, 866, 631, 138, 115
track:532, 866, 631, 138, 115
track:533, 871, 635, 131, 110
track:534, 872, 635, 131, 110
track:535, 871, 635, 131, 110
track:536, 874, 640, 125, 104
track:537, 875, 641, 125, 104
track:538, 875, 642, 125, 104
track:539, 875, 644, 125, 104
track:540, 875, 644, 125, 104
track:543, 872, 645, 125, 104
track:544, 872, 645, 125, 104
track:546, 870, 651, 125, 104
track:547, 870, 650, 125, 104
track:548, 872, 656, 119, 100
track:549, 874, 660, 113, 95
track:550, 876, 664, 108, 90
track:551, 877, 667, 103, 86
track:552, 878, 667, 103, 86
track:553, 878, 667, 103, 86
track:554, 876, 666, 103, 86
track:555, 876, 666, 103, 86
track:556, 875, 667, 103, 86
track:557, 876, 667, 103, 86
track:558, 874, 672, 103, 86
track:559, 875, 674, 103, 86
init :560, 876, 680, 96, 77
track:561, 876, 684, 96, 77
track:562, 876, 683, 96, 77
track:563, 876, 686, 96, 77
track:564, 876, 688, 96, 77
track:565, 876, 690, 96, 77
track:566, 875, 691, 96, 77
track:567, 876, 692, 96, 77
track:568, 877, 695, 96, 77
track:569, 877, 695, 96, 77
track:570, 876, 699, 96, 77
track:571, 876, 701, 96, 77
track:572, 876, 701, 96, 77
track:573, 878, 704, 96, 77
track:574, 879, 706, 96, 77
track:575, 879, 704, 96, 77
track:576, 878, 703, 96, 77
track:577, 878, 702, 96, 77
track:578, 878, 700, 96, 77
track:579, 879, 698, 96, 77
track:580, 880, 697, 96, 77
track:581, 881, 698, 96, 77
track:582, 881, 698, 96, 77
track:583, 880, 700, 96, 77
track:584, 880, 702, 96, 77
track:585, 880, 702, 96, 77
track:586, 879, 702, 96, 77
track:587, 879, 702, 96, 77
track:588, 877, 701, 101, 81
track:589, 875, 699, 106, 85
track:590, 874, 698, 106, 85
track:591, 873, 699, 106, 85
track:592, 873, 700, 106, 85
track:593, 872, 698, 106, 85
track:594, 872, 697, 106, 85
track:595, 872, 687, 106, 85
track:596, 871, 686, 106, 85
track:597, 871, 685, 106, 85
track:598, 870, 681, 106, 85
track:599, 869, 674, 106, 85
track:600, 869, 671, 106, 85
track:601, 870, 671, 106, 85
track:602, 870, 671, 106, 85
init :603, 867, 664, 110, 101
track:604, 866, 660, 110, 101
track:605, 866, 657, 110, 101
track:606, 866, 656, 110, 101
track:607, 867, 657, 110, 101
track:608, 868, 655, 110, 101
track:609, 868, 655, 110, 101
track:610, 868, 657, 110, 101
track:611, 868, 660, 110, 101
track:612, 868, 661, 110, 101
track:613, 867, 663, 110, 101
track:614, 868, 666, 110, 101
track:615, 868, 668, 110, 101
track:616, 865, 668, 115, 106
track:617, 865, 669, 115, 106
track:618, 865, 668, 115, 106
track:619, 863, 665, 121, 111
track:620, 863, 664, 121, 111
track:621, 864, 663, 121, 111
track:622, 864, 663, 121, 111
track:623, 864, 662, 121, 111
track:624, 863, 661, 121, 111
track:625, 862, 661, 121, 111
track:626, 864, 662, 121, 111
track:627, 864, 662, 121, 111
track:628, 865, 663, 121, 111
track:629, 864, 662, 121, 111
track:630, 864, 660, 121, 111
track:631, 864, 659, 121, 111
track:632, 861, 657, 127, 117
track:633, 862, 660, 127, 117
track:634, 863, 664, 127, 117
track:635, 863, 666, 127, 117
track:636, 865, 667, 127, 117
track:637, 865, 667, 127, 117
track:638, 867, 668, 127, 117
track:639, 865, 666, 134, 123
track:640, 864, 665, 134, 123
track:641, 864, 663, 134, 123
track:642, 864, 663, 134, 123
track:643, 864, 662, 134, 123
track:644, 865, 660, 134, 123
track:645, 865, 652, 134, 123
init :646, 863, 651, 143, 122
track:647, 863, 651, 143, 122
track:648, 863, 652, 143, 122
track:649, 864, 652, 143, 122
track:650, 865, 652, 143, 122
track:651, 867, 652, 143, 122
track:652, 868, 652, 143, 122
track:653, 869, 652, 143, 122
track:654, 869, 654, 143, 122
track:655, 870, 657, 143, 122
track:656, 871, 660, 143, 122
track:657, 867, 658, 150, 128
track:658, 869, 660, 150, 128
track:659, 869, 658, 150, 128
track:660, 870, 657, 150, 128
track:661, 870, 657, 150, 128
track:662, 870, 657, 150, 128
track:663, 871, 656, 150, 128
track:664, 873, 656, 150, 128
track:665, 874, 654, 150, 128
track:666, 874, 652, 150, 128
track:667, 874, 652, 150, 128
track:668, 875, 650, 150, 128
track:669, 875, 649, 150, 128
track:670, 875, 649, 150, 128
track:671, 872, 648, 150, 128
track:672, 872, 648, 150, 128
track:673, 870, 648, 150, 128
track:674, 869, 647, 150, 128
track:675, 870, 646, 150, 128
track:676, 868, 646, 150, 128
track:677, 868, 646, 150, 128
track:678, 865, 648, 150, 128
track:679, 865, 658, 150, 128
track:680, 866, 666, 150, 128
track:681, 866, 667, 150, 128
track:682, 866, 667, 150, 128
track:683, 865, 667, 150, 128
track:684, 863, 666, 150, 128
track:685, 863, 668, 150, 128
track:686, 863, 671, 150, 128
track:687, 863, 671, 150, 128
track:688, 863, 671, 150, 128
init :689, 853, 672, 156, 116
track:690, 852, 671, 156, 116
track:691, 852, 671, 156, 116
track:692, 851, 670, 156, 116
track:693, 851, 669, 156, 116
track:694, 851, 668, 156, 116
track:695, 852, 668, 156, 116
track:696, 851, 667, 156, 116
track:697, 850, 666, 156, 116
track:698, 849, 665, 156, 116
track:699, 845, 665, 156, 116
track:700, 849, 668, 149, 110
track:701, 850, 669, 149, 110
track:702, 850, 669, 149, 110
track:703, 850, 673, 149, 110
track:704, 849, 679, 149, 110
track:705, 847, 683, 149, 110
track:706, 846, 685, 149, 110
track:707, 846, 685, 149, 110
track:708, 846, 687, 149, 110
track:709, 842, 684, 156, 116
track:710, 842, 681, 156, 116
track:711, 838, 678, 164, 122
track:712, 834, 674, 172, 128
track:713, 834, 672, 172, 128
track:714, 833, 672, 172, 128
track:715, 833, 674, 172, 128
track:716, 832, 674, 172, 128
track:717, 832, 675, 172, 128
track:718, 833, 676, 172, 128
track:719, 834, 676, 172, 128
track:720, 834, 677, 172, 128
track:721, 834, 677, 172, 128
track:722, 835, 677, 172, 128
track:723, 835, 676, 172, 128
track:724, 835, 674, 172, 128
track:725, 836, 671, 172, 128
track:726, 835, 669, 172, 128
track:727, 832, 665, 181, 134
track:728, 833, 662, 181, 134
track:729, 832, 657, 181, 134
track:730, 834, 655, 181, 134
track:731, 833, 654, 181, 134
init :732, 853, 649, 156, 135
track:733, 852, 648, 156, 135
track:734, 849, 641, 164, 142
track:735, 850, 635, 164, 142
track:736, 851, 635, 164, 142
track:737, 856, 636, 156, 135
track:738, 854, 636, 156, 135
track:739, 853, 635, 156, 135
track:740, 854, 637, 156, 135
track:741, 855, 637, 156, 135
track:742, 856, 639, 156, 135
track:743, 854, 638, 156, 135
track:744, 854, 637, 156, 135
track:745, 854, 636, 156, 135
track:746, 857, 639, 149, 129
track:747, 858, 637, 149, 129
track:748, 858, 629, 149, 129
track:749, 857, 622, 149, 129
track:750, 855, 623, 149, 129
track:751, 855, 623, 149, 129
track:752, 855, 625, 149, 129
track:753, 856, 626, 149, 129
track:754, 858, 625, 149, 129
track:755, 861, 625, 149, 129
track:756, 861, 626, 149, 129
track:757, 861, 625, 149, 129
track:758, 860, 623, 149, 129
track:759, 860, 625, 149, 129
track:760, 860, 629, 149, 129
track:761, 860, 630, 149, 129
track:762, 863, 631, 149, 129
track:763, 866, 629, 149, 129
track:764, 866, 630, 149, 129
track:765, 864, 630, 149, 129
track:766, 864, 630, 149, 129
track:767, 863, 631, 149, 129
track:768, 863, 633, 149, 129
track:769, 864, 635, 149, 129
track:770, 867, 644, 149, 129
track:771, 871, 646, 141, 122
track:772, 871, 646, 141, 122
track:773, 872, 644, 141, 122
track:774, 874, 644, 141, 122
init :775, 872, 646, 143, 124
track:776, 872, 646, 143, 124
track:777, 872, 646, 143, 124
track:778, 873, 645, 143, 124
track:779, 874, 645, 143, 124
track:780, 874, 645, 143, 124
track:781, 874, 645, 143, 124
track:782, 875, 645, 143, 124
track:783, 874, 646, 143, 124
track:784, 878, 647, 136, 118
track:785, 880, 650, 130, 112
track:786, 880, 651, 130, 112
track:787, 880, 651, 130, 112
track:788, 879, 651, 130, 112
track:789, 878, 652, 130, 112
track:790, 878, 651, 130, 112
track:791, 877, 651, 130, 112
track:792, 873, 647, 136, 118
track:793, 873, 648, 136, 118
track:794, 873, 650, 136, 118
track:795, 873, 655, 136, 118
track:796, 873, 655, 136, 118
track:797, 873, 654, 136, 118
track:798, 873, 654, 136, 118
track:799, 872, 655, 136, 118
track:800, 872, 656, 136, 118
track:801, 872, 657, 136, 118
track:802, 872, 657, 136, 118
track:803, 872, 657, 136, 118
track:804, 872, 658, 136, 118
track:805, 871, 658, 136, 118
track:806, 871, 659, 136, 118
track:807, 870, 658, 136, 118
track:808, 870, 659, 136, 118
track:809, 869, 661, 136, 118
track:810, 871, 663, 136, 118
track:811, 870, 663, 136, 118
track:812, 869, 665, 136, 118
track:813, 867, 664, 136, 118
track:814, 866, 664, 136, 118
track:815, 865, 665, 136, 118
track:816, 865, 665, 136, 118
track:817, 865, 667, 136, 118
init :818, 863, 672, 147, 119
track:819, 862, 673, 147, 119
track:820, 861, 684, 147, 119
track:821, 860, 685, 147, 119
track:822, 859, 685, 147, 119
track:823, 859, 684, 147, 119
track:824, 859, 683, 147, 119
track:825, 853, 680, 154, 125
track:826, 853, 680, 154, 125
track:827, 853, 685, 154, 125
track:828, 853, 691, 154, 125
track:829, 851, 690, 162, 131
track:830, 853, 691, 162, 131
track:831, 853, 691, 162, 131
track:832, 854, 692, 162, 131
track:833, 852, 687, 170, 138
track:834, 853, 681, 170, 138
track:835, 852, 672, 170, 138
track:836, 852, 673, 170, 138
track:837, 852, 668, 170, 138
track:838, 846, 661, 179, 145
track:839, 845, 658, 179, 145
track:840, 842, 653, 179, 145
track:841, 842, 652, 179, 145
track:842, 840, 651, 179, 145
track:843, 838, 647, 179, 145
track:844, 831, 640, 188, 152
track:845, 824, 626, 188, 152
track:846, 824, 626, 188, 152
track:847, 824, 620, 188, 152
track:848, 824, 614, 188, 152
track:849, 822, 613, 188, 152
track:850, 819, 608, 197, 159
track:851, 814, 604, 207, 167
track:852, 818, 600, 207, 167
track:853, 820, 595, 207, 167
track:854, 822, 596, 207, 167
track:855, 822, 600, 207, 167
track:856, 822, 601, 207, 167
track:857, 822, 602, 207, 167
track:858, 823, 600, 207, 167
track:859, 824, 596, 207, 167
track:860, 825, 594, 207, 167
init :861, 835, 597, 193, 153
track:862, 835, 600, 193, 153
track:863, 837, 605, 193, 153
track:864, 837, 610, 193, 153
track:865, 838, 616, 193, 153
track:866, 837, 616, 193, 153
track:867, 838, 623, 193, 153
track:868, 838, 625, 193, 153
track:869, 839, 624, 193, 153
track:870, 839, 630, 193, 153
track:871, 840, 631, 193, 153
track:872, 841, 632, 193, 153
track:873, 844, 634, 184, 146
track:874, 845, 634, 184, 146
track:875, 847, 635, 184, 146
track:876, 846, 635, 184, 146
track:877, 846, 637, 184, 146
track:878, 851, 640, 175, 139
track:879, 858, 643, 167, 132
track:880, 858, 642, 167, 132
track:881, 858, 642, 167, 132
track:882, 861, 646, 159, 126
track:883, 865, 645, 159, 126
track:884, 866, 644, 159, 126
track:885, 868, 643, 159, 126
track:886, 868, 643, 159, 126
track:887, 870, 644, 159, 126
track:888, 872, 645, 159, 126
track:889, 871, 644, 159, 126
track:890, 873, 643, 159, 126
track:891, 877, 645, 151, 120
track:892, 877, 644, 151, 120
track:893, 877, 643, 151, 120
track:894, 878, 643, 151, 120
track:895, 880, 643, 151, 120
track:896, 880, 644, 151, 120
track:897, 882, 644, 144, 114
track:898, 880, 643, 144, 114
track:899, 878, 643, 144, 114
track:900, 878, 645, 144, 114
track:901, 881, 647, 137, 109
track:902, 881, 650, 137, 109
track:903, 878, 650, 137, 109
init :904, 881, 654, 124, 90
track:905, 881, 655, 124, 90
track:906, 882, 656, 124, 90
track:907, 858, 635, 124, 90
track:908, 858, 639, 118, 86
track:909, 858, 646, 118, 86
track:910, 854, 650, 124, 90
track:911, 855, 649, 124, 90
track:912, 853, 654, 124, 90
track:913, 853, 658, 124, 90
track:914, 856, 660, 124, 90
track:915, 856, 663, 124, 90
track:916, 859, 666, 118, 86
track:917, 860, 669, 118, 86
track:918, 861, 669, 118, 86
track:919, 862, 670, 118, 86
track:920, 856, 669, 124, 90
track:921, 855, 669, 124, 90
track:922, 852, 669, 124, 90
track:923, 847, 668, 124, 90
track:924, 840, 667, 124, 90
track:925, 832, 665, 124, 90
track:926, 832, 665, 124, 90
track:927, 830, 666, 124, 90
track:928, 819, 666, 124, 90
track:929, 815, 665, 124, 90
track:930, 811, 665, 124, 90
track:931, 810, 664, 124, 90
track:932, 809, 662, 124, 90
track:933, 808, 660, 124, 90
track:934, 806, 658, 124, 90
track:935, 806, 655, 124, 90
track:936, 805, 654, 124, 90
track:937, 805, 652, 124, 90
track:938, 808, 652, 118, 86
track:939, 809, 650, 118, 86
track:940, 808, 648, 118, 86
track:941, 808, 648, 118, 86
track:942, 807, 647, 118, 86
track:943, 805, 646, 118, 86
track:944, 807, 647, 112, 82
track:945, 806, 647, 112, 82
track:946, 806, 647, 112, 82
init :947, 766, 571, 341, 231
track:948, 764, 572, 341, 231
track:949, 761, 574, 341, 231
track:950, 759, 573, 341, 231
track:951, 759, 575, 341, 231
track:952, 758, 576, 341, 231
track:953, 755, 578, 341, 231
track:954, 754, 579, 341, 231
track:955, 753, 580, 341, 231
track:956, 751, 581, 341, 231
track:957, 752, 581, 341, 231
track:958, 751, 584, 341, 231
track:959, 752, 585, 341, 231
track:960, 752, 585, 341, 231
track:961, 752, 585, 341, 231
track:962, 750, 587, 341, 231
track:963, 749, 587, 341, 231
track:964, 747, 589, 341, 231
track:965, 738, 583, 358, 243
track:966, 733, 584, 358, 243
track:967, 732, 584, 358, 243
track:968, 722, 585, 358, 243
track:969, 719, 585, 358, 243
track:970, 720, 585, 358, 243
track:971, 715, 587, 358, 243
track:972, 707, 587, 358, 243
track:973, 704, 586, 358, 243
track:974, 699, 587, 358, 243
track:975, 702, 586, 358, 243
track:976, 707, 594, 341, 231
track:977, 701, 594, 341, 231
track:978, 698, 595, 341, 231
track:979, 698, 595, 341, 231
track:980, 699, 596, 341, 231
track:981, 695, 598, 341, 231
track:982, 696, 598, 341, 231
track:983, 694, 598, 341, 231
track:984, 695, 598, 341, 231
track:985, 696, 597, 341, 231
track:986, 699, 599, 341, 231
track:987, 698, 599, 341, 231
track:988, 699, 599, 341, 231
track:989, 702, 599, 341, 231
init :990, 696, 586, 503, 249
track:991, 696, 586, 503, 249
track:992, 698, 586, 503, 249
track:993, 698, 585, 503, 249
track:994, 699, 583, 503, 249
track:995, 700, 585, 503, 249
track:996, 702, 583, 503, 249
track:997, 703, 581, 503, 249
track:998, 704, 580, 503, 249
track:999, 710, 578, 503, 249
track:1000, 713, 577, 503, 249
track:1001, 714, 575, 503, 249
track:1002, 719, 574, 503, 249
track:1003, 723, 570, 503, 249
track:1004, 727, 566, 503, 249
track:1005, 726, 567, 503, 249
track:1006, 745, 570, 479, 237
track:1007, 745, 567, 479, 237
track:1008, 743, 565, 479, 237
track:1009, 741, 562, 479, 237
track:1010, 750, 568, 456, 226
track:1011, 748, 567, 456, 226
track:1012, 746, 567, 456, 226
track:1013, 742, 565, 456, 226
track:1014, 739, 565, 456, 226
track:1015, 737, 565, 456, 226
track:1016, 732, 565, 456, 226
track:1017, 737, 564, 456, 226
track:1018, 721, 562, 456, 226
track:1019, 733, 568, 435, 215
track:1020, 733, 568, 435, 215
track:1021, 742, 570, 414, 205
track:1022, 752, 575, 394, 195
track:1023, 750, 574, 394, 195
track:1024, 748, 572, 394, 195
track:1025, 750, 571, 394, 195
track:1026, 745, 574, 394, 195
track:1027, 744, 572, 394, 195
track:1028, 739, 574, 394, 195
track:1029, 734, 576, 394, 195
track:1030, 732, 576, 394, 195
track:1031, 731, 576, 394, 195
track:1032, 725, 576, 394, 195
init :1033, 743, 586, 433, 163
track:1034, 743, 587, 433, 163
track:1035, 742, 586, 433, 163
track:1036, 739, 587, 433, 163
track:1037, 739, 589, 433, 163
track:1038, 739, 592, 433, 163
track:1039, 744, 597, 412, 155
track:1040, 736, 596, 433, 163
track:1041, 733, 601, 433, 163
track:1042, 733, 601, 433, 163
track:1043, 731, 603, 433, 163
track:1044, 730, 603, 433, 163
track:1045, 731, 604, 433, 163
track:1046, 733, 606, 433, 163
track:1047, 737, 610, 433, 163
track:1048, 738, 609, 433, 163
track:1049, 742, 607, 433, 163
track:1050, 754, 609, 412, 155
track:1051, 748, 602, 433, 163
track:1052, 751, 600, 433, 163
track:1053, 756, 600, 433, 163
track:1054, 759, 597, 455, 171
track:1055, 763, 598, 455, 171
track:1056, 767, 599, 455, 171
track:1057, 770, 600, 455, 171
track:1058, 774, 600, 455, 171
track:1059, 772, 602, 455, 171
track:1060, 783, 605, 433, 163
track:1061, 782, 606, 433, 163
track:1062, 782, 606, 433, 163
track:1063, 789, 608, 412, 155
track:1064, 774, 605, 433, 163
track:1065, 782, 608, 412, 155
track:1066, 766, 604, 433, 163
track:1067, 760, 605, 433, 163
track:1068, 755, 606, 433, 163
track:1069, 740, 607, 433, 163
track:1070, 736, 606, 433, 163
track:1071, 731, 607, 433, 163
track:1072, 710, 609, 433, 163
track:1073, 703, 609, 433, 163
track:1074, 691, 609, 433, 163
track:1075, 681, 605, 455, 171
init :1076, 706, 625, 443, 129
track:1077, 702, 625, 443, 129
track:1078, 682, 626, 443, 129
track:1079, 676, 627, 443, 129
track:1080, 678, 628, 443, 129
track:1081, 670, 629, 443, 129
track:1082, 663, 629, 443, 129
track:1083, 654, 630, 443, 129
track:1084, 653, 631, 443, 129
track:1085, 654, 631, 443, 129
track:1086, 657, 630, 443, 129
track:1087, 657, 630, 443, 129
track:1088, 654, 631, 443, 129
track:1089, 653, 632, 443, 129
track:1090, 644, 631, 465, 135
track:1091, 646, 633, 465, 135
track:1092, 646, 633, 465, 135
track:1093, 652, 634, 465, 135
track:1094, 641, 630, 488, 142
track:1095, 652, 633, 465, 135
track:1096, 649, 634, 465, 135
track:1097, 651, 634, 465, 135
track:1098, 654, 634, 465, 135
track:1099, 668, 637, 443, 129
track:1100, 670, 636, 443, 129
track:1101, 660, 634, 465, 135
track:1102, 659, 634, 465, 135
track:1103, 670, 636, 443, 129
track:1104, 674, 638, 443, 129
track:1105, 674, 638, 443, 129
track:1106, 671, 636, 443, 129
track:1107, 656, 633, 465, 135
track:1108, 653, 635, 465, 135
track:1109, 651, 635, 465, 135
track:1110, 648, 638, 465, 135
track:1111, 645, 640, 465, 135
track:1112, 653, 641, 443, 129
track:1113, 645, 642, 443, 129
track:1114, 657, 645, 422, 123
track:1115, 655, 645, 422, 123
track:1116, 642, 644, 443, 129
track:1117, 650, 650, 422, 123
track:1118, 647, 650, 422, 123
init :1119, 701, 630, 406, 181
track:1120, 701, 630, 406, 181
track:1121, 698, 631, 406, 181
track:1122, 695, 633, 406, 181
track:1123, 699, 633, 406, 181
track:1124, 684, 628, 426, 190
track:1125, 681, 629, 426, 190
track:1126, 682, 630, 426, 190
track:1127, 680, 627, 426, 190
track:1128, 692, 630, 406, 181
track:1129, 698, 632, 406, 181
track:1130, 714, 635, 387, 172
track:1131, 718, 636, 387, 172
track:1132, 726, 637, 387, 172
track:1133, 731, 637, 387, 172
track:1134, 697, 627, 406, 181
track:1135, 701, 628, 406, 181
track:1136, 691, 627, 406, 181
track:1137, 702, 630, 387, 172
track:1138, 696, 623, 387, 172
track:1139, 674, 613, 406, 181
track:1140, 673, 610, 406, 181
track:1141, 669, 608, 406, 181
track:1142, 662, 609, 406, 181
track:1143, 649, 614, 406, 181
track:1144, 640, 616, 406, 181
track:1145, 637, 615, 406, 181
track:1146, 646, 632, 387, 172
track:1147, 657, 648, 368, 164
track:1148, 655, 653, 368, 164
track:1149, 660, 658, 351, 156
track:1150, 676, 660, 334, 149
track:1151, 668, 659, 334, 149
track:1152, 662, 663, 334, 149
track:1153, 646, 659, 351, 156
track:1154, 650, 663, 334, 149
track:1155, 647, 663, 334, 149
track:1156, 650, 664, 334, 149
track:1157, 661, 670, 318, 142
track:1158, 658, 671, 318, 142
track:1159, 662, 669, 318, 142
track:1160, 665, 669, 318, 142
track:1161, 673, 674, 303, 135
init :1162, 780, 636, 281, 176
track:1163, 782, 636, 281, 176
track:1164, 784, 637, 281, 176
track:1165, 783, 638, 281, 176
track:1166, 781, 638, 281, 176
track:1167, 778, 640, 281, 176
track:1168, 777, 640, 281, 176
track:1169, 773, 639, 281, 176
track:1170, 772, 639, 281, 176
track:1171, 773, 638, 281, 176
track:1172, 765, 639, 281, 176
track:1173, 764, 639, 281, 176
track:1174, 762, 641, 281, 176
track:1175, 761, 638, 281, 176
track:1176, 766, 636, 281, 176
track:1177, 765, 635, 281, 176
track:1178, 762, 637, 268, 168
track:1179, 755, 635, 268, 168
track:1180, 752, 635, 268, 168
track:1181, 760, 633, 268, 168
track:1182, 763, 635, 255, 160
track:1183, 764, 639, 243, 152
track:1184, 764, 636, 243, 152
track:1185, 761, 635, 243, 152
track:1186, 757, 634, 243, 152
track:1187, 769, 633, 243, 152
track:1188, 772, 631, 243, 152
track:1189, 765, 625, 255, 160
track:1190, 767, 628, 243, 152
track:1191, 772, 628, 243, 152
track:1192, 774, 629, 231, 145
track:1193, 779, 629, 220, 138
track:1194, 784, 628, 210, 131
track:1195, 782, 627, 210, 131
track:1196, 782, 624, 210, 131
track:1197, 783, 627, 200, 125
track:1198, 784, 626, 200, 125
track:1199, 782, 626, 200, 125
track:1200, 784, 626, 200, 125
track:1201, 784, 627, 200, 125
track:1202, 787, 624, 200, 125
track:1203, 791, 623, 200, 125
track:1204, 804, 627, 190, 119
init :1205, 816, 630, 355, 106
track:1206, 819, 630, 355, 106
track:1207, 823, 629, 355, 106
track:1208, 826, 628, 355, 106
track:1209, 828, 628, 355, 106
track:1210, 841, 631, 338, 101
track:1211, 848, 633, 338, 101
track:1212, 858, 637, 322, 96
track:1213, 868, 642, 307, 92
track:1214, 860, 640, 322, 96
track:1215, 858, 641, 322, 96
track:1216, 853, 639, 338, 101
track:1217, 860, 642, 322, 96
track:1218, 857, 643, 322, 96
track:1219, 859, 644, 322, 96
track:1220, 858, 645, 322, 96
track:1221, 858, 646, 322, 96
track:1222, 856, 647, 322, 96
track:1223, 863, 650, 307, 92
track:1224, 863, 649, 307, 92
track:1225, 865, 649, 307, 92
track:1226, 875, 651, 292, 87
track:1227, 868, 650, 307, 92
track:1228, 874, 653, 292, 87
track:1229, 872, 652, 292, 87
track:1230, 874, 653, 292, 87
track:1231, 874, 652, 292, 87
track:1232, 871, 656, 278, 83
track:1233, 878, 663, 265, 79
track:1234, 885, 665, 252, 75
track:1235, 880, 663, 252, 75
track:1236, 880, 665, 252, 75
track:1237, 884, 666, 240, 72
track:1238, 881, 665, 240, 72
track:1239, 888, 667, 229, 68
track:1240, 889, 667, 229, 68
track:1241, 888, 666, 229, 68
track:1242, 929, 666, 229, 68
track:1243, 902, 665, 218, 65
track:1244, 904, 665, 218, 65
track:1245, 948, 664, 218, 65
track:1246, 909, 665, 218, 65
track:1247, 947, 663, 218, 65
init :1248, 950, 669, 170, 93
track:1249, 950, 669, 170, 93
track:1250, 947, 669, 170, 93
track:1251, 943, 667, 170, 93
track:1252, 936, 666, 170, 93
track:1253, 932, 664, 170, 93
track:1254, 929, 664, 170, 93
track:1255, 927, 665, 162, 89
track:1256, 926, 665, 154, 84
track:1257, 912, 660, 162, 89
track:1258, 912, 662, 154, 84
track:1259, 912, 661, 154, 84
track:1260, 906, 659, 154, 84
track:1261, 904, 656, 154, 84
track:1262, 888, 653, 162, 89
track:1263, 892, 654, 154, 84
track:1264, 890, 654, 154, 84
track:1265, 891, 655, 154, 84
track:1266, 892, 655, 154, 84
track:1267, 893, 654, 154, 84
track:1268, 890, 653, 154, 84
track:1269, 894, 655, 147, 80
track:1270, 899, 657, 140, 77
track:1271, 900, 658, 133, 73
track:1272, 899, 656, 133, 73
track:1273, 897, 658, 127, 69
track:1274, 898, 658, 127, 69
track:1275, 891, 658, 127, 69
track:1276, 889, 658, 127, 69
track:1277, 885, 658, 127, 69
track:1278, 875, 659, 127, 69
track:1279, 875, 659, 127, 69
track:1280, 866, 660, 127, 69
track:1281, 862, 661, 127, 69
track:1282, 853, 662, 127, 69
track:1283, 850, 660, 127, 69
track:1284, 849, 660, 127, 69
track:1285, 837, 660, 133, 73
track:1286, 833, 659, 133, 73
track:1287, 833, 659, 133, 73
track:1288, 833, 659, 133, 73
track:1289, 833, 659, 133, 73
track:1290, 831, 657, 133, 73
init :1291, 867, 659, 143, 75
track:1292, 866, 659, 143, 75
track:1293, 864, 659, 143, 75
track:1294, 864, 659, 143, 75
track:1295, 863, 659, 143, 75
track:1296, 859, 658, 150, 79
track:1297, 863, 658, 143, 75
track:1298, 862, 658, 143, 75
track:1299, 862, 657, 143, 75
track:1300, 863, 658, 143, 75
track:1301, 863, 660, 143, 75
track:1302, 861, 660, 143, 75
track:1303, 860, 661, 143, 75
track:1304, 860, 659, 143, 75
track:1305, 861, 659, 143, 75
track:1306, 861, 659, 143, 75
track:1307, 863, 660, 143, 75
track:1308, 862, 661, 143, 75
track:1309, 863, 662, 143, 75
track:1310, 863, 661, 143, 75
track:1311, 864, 661, 143, 75
track:1312, 864, 662, 143, 75
track:1313, 864, 664, 136, 71
track:1314, 863, 664, 136, 71
track:1315, 866, 665, 130, 68
track:1316, 864, 665, 130, 68
track:1317, 862, 665, 130, 68
track:1318, 861, 666, 130, 68
track:1319, 860, 667, 130, 68
track:1320, 859, 667, 130, 68
track:1321, 858, 668, 130, 68
track:1322, 859, 668, 130, 68
track:1323, 863, 670, 124, 65
track:1324, 862, 670, 124, 65
track:1325, 865, 670, 124, 65
track:1326, 867, 672, 124, 65
track:1327, 867, 673, 124, 65
track:1328, 867, 673, 124, 65
track:1329, 867, 674, 124, 65
track:1330, 871, 675, 118, 62
track:1331, 869, 675, 118, 62
track:1332, 865, 675, 118, 62
track:1333, 860, 673, 124, 65
init :1334, 858, 677, 170, 51
track:1335, 855, 677, 170, 51
track:1336, 851, 677, 170, 51
track:1337, 846, 677, 170, 51
track:1338, 844, 677, 170, 51
track:1339, 843, 677, 170, 51
track:1340, 843, 677, 170, 51
track:1341, 843, 677, 170, 51
track:1342, 842, 677, 170, 51
track:1343, 841, 678, 170, 51
track:1344, 841, 678, 170, 51
track:1345, 841, 678, 170, 51
track:1346, 841, 678, 170, 51
track:1347, 842, 678, 170, 51
track:1348, 837, 678, 178, 54
track:1349, 840, 680, 170, 51
track:1350, 840, 680, 170, 51
track:1351, 839, 680, 170, 51
track:1352, 837, 680, 170, 51
track:1353, 837, 680, 170, 51
track:1354, 836, 680, 170, 51
track:1355, 833, 680, 178, 54
track:1356, 834, 681, 178, 54
track:1357, 834, 682, 178, 54
track:1358, 834, 682, 178, 54
track:1359, 834, 682, 178, 54
track:1360, 833, 682, 178, 54
track:1361, 832, 682, 178, 54
track:1362, 833, 684, 178, 54
track:1363, 838, 685, 170, 51
track:1364, 837, 685, 170, 51
track:1365, 837, 686, 170, 51
track:1366, 836, 686, 170, 51
track:1367, 835, 685, 170, 51
track:1368, 836, 686, 170, 51
track:1369, 836, 686, 170, 51
track:1370, 833, 685, 178, 54
track:1371, 830, 687, 178, 54
track:1372, 825, 685, 187, 56
track:1373, 822, 686, 187, 56
track:1374, 822, 687, 187, 56
track:1375, 820, 687, 187, 56
track:1376, 818, 687, 187, 56
init :1377, 830, 693, 193, 59
track:1378, 831, 694, 193, 59
track:1379, 831, 696, 184, 56
track:1380, 823, 697, 184, 56
track:1381, 820, 698, 184, 56
track:1382, 818, 699, 184, 56
track:1383, 811, 698, 193, 59
track:1384, 814, 700, 184, 56
track:1385, 812, 701, 184, 56
track:1386, 810, 700, 193, 59
track:1387, 811, 702, 193, 59
track:1388, 817, 703, 184, 56
track:1389, 818, 704, 184, 56
track:1390, 821, 704, 184, 56
track:1391, 823, 705, 184, 56
track:1392, 828, 706, 184, 56
track:1393, 832, 708, 184, 56
track:1394, 833, 708, 184, 56
track:1395, 835, 708, 184, 56
track:1396, 837, 709, 184, 56
track:1397, 837, 711, 184, 56
track:1398, 836, 712, 184, 56
track:1399, 833, 711, 193, 59
track:1400, 826, 711, 203, 62
track:1401, 823, 712, 203, 62
track:1402, 816, 713, 203, 62
track:1403, 812, 714, 203, 62
track:1404, 810, 715, 203, 62
track:1405, 805, 716, 203, 62
track:1406, 802, 716, 203, 62
track:1407, 800, 716, 203, 62
track:1408, 792, 715, 213, 65
track:1409, 791, 714, 213, 65
track:1410, 796, 716, 203, 62
track:1411, 796, 717, 203, 62
track:1412, 795, 717, 203, 62
track:1413, 796, 718, 203, 62
track:1414, 796, 718, 203, 62
track:1415, 792, 717, 213, 65
track:1416, 792, 718, 213, 65
track:1417, 791, 718, 213, 65
track:1418, 786, 717, 223, 68
track:1419, 791, 719, 213, 65
init :1420, 789, 719, 249, 77
track:1421, 782, 717, 261, 81
track:1422, 780, 718, 261, 81
track:1423, 781, 718, 261, 81
track:1424, 781, 719, 261, 81
track:1425, 789, 721, 249, 77
track:1426, 789, 721, 249, 77
track:1427, 787, 721, 249, 77
track:1428, 780, 721, 261, 81
track:1429, 780, 721, 261, 81
track:1430, 780, 721, 261, 81
track:1431, 779, 722, 261, 81
track:1432, 777, 723, 261, 81
track:1433, 777, 724, 261, 81
track:1434, 771, 723, 275, 85
track:1435, 774, 727, 261, 81
track:1436, 772, 728, 261, 81
track:1437, 779, 731, 249, 77
track:1438, 777, 731, 249, 77
track:1439, 778, 730, 249, 77
track:1440, 776, 731, 249, 77
track:1441, 767, 730, 261, 81
track:1442, 763, 729, 261, 81
track:1443, 754, 729, 275, 85
track:1444, 752, 729, 275, 85
track:1445, 747, 730, 275, 85
track:1446, 736, 729, 288, 89
track:1447, 730, 727, 303, 94
track:1448, 729, 728, 303, 94
track:1449, 735, 729, 288, 89
track:1450, 739, 729, 288, 89
track:1451, 737, 727, 288, 89
track:1452, 739, 726, 288, 89
track:1453, 754, 726, 275, 85
track:1454, 756, 725, 275, 85
track:1455, 766, 726, 275, 85
track:1456, 773, 727, 261, 81
track:1457, 775, 725, 275, 85
track:1458, 782, 725, 275, 85
track:1459, 785, 724, 275, 85
track:1460, 793, 722, 275, 85
track:1461, 801, 721, 275, 85
track:1462, 805, 718, 288, 89
init :1463, 835, 711, 203, 145
track:1464, 835, 710, 203, 145
track:1465, 837, 710, 203, 145
track:1466, 837, 711, 203, 145
track:1467, 836, 709, 203, 145
track:1468, 836, 709, 203, 145
track:1469, 833, 710, 203, 145
track:1470, 829, 709, 203, 145
track:1471, 834, 713, 193, 138
track:1472, 826, 703, 203, 145
track:1473, 823, 708, 193, 138
track:1474, 819, 702, 193, 138
track:1475, 819, 701, 193, 138
track:1476, 813, 696, 203, 145
track:1477, 809, 693, 203, 145
track:1478, 808, 692, 203, 145
track:1479, 808, 689, 203, 145
track:1480, 809, 688, 203, 145
track:1481, 810, 681, 203, 145
track:1482, 818, 681, 203, 145
track:1483, 821, 681, 203, 145
track:1484, 821, 679, 203, 145
track:1485, 823, 679, 203, 145
track:1486, 832, 676, 203, 145
track:1487, 836, 675, 203, 145
track:1488, 838, 671, 213, 152
track:1489, 844, 674, 203, 145
track:1490, 844, 672, 203, 145
track:1491, 849, 670, 203, 145
track:1492, 852, 671, 193, 138
track:1493, 857, 670, 193, 138
track:1494, 857, 670, 184, 132
track:1495, 854, 667, 184, 132
track:1496, 842, 660, 193, 138
track:1497, 839, 655, 193, 138
track:1498, 838, 655, 193, 138
track:1499, 835, 652, 193, 138
track:1500, 831, 647, 193, 138
track:1501, 831, 647, 184, 132
track:1502, 826, 648, 175, 125
track:1503, 818, 647, 175, 125
track:1504, 817, 645, 175, 125
track:1505, 813, 640, 175, 125
init :1506, 826, 628, 309, 127
track:1507, 816, 623, 324, 133
track:1508, 817, 623, 324, 133
track:1509, 815, 621, 324, 133
track:1510, 822, 622, 309, 127
track:1511, 821, 619, 309, 127
track:1512, 815, 617, 309, 127
track:1513, 813, 617, 309, 127
track:1514, 795, 616, 309, 127
track:1515, 773, 616, 309, 127
track:1516, 751, 614, 309, 127
track:1517, 723, 614, 309, 127
track:1518, 722, 614, 309, 127
track:1519, 695, 616, 309, 127
track:1520, 677, 618, 309, 127
track:1521, 661, 622, 294, 121
track:1522, 660, 624, 280, 115
track:1523, 658, 625, 280, 115
track:1524, 649, 625, 280, 115
track:1525, 644, 624, 280, 115
track:1526, 644, 623, 280, 115
track:1527, 656, 625, 267, 110
track:1528, 658, 626, 267, 110
track:1529, 686, 627, 254, 104
track:1530, 712, 628, 242, 100
track:1531, 740, 628, 242, 100
track:1532, 763, 626, 242, 100
track:1533, 766, 626, 242, 100
track:1534, 798, 628, 231, 95
track:1535, 821, 628, 231, 95
track:1536, 845, 631, 220, 90
track:1537, 865, 631, 220, 90
track:1538, 863, 631, 220, 90
track:1539, 876, 631, 220, 90
track:1540, 882, 633, 220, 90
track:1541, 886, 633, 220, 90
track:1542, 888, 635, 220, 90
track:1543, 889, 635, 220, 90
track:1544, 888, 635, 220, 90
track:1545, 882, 639, 220, 90
track:1546, 882, 640, 220, 90
track:1547, 871, 641, 220, 90
track:1548, 876, 643, 209, 86
init :1549, 890, 656, 216, 70
track:1550, 879, 655, 227, 74
track:1551, 870, 656, 227, 74
track:1552, 859, 656, 238, 77
track:1553, 864, 657, 227, 74
track:1554, 863, 658, 227, 74
track:1555, 866, 661, 216, 70
track:1556, 864, 662, 216, 70
track:1557, 865, 663, 216, 70
track:1558, 870, 665, 206, 67
track:1559, 879, 667, 196, 63
track:1560, 888, 669, 187, 60
track:1561, 894, 671, 178, 58
track:1562, 897, 671, 178, 58
track:1563, 898, 672, 178, 58
track:1564, 899, 672, 178, 58
track:1565, 899, 672, 178, 58
track:1566, 899, 672, 178, 58
track:1567, 904, 674, 169, 55
track:1568, 908, 675, 161, 52
track:1569, 906, 675, 161, 52
track:1570, 904, 675, 161, 52
track:1571, 902, 675, 161, 52
track:1572, 900, 675, 161, 52
track:1573, 899, 676, 161, 52
track:1574, 899, 677, 154, 50
track:1575, 894, 678, 154, 50
track:1576, 895, 678, 154, 50
track:1577, 893, 678, 146, 47
track:1578, 894, 679, 146, 47
track:1579, 889, 679, 146, 47
track:1580, 891, 680, 146, 47
track:1581, 890, 680, 146, 47
track:1582, 882, 682, 146, 47
track:1583, 884, 682, 146, 47
track:1584, 886, 683, 139, 45
track:1585, 890, 684, 133, 43
track:1586, 891, 686, 126, 41
track:1587, 889, 685, 126, 41
track:1588, 891, 686, 120, 39
track:1589, 887, 685, 126, 41
track:1590, 890, 687, 120, 39
track:1591, 886, 686, 126, 41
init :1592, 909, 680, 120, 72
track:1593, 909, 680, 120, 72
track:1594, 906, 679, 126, 76
track:1595, 904, 679, 126, 76
track:1596, 906, 681, 120, 72
track:1599, 904, 681, 120, 72
track:1600, 905, 683, 114, 69
track:1601, 902, 683, 114, 69
track:1602, 905, 684, 109, 65
track:1603, 902, 683, 114, 69
track:1604, 897, 683, 114, 69
track:1605, 900, 685, 109, 65
track:1606, 898, 685, 109, 65
track:1607, 894, 686, 109, 65
track:1608, 894, 686, 109, 65
elapseTime: 16.657
