init :7, 821, 630, 235, 197
track:8, 821, 630, 235, 197
track:9, 822, 630, 235, 197
track:10, 821, 631, 235, 197
track:11, 823, 630, 235, 197
track:12, 823, 630, 235, 197
track:13, 824, 630, 235, 197
track:14, 824, 630, 235, 197
init :15, 821, 633, 235, 194
track:16, 821, 632, 235, 194
track:17, 821, 633, 235, 194
track:18, 821, 633, 235, 194
track:19, 821, 633, 235, 194
track:20, 821, 633, 235, 194
track:21, 822, 633, 235, 194
track:22, 822, 634, 235, 194
track:23, 823, 634, 235, 194
track:24, 823, 634, 235, 194
track:25, 824, 634, 235, 194
track:26, 823, 634, 235, 194
track:27, 824, 634, 235, 194
track:28, 824, 634, 235, 194
init :29, 821, 633, 244, 197
track:30, 820, 633, 244, 197
track:31, 821, 633, 244, 197
track:32, 822, 632, 244, 197
track:33, 822, 634, 244, 197
track:34, 821, 633, 244, 197
track:35, 822, 633, 244, 197
track:36, 822, 633, 244, 197
track:37, 823, 633, 244, 197
track:38, 822, 633, 244, 197
track:39, 822, 633, 244, 197
track:40, 822, 632, 244, 197
track:41, 823, 632, 244, 197
track:42, 822, 633, 244, 197
init :43, 826, 630, 240, 197
track:44, 826, 630, 240, 197
track:45, 826, 630, 240, 197
track:46, 826, 630, 240, 197
track:48, 827, 629, 240, 197
track:49, 826, 629, 240, 197
track:50, 827, 629, 240, 197
track:51, 827, 628, 240, 197
track:52, 827, 628, 240, 197
track:53, 827, 628, 240, 197
track:54, 827, 628, 240, 197
track:55, 827, 628, 240, 197
track:56, 827, 628, 240, 197
init :57, 830, 630, 230, 199
track:58, 829, 630, 230, 199
track:59, 830, 630, 230, 199
track:60, 831, 629, 230, 199
track:61, 830, 630, 230, 199
track:62, 829, 630, 230, 199
track:63, 829, 630, 230, 199
track:64, 829, 630, 230, 199
track:65, 829, 630, 230, 199
track:66, 828, 630, 230, 199
track:67, 828, 630, 230, 199
track:68, 828, 630, 230, 199
track:69, 828, 630, 230, 199
track:70, 828, 630, 230, 199
init :71, 826, 630, 235, 197
track:72, 826, 630, 235, 197
track:73, 826, 630, 235, 197
track:74, 826, 630, 235, 197
track:75, 826, 630, 235, 197
track:76, 826, 630, 235, 197
track:77, 826, 630, 235, 197
track:78, 825, 630, 235, 197
track:79, 826, 630, 235, 197
track:80, 826, 631, 235, 197
track:81, 824, 631, 235, 197
track:82, 825, 630, 235, 197
track:83, 825, 630, 235, 197
track:84, 826, 631, 235, 197
init :85, 826, 630, 240, 197
track:86, 826, 630, 240, 197
track:87, 826, 630, 240, 197
track:88, 826, 630, 240, 197
track:89, 827, 631, 240, 197
track:90, 827, 632, 240, 197
track:91, 827, 633, 240, 197
track:92, 831, 638, 229, 188
track:93, 826, 633, 240, 197
track:94, 832, 638, 229, 188
track:95, 832, 638, 229, 188
track:96, 833, 637, 229, 188
track:97, 828, 632, 240, 197
track:98, 828, 632, 240, 197
init :99, 826, 628, 240, 197
track:100, 826, 628, 240, 197
track:101, 828, 629, 240, 197
track:102, 829, 627, 240, 197
track:103, 830, 627, 240, 197
track:104, 831, 627, 240, 197
track:105, 831, 626, 240, 197
track:106, 833, 625, 240, 197
track:107, 831, 624, 240, 197
track:108, 831, 623, 240, 197
track:109, 830, 622, 240, 197
track:110, 831, 619, 240, 197
track:111, 831, 618, 240, 197
track:112, 837, 621, 229, 188
init :113, 844, 623, 212, 173
track:114, 844, 623, 212, 173
track:115, 845, 622, 212, 173
track:116, 846, 620, 212, 173
track:117, 847, 617, 212, 173
track:120, 849, 615, 212, 173
track:121, 850, 612, 212, 173
track:122, 851, 611, 212, 173
track:123, 849, 610, 212, 173
track:124, 850, 609, 212, 173
track:125, 848, 608, 212, 173
track:126, 845, 603, 212, 173
init :127, 858, 607, 184, 168
track:128, 858, 607, 184, 168
track:129, 858, 607, 184, 168
track:130, 857, 608, 184, 168
track:131, 857, 609, 184, 168
track:132, 860, 614, 184, 168
track:133, 861, 615, 184, 168
track:134, 856, 612, 193, 176
track:135, 856, 613, 193, 176
track:136, 857, 614, 193, 176
track:137, 857, 617, 193, 176
track:138, 859, 619, 193, 176
track:139, 865, 623, 184, 168
track:140, 869, 625, 175, 160
init :141, 863, 620, 175, 158
track:142, 866, 624, 167, 150
track:143, 865, 625, 167, 150
track:144, 865, 625, 167, 150
track:145, 862, 629, 167, 150
track:146, 861, 631, 167, 150
track:147, 857, 628, 175, 158
track:148, 853, 626, 184, 166
track:149, 853, 627, 184, 166
track:150, 854, 630, 184, 166
track:151, 858, 638, 175, 158
track:152, 858, 640, 175, 158
track:153, 854, 638, 184, 166
track:154, 854, 639, 184, 166
init :155, 863, 649, 175, 158
track:156, 863, 649, 175, 158
track:157, 864, 651, 175, 158
track:158, 865, 652, 175, 158
track:159, 865, 652, 175, 158
track:160, 870, 656, 167, 150
track:161, 868, 656, 167, 150
track:162, 866, 655, 167, 150
track:163, 864, 656, 167, 150
track:164, 864, 656, 167, 150
track:165, 864, 657, 167, 150
track:166, 864, 658, 167, 150
track:167, 865, 657, 167, 150
track:168, 864, 657, 167, 150
init :169, 863, 659, 166, 150
track:170, 863, 659, 166, 150
track:171, 866, 658, 166, 150
track:172, 868, 657, 166, 150
track:173, 867, 657, 166, 150
track:174, 866, 656, 166, 150
track:175, 864, 657, 166, 150
track:176, 862, 657, 166, 150
track:177, 862, 657, 166, 150
track:178, 864, 658, 166, 150
track:179, 864, 658, 166, 150
track:180, 865, 660, 166, 150
track:181, 866, 662, 166, 150
track:182, 866, 663, 166, 150
init :183, 872, 656, 161, 158
track:184, 872, 656, 161, 158
track:185, 873, 658, 161, 158
track:186, 871, 656, 161, 158
track:187, 867, 652, 161, 158
track:188, 864, 649, 161, 158
track:189, 862, 648, 161, 158
track:190, 860, 647, 161, 158
track:191, 859, 645, 161, 158
track:192, 859, 640, 161, 158
track:193, 858, 639, 161, 158
track:194, 858, 637, 161, 158
track:195, 860, 636, 161, 158
track:196, 861, 635, 161, 158
init :197, 858, 636, 166, 153
track:198, 855, 636, 166, 153
track:199, 855, 636, 166, 153
track:200, 854, 638, 166, 153
track:201, 852, 638, 166, 153
track:202, 852, 637, 166, 153
track:203, 852, 635, 166, 153
track:204, 852, 635, 166, 153
track:205, 853, 633, 166, 153
track:206, 853, 632, 166, 153
track:207, 851, 631, 166, 153
track:208, 855, 633, 158, 146
track:209, 854, 631, 158, 146
track:210, 851, 628, 158, 146
init :211, 849, 630, 152, 129
track:212, 848, 629, 152, 129
track:213, 849, 629, 152, 129
track:214, 849, 628, 152, 129
track:215, 850, 627, 152, 129
track:216, 850, 627, 152, 129
track:217, 850, 628, 152, 129
track:218, 850, 628, 152, 129
track:219, 849, 629, 152, 129
track:220, 849, 632, 152, 129
track:221, 850, 635, 152, 129
track:222, 853, 639, 145, 123
track:223, 853, 638, 145, 123
track:224, 852, 640, 145, 123
init :225, 853, 646, 138, 122
track:226, 853, 647, 138, 122
track:227, 854, 648, 138, 122
track:228, 854, 649, 138, 122
track:229, 854, 649, 138, 122
track:230, 854, 648, 138, 122
track:231, 854, 647, 138, 122
track:232, 853, 645, 138, 122
track:233, 853, 644, 138, 122
track:234, 855, 646, 131, 116
track:235, 855, 646, 131, 116
track:236, 856, 644, 131, 116
track:237, 857, 645, 131, 116
track:238, 858, 645, 131, 116
init :239, 863, 649, 124, 103
track:240, 864, 651, 124, 103
track:241, 865, 652, 124, 103
track:242, 868, 655, 118, 98
track:243, 867, 655, 118, 98
track:244, 867, 655, 118, 98
track:245, 868, 656, 118, 98
track:246, 867, 656, 118, 98
track:247, 867, 656, 118, 98
track:248, 868, 657, 118, 98
track:249, 868, 658, 118, 98
track:250, 868, 659, 118, 98
track:251, 868, 661, 118, 98
track:252, 869, 662, 118, 98
init :253, 867, 659, 120, 101
track:254, 868, 662, 120, 101
track:255, 869, 665, 120, 101
track:256, 868, 666, 120, 101
track:257, 870, 670, 120, 101
track:258, 870, 671, 120, 101
track:259, 871, 673, 120, 101
track:260, 871, 674, 120, 101
track:261, 871, 675, 120, 101
track:262, 871, 675, 120, 101
track:263, 871, 676, 120, 101
track:264, 871, 678, 120, 101
track:265, 871, 679, 120, 101
track:266, 871, 680, 120, 101
init :267, 867, 682, 124, 96
track:268, 867, 682, 124, 96
track:269, 868, 683, 124, 96
track:270, 868, 685, 124, 96
track:271, 868, 689, 124, 96
track:272, 867, 690, 130, 101
track:273, 867, 690, 130, 101
track:274, 867, 692, 130, 101
track:275, 868, 694, 130, 101
track:276, 869, 696, 130, 101
track:277, 870, 700, 130, 101
track:278, 870, 699, 130, 101
track:279, 871, 700, 130, 101
track:280, 872, 698, 130, 101
init :281, 867, 687, 138, 122
track:282, 869, 690, 138, 122
track:283, 869, 690, 138, 122
track:284, 870, 692, 138, 122
track:285, 872, 694, 138, 122
track:286, 874, 694, 138, 122
track:287, 876, 691, 138, 122
track:288, 874, 686, 145, 128
track:289, 870, 681, 152, 135
track:290, 866, 674, 160, 141
track:291, 865, 667, 160, 141
track:292, 863, 657, 168, 148
track:293, 864, 656, 168, 148
track:294, 865, 656, 168, 148
init :295, 867, 643, 184, 179
track:296, 868, 644, 184, 179
track:297, 867, 645, 184, 179
track:298, 867, 645, 184, 179
track:299, 861, 643, 193, 188
track:300, 858, 644, 193, 188
track:301, 851, 643, 203, 197
track:302, 850, 647, 203, 197
track:303, 845, 643, 213, 207
track:304, 843, 648, 213, 207
track:305, 836, 645, 224, 218
track:306, 837, 645, 224, 218
track:307, 829, 636, 235, 228
track:308, 830, 637, 235, 228
init :309, 821, 628, 258, 223
track:310, 819, 622, 258, 223
track:311, 817, 608, 258, 223
track:312, 825, 605, 246, 212
track:313, 818, 599, 258, 223
track:314, 825, 597, 246, 212
track:315, 824, 588, 246, 212
track:316, 824, 577, 246, 212
track:317, 831, 576, 234, 202
track:318, 831, 575, 234, 202
track:319, 832, 574, 234, 202
track:320, 838, 566, 234, 202
track:321, 841, 559, 234, 202
track:322, 847, 562, 223, 193
init :323, 858, 571, 203, 176
track:324, 862, 579, 193, 168
track:325, 862, 577, 193, 168
track:326, 860, 571, 193, 168
track:327, 859, 571, 193, 168
track:328, 859, 571, 193, 168
track:329, 857, 576, 193, 168
track:330, 854, 585, 193, 168
track:331, 853, 587, 193, 168
track:332, 851, 590, 193, 168
track:333, 850, 591, 193, 168
track:334, 850, 593, 193, 168
track:335, 850, 594, 193, 168
track:336, 849, 597, 193, 168
init :337, 853, 599, 184, 168
track:338, 853, 599, 184, 168
track:339, 853, 595, 184, 168
track:340, 854, 594, 184, 168
track:341, 854, 594, 184, 168
track:342, 855, 593, 184, 168
track:343, 855, 593, 184, 168
track:344, 854, 591, 184, 168
track:345, 860, 592, 175, 160
track:346, 860, 593, 175, 160
track:347, 859, 595, 175, 160
track:348, 859, 595, 175, 160
track:349, 864, 602, 167, 152
track:350, 867, 609, 159, 145
init :351, 872, 625, 147, 114
track:352, 873, 627, 147, 114
track:353, 873, 628, 147, 114
track:354, 874, 631, 147, 114
track:355, 872, 632, 147, 114
track:356, 876, 635, 140, 109
track:357, 875, 636, 140, 109
track:358, 875, 636, 140, 109
track:359, 875, 636, 140, 109
track:360, 875, 636, 140, 109
track:361, 874, 637, 140, 109
track:362, 873, 637, 140, 109
track:363, 873, 638, 140, 109
track:364, 876, 640, 133, 103
init :365, 872, 643, 133, 103
track:366, 872, 643, 133, 103
track:367, 871, 645, 133, 103
track:368, 870, 645, 133, 103
track:369, 874, 647, 127, 98
track:370, 873, 652, 127, 98
track:371, 873, 659, 127, 98
track:372, 872, 661, 127, 98
track:373, 872, 661, 127, 98
track:374, 871, 663, 127, 98
track:375, 870, 664, 127, 98
track:376, 867, 664, 127, 98
track:377, 866, 665, 127, 98
track:378, 865, 666, 127, 98
init :379, 867, 662, 115, 98
track:380, 867, 661, 115, 98
track:381, 867, 661, 115, 98
track:382, 865, 662, 115, 98
track:383, 864, 662, 115, 98
track:384, 864, 662, 115, 98
track:385, 863, 661, 115, 98
track:386, 863, 661, 115, 98
track:387, 862, 661, 115, 98
track:388, 863, 661, 115, 98
track:389, 862, 660, 115, 98
track:390, 862, 660, 115, 98
track:391, 862, 662, 115, 98
track:392, 862, 665, 115, 98
init :393, 863, 669, 115, 85
track:394, 863, 670, 115, 85
track:395, 864, 675, 115, 85
track:396, 864, 680, 115, 85
track:397, 865, 683, 115, 85
track:398, 866, 684, 115, 85
track:399, 867, 687, 115, 85
track:400, 869, 693, 115, 85
track:401, 870, 699, 115, 85
track:402, 871, 702, 115, 85
track:403, 871, 702, 115, 85
track:404, 872, 705, 115, 85
track:405, 873, 705, 115, 85
track:406, 874, 704, 115, 85
init :407, 881, 708, 101, 83
track:408, 881, 708, 101, 83
track:409, 881, 707, 101, 83
track:410, 881, 705, 101, 83
track:411, 883, 703, 101, 83
track:412, 882, 701, 101, 83
track:413, 883, 701, 101, 83
track:414, 884, 699, 101, 83
track:415, 883, 700, 101, 83
track:416, 883, 702, 101, 83
track:417, 884, 702, 101, 83
track:418, 884, 702, 101, 83
track:419, 884, 702, 101, 83
track:420, 882, 704, 101, 83
init :421, 876, 700, 110, 83
track:422, 876, 699, 110, 83
track:423, 876, 697, 110, 83
track:424, 876, 695, 110, 83
track:425, 876, 694, 110, 83
track:426, 875, 692, 110, 83
track:427, 874, 690, 110, 83
track:428, 873, 690, 110, 83
track:429, 873, 690, 110, 83
track:430, 873, 690, 110, 83
track:431, 873, 691, 110, 83
track:432, 872, 690, 110, 83
track:433, 872, 690, 110, 83
track:434, 871, 690, 110, 83
init :435, 867, 690, 110, 83
track:436, 866, 691, 110, 83
track:437, 866, 693, 110, 83
track:438, 867, 693, 110, 83
track:439, 868, 694, 110, 83
track:440, 868, 695, 110, 83
track:441, 868, 694, 110, 83
track:442, 869, 695, 110, 83
track:443, 870, 696, 110, 83
track:444, 869, 695, 110, 83
track:445, 869, 696, 110, 83
track:446, 869, 697, 110, 83
track:447, 867, 695, 115, 87
track:448, 867, 695, 115, 87
init :449, 867, 693, 115, 85
track:450, 867, 693, 115, 85
track:451, 867, 695, 115, 85
track:452, 868, 697, 115, 85
track:453, 868, 698, 115, 85
track:454, 869, 698, 115, 85
track:455, 868, 696, 121, 89
track:456, 868, 697, 121, 89
track:457, 868, 696, 121, 89
track:458, 867, 697, 121, 89
track:459, 867, 696, 121, 89
track:460, 867, 694, 121, 89
track:461, 868, 694, 121, 89
track:462, 865, 691, 127, 94
init :463, 867, 687, 124, 101
track:464, 866, 685, 124, 101
track:465, 866, 682, 124, 101
track:466, 867, 683, 124, 101
track:467, 867, 683, 124, 101
track:468, 866, 684, 124, 101
track:469, 866, 685, 124, 101
track:470, 868, 687, 124, 101
track:471, 866, 684, 130, 106
track:472, 866, 684, 130, 106
track:473, 867, 687, 130, 106
track:474, 867, 689, 130, 106
track:475, 869, 689, 130, 106
track:476, 867, 686, 137, 111
init :477, 872, 682, 138, 116
track:478, 873, 681, 138, 116
track:479, 876, 679, 138, 116
track:480, 878, 670, 138, 116
track:481, 879, 668, 138, 116
track:482, 879, 668, 138, 116
track:483, 883, 659, 138, 116
track:484, 881, 656, 145, 122
track:485, 882, 657, 145, 122
track:486, 879, 657, 152, 128
track:487, 879, 658, 152, 128
track:488, 878, 662, 152, 128
track:490, 876, 665, 152, 128
init :491, 863, 664, 170, 145
track:492, 863, 664, 170, 145
track:493, 862, 664, 170, 145
track:494, 861, 664, 170, 145
track:495, 857, 656, 170, 145
track:496, 858, 654, 170, 145
track:497, 856, 652, 170, 145
track:498, 853, 648, 170, 145
track:499, 853, 645, 170, 145
track:500, 852, 640, 170, 145
track:501, 852, 636, 170, 145
track:502, 851, 635, 170, 145
track:503, 852, 633, 170, 145
track:504, 851, 630, 170, 145
init :505, 853, 630, 156, 140
track:506, 852, 630, 156, 140
track:507, 853, 630, 156, 140
track:508, 848, 625, 164, 147
track:509, 848, 622, 164, 147
track:510, 848, 620, 164, 147
track:511, 848, 618, 164, 147
track:512, 851, 620, 156, 140
track:513, 851, 619, 156, 140
track:514, 851, 621, 156, 140
track:515, 852, 622, 156, 140
track:516, 851, 621, 156, 140
track:517, 855, 624, 149, 133
track:518, 855, 621, 149, 133
init :519, 853, 628, 156, 116
track:520, 854, 628, 156, 116
track:521, 855, 627, 156, 116
track:522, 854, 627, 156, 116
track:523, 854, 629, 156, 116
track:524, 855, 632, 156, 116
track:525, 856, 633, 156, 116
track:526, 857, 635, 156, 116
track:527, 857, 635, 156, 116
track:528, 860, 637, 149, 110
track:529, 860, 636, 149, 110
track:530, 865, 636, 141, 105
track:531, 865, 635, 141, 105
track:532, 868, 637, 135, 100
init :533, 876, 636, 129, 98
track:534, 876, 637, 129, 98
track:535, 875, 638, 129, 98
track:536, 875, 641, 129, 98
track:537, 875, 641, 129, 98
track:538, 875, 642, 129, 98
track:539, 879, 645, 123, 93
track:540, 879, 646, 123, 93
track:543, 876, 647, 123, 93
track:544, 876, 647, 123, 93
track:546, 873, 653, 123, 93
init :547, 872, 656, 115, 83
track:548, 871, 658, 115, 83
track:549, 871, 661, 115, 83
track:550, 870, 663, 115, 83
track:551, 868, 664, 115, 83
track:552, 868, 664, 115, 83
track:553, 868, 664, 115, 83
track:554, 868, 664, 115, 83
track:555, 867, 665, 115, 83
track:556, 867, 665, 115, 83
track:557, 867, 665, 115, 83
track:558, 869, 671, 110, 79
track:559, 871, 675, 104, 75
track:560, 871, 678, 104, 75
init :561, 876, 680, 96, 80
track:562, 876, 680, 96, 80
track:563, 876, 683, 96, 80
track:564, 876, 685, 96, 80
track:565, 876, 686, 96, 80
track:566, 876, 689, 96, 80
track:567, 876, 689, 96, 80
track:568, 877, 692, 96, 80
track:569, 878, 693, 96, 80
track:570, 877, 696, 96, 80
track:571, 876, 698, 96, 80
track:572, 876, 699, 96, 80
track:573, 878, 700, 96, 80
track:574, 879, 701, 96, 80
init :575, 876, 698, 101, 85
track:576, 875, 696, 101, 85
track:577, 874, 696, 101, 85
track:578, 875, 695, 101, 85
track:579, 875, 693, 101, 85
track:580, 877, 692, 101, 85
track:581, 877, 693, 101, 85
track:582, 877, 693, 101, 85
track:583, 876, 695, 101, 85
track:584, 875, 696, 101, 85
track:585, 875, 697, 101, 85
track:586, 876, 696, 101, 85
track:587, 875, 697, 101, 85
track:588, 875, 697, 101, 85
init :589, 876, 698, 106, 83
track:590, 875, 698, 106, 83
track:591, 874, 699, 106, 83
track:592, 874, 699, 106, 83
track:593, 873, 698, 106, 83
track:594, 873, 696, 106, 83
track:595, 871, 686, 111, 87
track:596, 870, 682, 111, 87
track:597, 869, 683, 111, 87
track:598, 867, 677, 117, 92
track:599, 866, 670, 117, 92
track:600, 866, 667, 117, 92
track:601, 867, 666, 117, 92
track:602, 867, 666, 117, 92
init :603, 867, 664, 110, 101
track:604, 866, 660, 110, 101
track:605, 866, 657, 110, 101
track:606, 866, 656, 110, 101
track:607, 867, 657, 110, 101
track:608, 868, 655, 110, 101
track:609, 868, 655, 110, 101
track:610, 868, 657, 110, 101
track:611, 868, 660, 110, 101
track:612, 868, 661, 110, 101
track:613, 867, 663, 110, 101
track:614, 868, 666, 110, 101
track:615, 868, 668, 110, 101
track:616, 865, 668, 115, 106
init :617, 863, 667, 129, 103
track:618, 860, 663, 135, 108
track:619, 859, 662, 135, 108
track:620, 861, 661, 135, 108
track:621, 862, 661, 135, 108
track:622, 862, 661, 135, 108
track:623, 861, 660, 135, 108
track:624, 860, 658, 135, 108
track:625, 861, 658, 135, 108
track:626, 862, 659, 135, 108
track:627, 862, 660, 135, 108
track:628, 863, 660, 135, 108
track:629, 862, 660, 135, 108
track:630, 862, 657, 135, 108
init :631, 858, 656, 143, 114
track:632, 858, 656, 143, 114
track:633, 860, 660, 143, 114
track:634, 857, 662, 150, 120
track:635, 857, 664, 150, 120
track:636, 859, 665, 150, 120
track:637, 859, 666, 150, 120
track:638, 860, 667, 150, 120
track:639, 861, 667, 150, 120
track:640, 862, 666, 150, 120
track:641, 861, 665, 150, 120
track:642, 861, 664, 150, 120
track:643, 861, 663, 150, 120
track:644, 862, 662, 150, 120
init :645, 858, 654, 152, 119
track:646, 858, 652, 152, 119
track:647, 859, 652, 152, 119
track:648, 859, 652, 152, 119
track:649, 859, 653, 152, 119
track:650, 861, 654, 152, 119
track:651, 862, 654, 152, 119
track:652, 863, 654, 152, 119
track:653, 864, 653, 152, 119
track:654, 865, 654, 152, 119
track:655, 866, 658, 152, 119
track:656, 867, 659, 152, 119
track:657, 868, 660, 152, 119
track:658, 870, 663, 152, 119
init :659, 876, 662, 138, 116
track:660, 876, 661, 138, 116
track:661, 877, 662, 138, 116
track:662, 877, 663, 138, 116
track:663, 878, 662, 138, 116
track:664, 879, 661, 138, 116
track:665, 881, 659, 138, 116
track:666, 881, 658, 138, 116
track:667, 881, 657, 138, 116
track:668, 882, 654, 138, 116
track:669, 882, 654, 138, 116
track:670, 882, 653, 138, 116
track:671, 880, 654, 138, 116
track:672, 880, 653, 138, 116
init :673, 872, 651, 143, 116
track:674, 871, 650, 143, 116
track:675, 870, 650, 143, 116
track:676, 870, 651, 143, 116
track:677, 870, 651, 143, 116
track:678, 868, 653, 143, 116
track:679, 867, 663, 143, 116
track:680, 868, 670, 143, 116
track:681, 868, 672, 143, 116
track:682, 868, 673, 143, 116
track:683, 866, 672, 143, 116
track:684, 865, 671, 143, 116
track:685, 865, 673, 143, 116
track:686, 865, 675, 143, 116
init :687, 867, 669, 143, 124
track:688, 867, 669, 143, 124
track:689, 866, 668, 143, 124
track:690, 864, 667, 143, 124
track:691, 864, 665, 143, 124
track:692, 864, 664, 143, 124
track:693, 862, 662, 143, 124
track:694, 863, 662, 143, 124
track:695, 863, 661, 143, 124
track:696, 862, 659, 143, 124
track:697, 862, 659, 143, 124
track:698, 860, 658, 143, 124
track:699, 859, 659, 143, 124
track:700, 857, 661, 143, 124
init :701, 853, 667, 152, 111
track:702, 853, 667, 152, 111
track:703, 853, 669, 152, 111
track:704, 852, 675, 152, 111
track:705, 850, 680, 152, 111
track:706, 850, 681, 152, 111
track:707, 850, 682, 152, 111
track:708, 848, 683, 152, 111
track:709, 849, 684, 152, 111
track:710, 849, 682, 152, 111
track:711, 846, 679, 160, 117
track:712, 846, 676, 160, 117
track:713, 846, 675, 160, 117
track:714, 846, 674, 160, 117
init :715, 853, 675, 147, 119
track:716, 853, 675, 147, 119
track:717, 853, 677, 147, 119
track:718, 854, 677, 147, 119
track:719, 855, 678, 147, 119
track:720, 855, 678, 147, 119
track:721, 855, 678, 147, 119
track:722, 856, 679, 147, 119
track:723, 856, 678, 147, 119
track:724, 855, 675, 147, 119
track:725, 856, 671, 147, 119
track:726, 857, 670, 147, 119
track:727, 857, 668, 147, 119
track:728, 854, 663, 154, 125
init :729, 853, 654, 152, 124
track:730, 853, 653, 152, 124
track:731, 853, 653, 152, 124
track:732, 854, 653, 152, 124
track:733, 850, 649, 160, 130
track:734, 855, 648, 152, 124
track:735, 856, 642, 152, 124
track:736, 856, 642, 152, 124
track:737, 856, 641, 152, 124
track:738, 855, 639, 152, 124
track:739, 851, 637, 160, 130
track:740, 853, 638, 160, 130
track:741, 854, 639, 160, 130
track:742, 854, 639, 160, 130
init :743, 853, 636, 161, 150
track:744, 852, 636, 161, 150
track:745, 854, 635, 161, 150
track:746, 854, 635, 161, 150
track:747, 855, 633, 161, 150
track:748, 855, 625, 161, 150
track:749, 853, 620, 161, 150
track:750, 852, 620, 161, 150
track:751, 852, 620, 161, 150
track:752, 852, 621, 161, 150
track:753, 853, 622, 161, 150
track:754, 855, 621, 161, 150
track:755, 857, 622, 161, 150
track:756, 858, 621, 161, 150
init :757, 853, 633, 161, 111
track:758, 852, 632, 161, 111
track:759, 852, 635, 161, 111
track:760, 851, 638, 161, 111
track:761, 852, 639, 161, 111
track:762, 854, 640, 161, 111
track:763, 858, 639, 161, 111
track:764, 858, 639, 161, 111
track:765, 856, 640, 161, 111
track:766, 856, 640, 161, 111
track:767, 855, 640, 161, 111
track:768, 855, 642, 161, 111
track:769, 856, 643, 161, 111
track:770, 858, 653, 161, 111
init :771, 867, 643, 147, 132
track:772, 868, 643, 147, 132
track:773, 868, 642, 147, 132
track:774, 869, 642, 147, 132
track:775, 869, 643, 147, 132
track:776, 870, 643, 147, 132
track:777, 870, 642, 147, 132
track:778, 870, 641, 147, 132
track:779, 872, 641, 147, 132
track:780, 873, 641, 147, 132
track:781, 876, 644, 140, 126
track:782, 876, 645, 140, 126
track:783, 877, 644, 140, 126
track:784, 876, 643, 140, 126
init :785, 881, 649, 138, 101
track:786, 881, 649, 138, 101
track:787, 878, 647, 145, 106
track:788, 878, 648, 145, 106
track:789, 876, 650, 145, 106
track:790, 877, 649, 145, 106
track:791, 876, 649, 145, 106
track:792, 876, 648, 145, 106
track:793, 875, 648, 145, 106
track:794, 878, 652, 138, 101
track:795, 875, 654, 145, 106
track:796, 875, 655, 145, 106
track:797, 875, 654, 145, 106
track:798, 875, 654, 145, 106
init :799, 876, 656, 133, 106
track:800, 875, 657, 133, 106
track:801, 875, 658, 133, 106
track:802, 875, 659, 133, 106
track:803, 874, 659, 133, 106
track:804, 875, 661, 133, 106
track:805, 874, 660, 133, 106
track:806, 874, 660, 133, 106
track:807, 873, 660, 133, 106
track:808, 872, 661, 133, 106
track:809, 872, 662, 133, 106
track:810, 874, 664, 133, 106
track:811, 873, 665, 133, 106
track:812, 872, 667, 133, 106
init :813, 867, 664, 138, 109
track:814, 866, 664, 138, 109
track:815, 865, 665, 138, 109
track:816, 866, 664, 138, 109
track:817, 866, 667, 138, 109
track:818, 865, 672, 138, 109
track:819, 864, 674, 138, 109
track:820, 859, 683, 145, 114
track:821, 859, 683, 145, 114
track:822, 858, 684, 145, 114
track:823, 859, 683, 145, 114
track:824, 858, 682, 145, 114
track:825, 857, 682, 145, 114
track:826, 857, 683, 145, 114
init :827, 849, 682, 156, 129
track:828, 849, 686, 156, 129
track:829, 851, 688, 156, 129
track:830, 852, 689, 156, 129
track:831, 853, 690, 156, 129
track:832, 849, 687, 164, 135
track:833, 852, 686, 164, 135
track:834, 849, 677, 172, 142
track:835, 845, 666, 181, 149
track:836, 844, 665, 181, 149
track:837, 843, 659, 181, 149
track:838, 842, 657, 181, 149
track:839, 845, 657, 172, 142
track:840, 844, 652, 172, 142
init :841, 840, 646, 180, 163
track:842, 839, 645, 180, 163
track:843, 837, 643, 180, 163
track:844, 836, 639, 180, 163
track:845, 831, 625, 180, 163
track:846, 831, 625, 180, 163
track:847, 830, 621, 180, 163
track:848, 829, 613, 180, 163
track:849, 829, 612, 180, 163
track:850, 823, 607, 189, 171
track:851, 823, 607, 189, 171
track:852, 822, 598, 198, 180
track:853, 825, 594, 198, 180
track:854, 827, 595, 198, 180
init :855, 830, 599, 198, 173
track:856, 830, 599, 198, 173
track:857, 831, 600, 198, 173
track:858, 832, 597, 198, 173
track:859, 832, 595, 198, 173
track:860, 831, 592, 198, 173
track:861, 831, 591, 198, 173
track:862, 836, 596, 189, 165
track:863, 837, 602, 189, 165
track:864, 838, 608, 189, 165
track:865, 839, 614, 189, 165
track:866, 839, 615, 189, 165
track:867, 839, 618, 189, 165
track:868, 838, 621, 189, 165
init :869, 844, 633, 170, 129
track:870, 845, 637, 170, 129
track:871, 845, 637, 170, 129
track:872, 845, 639, 170, 129
track:873, 846, 640, 170, 129
track:874, 847, 641, 170, 129
track:875, 852, 644, 162, 123
track:876, 852, 645, 162, 123
track:877, 853, 645, 162, 123
track:878, 854, 644, 162, 123
track:879, 861, 646, 154, 117
track:880, 860, 646, 154, 117
track:881, 860, 647, 154, 117
track:882, 861, 646, 154, 117
init :883, 867, 646, 143, 124
track:884, 869, 646, 143, 124
track:885, 870, 646, 143, 124
track:886, 871, 646, 143, 124
track:887, 872, 648, 143, 124
track:888, 873, 648, 143, 124
track:889, 874, 647, 143, 124
track:890, 875, 646, 143, 124
track:891, 876, 646, 143, 124
track:892, 881, 648, 136, 118
track:893, 882, 646, 136, 118
track:894, 885, 648, 130, 112
track:895, 886, 648, 130, 112
track:896, 886, 648, 130, 112
init :897, 886, 649, 129, 98
track:898, 885, 649, 129, 98
track:899, 883, 649, 129, 98
track:900, 882, 651, 129, 98
track:901, 881, 651, 129, 98
track:902, 880, 653, 129, 98
track:903, 879, 654, 129, 98
track:904, 880, 653, 129, 98
track:905, 879, 653, 129, 98
track:906, 880, 653, 129, 98
track:907, 855, 638, 129, 98
track:908, 851, 633, 135, 103
track:909, 840, 629, 135, 103
track:910, 835, 635, 135, 103
init :911, 803, 558, 290, 262
track:912, 797, 556, 304, 275
track:913, 797, 558, 304, 275
track:914, 798, 561, 304, 275
track:915, 799, 566, 304, 275
track:916, 806, 572, 290, 262
track:917, 800, 568, 304, 275
track:918, 807, 576, 290, 262
track:919, 814, 583, 276, 250
track:920, 805, 578, 290, 262
track:921, 804, 578, 290, 262
track:922, 801, 577, 290, 262
track:923, 795, 575, 290, 262
track:924, 790, 575, 290, 262
init :925, 780, 581, 300, 254
track:926, 780, 581, 300, 254
track:927, 779, 582, 300, 254
track:928, 773, 582, 300, 254
track:929, 770, 581, 300, 254
track:930, 767, 578, 300, 254
track:931, 765, 580, 300, 254
track:932, 765, 577, 300, 254
track:933, 763, 575, 300, 254
track:934, 764, 573, 300, 254
track:935, 764, 571, 300, 254
track:936, 764, 571, 300, 254
track:937, 763, 568, 300, 254
track:938, 765, 566, 300, 254
init :939, 775, 571, 318, 236
track:940, 776, 571, 318, 236
track:941, 776, 571, 318, 236
track:942, 778, 571, 318, 236
track:943, 778, 570, 318, 236
track:944, 777, 569, 318, 236
track:945, 776, 569, 318, 236
track:946, 776, 569, 318, 236
track:947, 774, 569, 318, 236
track:948, 769, 570, 318, 236
track:949, 766, 572, 318, 236
track:950, 763, 572, 318, 236
track:951, 761, 574, 318, 236
track:952, 759, 575, 318, 236
init :953, 752, 576, 360, 238
track:954, 751, 575, 360, 238
track:955, 752, 578, 360, 238
track:956, 751, 576, 360, 238
track:957, 752, 578, 360, 238
track:958, 752, 579, 360, 238
track:959, 751, 580, 360, 238
track:960, 750, 582, 360, 238
track:961, 748, 582, 360, 238
track:962, 746, 584, 360, 238
track:963, 745, 586, 360, 238
track:964, 746, 585, 360, 238
track:965, 745, 587, 360, 238
track:966, 741, 586, 360, 238
init :967, 724, 586, 415, 241
track:968, 721, 586, 415, 241
track:969, 719, 586, 415, 241
track:970, 719, 585, 415, 241
track:971, 716, 586, 415, 241
track:972, 710, 584, 415, 241
track:973, 698, 578, 436, 253
track:974, 693, 580, 436, 253
track:975, 692, 579, 436, 253
track:976, 691, 580, 436, 253
track:977, 688, 581, 436, 253
track:978, 687, 581, 436, 253
track:979, 687, 583, 436, 253
track:980, 695, 590, 415, 241
init :981, 692, 586, 470, 246
track:982, 693, 587, 470, 246
track:983, 694, 588, 470, 246
track:984, 695, 590, 470, 246
track:985, 698, 588, 470, 246
track:986, 700, 587, 470, 246
track:987, 700, 587, 470, 246
track:988, 702, 587, 470, 246
track:989, 704, 588, 470, 246
track:990, 706, 589, 470, 246
track:991, 707, 589, 470, 246
track:992, 719, 595, 448, 234
track:993, 719, 596, 448, 234
track:994, 717, 592, 448, 234
init :995, 706, 589, 507, 238
track:996, 706, 586, 507, 238
track:997, 709, 586, 507, 238
track:998, 708, 581, 507, 238
track:999, 722, 584, 483, 227
track:1000, 726, 585, 483, 227
track:1001, 728, 583, 483, 227
track:1002, 745, 585, 483, 227
track:1003, 746, 579, 483, 227
track:1004, 747, 574, 483, 227
track:1005, 741, 574, 483, 227
track:1006, 735, 566, 507, 238
track:1007, 735, 565, 507, 238
track:1008, 741, 564, 507, 238
init :1009, 761, 573, 489, 199
track:1010, 761, 573, 489, 199
track:1011, 771, 578, 466, 190
track:1012, 768, 577, 466, 190
track:1013, 761, 578, 466, 190
track:1014, 757, 578, 466, 190
track:1015, 757, 577, 466, 190
track:1016, 753, 576, 466, 190
track:1017, 751, 575, 466, 190
track:1018, 747, 576, 466, 190
track:1019, 731, 571, 489, 199
track:1020, 729, 569, 489, 199
track:1021, 731, 570, 489, 199
track:1022, 742, 574, 466, 190
init :1023, 756, 578, 452, 176
track:1024, 755, 579, 452, 176
track:1025, 754, 579, 452, 176
track:1026, 752, 580, 452, 176
track:1027, 750, 581, 452, 176
track:1028, 746, 583, 452, 176
track:1029, 741, 584, 452, 176
track:1030, 739, 584, 452, 176
track:1031, 747, 589, 430, 168
track:1032, 742, 590, 430, 168
track:1033, 736, 592, 430, 168
track:1034, 732, 594, 430, 168
track:1035, 731, 594, 430, 168
track:1036, 730, 595, 430, 168
init :1037, 743, 599, 433, 153
track:1038, 731, 596, 455, 161
track:1039, 729, 598, 455, 161
track:1040, 730, 598, 455, 161
track:1041, 740, 605, 433, 153
track:1042, 739, 606, 433, 153
track:1043, 745, 610, 412, 146
track:1044, 745, 614, 412, 146
track:1045, 745, 612, 412, 146
track:1046, 755, 618, 393, 139
track:1047, 757, 620, 393, 139
track:1048, 753, 616, 412, 146
track:1049, 757, 614, 412, 146
track:1050, 759, 613, 412, 146
init :1051, 756, 610, 452, 150
track:1052, 761, 607, 452, 150
track:1053, 768, 607, 452, 150
track:1054, 773, 608, 452, 150
track:1055, 777, 608, 452, 150
track:1056, 780, 607, 452, 150
track:1057, 785, 608, 452, 150
track:1058, 788, 609, 452, 150
track:1059, 790, 610, 452, 150
track:1060, 789, 611, 452, 150
track:1061, 781, 608, 475, 158
track:1062, 766, 604, 498, 165
track:1063, 777, 609, 475, 158
track:1064, 773, 608, 475, 158
init :1065, 793, 617, 438, 135
track:1066, 791, 617, 438, 135
track:1067, 785, 616, 438, 135
track:1068, 777, 614, 438, 135
track:1069, 759, 610, 460, 142
track:1070, 756, 607, 460, 142
track:1071, 760, 612, 438, 135
track:1072, 743, 612, 438, 135
track:1073, 729, 613, 438, 135
track:1074, 718, 613, 438, 135
track:1075, 713, 613, 438, 135
track:1076, 695, 609, 460, 142
track:1077, 688, 610, 460, 142
track:1078, 672, 609, 460, 142
init :1079, 687, 625, 433, 129
track:1080, 687, 625, 433, 129
track:1081, 680, 625, 433, 129
track:1082, 675, 625, 433, 129
track:1083, 672, 625, 433, 129
track:1084, 673, 625, 433, 129
track:1085, 672, 626, 433, 129
track:1086, 670, 626, 433, 129
track:1087, 659, 623, 455, 135
track:1088, 660, 623, 455, 135
track:1089, 662, 624, 455, 135
track:1090, 652, 620, 477, 142
track:1091, 651, 621, 477, 142
track:1092, 656, 622, 477, 142
init :1093, 673, 628, 456, 140
track:1094, 673, 628, 456, 140
track:1095, 673, 628, 456, 140
track:1096, 675, 629, 456, 140
track:1097, 679, 629, 456, 140
track:1098, 680, 631, 456, 140
track:1099, 681, 631, 456, 140
track:1100, 683, 631, 456, 140
track:1101, 672, 627, 479, 147
track:1102, 684, 629, 456, 140
track:1103, 680, 629, 456, 140
track:1104, 685, 629, 456, 140
track:1105, 683, 631, 456, 140
track:1106, 684, 631, 456, 140
init :1107, 701, 628, 456, 171
track:1108, 696, 627, 456, 171
track:1109, 690, 629, 456, 171
track:1110, 691, 629, 456, 171
track:1111, 682, 630, 456, 171
track:1112, 686, 630, 456, 171
track:1113, 687, 634, 456, 171
track:1114, 683, 634, 456, 171
track:1115, 681, 636, 456, 171
track:1116, 676, 636, 456, 171
track:1117, 673, 634, 456, 171
track:1118, 668, 636, 456, 171
track:1119, 669, 637, 456, 171
track:1120, 664, 637, 456, 171
init :1121, 701, 628, 401, 184
track:1122, 701, 628, 401, 184
track:1123, 697, 627, 401, 184
track:1124, 693, 627, 401, 184
track:1125, 693, 626, 401, 184
track:1126, 697, 626, 401, 184
track:1127, 699, 627, 401, 184
track:1128, 699, 628, 401, 184
track:1129, 706, 626, 401, 184
track:1130, 703, 626, 401, 184
track:1131, 705, 629, 401, 184
track:1132, 712, 629, 382, 175
track:1133, 718, 630, 382, 175
track:1134, 701, 625, 401, 184
init :1135, 803, 630, 276, 179
track:1136, 803, 631, 276, 179
track:1137, 805, 628, 276, 179
track:1138, 804, 627, 276, 179
track:1139, 799, 628, 276, 179
track:1140, 797, 629, 276, 179
track:1141, 791, 630, 276, 179
track:1142, 785, 631, 276, 179
track:1143, 777, 631, 276, 179
track:1144, 757, 631, 276, 179
track:1145, 766, 638, 263, 170
track:1146, 761, 637, 263, 170
track:1147, 751, 638, 263, 170
track:1148, 745, 635, 276, 179
init :1149, 798, 633, 193, 179
track:1150, 798, 633, 193, 179
track:1151, 796, 633, 193, 179
track:1152, 792, 634, 193, 179
track:1153, 788, 636, 193, 179
track:1154, 785, 636, 193, 179
track:1155, 786, 637, 193, 179
track:1156, 783, 639, 193, 179
track:1157, 785, 640, 193, 179
track:1158, 786, 639, 193, 179
track:1159, 788, 637, 193, 179
track:1160, 785, 637, 193, 179
track:1161, 791, 635, 193, 179
track:1162, 794, 640, 184, 170
init :1163, 784, 636, 286, 176
track:1164, 785, 636, 286, 176
track:1165, 785, 637, 286, 176
track:1166, 783, 638, 286, 176
track:1167, 773, 634, 300, 185
track:1168, 771, 634, 300, 185
track:1169, 768, 634, 300, 185
track:1170, 765, 634, 300, 185
track:1171, 766, 634, 300, 185
track:1172, 764, 633, 300, 185
track:1173, 757, 632, 300, 185
track:1174, 753, 627, 315, 194
track:1175, 751, 624, 315, 194
track:1176, 753, 625, 315, 194
init :1177, 761, 638, 369, 155
track:1178, 772, 641, 351, 148
track:1179, 768, 636, 369, 155
track:1180, 767, 635, 369, 155
track:1181, 770, 634, 369, 155
track:1182, 763, 628, 387, 163
track:1183, 777, 632, 369, 155
track:1184, 775, 630, 369, 155
track:1185, 786, 634, 351, 148
track:1186, 787, 632, 351, 148
track:1187, 790, 630, 351, 148
track:1188, 789, 629, 351, 148
track:1189, 788, 626, 351, 148
track:1190, 786, 623, 369, 155
init :1191, 793, 633, 387, 127
track:1192, 790, 631, 387, 127
track:1193, 790, 630, 387, 127
track:1194, 786, 629, 387, 127
track:1195, 786, 628, 387, 127
track:1196, 791, 631, 369, 121
track:1197, 795, 629, 369, 121
track:1198, 786, 624, 387, 127
track:1199, 781, 626, 387, 127
track:1200, 778, 625, 387, 127
track:1201, 781, 625, 387, 127
track:1202, 789, 629, 369, 121
track:1203, 790, 629, 369, 121
track:1204, 791, 628, 369, 121
init :1205, 816, 630, 355, 106
track:1206, 819, 630, 355, 106
track:1207, 823, 629, 355, 106
track:1208, 826, 628, 355, 106
track:1209, 828, 628, 355, 106
track:1210, 841, 631, 338, 101
track:1211, 848, 633, 338, 101
track:1212, 858, 637, 322, 96
track:1213, 868, 642, 307, 92
track:1214, 860, 640, 322, 96
track:1215, 858, 641, 322, 96
track:1216, 853, 639, 338, 101
track:1217, 860, 642, 322, 96
track:1218, 857, 643, 322, 96
init :1219, 876, 649, 318, 101
track:1220, 874, 649, 318, 101
track:1221, 879, 653, 303, 96
track:1222, 878, 653, 303, 96
track:1223, 883, 658, 288, 92
track:1224, 883, 658, 288, 92
track:1225, 885, 659, 288, 92
track:1226, 884, 660, 288, 92
track:1227, 883, 660, 288, 92
track:1228, 882, 660, 288, 92
track:1229, 880, 661, 288, 92
track:1230, 889, 664, 275, 87
track:1231, 888, 664, 275, 87
track:1232, 896, 667, 262, 83
init :1233, 913, 662, 253, 98
track:1234, 913, 662, 253, 98
track:1235, 912, 662, 253, 98
track:1236, 915, 665, 241, 93
track:1237, 911, 665, 241, 93
track:1238, 913, 667, 229, 89
track:1239, 912, 667, 229, 89
track:1240, 919, 668, 219, 85
track:1241, 918, 668, 219, 85
track:1242, 914, 668, 219, 85
track:1243, 913, 669, 219, 85
track:1244, 918, 668, 219, 85
track:1245, 912, 669, 219, 85
track:1246, 917, 671, 208, 81
init :1247, 950, 669, 170, 93
track:1248, 952, 671, 162, 89
track:1249, 952, 671, 162, 89
track:1250, 949, 670, 162, 89
track:1251, 947, 670, 162, 89
track:1252, 936, 668, 162, 89
track:1253, 930, 665, 162, 89
track:1254, 931, 665, 162, 89
track:1255, 924, 665, 162, 89
track:1256, 920, 664, 162, 89
track:1257, 908, 662, 162, 89
track:1258, 907, 659, 162, 89
track:1259, 903, 659, 162, 89
track:1260, 901, 656, 162, 89
init :1261, 793, 589, 73, 51
track:1262, 820, 590, 73, 51
track:1263, 846, 588, 77, 54
track:1264, 847, 588, 77, 54
track:1265, 861, 589, 77, 54
track:1266, 894, 589, 77, 54
track:1267, 918, 589, 77, 54
track:1268, 917, 583, 73, 51
track:1269, 919, 584, 70, 49
track:1270, 940, 586, 70, 49
track:1271, 954, 584, 66, 46
track:1272, 969, 582, 66, 46
track:1273, 971, 587, 66, 46
track:1274, 949, 582, 66, 46
init :1275, 927, 656, 120, 77
track:1276, 923, 657, 120, 77
track:1277, 917, 655, 126, 81
track:1278, 911, 657, 120, 77
track:1279, 912, 658, 120, 77
track:1280, 905, 658, 120, 77
track:1281, 897, 658, 120, 77
track:1282, 890, 659, 120, 77
track:1283, 889, 659, 120, 77
track:1284, 887, 659, 120, 77
track:1285, 878, 660, 120, 77
track:1286, 874, 658, 120, 77
track:1287, 872, 658, 120, 77
track:1288, 869, 658, 120, 77
init :1289, 872, 659, 143, 72
track:1290, 871, 659, 143, 72
track:1291, 870, 660, 143, 72
track:1292, 868, 660, 143, 72
track:1293, 867, 660, 143, 72
track:1294, 865, 660, 143, 72
track:1295, 865, 660, 143, 72
track:1296, 864, 659, 143, 72
track:1297, 865, 659, 143, 72
track:1298, 864, 659, 143, 72
track:1299, 864, 659, 143, 72
track:1300, 866, 661, 136, 69
track:1301, 865, 661, 136, 69
track:1302, 865, 661, 136, 69
init :1303, 863, 662, 152, 64
track:1304, 863, 662, 152, 64
track:1305, 863, 662, 152, 64
track:1306, 865, 663, 152, 64
track:1307, 866, 663, 152, 64
track:1308, 866, 664, 152, 64
track:1309, 870, 666, 145, 61
track:1310, 871, 666, 145, 61
track:1311, 871, 666, 145, 61
track:1312, 872, 667, 145, 61
track:1313, 870, 667, 145, 61
track:1314, 871, 667, 145, 61
track:1315, 870, 668, 145, 61
track:1316, 864, 667, 152, 64
init :1317, 863, 669, 166, 54
track:1318, 861, 669, 166, 54
track:1319, 862, 669, 166, 54
track:1320, 866, 671, 158, 51
track:1321, 864, 670, 158, 51
track:1322, 862, 670, 166, 54
track:1323, 859, 669, 174, 57
track:1324, 860, 670, 174, 57
track:1325, 861, 670, 174, 57
track:1326, 862, 672, 174, 57
track:1327, 864, 673, 174, 57
track:1328, 861, 672, 183, 60
track:1329, 862, 673, 183, 60
track:1330, 859, 673, 183, 60
init :1331, 867, 677, 166, 49
track:1332, 865, 677, 166, 49
track:1333, 863, 677, 166, 49
track:1334, 863, 677, 166, 49
track:1335, 858, 677, 166, 49
track:1336, 853, 678, 166, 49
track:1337, 849, 678, 166, 49
track:1338, 847, 678, 166, 49
track:1339, 846, 678, 166, 49
track:1340, 846, 678, 166, 49
track:1341, 844, 678, 166, 49
track:1342, 843, 678, 166, 49
track:1343, 840, 677, 174, 51
track:1344, 839, 677, 174, 51
init :1345, 849, 680, 170, 49
track:1346, 849, 680, 170, 49
track:1347, 849, 680, 170, 49
track:1348, 848, 681, 170, 49
track:1349, 849, 681, 170, 49
track:1350, 848, 681, 170, 49
track:1351, 847, 682, 170, 49
track:1352, 845, 682, 170, 49
track:1353, 844, 682, 170, 49
track:1354, 843, 682, 170, 49
track:1355, 844, 683, 170, 49
track:1356, 844, 683, 170, 49
track:1357, 845, 684, 170, 49
track:1358, 846, 684, 170, 49
init :1359, 849, 682, 175, 49
track:1360, 849, 682, 175, 49
track:1361, 847, 682, 175, 49
track:1362, 852, 683, 167, 47
track:1363, 853, 684, 167, 47
track:1364, 853, 684, 167, 47
track:1365, 852, 685, 167, 47
track:1366, 853, 685, 167, 47
track:1367, 856, 685, 159, 44
track:1368, 855, 685, 159, 44
track:1369, 851, 684, 167, 47
track:1370, 846, 684, 175, 49
track:1371, 844, 686, 175, 49
track:1372, 843, 687, 175, 49
init :1373, 840, 690, 184, 59
track:1374, 840, 690, 184, 59
track:1375, 839, 690, 184, 59
track:1376, 837, 689, 184, 59
track:1377, 836, 689, 184, 59
track:1378, 834, 690, 184, 59
track:1379, 832, 690, 184, 59
track:1380, 828, 690, 184, 59
track:1381, 819, 690, 193, 62
track:1382, 816, 692, 193, 62
track:1383, 808, 691, 203, 65
track:1384, 813, 693, 193, 62
track:1385, 817, 695, 184, 59
track:1386, 816, 696, 184, 59
init :1387, 812, 700, 198, 62
track:1388, 813, 700, 198, 62
track:1389, 814, 701, 198, 62
track:1390, 816, 701, 198, 62
track:1391, 831, 703, 198, 62
track:1392, 829, 704, 198, 62
track:1393, 832, 705, 198, 62
track:1394, 833, 705, 198, 62
track:1395, 834, 706, 198, 62
track:1396, 835, 706, 198, 62
track:1397, 835, 707, 198, 62
track:1398, 835, 708, 198, 62
track:1399, 835, 708, 198, 62
track:1400, 831, 708, 198, 62
init :1401, 821, 711, 203, 64
track:1402, 811, 709, 213, 67
track:1403, 808, 710, 213, 67
track:1404, 806, 710, 213, 67
track:1405, 801, 711, 213, 67
track:1406, 800, 711, 213, 67
track:1407, 798, 712, 213, 67
track:1408, 794, 712, 213, 67
track:1409, 793, 712, 213, 67
track:1410, 793, 713, 213, 67
track:1411, 788, 712, 224, 71
track:1412, 789, 712, 224, 71
track:1413, 790, 713, 224, 71
track:1414, 790, 713, 224, 71
init :1415, 793, 716, 240, 77
track:1416, 795, 717, 240, 77
track:1417, 797, 718, 240, 77
track:1418, 794, 718, 240, 77
track:1419, 788, 715, 252, 81
track:1420, 787, 717, 252, 81
track:1421, 787, 718, 252, 81
track:1422, 786, 719, 252, 81
track:1423, 779, 719, 265, 85
track:1424, 784, 721, 252, 81
track:1425, 786, 721, 252, 81
track:1426, 786, 721, 252, 81
track:1427, 785, 721, 252, 81
track:1428, 785, 722, 252, 81
init :1429, 789, 719, 249, 90
track:1430, 788, 719, 249, 90
track:1431, 786, 720, 249, 90
track:1432, 785, 721, 249, 90
track:1433, 785, 721, 249, 90
track:1434, 785, 723, 249, 90
track:1435, 784, 724, 249, 90
track:1436, 786, 726, 249, 90
track:1437, 785, 728, 237, 86
track:1438, 784, 729, 237, 86
track:1439, 788, 730, 226, 82
track:1440, 782, 729, 237, 86
track:1441, 777, 731, 237, 86
track:1442, 775, 732, 237, 86
init :1443, 780, 721, 240, 114
track:1444, 780, 721, 240, 114
track:1445, 776, 721, 240, 114
track:1446, 771, 721, 240, 114
track:1447, 767, 720, 240, 114
track:1448, 766, 719, 240, 114
track:1449, 760, 716, 252, 120
track:1450, 759, 715, 252, 120
track:1451, 761, 714, 252, 120
track:1452, 760, 714, 252, 120
track:1453, 769, 715, 252, 120
track:1454, 770, 716, 252, 120
track:1455, 775, 717, 252, 120
track:1456, 779, 717, 252, 120
init :1457, 807, 711, 226, 140
track:1458, 810, 711, 226, 140
track:1459, 810, 712, 226, 140
track:1460, 813, 712, 226, 140
track:1461, 816, 712, 226, 140
track:1462, 819, 714, 226, 140
track:1463, 824, 718, 215, 133
track:1464, 824, 718, 215, 133
track:1465, 827, 717, 215, 133
track:1466, 827, 719, 215, 133
track:1467, 823, 719, 215, 133
track:1468, 822, 718, 215, 133
track:1469, 821, 718, 215, 133
track:1470, 813, 715, 226, 140
init :1471, 853, 693, 161, 163
track:1472, 851, 690, 161, 163
track:1473, 850, 689, 161, 163
track:1474, 846, 687, 161, 163
track:1475, 843, 684, 161, 163
track:1476, 841, 683, 161, 163
track:1477, 841, 681, 161, 163
track:1478, 844, 681, 161, 163
track:1479, 842, 678, 161, 163
track:1480, 842, 675, 161, 163
track:1481, 841, 671, 161, 163
track:1482, 847, 669, 161, 163
track:1483, 843, 664, 169, 171
track:1484, 849, 663, 169, 171
init :1485, 853, 659, 226, 166
track:1486, 860, 658, 226, 166
track:1487, 866, 657, 226, 166
track:1488, 867, 657, 226, 166
track:1489, 870, 656, 226, 166
track:1490, 871, 654, 226, 166
track:1491, 873, 654, 226, 166
track:1492, 872, 651, 226, 166
track:1493, 874, 650, 226, 166
track:1494, 873, 647, 226, 166
track:1495, 874, 646, 215, 158
track:1496, 868, 643, 215, 158
track:1497, 865, 644, 205, 151
track:1498, 869, 647, 195, 143
init :1499, 844, 643, 295, 137
track:1500, 839, 640, 295, 137
track:1501, 835, 637, 295, 137
track:1502, 835, 635, 295, 137
track:1503, 830, 634, 295, 137
track:1504, 829, 631, 295, 137
track:1505, 828, 630, 295, 137
track:1506, 822, 625, 295, 137
track:1507, 821, 622, 295, 137
track:1508, 820, 621, 295, 137
track:1509, 819, 620, 295, 137
track:1510, 817, 617, 295, 137
track:1511, 824, 618, 281, 130
track:1512, 818, 616, 281, 130
init :1513, 821, 620, 304, 116
track:1514, 806, 620, 304, 116
track:1515, 783, 620, 304, 116
track:1516, 766, 622, 290, 110
track:1517, 732, 620, 304, 116
track:1518, 741, 623, 290, 110
track:1519, 714, 623, 290, 110
track:1520, 690, 623, 290, 110
track:1521, 671, 624, 290, 110
track:1522, 659, 625, 290, 110
track:1523, 657, 624, 290, 110
track:1524, 651, 627, 290, 110
track:1525, 646, 626, 290, 110
track:1526, 657, 628, 276, 105
init :1527, 673, 633, 263, 88
track:1528, 673, 633, 263, 88
track:1529, 705, 634, 250, 84
track:1530, 727, 634, 250, 84
track:1531, 750, 633, 250, 84
track:1532, 777, 633, 250, 84
track:1533, 777, 633, 250, 84
track:1534, 803, 633, 250, 84
track:1535, 827, 633, 250, 84
track:1536, 855, 635, 239, 80
track:1537, 877, 637, 227, 76
track:1538, 877, 637, 227, 76
track:1539, 897, 639, 227, 76
track:1540, 901, 640, 216, 72
init :1541, 909, 643, 230, 75
track:1542, 909, 643, 230, 75
track:1543, 909, 643, 230, 75
track:1544, 909, 644, 230, 75
track:1545, 905, 645, 230, 75
track:1546, 901, 646, 230, 75
track:1547, 893, 648, 230, 75
track:1548, 891, 650, 230, 75
track:1549, 890, 653, 219, 71
track:1550, 876, 655, 219, 71
track:1551, 872, 656, 219, 71
track:1552, 867, 657, 219, 71
track:1553, 872, 660, 209, 68
track:1554, 868, 661, 209, 68
init :1555, 872, 664, 207, 72
track:1556, 872, 663, 207, 72
track:1557, 872, 664, 207, 72
track:1558, 872, 664, 207, 72
track:1559, 874, 665, 207, 72
track:1560, 883, 666, 197, 69
track:1561, 886, 667, 197, 69
track:1562, 889, 668, 197, 69
track:1563, 890, 668, 197, 69
track:1564, 896, 670, 188, 65
track:1565, 898, 671, 188, 65
track:1566, 898, 671, 188, 65
track:1567, 901, 673, 179, 62
track:1568, 901, 673, 179, 62
init :1569, 913, 669, 170, 75
track:1570, 911, 669, 170, 75
track:1571, 909, 670, 170, 75
track:1572, 911, 672, 162, 71
track:1573, 913, 675, 154, 68
track:1574, 911, 676, 154, 68
track:1575, 907, 675, 154, 68
track:1576, 904, 675, 154, 68
track:1577, 901, 675, 154, 68
track:1578, 899, 676, 154, 68
track:1579, 897, 676, 154, 68
track:1580, 898, 678, 147, 65
track:1581, 893, 678, 147, 65
track:1582, 891, 678, 147, 65
init :1583, 904, 677, 138, 72
track:1584, 903, 677, 138, 72
track:1585, 905, 680, 131, 69
track:1586, 906, 680, 131, 69
track:1587, 905, 681, 131, 69
track:1588, 904, 681, 131, 69
track:1589, 904, 681, 131, 69
track:1590, 903, 682, 131, 69
track:1591, 906, 684, 125, 65
track:1592, 906, 684, 125, 65
track:1593, 904, 684, 125, 65
track:1594, 905, 685, 125, 65
track:1595, 903, 686, 125, 65
track:1596, 900, 686, 125, 65
init :1599, 913, 680, 101, 72
track:1600, 912, 680, 101, 72
track:1601, 911, 680, 101, 72
track:1602, 910, 680, 101, 72
track:1603, 909, 679, 101, 72
track:1604, 905, 679, 101, 72
track:1605, 906, 681, 96, 69
track:1606, 903, 681, 96, 69
track:1607, 901, 682, 96, 69
track:1608, 900, 682, 96, 69
elapseTime: 19.468
