init :7, 821, 630, 235, 197
track:8, 821, 630, 235, 197
track:9, 822, 630, 235, 197
track:10, 821, 631, 235, 197
track:11, 823, 630, 235, 197
track:12, 823, 630, 235, 197
track:13, 824, 630, 235, 197
track:14, 824, 630, 235, 197
track:15, 824, 630, 235, 197
track:16, 825, 630, 235, 197
track:17, 826, 630, 235, 197
track:18, 825, 630, 235, 197
track:19, 825, 629, 235, 197
track:20, 821, 626, 247, 207
track:21, 820, 626, 247, 207
track:22, 827, 631, 235, 197
track:23, 828, 631, 235, 197
track:24, 827, 631, 235, 197
track:25, 828, 630, 235, 197
track:26, 829, 631, 235, 197
track:27, 829, 631, 235, 197
track:28, 829, 631, 235, 197
track:29, 829, 630, 235, 197
track:30, 829, 630, 235, 197
track:31, 830, 629, 235, 197
track:32, 831, 631, 235, 197
track:33, 829, 630, 235, 197
track:34, 830, 631, 235, 197
track:35, 830, 630, 235, 197
track:36, 830, 631, 235, 197
track:37, 829, 630, 235, 197
track:38, 831, 630, 235, 197
init :39, 826, 633, 240, 194
track:40, 826, 633, 240, 194
track:41, 827, 633, 240, 194
track:42, 827, 633, 240, 194
track:43, 827, 632, 240, 194
track:44, 827, 632, 240, 194
track:45, 828, 632, 240, 194
track:46, 829, 632, 240, 194
track:48, 829, 631, 240, 194
track:49, 835, 636, 229, 185
track:50, 835, 636, 229, 185
track:51, 835, 635, 229, 185
track:52, 835, 635, 229, 185
track:53, 835, 635, 229, 185
track:54, 835, 635, 229, 185
track:55, 834, 635, 229, 185
track:56, 835, 635, 229, 185
track:57, 834, 635, 229, 185
track:58, 834, 635, 229, 185
track:59, 834, 635, 229, 185
track:60, 834, 635, 229, 185
track:61, 834, 635, 229, 185
track:62, 834, 635, 229, 185
track:63, 833, 634, 229, 185
track:64, 833, 635, 229, 185
track:65, 833, 635, 229, 185
track:66, 833, 635, 229, 185
track:67, 832, 634, 229, 185
track:68, 832, 635, 229, 185
track:69, 832, 635, 229, 185
track:70, 832, 635, 229, 185
track:71, 832, 635, 229, 185
track:72, 832, 634, 229, 185
track:73, 832, 635, 229, 185
track:74, 832, 635, 229, 185
track:75, 832, 635, 229, 185
track:76, 831, 635, 229, 185
init :77, 826, 630, 235, 197
track:78, 826, 630, 235, 197
track:79, 826, 630, 235, 197
track:80, 826, 629, 235, 197
track:81, 826, 629, 235, 197
track:82, 826, 629, 235, 197
track:83, 825, 630, 235, 197
track:84, 826, 630, 235, 197
track:85, 826, 630, 235, 197
track:86, 826, 631, 235, 197
track:87, 826, 630, 235, 197
track:88, 826, 631, 235, 197
track:89, 826, 630, 235, 197
track:90, 826, 631, 235, 197
track:91, 826, 631, 235, 197
track:92, 825, 632, 235, 197
track:93, 827, 631, 235, 197
track:94, 827, 630, 235, 197
track:95, 827, 630, 235, 197
track:96, 827, 630, 235, 197
track:97, 827, 630, 235, 197
track:98, 829, 629, 235, 197
track:99, 829, 630, 235, 197
track:100, 828, 629, 235, 197
track:101, 830, 629, 235, 197
track:102, 831, 628, 235, 197
track:103, 831, 627, 235, 197
track:104, 831, 627, 235, 197
track:105, 831, 626, 235, 197
track:106, 832, 626, 235, 197
track:107, 833, 624, 235, 197
track:108, 833, 621, 235, 197
track:109, 834, 623, 235, 197
track:110, 834, 621, 235, 197
track:111, 834, 620, 235, 197
track:112, 834, 618, 235, 197
track:113, 834, 616, 235, 197
track:114, 835, 615, 235, 197
init :115, 844, 623, 207, 176
track:116, 845, 622, 207, 176
track:117, 844, 621, 207, 176
track:120, 847, 617, 207, 176
track:121, 848, 614, 207, 176
track:122, 848, 613, 207, 176
track:123, 848, 611, 207, 176
track:124, 849, 611, 207, 176
track:125, 846, 610, 207, 176
track:126, 844, 605, 207, 176
track:127, 843, 604, 207, 176
track:128, 847, 608, 197, 168
track:129, 847, 608, 197, 168
track:130, 846, 610, 197, 168
track:131, 847, 611, 197, 168
track:132, 850, 614, 197, 168
track:133, 850, 615, 197, 168
track:134, 850, 616, 197, 168
track:135, 851, 617, 197, 168
track:136, 852, 618, 197, 168
track:137, 852, 619, 197, 168
track:138, 853, 620, 197, 168
track:139, 853, 620, 197, 168
track:140, 854, 619, 197, 168
track:141, 853, 619, 197, 168
track:142, 852, 620, 197, 168
track:143, 851, 621, 197, 168
track:144, 851, 621, 197, 168
track:145, 847, 625, 197, 168
track:146, 846, 626, 197, 168
track:147, 847, 626, 197, 168
track:148, 847, 628, 197, 168
track:149, 855, 633, 188, 160
track:150, 854, 635, 188, 160
track:151, 853, 638, 188, 160
track:152, 855, 641, 188, 160
init :153, 863, 641, 170, 163
track:154, 863, 641, 170, 163
track:155, 863, 642, 170, 163
track:156, 864, 644, 170, 163
track:157, 866, 645, 170, 163
track:158, 867, 645, 170, 163
track:159, 867, 647, 170, 163
track:160, 865, 646, 170, 163
track:161, 863, 647, 170, 163
track:162, 861, 646, 170, 163
track:163, 860, 647, 170, 163
track:164, 860, 647, 170, 163
track:165, 860, 648, 170, 163
track:166, 859, 649, 170, 163
track:167, 859, 648, 170, 163
track:168, 860, 647, 170, 163
track:169, 860, 648, 170, 163
track:170, 865, 650, 162, 155
track:171, 866, 650, 162, 155
track:172, 868, 648, 162, 155
track:173, 868, 647, 162, 155
track:174, 871, 650, 154, 148
track:175, 869, 651, 154, 148
track:176, 868, 651, 154, 148
track:177, 864, 649, 162, 155
track:178, 865, 649, 162, 155
track:179, 864, 650, 162, 155
track:180, 866, 650, 162, 155
track:181, 866, 652, 162, 155
track:182, 868, 655, 162, 155
track:183, 871, 657, 162, 155
track:184, 870, 658, 162, 155
track:185, 868, 655, 170, 163
track:186, 866, 655, 170, 163
track:187, 862, 649, 170, 163
track:188, 856, 645, 170, 163
track:189, 857, 645, 170, 163
track:190, 854, 644, 170, 163
init :191, 858, 646, 161, 145
track:192, 858, 643, 161, 145
track:193, 857, 642, 161, 145
track:194, 857, 640, 161, 145
track:195, 858, 639, 161, 145
track:196, 864, 641, 153, 138
track:197, 864, 640, 153, 138
track:198, 862, 641, 153, 138
track:199, 862, 641, 153, 138
track:200, 859, 643, 153, 138
track:201, 858, 644, 153, 138
track:202, 856, 641, 153, 138
track:203, 856, 638, 153, 138
track:204, 856, 638, 153, 138
track:205, 857, 635, 153, 138
track:206, 858, 634, 153, 138
track:207, 855, 633, 153, 138
track:208, 855, 634, 153, 138
track:209, 853, 632, 153, 138
track:210, 852, 628, 153, 138
track:211, 851, 624, 153, 138
track:212, 853, 626, 146, 132
track:213, 853, 625, 146, 132
track:214, 853, 624, 146, 132
track:215, 854, 623, 146, 132
track:216, 853, 622, 146, 132
track:217, 853, 622, 146, 132
track:218, 853, 623, 146, 132
track:219, 853, 624, 146, 132
track:220, 853, 628, 146, 132
track:221, 852, 630, 146, 132
track:222, 855, 634, 139, 125
track:223, 856, 634, 139, 125
track:224, 855, 637, 139, 125
track:225, 856, 639, 139, 125
track:226, 856, 639, 139, 125
track:227, 856, 640, 139, 125
track:228, 855, 640, 139, 125
init :229, 853, 646, 138, 111
track:230, 853, 645, 138, 111
track:231, 853, 646, 138, 111
track:232, 853, 644, 138, 111
track:233, 853, 643, 138, 111
track:234, 855, 645, 131, 106
track:235, 855, 644, 131, 106
track:236, 855, 643, 131, 106
track:237, 857, 644, 131, 106
track:238, 857, 644, 131, 106
track:239, 859, 646, 131, 106
track:240, 859, 647, 131, 106
track:241, 859, 649, 131, 106
track:242, 863, 651, 125, 101
track:243, 863, 651, 125, 101
track:244, 863, 651, 125, 101
track:245, 863, 652, 125, 101
track:246, 863, 652, 125, 101
track:247, 864, 652, 125, 101
track:248, 864, 653, 125, 101
track:249, 864, 653, 125, 101
track:250, 864, 655, 125, 101
track:251, 864, 656, 125, 101
track:252, 866, 658, 125, 101
track:253, 863, 656, 131, 106
track:254, 863, 659, 131, 106
track:255, 864, 662, 131, 106
track:256, 864, 663, 131, 106
track:257, 865, 666, 131, 106
track:258, 865, 667, 131, 106
track:259, 866, 668, 131, 106
track:260, 866, 669, 131, 106
track:261, 866, 670, 131, 106
track:262, 865, 671, 131, 106
track:263, 866, 671, 131, 106
track:264, 866, 673, 131, 106
track:265, 866, 675, 131, 106
track:266, 865, 676, 131, 106
init :267, 867, 682, 124, 96
track:268, 867, 682, 124, 96
track:269, 868, 683, 124, 96
track:270, 868, 685, 124, 96
track:271, 868, 689, 124, 96
track:272, 867, 690, 130, 101
track:273, 867, 690, 130, 101
track:274, 867, 692, 130, 101
track:275, 868, 694, 130, 101
track:276, 869, 696, 130, 101
track:277, 870, 700, 130, 101
track:278, 870, 699, 130, 101
track:279, 871, 700, 130, 101
track:280, 872, 698, 130, 101
track:281, 870, 695, 137, 106
track:282, 872, 697, 137, 106
track:283, 872, 698, 137, 106
track:284, 870, 697, 144, 111
track:285, 873, 699, 144, 111
track:286, 870, 696, 151, 117
track:287, 872, 693, 151, 117
track:288, 872, 692, 151, 117
track:289, 870, 686, 158, 123
track:290, 870, 682, 158, 123
track:291, 869, 673, 158, 123
track:292, 872, 668, 158, 123
track:293, 868, 664, 166, 129
track:294, 868, 663, 166, 129
track:295, 871, 661, 166, 129
track:296, 867, 657, 174, 135
track:297, 863, 654, 183, 142
track:298, 857, 652, 192, 149
track:299, 852, 648, 202, 156
track:300, 846, 646, 212, 164
track:301, 845, 648, 212, 164
track:302, 837, 648, 223, 172
track:303, 839, 649, 223, 172
track:304, 831, 649, 234, 181
init :305, 816, 641, 267, 225
track:306, 814, 640, 267, 225
track:307, 808, 633, 280, 236
track:308, 807, 633, 280, 236
track:309, 807, 631, 280, 236
track:310, 802, 622, 280, 236
track:311, 803, 611, 280, 236
track:312, 803, 600, 280, 236
track:313, 802, 600, 280, 236
track:314, 806, 593, 280, 236
track:315, 803, 587, 280, 236
track:316, 803, 576, 280, 236
track:317, 813, 571, 267, 225
track:318, 820, 577, 254, 214
track:319, 820, 576, 254, 214
track:320, 831, 571, 242, 204
track:321, 834, 564, 242, 204
track:322, 835, 563, 242, 204
track:323, 841, 568, 231, 194
track:324, 846, 574, 220, 185
track:325, 845, 574, 220, 185
track:326, 845, 565, 220, 185
track:327, 849, 571, 209, 176
track:328, 853, 575, 199, 168
track:329, 850, 582, 199, 168
track:330, 848, 587, 199, 168
track:331, 846, 590, 199, 168
track:332, 844, 593, 199, 168
track:333, 843, 594, 199, 168
track:334, 843, 596, 199, 168
track:335, 842, 598, 199, 168
track:336, 842, 600, 199, 168
track:337, 842, 602, 199, 168
track:338, 843, 602, 199, 168
track:339, 849, 601, 190, 160
track:340, 849, 599, 190, 160
track:341, 849, 599, 190, 160
track:342, 849, 597, 190, 160
init :343, 858, 602, 175, 153
track:344, 858, 601, 175, 153
track:345, 857, 598, 175, 153
track:346, 859, 600, 175, 153
track:347, 862, 604, 167, 146
track:348, 862, 604, 167, 146
track:349, 863, 606, 167, 146
track:350, 864, 610, 167, 146
track:351, 867, 616, 159, 139
track:352, 868, 620, 159, 139
track:353, 869, 620, 159, 139
track:354, 872, 626, 151, 132
track:355, 874, 629, 144, 126
track:356, 874, 629, 144, 126
track:357, 873, 630, 144, 126
track:358, 874, 630, 144, 126
track:359, 873, 630, 144, 126
track:360, 872, 630, 144, 126
track:361, 871, 630, 144, 126
track:362, 874, 633, 137, 120
track:363, 874, 633, 137, 120
track:364, 873, 633, 137, 120
track:365, 873, 634, 137, 120
track:366, 875, 637, 131, 114
track:367, 874, 639, 131, 114
track:368, 874, 639, 131, 114
track:369, 873, 640, 131, 114
track:370, 873, 645, 131, 114
track:371, 872, 650, 131, 114
track:372, 871, 655, 131, 114
track:373, 873, 655, 131, 114
track:374, 872, 656, 131, 114
track:375, 869, 656, 131, 114
track:376, 867, 657, 131, 114
track:377, 865, 658, 131, 114
track:378, 865, 659, 131, 114
track:379, 865, 660, 131, 114
track:380, 864, 659, 131, 114
init :381, 867, 662, 115, 96
track:382, 865, 662, 115, 96
track:383, 864, 663, 115, 96
track:384, 863, 663, 115, 96
track:385, 863, 662, 115, 96
track:386, 863, 661, 115, 96
track:387, 863, 661, 115, 96
track:388, 862, 662, 115, 96
track:389, 862, 662, 115, 96
track:390, 861, 662, 115, 96
track:391, 862, 663, 115, 96
track:392, 863, 666, 115, 96
track:393, 862, 666, 115, 96
track:394, 863, 667, 115, 96
track:395, 863, 673, 115, 96
track:396, 864, 676, 115, 96
track:397, 866, 681, 115, 96
track:398, 866, 681, 115, 96
track:399, 867, 685, 115, 96
track:400, 868, 689, 115, 96
track:401, 869, 694, 115, 96
track:402, 869, 698, 115, 96
track:403, 871, 699, 115, 96
track:404, 870, 701, 115, 96
track:405, 872, 700, 115, 96
track:406, 872, 700, 115, 96
track:407, 874, 700, 115, 96
track:408, 874, 700, 115, 96
track:409, 874, 699, 115, 96
track:410, 874, 696, 115, 96
track:411, 875, 694, 115, 96
track:412, 876, 692, 115, 96
track:413, 876, 692, 115, 96
track:414, 877, 691, 115, 96
track:415, 876, 692, 115, 96
track:416, 876, 694, 115, 96
track:417, 877, 694, 115, 96
track:418, 876, 694, 115, 96
init :419, 881, 698, 101, 83
track:420, 877, 697, 106, 87
track:421, 876, 697, 106, 87
track:422, 876, 696, 106, 87
track:423, 876, 696, 106, 87
track:424, 876, 691, 106, 87
track:425, 875, 690, 106, 87
track:426, 874, 688, 106, 87
track:427, 873, 687, 106, 87
track:428, 872, 686, 106, 87
track:429, 872, 687, 106, 87
track:430, 871, 687, 106, 87
track:431, 871, 687, 106, 87
track:432, 870, 687, 106, 87
track:433, 870, 687, 106, 87
track:434, 869, 686, 106, 87
track:435, 868, 687, 106, 87
track:436, 867, 688, 106, 87
track:437, 867, 689, 106, 87
track:438, 867, 689, 106, 87
track:439, 868, 691, 106, 87
track:440, 869, 692, 106, 87
track:441, 869, 691, 106, 87
track:442, 869, 692, 106, 87
track:443, 870, 691, 106, 87
track:444, 870, 692, 106, 87
track:445, 870, 693, 106, 87
track:446, 870, 693, 106, 87
track:447, 868, 690, 111, 92
track:448, 868, 690, 111, 92
track:449, 868, 689, 111, 92
track:450, 868, 688, 111, 92
track:451, 868, 690, 111, 92
track:452, 867, 690, 117, 96
track:453, 867, 690, 117, 96
track:454, 868, 690, 117, 96
track:455, 869, 690, 117, 96
track:456, 870, 691, 117, 96
init :457, 872, 693, 124, 93
track:458, 872, 693, 124, 93
track:459, 872, 693, 124, 93
track:460, 872, 691, 124, 93
track:461, 872, 691, 124, 93
track:462, 873, 692, 124, 93
track:463, 873, 690, 124, 93
track:464, 870, 686, 130, 98
track:465, 869, 684, 130, 98
track:466, 869, 685, 130, 98
track:467, 869, 685, 130, 98
track:468, 869, 685, 130, 98
track:469, 866, 682, 137, 103
track:470, 868, 684, 137, 103
track:471, 869, 685, 137, 103
track:472, 870, 685, 137, 103
track:473, 870, 687, 137, 103
track:474, 871, 690, 137, 103
track:475, 873, 690, 137, 103
track:476, 874, 689, 137, 103
track:477, 874, 689, 137, 103
track:478, 875, 688, 137, 103
track:479, 874, 683, 144, 108
track:480, 876, 674, 144, 108
track:481, 877, 671, 144, 108
track:482, 878, 671, 144, 108
track:483, 881, 662, 144, 108
track:484, 883, 661, 144, 108
track:485, 884, 661, 144, 108
track:486, 881, 662, 151, 113
track:487, 877, 662, 158, 119
track:488, 873, 662, 166, 125
track:490, 869, 666, 166, 125
track:491, 868, 667, 166, 125
track:492, 868, 668, 166, 125
track:493, 865, 668, 166, 125
track:494, 860, 665, 174, 131
init :495, 853, 654, 175, 150
track:496, 852, 651, 175, 150
track:497, 851, 650, 175, 150
track:498, 851, 648, 175, 150
track:499, 850, 644, 175, 150
track:500, 848, 640, 175, 150
track:501, 848, 637, 175, 150
track:502, 848, 635, 175, 150
track:503, 848, 633, 175, 150
track:504, 849, 632, 175, 150
track:505, 847, 631, 175, 150
track:506, 846, 630, 175, 150
track:507, 848, 630, 175, 150
track:508, 846, 628, 175, 150
track:509, 846, 624, 175, 150
track:510, 846, 621, 175, 150
track:511, 845, 619, 175, 150
track:512, 845, 618, 175, 150
track:513, 845, 618, 175, 150
track:514, 844, 619, 175, 150
track:515, 844, 621, 175, 150
track:516, 848, 622, 167, 143
track:517, 849, 621, 167, 143
track:518, 848, 619, 167, 143
track:519, 848, 618, 167, 143
track:520, 852, 621, 159, 136
track:521, 852, 620, 159, 136
track:522, 852, 619, 159, 136
track:523, 852, 620, 159, 136
track:524, 852, 623, 159, 136
track:525, 858, 628, 151, 130
track:526, 860, 629, 151, 130
track:527, 859, 629, 151, 130
track:528, 863, 632, 144, 123
track:529, 867, 633, 137, 118
track:530, 868, 632, 137, 118
track:531, 869, 631, 137, 118
track:532, 869, 631, 137, 118
init :533, 876, 636, 129, 98
track:534, 876, 637, 129, 98
track:535, 875, 638, 129, 98
track:536, 875, 641, 129, 98
track:537, 875, 641, 129, 98
track:538, 875, 642, 129, 98
track:539, 879, 645, 123, 93
track:540, 879, 646, 123, 93
track:543, 876, 647, 123, 93
track:544, 876, 647, 123, 93
track:546, 873, 653, 123, 93
track:547, 876, 655, 117, 89
track:548, 875, 657, 117, 89
track:549, 874, 659, 117, 89
track:550, 876, 663, 111, 85
track:551, 875, 664, 111, 85
track:552, 874, 664, 111, 85
track:553, 874, 664, 111, 85
track:554, 873, 664, 111, 85
track:555, 873, 663, 111, 85
track:556, 873, 665, 111, 85
track:557, 876, 667, 106, 81
track:558, 876, 671, 106, 81
track:559, 875, 674, 106, 81
track:560, 875, 676, 106, 81
track:561, 875, 681, 106, 81
track:562, 875, 681, 106, 81
track:563, 874, 683, 106, 81
track:564, 874, 685, 106, 81
track:565, 877, 688, 101, 77
track:566, 876, 690, 101, 77
track:567, 877, 690, 101, 77
track:568, 878, 693, 101, 77
track:569, 878, 694, 101, 77
track:570, 878, 697, 101, 77
init :571, 872, 700, 101, 77
track:572, 872, 700, 101, 77
track:573, 873, 702, 101, 77
track:574, 874, 704, 101, 77
track:575, 875, 704, 101, 77
track:576, 874, 702, 101, 77
track:577, 874, 702, 101, 77
track:578, 871, 697, 106, 81
track:579, 872, 696, 106, 81
track:580, 873, 695, 106, 81
track:581, 874, 696, 106, 81
track:582, 874, 695, 106, 81
track:583, 873, 699, 106, 81
track:584, 873, 699, 106, 81
track:585, 873, 699, 106, 81
track:586, 873, 700, 106, 81
track:587, 873, 700, 106, 81
track:588, 873, 700, 106, 81
track:589, 874, 700, 106, 81
track:590, 873, 699, 106, 81
track:591, 871, 700, 106, 81
track:592, 868, 698, 111, 85
track:593, 867, 697, 111, 85
track:594, 864, 693, 117, 89
track:595, 865, 684, 117, 89
track:596, 863, 682, 117, 89
track:597, 863, 681, 117, 89
track:598, 863, 677, 117, 89
track:599, 862, 671, 117, 89
track:600, 862, 668, 117, 89
track:601, 863, 667, 117, 89
track:602, 860, 665, 123, 94
track:603, 860, 664, 123, 94
track:604, 858, 660, 123, 94
track:605, 858, 657, 123, 94
track:606, 858, 656, 123, 94
track:607, 858, 656, 123, 94
track:608, 858, 655, 123, 94
init :609, 867, 654, 120, 93
track:610, 867, 656, 120, 93
track:611, 867, 659, 120, 93
track:612, 868, 660, 120, 93
track:613, 864, 660, 126, 98
track:614, 864, 662, 126, 98
track:615, 864, 665, 126, 98
track:616, 864, 668, 126, 98
track:617, 864, 668, 126, 98
track:618, 864, 667, 126, 98
track:619, 864, 666, 126, 98
track:620, 865, 665, 126, 98
track:621, 865, 664, 126, 98
track:622, 866, 665, 126, 98
track:623, 866, 664, 126, 98
track:624, 865, 663, 126, 98
track:625, 862, 659, 132, 103
track:626, 863, 660, 132, 103
track:627, 864, 660, 132, 103
track:628, 864, 661, 132, 103
track:629, 864, 661, 132, 103
track:630, 864, 658, 132, 103
track:631, 864, 658, 132, 103
track:632, 863, 658, 132, 103
track:633, 865, 660, 132, 103
track:634, 862, 661, 139, 108
track:635, 863, 664, 139, 108
track:636, 864, 665, 139, 108
track:637, 865, 666, 139, 108
track:638, 866, 666, 139, 108
track:639, 867, 666, 139, 108
track:640, 867, 666, 139, 108
track:641, 867, 664, 139, 108
track:642, 866, 663, 139, 108
track:643, 867, 662, 139, 108
track:644, 867, 661, 139, 108
track:645, 867, 652, 139, 108
track:646, 868, 651, 139, 108
init :647, 863, 651, 143, 122
track:648, 863, 651, 143, 122
track:649, 864, 651, 143, 122
track:650, 865, 652, 143, 122
track:651, 867, 652, 143, 122
track:652, 868, 652, 143, 122
track:653, 869, 652, 143, 122
track:654, 869, 653, 143, 122
track:655, 870, 658, 143, 122
track:656, 871, 660, 143, 122
track:657, 868, 658, 150, 128
track:658, 869, 659, 150, 128
track:659, 870, 658, 150, 128
track:660, 870, 657, 150, 128
track:661, 870, 657, 150, 128
track:662, 870, 656, 150, 128
track:663, 871, 656, 150, 128
track:664, 874, 656, 150, 128
track:665, 874, 654, 150, 128
track:666, 874, 652, 150, 128
track:667, 874, 651, 150, 128
track:668, 875, 650, 150, 128
track:669, 875, 649, 150, 128
track:670, 874, 648, 150, 128
track:671, 872, 648, 150, 128
track:672, 872, 648, 150, 128
track:673, 871, 648, 150, 128
track:674, 870, 647, 150, 128
track:675, 870, 646, 150, 128
track:676, 868, 647, 150, 128
track:677, 869, 647, 150, 128
track:678, 866, 649, 150, 128
track:679, 866, 659, 150, 128
track:680, 866, 666, 150, 128
track:681, 866, 667, 150, 128
track:682, 867, 668, 150, 128
track:683, 864, 666, 150, 128
track:684, 862, 666, 150, 128
init :685, 867, 669, 143, 124
track:686, 868, 671, 143, 124
track:687, 867, 671, 143, 124
track:688, 867, 672, 143, 124
track:689, 862, 668, 150, 130
track:690, 861, 667, 150, 130
track:691, 860, 663, 150, 130
track:692, 861, 663, 150, 130
track:693, 860, 663, 150, 130
track:694, 860, 662, 150, 130
track:695, 861, 662, 150, 130
track:696, 860, 660, 150, 130
track:697, 859, 659, 150, 130
track:698, 857, 657, 150, 130
track:699, 855, 658, 150, 130
track:700, 855, 659, 150, 130
track:701, 855, 661, 150, 130
track:702, 856, 661, 150, 130
track:703, 859, 667, 143, 124
track:704, 857, 672, 143, 124
track:705, 856, 677, 143, 124
track:706, 855, 679, 143, 124
track:707, 855, 679, 143, 124
track:708, 854, 681, 143, 124
track:709, 854, 681, 143, 124
track:710, 854, 678, 143, 124
track:711, 855, 678, 143, 124
track:712, 854, 675, 143, 124
track:713, 854, 674, 143, 124
track:714, 853, 674, 143, 124
track:715, 853, 675, 143, 124
track:716, 853, 676, 143, 124
track:717, 853, 678, 143, 124
track:718, 854, 678, 143, 124
track:719, 855, 677, 143, 124
track:720, 855, 679, 143, 124
track:721, 855, 679, 143, 124
track:722, 855, 679, 143, 124
init :723, 853, 675, 147, 127
track:724, 853, 672, 147, 127
track:725, 854, 669, 147, 127
track:726, 854, 667, 147, 127
track:727, 855, 666, 147, 127
track:728, 851, 660, 154, 133
track:729, 851, 655, 154, 133
track:730, 856, 657, 147, 127
track:731, 856, 656, 147, 127
track:732, 856, 656, 147, 127
track:733, 852, 652, 154, 133
track:734, 853, 646, 154, 133
track:735, 855, 642, 154, 133
track:736, 854, 642, 154, 133
track:737, 855, 639, 154, 133
track:738, 853, 638, 154, 133
track:739, 852, 640, 154, 133
track:740, 854, 640, 154, 133
track:741, 854, 640, 154, 133
track:742, 854, 641, 154, 133
track:743, 853, 642, 154, 133
track:744, 853, 642, 154, 133
track:745, 853, 639, 154, 133
track:746, 853, 639, 154, 133
track:747, 854, 637, 154, 133
track:748, 858, 632, 147, 127
track:749, 857, 627, 147, 127
track:750, 854, 627, 147, 127
track:751, 854, 627, 147, 127
track:752, 854, 629, 147, 127
track:753, 855, 630, 147, 127
track:754, 856, 630, 147, 127
track:755, 860, 629, 147, 127
track:756, 860, 630, 147, 127
track:757, 860, 628, 147, 127
track:758, 860, 627, 147, 127
track:759, 859, 628, 147, 127
track:760, 860, 633, 147, 127
init :761, 858, 630, 152, 132
track:762, 860, 630, 152, 132
track:763, 861, 630, 152, 132
track:764, 863, 631, 152, 132
track:765, 862, 632, 152, 132
track:766, 862, 632, 152, 132
track:767, 860, 632, 152, 132
track:768, 861, 633, 152, 132
track:769, 862, 635, 152, 132
track:770, 864, 644, 152, 132
track:771, 869, 646, 145, 126
track:772, 869, 646, 145, 126
track:773, 871, 644, 145, 126
track:774, 872, 644, 145, 126
track:775, 873, 645, 145, 126
track:776, 872, 645, 145, 126
track:777, 873, 644, 145, 126
track:778, 877, 645, 138, 120
track:779, 879, 644, 138, 120
track:780, 879, 646, 138, 120
track:781, 878, 646, 138, 120
track:782, 879, 647, 138, 120
track:783, 878, 647, 138, 120
track:784, 878, 646, 138, 120
track:785, 876, 645, 138, 120
track:786, 876, 645, 138, 120
track:787, 877, 646, 138, 120
track:788, 876, 646, 138, 120
track:789, 879, 650, 131, 114
track:790, 878, 649, 131, 114
track:791, 878, 649, 131, 114
track:792, 877, 648, 131, 114
track:793, 877, 649, 131, 114
track:794, 877, 651, 131, 114
track:795, 877, 656, 131, 114
track:796, 877, 655, 131, 114
track:797, 877, 654, 131, 114
track:798, 877, 654, 131, 114
init :799, 876, 656, 133, 106
track:800, 875, 657, 133, 106
track:801, 875, 658, 133, 106
track:802, 875, 659, 133, 106
track:803, 874, 659, 133, 106
track:804, 875, 661, 133, 106
track:805, 874, 660, 133, 106
track:806, 874, 660, 133, 106
track:807, 873, 660, 133, 106
track:808, 872, 661, 133, 106
track:809, 872, 662, 133, 106
track:810, 874, 664, 133, 106
track:811, 873, 665, 133, 106
track:812, 872, 667, 133, 106
track:813, 871, 667, 133, 106
track:814, 869, 667, 133, 106
track:815, 867, 667, 133, 106
track:816, 868, 667, 133, 106
track:817, 867, 669, 133, 106
track:818, 867, 674, 133, 106
track:819, 866, 677, 133, 106
track:820, 865, 688, 133, 106
track:821, 865, 688, 133, 106
track:822, 860, 687, 140, 111
track:823, 860, 686, 140, 111
track:824, 856, 682, 147, 117
track:825, 855, 682, 147, 117
track:826, 851, 680, 154, 123
track:827, 851, 684, 154, 123
track:828, 850, 689, 154, 123
track:829, 853, 691, 154, 123
track:830, 854, 692, 154, 123
track:831, 854, 693, 154, 123
track:832, 854, 694, 154, 123
track:833, 858, 692, 154, 123
track:834, 859, 685, 154, 123
track:835, 855, 674, 162, 129
track:836, 855, 675, 162, 129
init :837, 853, 664, 166, 142
track:838, 852, 663, 166, 142
track:839, 850, 659, 166, 142
track:840, 849, 654, 166, 142
track:841, 849, 653, 166, 142
track:842, 843, 650, 174, 149
track:843, 841, 645, 174, 149
track:844, 836, 639, 183, 157
track:845, 829, 625, 183, 157
track:846, 828, 625, 183, 157
track:847, 828, 615, 183, 157
track:848, 827, 612, 183, 157
track:849, 826, 610, 183, 157
track:850, 826, 609, 183, 157
track:851, 825, 608, 183, 157
track:852, 829, 604, 183, 157
track:853, 834, 600, 183, 157
track:854, 835, 602, 183, 157
track:855, 835, 605, 183, 157
track:856, 836, 606, 183, 157
track:857, 834, 607, 183, 157
track:858, 836, 605, 183, 157
track:859, 838, 600, 183, 157
track:860, 837, 597, 183, 157
track:861, 838, 597, 183, 157
track:862, 836, 600, 183, 157
track:863, 837, 604, 183, 157
track:864, 838, 611, 183, 157
track:865, 839, 617, 183, 157
track:866, 839, 617, 183, 157
track:867, 843, 626, 174, 149
track:868, 843, 627, 174, 149
track:869, 845, 628, 174, 149
track:870, 846, 633, 174, 149
track:871, 846, 633, 174, 149
track:872, 847, 634, 174, 149
track:873, 846, 634, 174, 149
track:874, 847, 633, 174, 149
init :875, 853, 641, 156, 137
track:876, 853, 641, 156, 137
track:877, 856, 642, 156, 137
track:878, 857, 643, 156, 137
track:879, 858, 642, 156, 137
track:880, 861, 646, 149, 130
track:881, 861, 646, 149, 130
track:882, 861, 646, 149, 130
track:883, 864, 645, 149, 130
track:884, 866, 643, 149, 130
track:885, 867, 643, 149, 130
track:886, 868, 643, 149, 130
track:887, 872, 647, 141, 124
track:888, 873, 648, 141, 124
track:889, 873, 646, 141, 124
track:890, 875, 644, 141, 124
track:891, 876, 645, 141, 124
track:892, 877, 644, 141, 124
track:893, 877, 643, 141, 124
track:894, 877, 642, 141, 124
track:895, 878, 642, 141, 124
track:896, 882, 645, 135, 118
track:897, 882, 645, 135, 118
track:898, 884, 647, 128, 113
track:899, 882, 646, 128, 113
track:900, 884, 650, 122, 107
track:901, 883, 650, 122, 107
track:902, 883, 652, 122, 107
track:903, 882, 652, 122, 107
track:904, 882, 652, 122, 107
track:905, 883, 652, 122, 107
track:906, 883, 652, 122, 107
track:907, 908, 639, 122, 107
track:908, 911, 641, 122, 107
track:909, 912, 650, 122, 107
track:910, 914, 659, 122, 107
track:911, 914, 656, 122, 107
track:912, 915, 659, 122, 107
init :913, 807, 565, 286, 259
track:914, 809, 566, 286, 259
track:915, 811, 570, 286, 259
track:916, 810, 570, 286, 259
track:917, 812, 571, 286, 259
track:918, 819, 579, 272, 247
track:919, 819, 580, 272, 247
track:920, 817, 581, 272, 247
track:921, 809, 575, 286, 259
track:922, 805, 575, 286, 259
track:923, 800, 575, 286, 259
track:924, 795, 572, 286, 259
track:925, 789, 572, 286, 259
track:926, 788, 572, 286, 259
track:927, 787, 573, 286, 259
track:928, 779, 573, 286, 259
track:929, 773, 573, 286, 259
track:930, 770, 571, 286, 259
track:931, 771, 571, 286, 259
track:932, 773, 576, 272, 247
track:933, 771, 573, 272, 247
track:934, 772, 572, 272, 247
track:935, 772, 569, 272, 247
track:936, 772, 568, 272, 247
track:937, 772, 566, 272, 247
track:938, 773, 565, 272, 247
track:939, 775, 563, 272, 247
track:940, 774, 561, 272, 247
track:941, 775, 561, 272, 247
track:942, 774, 559, 272, 247
track:943, 770, 559, 272, 247
track:944, 771, 558, 272, 247
track:945, 770, 558, 272, 247
track:946, 769, 558, 272, 247
track:947, 767, 557, 272, 247
track:948, 762, 559, 272, 247
track:949, 758, 560, 272, 247
track:950, 756, 563, 272, 247
init :951, 752, 571, 355, 236
track:952, 750, 573, 355, 236
track:953, 750, 575, 355, 236
track:954, 750, 576, 355, 236
track:955, 749, 578, 355, 236
track:956, 752, 577, 355, 236
track:957, 749, 579, 355, 236
track:958, 751, 579, 355, 236
track:959, 750, 581, 355, 236
track:960, 749, 581, 355, 236
track:961, 750, 582, 355, 236
track:962, 747, 584, 355, 236
track:963, 737, 579, 373, 248
track:964, 736, 579, 373, 248
track:965, 735, 579, 373, 248
track:966, 732, 579, 373, 248
track:967, 728, 581, 373, 248
track:968, 723, 583, 373, 248
track:969, 719, 583, 373, 248
track:970, 718, 584, 373, 248
track:971, 711, 583, 373, 248
track:972, 708, 585, 373, 248
track:973, 704, 584, 373, 248
track:974, 699, 585, 373, 248
track:975, 699, 585, 373, 248
track:976, 695, 586, 373, 248
track:977, 690, 587, 373, 248
track:978, 689, 586, 373, 248
track:979, 689, 587, 373, 248
track:980, 684, 587, 373, 248
track:981, 687, 588, 373, 248
track:982, 690, 586, 373, 248
track:983, 692, 592, 355, 236
track:984, 690, 594, 355, 236
track:985, 693, 594, 355, 236
track:986, 695, 594, 355, 236
track:987, 694, 595, 355, 236
track:988, 699, 601, 338, 225
init :989, 696, 586, 507, 249
track:990, 696, 586, 507, 249
track:991, 696, 586, 507, 249
track:992, 695, 586, 507, 249
track:993, 696, 587, 507, 249
track:994, 697, 584, 507, 249
track:995, 682, 578, 532, 261
track:996, 684, 577, 532, 261
track:997, 690, 574, 532, 261
track:998, 691, 572, 532, 261
track:999, 708, 576, 507, 249
track:1000, 696, 570, 532, 261
track:1001, 702, 570, 532, 261
track:1002, 718, 573, 507, 249
track:1003, 724, 569, 507, 249
track:1004, 727, 566, 507, 249
track:1005, 725, 568, 507, 249
track:1006, 733, 565, 507, 249
track:1007, 730, 561, 507, 249
track:1008, 730, 560, 507, 249
track:1009, 730, 558, 507, 249
track:1010, 729, 555, 507, 249
track:1011, 735, 561, 483, 237
track:1012, 734, 560, 483, 237
track:1013, 743, 567, 460, 226
track:1014, 740, 567, 460, 226
track:1015, 739, 565, 460, 226
track:1016, 734, 566, 460, 226
track:1017, 716, 557, 483, 237
track:1018, 726, 562, 460, 226
track:1019, 722, 560, 460, 226
track:1020, 723, 563, 460, 226
track:1021, 726, 558, 460, 226
track:1022, 719, 562, 460, 226
track:1023, 720, 560, 460, 226
track:1024, 713, 559, 460, 226
track:1025, 705, 551, 483, 237
track:1026, 700, 553, 483, 237
init :1027, 752, 581, 452, 171
track:1028, 752, 582, 452, 171
track:1029, 746, 581, 452, 171
track:1030, 754, 586, 430, 163
track:1031, 748, 588, 430, 163
track:1032, 752, 593, 410, 155
track:1033, 747, 594, 410, 155
track:1034, 744, 595, 410, 155
track:1035, 744, 595, 410, 155
track:1036, 742, 597, 410, 155
track:1037, 751, 602, 390, 148
track:1038, 741, 601, 410, 155
track:1039, 740, 604, 410, 155
track:1040, 741, 603, 410, 155
track:1041, 730, 603, 430, 163
track:1042, 730, 606, 430, 163
track:1043, 727, 608, 430, 163
track:1044, 728, 608, 430, 163
track:1045, 728, 608, 430, 163
track:1046, 728, 610, 430, 163
track:1047, 743, 615, 410, 155
track:1048, 744, 616, 410, 155
track:1049, 749, 616, 410, 155
track:1050, 748, 616, 410, 155
track:1051, 756, 614, 410, 155
track:1052, 760, 610, 410, 155
track:1053, 767, 610, 410, 155
track:1054, 773, 610, 410, 155
track:1055, 775, 610, 410, 155
track:1056, 779, 609, 410, 155
track:1057, 787, 607, 410, 155
track:1058, 790, 607, 410, 155
track:1059, 789, 608, 410, 155
track:1060, 787, 611, 410, 155
track:1061, 791, 611, 410, 155
track:1062, 786, 612, 410, 155
track:1063, 783, 612, 410, 155
track:1064, 779, 611, 410, 155
init :1065, 793, 617, 438, 135
track:1066, 791, 617, 438, 135
track:1067, 785, 616, 438, 135
track:1068, 777, 614, 438, 135
track:1069, 759, 610, 460, 142
track:1070, 756, 607, 460, 142
track:1071, 760, 612, 438, 135
track:1072, 743, 612, 438, 135
track:1073, 729, 613, 438, 135
track:1074, 718, 613, 438, 135
track:1075, 713, 613, 438, 135
track:1076, 695, 609, 460, 142
track:1077, 688, 610, 460, 142
track:1078, 672, 609, 460, 142
track:1079, 662, 612, 460, 142
track:1080, 671, 615, 438, 135
track:1081, 666, 615, 438, 135
track:1082, 659, 615, 438, 135
track:1083, 656, 618, 438, 135
track:1084, 652, 618, 438, 135
track:1085, 653, 618, 438, 135
track:1086, 649, 618, 438, 135
track:1087, 651, 618, 438, 135
track:1088, 651, 618, 438, 135
track:1089, 648, 619, 438, 135
track:1090, 651, 618, 438, 135
track:1091, 653, 619, 438, 135
track:1092, 652, 621, 438, 135
track:1093, 654, 622, 438, 135
track:1094, 664, 626, 417, 129
track:1095, 661, 626, 417, 129
track:1096, 663, 625, 417, 129
track:1097, 673, 629, 397, 122
track:1098, 671, 625, 417, 129
track:1099, 660, 625, 438, 135
track:1100, 661, 626, 438, 135
track:1101, 662, 627, 438, 135
track:1102, 660, 626, 438, 135
init :1103, 696, 628, 461, 163
track:1104, 696, 628, 461, 163
track:1105, 696, 629, 461, 163
track:1106, 696, 628, 461, 163
track:1107, 694, 629, 461, 163
track:1108, 691, 628, 461, 163
track:1109, 685, 631, 461, 163
track:1110, 687, 631, 461, 163
track:1111, 680, 632, 461, 163
track:1112, 678, 634, 461, 163
track:1113, 675, 637, 461, 163
track:1114, 670, 637, 461, 163
track:1115, 666, 638, 461, 163
track:1116, 665, 636, 461, 163
track:1117, 656, 638, 461, 163
track:1118, 657, 638, 461, 163
track:1119, 649, 638, 461, 163
track:1120, 648, 639, 461, 163
track:1121, 635, 635, 484, 171
track:1122, 635, 635, 484, 171
track:1123, 641, 639, 461, 163
track:1124, 656, 642, 439, 155
track:1125, 663, 642, 439, 155
track:1126, 664, 642, 439, 155
track:1127, 657, 644, 439, 155
track:1128, 658, 643, 439, 155
track:1129, 682, 645, 418, 148
track:1130, 690, 646, 418, 148
track:1131, 685, 649, 418, 148
track:1132, 683, 647, 418, 148
track:1133, 699, 650, 418, 148
track:1134, 744, 653, 418, 148
track:1135, 817, 646, 439, 155
track:1136, 811, 643, 461, 163
track:1137, 808, 660, 439, 155
track:1138, 804, 654, 461, 163
track:1139, 778, 657, 461, 163
track:1140, 796, 662, 439, 155
init :1141, 830, 630, 216, 181
track:1142, 826, 630, 216, 181
track:1143, 816, 630, 216, 181
track:1144, 807, 631, 216, 181
track:1145, 806, 632, 216, 181
track:1146, 798, 631, 216, 181
track:1147, 791, 631, 216, 181
track:1148, 785, 637, 206, 172
track:1149, 775, 631, 216, 181
track:1150, 777, 631, 216, 181
track:1151, 776, 631, 216, 181
track:1152, 775, 631, 216, 181
track:1153, 771, 632, 216, 181
track:1154, 775, 638, 206, 172
track:1155, 769, 639, 206, 172
track:1156, 773, 642, 206, 172
track:1157, 774, 644, 206, 172
track:1158, 774, 643, 206, 172
track:1159, 777, 640, 206, 172
track:1160, 778, 640, 206, 172
track:1161, 778, 641, 206, 172
track:1162, 784, 636, 216, 181
track:1163, 781, 637, 216, 181
track:1164, 788, 640, 216, 181
track:1165, 787, 638, 216, 181
track:1166, 780, 639, 216, 181
track:1167, 784, 644, 206, 172
track:1168, 776, 645, 206, 172
track:1169, 773, 644, 206, 172
track:1170, 772, 644, 206, 172
track:1171, 768, 644, 206, 172
track:1172, 761, 642, 206, 172
track:1173, 761, 643, 206, 172
track:1174, 746, 636, 216, 181
track:1175, 749, 636, 216, 181
track:1176, 750, 634, 216, 181
track:1177, 751, 635, 216, 181
track:1178, 747, 631, 216, 181
init :1179, 766, 641, 373, 147
track:1180, 766, 641, 373, 147
track:1181, 769, 641, 373, 147
track:1182, 763, 637, 392, 154
track:1183, 762, 636, 392, 154
track:1184, 764, 634, 392, 154
track:1185, 774, 636, 373, 147
track:1186, 773, 635, 373, 147
track:1187, 776, 634, 373, 147
track:1188, 780, 633, 373, 147
track:1189, 773, 627, 392, 154
track:1190, 762, 623, 411, 162
track:1191, 767, 623, 411, 162
track:1192, 764, 621, 411, 162
track:1193, 768, 623, 392, 154
track:1194, 774, 622, 392, 154
track:1195, 781, 625, 373, 147
track:1196, 775, 622, 373, 147
track:1197, 785, 625, 355, 140
track:1198, 780, 628, 338, 133
track:1199, 777, 627, 338, 133
track:1200, 781, 626, 338, 133
track:1201, 789, 626, 338, 133
track:1202, 786, 626, 338, 133
track:1203, 800, 625, 338, 133
track:1204, 794, 625, 338, 133
track:1205, 800, 624, 338, 133
track:1206, 801, 625, 338, 133
track:1207, 819, 627, 322, 127
track:1208, 817, 626, 322, 127
track:1209, 817, 625, 322, 127
track:1210, 825, 626, 322, 127
track:1211, 827, 629, 322, 127
track:1212, 834, 630, 322, 127
track:1213, 844, 634, 307, 121
track:1214, 831, 631, 322, 127
track:1215, 834, 634, 322, 127
track:1216, 834, 634, 322, 127
init :1217, 876, 646, 323, 98
track:1218, 875, 647, 323, 98
track:1219, 874, 647, 323, 98
track:1220, 873, 648, 323, 98
track:1221, 869, 648, 323, 98
track:1222, 874, 650, 308, 93
track:1223, 873, 652, 308, 93
track:1224, 873, 653, 308, 93
track:1225, 872, 654, 308, 93
track:1226, 869, 655, 308, 93
track:1227, 872, 655, 308, 93
track:1228, 869, 656, 308, 93
track:1229, 878, 659, 293, 89
track:1230, 878, 659, 293, 89
track:1231, 876, 660, 293, 89
track:1232, 885, 664, 279, 85
track:1233, 890, 665, 279, 85
track:1234, 891, 666, 266, 81
track:1235, 891, 669, 253, 77
track:1236, 880, 667, 266, 81
track:1237, 885, 668, 266, 81
track:1238, 891, 669, 253, 77
track:1239, 891, 669, 253, 77
track:1240, 888, 670, 253, 77
track:1241, 887, 670, 253, 77
track:1242, 891, 672, 241, 73
track:1243, 884, 672, 253, 77
track:1244, 886, 672, 253, 77
track:1245, 886, 674, 253, 77
track:1246, 892, 676, 241, 73
track:1247, 942, 675, 253, 77
track:1248, 940, 672, 253, 77
track:1249, 943, 674, 253, 77
track:1250, 948, 677, 241, 73
track:1251, 945, 675, 241, 73
track:1252, 942, 676, 230, 70
track:1253, 931, 677, 219, 66
track:1254, 947, 675, 219, 66
init :1255, 950, 667, 133, 85
track:1256, 944, 666, 133, 85
track:1257, 942, 667, 127, 81
track:1258, 940, 666, 127, 81
track:1259, 937, 664, 127, 81
track:1260, 934, 663, 127, 81
track:1261, 926, 662, 127, 81
track:1262, 922, 660, 127, 81
track:1263, 921, 662, 121, 77
track:1264, 921, 663, 121, 77
track:1265, 920, 663, 121, 77
track:1266, 921, 663, 121, 77
track:1267, 919, 660, 121, 77
track:1268, 919, 660, 121, 77
track:1269, 918, 660, 121, 77
track:1270, 918, 658, 121, 77
track:1271, 918, 657, 121, 77
track:1272, 911, 659, 121, 77
track:1273, 909, 659, 115, 73
track:1274, 909, 658, 115, 73
track:1275, 906, 657, 115, 73
track:1276, 899, 657, 115, 73
track:1277, 893, 658, 115, 73
track:1278, 886, 659, 115, 73
track:1279, 887, 659, 115, 73
track:1280, 880, 660, 115, 73
track:1281, 876, 663, 109, 70
track:1282, 869, 664, 109, 70
track:1283, 864, 663, 109, 70
track:1284, 865, 663, 109, 70
track:1285, 857, 664, 109, 70
track:1286, 854, 665, 104, 67
track:1287, 852, 665, 104, 67
track:1288, 852, 664, 104, 67
track:1289, 850, 664, 104, 67
track:1290, 850, 663, 104, 67
track:1291, 848, 662, 104, 67
track:1292, 846, 663, 104, 67
init :1293, 867, 662, 143, 72
track:1294, 867, 662, 143, 72
track:1295, 870, 664, 136, 69
track:1296, 868, 663, 136, 69
track:1297, 868, 662, 136, 69
track:1298, 869, 662, 136, 69
track:1299, 867, 662, 136, 69
track:1300, 866, 663, 136, 69
track:1301, 868, 665, 130, 65
track:1302, 867, 665, 130, 65
track:1303, 864, 664, 136, 69
track:1304, 864, 664, 136, 69
track:1305, 865, 663, 136, 69
track:1306, 865, 663, 136, 69
track:1307, 867, 663, 136, 69
track:1308, 870, 666, 130, 65
track:1309, 870, 666, 130, 65
track:1310, 870, 667, 130, 65
track:1311, 871, 668, 130, 65
track:1312, 870, 668, 130, 65
track:1313, 873, 669, 124, 62
track:1314, 874, 670, 118, 59
track:1315, 870, 670, 124, 62
track:1316, 869, 670, 124, 62
track:1317, 868, 670, 124, 62
track:1318, 866, 670, 124, 62
track:1319, 865, 670, 124, 62
track:1320, 864, 670, 124, 62
track:1321, 864, 671, 124, 62
track:1322, 862, 672, 130, 65
track:1323, 863, 672, 130, 65
track:1324, 865, 673, 124, 62
track:1325, 867, 674, 124, 62
track:1326, 866, 674, 130, 65
track:1327, 868, 675, 130, 65
track:1328, 865, 674, 136, 69
track:1329, 867, 674, 136, 69
track:1330, 866, 675, 136, 69
init :1331, 867, 677, 166, 49
track:1332, 865, 677, 166, 49
track:1333, 863, 677, 166, 49
track:1334, 863, 677, 166, 49
track:1335, 858, 677, 166, 49
track:1336, 853, 678, 166, 49
track:1337, 849, 678, 166, 49
track:1338, 847, 678, 166, 49
track:1339, 846, 678, 166, 49
track:1340, 846, 678, 166, 49
track:1341, 844, 678, 166, 49
track:1342, 843, 678, 166, 49
track:1343, 840, 677, 174, 51
track:1344, 839, 677, 174, 51
track:1345, 841, 677, 174, 51
track:1346, 840, 677, 174, 51
track:1347, 841, 678, 174, 51
track:1348, 840, 678, 174, 51
track:1349, 840, 679, 174, 51
track:1350, 843, 680, 166, 49
track:1351, 841, 680, 166, 49
track:1352, 839, 681, 166, 49
track:1353, 839, 681, 166, 49
track:1354, 839, 681, 166, 49
track:1355, 840, 681, 166, 49
track:1356, 841, 682, 166, 49
track:1357, 837, 681, 174, 51
track:1358, 837, 681, 174, 51
track:1359, 838, 681, 174, 51
track:1360, 836, 681, 174, 51
track:1361, 836, 682, 174, 51
track:1362, 836, 682, 174, 51
track:1363, 836, 683, 174, 51
track:1364, 838, 683, 174, 51
track:1365, 833, 683, 183, 54
track:1366, 831, 683, 183, 54
track:1367, 835, 685, 174, 51
track:1368, 836, 685, 174, 51
init :1369, 844, 687, 184, 57
track:1370, 843, 687, 184, 57
track:1371, 847, 689, 175, 54
track:1372, 841, 688, 184, 57
track:1373, 839, 689, 184, 57
track:1374, 843, 691, 175, 54
track:1375, 836, 690, 184, 57
track:1376, 834, 690, 184, 57
track:1377, 832, 690, 184, 57
track:1378, 831, 691, 184, 57
track:1379, 829, 691, 184, 57
track:1380, 825, 692, 184, 57
track:1381, 816, 691, 193, 60
track:1382, 810, 691, 203, 63
track:1383, 801, 690, 213, 66
track:1384, 800, 691, 213, 66
track:1385, 798, 692, 213, 66
track:1386, 800, 693, 213, 66
track:1387, 803, 694, 213, 66
track:1388, 805, 695, 213, 66
track:1389, 810, 698, 203, 63
track:1390, 812, 699, 203, 63
track:1391, 815, 700, 203, 63
track:1392, 825, 703, 193, 60
track:1393, 828, 704, 193, 60
track:1394, 826, 704, 203, 63
track:1395, 827, 704, 203, 63
track:1396, 828, 705, 203, 63
track:1397, 824, 705, 213, 66
track:1398, 824, 705, 213, 66
track:1399, 823, 706, 213, 66
track:1400, 821, 707, 213, 66
track:1401, 816, 707, 213, 66
track:1402, 808, 708, 213, 66
track:1403, 805, 709, 213, 66
track:1404, 804, 710, 213, 66
track:1405, 801, 710, 213, 66
track:1406, 798, 710, 213, 66
init :1407, 798, 713, 226, 67
track:1408, 796, 712, 226, 67
track:1409, 795, 712, 226, 67
track:1410, 794, 712, 226, 67
track:1411, 793, 712, 226, 67
track:1412, 800, 714, 215, 64
track:1413, 802, 715, 215, 64
track:1414, 797, 714, 226, 67
track:1415, 792, 713, 237, 70
track:1416, 793, 714, 237, 70
track:1417, 800, 716, 226, 67
track:1418, 797, 716, 226, 67
track:1419, 797, 717, 226, 67
track:1420, 797, 718, 226, 67
track:1421, 793, 719, 226, 67
track:1422, 792, 719, 226, 67
track:1423, 785, 717, 237, 70
track:1424, 785, 718, 237, 70
track:1425, 791, 720, 226, 67
track:1426, 789, 720, 226, 67
track:1427, 790, 721, 226, 67
track:1428, 788, 721, 226, 67
track:1429, 789, 722, 226, 67
track:1430, 786, 722, 226, 67
track:1431, 779, 720, 237, 70
track:1432, 778, 720, 237, 70
track:1433, 773, 720, 249, 74
track:1434, 778, 722, 237, 70
track:1435, 777, 723, 237, 70
track:1436, 779, 725, 226, 67
track:1437, 778, 724, 226, 67
track:1438, 781, 726, 215, 64
track:1439, 785, 726, 205, 61
track:1440, 788, 728, 195, 58
track:1441, 779, 727, 205, 61
track:1442, 773, 727, 205, 61
track:1443, 770, 728, 205, 61
track:1444, 769, 727, 205, 61
init :1445, 775, 719, 240, 116
track:1446, 767, 716, 252, 122
track:1447, 760, 716, 252, 122
track:1448, 758, 715, 252, 122
track:1449, 758, 714, 252, 122
track:1450, 757, 714, 252, 122
track:1451, 758, 713, 252, 122
track:1452, 761, 713, 252, 122
track:1453, 767, 714, 252, 122
track:1454, 769, 714, 252, 122
track:1455, 779, 718, 240, 116
track:1456, 786, 717, 240, 116
track:1457, 789, 718, 240, 116
track:1458, 791, 714, 252, 122
track:1459, 791, 715, 252, 122
track:1460, 796, 716, 252, 122
track:1461, 800, 717, 252, 122
track:1462, 805, 716, 252, 122
track:1463, 809, 718, 252, 122
track:1464, 825, 723, 252, 122
track:1465, 825, 728, 240, 116
track:1466, 830, 731, 229, 110
track:1467, 839, 733, 218, 105
track:1468, 837, 731, 229, 110
track:1469, 842, 734, 218, 105
track:1470, 837, 734, 218, 105
track:1471, 839, 735, 218, 105
track:1472, 837, 736, 218, 105
track:1473, 834, 736, 218, 105
track:1474, 831, 731, 218, 105
track:1475, 826, 733, 218, 105
track:1476, 821, 731, 207, 100
track:1477, 822, 734, 197, 95
track:1478, 827, 734, 197, 95
track:1479, 825, 733, 197, 95
track:1480, 827, 733, 197, 95
track:1481, 829, 730, 188, 91
track:1482, 833, 734, 188, 91
init :1483, 853, 662, 198, 163
track:1484, 863, 665, 189, 155
track:1485, 867, 665, 189, 155
track:1486, 871, 663, 189, 155
track:1487, 877, 661, 189, 155
track:1488, 877, 661, 189, 155
track:1489, 880, 660, 189, 155
track:1490, 880, 658, 189, 155
track:1491, 882, 656, 189, 155
track:1492, 884, 653, 189, 155
track:1493, 883, 652, 189, 155
track:1494, 887, 654, 180, 148
track:1495, 884, 653, 171, 141
track:1496, 882, 650, 171, 141
track:1497, 881, 645, 171, 141
track:1498, 877, 645, 171, 141
track:1499, 862, 642, 171, 141
track:1500, 864, 641, 163, 134
track:1501, 851, 636, 163, 134
track:1502, 848, 632, 163, 134
track:1503, 851, 635, 155, 128
track:1504, 856, 632, 155, 128
track:1505, 855, 629, 155, 128
track:1506, 842, 627, 148, 122
track:1507, 843, 618, 155, 128
track:1508, 841, 620, 155, 128
track:1509, 839, 621, 148, 122
track:1510, 840, 617, 148, 122
track:1511, 839, 614, 148, 122
track:1512, 827, 610, 148, 122
track:1513, 829, 614, 141, 116
track:1514, 815, 612, 141, 116
track:1515, 798, 611, 141, 116
track:1516, 777, 615, 134, 110
track:1517, 749, 615, 134, 110
track:1518, 749, 616, 134, 110
track:1519, 724, 615, 134, 110
track:1520, 703, 619, 128, 105
init :1521, 683, 625, 276, 103
track:1522, 670, 626, 276, 103
track:1523, 669, 626, 276, 103
track:1524, 660, 626, 276, 103
track:1525, 663, 628, 263, 98
track:1526, 664, 628, 263, 98
track:1527, 676, 630, 250, 93
track:1528, 676, 629, 250, 93
track:1529, 701, 629, 250, 93
track:1530, 729, 631, 238, 89
track:1531, 753, 630, 238, 89
track:1532, 779, 629, 238, 89
track:1533, 775, 625, 250, 93
track:1534, 802, 626, 250, 93
track:1535, 826, 627, 250, 93
track:1536, 852, 629, 238, 89
track:1537, 870, 629, 238, 89
track:1538, 874, 633, 227, 85
track:1539, 885, 633, 216, 81
track:1540, 895, 632, 227, 85
track:1541, 902, 636, 216, 81
track:1542, 902, 637, 216, 81
track:1543, 900, 636, 227, 85
track:1544, 890, 635, 238, 89
track:1545, 888, 635, 238, 89
track:1546, 882, 637, 238, 89
track:1547, 875, 637, 238, 89
track:1548, 874, 638, 238, 89
track:1549, 851, 642, 250, 93
track:1550, 852, 641, 250, 93
track:1551, 854, 643, 238, 89
track:1552, 846, 648, 227, 85
track:1553, 847, 649, 227, 85
track:1554, 849, 650, 227, 85
track:1555, 849, 649, 227, 85
track:1556, 854, 651, 216, 81
track:1557, 861, 653, 216, 81
track:1558, 865, 655, 206, 77
init :1559, 886, 664, 198, 72
track:1560, 888, 665, 198, 72
track:1561, 890, 665, 198, 72
track:1562, 899, 667, 189, 69
track:1563, 900, 667, 189, 69
track:1564, 901, 668, 189, 69
track:1565, 901, 668, 189, 69
track:1566, 901, 668, 189, 69
track:1567, 900, 668, 189, 69
track:1568, 899, 669, 189, 69
track:1569, 903, 671, 180, 65
track:1570, 902, 671, 180, 65
track:1571, 902, 673, 171, 62
track:1572, 899, 673, 171, 62
track:1573, 899, 674, 171, 62
track:1574, 900, 676, 163, 59
track:1575, 898, 676, 163, 59
track:1576, 893, 676, 163, 59
track:1577, 889, 675, 163, 59
track:1578, 889, 676, 163, 59
track:1579, 892, 677, 155, 56
track:1580, 888, 678, 155, 56
track:1581, 885, 678, 155, 56
track:1582, 885, 678, 155, 56
track:1583, 883, 679, 155, 56
track:1584, 889, 679, 148, 54
track:1585, 879, 680, 148, 54
track:1586, 878, 680, 148, 54
track:1587, 883, 682, 141, 51
track:1588, 886, 683, 134, 49
track:1589, 889, 682, 134, 49
track:1590, 895, 683, 128, 46
track:1591, 897, 683, 128, 46
track:1592, 894, 682, 134, 49
track:1593, 890, 682, 134, 49
track:1594, 891, 684, 134, 49
track:1595, 889, 685, 134, 49
track:1596, 883, 685, 134, 49
init :1599, 913, 680, 101, 72
track:1600, 912, 680, 101, 72
track:1601, 911, 680, 101, 72
track:1602, 910, 680, 101, 72
track:1603, 909, 679, 101, 72
track:1604, 905, 679, 101, 72
track:1605, 906, 681, 96, 69
track:1606, 903, 681, 96, 69
track:1607, 901, 682, 96, 69
track:1608, 900, 682, 96, 69
elapseTime: 16.931
