init :7, 821, 630, 235, 197
track:8, 821, 630, 235, 197
track:9, 822, 630, 235, 197
track:10, 821, 631, 235, 197
track:11, 823, 630, 235, 197
track:12, 823, 630, 235, 197
track:13, 824, 630, 235, 197
track:14, 824, 630, 235, 197
track:15, 824, 630, 235, 197
track:16, 825, 630, 235, 197
track:17, 826, 630, 235, 197
track:18, 825, 630, 235, 197
track:19, 825, 629, 235, 197
track:20, 821, 626, 247, 207
track:21, 820, 626, 247, 207
track:22, 827, 631, 235, 197
track:23, 828, 631, 235, 197
track:24, 827, 631, 235, 197
track:25, 828, 630, 235, 197
track:26, 829, 631, 235, 197
track:27, 829, 631, 235, 197
track:28, 829, 631, 235, 197
track:29, 829, 630, 235, 197
track:30, 829, 630, 235, 197
track:31, 830, 629, 235, 197
track:32, 831, 631, 235, 197
track:33, 829, 630, 235, 197
track:34, 830, 631, 235, 197
track:35, 830, 630, 235, 197
track:36, 830, 631, 235, 197
track:37, 829, 630, 235, 197
track:38, 831, 630, 235, 197
track:39, 830, 630, 235, 197
track:40, 830, 630, 235, 197
init :41, 826, 633, 240, 197
track:42, 826, 633, 240, 197
track:43, 828, 634, 240, 197
track:44, 827, 634, 240, 197
track:45, 827, 634, 240, 197
track:46, 828, 633, 240, 197
track:48, 828, 633, 240, 197
track:49, 828, 633, 240, 197
track:50, 828, 634, 240, 197
track:51, 830, 632, 240, 197
track:52, 828, 632, 240, 197
track:53, 827, 632, 240, 197
track:54, 827, 632, 240, 197
track:55, 827, 632, 240, 197
track:56, 827, 631, 240, 197
track:57, 827, 632, 240, 197
track:58, 827, 632, 240, 197
track:59, 827, 632, 240, 197
track:60, 827, 632, 240, 197
track:61, 827, 632, 240, 197
track:62, 826, 632, 240, 197
track:63, 826, 632, 240, 197
track:64, 826, 632, 240, 197
track:65, 826, 632, 240, 197
track:66, 826, 632, 240, 197
track:67, 826, 631, 240, 197
track:68, 826, 632, 240, 197
track:69, 826, 632, 240, 197
track:70, 825, 631, 240, 197
track:71, 824, 632, 240, 197
track:72, 825, 633, 240, 197
track:73, 825, 633, 240, 197
track:74, 825, 633, 240, 197
track:75, 826, 633, 240, 197
track:76, 825, 634, 240, 197
track:77, 825, 633, 240, 197
track:78, 825, 633, 240, 197
track:79, 825, 633, 240, 197
track:80, 825, 633, 240, 197
init :81, 826, 630, 235, 197
track:82, 826, 630, 235, 197
track:83, 826, 631, 235, 197
track:84, 826, 630, 235, 197
track:85, 826, 631, 235, 197
track:86, 826, 631, 235, 197
track:87, 826, 631, 235, 197
track:88, 827, 632, 235, 197
track:89, 826, 631, 235, 197
track:90, 826, 631, 235, 197
track:91, 826, 632, 235, 197
track:92, 826, 631, 235, 197
track:93, 826, 631, 235, 197
track:94, 826, 631, 235, 197
track:95, 827, 631, 235, 197
track:96, 827, 631, 235, 197
track:97, 829, 631, 235, 197
track:98, 822, 625, 247, 207
track:99, 829, 629, 235, 197
track:100, 829, 629, 235, 197
track:101, 830, 629, 235, 197
track:102, 831, 628, 235, 197
track:103, 831, 628, 235, 197
track:104, 831, 627, 235, 197
track:105, 831, 627, 235, 197
track:106, 832, 626, 235, 197
track:107, 833, 625, 235, 197
track:108, 834, 622, 235, 197
track:109, 833, 622, 235, 197
track:110, 834, 621, 235, 197
track:111, 833, 620, 235, 197
track:112, 834, 619, 235, 197
track:113, 835, 616, 235, 197
track:114, 836, 615, 235, 197
track:115, 837, 614, 235, 197
track:116, 837, 611, 235, 197
track:117, 839, 609, 235, 197
track:120, 845, 612, 224, 188
init :121, 853, 615, 198, 160
track:122, 854, 615, 198, 160
track:123, 853, 613, 198, 160
track:124, 853, 614, 198, 160
track:125, 856, 615, 189, 152
track:126, 855, 613, 189, 152
track:127, 852, 611, 189, 152
track:128, 851, 611, 189, 152
track:129, 851, 611, 189, 152
track:130, 856, 616, 180, 145
track:131, 856, 617, 180, 145
track:132, 859, 620, 180, 145
track:133, 856, 619, 189, 152
track:134, 855, 620, 189, 152
track:135, 855, 621, 189, 152
track:136, 856, 621, 189, 152
track:137, 862, 626, 180, 145
track:138, 863, 628, 180, 145
track:139, 864, 628, 180, 145
track:140, 863, 627, 180, 145
track:141, 861, 625, 180, 145
track:142, 860, 627, 180, 145
track:143, 860, 627, 180, 145
track:144, 860, 628, 180, 145
track:145, 857, 632, 180, 145
track:146, 855, 632, 180, 145
track:147, 856, 634, 180, 145
track:148, 857, 635, 180, 145
track:149, 858, 635, 180, 145
track:150, 859, 638, 180, 145
track:151, 859, 642, 180, 145
track:152, 862, 648, 171, 138
track:153, 863, 650, 171, 138
track:154, 863, 652, 171, 138
track:155, 863, 653, 171, 138
track:156, 864, 655, 171, 138
track:157, 860, 652, 180, 145
track:158, 862, 653, 180, 145
track:159, 862, 653, 180, 145
track:160, 860, 653, 180, 145
init :161, 863, 651, 170, 155
track:162, 861, 650, 170, 155
track:163, 859, 650, 170, 155
track:164, 859, 651, 170, 155
track:165, 858, 651, 170, 155
track:166, 859, 651, 170, 155
track:167, 859, 651, 170, 155
track:168, 859, 652, 170, 155
track:169, 860, 652, 170, 155
track:170, 860, 651, 170, 155
track:171, 861, 650, 170, 155
track:172, 861, 649, 170, 155
track:173, 862, 648, 170, 155
track:174, 862, 649, 170, 155
track:175, 860, 649, 170, 155
track:176, 858, 650, 170, 155
track:177, 859, 649, 170, 155
track:178, 860, 649, 170, 155
track:179, 860, 650, 170, 155
track:180, 861, 652, 170, 155
track:181, 861, 652, 170, 155
track:182, 863, 654, 170, 155
track:183, 865, 657, 170, 155
track:184, 866, 658, 170, 155
track:185, 866, 660, 170, 155
track:186, 864, 658, 170, 155
track:187, 861, 654, 170, 155
track:188, 857, 651, 170, 155
track:189, 856, 649, 170, 155
track:190, 853, 648, 170, 155
track:191, 853, 646, 170, 155
track:192, 858, 644, 162, 148
track:193, 856, 642, 162, 148
track:194, 856, 641, 162, 148
track:195, 857, 640, 162, 148
track:196, 859, 638, 162, 148
track:197, 859, 637, 162, 148
track:198, 856, 637, 162, 148
track:199, 855, 637, 162, 148
track:200, 854, 639, 162, 148
init :201, 853, 638, 156, 145
track:202, 853, 636, 156, 145
track:203, 852, 634, 156, 145
track:204, 853, 633, 156, 145
track:205, 854, 632, 156, 145
track:206, 855, 631, 156, 145
track:207, 852, 630, 156, 145
track:208, 852, 629, 156, 145
track:209, 851, 628, 156, 145
track:210, 848, 625, 156, 145
track:211, 850, 623, 149, 138
track:212, 851, 621, 149, 138
track:213, 850, 620, 149, 138
track:214, 850, 619, 149, 138
track:215, 850, 619, 149, 138
track:216, 850, 619, 149, 138
track:217, 853, 622, 141, 132
track:218, 853, 622, 141, 132
track:219, 853, 624, 141, 132
track:220, 853, 627, 141, 132
track:221, 853, 628, 141, 132
track:222, 856, 633, 135, 125
track:223, 855, 634, 135, 125
track:224, 856, 636, 135, 125
track:225, 855, 637, 135, 125
track:226, 856, 638, 135, 125
track:227, 855, 639, 135, 125
track:228, 856, 639, 135, 125
track:229, 858, 643, 128, 119
track:230, 858, 642, 128, 119
track:231, 858, 641, 128, 119
track:232, 858, 639, 128, 119
track:233, 857, 638, 128, 119
track:234, 857, 637, 128, 119
track:235, 859, 639, 122, 114
track:236, 857, 635, 128, 119
track:237, 862, 639, 122, 114
track:238, 862, 639, 122, 114
track:239, 863, 640, 122, 114
track:240, 864, 642, 122, 114
init :241, 863, 651, 120, 101
track:242, 864, 651, 120, 101
track:243, 864, 651, 120, 101
track:244, 864, 652, 120, 101
track:245, 864, 652, 120, 101
track:246, 864, 653, 120, 101
track:247, 864, 654, 120, 101
track:248, 865, 654, 120, 101
track:249, 864, 655, 120, 101
track:250, 864, 655, 120, 101
track:251, 865, 658, 120, 101
track:252, 866, 659, 120, 101
track:253, 866, 659, 120, 101
track:254, 867, 663, 120, 101
track:255, 866, 664, 120, 101
track:256, 867, 666, 120, 101
track:257, 869, 670, 120, 101
track:258, 868, 670, 120, 101
track:259, 869, 671, 120, 101
track:260, 869, 673, 120, 101
track:261, 869, 674, 120, 101
track:262, 869, 674, 120, 101
track:263, 869, 674, 120, 101
track:264, 869, 676, 120, 101
track:265, 869, 678, 120, 101
track:266, 869, 679, 120, 101
track:267, 869, 681, 120, 101
track:268, 870, 681, 120, 101
track:269, 869, 682, 120, 101
track:270, 870, 685, 120, 101
track:271, 871, 688, 120, 101
track:272, 871, 691, 120, 101
track:273, 868, 690, 126, 106
track:274, 868, 691, 126, 106
track:275, 869, 693, 126, 106
track:276, 870, 696, 126, 106
track:277, 868, 697, 132, 111
track:278, 868, 697, 132, 111
track:279, 869, 696, 132, 111
track:280, 871, 694, 132, 111
init :281, 867, 687, 138, 122
track:282, 869, 690, 138, 122
track:283, 869, 690, 138, 122
track:284, 870, 692, 138, 122
track:285, 872, 694, 138, 122
track:286, 874, 694, 138, 122
track:287, 876, 691, 138, 122
track:288, 874, 686, 145, 128
track:289, 870, 681, 152, 135
track:290, 866, 674, 160, 141
track:291, 865, 667, 160, 141
track:292, 863, 657, 168, 148
track:293, 864, 656, 168, 148
track:294, 865, 656, 168, 148
track:295, 867, 653, 168, 148
track:296, 864, 649, 176, 156
track:297, 858, 646, 185, 163
track:298, 855, 643, 194, 172
track:299, 853, 644, 194, 172
track:300, 852, 646, 194, 172
track:301, 845, 643, 204, 180
track:302, 837, 643, 214, 189
track:303, 837, 645, 214, 189
track:304, 837, 649, 214, 189
track:305, 830, 645, 225, 199
track:306, 828, 646, 225, 199
track:307, 822, 638, 236, 209
track:308, 823, 637, 236, 209
track:309, 821, 635, 236, 209
track:310, 814, 622, 248, 219
track:311, 814, 609, 248, 219
track:312, 814, 599, 248, 219
track:313, 814, 597, 248, 219
track:314, 816, 590, 248, 219
track:315, 815, 583, 248, 219
track:316, 815, 573, 248, 219
track:317, 818, 565, 248, 219
track:318, 819, 568, 248, 219
track:319, 827, 569, 236, 209
track:320, 834, 561, 236, 209
init :321, 858, 568, 207, 184
track:322, 858, 568, 207, 184
track:323, 858, 568, 207, 184
track:324, 857, 571, 207, 184
track:325, 857, 571, 207, 184
track:326, 856, 565, 207, 184
track:327, 853, 566, 207, 184
track:328, 853, 565, 207, 184
track:329, 854, 575, 197, 175
track:330, 853, 580, 197, 175
track:331, 851, 584, 197, 175
track:332, 849, 586, 197, 175
track:333, 850, 588, 197, 175
track:334, 849, 589, 197, 175
track:335, 847, 590, 197, 175
track:336, 847, 593, 197, 175
track:337, 848, 594, 197, 175
track:338, 849, 594, 197, 175
track:339, 849, 590, 197, 175
track:340, 854, 593, 188, 167
track:341, 855, 593, 188, 167
track:342, 856, 592, 188, 167
track:343, 857, 595, 179, 159
track:344, 858, 594, 179, 159
track:345, 859, 589, 179, 159
track:346, 863, 594, 170, 151
track:347, 866, 600, 162, 144
track:348, 867, 600, 162, 144
track:349, 866, 603, 162, 144
track:350, 867, 607, 162, 144
track:351, 868, 611, 162, 144
track:352, 869, 614, 162, 144
track:353, 873, 618, 154, 137
track:354, 871, 620, 154, 137
track:355, 871, 621, 154, 137
track:356, 872, 622, 154, 137
track:357, 875, 625, 147, 131
track:358, 875, 625, 147, 131
track:359, 874, 626, 147, 131
track:360, 873, 625, 147, 131
init :361, 872, 636, 138, 98
track:362, 871, 636, 138, 98
track:363, 871, 636, 138, 98
track:364, 871, 637, 138, 98
track:365, 871, 638, 138, 98
track:366, 871, 639, 138, 98
track:367, 871, 640, 138, 98
track:368, 871, 641, 138, 98
track:369, 870, 641, 138, 98
track:370, 869, 647, 138, 98
track:371, 868, 652, 138, 98
track:372, 871, 658, 131, 93
track:373, 870, 659, 131, 93
track:374, 870, 661, 131, 93
track:375, 868, 661, 131, 93
track:376, 866, 662, 131, 93
track:377, 865, 663, 131, 93
track:378, 864, 663, 131, 93
track:379, 864, 664, 131, 93
track:380, 864, 663, 131, 93
track:381, 864, 662, 131, 93
track:382, 861, 662, 131, 93
track:383, 860, 662, 131, 93
track:384, 862, 664, 125, 89
track:385, 861, 662, 125, 89
track:386, 864, 663, 119, 85
track:387, 864, 663, 119, 85
track:388, 864, 664, 119, 85
track:389, 863, 663, 119, 85
track:390, 863, 663, 119, 85
track:391, 864, 665, 119, 85
track:392, 863, 668, 119, 85
track:393, 863, 669, 119, 85
track:394, 863, 669, 119, 85
track:395, 866, 677, 114, 81
track:396, 867, 680, 114, 81
track:397, 869, 684, 114, 81
track:398, 870, 685, 114, 81
track:399, 870, 689, 114, 81
track:400, 872, 693, 114, 81
init :401, 876, 703, 101, 85
track:402, 877, 707, 101, 85
track:403, 877, 707, 101, 85
track:404, 878, 709, 101, 85
track:405, 879, 710, 101, 85
track:406, 879, 709, 101, 85
track:407, 880, 709, 101, 85
track:408, 880, 710, 101, 85
track:409, 879, 706, 106, 89
track:410, 879, 705, 106, 89
track:411, 880, 702, 106, 89
track:412, 881, 700, 106, 89
track:413, 881, 700, 106, 89
track:414, 880, 699, 106, 89
track:415, 880, 700, 106, 89
track:416, 880, 701, 106, 89
track:417, 881, 702, 106, 89
track:418, 881, 702, 106, 89
track:419, 881, 702, 106, 89
track:420, 879, 703, 106, 89
track:421, 878, 703, 106, 89
track:422, 878, 701, 106, 89
track:423, 878, 701, 106, 89
track:424, 877, 698, 106, 89
track:425, 877, 696, 106, 89
track:426, 876, 694, 106, 89
track:427, 874, 693, 106, 89
track:428, 875, 693, 106, 89
track:429, 875, 693, 106, 89
track:430, 873, 693, 106, 89
track:431, 873, 694, 106, 89
track:432, 872, 693, 106, 89
track:433, 873, 693, 106, 89
track:434, 872, 693, 106, 89
track:435, 871, 693, 106, 89
track:436, 870, 694, 106, 89
track:437, 869, 695, 106, 89
track:438, 870, 696, 106, 89
track:439, 871, 697, 106, 89
track:440, 871, 698, 106, 89
init :441, 867, 693, 115, 88
track:442, 868, 694, 115, 88
track:443, 868, 694, 115, 88
track:444, 867, 695, 115, 88
track:445, 867, 696, 115, 88
track:446, 867, 697, 115, 88
track:447, 868, 696, 115, 88
track:448, 868, 696, 115, 88
track:449, 867, 695, 115, 88
track:450, 868, 695, 115, 88
track:451, 869, 696, 115, 88
track:452, 870, 698, 115, 88
track:453, 867, 696, 121, 92
track:454, 868, 697, 121, 92
track:455, 869, 697, 121, 92
track:456, 870, 697, 121, 92
track:457, 869, 698, 121, 92
track:458, 869, 697, 121, 92
track:459, 869, 696, 121, 92
track:460, 869, 694, 121, 92
track:461, 869, 694, 121, 92
track:462, 869, 694, 121, 92
track:463, 869, 694, 121, 92
track:464, 866, 690, 127, 97
track:465, 862, 684, 133, 102
track:466, 862, 685, 133, 102
track:467, 862, 686, 133, 102
track:468, 862, 686, 133, 102
track:469, 863, 687, 133, 102
track:470, 863, 689, 133, 102
track:471, 865, 690, 133, 102
track:472, 865, 690, 133, 102
track:473, 865, 692, 133, 102
track:474, 861, 692, 140, 107
track:475, 864, 693, 140, 107
track:476, 866, 692, 140, 107
track:477, 866, 691, 140, 107
track:478, 868, 690, 140, 107
track:479, 866, 686, 147, 112
track:480, 869, 678, 147, 112
init :481, 872, 669, 147, 124
track:482, 872, 669, 147, 124
track:483, 875, 663, 147, 124
track:484, 876, 662, 147, 124
track:485, 874, 658, 154, 130
track:486, 875, 663, 154, 130
track:487, 875, 663, 154, 130
track:488, 873, 667, 154, 130
track:490, 871, 671, 154, 130
track:491, 868, 672, 154, 130
track:492, 863, 670, 162, 137
track:493, 861, 670, 162, 137
track:494, 861, 669, 162, 137
track:495, 854, 660, 170, 144
track:496, 852, 655, 170, 144
track:497, 851, 654, 170, 144
track:498, 850, 651, 170, 144
track:499, 849, 648, 170, 144
track:500, 847, 642, 170, 144
track:501, 848, 638, 170, 144
track:502, 848, 638, 170, 144
track:503, 846, 636, 170, 144
track:504, 847, 634, 170, 144
track:505, 846, 633, 170, 144
track:506, 845, 632, 170, 144
track:507, 846, 632, 170, 144
track:508, 846, 631, 170, 144
track:509, 846, 627, 170, 144
track:510, 846, 623, 170, 144
track:511, 844, 621, 170, 144
track:512, 845, 621, 170, 144
track:513, 844, 621, 170, 144
track:514, 845, 622, 170, 144
track:515, 845, 622, 170, 144
track:516, 849, 625, 162, 137
track:517, 848, 625, 162, 137
track:518, 849, 623, 162, 137
track:519, 848, 622, 162, 137
track:520, 850, 621, 162, 137
init :521, 858, 625, 152, 111
track:522, 858, 625, 152, 111
track:523, 857, 628, 152, 111
track:524, 858, 630, 152, 111
track:525, 860, 633, 152, 111
track:526, 864, 636, 145, 106
track:527, 864, 636, 145, 106
track:528, 864, 636, 145, 106
track:529, 865, 635, 145, 106
track:530, 865, 634, 145, 106
track:531, 865, 633, 145, 106
track:532, 866, 633, 145, 106
track:533, 866, 634, 145, 106
track:534, 868, 635, 145, 106
track:535, 867, 635, 145, 106
track:536, 869, 639, 138, 101
track:537, 869, 639, 138, 101
track:538, 873, 643, 131, 96
track:539, 873, 645, 131, 96
track:540, 873, 645, 131, 96
track:543, 874, 648, 125, 91
track:544, 875, 648, 125, 91
track:546, 871, 654, 125, 91
track:547, 874, 656, 119, 87
track:548, 874, 658, 119, 87
track:549, 873, 661, 119, 87
track:550, 872, 663, 119, 87
track:551, 871, 664, 119, 87
track:552, 871, 664, 119, 87
track:553, 870, 664, 119, 87
track:554, 869, 664, 119, 87
track:555, 869, 664, 119, 87
track:556, 870, 665, 113, 83
track:557, 870, 666, 113, 83
track:558, 872, 672, 108, 79
track:559, 872, 676, 108, 79
track:560, 875, 679, 103, 75
init :561, 876, 680, 96, 80
track:562, 876, 680, 96, 80
track:563, 876, 683, 96, 80
track:564, 876, 685, 96, 80
track:565, 876, 686, 96, 80
track:566, 876, 689, 96, 80
track:567, 876, 689, 96, 80
track:568, 877, 692, 96, 80
track:569, 878, 693, 96, 80
track:570, 877, 696, 96, 80
track:571, 876, 698, 96, 80
track:572, 876, 699, 96, 80
track:573, 878, 700, 96, 80
track:574, 879, 701, 96, 80
track:575, 880, 701, 96, 80
track:576, 878, 699, 96, 80
track:577, 878, 698, 96, 80
track:578, 879, 696, 96, 80
track:579, 880, 694, 96, 80
track:580, 877, 692, 101, 84
track:581, 878, 692, 101, 84
track:582, 878, 692, 101, 84
track:583, 877, 695, 101, 84
track:584, 877, 696, 101, 84
track:585, 877, 696, 101, 84
track:586, 877, 697, 101, 84
track:587, 877, 697, 101, 84
track:588, 877, 698, 101, 84
track:589, 878, 696, 101, 84
track:590, 877, 695, 101, 84
track:591, 875, 697, 101, 84
track:592, 875, 697, 101, 84
track:593, 874, 696, 101, 84
track:594, 874, 694, 101, 84
track:595, 872, 684, 106, 88
track:596, 872, 681, 106, 88
track:597, 868, 679, 111, 93
track:598, 868, 675, 111, 93
track:599, 867, 668, 111, 93
track:600, 868, 665, 111, 93
init :601, 867, 664, 115, 103
track:602, 867, 664, 115, 103
track:603, 867, 663, 115, 103
track:604, 865, 660, 115, 103
track:605, 865, 657, 115, 103
track:606, 866, 656, 115, 103
track:607, 865, 656, 115, 103
track:608, 866, 656, 115, 103
track:609, 867, 655, 115, 103
track:610, 867, 656, 115, 103
track:611, 867, 660, 115, 103
track:612, 864, 659, 121, 108
track:613, 863, 661, 121, 108
track:614, 864, 663, 121, 108
track:615, 865, 666, 121, 108
track:616, 864, 669, 121, 108
track:617, 861, 667, 127, 114
track:618, 861, 667, 127, 114
track:619, 860, 665, 127, 114
track:620, 861, 664, 127, 114
track:621, 862, 664, 127, 114
track:622, 862, 664, 127, 114
track:623, 861, 663, 127, 114
track:624, 860, 661, 127, 114
track:625, 861, 661, 127, 114
track:626, 862, 662, 127, 114
track:627, 863, 663, 127, 114
track:628, 863, 664, 127, 114
track:629, 863, 663, 127, 114
track:630, 859, 658, 133, 119
track:631, 859, 658, 133, 119
track:632, 859, 658, 133, 119
track:633, 862, 660, 133, 119
track:634, 862, 664, 133, 119
track:635, 862, 667, 133, 119
track:636, 859, 665, 140, 125
track:637, 860, 665, 140, 125
track:638, 861, 665, 140, 125
track:639, 859, 664, 147, 131
track:640, 859, 664, 147, 131
init :641, 863, 664, 147, 111
track:642, 863, 664, 147, 111
track:643, 864, 662, 147, 111
track:644, 860, 659, 154, 117
track:645, 860, 651, 154, 117
track:646, 864, 652, 147, 111
track:647, 865, 652, 147, 111
track:648, 865, 651, 147, 111
track:649, 864, 651, 147, 111
track:650, 870, 654, 140, 106
track:651, 872, 653, 140, 106
track:652, 873, 653, 140, 106
track:653, 873, 653, 140, 106
track:654, 873, 654, 140, 106
track:655, 874, 658, 140, 106
track:656, 875, 660, 140, 106
track:657, 876, 661, 140, 106
track:658, 873, 661, 147, 111
track:659, 875, 660, 147, 111
track:660, 874, 659, 147, 111
track:661, 875, 659, 147, 111
track:662, 876, 659, 147, 111
track:663, 876, 659, 147, 111
track:664, 877, 658, 147, 111
track:665, 883, 658, 140, 106
track:666, 883, 656, 140, 106
track:667, 883, 656, 140, 106
track:668, 884, 654, 140, 106
track:669, 884, 653, 140, 106
track:670, 884, 652, 140, 106
track:671, 882, 652, 140, 106
track:672, 882, 653, 140, 106
track:673, 880, 653, 140, 106
track:674, 875, 649, 147, 111
track:675, 874, 648, 147, 111
track:676, 873, 648, 147, 111
track:677, 873, 648, 147, 111
track:678, 871, 650, 147, 111
track:679, 870, 661, 147, 111
track:680, 870, 666, 147, 111
init :681, 872, 669, 143, 119
track:682, 872, 669, 143, 119
track:683, 870, 668, 143, 119
track:684, 869, 668, 143, 119
track:685, 868, 669, 143, 119
track:686, 868, 672, 143, 119
track:687, 869, 672, 143, 119
track:688, 865, 670, 150, 125
track:689, 864, 668, 150, 125
track:690, 863, 666, 150, 125
track:691, 862, 664, 150, 125
track:692, 861, 663, 150, 125
track:693, 861, 663, 150, 125
track:694, 861, 662, 150, 125
track:695, 862, 661, 150, 125
track:696, 861, 660, 150, 125
track:697, 861, 659, 150, 125
track:698, 859, 658, 150, 125
track:699, 856, 659, 150, 125
track:700, 856, 660, 150, 125
track:701, 856, 661, 150, 125
track:702, 856, 661, 150, 125
track:703, 856, 664, 150, 125
track:704, 854, 670, 150, 125
track:705, 853, 675, 150, 125
track:706, 852, 676, 150, 125
track:707, 853, 676, 150, 125
track:708, 852, 677, 150, 125
track:709, 853, 678, 150, 125
track:710, 853, 676, 150, 125
track:711, 853, 676, 150, 125
track:712, 852, 672, 150, 125
track:713, 852, 671, 150, 125
track:714, 851, 671, 150, 125
track:715, 851, 673, 150, 125
track:716, 851, 674, 150, 125
track:717, 851, 675, 150, 125
track:718, 852, 675, 150, 125
track:719, 853, 675, 150, 125
track:720, 854, 677, 150, 125
init :721, 853, 675, 147, 124
track:722, 853, 675, 147, 124
track:723, 853, 675, 147, 124
track:724, 854, 671, 147, 124
track:725, 854, 668, 147, 124
track:726, 854, 668, 147, 124
track:727, 854, 666, 147, 124
track:728, 855, 663, 147, 124
track:729, 852, 654, 154, 130
track:730, 852, 652, 154, 130
track:731, 853, 651, 154, 130
track:732, 853, 653, 154, 130
track:733, 852, 651, 154, 130
track:734, 853, 647, 154, 130
track:735, 854, 643, 154, 130
track:736, 855, 641, 154, 130
track:737, 854, 640, 154, 130
track:738, 853, 638, 154, 130
track:739, 850, 636, 162, 137
track:740, 852, 638, 162, 137
track:741, 852, 638, 162, 137
track:742, 853, 639, 162, 137
track:743, 851, 639, 162, 137
track:744, 850, 640, 162, 137
track:745, 851, 638, 162, 137
track:746, 851, 637, 162, 137
track:747, 851, 635, 162, 137
track:748, 852, 626, 162, 137
track:749, 851, 621, 162, 137
track:750, 848, 621, 162, 137
track:751, 848, 620, 162, 137
track:752, 848, 622, 162, 137
track:753, 850, 624, 162, 137
track:754, 852, 624, 162, 137
track:755, 855, 623, 162, 137
track:756, 855, 623, 162, 137
track:757, 856, 622, 162, 137
track:758, 855, 619, 162, 137
track:759, 853, 623, 162, 137
track:760, 855, 626, 162, 137
init :761, 858, 630, 152, 132
track:762, 860, 630, 152, 132
track:763, 861, 630, 152, 132
track:764, 863, 631, 152, 132
track:765, 862, 632, 152, 132
track:766, 862, 632, 152, 132
track:767, 860, 632, 152, 132
track:768, 861, 633, 152, 132
track:769, 862, 635, 152, 132
track:770, 864, 644, 152, 132
track:771, 869, 646, 145, 126
track:772, 869, 646, 145, 126
track:773, 871, 644, 145, 126
track:774, 872, 644, 145, 126
track:775, 873, 645, 145, 126
track:776, 872, 645, 145, 126
track:777, 873, 644, 145, 126
track:778, 877, 645, 138, 120
track:779, 879, 644, 138, 120
track:780, 879, 646, 138, 120
track:781, 878, 646, 138, 120
track:782, 879, 647, 138, 120
track:783, 878, 647, 138, 120
track:784, 878, 646, 138, 120
track:785, 876, 645, 138, 120
track:786, 876, 645, 138, 120
track:787, 877, 646, 138, 120
track:788, 876, 646, 138, 120
track:789, 879, 650, 131, 114
track:790, 878, 649, 131, 114
track:791, 878, 649, 131, 114
track:792, 877, 648, 131, 114
track:793, 877, 649, 131, 114
track:794, 877, 651, 131, 114
track:795, 877, 656, 131, 114
track:796, 877, 655, 131, 114
track:797, 877, 654, 131, 114
track:798, 877, 654, 131, 114
track:799, 877, 655, 131, 114
track:800, 877, 656, 131, 114
init :801, 876, 659, 133, 109
track:802, 876, 659, 133, 109
track:803, 875, 660, 133, 109
track:804, 873, 658, 140, 114
track:805, 871, 659, 140, 114
track:806, 871, 659, 140, 114
track:807, 871, 659, 140, 114
track:808, 870, 660, 140, 114
track:809, 870, 661, 140, 114
track:810, 870, 664, 140, 114
track:811, 871, 664, 140, 114
track:812, 870, 665, 140, 114
track:813, 868, 665, 140, 114
track:814, 867, 665, 140, 114
track:815, 866, 665, 140, 114
track:816, 865, 665, 140, 114
track:817, 866, 667, 140, 114
track:818, 864, 674, 140, 114
track:819, 864, 676, 140, 114
track:820, 859, 684, 147, 120
track:821, 859, 685, 147, 120
track:822, 855, 682, 154, 126
track:823, 854, 682, 154, 126
track:824, 853, 681, 154, 126
track:825, 852, 681, 154, 126
track:826, 852, 680, 154, 126
track:827, 852, 686, 154, 126
track:828, 852, 691, 154, 126
track:829, 853, 692, 154, 126
track:830, 855, 694, 154, 126
track:831, 856, 695, 154, 126
track:832, 856, 695, 154, 126
track:833, 854, 690, 162, 132
track:834, 855, 685, 162, 132
track:835, 854, 675, 162, 132
track:836, 855, 675, 162, 132
track:837, 855, 669, 162, 132
track:838, 853, 669, 162, 132
track:839, 851, 664, 162, 132
track:840, 846, 656, 170, 139
init :841, 840, 646, 180, 163
track:842, 839, 645, 180, 163
track:843, 837, 643, 180, 163
track:844, 836, 639, 180, 163
track:845, 831, 625, 180, 163
track:846, 831, 625, 180, 163
track:847, 830, 621, 180, 163
track:848, 829, 613, 180, 163
track:849, 829, 612, 180, 163
track:850, 823, 607, 189, 171
track:851, 823, 607, 189, 171
track:852, 822, 598, 198, 180
track:853, 825, 594, 198, 180
track:854, 827, 595, 198, 180
track:855, 822, 593, 208, 189
track:856, 823, 594, 208, 189
track:857, 827, 600, 198, 180
track:858, 828, 597, 198, 180
track:859, 829, 594, 198, 180
track:860, 829, 591, 198, 180
track:861, 829, 592, 198, 180
track:862, 829, 593, 198, 180
track:863, 830, 597, 198, 180
track:864, 831, 603, 198, 180
track:865, 831, 609, 198, 180
track:866, 830, 610, 198, 180
track:867, 835, 618, 189, 171
track:868, 840, 625, 180, 163
track:869, 841, 626, 180, 163
track:870, 841, 630, 180, 163
track:871, 841, 631, 180, 163
track:872, 842, 630, 180, 163
track:873, 842, 631, 180, 163
track:874, 848, 635, 171, 155
track:875, 853, 639, 163, 148
track:876, 852, 638, 163, 148
track:877, 853, 639, 163, 148
track:878, 855, 639, 163, 148
track:879, 856, 638, 163, 148
track:880, 857, 638, 163, 148
init :881, 863, 643, 147, 124
track:882, 863, 643, 147, 124
track:883, 865, 642, 147, 124
track:884, 867, 642, 147, 124
track:885, 869, 642, 147, 124
track:886, 869, 642, 147, 124
track:887, 870, 644, 147, 124
track:888, 870, 644, 147, 124
track:889, 875, 645, 140, 118
track:890, 877, 643, 140, 118
track:891, 877, 643, 140, 118
track:892, 882, 645, 133, 112
track:893, 883, 643, 133, 112
track:894, 883, 643, 133, 112
track:895, 884, 644, 133, 112
track:896, 887, 647, 127, 107
track:897, 888, 645, 127, 107
track:898, 885, 645, 127, 107
track:899, 884, 645, 127, 107
track:900, 882, 647, 127, 107
track:901, 883, 647, 127, 107
track:902, 881, 649, 127, 107
track:903, 883, 652, 121, 102
track:904, 887, 653, 115, 97
track:905, 887, 653, 115, 97
track:906, 888, 654, 115, 97
track:907, 912, 636, 115, 97
track:908, 918, 637, 115, 97
track:909, 920, 648, 115, 97
track:910, 919, 653, 115, 97
track:911, 920, 656, 115, 97
track:912, 921, 658, 115, 97
track:913, 922, 662, 115, 97
track:914, 918, 661, 121, 102
track:915, 920, 666, 121, 102
track:916, 920, 667, 121, 102
track:917, 923, 670, 115, 97
track:918, 924, 672, 115, 97
track:919, 925, 673, 115, 97
track:920, 922, 673, 115, 97
init :921, 807, 584, 290, 249
track:922, 803, 584, 290, 249
track:923, 799, 582, 290, 249
track:924, 795, 581, 290, 249
track:925, 789, 581, 290, 249
track:926, 788, 580, 290, 249
track:927, 786, 582, 290, 249
track:928, 778, 580, 290, 249
track:929, 774, 580, 290, 249
track:930, 770, 579, 290, 249
track:931, 770, 579, 290, 249
track:932, 769, 579, 290, 249
track:933, 769, 577, 290, 249
track:934, 768, 575, 290, 249
track:935, 767, 572, 290, 249
track:936, 767, 572, 290, 249
track:937, 769, 569, 290, 249
track:938, 777, 575, 276, 237
track:939, 775, 572, 276, 237
track:940, 774, 572, 276, 237
track:941, 777, 573, 276, 237
track:942, 772, 570, 276, 237
track:943, 773, 570, 276, 237
track:944, 774, 568, 276, 237
track:945, 774, 568, 276, 237
track:946, 773, 567, 276, 237
track:947, 767, 567, 276, 237
track:948, 762, 569, 276, 237
track:949, 760, 570, 276, 237
track:950, 754, 573, 276, 237
track:951, 756, 573, 276, 237
track:952, 753, 575, 276, 237
track:953, 749, 575, 276, 237
track:954, 749, 576, 276, 237
track:955, 747, 576, 276, 237
track:956, 753, 583, 263, 226
track:957, 749, 584, 263, 226
track:958, 750, 585, 263, 226
track:959, 749, 586, 263, 226
track:960, 747, 588, 263, 226
init :961, 747, 584, 383, 236
track:962, 746, 585, 383, 236
track:963, 744, 587, 383, 236
track:964, 744, 587, 383, 236
track:965, 743, 587, 383, 236
track:966, 741, 588, 383, 236
track:967, 739, 589, 383, 236
track:968, 737, 589, 383, 236
track:969, 729, 590, 383, 236
track:970, 729, 589, 383, 236
track:971, 728, 590, 383, 236
track:972, 721, 593, 383, 236
track:973, 718, 591, 383, 236
track:974, 711, 592, 383, 236
track:975, 719, 597, 365, 225
track:976, 715, 597, 365, 225
track:977, 712, 598, 365, 225
track:978, 711, 598, 365, 225
track:979, 708, 597, 365, 225
track:980, 702, 594, 383, 236
track:981, 703, 593, 383, 236
track:982, 701, 594, 383, 236
track:983, 702, 595, 383, 236
track:984, 704, 594, 383, 236
track:985, 706, 594, 383, 236
track:986, 706, 596, 383, 236
track:987, 700, 589, 402, 248
track:988, 699, 590, 402, 248
track:989, 703, 587, 402, 248
track:990, 703, 588, 402, 248
track:991, 714, 596, 383, 236
track:992, 709, 596, 383, 236
track:993, 714, 597, 383, 236
track:994, 711, 595, 383, 236
track:995, 712, 595, 383, 236
track:996, 713, 591, 383, 236
track:997, 717, 593, 383, 236
track:998, 712, 588, 383, 236
track:999, 723, 590, 365, 225
track:1000, 733, 595, 347, 214
init :1001, 733, 581, 498, 225
track:1002, 735, 581, 498, 225
track:1003, 739, 579, 498, 225
track:1004, 745, 577, 498, 225
track:1005, 745, 576, 498, 225
track:1006, 745, 573, 498, 225
track:1007, 747, 570, 498, 225
track:1008, 748, 568, 498, 225
track:1009, 760, 572, 474, 214
track:1010, 759, 571, 474, 214
track:1011, 757, 571, 474, 214
track:1012, 753, 570, 474, 214
track:1013, 750, 570, 474, 214
track:1014, 756, 577, 452, 204
track:1015, 756, 577, 452, 204
track:1016, 751, 574, 452, 204
track:1017, 746, 575, 452, 204
track:1018, 744, 574, 452, 204
track:1019, 741, 572, 452, 204
track:1020, 739, 571, 452, 204
track:1021, 749, 576, 430, 194
track:1022, 748, 574, 430, 194
track:1023, 758, 578, 410, 185
track:1024, 760, 580, 410, 185
track:1025, 758, 579, 410, 185
track:1026, 753, 579, 410, 185
track:1027, 749, 578, 410, 185
track:1028, 736, 577, 430, 194
track:1029, 733, 577, 430, 194
track:1030, 736, 579, 430, 194
track:1031, 730, 579, 430, 194
track:1032, 723, 581, 430, 194
track:1033, 718, 582, 430, 194
track:1034, 705, 579, 452, 204
track:1035, 704, 580, 452, 204
track:1036, 701, 583, 452, 204
track:1037, 699, 588, 452, 204
track:1038, 699, 591, 452, 204
track:1039, 693, 592, 452, 204
track:1040, 706, 597, 430, 194
init :1041, 738, 607, 438, 150
track:1042, 736, 606, 438, 150
track:1043, 724, 604, 460, 158
track:1044, 725, 607, 460, 158
track:1045, 736, 610, 438, 150
track:1046, 745, 615, 417, 143
track:1047, 746, 615, 417, 143
track:1048, 749, 615, 417, 143
track:1049, 744, 612, 438, 150
track:1050, 744, 612, 438, 150
track:1051, 748, 608, 438, 150
track:1052, 755, 606, 438, 150
track:1053, 752, 603, 460, 158
track:1054, 771, 606, 438, 150
track:1055, 784, 610, 417, 143
track:1056, 788, 611, 417, 143
track:1057, 791, 611, 417, 143
track:1058, 794, 612, 417, 143
track:1059, 795, 613, 417, 143
track:1060, 785, 611, 438, 150
track:1061, 785, 614, 438, 150
track:1062, 785, 614, 438, 150
track:1063, 781, 613, 438, 150
track:1064, 776, 610, 438, 150
track:1065, 785, 612, 417, 143
track:1066, 780, 615, 417, 143
track:1067, 771, 615, 417, 143
track:1068, 756, 611, 438, 150
track:1069, 747, 611, 438, 150
track:1070, 741, 612, 438, 150
track:1071, 722, 610, 460, 158
track:1072, 721, 615, 438, 150
track:1073, 707, 616, 438, 150
track:1074, 704, 618, 438, 150
track:1075, 696, 615, 438, 150
track:1076, 682, 614, 438, 150
track:1077, 672, 616, 438, 150
track:1078, 659, 614, 438, 150
track:1079, 648, 616, 438, 150
track:1080, 656, 619, 417, 143
init :1081, 673, 625, 443, 135
track:1082, 667, 626, 443, 135
track:1083, 663, 628, 443, 135
track:1084, 662, 629, 443, 135
track:1085, 662, 629, 443, 135
track:1086, 664, 629, 443, 135
track:1087, 666, 630, 443, 135
track:1088, 655, 627, 465, 142
track:1089, 655, 628, 465, 142
track:1090, 645, 625, 488, 149
track:1091, 659, 628, 465, 142
track:1092, 656, 629, 465, 142
track:1093, 658, 631, 465, 142
track:1094, 659, 631, 465, 142
track:1095, 661, 631, 465, 142
track:1096, 659, 632, 465, 142
track:1097, 662, 634, 465, 142
track:1098, 664, 634, 465, 142
track:1099, 664, 634, 465, 142
track:1100, 665, 634, 465, 142
track:1101, 666, 634, 465, 142
track:1102, 658, 633, 488, 149
track:1103, 655, 633, 488, 149
track:1104, 656, 635, 488, 149
track:1105, 655, 635, 488, 149
track:1106, 648, 635, 488, 149
track:1107, 662, 639, 465, 142
track:1108, 646, 635, 488, 149
track:1109, 650, 637, 488, 149
track:1110, 645, 638, 488, 149
track:1111, 639, 639, 488, 149
track:1112, 625, 635, 513, 156
track:1113, 626, 637, 513, 156
track:1114, 599, 640, 538, 164
track:1115, 613, 644, 513, 156
track:1116, 632, 646, 488, 149
track:1117, 612, 643, 513, 156
track:1118, 620, 646, 488, 149
track:1119, 621, 647, 488, 149
track:1120, 630, 650, 465, 142
init :1121, 701, 628, 401, 184
track:1122, 701, 628, 401, 184
track:1123, 697, 627, 401, 184
track:1124, 693, 627, 401, 184
track:1125, 693, 626, 401, 184
track:1126, 697, 626, 401, 184
track:1127, 699, 627, 401, 184
track:1128, 699, 628, 401, 184
track:1129, 706, 626, 401, 184
track:1130, 703, 626, 401, 184
track:1131, 705, 629, 401, 184
track:1132, 712, 629, 382, 175
track:1133, 718, 630, 382, 175
track:1134, 701, 625, 401, 184
track:1135, 697, 623, 401, 184
track:1136, 694, 625, 401, 184
track:1137, 697, 622, 401, 184
track:1138, 687, 617, 401, 184
track:1139, 678, 611, 401, 184
track:1140, 678, 611, 401, 184
track:1141, 686, 617, 382, 175
track:1142, 680, 614, 382, 175
track:1143, 670, 626, 382, 175
track:1144, 641, 629, 401, 184
track:1145, 651, 640, 382, 175
track:1146, 657, 643, 382, 175
track:1147, 660, 648, 364, 167
track:1148, 663, 651, 364, 167
track:1149, 665, 657, 346, 159
track:1150, 663, 653, 346, 159
track:1151, 657, 658, 346, 159
track:1152, 655, 659, 346, 159
track:1153, 650, 655, 346, 159
track:1154, 645, 655, 346, 159
track:1155, 644, 656, 346, 159
track:1156, 640, 653, 364, 167
track:1157, 641, 658, 364, 167
track:1158, 637, 660, 364, 167
track:1159, 646, 662, 346, 159
track:1160, 637, 658, 364, 167
init :1161, 780, 636, 272, 176
track:1162, 783, 636, 272, 176
track:1163, 789, 636, 272, 176
track:1164, 789, 635, 272, 176
track:1165, 789, 635, 272, 176
track:1166, 785, 636, 272, 176
track:1167, 787, 638, 272, 176
track:1168, 781, 637, 272, 176
track:1169, 780, 638, 272, 176
track:1170, 778, 639, 272, 176
track:1171, 776, 637, 272, 176
track:1172, 771, 637, 272, 176
track:1173, 766, 636, 272, 176
track:1174, 765, 636, 272, 176
track:1175, 756, 630, 286, 185
track:1176, 757, 630, 286, 185
track:1177, 762, 634, 272, 176
track:1178, 768, 631, 272, 176
track:1179, 759, 631, 272, 176
track:1180, 759, 630, 272, 176
track:1181, 758, 629, 272, 176
track:1182, 760, 632, 259, 168
track:1183, 749, 623, 272, 176
track:1184, 771, 620, 272, 176
track:1185, 747, 619, 272, 176
track:1186, 763, 621, 259, 168
track:1187, 767, 621, 259, 168
track:1188, 762, 624, 247, 160
track:1189, 776, 628, 235, 152
track:1190, 773, 628, 235, 152
track:1191, 774, 626, 235, 152
track:1192, 780, 627, 224, 145
track:1193, 784, 626, 213, 138
track:1194, 788, 624, 213, 138
track:1195, 791, 627, 203, 131
track:1196, 791, 628, 203, 131
track:1197, 777, 625, 203, 131
track:1198, 785, 627, 193, 125
track:1199, 788, 625, 193, 125
track:1200, 789, 625, 193, 125
init :1201, 798, 630, 364, 109
track:1202, 798, 630, 364, 109
track:1203, 799, 630, 364, 109
track:1204, 813, 633, 347, 104
track:1205, 813, 633, 347, 104
track:1206, 818, 633, 347, 104
track:1207, 822, 634, 347, 104
track:1208, 826, 634, 347, 104
track:1209, 826, 634, 347, 104
track:1210, 833, 634, 347, 104
track:1211, 840, 635, 347, 104
track:1212, 834, 633, 364, 109
track:1213, 833, 633, 364, 109
track:1214, 836, 634, 364, 109
track:1215, 845, 638, 347, 104
track:1216, 846, 639, 347, 104
track:1217, 848, 639, 347, 104
track:1218, 857, 642, 330, 99
track:1219, 856, 641, 330, 99
track:1220, 852, 642, 330, 99
track:1221, 850, 643, 330, 99
track:1222, 852, 644, 330, 99
track:1223, 849, 645, 330, 99
track:1224, 851, 645, 330, 99
track:1225, 854, 646, 330, 99
track:1226, 861, 648, 314, 94
track:1227, 864, 648, 314, 94
track:1228, 865, 649, 314, 94
track:1229, 861, 650, 314, 94
track:1230, 867, 651, 299, 90
track:1231, 877, 654, 285, 85
track:1232, 877, 654, 285, 85
track:1233, 873, 655, 285, 85
track:1234, 873, 656, 285, 85
track:1235, 872, 658, 285, 85
track:1236, 878, 659, 272, 81
track:1237, 883, 660, 259, 77
track:1238, 889, 659, 246, 74
track:1239, 889, 659, 246, 74
track:1240, 897, 660, 235, 70
init :1241, 927, 667, 212, 96
track:1242, 925, 667, 212, 96
track:1243, 925, 669, 212, 96
track:1244, 925, 669, 212, 96
track:1245, 928, 673, 202, 91
track:1246, 927, 673, 202, 91
track:1247, 926, 676, 192, 87
track:1248, 917, 673, 202, 91
track:1249, 917, 673, 202, 91
track:1250, 916, 672, 202, 91
track:1251, 907, 673, 202, 91
track:1252, 892, 669, 202, 91
track:1253, 891, 672, 192, 87
track:1254, 893, 672, 192, 87
track:1255, 894, 674, 183, 83
track:1256, 892, 673, 183, 83
track:1257, 885, 669, 174, 79
track:1258, 882, 668, 174, 79
track:1259, 880, 667, 174, 79
track:1260, 885, 664, 174, 79
track:1261, 873, 662, 174, 79
track:1262, 863, 660, 174, 79
track:1263, 868, 664, 166, 75
track:1264, 859, 662, 174, 79
track:1265, 861, 662, 174, 79
track:1266, 861, 658, 183, 83
track:1267, 857, 656, 192, 87
track:1268, 855, 656, 192, 87
track:1269, 857, 658, 183, 83
track:1270, 857, 658, 183, 83
track:1271, 857, 657, 183, 83
track:1272, 863, 658, 174, 79
track:1273, 860, 655, 174, 79
track:1274, 857, 658, 174, 79
track:1275, 857, 658, 166, 75
track:1276, 856, 660, 166, 75
track:1277, 853, 661, 158, 72
track:1278, 850, 664, 151, 68
track:1279, 849, 665, 151, 68
track:1280, 844, 664, 151, 68
init :1281, 900, 659, 129, 77
track:1282, 893, 660, 129, 77
track:1283, 890, 660, 129, 77
track:1284, 890, 660, 129, 77
track:1285, 880, 660, 129, 77
track:1286, 878, 659, 129, 77
track:1287, 875, 658, 129, 77
track:1288, 873, 657, 129, 77
track:1289, 874, 658, 129, 77
track:1290, 873, 658, 129, 77
track:1291, 870, 658, 129, 77
track:1292, 869, 658, 129, 77
track:1293, 866, 658, 129, 77
track:1294, 866, 658, 129, 77
track:1295, 865, 658, 129, 77
track:1296, 866, 659, 123, 73
track:1297, 866, 659, 123, 73
track:1298, 866, 659, 117, 70
track:1299, 867, 659, 117, 70
track:1300, 864, 658, 123, 73
track:1301, 863, 659, 123, 73
track:1302, 863, 659, 123, 73
track:1303, 862, 660, 123, 73
track:1304, 861, 659, 123, 73
track:1305, 861, 659, 123, 73
track:1306, 865, 662, 117, 70
track:1307, 867, 664, 111, 67
track:1308, 866, 664, 111, 67
track:1309, 866, 664, 111, 67
track:1310, 868, 663, 111, 67
track:1311, 869, 664, 111, 67
track:1312, 867, 663, 117, 70
track:1313, 864, 662, 123, 73
track:1314, 864, 662, 123, 73
track:1315, 864, 663, 123, 73
track:1316, 862, 663, 123, 73
track:1317, 861, 664, 123, 73
track:1318, 860, 663, 123, 73
track:1319, 862, 665, 117, 70
track:1320, 860, 666, 117, 70
init :1321, 858, 672, 166, 54
track:1322, 859, 672, 166, 54
track:1323, 864, 674, 166, 54
track:1324, 867, 675, 158, 51
track:1325, 867, 676, 158, 51
track:1326, 868, 676, 158, 51
track:1327, 867, 676, 166, 54
track:1328, 872, 678, 158, 51
track:1329, 872, 679, 158, 51
track:1330, 871, 679, 158, 51
track:1331, 871, 679, 158, 51
track:1332, 867, 679, 158, 51
track:1333, 863, 679, 158, 51
track:1334, 862, 679, 158, 51
track:1335, 858, 679, 158, 51
track:1336, 854, 679, 158, 51
track:1337, 850, 679, 158, 51
track:1338, 848, 678, 158, 51
track:1339, 847, 678, 158, 51
track:1340, 847, 679, 158, 51
track:1341, 847, 679, 158, 51
track:1342, 846, 679, 158, 51
track:1343, 843, 679, 166, 54
track:1344, 843, 679, 166, 54
track:1345, 843, 680, 166, 54
track:1346, 839, 679, 174, 57
track:1347, 840, 680, 174, 57
track:1348, 838, 680, 174, 57
track:1349, 837, 680, 174, 57
track:1350, 837, 680, 174, 57
track:1351, 834, 680, 174, 57
track:1352, 834, 681, 174, 57
track:1353, 838, 682, 166, 54
track:1354, 833, 681, 174, 57
track:1355, 830, 681, 183, 60
track:1356, 831, 681, 183, 60
track:1357, 835, 682, 174, 57
track:1358, 838, 684, 166, 54
track:1359, 838, 684, 166, 54
track:1360, 837, 684, 166, 54
init :1361, 849, 685, 180, 49
track:1362, 848, 686, 180, 49
track:1363, 850, 687, 180, 49
track:1364, 855, 688, 171, 47
track:1365, 855, 688, 171, 47
track:1366, 850, 687, 180, 49
track:1367, 850, 687, 180, 49
track:1368, 844, 687, 189, 51
track:1369, 844, 687, 189, 51
track:1370, 843, 688, 189, 51
track:1371, 846, 690, 180, 49
track:1372, 846, 691, 180, 49
track:1373, 839, 690, 189, 51
track:1374, 833, 689, 198, 54
track:1375, 835, 691, 189, 51
track:1376, 838, 692, 180, 49
track:1377, 832, 690, 189, 51
track:1378, 829, 691, 189, 51
track:1379, 827, 692, 189, 51
track:1380, 824, 692, 189, 51
track:1381, 821, 693, 189, 51
track:1382, 814, 693, 198, 54
track:1383, 811, 694, 198, 54
track:1384, 804, 694, 208, 57
track:1385, 808, 695, 198, 54
track:1386, 809, 697, 198, 54
track:1387, 810, 698, 198, 54
track:1388, 806, 698, 208, 57
track:1389, 808, 699, 208, 57
track:1390, 805, 698, 219, 60
track:1391, 808, 699, 219, 60
track:1392, 819, 701, 208, 57
track:1393, 823, 703, 208, 57
track:1394, 825, 703, 208, 57
track:1395, 825, 704, 208, 57
track:1396, 832, 705, 198, 54
track:1397, 833, 706, 198, 54
track:1398, 832, 707, 198, 54
track:1399, 833, 707, 198, 54
track:1400, 830, 708, 198, 54
init :1401, 821, 711, 203, 64
track:1402, 811, 709, 213, 67
track:1403, 808, 710, 213, 67
track:1404, 806, 710, 213, 67
track:1405, 801, 711, 213, 67
track:1406, 800, 711, 213, 67
track:1407, 798, 712, 213, 67
track:1408, 794, 712, 213, 67
track:1409, 793, 712, 213, 67
track:1410, 793, 713, 213, 67
track:1411, 788, 712, 224, 71
track:1412, 789, 712, 224, 71
track:1413, 790, 713, 224, 71
track:1414, 790, 713, 224, 71
track:1415, 790, 713, 224, 71
track:1416, 796, 716, 213, 67
track:1417, 795, 717, 213, 67
track:1418, 793, 717, 213, 67
track:1419, 794, 717, 213, 67
track:1420, 792, 718, 213, 67
track:1421, 791, 719, 213, 67
track:1422, 784, 719, 224, 71
track:1423, 785, 719, 224, 71
track:1424, 784, 719, 224, 71
track:1425, 786, 720, 224, 71
track:1426, 784, 721, 224, 71
track:1427, 785, 721, 224, 71
track:1428, 786, 722, 224, 71
track:1429, 787, 722, 224, 71
track:1430, 781, 720, 235, 74
track:1431, 777, 722, 235, 74
track:1432, 777, 723, 235, 74
track:1433, 771, 723, 235, 74
track:1434, 773, 723, 235, 74
track:1435, 777, 725, 224, 71
track:1436, 773, 725, 224, 71
track:1437, 775, 725, 224, 71
track:1438, 771, 726, 224, 71
track:1439, 773, 726, 224, 71
track:1440, 769, 726, 224, 71
init :1441, 784, 724, 244, 109
track:1442, 780, 724, 244, 109
track:1443, 778, 724, 244, 109
track:1444, 777, 724, 244, 109
track:1445, 772, 724, 244, 109
track:1446, 765, 725, 244, 109
track:1447, 762, 724, 244, 109
track:1448, 760, 724, 244, 109
track:1449, 759, 724, 244, 109
track:1450, 760, 722, 244, 109
track:1451, 762, 721, 244, 109
track:1452, 768, 723, 232, 104
track:1453, 769, 719, 244, 109
track:1454, 768, 721, 244, 109
track:1455, 774, 721, 244, 109
track:1456, 780, 721, 244, 109
track:1457, 790, 723, 244, 109
track:1458, 790, 723, 244, 109
track:1459, 791, 723, 244, 109
track:1460, 799, 725, 244, 109
track:1461, 809, 730, 232, 104
track:1462, 821, 735, 221, 99
track:1463, 821, 733, 221, 99
track:1464, 830, 738, 211, 94
track:1465, 839, 736, 211, 94
track:1466, 848, 743, 201, 90
track:1467, 844, 742, 211, 94
track:1468, 844, 743, 211, 94
track:1469, 844, 745, 211, 94
track:1470, 842, 746, 211, 94
track:1471, 840, 745, 211, 94
track:1472, 834, 742, 221, 99
track:1473, 831, 740, 221, 99
track:1474, 826, 733, 221, 99
track:1475, 820, 731, 232, 104
track:1476, 819, 732, 232, 104
track:1477, 828, 735, 221, 99
track:1478, 820, 732, 232, 104
track:1479, 819, 733, 232, 104
track:1480, 822, 734, 232, 104
init :1481, 844, 664, 203, 168
track:1482, 850, 661, 203, 168
track:1483, 850, 660, 203, 168
track:1484, 854, 661, 203, 168
track:1485, 857, 660, 203, 168
track:1486, 861, 659, 203, 168
track:1487, 866, 658, 203, 168
track:1488, 865, 657, 203, 168
track:1489, 868, 656, 203, 168
track:1490, 869, 655, 203, 168
track:1491, 873, 651, 203, 168
track:1492, 876, 652, 193, 160
track:1493, 876, 651, 193, 160
track:1494, 877, 648, 193, 160
track:1495, 875, 645, 193, 160
track:1496, 868, 643, 193, 160
track:1497, 864, 639, 193, 160
track:1498, 862, 638, 193, 160
track:1499, 857, 634, 193, 160
track:1500, 857, 630, 193, 160
track:1501, 851, 626, 193, 160
track:1502, 843, 623, 193, 160
track:1503, 842, 622, 193, 160
track:1504, 840, 616, 193, 160
track:1505, 845, 611, 193, 160
track:1506, 849, 614, 184, 152
track:1507, 843, 613, 175, 145
track:1508, 841, 614, 175, 145
track:1509, 849, 614, 167, 138
track:1510, 845, 612, 167, 138
track:1511, 842, 607, 167, 138
track:1512, 840, 608, 159, 132
track:1513, 835, 607, 159, 132
track:1514, 818, 600, 167, 138
track:1515, 795, 596, 175, 145
track:1516, 775, 597, 175, 145
track:1517, 750, 592, 184, 152
track:1518, 748, 591, 184, 152
track:1519, 721, 590, 184, 152
track:1520, 701, 590, 184, 152
init :1521, 683, 625, 276, 103
track:1522, 670, 626, 276, 103
track:1523, 669, 626, 276, 103
track:1524, 660, 626, 276, 103
track:1525, 663, 628, 263, 98
track:1526, 664, 628, 263, 98
track:1527, 676, 630, 250, 93
track:1528, 676, 629, 250, 93
track:1529, 701, 629, 250, 93
track:1530, 729, 631, 238, 89
track:1531, 753, 630, 238, 89
track:1532, 779, 629, 238, 89
track:1533, 775, 625, 250, 93
track:1534, 802, 626, 250, 93
track:1535, 826, 627, 250, 93
track:1536, 852, 629, 238, 89
track:1537, 870, 629, 238, 89
track:1538, 874, 633, 227, 85
track:1539, 885, 633, 216, 81
track:1540, 895, 632, 227, 85
track:1541, 902, 636, 216, 81
track:1542, 902, 637, 216, 81
track:1543, 900, 636, 227, 85
track:1544, 890, 635, 238, 89
track:1545, 888, 635, 238, 89
track:1546, 882, 637, 238, 89
track:1547, 875, 637, 238, 89
track:1548, 874, 638, 238, 89
track:1549, 851, 642, 250, 93
track:1550, 852, 641, 250, 93
track:1551, 854, 643, 238, 89
track:1552, 846, 648, 227, 85
track:1553, 847, 649, 227, 85
track:1554, 849, 650, 227, 85
track:1555, 849, 649, 227, 85
track:1556, 854, 651, 216, 81
track:1557, 861, 653, 216, 81
track:1558, 865, 655, 206, 77
track:1559, 868, 655, 206, 77
track:1560, 876, 654, 206, 77
init :1561, 900, 667, 189, 70
track:1562, 900, 668, 189, 70
track:1563, 901, 669, 189, 70
track:1564, 902, 669, 189, 70
track:1565, 903, 669, 189, 70
track:1566, 907, 670, 180, 67
track:1567, 906, 671, 180, 67
track:1568, 906, 671, 180, 67
track:1569, 909, 672, 171, 63
track:1570, 907, 673, 171, 63
track:1571, 907, 674, 163, 60
track:1572, 905, 675, 163, 60
track:1573, 905, 675, 163, 60
track:1574, 902, 675, 163, 60
track:1575, 902, 677, 155, 58
track:1576, 900, 677, 155, 58
track:1577, 900, 678, 148, 55
track:1578, 899, 679, 148, 55
track:1579, 896, 678, 148, 55
track:1580, 898, 680, 141, 52
track:1581, 895, 682, 134, 50
track:1582, 893, 681, 134, 50
track:1583, 892, 682, 134, 50
track:1584, 892, 681, 134, 50
track:1585, 894, 683, 128, 47
track:1586, 892, 682, 128, 47
track:1587, 896, 683, 128, 47
track:1588, 895, 683, 128, 47
track:1589, 896, 682, 128, 47
track:1590, 900, 683, 122, 45
track:1591, 898, 683, 122, 45
track:1592, 900, 684, 116, 43
track:1593, 899, 685, 116, 43
track:1594, 903, 686, 111, 41
track:1595, 902, 687, 111, 41
track:1596, 901, 688, 111, 41
track:1599, 901, 687, 111, 41
track:1600, 903, 688, 105, 39
init :1601, 913, 680, 101, 72
track:1602, 912, 680, 101, 72
track:1603, 912, 680, 101, 72
track:1604, 909, 680, 101, 72
track:1605, 910, 682, 96, 69
track:1606, 908, 683, 96, 69
track:1607, 905, 683, 96, 69
track:1608, 904, 684, 96, 69
elapseTime: 16.826
