init :7, 821, 630, 235, 197
track:8, 821, 630, 235, 197
track:9, 822, 630, 235, 197
track:10, 821, 631, 235, 197
track:11, 823, 630, 235, 197
track:12, 823, 630, 235, 197
track:13, 824, 630, 235, 197
track:14, 824, 630, 235, 197
track:15, 824, 630, 235, 197
track:16, 825, 630, 235, 197
track:17, 826, 630, 235, 197
track:18, 825, 630, 235, 197
track:19, 825, 629, 235, 197
track:20, 821, 626, 247, 207
track:21, 820, 626, 247, 207
track:22, 827, 631, 235, 197
track:23, 828, 631, 235, 197
track:24, 827, 631, 235, 197
track:25, 828, 630, 235, 197
track:26, 829, 631, 235, 197
track:27, 829, 631, 235, 197
track:28, 829, 631, 235, 197
track:29, 829, 630, 235, 197
track:30, 829, 630, 235, 197
track:31, 830, 629, 235, 197
track:32, 831, 631, 235, 197
track:33, 829, 630, 235, 197
track:34, 830, 631, 235, 197
track:35, 830, 630, 235, 197
track:36, 830, 631, 235, 197
track:37, 829, 630, 235, 197
track:38, 831, 630, 235, 197
track:39, 830, 630, 235, 197
track:40, 830, 630, 235, 197
track:41, 831, 629, 235, 197
track:42, 830, 631, 235, 197
track:43, 831, 630, 235, 197
track:44, 830, 631, 235, 197
track:45, 832, 630, 235, 197
track:46, 830, 631, 235, 197
track:48, 832, 630, 235, 197
track:49, 830, 630, 235, 197
track:50, 831, 629, 235, 197
track:51, 832, 629, 235, 197
track:52, 831, 628, 235, 197
track:53, 832, 629, 235, 197
track:54, 831, 629, 235, 197
track:55, 832, 629, 235, 197
track:56, 831, 629, 235, 197
track:57, 831, 628, 235, 197
track:58, 831, 629, 235, 197
track:59, 830, 628, 235, 197
track:60, 832, 628, 235, 197
track:61, 831, 630, 235, 197
track:62, 830, 629, 235, 197
track:63, 829, 629, 235, 197
track:64, 830, 629, 235, 197
track:65, 829, 629, 235, 197
track:66, 828, 629, 235, 197
track:67, 829, 628, 235, 197
track:68, 829, 629, 235, 197
track:69, 828, 629, 235, 197
track:70, 829, 628, 235, 197
track:71, 829, 629, 235, 197
init :72, 826, 630, 235, 197
track:73, 827, 630, 235, 197
track:74, 827, 629, 235, 197
track:75, 826, 629, 235, 197
track:76, 825, 630, 235, 197
track:77, 827, 629, 235, 197
track:78, 826, 629, 235, 197
track:79, 825, 630, 235, 197
track:80, 826, 630, 235, 197
track:81, 826, 630, 235, 197
track:82, 826, 630, 235, 197
track:83, 826, 630, 235, 197
track:84, 826, 631, 235, 197
track:85, 826, 630, 235, 197
track:86, 826, 631, 235, 197
track:87, 825, 631, 235, 197
track:88, 826, 631, 235, 197
track:89, 826, 630, 235, 197
track:90, 826, 631, 235, 197
track:91, 825, 631, 235, 197
track:92, 826, 632, 235, 197
track:93, 827, 631, 235, 197
track:94, 827, 630, 235, 197
track:95, 827, 630, 235, 197
track:96, 827, 630, 235, 197
track:97, 827, 630, 235, 197
track:98, 829, 630, 235, 197
track:99, 829, 630, 235, 197
track:100, 829, 629, 235, 197
track:101, 830, 629, 235, 197
track:102, 831, 628, 235, 197
track:103, 831, 627, 235, 197
track:104, 831, 628, 235, 197
track:105, 831, 627, 235, 197
track:106, 832, 626, 235, 197
track:107, 833, 624, 235, 197
track:108, 833, 622, 235, 197
track:109, 832, 623, 235, 197
track:110, 834, 622, 235, 197
track:111, 833, 620, 235, 197
track:112, 834, 619, 235, 197
track:113, 834, 616, 235, 197
track:114, 835, 616, 235, 197
track:115, 835, 613, 235, 197
track:116, 836, 611, 235, 197
track:117, 837, 610, 235, 197
track:120, 840, 607, 235, 197
track:121, 840, 604, 235, 197
track:122, 841, 601, 235, 197
track:123, 847, 605, 224, 188
track:124, 847, 605, 224, 188
track:125, 851, 608, 213, 179
track:126, 848, 605, 213, 179
track:127, 852, 606, 203, 170
track:128, 850, 606, 203, 170
track:129, 850, 607, 203, 170
track:130, 850, 609, 203, 170
track:131, 850, 608, 203, 170
track:132, 849, 608, 213, 179
track:133, 850, 610, 213, 179
track:134, 850, 612, 213, 179
track:135, 852, 612, 213, 179
track:136, 852, 612, 213, 179
track:137, 854, 614, 213, 179
track:138, 855, 616, 213, 179
track:139, 859, 619, 203, 170
track:140, 858, 619, 203, 170
track:141, 858, 618, 203, 170
track:142, 851, 615, 213, 179
init :143, 858, 623, 180, 153
track:144, 858, 623, 180, 153
track:145, 855, 627, 180, 153
track:146, 854, 627, 180, 153
track:147, 854, 629, 180, 153
track:148, 855, 630, 180, 153
track:149, 855, 631, 180, 153
track:150, 857, 634, 180, 153
track:151, 856, 637, 180, 153
track:152, 856, 640, 180, 153
track:153, 856, 643, 180, 153
track:154, 856, 642, 180, 153
track:155, 857, 644, 180, 153
track:156, 857, 646, 180, 153
track:157, 858, 646, 180, 153
track:158, 859, 646, 180, 153
track:159, 859, 646, 180, 153
track:160, 857, 648, 180, 153
track:161, 861, 652, 171, 146
track:162, 859, 652, 171, 146
track:163, 858, 652, 171, 146
track:164, 858, 652, 171, 146
track:165, 858, 653, 171, 146
track:166, 858, 653, 171, 146
track:167, 858, 653, 171, 146
track:168, 858, 653, 171, 146
track:169, 859, 653, 171, 146
track:170, 859, 652, 171, 146
track:171, 860, 650, 171, 146
track:172, 861, 649, 171, 146
track:173, 861, 649, 171, 146
track:174, 861, 649, 171, 146
track:175, 859, 650, 171, 146
track:176, 857, 650, 171, 146
track:177, 856, 650, 171, 146
track:178, 859, 651, 171, 146
track:179, 859, 652, 171, 146
track:180, 861, 652, 171, 146
track:181, 862, 654, 171, 146
track:182, 862, 657, 171, 146
track:183, 864, 659, 171, 146
track:184, 865, 659, 171, 146
track:185, 866, 662, 171, 146
track:186, 860, 656, 180, 153
track:187, 861, 655, 171, 146
track:188, 856, 651, 171, 146
track:189, 856, 649, 171, 146
track:190, 854, 649, 171, 146
track:191, 853, 647, 171, 146
track:192, 852, 642, 171, 146
track:193, 851, 640, 171, 146
track:194, 851, 639, 171, 146
track:195, 853, 637, 171, 146
track:196, 855, 637, 171, 146
track:197, 854, 635, 171, 146
track:198, 851, 636, 171, 146
track:199, 852, 636, 171, 146
track:200, 849, 637, 171, 146
track:201, 847, 638, 171, 146
track:202, 851, 640, 163, 139
track:203, 851, 637, 163, 139
track:204, 851, 637, 163, 139
track:205, 852, 634, 163, 139
track:206, 851, 633, 163, 139
track:207, 850, 632, 163, 139
track:208, 849, 631, 163, 139
track:209, 848, 629, 163, 139
track:210, 845, 627, 163, 139
track:211, 845, 624, 163, 139
track:212, 846, 621, 163, 139
track:213, 846, 622, 163, 139
init :214, 844, 628, 152, 129
track:215, 845, 628, 152, 129
track:216, 845, 628, 152, 129
track:217, 845, 629, 152, 129
track:218, 845, 629, 152, 129
track:219, 845, 629, 152, 129
track:220, 845, 633, 152, 129
track:221, 845, 635, 152, 129
track:222, 844, 637, 152, 129
track:223, 844, 638, 152, 129
track:224, 844, 640, 152, 129
track:225, 843, 641, 152, 129
track:226, 848, 645, 145, 123
track:227, 848, 646, 145, 123
track:228, 849, 645, 145, 123
track:229, 848, 646, 145, 123
track:230, 848, 646, 145, 123
track:231, 848, 645, 145, 123
track:232, 848, 643, 145, 123
track:233, 850, 644, 138, 117
track:234, 849, 644, 138, 117
track:235, 849, 643, 138, 117
track:236, 851, 642, 138, 117
track:237, 855, 645, 131, 111
track:238, 855, 646, 131, 111
track:239, 856, 646, 131, 111
track:240, 857, 648, 131, 111
track:241, 858, 650, 131, 111
track:242, 859, 650, 131, 111
track:243, 858, 649, 131, 111
track:244, 859, 650, 131, 111
track:245, 858, 651, 131, 111
track:246, 859, 651, 131, 111
track:247, 858, 651, 131, 111
track:248, 858, 651, 131, 111
track:249, 859, 651, 131, 111
track:250, 859, 653, 131, 111
track:251, 860, 654, 131, 111
track:252, 860, 656, 131, 111
track:253, 860, 657, 131, 111
track:254, 861, 659, 131, 111
track:255, 860, 662, 131, 111
track:256, 861, 664, 131, 111
track:257, 863, 667, 131, 111
track:258, 862, 667, 131, 111
track:259, 863, 669, 131, 111
track:260, 863, 671, 131, 111
track:261, 863, 672, 131, 111
track:262, 863, 672, 131, 111
track:263, 863, 673, 131, 111
track:264, 862, 674, 131, 111
track:265, 863, 676, 131, 111
track:266, 862, 677, 131, 111
track:267, 863, 679, 131, 111
track:268, 862, 680, 131, 111
track:269, 862, 680, 131, 111
track:270, 860, 680, 138, 117
track:271, 861, 682, 138, 117
track:272, 862, 686, 138, 117
track:273, 862, 686, 138, 117
track:274, 862, 689, 138, 117
track:275, 862, 690, 138, 117
track:276, 863, 693, 138, 117
track:277, 864, 696, 138, 117
track:278, 864, 697, 138, 117
track:279, 866, 697, 138, 117
track:280, 867, 695, 138, 117
track:281, 865, 691, 145, 123
track:282, 867, 693, 145, 123
track:283, 866, 694, 145, 123
track:284, 867, 696, 145, 123
init :285, 872, 695, 152, 135
track:286, 873, 694, 152, 135
track:287, 875, 691, 152, 135
track:288, 876, 691, 152, 135
track:289, 873, 684, 160, 142
track:290, 869, 677, 168, 149
track:291, 869, 670, 168, 149
track:292, 870, 664, 168, 149
track:293, 870, 663, 168, 149
track:294, 871, 662, 168, 149
track:295, 870, 655, 176, 156
track:296, 868, 651, 185, 164
track:297, 862, 650, 194, 172
track:298, 863, 650, 194, 172
track:299, 860, 650, 194, 172
track:300, 854, 648, 204, 181
track:301, 852, 651, 204, 181
track:302, 847, 651, 214, 190
track:303, 847, 652, 214, 190
track:304, 840, 653, 225, 199
track:305, 834, 648, 236, 209
track:306, 826, 644, 248, 220
track:307, 825, 641, 248, 220
track:308, 825, 640, 248, 220
track:309, 826, 639, 248, 220
track:310, 824, 630, 248, 220
track:311, 822, 615, 248, 220
track:312, 823, 606, 248, 220
track:313, 824, 606, 248, 220
track:314, 827, 599, 248, 220
track:315, 830, 596, 236, 209
track:316, 836, 588, 225, 199
track:317, 839, 584, 225, 199
track:318, 839, 583, 225, 199
track:319, 839, 582, 225, 199
track:320, 850, 577, 214, 190
track:321, 852, 569, 214, 190
track:322, 852, 569, 214, 190
track:323, 853, 569, 214, 190
track:324, 856, 577, 204, 181
track:325, 855, 575, 204, 181
track:326, 855, 565, 204, 181
track:327, 857, 569, 194, 172
track:328, 856, 569, 194, 172
track:329, 854, 578, 194, 172
track:330, 852, 584, 194, 172
track:331, 851, 586, 194, 172
track:332, 854, 594, 185, 164
track:333, 854, 594, 185, 164
track:334, 853, 595, 185, 164
track:335, 853, 596, 185, 164
track:336, 853, 601, 185, 164
track:337, 854, 602, 185, 164
track:338, 854, 602, 185, 164
track:339, 854, 598, 185, 164
track:340, 855, 595, 185, 164
track:341, 855, 594, 185, 164
track:342, 860, 598, 176, 156
track:343, 860, 598, 176, 156
track:344, 861, 596, 176, 156
track:345, 861, 593, 176, 156
track:346, 860, 594, 176, 156
track:347, 864, 600, 168, 149
track:348, 864, 600, 168, 149
track:349, 864, 602, 168, 149
track:350, 868, 610, 160, 142
track:351, 868, 612, 160, 142
track:352, 868, 616, 160, 142
track:353, 870, 617, 160, 142
track:354, 869, 619, 160, 142
track:355, 869, 621, 160, 142
init :356, 872, 630, 147, 116
track:357, 871, 631, 147, 116
track:358, 875, 633, 140, 110
track:359, 874, 633, 140, 110
track:360, 874, 634, 140, 110
track:361, 874, 635, 140, 110
track:362, 872, 635, 140, 110
track:363, 873, 635, 140, 110
track:364, 873, 636, 140, 110
track:365, 872, 636, 140, 110
track:366, 875, 639, 133, 105
track:367, 877, 642, 127, 100
track:368, 876, 643, 127, 100
track:369, 877, 643, 127, 100
track:370, 875, 648, 127, 100
track:371, 874, 655, 127, 100
track:372, 873, 659, 127, 100
track:373, 876, 661, 121, 95
track:374, 876, 662, 121, 95
track:375, 874, 662, 121, 95
track:376, 872, 663, 121, 95
track:377, 869, 663, 121, 95
track:378, 870, 664, 121, 95
track:379, 868, 665, 121, 95
track:380, 869, 664, 121, 95
track:381, 868, 664, 121, 95
track:382, 866, 663, 121, 95
track:383, 865, 663, 121, 95
track:384, 864, 663, 121, 95
track:385, 864, 662, 121, 95
track:386, 863, 662, 121, 95
track:387, 863, 661, 121, 95
track:388, 864, 661, 121, 95
track:389, 865, 663, 115, 91
track:390, 867, 665, 110, 87
track:391, 867, 667, 110, 87
track:392, 864, 668, 115, 91
track:393, 864, 669, 115, 91
track:394, 865, 669, 115, 91
track:395, 866, 676, 115, 91
track:396, 867, 678, 115, 91
track:397, 869, 683, 115, 91
track:398, 869, 684, 115, 91
track:399, 870, 687, 115, 91
track:400, 872, 692, 115, 91
track:401, 873, 699, 115, 91
track:402, 874, 701, 115, 91
track:403, 874, 702, 115, 91
track:404, 877, 706, 110, 87
track:405, 879, 706, 110, 87
track:406, 879, 706, 110, 87
track:407, 880, 706, 110, 87
track:408, 880, 706, 110, 87
track:409, 881, 704, 110, 87
track:410, 880, 702, 110, 87
track:411, 881, 700, 110, 87
track:412, 882, 698, 110, 87
track:413, 882, 697, 110, 87
track:414, 882, 697, 110, 87
track:415, 882, 698, 110, 87
track:416, 882, 700, 110, 87
track:417, 883, 700, 110, 87
track:418, 883, 700, 110, 87
track:419, 883, 700, 110, 87
track:420, 881, 701, 110, 87
track:421, 880, 702, 110, 87
track:422, 880, 700, 110, 87
track:423, 879, 699, 110, 87
track:424, 879, 697, 110, 87
track:425, 878, 694, 110, 87
track:426, 878, 692, 110, 87
init :427, 876, 693, 106, 77
track:428, 876, 693, 106, 77
track:429, 876, 693, 106, 77
track:430, 876, 694, 106, 77
track:431, 876, 694, 106, 77
track:432, 875, 693, 106, 77
track:433, 875, 694, 106, 77
track:434, 874, 694, 106, 77
track:435, 873, 694, 106, 77
track:436, 872, 695, 106, 77
track:437, 872, 696, 106, 77
track:438, 872, 697, 106, 77
track:439, 873, 698, 106, 77
track:440, 873, 699, 106, 77
track:441, 871, 697, 111, 81
track:442, 875, 699, 106, 77
track:443, 874, 700, 106, 77
track:444, 874, 699, 106, 77
track:445, 874, 701, 106, 77
track:446, 874, 701, 106, 77
track:447, 872, 698, 111, 81
track:448, 872, 698, 111, 81
track:449, 872, 696, 111, 81
track:450, 873, 696, 111, 81
track:451, 872, 698, 111, 81
track:452, 873, 700, 111, 81
track:453, 874, 700, 111, 81
track:454, 875, 701, 111, 81
track:455, 876, 701, 111, 81
track:456, 874, 699, 117, 85
track:457, 874, 698, 117, 85
track:458, 874, 698, 117, 85
track:459, 874, 698, 117, 85
track:460, 874, 696, 117, 85
track:461, 875, 695, 117, 85
track:462, 872, 694, 123, 89
track:463, 871, 694, 123, 89
track:464, 870, 691, 123, 89
track:465, 871, 689, 123, 89
track:466, 871, 689, 123, 89
track:467, 871, 689, 123, 89
track:468, 870, 690, 123, 89
track:469, 870, 691, 123, 89
track:470, 869, 690, 129, 94
track:471, 870, 692, 129, 94
track:472, 870, 691, 129, 94
track:473, 867, 691, 135, 98
track:474, 868, 694, 135, 98
track:475, 870, 694, 135, 98
track:476, 872, 693, 135, 98
track:477, 870, 691, 142, 103
track:478, 871, 690, 142, 103
track:479, 869, 685, 149, 108
track:480, 870, 676, 149, 108
track:481, 872, 673, 149, 108
track:482, 872, 673, 149, 108
track:483, 874, 666, 149, 108
track:484, 876, 664, 149, 108
track:485, 878, 664, 149, 108
track:486, 878, 667, 149, 108
track:487, 879, 669, 149, 108
track:488, 875, 672, 157, 114
track:490, 872, 674, 157, 114
track:491, 870, 675, 157, 114
track:492, 870, 675, 157, 114
track:493, 863, 672, 164, 119
track:494, 861, 672, 164, 119
track:495, 853, 663, 173, 125
track:496, 852, 658, 173, 125
track:497, 852, 657, 173, 125
init :498, 858, 646, 161, 137
track:499, 857, 643, 161, 137
track:500, 856, 640, 161, 137
track:501, 857, 636, 161, 137
track:502, 856, 635, 161, 137
track:503, 856, 633, 161, 137
track:504, 855, 632, 161, 137
track:505, 855, 631, 161, 137
track:506, 855, 629, 161, 137
track:507, 855, 630, 161, 137
track:508, 854, 628, 161, 137
track:509, 854, 623, 161, 137
track:510, 854, 621, 161, 137
track:511, 853, 619, 161, 137
track:512, 853, 619, 161, 137
track:513, 853, 618, 161, 137
track:514, 852, 619, 161, 137
track:515, 853, 620, 161, 137
track:516, 853, 619, 161, 137
track:517, 856, 622, 153, 130
track:518, 855, 619, 153, 130
track:519, 860, 622, 146, 124
track:520, 860, 622, 146, 124
track:521, 860, 620, 146, 124
track:522, 865, 623, 139, 118
track:523, 864, 624, 139, 118
track:524, 865, 626, 139, 118
track:525, 866, 628, 139, 118
track:526, 868, 629, 139, 118
track:527, 871, 632, 132, 113
track:528, 870, 631, 132, 113
track:529, 871, 631, 132, 113
track:530, 872, 629, 132, 113
track:531, 875, 631, 126, 107
track:532, 875, 631, 126, 107
track:533, 877, 632, 126, 107
track:534, 877, 632, 126, 107
track:535, 877, 633, 126, 107
track:536, 880, 638, 120, 102
track:537, 881, 638, 120, 102
track:538, 881, 640, 120, 102
track:539, 881, 641, 120, 102
track:540, 881, 641, 120, 102
track:543, 878, 643, 120, 102
track:544, 878, 643, 120, 102
track:546, 878, 649, 114, 97
track:547, 881, 652, 109, 93
track:548, 881, 654, 109, 93
track:549, 879, 657, 109, 93
track:550, 878, 659, 109, 93
track:551, 878, 660, 109, 93
track:552, 876, 661, 109, 93
track:553, 879, 662, 104, 88
track:554, 878, 662, 104, 88
track:555, 878, 662, 104, 88
track:556, 880, 665, 99, 84
track:557, 879, 665, 99, 84
track:558, 879, 671, 99, 84
track:559, 879, 673, 99, 84
track:560, 881, 677, 94, 80
track:561, 881, 680, 94, 80
track:562, 881, 680, 94, 80
track:563, 881, 683, 94, 80
track:564, 881, 685, 94, 80
track:565, 881, 686, 94, 80
track:566, 881, 687, 94, 80
track:567, 881, 688, 94, 80
track:568, 882, 691, 94, 80
init :569, 876, 695, 101, 75
track:570, 875, 699, 101, 75
track:571, 875, 701, 101, 75
track:572, 875, 702, 101, 75
track:573, 876, 704, 101, 75
track:574, 877, 706, 101, 75
track:575, 878, 705, 101, 75
track:576, 878, 704, 101, 75
track:577, 877, 703, 101, 75
track:578, 876, 701, 101, 75
track:579, 877, 699, 101, 75
track:580, 878, 698, 101, 75
track:581, 879, 698, 101, 75
track:582, 880, 699, 101, 75
track:583, 879, 701, 101, 75
track:584, 878, 702, 101, 75
track:585, 879, 702, 101, 75
track:586, 876, 701, 106, 79
track:587, 876, 702, 106, 79
track:588, 877, 702, 106, 79
track:589, 877, 701, 106, 79
track:590, 877, 701, 106, 79
track:591, 872, 700, 111, 83
track:592, 872, 701, 111, 83
track:593, 871, 699, 111, 83
track:594, 871, 698, 111, 83
track:595, 871, 689, 111, 83
track:596, 870, 687, 111, 83
track:597, 870, 686, 111, 83
track:598, 867, 682, 117, 87
track:599, 865, 673, 117, 87
track:600, 866, 670, 117, 87
track:601, 866, 670, 117, 87
track:602, 867, 670, 117, 87
track:603, 867, 669, 117, 87
track:604, 865, 665, 117, 87
track:605, 862, 659, 123, 91
track:606, 862, 658, 123, 91
track:607, 861, 658, 123, 91
track:608, 862, 658, 123, 91
track:609, 863, 658, 123, 91
track:610, 863, 659, 123, 91
track:611, 863, 663, 123, 91
track:612, 860, 661, 129, 96
track:613, 860, 663, 129, 96
track:614, 860, 666, 129, 96
track:615, 861, 668, 129, 96
track:616, 860, 670, 129, 96
track:617, 860, 671, 129, 96
track:618, 860, 671, 129, 96
track:619, 861, 670, 129, 96
track:620, 861, 669, 129, 96
track:621, 861, 669, 129, 96
track:622, 862, 669, 129, 96
track:623, 861, 668, 129, 96
track:624, 861, 666, 129, 96
track:625, 860, 666, 129, 96
track:626, 862, 668, 129, 96
track:627, 862, 668, 129, 96
track:628, 859, 667, 135, 101
track:629, 855, 664, 142, 106
track:630, 855, 661, 142, 106
track:631, 856, 661, 142, 106
track:632, 856, 660, 142, 106
track:633, 857, 663, 142, 106
track:634, 857, 667, 142, 106
track:635, 858, 669, 142, 106
track:636, 859, 670, 142, 106
track:637, 859, 671, 142, 106
track:638, 861, 671, 142, 106
track:639, 863, 671, 142, 106
init :640, 858, 667, 147, 109
track:641, 855, 663, 154, 114
track:642, 859, 666, 147, 109
track:643, 858, 664, 147, 109
track:644, 858, 663, 147, 109
track:645, 859, 654, 147, 109
track:646, 859, 653, 147, 109
track:647, 860, 652, 147, 109
track:648, 859, 652, 147, 109
track:649, 863, 655, 140, 104
track:650, 865, 656, 140, 104
track:651, 868, 655, 140, 104
track:652, 867, 655, 140, 104
track:653, 868, 654, 140, 104
track:654, 869, 655, 140, 104
track:655, 866, 656, 147, 109
track:656, 867, 659, 147, 109
track:657, 866, 659, 147, 109
track:658, 868, 662, 147, 109
track:659, 869, 660, 147, 109
track:660, 869, 660, 147, 109
track:661, 869, 660, 147, 109
track:662, 870, 659, 147, 109
track:663, 871, 660, 147, 109
track:664, 872, 658, 147, 109
track:665, 873, 657, 147, 109
track:666, 874, 654, 147, 109
track:667, 873, 655, 147, 109
track:668, 874, 652, 147, 109
track:669, 874, 651, 147, 109
track:670, 874, 651, 147, 109
track:671, 873, 651, 147, 109
track:672, 871, 652, 147, 109
track:673, 870, 651, 147, 109
track:674, 868, 650, 147, 109
track:675, 869, 649, 147, 109
track:676, 872, 651, 140, 104
track:677, 871, 651, 140, 104
track:678, 869, 654, 140, 104
track:679, 868, 664, 140, 104
track:680, 864, 668, 147, 109
track:681, 865, 670, 147, 109
track:682, 865, 671, 147, 109
track:683, 864, 669, 147, 109
track:684, 862, 669, 147, 109
track:685, 862, 671, 147, 109
track:686, 862, 673, 147, 109
track:687, 863, 674, 147, 109
track:688, 862, 674, 147, 109
track:689, 865, 674, 140, 104
track:690, 863, 673, 140, 104
track:691, 862, 671, 140, 104
track:692, 859, 669, 147, 109
track:693, 858, 667, 147, 109
track:694, 858, 667, 147, 109
track:695, 859, 666, 147, 109
track:696, 857, 664, 147, 109
track:697, 857, 664, 147, 109
track:698, 855, 664, 147, 109
track:699, 852, 664, 147, 109
track:700, 852, 664, 147, 109
track:701, 853, 666, 147, 109
track:702, 853, 667, 147, 109
track:703, 852, 670, 147, 109
track:704, 851, 674, 147, 109
track:705, 851, 679, 147, 109
track:706, 850, 681, 147, 109
track:707, 845, 679, 154, 114
track:708, 845, 680, 154, 114
track:709, 846, 680, 154, 114
track:710, 846, 678, 154, 114
init :711, 853, 677, 147, 116
track:712, 852, 674, 147, 116
track:713, 852, 673, 147, 116
track:714, 852, 674, 147, 116
track:715, 851, 675, 147, 116
track:716, 851, 676, 147, 116
track:717, 851, 677, 147, 116
track:718, 853, 677, 147, 116
track:719, 853, 678, 147, 116
track:720, 853, 678, 147, 116
track:721, 853, 678, 147, 116
track:722, 853, 678, 147, 116
track:723, 854, 677, 147, 116
track:724, 854, 674, 147, 116
track:725, 854, 671, 147, 116
track:726, 854, 670, 147, 116
track:727, 855, 668, 147, 116
track:728, 855, 665, 147, 116
track:729, 851, 657, 154, 122
track:730, 852, 656, 154, 122
track:731, 850, 652, 162, 128
track:732, 850, 651, 162, 128
track:733, 849, 651, 162, 128
track:734, 849, 647, 162, 128
track:735, 847, 639, 170, 134
track:736, 852, 642, 162, 128
track:737, 852, 641, 162, 128
track:738, 850, 639, 162, 128
track:739, 850, 639, 162, 128
track:740, 853, 641, 162, 128
track:741, 853, 641, 162, 128
track:742, 852, 642, 162, 128
track:743, 850, 643, 162, 128
track:744, 850, 642, 162, 128
track:745, 851, 640, 162, 128
track:746, 851, 640, 162, 128
track:747, 852, 638, 162, 128
track:748, 852, 628, 162, 128
track:749, 851, 624, 162, 128
track:750, 849, 623, 162, 128
track:751, 848, 623, 162, 128
track:752, 848, 625, 162, 128
track:753, 849, 626, 162, 128
track:754, 854, 629, 154, 122
track:755, 858, 629, 154, 122
track:756, 858, 629, 154, 122
track:757, 857, 628, 154, 122
track:758, 858, 626, 154, 122
track:759, 857, 628, 154, 122
track:760, 857, 631, 154, 122
track:761, 856, 633, 154, 122
track:762, 860, 634, 154, 122
track:763, 862, 633, 154, 122
track:764, 863, 633, 154, 122
track:765, 862, 634, 154, 122
track:766, 861, 634, 154, 122
track:767, 863, 636, 147, 116
track:768, 864, 638, 147, 116
track:769, 864, 639, 147, 116
track:770, 868, 649, 147, 116
track:771, 868, 649, 147, 116
track:772, 868, 649, 147, 116
track:773, 869, 647, 147, 116
track:774, 871, 647, 147, 116
track:775, 875, 650, 140, 110
track:776, 875, 649, 140, 110
track:777, 876, 649, 140, 110
track:778, 877, 648, 140, 110
track:779, 878, 648, 140, 110
track:780, 878, 647, 140, 110
track:781, 878, 648, 140, 110
init :782, 881, 649, 133, 101
track:783, 881, 649, 133, 101
track:784, 880, 648, 133, 101
track:785, 879, 649, 133, 101
track:786, 879, 649, 133, 101
track:787, 878, 649, 133, 101
track:788, 878, 650, 133, 101
track:789, 877, 651, 133, 101
track:790, 877, 650, 133, 101
track:791, 876, 649, 133, 101
track:792, 876, 649, 133, 101
track:793, 876, 650, 133, 101
track:794, 875, 652, 133, 101
track:795, 875, 655, 133, 101
track:796, 876, 655, 133, 101
track:797, 876, 656, 133, 101
track:798, 876, 655, 133, 101
track:799, 876, 656, 133, 101
track:800, 875, 657, 133, 101
track:801, 876, 656, 133, 101
track:802, 875, 657, 133, 101
track:803, 878, 660, 127, 96
track:804, 879, 661, 127, 96
track:805, 878, 661, 127, 96
track:806, 877, 661, 127, 96
track:807, 878, 660, 127, 96
track:808, 876, 661, 127, 96
track:809, 877, 662, 127, 96
track:810, 876, 664, 127, 96
track:811, 877, 665, 127, 96
track:812, 876, 667, 127, 96
track:813, 874, 667, 127, 96
track:814, 874, 667, 127, 96
track:815, 869, 665, 133, 101
track:816, 868, 666, 133, 101
track:817, 868, 667, 133, 101
track:818, 864, 672, 140, 106
track:819, 864, 674, 140, 106
track:820, 861, 685, 140, 106
track:821, 861, 685, 140, 106
track:822, 861, 685, 140, 106
track:823, 858, 682, 147, 111
track:824, 857, 680, 147, 111
track:825, 855, 680, 147, 111
track:826, 856, 681, 147, 111
track:827, 855, 685, 147, 111
track:828, 855, 690, 147, 111
track:829, 853, 689, 154, 117
track:830, 855, 690, 154, 117
track:831, 855, 691, 154, 117
track:832, 855, 692, 154, 117
track:833, 854, 687, 162, 123
track:834, 855, 682, 162, 123
track:835, 854, 672, 162, 123
track:836, 855, 672, 162, 123
track:837, 855, 667, 162, 123
track:838, 854, 665, 162, 123
track:839, 852, 662, 162, 123
track:840, 846, 652, 170, 129
track:841, 846, 652, 170, 129
track:842, 843, 651, 170, 129
track:843, 841, 647, 170, 129
track:844, 839, 644, 170, 129
track:845, 833, 629, 170, 129
track:846, 831, 629, 170, 129
track:847, 830, 621, 170, 129
track:848, 827, 614, 178, 135
track:849, 822, 608, 187, 142
track:850, 820, 607, 187, 142
track:851, 821, 607, 187, 142
track:852, 824, 603, 187, 142
init :853, 826, 597, 198, 166
track:854, 827, 599, 198, 166
track:855, 828, 603, 198, 166
track:856, 829, 605, 198, 166
track:857, 828, 606, 198, 166
track:858, 827, 603, 198, 166
track:859, 829, 600, 198, 166
track:860, 833, 601, 189, 158
track:861, 833, 600, 189, 158
track:862, 832, 603, 189, 158
track:863, 835, 606, 189, 158
track:864, 835, 610, 189, 158
track:865, 840, 622, 180, 151
track:866, 839, 622, 180, 151
track:867, 840, 628, 180, 151
track:868, 840, 629, 180, 151
track:869, 840, 629, 180, 151
track:870, 840, 632, 180, 151
track:871, 841, 633, 180, 151
track:872, 843, 635, 180, 151
track:873, 843, 635, 180, 151
track:874, 844, 635, 180, 151
track:875, 843, 635, 180, 151
track:876, 844, 635, 180, 151
track:877, 849, 639, 171, 143
track:878, 853, 640, 171, 143
track:879, 856, 644, 163, 137
track:880, 857, 643, 163, 137
track:881, 856, 642, 163, 137
track:882, 857, 642, 163, 137
track:883, 862, 644, 155, 130
track:884, 865, 643, 155, 130
track:885, 865, 643, 155, 130
track:886, 865, 642, 155, 130
track:887, 868, 644, 155, 130
track:888, 868, 644, 155, 130
track:889, 870, 643, 155, 130
track:890, 873, 642, 155, 130
track:891, 875, 644, 148, 124
track:892, 877, 644, 148, 124
track:893, 878, 643, 148, 124
track:894, 878, 642, 148, 124
track:895, 882, 645, 141, 118
track:896, 883, 645, 141, 118
track:897, 882, 645, 141, 118
track:898, 884, 647, 134, 112
track:899, 884, 649, 128, 107
track:900, 884, 651, 128, 107
track:901, 883, 650, 128, 107
track:902, 882, 652, 128, 107
track:903, 881, 653, 128, 107
track:904, 881, 652, 128, 107
track:905, 881, 653, 128, 107
track:906, 881, 652, 128, 107
track:907, 896, 636, 128, 107
track:908, 905, 639, 128, 107
track:909, 907, 647, 128, 107
track:910, 908, 653, 128, 107
track:911, 911, 656, 122, 102
track:912, 912, 658, 122, 102
track:913, 914, 663, 122, 102
track:914, 908, 664, 128, 107
track:915, 915, 670, 122, 102
track:916, 919, 670, 122, 102
track:917, 918, 671, 122, 102
track:918, 916, 674, 122, 102
track:919, 918, 675, 122, 102
track:920, 913, 673, 128, 107
track:921, 911, 670, 134, 112
track:922, 907, 668, 134, 112
track:923, 901, 668, 134, 112
init :924, 789, 584, 295, 249
track:925, 784, 583, 295, 249
track:926, 783, 582, 295, 249
track:927, 781, 583, 295, 249
track:928, 775, 583, 295, 249
track:929, 771, 583, 295, 249
track:930, 767, 582, 295, 249
track:931, 767, 581, 295, 249
track:932, 765, 581, 295, 249
track:933, 765, 576, 295, 249
track:934, 771, 582, 281, 237
track:935, 771, 578, 281, 237
track:936, 771, 577, 281, 237
track:937, 771, 577, 281, 237
track:938, 771, 574, 281, 237
track:939, 772, 571, 281, 237
track:940, 771, 570, 281, 237
track:941, 770, 572, 281, 237
track:942, 771, 570, 281, 237
track:943, 769, 568, 281, 237
track:944, 775, 573, 268, 226
track:945, 773, 572, 268, 226
track:946, 772, 574, 268, 226
track:947, 771, 574, 268, 226
track:948, 766, 576, 268, 226
track:949, 762, 579, 268, 226
track:950, 757, 579, 268, 226
track:951, 758, 579, 268, 226
track:952, 753, 580, 268, 226
track:953, 753, 580, 268, 226
track:954, 751, 582, 268, 226
track:955, 750, 583, 268, 226
track:956, 748, 584, 268, 226
track:957, 747, 586, 268, 226
track:958, 748, 588, 268, 226
track:959, 745, 589, 268, 226
track:960, 750, 593, 255, 215
track:961, 752, 598, 243, 205
track:962, 750, 599, 243, 205
track:963, 745, 601, 243, 205
track:964, 741, 596, 255, 215
track:965, 740, 596, 255, 215
track:966, 732, 593, 268, 226
track:967, 726, 592, 268, 226
track:968, 724, 592, 268, 226
track:969, 720, 593, 268, 226
track:970, 711, 588, 281, 237
track:971, 706, 588, 281, 237
track:972, 702, 587, 281, 237
track:973, 697, 587, 281, 237
track:974, 694, 587, 281, 237
track:975, 694, 588, 281, 237
track:976, 692, 588, 281, 237
track:977, 690, 588, 281, 237
track:978, 688, 589, 281, 237
track:979, 687, 589, 281, 237
track:980, 687, 590, 281, 237
track:981, 686, 591, 281, 237
track:982, 685, 591, 281, 237
track:983, 687, 591, 281, 237
track:984, 687, 592, 281, 237
track:985, 685, 593, 281, 237
track:986, 687, 592, 281, 237
track:987, 690, 591, 281, 237
track:988, 689, 590, 281, 237
track:989, 695, 597, 268, 226
track:990, 697, 597, 268, 226
track:991, 698, 597, 268, 226
track:992, 699, 597, 268, 226
track:993, 702, 602, 255, 215
track:994, 702, 600, 255, 215
init :995, 706, 589, 507, 238
track:996, 706, 586, 507, 238
track:997, 709, 586, 507, 238
track:998, 708, 581, 507, 238
track:999, 722, 584, 483, 227
track:1000, 726, 585, 483, 227
track:1001, 728, 583, 483, 227
track:1002, 745, 585, 483, 227
track:1003, 746, 579, 483, 227
track:1004, 747, 574, 483, 227
track:1005, 741, 574, 483, 227
track:1006, 735, 566, 507, 238
track:1007, 735, 565, 507, 238
track:1008, 741, 564, 507, 238
track:1009, 746, 568, 483, 227
track:1010, 744, 566, 483, 227
track:1011, 741, 566, 483, 227
track:1012, 740, 564, 483, 227
track:1013, 747, 569, 460, 216
track:1014, 742, 570, 460, 216
track:1015, 741, 569, 460, 216
track:1016, 739, 569, 460, 216
track:1017, 743, 572, 438, 206
track:1018, 748, 575, 417, 196
track:1019, 749, 573, 417, 196
track:1020, 749, 571, 417, 196
track:1021, 736, 567, 438, 206
track:1022, 743, 568, 438, 206
track:1023, 731, 568, 438, 206
track:1024, 729, 567, 438, 206
track:1025, 729, 568, 438, 206
track:1026, 727, 570, 438, 206
track:1027, 740, 573, 417, 196
track:1028, 733, 573, 417, 196
track:1029, 729, 575, 417, 196
track:1030, 731, 575, 417, 196
track:1031, 727, 576, 417, 196
track:1032, 720, 578, 417, 196
track:1033, 722, 579, 417, 196
track:1034, 713, 582, 417, 196
track:1035, 705, 582, 417, 196
track:1036, 717, 580, 417, 196
track:1037, 718, 588, 397, 186
track:1038, 715, 591, 397, 186
track:1039, 714, 593, 397, 186
track:1040, 718, 598, 378, 178
track:1041, 707, 596, 397, 186
track:1042, 706, 599, 397, 186
track:1043, 707, 600, 397, 186
track:1044, 701, 601, 397, 186
track:1045, 711, 607, 378, 178
track:1046, 715, 606, 378, 178
track:1047, 722, 608, 378, 178
track:1048, 722, 608, 378, 178
track:1049, 729, 606, 378, 178
track:1050, 727, 606, 378, 178
track:1051, 741, 608, 360, 169
track:1052, 742, 606, 360, 169
track:1053, 740, 600, 378, 178
track:1054, 756, 597, 378, 178
track:1055, 756, 599, 378, 178
track:1056, 759, 600, 378, 178
track:1057, 761, 600, 378, 178
track:1058, 765, 600, 378, 178
track:1059, 770, 605, 360, 169
track:1060, 769, 605, 360, 169
track:1061, 767, 605, 360, 169
track:1062, 765, 606, 360, 169
track:1063, 763, 608, 360, 169
track:1064, 763, 607, 360, 169
track:1065, 763, 607, 360, 169
init :1066, 784, 617, 438, 132
track:1067, 768, 614, 460, 139
track:1068, 752, 611, 483, 146
track:1069, 740, 610, 483, 146
track:1070, 736, 609, 483, 146
track:1071, 731, 610, 483, 146
track:1072, 719, 608, 483, 146
track:1073, 704, 609, 483, 146
track:1074, 695, 610, 483, 146
track:1075, 694, 610, 483, 146
track:1076, 693, 613, 460, 139
track:1077, 684, 613, 460, 139
track:1078, 663, 610, 483, 146
track:1079, 651, 611, 483, 146
track:1080, 647, 612, 483, 146
track:1081, 652, 616, 460, 139
track:1082, 636, 613, 483, 146
track:1083, 632, 614, 483, 146
track:1084, 627, 614, 483, 146
track:1085, 626, 616, 483, 146
track:1086, 624, 616, 483, 146
track:1087, 633, 618, 460, 139
track:1088, 633, 617, 460, 139
track:1089, 635, 617, 460, 139
track:1090, 634, 616, 460, 139
track:1091, 637, 617, 460, 139
track:1092, 636, 619, 460, 139
track:1093, 643, 621, 460, 139
track:1094, 640, 621, 460, 139
track:1095, 643, 622, 460, 139
track:1096, 643, 622, 460, 139
track:1097, 648, 623, 460, 139
track:1098, 645, 623, 460, 139
track:1099, 645, 622, 460, 139
track:1100, 654, 626, 438, 132
track:1101, 654, 627, 438, 132
track:1102, 647, 622, 460, 139
track:1103, 642, 623, 460, 139
track:1104, 640, 624, 460, 139
track:1105, 642, 624, 460, 139
track:1106, 644, 624, 460, 139
track:1107, 642, 625, 460, 139
track:1108, 638, 626, 460, 139
track:1109, 643, 630, 438, 132
track:1110, 643, 630, 438, 132
track:1111, 643, 628, 438, 132
track:1112, 647, 631, 417, 126
track:1113, 641, 632, 417, 126
track:1114, 630, 628, 438, 132
track:1115, 632, 630, 438, 132
track:1116, 630, 630, 438, 132
track:1117, 642, 635, 417, 126
track:1118, 637, 634, 417, 126
track:1119, 628, 632, 438, 132
track:1120, 640, 634, 417, 126
track:1121, 643, 634, 417, 126
track:1122, 635, 633, 417, 126
track:1123, 623, 630, 438, 132
track:1124, 620, 632, 438, 132
track:1125, 630, 636, 417, 126
track:1126, 633, 636, 417, 126
track:1127, 642, 638, 417, 126
track:1128, 647, 639, 417, 126
track:1129, 731, 638, 397, 120
track:1130, 700, 635, 397, 120
track:1131, 734, 638, 378, 114
track:1132, 752, 639, 360, 109
track:1133, 757, 635, 360, 109
track:1134, 768, 636, 343, 103
track:1135, 773, 632, 343, 103
track:1136, 774, 631, 343, 103
init :1137, 807, 636, 276, 168
track:1138, 806, 635, 276, 168
track:1139, 802, 633, 276, 168
track:1140, 802, 634, 276, 168
track:1141, 801, 637, 276, 168
track:1142, 782, 638, 276, 168
track:1143, 770, 638, 276, 168
track:1144, 750, 637, 276, 168
track:1145, 757, 638, 276, 168
track:1146, 760, 643, 263, 160
track:1147, 750, 642, 263, 160
track:1148, 734, 638, 276, 168
track:1149, 736, 639, 276, 168
track:1150, 727, 635, 290, 176
track:1151, 726, 635, 290, 176
track:1152, 727, 635, 290, 176
track:1153, 725, 642, 276, 168
track:1154, 729, 647, 263, 160
track:1155, 726, 648, 263, 160
track:1156, 730, 652, 263, 160
track:1157, 732, 650, 263, 160
track:1158, 728, 649, 263, 160
track:1159, 733, 645, 276, 168
track:1160, 734, 644, 276, 168
track:1161, 735, 646, 276, 168
track:1162, 742, 651, 263, 160
track:1163, 732, 644, 276, 168
track:1164, 738, 645, 276, 168
track:1165, 739, 644, 276, 168
track:1166, 740, 646, 276, 168
track:1167, 746, 652, 263, 160
track:1168, 735, 653, 263, 160
track:1169, 747, 655, 250, 152
track:1170, 751, 655, 250, 152
track:1171, 745, 655, 250, 152
track:1172, 739, 658, 238, 145
track:1173, 716, 658, 238, 145
track:1174, 711, 660, 238, 145
track:1175, 717, 664, 227, 138
track:1176, 722, 668, 216, 132
track:1177, 730, 667, 216, 132
track:1178, 734, 666, 206, 125
track:1179, 735, 670, 196, 119
track:1180, 733, 669, 196, 119
track:1181, 739, 671, 187, 114
track:1182, 744, 669, 187, 114
track:1183, 744, 668, 187, 114
track:1184, 749, 664, 187, 114
track:1185, 744, 663, 187, 114
track:1186, 749, 661, 187, 114
track:1187, 752, 660, 187, 114
track:1188, 754, 660, 187, 114
track:1189, 756, 658, 187, 114
track:1190, 757, 658, 187, 114
track:1191, 764, 658, 178, 108
track:1192, 763, 653, 178, 108
track:1193, 766, 652, 178, 108
track:1194, 768, 651, 169, 103
track:1195, 770, 653, 161, 98
track:1196, 773, 654, 154, 94
track:1197, 771, 652, 154, 94
track:1198, 775, 653, 146, 89
track:1199, 776, 652, 146, 89
track:1200, 775, 651, 146, 89
track:1201, 777, 652, 146, 89
track:1202, 779, 650, 146, 89
track:1203, 785, 653, 139, 85
track:1204, 791, 653, 139, 85
track:1205, 793, 653, 139, 85
track:1206, 796, 653, 139, 85
track:1207, 805, 655, 133, 81
init :1208, 840, 633, 341, 101
track:1209, 840, 633, 341, 101
track:1210, 836, 631, 358, 106
track:1211, 843, 631, 358, 106
track:1212, 847, 632, 358, 106
track:1213, 858, 636, 341, 101
track:1214, 866, 640, 325, 96
track:1215, 864, 642, 325, 96
track:1216, 864, 642, 325, 96
track:1217, 871, 644, 309, 92
track:1218, 862, 643, 325, 96
track:1219, 870, 646, 309, 92
track:1220, 869, 647, 309, 92
track:1221, 868, 648, 309, 92
track:1222, 867, 648, 309, 92
track:1223, 865, 650, 309, 92
track:1224, 865, 652, 309, 92
track:1225, 870, 655, 295, 87
track:1226, 870, 656, 295, 87
track:1227, 877, 659, 281, 83
track:1228, 885, 662, 267, 79
track:1229, 890, 663, 254, 75
track:1230, 895, 664, 242, 72
track:1231, 894, 664, 242, 72
track:1232, 899, 667, 231, 68
track:1233, 902, 670, 220, 65
track:1234, 901, 670, 220, 65
track:1235, 900, 670, 220, 65
track:1236, 903, 672, 209, 62
track:1237, 905, 673, 199, 59
track:1238, 909, 675, 190, 56
track:1239, 909, 675, 190, 56
track:1240, 909, 674, 190, 56
track:1241, 914, 676, 181, 54
track:1242, 915, 675, 181, 54
track:1243, 923, 677, 172, 51
track:1244, 923, 678, 164, 49
track:1245, 924, 678, 164, 49
track:1246, 914, 676, 172, 51
track:1247, 916, 678, 164, 49
track:1248, 906, 680, 156, 46
track:1249, 904, 680, 156, 46
track:1250, 915, 682, 149, 44
track:1251, 912, 681, 149, 44
track:1252, 902, 681, 149, 44
track:1253, 889, 680, 156, 46
track:1254, 888, 680, 156, 46
track:1255, 892, 681, 156, 46
track:1256, 949, 680, 149, 44
track:1257, 954, 676, 149, 44
track:1258, 949, 674, 149, 44
track:1259, 951, 672, 149, 44
track:1260, 951, 671, 142, 42
track:1261, 946, 671, 142, 42
track:1262, 942, 671, 142, 42
track:1263, 939, 671, 142, 42
track:1264, 936, 672, 142, 42
track:1265, 935, 670, 142, 42
track:1266, 940, 669, 142, 42
track:1267, 940, 667, 142, 42
track:1268, 934, 666, 142, 42
track:1269, 933, 661, 149, 44
track:1270, 936, 660, 142, 42
track:1271, 926, 659, 142, 42
track:1272, 928, 661, 135, 40
track:1273, 920, 659, 142, 42
track:1274, 921, 659, 142, 42
track:1275, 911, 660, 142, 42
track:1276, 904, 660, 149, 44
track:1277, 906, 662, 142, 42
track:1278, 898, 660, 149, 44
init :1279, 909, 656, 129, 80
track:1280, 901, 657, 129, 80
track:1281, 897, 658, 129, 80
track:1282, 887, 658, 129, 80
track:1283, 885, 659, 129, 80
track:1284, 885, 659, 129, 80
track:1285, 876, 659, 129, 80
track:1286, 872, 659, 129, 80
track:1287, 871, 658, 129, 80
track:1288, 869, 658, 129, 80
track:1289, 870, 659, 123, 76
track:1290, 869, 659, 123, 76
track:1291, 868, 659, 123, 76
track:1292, 866, 658, 123, 76
track:1293, 864, 658, 123, 76
track:1294, 864, 659, 123, 76
track:1295, 862, 659, 123, 76
track:1296, 861, 658, 123, 76
track:1297, 863, 659, 117, 73
track:1298, 862, 659, 117, 73
track:1299, 861, 659, 117, 73
track:1300, 861, 660, 117, 73
track:1301, 859, 661, 117, 73
track:1302, 861, 662, 111, 69
track:1303, 862, 662, 111, 69
track:1304, 861, 662, 111, 69
track:1305, 863, 664, 106, 66
track:1306, 864, 664, 106, 66
track:1307, 866, 666, 101, 63
track:1308, 865, 667, 101, 63
track:1309, 864, 668, 101, 63
track:1310, 866, 669, 101, 63
track:1311, 866, 668, 101, 63
track:1312, 866, 668, 101, 63
track:1313, 865, 669, 101, 63
track:1314, 864, 669, 101, 63
track:1315, 864, 670, 101, 63
track:1316, 863, 670, 101, 63
track:1317, 863, 671, 96, 60
track:1318, 861, 672, 96, 60
track:1319, 863, 673, 92, 57
track:1320, 860, 673, 92, 57
track:1321, 860, 674, 92, 57
track:1322, 861, 675, 92, 57
track:1323, 862, 676, 92, 57
track:1324, 862, 676, 92, 57
track:1325, 864, 677, 92, 57
track:1326, 866, 677, 92, 57
track:1327, 867, 679, 92, 57
track:1328, 870, 681, 87, 54
track:1329, 870, 681, 87, 54
track:1330, 868, 682, 87, 54
track:1331, 867, 682, 87, 54
track:1332, 864, 681, 87, 54
track:1333, 858, 682, 87, 54
track:1334, 861, 683, 83, 52
track:1335, 856, 684, 83, 52
track:1336, 850, 683, 83, 52
track:1337, 848, 683, 83, 52
track:1338, 846, 683, 83, 52
track:1339, 846, 683, 83, 52
track:1340, 846, 683, 83, 52
track:1341, 844, 684, 83, 52
track:1342, 845, 684, 79, 49
track:1343, 845, 685, 79, 49
track:1344, 845, 684, 79, 49
track:1345, 845, 685, 79, 49
track:1346, 845, 686, 79, 49
track:1347, 845, 686, 79, 49
track:1348, 844, 686, 79, 49
track:1349, 844, 687, 79, 49
init :1350, 844, 680, 175, 51
track:1351, 843, 680, 175, 51
track:1352, 841, 681, 175, 51
track:1353, 839, 681, 175, 51
track:1354, 835, 680, 184, 54
track:1355, 840, 682, 175, 51
track:1356, 840, 682, 175, 51
track:1357, 836, 681, 184, 54
track:1358, 836, 681, 184, 54
track:1359, 838, 682, 184, 54
track:1360, 837, 682, 184, 54
track:1361, 841, 683, 175, 51
track:1362, 847, 685, 167, 49
track:1363, 848, 685, 167, 49
track:1364, 848, 686, 167, 49
track:1365, 841, 684, 175, 51
track:1366, 839, 684, 175, 51
track:1367, 840, 685, 175, 51
track:1368, 840, 685, 175, 51
track:1369, 839, 686, 175, 51
track:1370, 840, 687, 175, 51
track:1371, 836, 686, 184, 54
track:1372, 833, 687, 184, 54
track:1373, 832, 688, 184, 54
track:1374, 831, 689, 184, 54
track:1375, 830, 689, 175, 51
track:1376, 833, 691, 167, 49
track:1377, 831, 690, 167, 49
track:1378, 823, 690, 175, 51
track:1379, 819, 689, 184, 54
track:1380, 816, 691, 184, 54
track:1381, 812, 691, 184, 54
track:1382, 809, 692, 184, 54
track:1383, 801, 693, 184, 54
track:1384, 802, 694, 184, 54
track:1385, 801, 695, 184, 54
track:1386, 798, 695, 193, 56
track:1387, 801, 696, 193, 56
track:1388, 799, 696, 203, 59
track:1389, 798, 696, 203, 59
track:1390, 795, 696, 213, 62
track:1391, 803, 698, 203, 59
track:1392, 808, 700, 203, 59
track:1393, 813, 701, 203, 59
track:1394, 815, 702, 203, 59
track:1395, 817, 702, 203, 59
track:1396, 818, 704, 203, 59
track:1397, 818, 705, 203, 59
track:1398, 821, 706, 193, 56
track:1399, 821, 707, 193, 56
track:1400, 812, 706, 203, 59
track:1401, 807, 707, 203, 59
track:1402, 801, 707, 203, 59
track:1403, 791, 707, 213, 62
track:1404, 791, 707, 213, 62
track:1405, 788, 707, 213, 62
track:1406, 780, 706, 223, 65
track:1407, 778, 706, 223, 65
track:1408, 766, 705, 235, 68
track:1409, 767, 705, 235, 68
track:1410, 762, 706, 235, 68
track:1411, 764, 706, 235, 68
track:1412, 758, 706, 246, 72
track:1413, 757, 707, 246, 72
track:1414, 756, 707, 246, 72
track:1415, 758, 708, 246, 72
track:1416, 757, 709, 246, 72
track:1417, 767, 711, 235, 68
track:1418, 767, 711, 235, 68
track:1419, 766, 711, 235, 68
track:1420, 763, 712, 235, 68
init :1421, 789, 719, 249, 80
track:1422, 787, 719, 249, 80
track:1423, 780, 717, 261, 84
track:1424, 780, 717, 261, 84
track:1425, 789, 719, 249, 80
track:1426, 790, 720, 249, 80
track:1427, 788, 721, 249, 80
track:1428, 789, 721, 249, 80
track:1429, 783, 719, 261, 84
track:1430, 783, 720, 261, 84
track:1431, 786, 724, 249, 80
track:1432, 783, 725, 249, 80
track:1433, 784, 726, 249, 80
track:1434, 777, 724, 261, 84
track:1435, 779, 725, 261, 84
track:1436, 773, 725, 261, 84
track:1437, 771, 726, 261, 84
track:1438, 778, 729, 249, 80
track:1439, 779, 730, 249, 80
track:1440, 784, 732, 237, 76
track:1441, 775, 731, 249, 80
track:1442, 769, 732, 249, 80
track:1443, 762, 730, 261, 84
track:1444, 759, 731, 261, 84
track:1445, 748, 730, 275, 88
track:1446, 746, 730, 275, 88
track:1447, 742, 730, 275, 88
track:1448, 733, 727, 288, 93
track:1449, 725, 726, 303, 97
track:1450, 733, 728, 288, 93
track:1451, 731, 726, 288, 93
track:1452, 743, 728, 275, 88
track:1453, 762, 727, 261, 84
track:1454, 751, 724, 275, 88
track:1455, 763, 725, 275, 88
track:1456, 769, 723, 275, 88
track:1457, 770, 722, 288, 93
track:1458, 780, 720, 288, 93
track:1459, 788, 721, 275, 88
track:1460, 794, 718, 275, 88
track:1461, 798, 715, 275, 88
track:1462, 807, 713, 275, 88
track:1463, 813, 714, 275, 88
track:1464, 810, 711, 275, 88
track:1465, 821, 712, 275, 88
track:1466, 821, 709, 288, 93
track:1467, 823, 705, 288, 93
track:1468, 827, 707, 288, 93
track:1469, 834, 706, 275, 88
track:1470, 837, 709, 261, 84
track:1471, 842, 709, 249, 80
track:1472, 843, 708, 237, 76
track:1473, 843, 705, 237, 76
track:1474, 838, 701, 237, 76
track:1475, 833, 695, 237, 76
track:1476, 832, 695, 237, 76
track:1477, 841, 700, 237, 76
track:1478, 842, 700, 237, 76
track:1479, 845, 701, 226, 73
track:1480, 845, 701, 226, 73
track:1481, 846, 700, 226, 73
track:1482, 851, 700, 215, 69
track:1483, 852, 699, 215, 69
track:1484, 856, 699, 215, 69
track:1485, 867, 701, 205, 66
track:1486, 865, 700, 215, 69
track:1487, 867, 699, 226, 73
track:1488, 871, 698, 226, 73
track:1489, 874, 698, 226, 73
track:1490, 871, 697, 237, 76
track:1491, 873, 696, 237, 76
init :1492, 867, 651, 267, 158
track:1493, 867, 651, 267, 158
track:1494, 867, 650, 267, 158
track:1495, 875, 649, 254, 150
track:1496, 870, 646, 254, 150
track:1497, 859, 640, 267, 158
track:1498, 859, 640, 267, 158
track:1499, 857, 640, 254, 150
track:1500, 856, 637, 254, 150
track:1501, 848, 634, 254, 150
track:1502, 845, 632, 254, 150
track:1503, 845, 626, 254, 150
track:1504, 842, 625, 254, 150
track:1505, 838, 622, 254, 150
track:1506, 837, 618, 254, 150
track:1507, 831, 613, 267, 158
track:1508, 828, 612, 267, 158
track:1509, 829, 611, 267, 158
track:1510, 826, 602, 280, 166
track:1511, 835, 607, 267, 158
track:1512, 831, 607, 267, 158
track:1513, 821, 604, 280, 166
track:1514, 810, 610, 280, 166
track:1515, 794, 608, 267, 158
track:1516, 775, 610, 267, 158
track:1517, 749, 608, 267, 158
track:1518, 759, 611, 254, 150
track:1519, 732, 610, 254, 150
track:1520, 710, 610, 254, 150
track:1521, 693, 612, 242, 143
track:1522, 683, 617, 231, 136
track:1523, 687, 618, 231, 136
track:1524, 667, 618, 231, 136
track:1525, 674, 619, 231, 136
track:1526, 673, 616, 231, 136
track:1527, 681, 616, 220, 130
track:1528, 685, 617, 220, 130
track:1529, 706, 614, 231, 136
track:1530, 735, 618, 220, 130
track:1531, 764, 620, 209, 124
track:1532, 792, 619, 209, 124
track:1533, 797, 622, 199, 118
track:1534, 820, 620, 199, 118
track:1535, 845, 625, 190, 112
track:1536, 868, 626, 190, 112
track:1537, 887, 626, 190, 112
track:1538, 889, 629, 181, 107
track:1539, 902, 630, 181, 107
track:1540, 915, 632, 172, 102
track:1541, 915, 634, 172, 102
track:1542, 922, 637, 164, 97
track:1543, 925, 638, 164, 97
track:1544, 925, 640, 164, 97
track:1545, 922, 640, 164, 97
track:1546, 923, 643, 156, 92
track:1547, 913, 647, 149, 88
track:1548, 911, 648, 149, 88
track:1549, 903, 650, 149, 88
track:1550, 897, 654, 142, 84
track:1551, 897, 657, 135, 80
track:1552, 888, 658, 135, 80
track:1553, 889, 658, 135, 80
track:1554, 887, 659, 135, 80
track:1555, 886, 660, 135, 80
track:1556, 886, 659, 135, 80
track:1557, 889, 659, 135, 80
track:1558, 890, 659, 135, 80
track:1559, 895, 660, 135, 80
track:1560, 900, 660, 135, 80
track:1561, 904, 661, 135, 80
track:1562, 908, 663, 128, 76
init :1563, 904, 669, 189, 72
track:1564, 910, 671, 180, 69
track:1565, 910, 671, 180, 69
track:1566, 909, 672, 180, 69
track:1567, 909, 671, 180, 69
track:1568, 908, 671, 180, 69
track:1569, 911, 674, 171, 65
track:1570, 909, 674, 171, 65
track:1571, 906, 674, 171, 65
track:1572, 903, 675, 171, 65
track:1573, 904, 674, 171, 65
track:1574, 906, 676, 163, 62
track:1575, 900, 675, 163, 62
track:1576, 903, 678, 155, 59
track:1577, 899, 678, 155, 59
track:1578, 900, 679, 155, 59
track:1579, 898, 679, 155, 59
track:1580, 896, 679, 155, 59
track:1581, 892, 679, 155, 59
track:1582, 890, 678, 155, 59
track:1583, 890, 679, 155, 59
track:1584, 887, 679, 155, 59
track:1585, 887, 679, 155, 59
track:1586, 886, 680, 155, 59
track:1587, 889, 681, 148, 56
track:1588, 888, 680, 148, 56
track:1589, 892, 681, 141, 54
track:1590, 896, 682, 134, 51
track:1591, 894, 683, 134, 51
track:1592, 897, 683, 134, 51
track:1593, 900, 684, 128, 49
track:1594, 897, 684, 128, 49
track:1595, 895, 683, 134, 51
track:1596, 893, 684, 134, 51
track:1599, 932, 683, 134, 51
track:1600, 930, 679, 134, 51
track:1601, 926, 675, 141, 54
track:1602, 925, 674, 141, 54
track:1603, 924, 672, 141, 54
track:1604, 918, 670, 148, 56
track:1605, 913, 669, 155, 59
track:1606, 916, 673, 148, 56
track:1607, 916, 675, 141, 54
track:1608, 913, 675, 141, 54
elapseTime: 15.971
