init :7, 821, 630, 235, 197
track:8, 821, 630, 235, 197
init :9, 821, 633, 235, 194
track:10, 821, 633, 235, 194
init :11, 816, 633, 240, 197
track:12, 817, 633, 240, 197
init :13, 821, 630, 235, 197
track:14, 821, 630, 235, 197
init :15, 821, 633, 235, 194
track:16, 821, 632, 235, 194
init :17, 821, 633, 240, 194
track:18, 821, 633, 240, 194
init :19, 821, 633, 240, 194
track:20, 821, 634, 240, 194
init :21, 826, 633, 235, 194
track:22, 826, 633, 235, 194
init :23, 826, 633, 230, 197
track:24, 826, 633, 230, 197
init :25, 821, 633, 240, 197
track:26, 821, 634, 240, 197
init :27, 821, 633, 240, 194
track:28, 821, 633, 240, 194
init :29, 821, 633, 244, 197
track:30, 820, 633, 244, 197
init :31, 826, 633, 240, 194
track:32, 826, 633, 240, 194
init :33, 826, 630, 240, 197
track:34, 826, 630, 240, 197
init :35, 821, 633, 244, 194
track:36, 821, 633, 244, 194
init :37, 826, 633, 240, 194
track:38, 827, 633, 240, 194
init :39, 826, 633, 240, 194
track:40, 826, 633, 240, 194
init :41, 826, 633, 240, 197
track:42, 826, 633, 240, 197
init :43, 826, 630, 240, 197
track:44, 826, 630, 240, 197
init :45, 826, 630, 240, 197
track:46, 826, 630, 240, 197
init :48, 826, 630, 235, 197
init :49, 826, 630, 235, 197
track:50, 827, 630, 235, 197
init :51, 826, 633, 230, 197
track:52, 826, 633, 230, 197
init :53, 830, 633, 230, 197
track:54, 830, 633, 230, 197
init :55, 830, 630, 235, 197
track:56, 830, 630, 235, 197
init :57, 830, 630, 230, 199
track:58, 829, 630, 230, 199
init :59, 830, 628, 235, 199
track:60, 829, 628, 235, 199
init :61, 826, 630, 235, 199
track:62, 826, 630, 235, 199
init :63, 826, 628, 240, 199
track:64, 826, 628, 240, 199
init :65, 826, 630, 240, 199
track:66, 826, 631, 240, 199
init :67, 826, 630, 240, 197
track:68, 826, 630, 240, 197
init :69, 826, 630, 235, 197
track:70, 825, 630, 235, 197
init :71, 826, 630, 235, 197
track:72, 826, 630, 235, 197
init :73, 826, 630, 235, 197
track:74, 826, 630, 235, 197
init :75, 826, 630, 235, 197
track:76, 826, 630, 235, 197
init :77, 826, 630, 235, 197
track:78, 826, 630, 235, 197
init :79, 826, 630, 235, 197
track:80, 826, 630, 235, 197
init :81, 826, 630, 235, 197
track:82, 826, 630, 235, 197
init :83, 826, 630, 240, 199
track:84, 826, 630, 240, 199
init :85, 826, 630, 240, 197
track:86, 826, 630, 240, 197
init :87, 821, 633, 240, 197
track:88, 821, 633, 240, 197
init :89, 826, 633, 240, 197
track:90, 826, 633, 240, 197
init :91, 821, 633, 240, 197
track:92, 821, 633, 240, 197
init :93, 826, 633, 235, 197
track:94, 826, 633, 235, 197
init :95, 826, 630, 235, 197
track:96, 826, 629, 235, 197
init :97, 826, 628, 240, 197
track:98, 827, 627, 240, 197
init :99, 826, 628, 240, 197
track:100, 826, 628, 240, 197
init :101, 830, 628, 235, 197
track:102, 831, 628, 235, 197
init :103, 835, 628, 230, 199
track:104, 835, 628, 230, 199
init :105, 835, 625, 230, 199
track:106, 836, 625, 230, 199
init :107, 835, 623, 235, 197
track:108, 835, 622, 235, 197
init :109, 835, 623, 235, 194
track:110, 835, 622, 235, 194
init :111, 840, 625, 221, 181
track:112, 840, 624, 221, 181
init :113, 844, 623, 212, 173
track:114, 844, 623, 212, 173
init :115, 844, 623, 207, 176
track:116, 845, 622, 207, 176
init :117, 849, 620, 207, 158
track:120, 850, 619, 207, 158
init :121, 853, 615, 198, 160
track:122, 854, 615, 198, 160
init :123, 858, 610, 180, 173
track:124, 858, 610, 180, 173
init :125, 858, 610, 184, 171
track:126, 857, 608, 184, 171
init :127, 858, 607, 184, 168
track:128, 858, 607, 184, 168
init :129, 858, 607, 189, 166
track:130, 858, 609, 189, 166
init :131, 853, 612, 189, 163
track:132, 856, 616, 189, 163
init :133, 863, 617, 180, 163
track:134, 863, 617, 180, 163
init :135, 858, 620, 180, 160
track:136, 858, 621, 180, 160
init :137, 863, 620, 175, 158
track:138, 860, 616, 184, 166
init :139, 863, 623, 170, 155
track:140, 863, 622, 170, 155
init :141, 863, 620, 175, 158
track:142, 866, 624, 167, 150
init :143, 858, 623, 180, 153
track:144, 858, 623, 180, 153
init :145, 858, 625, 180, 150
track:146, 858, 625, 180, 150
init :147, 858, 623, 180, 155
track:148, 859, 626, 180, 155
init :149, 858, 630, 175, 160
track:150, 858, 633, 175, 160
init :151, 858, 633, 175, 160
track:152, 858, 634, 175, 160
init :153, 863, 641, 170, 163
track:154, 863, 641, 170, 163
init :155, 863, 649, 175, 158
track:156, 863, 649, 175, 158
init :157, 863, 649, 170, 158
track:158, 863, 649, 170, 158
init :159, 867, 651, 166, 160
track:160, 866, 651, 166, 160
init :161, 863, 651, 170, 155
track:162, 861, 650, 170, 155
init :163, 863, 656, 170, 150
track:164, 863, 656, 170, 150
init :165, 863, 659, 166, 147
track:166, 863, 660, 166, 147
init :167, 863, 659, 166, 150
track:168, 863, 659, 166, 150
init :169, 863, 659, 166, 150
track:170, 863, 659, 166, 150
init :171, 867, 659, 161, 147
track:172, 867, 658, 161, 147
init :173, 867, 659, 166, 145
track:174, 867, 659, 166, 145
init :175, 867, 654, 161, 147
track:176, 866, 654, 161, 147
init :177, 863, 651, 161, 155
track:178, 864, 651, 161, 155
init :179, 867, 654, 166, 153
track:180, 868, 655, 166, 153
init :181, 867, 656, 161, 150
track:182, 867, 658, 161, 150
init :183, 872, 656, 161, 158
track:184, 872, 656, 161, 158
init :185, 872, 654, 161, 163
track:186, 870, 652, 161, 163
init :187, 867, 651, 166, 163
track:188, 863, 649, 166, 163
init :189, 863, 649, 170, 158
track:190, 860, 649, 170, 158
init :191, 858, 646, 161, 145
track:192, 858, 643, 161, 145
init :193, 858, 643, 161, 150
track:194, 858, 643, 161, 150
init :195, 858, 638, 161, 153
track:196, 858, 637, 161, 153
init :197, 858, 636, 166, 153
track:198, 855, 636, 166, 153
init :199, 858, 636, 161, 150
track:200, 857, 638, 161, 150
init :201, 853, 638, 156, 145
track:202, 853, 636, 156, 145
init :203, 853, 636, 156, 145
track:204, 853, 636, 156, 145
init :205, 858, 633, 156, 135
track:206, 859, 633, 156, 135
init :207, 853, 633, 152, 132
track:208, 853, 633, 152, 132
init :209, 853, 630, 152, 137
track:210, 852, 628, 152, 137
init :211, 849, 630, 152, 129
track:212, 848, 629, 152, 129
init :213, 849, 630, 152, 129
track:214, 850, 629, 152, 129
init :215, 849, 628, 147, 127
track:216, 849, 628, 147, 127
init :217, 849, 630, 147, 124
track:218, 849, 630, 147, 124
init :219, 849, 630, 147, 127
track:220, 849, 634, 147, 127
init :221, 849, 638, 143, 122
track:222, 849, 640, 143, 122
init :223, 849, 638, 143, 122
track:224, 849, 640, 143, 122
init :225, 853, 646, 138, 122
track:226, 853, 647, 138, 122
init :227, 849, 643, 143, 114
track:228, 849, 643, 143, 114
init :229, 853, 646, 138, 111
track:230, 853, 645, 138, 111
init :231, 853, 649, 138, 119
track:232, 852, 647, 138, 119
init :233, 858, 649, 124, 103
track:234, 858, 649, 124, 103
init :235, 853, 646, 129, 106
track:236, 850, 642, 135, 111
init :237, 863, 649, 120, 103
track:238, 863, 649, 120, 103
init :239, 863, 649, 124, 103
track:240, 864, 651, 124, 103
init :241, 863, 651, 120, 101
track:242, 864, 651, 120, 101
init :243, 863, 651, 120, 98
track:244, 863, 651, 120, 98
init :245, 863, 654, 120, 90
track:246, 863, 654, 120, 90
init :247, 863, 656, 120, 88
track:248, 863, 656, 120, 88
init :249, 863, 656, 120, 88
track:250, 863, 658, 120, 88
init :251, 867, 659, 120, 98
track:252, 868, 661, 120, 98
init :253, 867, 659, 120, 101
track:254, 868, 662, 120, 101
init :255, 867, 667, 115, 101
track:256, 867, 668, 115, 101
init :257, 867, 672, 124, 96
track:258, 867, 672, 124, 96
init :259, 872, 675, 120, 93
track:260, 872, 677, 120, 93
init :261, 872, 677, 124, 90
track:262, 872, 678, 124, 90
init :263, 867, 677, 120, 93
track:264, 867, 679, 120, 93
init :265, 867, 680, 124, 96
track:266, 867, 681, 124, 96
init :267, 867, 682, 124, 96
track:268, 867, 682, 124, 96
init :269, 867, 682, 129, 96
track:270, 868, 684, 129, 96
init :271, 867, 687, 124, 101
track:272, 868, 690, 124, 101
init :273, 867, 690, 129, 103
track:274, 868, 693, 129, 103
init :275, 867, 690, 138, 103
track:276, 868, 692, 138, 103
init :277, 867, 698, 133, 109
track:278, 867, 698, 133, 109
init :279, 867, 693, 138, 116
track:280, 868, 693, 138, 116
init :281, 867, 687, 138, 122
track:282, 869, 690, 138, 122
init :283, 872, 690, 143, 127
track:284, 874, 692, 143, 127
init :285, 872, 695, 152, 135
track:286, 873, 694, 152, 135
init :287, 867, 682, 161, 140
track:288, 867, 682, 161, 140
init :289, 872, 677, 161, 150
track:290, 872, 673, 161, 150
init :291, 867, 667, 170, 145
track:292, 868, 664, 170, 145
init :293, 867, 654, 170, 163
track:294, 867, 653, 170, 163
init :295, 867, 643, 184, 179
track:296, 868, 644, 184, 179
init :297, 858, 641, 198, 189
track:298, 858, 641, 198, 189
init :299, 840, 638, 230, 197
track:300, 839, 640, 230, 197
init :301, 835, 638, 244, 205
track:302, 834, 641, 244, 205
init :303, 826, 638, 253, 199
track:304, 817, 637, 266, 209
init :305, 816, 641, 267, 225
track:306, 814, 640, 267, 225
init :307, 816, 636, 263, 228
track:308, 816, 636, 263, 228
init :309, 821, 628, 258, 223
track:310, 819, 622, 258, 223
init :311, 816, 612, 258, 220
track:312, 814, 603, 258, 220
init :313, 812, 607, 263, 218
track:314, 813, 601, 263, 218
init :315, 826, 599, 244, 205
track:316, 826, 592, 244, 205
init :317, 835, 584, 221, 192
track:318, 835, 584, 221, 192
init :319, 835, 584, 226, 192
track:320, 840, 577, 226, 192
init :321, 858, 568, 207, 184
track:322, 858, 568, 207, 184
init :323, 858, 571, 203, 176
track:324, 862, 579, 193, 168
init :325, 853, 573, 198, 166
track:326, 853, 568, 198, 166
init :327, 853, 568, 198, 181
track:328, 853, 568, 198, 181
init :329, 853, 581, 193, 171
track:330, 852, 586, 193, 171
init :331, 849, 589, 198, 176
track:332, 852, 596, 189, 168
init :333, 849, 589, 193, 181
track:334, 848, 591, 193, 181
init :335, 849, 594, 189, 173
track:336, 849, 595, 189, 173
init :337, 853, 599, 184, 168
track:338, 853, 599, 184, 168
init :339, 853, 599, 180, 163
track:340, 853, 598, 180, 163
init :341, 853, 599, 180, 158
track:342, 853, 598, 180, 158
init :343, 858, 602, 175, 153
track:344, 858, 601, 175, 153
init :345, 863, 599, 170, 145
track:346, 863, 601, 170, 145
init :347, 867, 607, 161, 140
track:348, 867, 607, 161, 140
init :349, 872, 612, 152, 122
track:350, 873, 616, 152, 122
init :351, 872, 625, 147, 114
track:352, 873, 627, 147, 114
init :353, 872, 628, 147, 119
track:354, 871, 630, 147, 119
init :355, 872, 630, 143, 114
track:356, 872, 630, 143, 114
init :357, 872, 633, 143, 114
track:358, 872, 633, 143, 114
init :359, 872, 636, 138, 106
track:360, 872, 636, 138, 106
init :361, 872, 636, 138, 98
track:362, 871, 636, 138, 98
init :363, 872, 638, 138, 109
track:364, 872, 639, 138, 109
init :365, 872, 643, 133, 103
track:366, 872, 643, 133, 103
init :367, 876, 646, 124, 98
track:368, 876, 646, 124, 98
init :369, 876, 646, 124, 96
track:370, 875, 651, 124, 96
init :371, 872, 656, 124, 90
track:372, 872, 659, 124, 90
init :373, 876, 659, 120, 101
track:374, 877, 660, 120, 101
init :375, 867, 662, 124, 101
track:376, 866, 662, 124, 101
init :377, 867, 664, 115, 101
track:378, 867, 664, 115, 101
init :379, 867, 662, 115, 98
track:380, 867, 661, 115, 98
init :381, 867, 662, 115, 96
track:382, 865, 662, 115, 96
init :383, 867, 664, 115, 98
track:384, 866, 663, 115, 98
init :385, 863, 662, 110, 93
track:386, 863, 662, 110, 93
init :387, 863, 664, 115, 90
track:388, 863, 664, 115, 90
init :389, 863, 664, 115, 88
track:390, 863, 664, 115, 88
init :391, 867, 667, 110, 88
track:392, 867, 669, 110, 88
init :393, 863, 669, 115, 85
track:394, 863, 670, 115, 85
init :395, 872, 677, 101, 80
track:396, 873, 680, 101, 80
init :397, 867, 687, 110, 77
track:398, 867, 687, 110, 77
init :399, 876, 693, 101, 72
track:400, 877, 697, 101, 72
init :401, 876, 703, 101, 85
track:402, 877, 707, 101, 85
init :403, 876, 706, 101, 85
track:404, 876, 708, 101, 85
init :405, 876, 706, 106, 85
track:406, 876, 706, 106, 85
init :407, 881, 708, 101, 83
track:408, 881, 708, 101, 83
init :409, 876, 700, 106, 83
track:410, 876, 698, 106, 83
init :411, 881, 700, 101, 77
track:412, 881, 699, 101, 77
init :413, 881, 700, 106, 80
track:414, 881, 699, 106, 80
init :415, 886, 700, 101, 80
track:416, 886, 701, 101, 80
init :417, 886, 698, 101, 80
track:418, 886, 698, 101, 80
init :419, 881, 698, 101, 83
track:420, 877, 697, 106, 87
init :421, 876, 700, 110, 83
track:422, 876, 699, 110, 83
init :423, 876, 698, 110, 80
track:424, 876, 695, 110, 80
init :425, 876, 698, 106, 72
track:426, 875, 697, 106, 72
init :427, 876, 693, 106, 77
track:428, 876, 693, 106, 77
init :429, 876, 693, 106, 77
track:430, 875, 694, 106, 77
init :431, 872, 690, 110, 83
track:432, 871, 689, 110, 83
init :433, 872, 690, 110, 83
track:434, 871, 690, 110, 83
init :435, 867, 690, 110, 83
track:436, 866, 691, 110, 83
init :437, 867, 690, 110, 90
track:438, 867, 690, 110, 90
init :439, 867, 695, 115, 90
track:440, 867, 695, 115, 90
init :441, 867, 693, 115, 88
track:442, 868, 694, 115, 88
init :443, 867, 693, 115, 90
track:444, 867, 693, 115, 90
init :445, 872, 693, 110, 93
track:446, 872, 694, 110, 93
init :447, 867, 695, 115, 85
track:448, 867, 695, 115, 85
init :449, 867, 693, 115, 85
track:450, 867, 693, 115, 85
init :451, 872, 693, 115, 93
track:452, 873, 695, 115, 93
init :453, 867, 693, 120, 93
track:454, 868, 694, 120, 93
init :455, 876, 693, 120, 98
track:456, 876, 693, 120, 98
init :457, 872, 693, 124, 93
track:458, 872, 693, 124, 93
init :459, 867, 690, 124, 93
track:460, 867, 689, 124, 93
init :461, 872, 687, 124, 101
track:462, 872, 687, 124, 101
init :463, 867, 687, 124, 101
track:464, 866, 685, 124, 101
init :465, 867, 685, 129, 96
track:466, 867, 686, 129, 96
init :467, 867, 685, 129, 109
track:468, 867, 685, 129, 109
init :469, 867, 685, 129, 103
track:470, 868, 687, 129, 103
init :471, 863, 685, 138, 106
track:472, 863, 685, 138, 106
init :473, 867, 685, 133, 111
track:474, 867, 687, 133, 111
init :475, 867, 685, 138, 114
track:476, 869, 684, 138, 114
init :477, 872, 682, 138, 116
track:478, 873, 681, 138, 116
init :479, 872, 677, 143, 127
track:480, 873, 670, 143, 127
init :481, 872, 669, 147, 124
track:482, 872, 669, 147, 124
init :483, 876, 662, 156, 127
track:484, 877, 661, 156, 127
init :485, 876, 656, 156, 140
track:486, 875, 660, 156, 140
init :487, 872, 656, 161, 147
track:488, 872, 660, 161, 147
init :490, 867, 662, 170, 155
init :491, 863, 664, 170, 145
track:492, 863, 664, 170, 145
init :493, 858, 664, 180, 142
track:494, 857, 664, 180, 142
init :495, 853, 654, 175, 150
track:496, 852, 651, 175, 150
init :497, 858, 649, 166, 145
track:498, 858, 647, 166, 145
init :499, 853, 643, 166, 135
track:500, 853, 640, 166, 135
init :501, 853, 636, 170, 145
track:502, 853, 636, 170, 145
init :503, 853, 633, 161, 135
track:504, 853, 633, 161, 135
init :505, 853, 630, 156, 140
track:506, 852, 630, 156, 140
init :507, 853, 630, 156, 137
track:508, 853, 629, 156, 137
init :509, 853, 625, 156, 145
track:510, 853, 624, 156, 145
init :511, 853, 623, 156, 137
track:512, 853, 623, 156, 137
init :513, 853, 623, 156, 142
track:514, 853, 624, 156, 142
init :515, 853, 628, 152, 124
track:516, 853, 627, 152, 124
init :517, 853, 628, 152, 127
track:518, 853, 626, 152, 127
init :519, 853, 628, 156, 116
track:520, 854, 628, 156, 116
init :521, 858, 625, 152, 111
track:522, 858, 625, 152, 111
init :523, 858, 628, 147, 106
track:524, 859, 630, 147, 106
init :525, 863, 633, 143, 114
track:526, 863, 633, 143, 114
init :527, 863, 633, 143, 111
track:528, 863, 633, 143, 111
init :529, 867, 636, 138, 98
track:530, 868, 635, 138, 98
init :531, 872, 636, 133, 98
track:532, 872, 636, 133, 98
init :533, 876, 636, 129, 98
track:534, 876, 637, 129, 98
init :535, 872, 638, 129, 96
track:536, 872, 640, 129, 96
init :537, 872, 641, 124, 98
track:538, 872, 642, 124, 98
init :539, 876, 646, 124, 101
track:540, 876, 645, 124, 101
init :543, 876, 649, 120, 90
track:544, 876, 649, 120, 90
init :546, 872, 656, 115, 83
init :547, 872, 656, 115, 83
track:548, 871, 658, 115, 83
init :549, 872, 659, 115, 85
track:550, 871, 660, 115, 85
init :551, 872, 664, 106, 85
track:552, 872, 664, 106, 85
init :553, 881, 664, 101, 83
track:554, 881, 664, 101, 83
init :555, 872, 664, 101, 88
track:556, 872, 664, 101, 88
init :557, 876, 664, 101, 88
track:558, 876, 669, 101, 88
init :559, 876, 677, 96, 80
track:560, 876, 679, 96, 80
init :561, 876, 680, 96, 80
track:562, 876, 680, 96, 80
init :563, 872, 682, 101, 85
track:564, 872, 683, 101, 85
init :565, 876, 687, 96, 83
track:566, 876, 689, 96, 83
init :567, 872, 690, 101, 80
track:568, 873, 693, 101, 80
init :569, 876, 695, 101, 75
track:570, 875, 699, 101, 75
init :571, 872, 700, 101, 77
track:572, 872, 700, 101, 77
init :573, 872, 700, 106, 83
track:574, 873, 701, 106, 83
init :575, 876, 698, 101, 85
track:576, 875, 696, 101, 85
init :577, 872, 700, 101, 75
track:578, 872, 699, 101, 75
init :579, 876, 695, 96, 83
track:580, 877, 695, 96, 83
init :581, 876, 693, 101, 90
track:582, 876, 693, 101, 90
init :583, 876, 698, 106, 85
track:584, 876, 699, 106, 85
init :585, 872, 698, 106, 85
track:586, 872, 699, 106, 85
init :587, 872, 700, 106, 83
track:588, 872, 700, 106, 83
init :589, 876, 698, 106, 83
track:590, 875, 698, 106, 83
init :591, 872, 695, 110, 90
track:592, 872, 695, 110, 90
init :593, 872, 693, 110, 93
track:594, 872, 692, 110, 93
init :595, 872, 685, 110, 85
track:596, 871, 683, 110, 85
init :597, 872, 677, 106, 88
track:598, 872, 673, 106, 88
init :599, 867, 669, 110, 96
track:600, 867, 667, 110, 96
init :601, 867, 664, 115, 103
track:602, 867, 664, 115, 103
init :603, 867, 664, 110, 101
track:604, 866, 660, 110, 101
init :605, 867, 659, 120, 96
track:606, 867, 659, 120, 96
init :607, 863, 656, 120, 90
track:608, 861, 654, 126, 94
init :609, 867, 654, 120, 93
track:610, 867, 656, 120, 93
init :611, 863, 659, 124, 101
track:612, 863, 659, 124, 101
init :613, 863, 659, 129, 109
track:614, 864, 660, 129, 109
init :615, 863, 664, 129, 106
track:616, 862, 667, 129, 106
init :617, 863, 667, 129, 103
track:618, 860, 663, 135, 108
init :619, 863, 664, 129, 101
track:620, 864, 664, 129, 101
init :621, 863, 662, 133, 106
track:622, 863, 662, 133, 106
init :623, 863, 662, 133, 109
track:624, 863, 662, 133, 109
init :625, 858, 656, 133, 114
track:626, 862, 659, 127, 109
init :627, 863, 659, 129, 109
track:628, 863, 660, 129, 109
init :629, 863, 659, 133, 106
track:630, 863, 657, 133, 106
init :631, 858, 656, 143, 114
track:632, 858, 656, 143, 114
init :633, 858, 659, 143, 119
track:634, 857, 661, 143, 119
init :635, 858, 664, 147, 116
track:636, 859, 666, 147, 116
init :637, 858, 667, 147, 116
track:638, 859, 667, 147, 116
init :639, 863, 667, 147, 111
track:640, 863, 666, 147, 111
init :641, 863, 664, 147, 111
track:642, 863, 664, 147, 111
init :643, 863, 662, 143, 114
track:644, 863, 662, 143, 114
init :645, 858, 654, 152, 119
track:646, 858, 652, 152, 119
init :647, 863, 651, 143, 122
track:648, 863, 651, 143, 122
init :649, 863, 651, 143, 119
track:650, 865, 652, 143, 119
init :651, 872, 651, 143, 122
track:652, 872, 651, 143, 122
init :653, 872, 651, 143, 122
track:654, 873, 652, 143, 122
init :655, 872, 654, 138, 114
track:656, 872, 655, 138, 114
init :657, 872, 656, 138, 116
track:658, 874, 659, 138, 116
init :659, 876, 662, 138, 116
track:660, 876, 661, 138, 116
init :661, 876, 662, 143, 111
track:662, 876, 662, 143, 111
init :663, 876, 662, 143, 114
track:664, 877, 662, 143, 114
init :665, 881, 656, 138, 116
track:666, 881, 655, 138, 116
init :667, 881, 654, 138, 116
track:668, 879, 650, 145, 122
init :669, 881, 651, 138, 119
track:670, 881, 651, 138, 119
init :671, 876, 649, 138, 119
track:672, 876, 649, 138, 119
init :673, 872, 651, 143, 116
track:674, 871, 650, 143, 116
init :675, 872, 651, 143, 114
track:676, 871, 652, 143, 114
init :677, 872, 651, 143, 103
track:678, 871, 654, 143, 103
init :679, 867, 662, 138, 109
track:680, 868, 668, 138, 109
init :681, 872, 669, 143, 119
track:682, 872, 669, 143, 119
init :683, 867, 669, 143, 114
track:684, 866, 669, 143, 114
init :685, 867, 669, 143, 124
track:686, 868, 671, 143, 124
init :687, 867, 669, 143, 124
track:688, 867, 669, 143, 124
init :689, 853, 672, 156, 116
track:690, 852, 671, 156, 116
init :691, 858, 667, 152, 114
track:692, 858, 667, 152, 114
init :693, 858, 664, 147, 116
track:694, 858, 663, 147, 116
init :695, 858, 662, 147, 119
track:696, 854, 658, 154, 125
init :697, 863, 662, 143, 111
track:698, 861, 661, 143, 111
init :699, 853, 662, 147, 116
track:700, 853, 664, 147, 116
init :701, 853, 667, 152, 111
track:702, 853, 667, 152, 111
init :703, 858, 672, 147, 122
track:704, 857, 675, 147, 122
init :705, 853, 677, 147, 124
track:706, 853, 678, 147, 124
init :707, 853, 677, 147, 124
track:708, 853, 678, 147, 124
init :709, 853, 677, 147, 122
track:710, 853, 675, 147, 122
init :711, 853, 677, 147, 116
track:712, 852, 674, 147, 116
init :713, 849, 675, 147, 119
track:714, 848, 675, 147, 119
init :715, 853, 675, 147, 119
track:716, 853, 675, 147, 119
init :717, 849, 675, 147, 122
track:718, 850, 675, 147, 122
init :719, 853, 675, 147, 122
track:720, 853, 676, 147, 122
init :721, 853, 675, 147, 124
track:722, 853, 675, 147, 124
init :723, 853, 675, 147, 127
track:724, 853, 672, 147, 127
init :725, 853, 667, 152, 116
track:726, 853, 667, 152, 116
init :727, 853, 667, 152, 122
track:728, 854, 664, 152, 122
init :729, 853, 654, 152, 124
track:730, 853, 653, 152, 124
init :731, 858, 651, 152, 135
track:732, 859, 651, 152, 135
init :733, 849, 643, 166, 142
track:734, 849, 639, 166, 142
init :735, 858, 638, 161, 124
track:736, 858, 638, 161, 124
init :737, 849, 636, 175, 127
track:738, 852, 639, 167, 121
init :739, 849, 636, 166, 127
track:740, 850, 637, 166, 127
init :741, 853, 638, 166, 124
track:742, 849, 636, 174, 130
init :743, 853, 636, 161, 150
track:744, 852, 636, 161, 150
init :745, 853, 636, 156, 129
track:746, 853, 636, 156, 129
init :747, 858, 636, 156, 129
track:748, 857, 630, 156, 129
init :749, 849, 628, 166, 114
track:750, 848, 629, 166, 114
init :751, 849, 625, 156, 124
track:752, 848, 627, 156, 124
init :753, 849, 628, 156, 124
track:754, 850, 628, 156, 124
init :755, 853, 633, 161, 111
track:756, 853, 633, 161, 111
init :757, 853, 633, 161, 111
track:758, 852, 632, 161, 111
init :759, 853, 630, 156, 116
track:760, 853, 633, 156, 116
init :761, 858, 630, 152, 132
track:762, 860, 630, 152, 132
init :763, 858, 630, 156, 124
track:764, 858, 631, 156, 124
init :765, 858, 633, 156, 124
track:766, 858, 633, 156, 124
init :767, 858, 636, 152, 119
track:768, 859, 638, 152, 119
init :769, 863, 638, 147, 122
track:770, 865, 647, 147, 122
init :771, 867, 643, 147, 132
track:772, 868, 643, 147, 132
init :773, 867, 646, 147, 129
track:774, 867, 647, 147, 129
init :775, 872, 646, 143, 124
track:776, 872, 646, 143, 124
init :777, 876, 646, 138, 122
track:778, 877, 645, 138, 122
init :779, 881, 649, 138, 106
track:780, 881, 650, 138, 106
init :781, 881, 651, 133, 98
track:782, 881, 651, 133, 98
init :783, 881, 651, 133, 98
track:784, 881, 650, 133, 98
init :785, 881, 649, 138, 101
track:786, 881, 649, 138, 101
init :787, 881, 649, 133, 103
track:788, 881, 649, 133, 103
init :789, 876, 651, 133, 98
track:790, 876, 651, 133, 98
init :791, 876, 651, 133, 96
track:792, 876, 650, 133, 96
init :793, 876, 654, 133, 93
track:794, 876, 655, 133, 93
init :795, 876, 659, 133, 106
track:796, 876, 659, 133, 106
init :797, 876, 656, 133, 109
track:798, 876, 656, 133, 109
init :799, 876, 656, 133, 106
track:800, 875, 657, 133, 106
init :801, 876, 659, 133, 109
track:802, 876, 659, 133, 109
init :803, 876, 656, 129, 111
track:804, 877, 657, 129, 111
init :805, 867, 659, 138, 106
track:806, 867, 659, 138, 106
init :807, 872, 659, 138, 109
track:808, 871, 660, 138, 109
init :809, 872, 659, 133, 109
track:810, 872, 661, 133, 109
init :811, 872, 662, 138, 106
track:812, 870, 663, 138, 106
init :813, 867, 664, 138, 109
track:814, 866, 664, 138, 109
init :815, 863, 667, 143, 103
track:816, 863, 667, 143, 103
init :817, 863, 669, 147, 109
track:818, 862, 675, 147, 109
init :819, 863, 675, 143, 116
track:820, 861, 686, 143, 116
init :821, 853, 680, 147, 127
track:822, 853, 681, 147, 127
init :823, 858, 680, 147, 119
track:824, 858, 680, 147, 119
init :825, 858, 680, 152, 122
track:826, 858, 680, 152, 122
init :827, 849, 682, 156, 129
track:828, 849, 686, 156, 129
init :829, 853, 685, 156, 145
track:830, 854, 686, 156, 145
init :831, 853, 682, 161, 153
track:832, 853, 682, 161, 153
init :833, 844, 677, 175, 155
track:834, 839, 669, 184, 163
init :835, 853, 667, 170, 145
track:836, 853, 667, 170, 145
init :837, 853, 664, 166, 142
track:838, 852, 663, 166, 142
init :839, 844, 651, 175, 160
track:840, 843, 649, 175, 160
init :841, 840, 646, 180, 163
track:842, 839, 645, 180, 163
init :843, 840, 636, 180, 153
track:844, 835, 630, 189, 161
init :845, 826, 623, 184, 147
track:846, 826, 623, 184, 147
init :847, 821, 612, 189, 160
track:848, 822, 608, 189, 160
init :849, 821, 604, 193, 176
track:850, 821, 603, 193, 176
init :851, 821, 604, 198, 173
track:852, 825, 601, 198, 173
init :853, 826, 597, 198, 166
track:854, 827, 599, 198, 166
init :855, 830, 599, 198, 173
track:856, 830, 599, 198, 173
init :857, 826, 602, 198, 168
track:858, 827, 600, 198, 168
init :859, 830, 594, 198, 166
track:860, 830, 592, 198, 166
init :861, 835, 597, 193, 153
track:862, 835, 600, 193, 153
init :863, 835, 610, 189, 142
track:864, 835, 615, 189, 142
init :865, 844, 623, 175, 147
track:866, 844, 623, 175, 147
init :867, 844, 628, 175, 140
track:868, 844, 629, 175, 140
init :869, 844, 633, 170, 129
track:870, 845, 637, 170, 129
init :871, 849, 636, 166, 129
track:872, 849, 637, 166, 129
init :873, 853, 641, 156, 119
track:874, 854, 642, 156, 119
init :875, 853, 641, 156, 137
track:876, 853, 641, 156, 137
init :877, 858, 643, 152, 135
track:878, 860, 643, 152, 135
init :879, 858, 646, 152, 124
track:880, 858, 646, 152, 124
init :881, 863, 643, 147, 124
track:882, 863, 643, 147, 124
init :883, 867, 646, 143, 124
track:884, 869, 646, 143, 124
init :885, 872, 643, 138, 116
track:886, 872, 643, 138, 116
init :887, 872, 646, 138, 122
track:888, 873, 646, 138, 122
init :889, 876, 649, 133, 119
track:890, 878, 649, 133, 119
init :891, 876, 646, 133, 111
track:892, 877, 646, 133, 111
init :893, 881, 649, 129, 116
track:894, 882, 649, 129, 116
init :895, 886, 649, 120, 111
track:896, 886, 649, 120, 111
init :897, 886, 649, 129, 98
track:898, 885, 649, 129, 98
init :899, 881, 651, 124, 98
track:900, 880, 653, 124, 98
init :901, 881, 651, 124, 93
track:902, 880, 652, 124, 93
init :903, 881, 654, 120, 96
track:904, 882, 654, 120, 96
init :905, 881, 656, 120, 88
track:906, 881, 656, 120, 88
init :907, 803, 545, 286, 251
track:908, 803, 549, 286, 251
init :909, 803, 547, 290, 267
track:910, 804, 550, 290, 267
init :911, 803, 558, 290, 262
track:912, 797, 556, 304, 275
init :913, 807, 565, 286, 259
track:914, 809, 566, 286, 259
init :915, 807, 571, 286, 259
track:916, 807, 571, 286, 259
init :917, 807, 581, 286, 249
track:918, 807, 581, 286, 249
init :919, 807, 581, 290, 251
track:920, 806, 581, 290, 251
init :921, 807, 584, 290, 249
track:922, 803, 584, 290, 249
init :923, 793, 584, 295, 249
track:924, 788, 583, 295, 249
init :925, 780, 581, 300, 254
track:926, 780, 581, 300, 254
init :927, 775, 581, 304, 254
track:928, 770, 581, 304, 254
init :929, 770, 584, 304, 249
track:930, 769, 584, 304, 249
init :931, 770, 581, 304, 249
track:932, 771, 579, 304, 249
init :933, 770, 578, 313, 241
track:934, 772, 576, 313, 241
init :935, 770, 578, 318, 233
track:936, 770, 578, 318, 233
init :937, 775, 565, 313, 249
track:938, 775, 565, 313, 249
init :939, 775, 571, 318, 236
track:940, 776, 571, 318, 236
init :941, 775, 568, 318, 236
track:942, 776, 569, 318, 236
init :943, 770, 571, 332, 231
track:944, 771, 572, 332, 231
init :945, 766, 573, 341, 225
track:946, 766, 573, 341, 225
init :947, 766, 571, 341, 231
track:948, 764, 572, 341, 231
init :949, 752, 568, 355, 236
track:950, 750, 568, 355, 236
init :951, 752, 571, 355, 236
track:952, 750, 573, 355, 236
init :953, 752, 576, 360, 238
track:954, 751, 575, 360, 238
init :955, 747, 576, 369, 241
track:956, 747, 576, 369, 241
init :957, 747, 584, 373, 233
track:958, 746, 585, 373, 233
init :959, 747, 584, 378, 236
track:960, 747, 584, 378, 236
init :961, 747, 584, 383, 236
track:962, 746, 585, 383, 236
init :963, 738, 586, 392, 236
track:964, 735, 587, 392, 236
init :965, 738, 584, 396, 241
track:966, 736, 584, 396, 241
init :967, 724, 586, 415, 241
track:968, 721, 586, 415, 241
init :969, 715, 584, 429, 244
track:970, 715, 584, 429, 244
init :971, 706, 584, 438, 246
track:972, 703, 584, 438, 246
init :973, 696, 584, 443, 246
track:974, 696, 585, 443, 246
init :975, 696, 584, 443, 249
track:976, 694, 584, 443, 249
init :977, 692, 586, 456, 244
track:978, 693, 587, 456, 244
init :979, 692, 584, 466, 249
track:980, 692, 584, 466, 249
init :981, 692, 586, 470, 246
track:982, 693, 587, 470, 246
init :983, 692, 586, 475, 246
track:984, 695, 585, 475, 246
init :985, 692, 586, 484, 246
track:986, 692, 586, 484, 246
init :987, 696, 586, 493, 246
track:988, 698, 587, 493, 246
init :989, 696, 586, 507, 249
track:990, 696, 586, 507, 249
init :991, 701, 586, 507, 249
track:992, 702, 587, 507, 249
init :993, 706, 586, 503, 244
track:994, 707, 587, 503, 244
init :995, 706, 589, 507, 238
track:996, 706, 586, 507, 238
init :997, 715, 584, 503, 231
track:998, 715, 585, 503, 231
init :999, 724, 581, 503, 231
track:1000, 724, 581, 503, 231
init :1001, 733, 581, 498, 225
track:1002, 735, 581, 498, 225
init :1003, 747, 578, 498, 225
track:1004, 748, 578, 498, 225
init :1005, 747, 576, 503, 218
track:1006, 744, 577, 503, 218
init :1007, 756, 573, 498, 212
track:1008, 756, 571, 498, 212
init :1009, 761, 573, 489, 199
track:1010, 761, 573, 489, 199
init :1011, 761, 573, 484, 199
track:1012, 758, 573, 484, 199
init :1013, 766, 576, 470, 189
track:1014, 776, 581, 448, 180
init :1015, 761, 576, 470, 189
track:1016, 757, 575, 470, 189
init :1017, 761, 578, 461, 176
track:1018, 759, 578, 461, 176
init :1019, 752, 578, 466, 179
track:1020, 752, 578, 466, 179
init :1021, 752, 576, 466, 184
track:1022, 751, 575, 466, 184
init :1023, 756, 578, 452, 176
track:1024, 755, 579, 452, 176
init :1025, 756, 578, 447, 176
track:1026, 755, 579, 447, 176
init :1027, 752, 581, 452, 171
track:1028, 752, 582, 452, 171
init :1029, 747, 584, 447, 168
track:1030, 747, 584, 447, 168
init :1031, 752, 584, 433, 168
track:1032, 749, 585, 433, 168
init :1033, 743, 586, 433, 163
track:1034, 743, 587, 433, 163
init :1035, 743, 589, 433, 160
track:1036, 740, 590, 433, 160
init :1037, 743, 599, 433, 153
track:1038, 731, 596, 455, 161
init :1039, 738, 602, 433, 150
track:1040, 738, 602, 433, 150
init :1041, 738, 607, 438, 150
track:1042, 736, 606, 438, 150
init :1043, 738, 607, 443, 153
track:1044, 739, 608, 443, 153
init :1045, 743, 610, 438, 150
track:1046, 742, 612, 438, 150
init :1047, 743, 620, 447, 140
track:1048, 757, 622, 426, 133
init :1049, 752, 615, 447, 142
track:1050, 752, 615, 447, 142
init :1051, 756, 610, 452, 150
track:1052, 761, 607, 452, 150
init :1053, 770, 607, 452, 150
track:1054, 786, 612, 430, 143
init :1055, 784, 610, 443, 140
track:1056, 786, 611, 443, 140
init :1057, 789, 610, 452, 145
track:1058, 789, 610, 452, 145
init :1059, 798, 615, 438, 135
track:1060, 798, 615, 438, 135
init :1061, 798, 617, 438, 135
track:1062, 796, 618, 438, 135
init :1063, 798, 617, 438, 132
track:1064, 797, 618, 438, 132
init :1065, 793, 617, 438, 135
track:1066, 791, 617, 438, 135
init :1067, 775, 617, 443, 132
track:1068, 770, 616, 443, 132
init :1069, 761, 620, 438, 127
track:1070, 761, 620, 438, 127
init :1071, 752, 623, 443, 124
track:1072, 745, 622, 443, 124
init :1073, 733, 625, 438, 124
track:1074, 721, 625, 438, 124
init :1075, 715, 625, 443, 124
track:1076, 705, 624, 443, 124
init :1077, 696, 625, 447, 129
track:1078, 686, 626, 447, 129
init :1079, 687, 625, 433, 129
track:1080, 687, 625, 433, 129
init :1081, 673, 625, 443, 135
track:1082, 667, 626, 443, 135
init :1083, 664, 625, 447, 135
track:1084, 661, 624, 447, 135
init :1085, 664, 625, 452, 140
track:1086, 665, 625, 452, 140
init :1087, 664, 625, 447, 137
track:1088, 665, 625, 447, 137
init :1089, 669, 628, 447, 137
track:1090, 669, 628, 447, 137
init :1091, 673, 628, 452, 137
track:1092, 664, 624, 475, 144
init :1093, 673, 628, 456, 140
track:1094, 673, 628, 456, 140
init :1095, 673, 628, 461, 145
track:1096, 674, 628, 461, 145
init :1097, 683, 628, 461, 155
track:1098, 683, 630, 461, 155
init :1099, 687, 628, 470, 155
track:1100, 687, 628, 470, 155
init :1101, 692, 625, 461, 163
track:1102, 692, 624, 461, 163
init :1103, 696, 628, 461, 163
track:1104, 696, 628, 461, 163
init :1105, 692, 628, 466, 163
track:1106, 691, 629, 466, 163
init :1107, 701, 628, 456, 171
track:1108, 696, 627, 456, 171
init :1109, 701, 630, 438, 171
track:1110, 701, 630, 438, 171
init :1111, 692, 633, 447, 166
track:1112, 693, 634, 447, 166
init :1113, 696, 630, 433, 173
track:1114, 694, 631, 433, 173
init :1115, 696, 633, 433, 173
track:1116, 691, 633, 433, 173
init :1117, 701, 633, 415, 168
track:1118, 699, 633, 415, 168
init :1119, 701, 630, 406, 181
track:1120, 701, 630, 406, 181
init :1121, 701, 628, 401, 184
track:1122, 701, 628, 401, 184
init :1123, 710, 628, 383, 189
track:1124, 710, 629, 383, 189
init :1125, 710, 625, 378, 197
track:1126, 711, 625, 378, 197
init :1127, 738, 625, 350, 186
track:1128, 741, 623, 350, 186
init :1129, 756, 628, 332, 173
track:1130, 756, 628, 332, 173
init :1131, 775, 625, 309, 179
track:1132, 777, 625, 309, 179
init :1133, 793, 630, 290, 179
track:1134, 794, 629, 290, 179
init :1135, 803, 630, 276, 179
track:1136, 803, 631, 276, 179
init :1137, 807, 636, 276, 168
track:1138, 806, 635, 276, 168
init :1139, 830, 636, 230, 181
track:1140, 830, 636, 230, 181
init :1141, 830, 630, 216, 181
track:1142, 826, 630, 216, 181
init :1143, 826, 630, 207, 186
track:1144, 821, 631, 207, 186
init :1145, 821, 630, 203, 184
track:1146, 815, 630, 203, 184
init :1147, 812, 630, 193, 181
track:1148, 809, 630, 193, 181
init :1149, 798, 633, 193, 179
track:1150, 798, 633, 193, 179
init :1151, 789, 633, 203, 173
track:1152, 790, 634, 203, 173
init :1153, 784, 636, 216, 176
track:1154, 784, 637, 216, 176
init :1155, 775, 638, 230, 179
track:1156, 778, 641, 230, 179
init :1157, 780, 636, 249, 176
track:1158, 784, 636, 249, 176
init :1159, 780, 636, 258, 173
track:1160, 780, 636, 258, 173
init :1161, 780, 636, 272, 176
track:1162, 783, 636, 272, 176
init :1163, 784, 636, 286, 176
track:1164, 785, 636, 286, 176
init :1165, 780, 636, 300, 176
track:1166, 781, 636, 300, 176
init :1167, 775, 641, 318, 168
track:1168, 775, 641, 318, 168
init :1169, 766, 638, 336, 168
track:1170, 766, 638, 336, 168
init :1171, 761, 638, 346, 168
track:1172, 761, 639, 346, 168
init :1173, 761, 638, 355, 158
track:1174, 762, 637, 355, 158
init :1175, 766, 636, 350, 160
track:1176, 768, 637, 350, 160
init :1177, 761, 638, 369, 155
track:1178, 772, 641, 351, 148
init :1179, 766, 641, 373, 147
track:1180, 766, 641, 373, 147
init :1181, 766, 636, 383, 150
track:1182, 760, 633, 402, 158
init :1183, 770, 638, 392, 145
track:1184, 781, 643, 373, 138
init :1185, 775, 638, 392, 140
track:1186, 778, 637, 392, 140
init :1187, 784, 638, 392, 140
track:1188, 783, 637, 392, 140
init :1189, 789, 633, 387, 132
track:1190, 789, 633, 387, 132
init :1191, 793, 633, 387, 127
track:1192, 790, 631, 387, 127
init :1193, 793, 630, 383, 122
track:1194, 794, 630, 383, 122
init :1195, 793, 630, 383, 116
track:1196, 784, 627, 402, 122
init :1197, 793, 630, 373, 111
track:1198, 791, 630, 373, 111
init :1199, 793, 630, 373, 109
track:1200, 793, 630, 373, 109
init :1201, 798, 630, 364, 109
track:1202, 798, 630, 364, 109
init :1203, 812, 628, 355, 109
track:1204, 815, 628, 355, 109
init :1205, 816, 630, 355, 106
track:1206, 819, 630, 355, 106
init :1207, 835, 633, 341, 103
track:1208, 838, 633, 341, 103
init :1209, 840, 633, 341, 101
track:1210, 836, 631, 358, 106
init :1211, 853, 636, 346, 103
track:1212, 864, 638, 330, 98
init :1213, 867, 641, 332, 103
track:1214, 867, 641, 332, 103
init :1215, 872, 643, 327, 101
track:1216, 872, 643, 327, 101
init :1217, 876, 646, 323, 98
track:1218, 875, 647, 323, 98
init :1219, 876, 649, 318, 101
track:1220, 874, 649, 318, 101
init :1221, 881, 651, 313, 98
track:1222, 888, 654, 298, 93
init :1223, 886, 654, 300, 96
track:1224, 886, 654, 300, 96
init :1225, 895, 654, 295, 96
track:1226, 896, 654, 295, 96
init :1227, 895, 656, 286, 98
track:1228, 894, 657, 286, 98
init :1229, 900, 659, 276, 98
track:1230, 892, 657, 290, 103
init :1231, 909, 659, 267, 98
track:1232, 907, 659, 267, 98
init :1233, 913, 662, 253, 98
track:1234, 913, 662, 253, 98
init :1235, 913, 664, 249, 98
track:1236, 912, 664, 249, 98
init :1237, 918, 664, 235, 96
track:1238, 924, 666, 224, 91
init :1239, 918, 664, 235, 96
track:1240, 918, 664, 235, 96
init :1241, 927, 667, 212, 96
track:1242, 925, 667, 212, 96
init :1243, 936, 669, 193, 96
track:1244, 936, 669, 193, 96
init :1245, 941, 669, 189, 93
track:1246, 941, 668, 189, 93
init :1247, 950, 669, 170, 93
track:1248, 952, 671, 162, 89
init :1249, 950, 669, 170, 93
track:1250, 947, 669, 170, 93
init :1251, 950, 667, 156, 93
track:1252, 948, 668, 149, 89
init :1253, 946, 667, 143, 90
track:1254, 946, 667, 143, 90
init :1255, 950, 667, 133, 85
track:1256, 944, 666, 133, 85
init :1257, 941, 662, 129, 88
track:1258, 938, 661, 129, 88
init :1259, 941, 662, 115, 88
track:1260, 939, 661, 115, 88
init :1261, 793, 589, 73, 51
track:1262, 820, 590, 73, 51
init :1263, 946, 659, 96, 83
track:1264, 946, 659, 96, 83
init :1265, 941, 659, 101, 85
track:1266, 943, 659, 101, 85
init :1267, 946, 656, 101, 83
track:1268, 945, 656, 101, 83
init :1269, 946, 656, 101, 80
track:1270, 946, 656, 101, 80
init :1271, 941, 656, 110, 77
track:1272, 938, 655, 110, 77
init :1273, 932, 656, 115, 77
track:1274, 932, 656, 115, 77
init :1275, 927, 656, 120, 77
track:1276, 923, 657, 120, 77
init :1277, 918, 656, 124, 75
track:1278, 910, 657, 124, 75
init :1279, 909, 656, 129, 80
track:1280, 901, 657, 129, 80
init :1281, 900, 659, 129, 77
track:1282, 893, 660, 129, 77
init :1283, 886, 662, 133, 80
track:1284, 886, 662, 133, 80
init :1285, 876, 659, 138, 75
track:1286, 875, 660, 131, 71
init :1287, 872, 659, 138, 72
track:1288, 871, 659, 138, 72
init :1289, 872, 659, 143, 72
track:1290, 871, 659, 143, 72
init :1291, 867, 659, 143, 75
track:1292, 866, 659, 143, 75
init :1293, 867, 662, 143, 72
track:1294, 867, 662, 143, 72
init :1295, 863, 659, 147, 70
track:1296, 861, 659, 147, 70
init :1297, 867, 656, 147, 70
track:1298, 868, 656, 147, 70
init :1299, 867, 656, 147, 70
track:1300, 865, 657, 147, 70
init :1301, 863, 662, 152, 64
track:1302, 864, 662, 152, 64
init :1303, 863, 662, 152, 64
track:1304, 863, 662, 152, 64
init :1305, 867, 662, 152, 67
track:1306, 867, 662, 152, 67
init :1307, 867, 664, 156, 62
track:1308, 867, 664, 156, 62
init :1309, 867, 664, 152, 62
track:1310, 867, 664, 152, 62
init :1311, 867, 667, 161, 59
track:1312, 866, 667, 161, 59
init :1313, 867, 667, 161, 57
track:1314, 867, 667, 161, 57
init :1315, 867, 669, 156, 57
track:1316, 867, 670, 156, 57
init :1317, 863, 669, 166, 54
track:1318, 861, 669, 166, 54
init :1319, 863, 669, 166, 54
track:1320, 867, 669, 158, 51
init :1321, 858, 672, 166, 54
track:1322, 859, 672, 166, 54
init :1323, 863, 672, 170, 57
track:1324, 863, 672, 170, 57
init :1325, 867, 672, 166, 57
track:1326, 873, 673, 158, 54
init :1327, 867, 675, 170, 57
track:1328, 868, 675, 170, 57
init :1329, 867, 675, 166, 54
track:1330, 866, 675, 166, 54
init :1331, 867, 677, 166, 49
track:1332, 865, 677, 166, 49
init :1333, 858, 677, 170, 51
track:1334, 858, 677, 170, 51
init :1335, 858, 675, 170, 54
track:1336, 855, 675, 170, 54
init :1337, 849, 675, 175, 51
track:1338, 847, 675, 175, 51
init :1339, 844, 677, 180, 49
track:1340, 844, 677, 180, 49
init :1341, 844, 677, 175, 49
track:1342, 843, 676, 175, 49
init :1343, 844, 677, 175, 49
track:1344, 844, 677, 175, 49
init :1345, 849, 680, 170, 49
track:1346, 849, 680, 170, 49
init :1347, 853, 680, 170, 51
track:1348, 853, 680, 170, 51
init :1349, 849, 680, 175, 51
track:1350, 848, 680, 175, 51
init :1351, 849, 680, 175, 49
track:1352, 848, 680, 175, 49
init :1353, 844, 682, 175, 49
track:1354, 844, 682, 175, 49
init :1355, 849, 682, 170, 49
track:1356, 849, 682, 170, 49
init :1357, 849, 682, 175, 49
track:1358, 849, 682, 175, 49
init :1359, 849, 682, 175, 49
track:1360, 849, 682, 175, 49
init :1361, 849, 685, 180, 49
track:1362, 848, 686, 180, 49
init :1363, 849, 687, 184, 51
track:1364, 849, 687, 184, 51
init :1365, 849, 687, 180, 51
track:1366, 850, 687, 180, 51
init :1367, 849, 687, 180, 57
track:1368, 849, 687, 180, 57
init :1369, 844, 687, 184, 57
track:1370, 843, 687, 184, 57
init :1371, 844, 690, 180, 62
track:1372, 842, 690, 180, 62
init :1373, 840, 690, 184, 59
track:1374, 840, 690, 184, 59
init :1375, 840, 693, 184, 59
track:1376, 838, 693, 184, 59
init :1377, 830, 693, 193, 59
track:1378, 831, 694, 193, 59
init :1379, 830, 693, 189, 62
track:1380, 825, 693, 189, 62
init :1381, 816, 695, 193, 62
track:1382, 814, 696, 193, 62
init :1383, 812, 698, 198, 62
track:1384, 812, 698, 198, 62
init :1385, 812, 698, 198, 62
track:1386, 816, 700, 189, 59
init :1387, 812, 700, 198, 62
track:1388, 813, 700, 198, 62
init :1389, 816, 703, 198, 62
track:1390, 817, 704, 198, 62
init :1391, 821, 706, 198, 59
track:1392, 823, 706, 198, 59
init :1393, 835, 708, 198, 59
track:1394, 835, 708, 198, 59
init :1395, 835, 708, 198, 59
track:1396, 835, 708, 198, 59
init :1397, 840, 708, 203, 67
track:1398, 834, 707, 213, 70
init :1399, 835, 708, 207, 64
track:1400, 831, 708, 207, 64
init :1401, 821, 711, 203, 64
track:1402, 811, 709, 213, 67
init :1403, 812, 708, 212, 67
track:1404, 812, 708, 212, 67
init :1405, 807, 713, 216, 70
track:1406, 805, 713, 216, 70
init :1407, 798, 713, 226, 67
track:1408, 796, 712, 226, 67
init :1409, 793, 713, 230, 67
track:1410, 792, 713, 230, 67
init :1411, 793, 713, 230, 75
track:1412, 792, 713, 230, 75
init :1413, 793, 716, 240, 77
track:1414, 793, 716, 240, 77
init :1415, 793, 716, 240, 77
track:1416, 795, 717, 240, 77
init :1417, 793, 719, 244, 77
track:1418, 785, 717, 256, 81
init :1419, 789, 719, 244, 77
track:1420, 786, 719, 244, 77
init :1421, 789, 719, 249, 80
track:1422, 787, 719, 249, 80
init :1423, 789, 719, 249, 85
track:1424, 789, 719, 249, 85
init :1425, 793, 719, 249, 85
track:1426, 792, 718, 249, 85
init :1427, 793, 719, 244, 90
track:1428, 792, 719, 244, 90
init :1429, 789, 719, 249, 90
track:1430, 788, 719, 249, 90
init :1431, 789, 719, 249, 98
track:1432, 793, 720, 237, 93
init :1433, 789, 721, 249, 98
track:1434, 789, 721, 249, 98
init :1435, 789, 721, 249, 103
track:1436, 789, 721, 249, 103
init :1437, 789, 721, 244, 106
track:1438, 790, 720, 244, 106
init :1439, 789, 724, 249, 106
track:1440, 788, 724, 249, 106
init :1441, 784, 724, 244, 109
track:1442, 780, 724, 244, 109
init :1443, 780, 721, 240, 114
track:1444, 780, 721, 240, 114
init :1445, 775, 719, 240, 116
track:1446, 767, 716, 252, 122
init :1447, 766, 719, 240, 119
track:1448, 765, 719, 240, 119
init :1449, 766, 716, 235, 122
track:1450, 766, 715, 235, 122
init :1451, 770, 713, 235, 127
track:1452, 771, 713, 235, 127
init :1453, 784, 711, 230, 135
track:1454, 784, 711, 230, 135
init :1455, 793, 711, 230, 135
track:1456, 796, 711, 230, 135
init :1457, 807, 711, 226, 140
track:1458, 810, 711, 226, 140
init :1459, 821, 708, 212, 142
track:1460, 825, 708, 212, 142
init :1461, 830, 711, 207, 142
track:1462, 831, 711, 207, 142
init :1463, 835, 711, 203, 145
track:1464, 835, 710, 203, 145
init :1465, 844, 706, 193, 158
track:1466, 845, 706, 193, 158
init :1467, 853, 700, 180, 166
track:1468, 853, 700, 180, 166
init :1469, 853, 698, 175, 163
track:1470, 851, 697, 175, 163
init :1471, 853, 693, 161, 163
track:1472, 851, 690, 161, 163
init :1473, 853, 690, 156, 158
track:1474, 850, 688, 156, 158
init :1475, 849, 685, 156, 158
track:1476, 849, 685, 156, 158
init :1477, 853, 685, 166, 155
track:1478, 853, 685, 166, 155
init :1479, 849, 675, 175, 158
track:1480, 852, 673, 175, 158
init :1481, 844, 664, 203, 168
track:1482, 850, 661, 203, 168
init :1483, 853, 662, 198, 163
track:1484, 863, 665, 189, 155
init :1485, 853, 659, 226, 166
track:1486, 860, 658, 226, 166
init :1487, 867, 651, 235, 168
track:1488, 867, 651, 235, 168
init :1489, 867, 651, 244, 168
track:1490, 867, 650, 244, 168
init :1491, 867, 654, 263, 160
track:1492, 870, 653, 263, 160
init :1493, 867, 651, 267, 158
track:1494, 868, 649, 267, 158
init :1495, 863, 649, 286, 147
track:1496, 861, 646, 286, 147
init :1497, 849, 646, 300, 140
track:1498, 849, 646, 300, 140
init :1499, 844, 643, 295, 137
track:1500, 839, 640, 295, 137
init :1501, 835, 641, 300, 132
track:1502, 833, 639, 300, 132
init :1503, 830, 636, 304, 132
track:1504, 828, 635, 304, 132
init :1505, 826, 630, 309, 132
track:1506, 826, 629, 309, 132
init :1507, 826, 628, 309, 122
track:1508, 826, 628, 309, 122
init :1509, 826, 625, 309, 119
track:1510, 824, 623, 309, 119
init :1511, 826, 623, 309, 116
track:1512, 822, 622, 309, 116
init :1513, 821, 620, 304, 116
track:1514, 806, 620, 304, 116
init :1515, 793, 620, 295, 111
track:1516, 768, 620, 295, 111
init :1517, 747, 623, 286, 109
track:1518, 747, 623, 286, 109
init :1519, 724, 623, 286, 109
track:1520, 701, 623, 286, 109
init :1521, 683, 625, 276, 103
track:1522, 670, 626, 276, 103
init :1523, 669, 628, 272, 98
track:1524, 664, 628, 272, 98
init :1525, 664, 630, 263, 93
track:1526, 675, 632, 250, 89
init :1527, 673, 633, 263, 88
track:1528, 673, 633, 263, 88
init :1529, 701, 633, 263, 88
track:1530, 725, 632, 263, 88
init :1531, 761, 633, 249, 85
track:1532, 787, 633, 249, 85
init :1533, 780, 633, 253, 80
track:1534, 805, 633, 253, 80
init :1535, 840, 633, 240, 83
track:1536, 862, 633, 240, 83
init :1537, 876, 638, 240, 77
track:1538, 876, 638, 240, 77
init :1539, 890, 641, 240, 77
track:1540, 892, 640, 252, 81
init :1541, 909, 643, 230, 75
track:1542, 909, 643, 230, 75
init :1543, 909, 646, 230, 77
track:1544, 908, 646, 230, 77
init :1545, 909, 649, 226, 75
track:1546, 902, 647, 237, 79
init :1547, 895, 654, 226, 72
track:1548, 895, 654, 226, 72
init :1549, 890, 656, 216, 70
track:1550, 879, 655, 227, 74
init :1551, 876, 662, 221, 70
track:1552, 872, 663, 221, 70
init :1553, 872, 662, 212, 72
track:1554, 869, 663, 212, 72
init :1555, 872, 664, 207, 72
track:1556, 872, 663, 207, 72
init :1557, 881, 664, 203, 75
track:1558, 881, 664, 203, 75
init :1559, 886, 664, 198, 72
track:1560, 888, 665, 198, 72
init :1561, 900, 667, 189, 70
track:1562, 900, 668, 189, 70
init :1563, 904, 669, 189, 72
track:1564, 910, 671, 180, 69
init :1565, 909, 669, 184, 72
track:1566, 910, 669, 184, 72
init :1567, 913, 669, 180, 72
track:1568, 913, 669, 180, 72
init :1569, 913, 669, 170, 75
track:1570, 911, 669, 170, 75
init :1571, 913, 672, 166, 75
track:1572, 912, 673, 166, 75
init :1573, 913, 672, 166, 75
track:1574, 911, 672, 166, 75
init :1575, 918, 672, 147, 75
track:1576, 916, 672, 147, 75
init :1577, 913, 672, 143, 75
track:1578, 913, 672, 143, 75
init :1579, 909, 672, 143, 75
track:1580, 906, 672, 143, 75
init :1581, 904, 675, 138, 72
track:1582, 902, 675, 138, 72
init :1583, 904, 677, 138, 72
track:1584, 903, 677, 138, 72
init :1585, 900, 677, 138, 72
track:1586, 900, 677, 138, 72
init :1587, 904, 677, 133, 72
track:1588, 904, 677, 133, 72
init :1589, 904, 677, 133, 72
track:1590, 905, 678, 133, 72
init :1591, 904, 680, 129, 72
track:1592, 904, 680, 129, 72
init :1593, 909, 680, 120, 72
track:1594, 909, 680, 120, 72
init :1595, 913, 680, 110, 72
track:1596, 912, 680, 110, 72
init :1599, 913, 680, 101, 72
track:1600, 912, 680, 101, 72
init :1601, 913, 680, 101, 72
track:1602, 912, 680, 101, 72
init :1603, 913, 680, 96, 70
track:1604, 911, 680, 96, 70
init :1605, 913, 682, 92, 72
track:1606, 912, 682, 92, 72
init :1607, 913, 682, 87, 72
track:1608, 913, 682, 87, 72
elapseTime: 46.145
