init :7, 821, 630, 235, 197
track:8, 821, 630, 235, 197
track:9, 822, 630, 235, 197
track:10, 821, 631, 235, 197
track:11, 823, 630, 235, 197
track:12, 823, 630, 235, 197
track:13, 824, 630, 235, 197
track:14, 824, 630, 235, 197
track:15, 824, 630, 235, 197
track:16, 825, 630, 235, 197
track:17, 826, 630, 235, 197
track:18, 825, 630, 235, 197
track:19, 825, 629, 235, 197
track:20, 821, 626, 247, 207
track:21, 820, 626, 247, 207
track:22, 827, 631, 235, 197
track:23, 828, 631, 235, 197
track:24, 827, 631, 235, 197
track:25, 828, 630, 235, 197
track:26, 829, 631, 235, 197
track:27, 829, 631, 235, 197
track:28, 829, 631, 235, 197
track:29, 829, 630, 235, 197
track:30, 829, 630, 235, 197
track:31, 830, 629, 235, 197
track:32, 831, 631, 235, 197
track:33, 829, 630, 235, 197
track:34, 830, 631, 235, 197
track:35, 830, 630, 235, 197
track:36, 830, 631, 235, 197
track:37, 829, 630, 235, 197
track:38, 831, 630, 235, 197
track:39, 830, 630, 235, 197
track:40, 830, 630, 235, 197
track:41, 831, 629, 235, 197
track:42, 830, 631, 235, 197
track:43, 831, 630, 235, 197
track:44, 830, 631, 235, 197
track:45, 832, 630, 235, 197
track:46, 830, 631, 235, 197
track:48, 832, 630, 235, 197
track:49, 830, 630, 235, 197
track:50, 831, 629, 235, 197
track:51, 832, 629, 235, 197
track:52, 831, 628, 235, 197
track:53, 832, 629, 235, 197
track:54, 831, 629, 235, 197
track:55, 832, 629, 235, 197
track:56, 831, 629, 235, 197
track:57, 831, 628, 235, 197
track:58, 831, 629, 235, 197
init :59, 830, 628, 235, 199
track:60, 829, 628, 235, 199
track:61, 830, 629, 235, 199
track:62, 828, 629, 235, 199
track:63, 828, 629, 235, 199
track:64, 828, 629, 235, 199
track:65, 829, 630, 235, 199
track:66, 828, 628, 235, 199
track:67, 828, 629, 235, 199
track:68, 827, 629, 235, 199
track:69, 828, 630, 235, 199
track:70, 828, 628, 235, 199
track:71, 827, 629, 235, 199
track:72, 828, 629, 235, 199
track:73, 827, 629, 235, 199
track:74, 827, 629, 235, 199
track:75, 827, 630, 235, 199
track:76, 827, 630, 235, 199
track:77, 827, 629, 235, 199
track:78, 827, 629, 235, 199
track:79, 828, 629, 235, 199
track:80, 826, 630, 235, 199
track:81, 826, 629, 235, 199
track:82, 826, 629, 235, 199
track:83, 827, 630, 235, 199
track:84, 826, 629, 235, 199
track:85, 827, 630, 235, 199
track:86, 826, 630, 235, 199
track:87, 826, 630, 235, 199
track:88, 826, 630, 235, 199
track:89, 827, 630, 235, 199
track:90, 826, 630, 235, 199
track:91, 826, 630, 235, 199
track:92, 826, 631, 235, 199
track:93, 827, 630, 235, 199
track:94, 827, 630, 235, 199
track:95, 827, 630, 235, 199
track:96, 828, 630, 235, 199
track:97, 828, 630, 235, 199
track:98, 828, 629, 235, 199
track:99, 829, 629, 235, 199
track:100, 829, 628, 235, 199
track:101, 830, 628, 235, 199
track:102, 832, 627, 235, 199
track:103, 830, 627, 235, 199
track:104, 832, 627, 235, 199
track:105, 830, 626, 235, 199
track:106, 833, 627, 235, 199
track:107, 834, 624, 235, 199
track:108, 835, 621, 235, 199
track:109, 834, 621, 235, 199
track:110, 835, 620, 235, 199
track:111, 835, 619, 235, 199
track:112, 835, 616, 235, 199
track:113, 835, 615, 235, 199
track:114, 836, 615, 235, 199
track:115, 842, 617, 224, 190
track:116, 844, 615, 224, 190
init :117, 849, 620, 207, 158
track:120, 850, 619, 207, 158
track:121, 852, 617, 207, 158
track:122, 851, 615, 207, 158
track:123, 851, 613, 207, 158
track:124, 856, 617, 197, 150
track:125, 853, 615, 197, 150
track:126, 851, 612, 197, 150
track:127, 849, 612, 197, 150
track:128, 848, 612, 197, 150
track:129, 848, 611, 197, 150
track:130, 848, 611, 197, 150
track:131, 848, 611, 197, 150
track:132, 851, 617, 197, 150
track:133, 853, 618, 197, 150
track:134, 858, 622, 188, 143
track:135, 859, 623, 188, 143
track:136, 860, 624, 188, 143
track:137, 861, 625, 188, 143
track:138, 862, 627, 188, 143
track:139, 862, 627, 188, 143
track:140, 862, 626, 188, 143
track:141, 861, 625, 188, 143
track:142, 859, 626, 188, 143
track:143, 858, 627, 188, 143
track:144, 859, 627, 188, 143
track:145, 855, 632, 188, 143
track:146, 854, 631, 188, 143
track:147, 854, 631, 188, 143
track:148, 856, 634, 188, 143
track:149, 856, 635, 188, 143
track:150, 856, 637, 188, 143
track:151, 857, 641, 188, 143
track:152, 857, 644, 188, 143
track:153, 857, 646, 188, 143
track:154, 858, 646, 188, 143
track:155, 863, 652, 179, 136
track:156, 861, 652, 179, 136
track:157, 864, 653, 179, 136
track:158, 865, 654, 179, 136
track:159, 864, 654, 179, 136
track:160, 864, 655, 179, 136
track:161, 862, 654, 179, 136
track:162, 859, 654, 179, 136
track:163, 859, 655, 179, 136
track:164, 857, 655, 179, 136
track:165, 858, 656, 179, 136
track:166, 859, 656, 179, 136
track:167, 858, 656, 179, 136
track:168, 858, 656, 179, 136
track:169, 858, 656, 179, 136
track:170, 865, 659, 170, 130
track:171, 866, 658, 170, 130
track:172, 867, 657, 170, 130
track:173, 867, 656, 170, 130
track:174, 866, 656, 170, 130
init :175, 867, 654, 161, 147
track:176, 866, 654, 161, 147
track:177, 866, 654, 161, 147
track:178, 867, 656, 161, 147
track:179, 868, 656, 161, 147
track:180, 869, 658, 161, 147
track:181, 869, 659, 161, 147
track:182, 870, 661, 161, 147
track:183, 872, 664, 161, 147
track:184, 869, 661, 169, 154
track:185, 870, 663, 169, 154
track:186, 868, 662, 169, 154
track:187, 864, 657, 169, 154
track:188, 861, 652, 169, 154
track:189, 859, 652, 169, 154
track:190, 857, 651, 169, 154
track:191, 856, 650, 169, 154
track:192, 855, 645, 169, 154
track:193, 855, 644, 169, 154
track:194, 855, 644, 169, 154
track:195, 858, 641, 169, 154
track:196, 862, 643, 161, 147
track:197, 862, 642, 161, 147
track:198, 859, 642, 161, 147
track:199, 859, 642, 161, 147
track:200, 857, 643, 161, 147
track:201, 855, 644, 161, 147
track:202, 854, 642, 161, 147
track:203, 854, 639, 161, 147
track:204, 854, 639, 161, 147
track:205, 854, 637, 161, 147
track:206, 855, 635, 161, 147
track:207, 854, 634, 161, 147
track:208, 853, 633, 161, 147
track:209, 851, 631, 161, 147
track:210, 849, 627, 161, 147
track:211, 848, 625, 161, 147
track:212, 853, 626, 153, 140
track:213, 853, 626, 153, 140
track:214, 851, 625, 153, 140
track:215, 852, 624, 153, 140
track:216, 852, 623, 153, 140
track:217, 852, 624, 153, 140
track:218, 852, 624, 153, 140
track:219, 852, 625, 153, 140
track:220, 853, 629, 153, 140
track:221, 852, 630, 153, 140
track:222, 851, 632, 153, 140
track:223, 854, 636, 146, 133
track:224, 858, 641, 139, 127
track:225, 857, 643, 139, 127
track:226, 858, 643, 139, 127
track:227, 857, 644, 139, 127
track:228, 858, 644, 139, 127
track:229, 857, 644, 139, 127
track:230, 857, 644, 139, 127
track:231, 858, 644, 139, 127
track:232, 857, 639, 139, 127
init :233, 858, 649, 124, 103
track:234, 858, 649, 124, 103
track:235, 858, 648, 124, 103
track:236, 859, 647, 124, 103
track:237, 861, 649, 124, 103
track:238, 861, 649, 124, 103
track:239, 862, 650, 124, 103
track:240, 862, 652, 124, 103
track:241, 863, 654, 124, 103
track:242, 863, 655, 124, 103
track:243, 863, 654, 124, 103
track:244, 863, 654, 124, 103
track:245, 863, 656, 124, 103
track:246, 866, 658, 118, 98
track:247, 866, 658, 118, 98
track:248, 866, 658, 118, 98
track:249, 866, 658, 118, 98
track:250, 867, 660, 118, 98
track:251, 867, 661, 118, 98
track:252, 867, 663, 118, 98
track:253, 868, 663, 118, 98
track:254, 869, 666, 118, 98
track:255, 869, 669, 118, 98
track:256, 869, 671, 118, 98
track:257, 870, 674, 118, 98
track:258, 870, 674, 118, 98
track:259, 871, 675, 118, 98
track:260, 872, 677, 118, 98
track:261, 871, 677, 118, 98
track:262, 871, 678, 118, 98
track:263, 871, 678, 118, 98
track:264, 871, 681, 118, 98
track:265, 871, 683, 118, 98
track:266, 871, 683, 118, 98
track:267, 871, 685, 118, 98
track:268, 871, 685, 118, 98
track:269, 871, 686, 118, 98
track:270, 872, 689, 118, 98
track:271, 872, 692, 118, 98
track:272, 873, 695, 118, 98
track:273, 873, 696, 118, 98
track:274, 873, 698, 118, 98
track:275, 871, 697, 124, 103
track:276, 872, 700, 124, 103
track:277, 873, 704, 124, 103
track:278, 873, 704, 124, 103
track:279, 874, 704, 124, 103
track:280, 873, 699, 130, 108
track:281, 874, 699, 130, 108
track:282, 876, 700, 130, 108
track:283, 876, 701, 130, 108
track:284, 875, 701, 137, 114
track:285, 873, 699, 144, 119
track:286, 872, 697, 151, 125
track:287, 873, 694, 151, 125
track:288, 873, 693, 151, 125
track:289, 874, 691, 151, 125
track:290, 871, 683, 158, 131
init :291, 867, 667, 170, 145
track:292, 868, 664, 170, 145
track:293, 869, 663, 170, 145
track:294, 866, 659, 178, 152
track:295, 864, 653, 187, 160
track:296, 864, 653, 187, 160
track:297, 863, 654, 187, 160
track:298, 859, 650, 197, 168
track:299, 858, 651, 197, 168
track:300, 852, 649, 207, 176
track:301, 846, 646, 217, 185
track:302, 844, 652, 217, 185
track:303, 838, 649, 228, 194
track:304, 835, 654, 228, 194
track:305, 828, 650, 239, 204
track:306, 829, 650, 239, 204
track:307, 828, 648, 239, 204
track:308, 826, 646, 239, 204
track:309, 825, 644, 239, 204
track:310, 824, 638, 239, 204
track:311, 825, 623, 239, 204
track:312, 824, 615, 239, 204
track:313, 826, 612, 239, 204
track:314, 827, 607, 239, 204
track:315, 825, 598, 239, 204
track:316, 824, 587, 239, 204
track:317, 828, 582, 239, 204
track:318, 833, 585, 228, 194
track:319, 834, 583, 228, 194
track:320, 846, 574, 217, 185
track:321, 850, 571, 217, 185
track:322, 850, 569, 217, 185
track:323, 854, 574, 207, 176
track:324, 854, 577, 207, 176
track:325, 852, 576, 207, 176
track:326, 852, 564, 207, 176
track:327, 855, 570, 197, 168
track:328, 856, 571, 197, 168
track:329, 852, 579, 197, 168
track:330, 850, 585, 197, 168
track:331, 848, 588, 197, 168
track:332, 847, 591, 197, 168
track:333, 846, 592, 197, 168
track:334, 844, 593, 197, 168
track:335, 845, 595, 197, 168
track:336, 846, 597, 197, 168
track:337, 845, 598, 197, 168
track:338, 845, 599, 197, 168
track:339, 850, 599, 187, 160
track:340, 852, 597, 187, 160
track:341, 851, 597, 187, 160
track:342, 856, 599, 178, 152
track:343, 856, 599, 178, 152
track:344, 857, 598, 178, 152
track:345, 861, 597, 170, 145
track:346, 865, 602, 162, 138
track:347, 865, 603, 162, 138
track:348, 865, 604, 162, 138
init :349, 872, 612, 152, 122
track:350, 873, 616, 152, 122
track:351, 873, 620, 152, 122
track:352, 874, 623, 152, 122
track:353, 874, 624, 152, 122
track:354, 874, 626, 152, 122
track:355, 873, 628, 152, 122
track:356, 877, 631, 145, 116
track:357, 876, 631, 145, 116
track:358, 876, 631, 145, 116
track:359, 876, 631, 145, 116
track:360, 875, 631, 145, 116
track:361, 875, 631, 145, 116
track:362, 874, 632, 145, 116
track:363, 873, 633, 145, 116
track:364, 876, 636, 138, 111
track:365, 876, 636, 138, 111
track:366, 874, 637, 138, 111
track:367, 877, 639, 131, 105
track:368, 876, 639, 131, 105
track:369, 880, 642, 125, 100
track:370, 879, 650, 125, 100
track:371, 879, 653, 125, 100
track:372, 877, 658, 125, 100
track:373, 877, 658, 125, 100
track:374, 876, 659, 125, 100
track:375, 876, 660, 125, 100
track:376, 873, 660, 125, 100
track:377, 871, 662, 125, 100
track:378, 870, 662, 125, 100
track:379, 871, 663, 125, 100
track:380, 870, 662, 125, 100
track:381, 871, 662, 125, 100
track:382, 867, 661, 125, 100
track:383, 867, 662, 125, 100
track:384, 868, 663, 119, 96
track:385, 868, 662, 119, 96
track:386, 870, 663, 113, 91
track:387, 869, 663, 113, 91
track:388, 869, 663, 113, 91
track:389, 871, 665, 108, 87
track:390, 871, 665, 108, 87
track:391, 871, 667, 108, 87
track:392, 871, 669, 108, 87
track:393, 872, 670, 108, 87
track:394, 871, 671, 108, 87
track:395, 872, 676, 108, 87
track:396, 873, 679, 108, 87
track:397, 874, 685, 108, 87
track:398, 875, 685, 108, 87
track:399, 876, 689, 108, 87
track:400, 877, 693, 108, 87
track:401, 881, 702, 103, 83
track:402, 882, 706, 103, 83
track:403, 882, 706, 103, 83
track:404, 883, 708, 103, 83
track:405, 882, 705, 108, 87
track:406, 882, 706, 108, 87
init :407, 881, 708, 101, 83
track:408, 881, 708, 101, 83
track:409, 881, 707, 101, 83
track:410, 881, 705, 101, 83
track:411, 883, 703, 101, 83
track:412, 882, 701, 101, 83
track:413, 883, 701, 101, 83
track:414, 884, 699, 101, 83
track:415, 883, 700, 101, 83
track:416, 883, 702, 101, 83
track:417, 884, 702, 101, 83
track:418, 884, 702, 101, 83
track:419, 884, 702, 101, 83
track:420, 882, 704, 101, 83
track:421, 879, 702, 106, 87
track:422, 879, 700, 106, 87
track:423, 878, 699, 106, 87
track:424, 878, 696, 106, 87
track:425, 878, 694, 106, 87
track:426, 877, 692, 106, 87
track:427, 876, 691, 106, 87
track:428, 875, 690, 106, 87
track:429, 875, 690, 106, 87
track:430, 874, 691, 106, 87
track:431, 872, 689, 111, 92
track:432, 871, 689, 111, 92
track:433, 871, 689, 111, 92
track:434, 873, 691, 106, 87
track:435, 872, 690, 106, 87
track:436, 868, 689, 111, 92
track:437, 868, 691, 111, 92
track:438, 868, 691, 111, 92
track:439, 869, 693, 111, 92
track:440, 869, 693, 111, 92
track:441, 869, 693, 111, 92
track:442, 870, 694, 111, 92
track:443, 871, 694, 111, 92
track:444, 870, 694, 111, 92
track:445, 870, 695, 111, 92
track:446, 870, 695, 111, 92
track:447, 871, 694, 111, 92
track:448, 871, 694, 111, 92
track:449, 871, 693, 111, 92
track:450, 871, 693, 111, 92
track:451, 872, 694, 111, 92
track:452, 872, 696, 111, 92
track:453, 873, 696, 111, 92
track:454, 874, 697, 111, 92
track:455, 876, 697, 111, 92
track:456, 873, 695, 117, 96
track:457, 872, 695, 117, 96
track:458, 872, 695, 117, 96
track:459, 869, 692, 123, 101
track:460, 869, 691, 123, 101
track:461, 866, 688, 129, 106
track:462, 867, 688, 129, 106
track:463, 867, 687, 129, 106
track:464, 867, 685, 129, 106
init :465, 867, 685, 129, 96
track:466, 867, 686, 129, 96
track:467, 869, 689, 123, 91
track:468, 866, 688, 129, 96
track:469, 867, 688, 129, 96
track:470, 867, 689, 129, 96
track:471, 865, 689, 135, 101
track:472, 866, 688, 135, 101
track:473, 867, 691, 135, 101
track:474, 867, 693, 135, 101
track:475, 865, 692, 142, 106
track:476, 867, 691, 142, 106
track:477, 867, 690, 142, 106
track:478, 865, 687, 149, 111
track:479, 867, 685, 149, 111
track:480, 869, 677, 149, 111
track:481, 866, 672, 157, 117
track:482, 866, 671, 157, 117
track:483, 873, 666, 149, 111
track:484, 871, 662, 157, 117
track:485, 873, 661, 157, 117
track:486, 873, 665, 157, 117
track:487, 873, 666, 157, 117
track:488, 873, 669, 157, 117
track:490, 870, 672, 157, 117
track:491, 867, 674, 157, 117
track:492, 863, 672, 165, 123
track:493, 861, 673, 165, 123
track:494, 856, 669, 173, 129
track:495, 848, 660, 182, 135
track:496, 845, 655, 182, 135
track:497, 845, 654, 182, 135
track:498, 844, 651, 182, 135
track:499, 842, 648, 182, 135
track:500, 842, 643, 182, 135
track:501, 842, 639, 182, 135
track:502, 841, 638, 182, 135
track:503, 846, 638, 173, 129
track:504, 846, 638, 173, 129
track:505, 845, 637, 173, 129
track:506, 845, 637, 173, 129
track:507, 844, 637, 173, 129
track:508, 844, 634, 173, 129
track:509, 844, 631, 173, 129
track:510, 844, 628, 173, 129
track:511, 843, 625, 173, 129
track:512, 842, 625, 173, 129
track:513, 842, 625, 173, 129
track:514, 842, 627, 173, 129
track:515, 843, 627, 173, 129
track:516, 843, 625, 173, 129
track:517, 847, 628, 165, 123
track:518, 846, 627, 165, 123
track:519, 847, 626, 165, 123
track:520, 847, 625, 165, 123
track:521, 847, 624, 165, 123
track:522, 848, 624, 165, 123
init :523, 858, 628, 147, 106
track:524, 859, 630, 147, 106
track:525, 860, 632, 147, 106
track:526, 860, 634, 147, 106
track:527, 861, 634, 147, 106
track:528, 864, 636, 140, 101
track:529, 864, 635, 140, 101
track:530, 865, 634, 140, 101
track:531, 866, 634, 140, 101
track:532, 866, 634, 140, 101
track:533, 871, 636, 133, 96
track:534, 872, 636, 133, 96
track:535, 870, 637, 133, 96
track:536, 873, 641, 127, 92
track:537, 874, 642, 127, 92
track:538, 873, 643, 127, 92
track:539, 874, 645, 127, 92
track:540, 878, 647, 121, 87
track:543, 876, 649, 121, 87
track:544, 874, 648, 121, 87
track:546, 872, 654, 121, 87
track:547, 872, 655, 121, 87
track:548, 874, 658, 115, 83
track:549, 873, 661, 115, 83
track:550, 872, 663, 115, 83
track:551, 872, 664, 115, 83
track:552, 871, 665, 115, 83
track:553, 874, 666, 110, 79
track:554, 873, 665, 110, 79
track:555, 872, 665, 110, 79
track:556, 872, 665, 110, 79
track:557, 872, 666, 110, 79
track:558, 871, 670, 110, 79
track:559, 872, 674, 110, 79
track:560, 874, 678, 104, 75
track:561, 874, 682, 104, 75
track:562, 874, 682, 104, 75
track:563, 873, 684, 104, 75
track:564, 874, 686, 104, 75
track:565, 873, 687, 104, 75
track:566, 873, 689, 104, 75
track:567, 873, 689, 104, 75
track:568, 875, 692, 104, 75
track:569, 875, 693, 104, 75
track:570, 874, 696, 104, 75
track:571, 874, 698, 104, 75
track:572, 874, 699, 104, 75
track:573, 875, 702, 104, 75
track:574, 877, 704, 104, 75
track:575, 877, 703, 104, 75
track:576, 876, 700, 104, 75
track:577, 875, 700, 104, 75
track:578, 876, 698, 104, 75
track:579, 877, 696, 104, 75
track:580, 878, 696, 104, 75
init :581, 876, 693, 101, 90
track:582, 876, 693, 101, 90
track:583, 875, 696, 101, 90
track:584, 875, 698, 101, 90
track:585, 874, 698, 101, 90
track:586, 875, 698, 101, 90
track:587, 874, 698, 101, 90
track:588, 875, 699, 101, 90
track:589, 875, 698, 101, 90
track:590, 874, 698, 101, 90
track:591, 872, 698, 101, 90
track:592, 873, 698, 101, 90
track:593, 869, 696, 106, 94
track:594, 870, 694, 106, 94
track:595, 867, 683, 111, 99
track:596, 866, 681, 111, 99
track:597, 866, 681, 111, 99
track:598, 865, 677, 111, 99
track:599, 864, 670, 111, 99
track:600, 865, 668, 111, 99
track:601, 866, 667, 111, 99
track:602, 866, 666, 111, 99
track:603, 865, 666, 111, 99
track:604, 864, 661, 111, 99
track:605, 864, 659, 111, 99
track:606, 864, 658, 111, 99
track:607, 864, 657, 111, 99
track:608, 862, 655, 117, 104
track:609, 862, 654, 117, 104
track:610, 861, 656, 117, 104
track:611, 862, 660, 117, 104
track:612, 862, 660, 117, 104
track:613, 862, 662, 117, 104
track:614, 862, 665, 117, 104
track:615, 863, 668, 117, 104
track:616, 858, 668, 123, 109
track:617, 858, 668, 123, 109
track:618, 859, 667, 123, 109
track:619, 856, 664, 129, 115
track:620, 856, 663, 129, 115
track:621, 857, 663, 129, 115
track:622, 857, 662, 129, 115
track:623, 856, 662, 129, 115
track:624, 855, 661, 129, 115
track:625, 856, 660, 129, 115
track:626, 857, 661, 129, 115
track:627, 858, 661, 129, 115
track:628, 858, 663, 129, 115
track:629, 857, 662, 129, 115
track:630, 853, 658, 135, 121
track:631, 854, 657, 135, 121
track:632, 853, 656, 135, 121
track:633, 855, 660, 135, 121
track:634, 856, 663, 135, 121
track:635, 852, 663, 142, 127
track:636, 854, 664, 142, 127
track:637, 855, 664, 142, 127
track:638, 856, 665, 142, 127
init :639, 863, 667, 147, 111
track:640, 863, 666, 147, 111
track:641, 863, 664, 147, 111
track:642, 863, 665, 147, 111
track:643, 862, 663, 147, 111
track:644, 863, 662, 147, 111
track:645, 866, 655, 140, 106
track:646, 867, 654, 140, 106
track:647, 868, 654, 140, 106
track:648, 871, 655, 133, 101
track:649, 868, 653, 140, 106
track:650, 870, 654, 140, 106
track:651, 871, 653, 140, 106
track:652, 871, 653, 140, 106
track:653, 876, 655, 133, 101
track:654, 876, 656, 133, 101
track:655, 877, 659, 133, 101
track:656, 878, 662, 133, 101
track:657, 879, 663, 133, 101
track:658, 880, 665, 133, 101
track:659, 882, 664, 133, 101
track:660, 881, 664, 133, 101
track:661, 881, 664, 133, 101
track:662, 881, 663, 133, 101
track:663, 882, 663, 133, 101
track:664, 884, 662, 133, 101
track:665, 885, 660, 133, 101
track:666, 886, 658, 133, 101
track:667, 886, 658, 133, 101
track:668, 886, 656, 133, 101
track:669, 886, 654, 133, 101
track:670, 882, 652, 140, 106
track:671, 880, 653, 140, 106
track:672, 880, 653, 140, 106
track:673, 878, 653, 140, 106
track:674, 876, 651, 140, 106
track:675, 877, 650, 140, 106
track:676, 876, 651, 140, 106
track:677, 875, 650, 140, 106
track:678, 873, 653, 140, 106
track:679, 873, 662, 140, 106
track:680, 870, 668, 147, 111
track:681, 874, 671, 140, 106
track:682, 875, 672, 140, 106
track:683, 871, 671, 140, 106
track:684, 870, 670, 140, 106
track:685, 870, 672, 140, 106
track:686, 871, 674, 140, 106
track:687, 871, 675, 140, 106
track:688, 871, 674, 140, 106
track:689, 870, 673, 140, 106
track:690, 868, 672, 140, 106
track:691, 867, 671, 140, 106
track:692, 867, 670, 140, 106
track:693, 867, 668, 140, 106
track:694, 866, 667, 140, 106
track:695, 867, 667, 140, 106
track:696, 866, 665, 140, 106
init :697, 863, 662, 143, 111
track:698, 861, 661, 143, 111
track:699, 860, 662, 143, 111
track:700, 860, 664, 143, 111
track:701, 860, 664, 143, 111
track:702, 860, 664, 143, 111
track:703, 861, 668, 143, 111
track:704, 858, 673, 143, 111
track:705, 858, 678, 143, 111
track:706, 857, 678, 143, 111
track:707, 857, 679, 143, 111
track:708, 852, 679, 150, 117
track:709, 853, 679, 150, 117
track:710, 854, 677, 150, 117
track:711, 853, 677, 150, 117
track:712, 852, 674, 150, 117
track:713, 852, 672, 150, 117
track:714, 851, 672, 150, 117
track:715, 852, 674, 150, 117
track:716, 851, 674, 150, 117
track:717, 851, 675, 150, 117
track:718, 852, 676, 150, 117
track:719, 853, 676, 150, 117
track:720, 854, 677, 150, 117
track:721, 854, 677, 150, 117
track:722, 854, 678, 150, 117
track:723, 854, 677, 150, 117
track:724, 854, 673, 150, 117
track:725, 855, 670, 150, 117
track:726, 855, 669, 150, 117
track:727, 855, 667, 150, 117
track:728, 855, 665, 150, 117
track:729, 851, 656, 158, 122
track:730, 853, 655, 158, 122
track:731, 853, 653, 158, 122
track:732, 853, 654, 158, 122
track:733, 853, 652, 158, 122
track:734, 850, 645, 166, 128
track:735, 851, 641, 166, 128
track:736, 851, 640, 166, 128
track:737, 851, 639, 166, 128
track:738, 849, 638, 166, 128
track:739, 850, 638, 166, 128
track:740, 851, 639, 166, 128
track:741, 851, 640, 166, 128
track:742, 851, 641, 166, 128
track:743, 850, 641, 166, 128
track:744, 849, 641, 166, 128
track:745, 850, 638, 166, 128
track:746, 850, 638, 166, 128
track:747, 851, 637, 166, 128
track:748, 851, 629, 166, 128
track:749, 850, 623, 166, 128
track:750, 847, 622, 166, 128
track:751, 848, 623, 166, 128
track:752, 847, 624, 166, 128
track:753, 848, 625, 166, 128
track:754, 850, 626, 166, 128
init :755, 853, 633, 161, 111
track:756, 853, 633, 161, 111
track:757, 854, 632, 161, 111
track:758, 849, 629, 169, 117
track:759, 848, 630, 169, 117
track:760, 853, 637, 161, 111
track:761, 853, 638, 161, 111
track:762, 855, 639, 161, 111
track:763, 856, 637, 161, 111
track:764, 858, 638, 161, 111
track:765, 857, 639, 161, 111
track:766, 861, 640, 153, 106
track:767, 859, 641, 153, 106
track:768, 860, 642, 153, 106
track:769, 861, 644, 153, 106
track:770, 863, 653, 153, 106
track:771, 864, 654, 153, 106
track:772, 868, 656, 146, 101
track:773, 869, 654, 146, 101
track:774, 870, 654, 146, 101
track:775, 871, 654, 146, 101
track:776, 871, 654, 146, 101
track:777, 875, 656, 139, 96
track:778, 876, 655, 139, 96
track:779, 878, 655, 139, 96
track:780, 881, 657, 132, 91
track:781, 881, 657, 132, 91
track:782, 881, 658, 132, 91
track:783, 881, 657, 132, 91
track:784, 880, 656, 132, 91
track:785, 880, 657, 132, 91
track:786, 880, 657, 132, 91
track:787, 879, 657, 132, 91
track:788, 879, 658, 132, 91
track:789, 878, 659, 132, 91
track:790, 877, 657, 132, 91
track:791, 877, 658, 132, 91
track:792, 877, 656, 132, 91
track:793, 877, 658, 132, 91
track:794, 876, 659, 132, 91
track:795, 877, 663, 132, 91
track:796, 877, 664, 132, 91
track:797, 877, 664, 132, 91
track:798, 876, 662, 132, 91
track:799, 877, 663, 132, 91
track:800, 877, 666, 132, 91
track:801, 877, 665, 132, 91
track:802, 876, 666, 132, 91
track:803, 876, 666, 132, 91
track:804, 876, 668, 132, 91
track:805, 875, 667, 132, 91
track:806, 875, 667, 132, 91
track:807, 875, 667, 132, 91
track:808, 874, 668, 132, 91
track:809, 874, 670, 132, 91
track:810, 874, 672, 132, 91
track:811, 874, 673, 132, 91
track:812, 873, 674, 132, 91
init :813, 867, 664, 138, 109
track:814, 866, 664, 138, 109
track:815, 865, 665, 138, 109
track:816, 866, 664, 138, 109
track:817, 866, 667, 138, 109
track:818, 865, 672, 138, 109
track:819, 864, 674, 138, 109
track:820, 859, 683, 145, 114
track:821, 859, 683, 145, 114
track:822, 858, 684, 145, 114
track:823, 859, 683, 145, 114
track:824, 858, 682, 145, 114
track:825, 857, 682, 145, 114
track:826, 857, 683, 145, 114
track:827, 856, 687, 145, 114
track:828, 852, 689, 152, 120
track:829, 849, 689, 160, 126
track:830, 851, 690, 160, 126
track:831, 852, 691, 160, 126
track:832, 853, 692, 160, 126
track:833, 855, 690, 160, 126
track:834, 855, 683, 160, 126
track:835, 855, 673, 160, 126
track:836, 855, 674, 160, 126
track:837, 855, 669, 160, 126
track:838, 850, 664, 168, 132
track:839, 843, 657, 176, 139
track:840, 841, 653, 176, 139
track:841, 841, 651, 176, 139
track:842, 839, 650, 176, 139
track:843, 836, 647, 176, 139
track:844, 835, 642, 176, 139
track:845, 828, 629, 176, 139
track:846, 828, 628, 176, 139
track:847, 823, 618, 185, 146
track:848, 824, 613, 185, 146
track:849, 823, 611, 185, 146
track:850, 822, 610, 185, 146
track:851, 822, 610, 185, 146
track:852, 820, 602, 194, 153
track:853, 825, 597, 194, 153
track:854, 826, 600, 194, 153
track:855, 825, 602, 194, 153
track:856, 827, 604, 194, 153
track:857, 827, 606, 194, 153
track:858, 829, 603, 194, 153
track:859, 829, 597, 194, 153
track:860, 829, 595, 194, 153
track:861, 828, 596, 194, 153
track:862, 828, 598, 194, 153
track:863, 834, 605, 185, 146
track:864, 835, 611, 185, 146
track:865, 836, 617, 185, 146
track:866, 836, 618, 185, 146
track:867, 836, 623, 185, 146
track:868, 836, 625, 185, 146
track:869, 836, 626, 185, 146
track:870, 841, 634, 176, 139
init :871, 849, 636, 166, 129
track:872, 849, 637, 166, 129
track:873, 850, 638, 166, 129
track:874, 851, 638, 166, 129
track:875, 856, 641, 158, 123
track:876, 857, 641, 158, 123
track:877, 858, 643, 158, 123
track:878, 859, 643, 158, 123
track:879, 860, 642, 158, 123
track:880, 861, 642, 158, 123
track:881, 862, 642, 158, 123
track:882, 865, 644, 151, 117
track:883, 869, 645, 143, 111
track:884, 872, 645, 143, 111
track:885, 873, 645, 143, 111
track:886, 873, 645, 143, 111
track:887, 875, 646, 143, 111
track:888, 880, 649, 137, 106
track:889, 879, 648, 137, 106
track:890, 881, 647, 137, 106
track:891, 881, 647, 137, 106
track:892, 884, 646, 137, 106
track:893, 884, 645, 137, 106
track:894, 884, 645, 137, 106
track:895, 885, 645, 137, 106
track:896, 885, 645, 137, 106
track:897, 885, 645, 137, 106
track:898, 883, 644, 137, 106
track:899, 884, 646, 130, 101
track:900, 884, 648, 130, 101
track:901, 883, 648, 130, 101
track:902, 882, 650, 130, 101
track:903, 881, 651, 130, 101
track:904, 885, 652, 124, 96
track:905, 885, 652, 124, 96
track:906, 885, 652, 124, 96
track:907, 901, 627, 130, 101
track:908, 916, 629, 124, 96
track:909, 918, 633, 124, 96
track:910, 927, 639, 118, 92
track:911, 920, 636, 124, 96
track:912, 924, 639, 124, 96
track:913, 925, 644, 124, 96
track:914, 929, 650, 118, 92
track:915, 930, 652, 118, 92
track:916, 931, 652, 118, 92
track:917, 931, 654, 118, 92
track:918, 929, 652, 124, 96
track:919, 929, 653, 124, 96
track:920, 928, 655, 118, 92
track:921, 924, 654, 124, 96
track:922, 920, 653, 124, 96
track:923, 914, 655, 124, 96
track:924, 907, 654, 124, 96
track:925, 898, 655, 124, 96
track:926, 897, 654, 124, 96
track:927, 895, 653, 124, 96
track:928, 882, 651, 130, 101
init :929, 770, 584, 304, 249
track:930, 769, 584, 304, 249
track:931, 769, 583, 304, 249
track:932, 768, 580, 304, 249
track:933, 767, 580, 304, 249
track:934, 768, 576, 304, 249
track:935, 770, 576, 304, 249
track:936, 769, 575, 304, 249
track:937, 765, 567, 319, 261
track:938, 764, 565, 319, 261
track:939, 766, 564, 319, 261
track:940, 767, 561, 319, 261
track:941, 768, 558, 319, 261
track:942, 770, 558, 319, 261
track:943, 770, 557, 319, 261
track:944, 768, 556, 319, 261
track:945, 764, 558, 319, 261
track:946, 768, 562, 304, 249
track:947, 765, 564, 304, 249
track:948, 761, 566, 304, 249
track:949, 756, 568, 304, 249
track:950, 752, 568, 304, 249
track:951, 753, 568, 304, 249
track:952, 755, 575, 290, 237
track:953, 750, 577, 290, 237
track:954, 748, 579, 290, 237
track:955, 749, 580, 290, 237
track:956, 747, 580, 290, 237
track:957, 747, 580, 290, 237
track:958, 745, 582, 290, 237
track:959, 743, 583, 290, 237
track:960, 743, 584, 290, 237
track:961, 740, 584, 290, 237
track:962, 739, 584, 290, 237
track:963, 737, 585, 290, 237
track:964, 734, 586, 290, 237
track:965, 734, 586, 290, 237
track:966, 730, 588, 290, 237
track:967, 727, 588, 290, 237
track:968, 722, 588, 290, 237
track:969, 718, 588, 290, 237
track:970, 715, 588, 290, 237
track:971, 715, 589, 290, 237
track:972, 709, 589, 290, 237
track:973, 702, 590, 290, 237
track:974, 698, 590, 290, 237
track:975, 698, 590, 290, 237
track:976, 695, 591, 290, 237
track:977, 692, 592, 290, 237
track:978, 690, 592, 290, 237
track:979, 688, 591, 290, 237
track:980, 691, 599, 276, 226
track:981, 694, 598, 276, 226
track:982, 693, 599, 276, 226
track:983, 694, 599, 276, 226
track:984, 696, 600, 276, 226
track:985, 696, 599, 276, 226
track:986, 696, 600, 276, 226
init :987, 696, 586, 493, 246
track:988, 698, 587, 493, 246
track:989, 700, 587, 493, 246
track:990, 701, 589, 493, 246
track:991, 704, 589, 493, 246
track:992, 705, 590, 493, 246
track:993, 692, 581, 518, 258
track:994, 695, 579, 518, 258
track:995, 692, 580, 518, 258
track:996, 695, 578, 518, 258
track:997, 698, 577, 518, 258
track:998, 699, 575, 518, 258
track:999, 713, 579, 493, 246
track:1000, 713, 579, 493, 246
track:1001, 716, 577, 493, 246
track:1002, 729, 582, 470, 234
track:1003, 729, 573, 493, 246
track:1004, 732, 571, 493, 246
track:1005, 734, 569, 493, 246
track:1006, 735, 568, 493, 246
track:1007, 732, 566, 493, 246
track:1008, 734, 564, 493, 246
track:1009, 746, 567, 470, 234
track:1010, 745, 564, 470, 234
track:1011, 754, 568, 447, 223
track:1012, 754, 567, 447, 223
track:1013, 749, 567, 447, 223
track:1014, 742, 566, 447, 223
track:1015, 739, 570, 447, 223
track:1016, 730, 562, 470, 234
track:1017, 724, 561, 470, 234
track:1018, 720, 557, 470, 234
track:1019, 727, 565, 447, 223
track:1020, 723, 564, 447, 223
track:1021, 728, 564, 447, 223
track:1022, 729, 563, 447, 223
track:1023, 724, 561, 447, 223
track:1024, 733, 568, 426, 213
track:1025, 743, 571, 406, 202
track:1026, 739, 570, 406, 202
track:1027, 737, 570, 406, 202
track:1028, 738, 570, 406, 202
track:1029, 722, 572, 406, 202
track:1030, 726, 573, 406, 202
track:1031, 728, 573, 406, 202
track:1032, 718, 578, 406, 202
track:1033, 706, 580, 406, 202
track:1034, 716, 585, 386, 193
track:1035, 717, 584, 386, 193
track:1036, 723, 589, 368, 184
track:1037, 720, 590, 368, 184
track:1038, 717, 590, 368, 184
track:1039, 712, 593, 368, 184
track:1040, 716, 594, 368, 184
track:1041, 726, 599, 350, 175
track:1042, 721, 601, 350, 175
track:1043, 721, 601, 350, 175
track:1044, 716, 603, 350, 175
init :1045, 743, 610, 438, 150
track:1046, 742, 612, 438, 150
track:1047, 745, 613, 438, 150
track:1048, 749, 613, 438, 150
track:1049, 764, 615, 417, 143
track:1050, 766, 612, 417, 143
track:1051, 767, 611, 417, 143
track:1052, 761, 606, 438, 150
track:1053, 780, 608, 417, 143
track:1054, 787, 609, 417, 143
track:1055, 779, 607, 438, 150
track:1056, 785, 606, 438, 150
track:1057, 778, 602, 460, 158
track:1058, 780, 601, 460, 158
track:1059, 783, 602, 460, 158
track:1060, 782, 602, 460, 158
track:1061, 792, 607, 438, 150
track:1062, 782, 603, 460, 158
track:1063, 791, 608, 438, 150
track:1064, 788, 610, 438, 150
track:1065, 786, 610, 438, 150
track:1066, 781, 610, 438, 150
track:1067, 779, 614, 417, 143
track:1068, 771, 612, 417, 143
track:1069, 762, 613, 417, 143
track:1070, 756, 612, 417, 143
track:1071, 753, 611, 417, 143
track:1072, 743, 613, 417, 143
track:1073, 719, 610, 438, 150
track:1074, 698, 611, 438, 150
track:1075, 701, 611, 438, 150
track:1076, 690, 611, 438, 150
track:1077, 689, 612, 438, 150
track:1078, 672, 616, 417, 143
track:1079, 663, 616, 417, 143
track:1080, 662, 617, 417, 143
track:1081, 655, 618, 417, 143
track:1082, 652, 620, 417, 143
track:1083, 653, 621, 397, 136
track:1084, 648, 619, 397, 136
track:1085, 654, 622, 378, 130
track:1086, 655, 621, 378, 130
track:1087, 641, 618, 397, 136
track:1088, 643, 618, 397, 136
track:1089, 643, 617, 397, 136
track:1090, 645, 619, 397, 136
track:1091, 653, 623, 378, 130
track:1092, 660, 625, 360, 123
track:1093, 654, 624, 378, 130
track:1094, 657, 624, 378, 130
track:1095, 646, 622, 397, 136
track:1096, 646, 622, 397, 136
track:1097, 657, 621, 397, 136
track:1098, 656, 621, 397, 136
track:1099, 658, 622, 397, 136
track:1100, 657, 623, 397, 136
track:1101, 663, 625, 397, 136
track:1102, 660, 625, 397, 136
init :1103, 696, 628, 461, 163
track:1104, 696, 628, 461, 163
track:1105, 696, 629, 461, 163
track:1106, 696, 628, 461, 163
track:1107, 694, 629, 461, 163
track:1108, 691, 628, 461, 163
track:1109, 685, 631, 461, 163
track:1110, 687, 631, 461, 163
track:1111, 680, 632, 461, 163
track:1112, 678, 634, 461, 163
track:1113, 675, 637, 461, 163
track:1114, 670, 637, 461, 163
track:1115, 666, 638, 461, 163
track:1116, 665, 636, 461, 163
track:1117, 656, 638, 461, 163
track:1118, 657, 638, 461, 163
track:1119, 649, 638, 461, 163
track:1120, 648, 639, 461, 163
track:1121, 635, 635, 484, 171
track:1122, 635, 635, 484, 171
track:1123, 641, 639, 461, 163
track:1124, 656, 642, 439, 155
track:1125, 663, 642, 439, 155
track:1126, 664, 642, 439, 155
track:1127, 657, 644, 439, 155
track:1128, 658, 643, 439, 155
track:1129, 682, 645, 418, 148
track:1130, 690, 646, 418, 148
track:1131, 685, 649, 418, 148
track:1132, 683, 647, 418, 148
track:1133, 699, 650, 418, 148
track:1134, 744, 653, 418, 148
track:1135, 817, 646, 439, 155
track:1136, 811, 643, 461, 163
track:1137, 808, 660, 439, 155
track:1138, 804, 654, 461, 163
track:1139, 778, 657, 461, 163
track:1140, 796, 662, 439, 155
track:1141, 786, 670, 439, 155
track:1142, 786, 674, 439, 155
track:1143, 774, 679, 439, 155
track:1144, 774, 682, 439, 155
track:1145, 782, 689, 418, 148
track:1146, 772, 694, 418, 148
track:1147, 778, 699, 398, 141
track:1148, 777, 703, 398, 141
track:1149, 773, 704, 398, 141
track:1150, 781, 708, 379, 134
track:1151, 772, 702, 379, 134
track:1152, 765, 704, 379, 134
track:1153, 767, 701, 379, 134
track:1154, 769, 698, 379, 134
track:1155, 765, 697, 379, 134
track:1156, 761, 694, 379, 134
track:1157, 757, 694, 379, 134
track:1158, 759, 691, 379, 134
track:1159, 759, 692, 379, 134
track:1160, 762, 691, 379, 134
init :1161, 780, 636, 272, 176
track:1162, 783, 636, 272, 176
track:1163, 789, 636, 272, 176
track:1164, 789, 635, 272, 176
track:1165, 789, 635, 272, 176
track:1166, 785, 636, 272, 176
track:1167, 787, 638, 272, 176
track:1168, 781, 637, 272, 176
track:1169, 780, 638, 272, 176
track:1170, 778, 639, 272, 176
track:1171, 776, 637, 272, 176
track:1172, 771, 637, 272, 176
track:1173, 766, 636, 272, 176
track:1174, 765, 636, 272, 176
track:1175, 756, 630, 286, 185
track:1176, 757, 630, 286, 185
track:1177, 762, 634, 272, 176
track:1178, 768, 631, 272, 176
track:1179, 759, 631, 272, 176
track:1180, 759, 630, 272, 176
track:1181, 758, 629, 272, 176
track:1182, 760, 632, 259, 168
track:1183, 749, 623, 272, 176
track:1184, 771, 620, 272, 176
track:1185, 747, 619, 272, 176
track:1186, 763, 621, 259, 168
track:1187, 767, 621, 259, 168
track:1188, 762, 624, 247, 160
track:1189, 776, 628, 235, 152
track:1190, 773, 628, 235, 152
track:1191, 774, 626, 235, 152
track:1192, 780, 627, 224, 145
track:1193, 784, 626, 213, 138
track:1194, 788, 624, 213, 138
track:1195, 791, 627, 203, 131
track:1196, 791, 628, 203, 131
track:1197, 777, 625, 203, 131
track:1198, 785, 627, 193, 125
track:1199, 788, 625, 193, 125
track:1200, 789, 625, 193, 125
track:1201, 790, 625, 193, 125
track:1202, 794, 627, 184, 119
track:1203, 798, 629, 184, 119
track:1204, 802, 629, 184, 119
track:1205, 804, 628, 184, 119
track:1206, 809, 627, 184, 119
track:1207, 819, 631, 175, 113
track:1208, 828, 636, 167, 108
track:1209, 830, 638, 159, 103
track:1210, 841, 639, 159, 103
track:1211, 842, 641, 159, 103
track:1212, 851, 640, 159, 103
track:1213, 857, 646, 151, 98
track:1214, 860, 649, 144, 93
track:1215, 862, 650, 144, 93
track:1216, 865, 651, 144, 93
track:1217, 867, 650, 144, 93
track:1218, 866, 653, 137, 89
init :1219, 876, 649, 318, 101
track:1220, 874, 649, 318, 101
track:1221, 879, 653, 303, 96
track:1222, 878, 653, 303, 96
track:1223, 883, 658, 288, 92
track:1224, 883, 658, 288, 92
track:1225, 885, 659, 288, 92
track:1226, 884, 660, 288, 92
track:1227, 883, 660, 288, 92
track:1228, 882, 660, 288, 92
track:1229, 880, 661, 288, 92
track:1230, 889, 664, 275, 87
track:1231, 888, 664, 275, 87
track:1232, 896, 667, 262, 83
track:1233, 893, 667, 262, 83
track:1234, 899, 669, 249, 79
track:1235, 893, 670, 249, 79
track:1236, 892, 669, 249, 79
track:1237, 887, 669, 249, 79
track:1238, 895, 673, 237, 75
track:1239, 898, 674, 226, 72
track:1240, 903, 673, 226, 72
track:1241, 904, 673, 226, 72
track:1242, 901, 674, 226, 72
track:1243, 897, 673, 226, 72
track:1244, 900, 674, 226, 72
track:1245, 901, 676, 226, 72
track:1246, 902, 678, 215, 68
track:1247, 901, 680, 215, 68
track:1248, 904, 683, 205, 65
track:1249, 963, 680, 215, 68
track:1250, 962, 679, 215, 68
track:1251, 960, 679, 215, 68
track:1252, 954, 677, 215, 68
track:1253, 947, 676, 215, 68
track:1254, 947, 675, 215, 68
track:1255, 934, 674, 215, 68
track:1256, 935, 674, 205, 65
track:1257, 928, 671, 215, 68
track:1258, 915, 669, 226, 72
track:1259, 916, 670, 226, 72
track:1260, 914, 670, 226, 72
track:1261, 906, 669, 237, 75
track:1262, 887, 670, 237, 75
track:1263, 889, 670, 237, 75
track:1264, 890, 671, 237, 75
track:1265, 885, 668, 249, 79
track:1266, 883, 669, 249, 79
track:1267, 893, 670, 237, 75
track:1268, 892, 670, 237, 75
track:1269, 892, 670, 237, 75
track:1270, 892, 668, 237, 75
track:1271, 888, 668, 237, 75
track:1272, 882, 666, 237, 75
track:1273, 881, 665, 237, 75
track:1274, 879, 665, 237, 75
track:1275, 875, 664, 237, 75
track:1276, 873, 665, 237, 75
init :1277, 918, 656, 124, 75
track:1278, 910, 657, 124, 75
track:1279, 911, 658, 124, 75
track:1280, 905, 657, 124, 75
track:1281, 898, 658, 124, 75
track:1282, 890, 660, 124, 75
track:1283, 886, 657, 130, 79
track:1284, 885, 657, 130, 79
track:1285, 877, 660, 124, 75
track:1286, 872, 657, 130, 79
track:1287, 871, 656, 130, 79
track:1288, 869, 656, 130, 79
track:1289, 869, 656, 130, 79
track:1290, 869, 655, 130, 79
track:1291, 866, 654, 130, 79
track:1292, 866, 655, 130, 79
track:1293, 862, 655, 130, 79
track:1294, 862, 658, 124, 75
track:1295, 865, 659, 118, 71
track:1296, 864, 660, 112, 68
track:1297, 864, 659, 112, 68
track:1298, 863, 659, 112, 68
track:1299, 863, 659, 112, 68
track:1300, 863, 660, 112, 68
track:1301, 860, 661, 112, 68
track:1302, 859, 661, 112, 68
track:1303, 860, 661, 112, 68
track:1304, 860, 661, 112, 68
track:1305, 861, 662, 107, 65
track:1306, 861, 663, 107, 65
track:1307, 862, 664, 107, 65
track:1308, 861, 664, 107, 65
track:1309, 862, 665, 107, 65
track:1310, 865, 667, 102, 62
track:1311, 868, 669, 97, 59
track:1312, 867, 668, 97, 59
track:1313, 867, 669, 97, 59
track:1314, 868, 670, 93, 56
track:1315, 868, 671, 93, 56
track:1316, 866, 671, 93, 56
track:1317, 865, 671, 93, 56
track:1318, 863, 673, 88, 53
track:1319, 863, 673, 88, 53
track:1320, 862, 673, 88, 53
track:1321, 861, 673, 88, 53
track:1322, 862, 675, 88, 53
track:1323, 862, 676, 88, 53
track:1324, 863, 677, 88, 53
track:1325, 864, 677, 88, 53
track:1326, 867, 679, 84, 51
track:1327, 868, 680, 84, 51
track:1328, 869, 681, 84, 51
track:1329, 869, 681, 84, 51
track:1330, 869, 681, 84, 51
track:1331, 866, 681, 88, 53
track:1332, 863, 682, 84, 51
track:1333, 860, 683, 80, 48
track:1334, 860, 683, 80, 48
init :1335, 858, 675, 170, 54
track:1336, 855, 675, 170, 54
track:1337, 852, 675, 170, 54
track:1338, 849, 675, 170, 54
track:1339, 848, 675, 170, 54
track:1340, 848, 675, 170, 54
track:1341, 848, 675, 170, 54
track:1342, 847, 676, 170, 54
track:1343, 847, 676, 170, 54
track:1344, 845, 676, 170, 54
track:1345, 845, 677, 170, 54
track:1346, 846, 677, 170, 54
track:1347, 847, 677, 170, 54
track:1348, 843, 676, 178, 57
track:1349, 842, 678, 178, 57
track:1350, 841, 678, 178, 57
track:1351, 840, 678, 178, 57
track:1352, 838, 678, 178, 57
track:1353, 839, 678, 178, 57
track:1354, 838, 679, 178, 57
track:1355, 837, 679, 178, 57
track:1356, 842, 680, 170, 54
track:1357, 843, 680, 170, 54
track:1358, 843, 680, 170, 54
track:1359, 844, 680, 170, 54
track:1360, 843, 680, 170, 54
track:1361, 843, 680, 170, 54
track:1362, 838, 680, 178, 57
track:1363, 839, 681, 178, 57
track:1364, 840, 682, 178, 57
track:1365, 844, 684, 170, 54
track:1366, 843, 683, 170, 54
track:1367, 843, 684, 170, 54
track:1368, 839, 683, 178, 57
track:1369, 838, 683, 178, 57
track:1370, 839, 684, 178, 57
track:1371, 832, 683, 187, 60
track:1372, 827, 682, 197, 63
track:1373, 824, 683, 197, 63
track:1374, 820, 682, 207, 66
track:1375, 814, 683, 207, 66
track:1376, 819, 684, 197, 63
track:1377, 823, 685, 197, 63
track:1378, 818, 685, 197, 63
track:1379, 818, 687, 187, 60
track:1380, 808, 686, 197, 63
track:1381, 804, 687, 197, 63
track:1382, 801, 688, 197, 63
track:1383, 798, 689, 197, 63
track:1384, 803, 690, 187, 60
track:1385, 796, 690, 197, 63
track:1386, 798, 691, 197, 63
track:1387, 799, 693, 197, 63
track:1388, 801, 694, 197, 63
track:1389, 802, 694, 197, 63
track:1390, 803, 695, 197, 63
track:1391, 806, 696, 197, 63
track:1392, 811, 698, 197, 63
init :1393, 835, 708, 198, 59
track:1394, 835, 708, 198, 59
track:1395, 841, 710, 189, 56
track:1396, 842, 710, 189, 56
track:1397, 844, 711, 189, 56
track:1398, 845, 712, 189, 56
track:1399, 843, 712, 189, 56
track:1400, 838, 713, 189, 56
track:1401, 834, 714, 189, 56
track:1402, 825, 713, 198, 59
track:1403, 821, 713, 198, 59
track:1404, 820, 713, 198, 59
track:1405, 817, 713, 198, 59
track:1406, 810, 712, 208, 62
track:1407, 804, 712, 208, 62
track:1408, 801, 713, 208, 62
track:1409, 801, 714, 208, 62
track:1410, 800, 714, 208, 62
track:1411, 800, 715, 208, 62
track:1412, 796, 714, 218, 65
track:1413, 802, 716, 208, 62
track:1414, 803, 716, 208, 62
track:1415, 799, 715, 218, 65
track:1416, 800, 716, 218, 65
track:1417, 801, 717, 218, 65
track:1418, 798, 718, 218, 65
track:1419, 796, 718, 218, 65
track:1420, 796, 718, 218, 65
track:1421, 795, 720, 218, 65
track:1422, 794, 720, 218, 65
track:1423, 794, 720, 218, 65
track:1424, 793, 721, 218, 65
track:1425, 794, 721, 218, 65
track:1426, 793, 722, 218, 65
track:1427, 794, 722, 218, 65
track:1428, 792, 721, 218, 65
track:1429, 791, 722, 218, 65
track:1430, 791, 722, 218, 65
track:1431, 790, 722, 218, 65
track:1432, 788, 723, 218, 65
track:1433, 787, 724, 218, 65
track:1434, 786, 724, 218, 65
track:1435, 783, 725, 218, 65
track:1436, 781, 724, 218, 65
track:1437, 783, 727, 208, 62
track:1438, 786, 728, 198, 59
track:1439, 785, 728, 198, 59
track:1440, 785, 729, 198, 59
track:1441, 786, 731, 189, 56
track:1442, 781, 732, 189, 56
track:1443, 780, 732, 189, 56
track:1444, 772, 731, 198, 59
track:1445, 769, 732, 198, 59
track:1446, 758, 730, 208, 62
track:1447, 753, 730, 208, 62
track:1448, 748, 728, 208, 62
track:1449, 754, 729, 198, 59
track:1450, 760, 730, 189, 56
init :1451, 770, 713, 235, 127
track:1452, 771, 713, 235, 127
track:1453, 775, 713, 235, 127
track:1454, 783, 717, 224, 121
track:1455, 784, 715, 235, 127
track:1456, 788, 714, 235, 127
track:1457, 790, 713, 235, 127
track:1458, 794, 714, 235, 127
track:1459, 794, 714, 235, 127
track:1460, 803, 718, 224, 121
track:1461, 808, 718, 224, 121
track:1462, 812, 720, 224, 121
track:1463, 812, 719, 224, 121
track:1464, 818, 722, 213, 115
track:1465, 825, 721, 213, 115
track:1466, 828, 721, 213, 115
track:1467, 835, 725, 203, 110
track:1468, 834, 726, 203, 110
track:1469, 831, 728, 203, 110
track:1470, 832, 730, 203, 110
track:1471, 835, 730, 203, 110
track:1472, 826, 728, 213, 115
track:1473, 825, 728, 213, 115
track:1474, 816, 725, 213, 115
track:1475, 821, 724, 203, 110
track:1476, 816, 724, 203, 110
track:1477, 816, 723, 203, 110
track:1478, 822, 723, 203, 110
track:1479, 814, 725, 203, 110
track:1480, 809, 720, 203, 110
track:1481, 815, 720, 193, 104
track:1482, 816, 718, 193, 104
track:1483, 810, 714, 203, 110
track:1484, 807, 710, 203, 110
track:1485, 806, 708, 203, 110
track:1486, 809, 706, 203, 110
track:1487, 809, 707, 203, 110
track:1488, 810, 707, 203, 110
track:1489, 812, 705, 203, 110
track:1490, 811, 702, 203, 110
track:1491, 810, 699, 213, 115
track:1492, 816, 694, 213, 115
track:1493, 809, 695, 213, 115
track:1494, 798, 689, 213, 115
track:1495, 792, 683, 224, 121
track:1496, 791, 677, 224, 121
track:1497, 800, 677, 213, 115
track:1498, 796, 676, 213, 115
track:1499, 784, 674, 213, 115
track:1500, 788, 672, 203, 110
track:1501, 777, 667, 203, 110
track:1502, 775, 664, 203, 110
track:1503, 777, 666, 193, 104
track:1504, 778, 663, 193, 104
track:1505, 782, 663, 184, 100
track:1506, 784, 659, 175, 95
track:1507, 773, 655, 175, 95
track:1508, 778, 657, 167, 90
init :1509, 826, 625, 309, 119
track:1510, 824, 623, 309, 119
track:1511, 817, 616, 324, 125
track:1512, 813, 614, 324, 125
track:1513, 808, 613, 324, 125
track:1514, 788, 612, 324, 125
track:1515, 767, 612, 324, 125
track:1516, 751, 616, 309, 119
track:1517, 726, 617, 309, 119
track:1518, 733, 620, 294, 113
track:1519, 715, 622, 280, 108
track:1520, 693, 622, 280, 108
track:1521, 671, 621, 280, 108
track:1522, 662, 623, 280, 108
track:1523, 659, 624, 280, 108
track:1524, 650, 623, 280, 108
track:1525, 647, 623, 280, 108
track:1526, 648, 623, 280, 108
track:1527, 648, 623, 280, 108
track:1528, 652, 623, 280, 108
track:1529, 679, 622, 280, 108
track:1530, 702, 621, 280, 108
track:1531, 735, 623, 267, 103
track:1532, 759, 622, 267, 103
track:1533, 754, 621, 267, 103
track:1534, 788, 622, 254, 98
track:1535, 814, 622, 254, 98
track:1536, 834, 625, 254, 98
track:1537, 855, 625, 254, 98
track:1538, 854, 625, 254, 98
track:1539, 860, 627, 254, 98
track:1540, 870, 629, 254, 98
track:1541, 872, 630, 254, 98
track:1542, 875, 632, 254, 98
track:1543, 876, 632, 254, 98
track:1544, 884, 634, 242, 93
track:1545, 885, 637, 231, 89
track:1546, 887, 639, 220, 85
track:1547, 874, 642, 220, 85
track:1548, 874, 642, 220, 85
track:1549, 874, 646, 209, 81
track:1550, 862, 649, 209, 81
track:1551, 860, 650, 199, 77
track:1552, 854, 651, 209, 81
track:1553, 853, 651, 209, 81
track:1554, 852, 650, 209, 81
track:1555, 850, 651, 209, 81
track:1556, 855, 652, 199, 77
track:1557, 854, 651, 199, 77
track:1558, 858, 651, 199, 77
track:1559, 860, 652, 199, 77
track:1560, 863, 653, 199, 77
track:1561, 875, 651, 199, 77
track:1562, 881, 655, 190, 73
track:1563, 878, 655, 190, 73
track:1564, 883, 658, 181, 70
track:1565, 883, 660, 181, 70
track:1566, 884, 659, 181, 70
init :1567, 913, 669, 180, 72
track:1568, 913, 669, 180, 72
track:1569, 912, 670, 180, 72
track:1570, 915, 673, 171, 69
track:1571, 912, 673, 171, 69
track:1572, 910, 674, 171, 69
track:1573, 910, 675, 171, 69
track:1574, 906, 674, 171, 69
track:1575, 902, 675, 171, 69
track:1576, 894, 674, 180, 72
track:1577, 895, 677, 171, 69
track:1578, 899, 679, 163, 65
track:1579, 896, 679, 163, 65
track:1580, 897, 679, 155, 62
track:1581, 892, 679, 155, 62
track:1582, 888, 680, 155, 62
track:1583, 890, 680, 155, 62
track:1584, 889, 680, 155, 62
track:1585, 886, 680, 155, 62
track:1586, 887, 682, 148, 59
track:1587, 886, 682, 148, 59
track:1588, 886, 683, 148, 59
track:1589, 886, 683, 148, 59
track:1590, 891, 684, 141, 56
track:1591, 890, 685, 141, 56
track:1592, 888, 685, 141, 56
track:1593, 893, 687, 134, 54
track:1594, 892, 688, 134, 54
track:1595, 889, 688, 134, 54
track:1596, 889, 689, 134, 54
track:1599, 885, 689, 134, 54
track:1600, 887, 688, 134, 54
track:1601, 887, 690, 128, 51
track:1602, 890, 691, 122, 49
track:1603, 888, 688, 128, 51
track:1604, 885, 688, 128, 51
track:1605, 881, 687, 128, 51
track:1606, 878, 688, 128, 51
track:1607, 871, 687, 134, 54
track:1608, 871, 688, 134, 54
elapseTime: 15.951
