init :7, 821, 630, 235, 197
track:8, 821, 630, 235, 197
track:9, 822, 630, 235, 197
track:10, 821, 631, 235, 197
track:11, 823, 630, 235, 197
track:12, 823, 630, 235, 197
track:13, 824, 630, 235, 197
track:14, 824, 630, 235, 197
track:15, 824, 630, 235, 197
track:16, 825, 630, 235, 197
track:17, 826, 630, 235, 197
track:18, 825, 630, 235, 197
track:19, 825, 629, 235, 197
track:20, 821, 626, 247, 207
track:21, 820, 626, 247, 207
track:22, 827, 631, 235, 197
track:23, 828, 631, 235, 197
track:24, 827, 631, 235, 197
track:25, 828, 630, 235, 197
track:26, 829, 631, 235, 197
track:27, 829, 631, 235, 197
track:28, 829, 631, 235, 197
track:29, 829, 630, 235, 197
track:30, 829, 630, 235, 197
track:31, 830, 629, 235, 197
track:32, 831, 631, 235, 197
track:33, 829, 630, 235, 197
track:34, 830, 631, 235, 197
track:35, 830, 630, 235, 197
track:36, 830, 631, 235, 197
track:37, 829, 630, 235, 197
track:38, 831, 630, 235, 197
track:39, 830, 630, 235, 197
track:40, 830, 630, 235, 197
track:41, 831, 629, 235, 197
track:42, 830, 631, 235, 197
track:43, 831, 630, 235, 197
track:44, 830, 631, 235, 197
track:45, 832, 630, 235, 197
track:46, 830, 631, 235, 197
track:48, 832, 630, 235, 197
track:49, 830, 630, 235, 197
track:50, 831, 629, 235, 197
track:51, 832, 629, 235, 197
track:52, 831, 628, 235, 197
track:53, 832, 629, 235, 197
track:54, 831, 629, 235, 197
init :55, 830, 630, 235, 197
track:56, 830, 630, 235, 197
track:57, 830, 630, 235, 197
track:58, 829, 631, 235, 197
track:59, 830, 630, 235, 197
track:60, 829, 631, 235, 197
track:61, 829, 630, 235, 197
track:62, 829, 631, 235, 197
track:63, 828, 630, 235, 197
track:64, 829, 631, 235, 197
track:65, 828, 630, 235, 197
track:66, 828, 630, 235, 197
track:67, 829, 630, 235, 197
track:68, 828, 630, 235, 197
track:69, 828, 630, 235, 197
track:70, 828, 631, 235, 197
track:71, 828, 630, 235, 197
track:72, 827, 631, 235, 197
track:73, 828, 631, 235, 197
track:74, 827, 630, 235, 197
track:75, 827, 631, 235, 197
track:76, 828, 631, 235, 197
track:77, 827, 631, 235, 197
track:78, 827, 631, 235, 197
track:79, 827, 631, 235, 197
track:80, 827, 631, 235, 197
track:81, 827, 631, 235, 197
track:82, 827, 631, 235, 197
track:83, 827, 631, 235, 197
track:84, 826, 631, 235, 197
track:85, 827, 631, 235, 197
track:86, 826, 632, 235, 197
track:87, 826, 631, 235, 197
track:88, 826, 632, 235, 197
track:89, 826, 631, 235, 197
track:90, 826, 632, 235, 197
track:91, 826, 632, 235, 197
track:92, 827, 632, 235, 197
track:93, 827, 633, 235, 197
track:94, 826, 632, 235, 197
track:95, 827, 633, 235, 197
track:96, 827, 632, 235, 197
track:97, 828, 631, 235, 197
track:98, 829, 631, 235, 197
track:99, 828, 630, 235, 197
track:100, 829, 631, 235, 197
track:101, 830, 630, 235, 197
track:102, 831, 629, 235, 197
track:103, 831, 629, 235, 197
track:104, 831, 629, 235, 197
track:105, 831, 627, 235, 197
track:106, 832, 627, 235, 197
track:107, 834, 625, 235, 197
track:108, 835, 623, 235, 197
init :109, 835, 623, 235, 194
track:110, 835, 622, 235, 194
track:111, 835, 620, 235, 194
track:112, 836, 618, 235, 194
track:113, 837, 616, 235, 194
track:114, 836, 617, 235, 194
track:115, 837, 615, 235, 194
track:116, 838, 613, 235, 194
track:117, 844, 615, 224, 185
track:120, 845, 613, 224, 185
track:121, 848, 610, 224, 185
track:122, 847, 608, 224, 185
track:123, 845, 607, 224, 185
track:124, 847, 606, 224, 185
track:125, 851, 609, 213, 176
track:126, 850, 606, 213, 176
track:127, 852, 609, 203, 168
track:128, 858, 611, 193, 160
track:129, 857, 612, 193, 160
track:130, 857, 613, 193, 160
track:131, 857, 613, 193, 160
track:132, 860, 617, 193, 160
track:133, 856, 615, 203, 168
track:134, 856, 616, 203, 168
track:135, 856, 617, 203, 168
track:136, 857, 618, 203, 168
track:137, 858, 620, 203, 168
track:138, 858, 620, 203, 168
track:139, 858, 621, 203, 168
track:140, 858, 620, 203, 168
track:141, 858, 619, 203, 168
track:142, 856, 620, 203, 168
track:143, 854, 621, 203, 168
track:144, 855, 620, 203, 168
track:145, 852, 624, 203, 168
track:146, 851, 626, 203, 168
track:147, 851, 627, 203, 168
track:148, 852, 628, 203, 168
track:149, 853, 628, 203, 168
track:150, 854, 632, 203, 168
track:151, 854, 634, 203, 168
track:152, 854, 636, 203, 168
track:153, 854, 638, 203, 168
track:154, 854, 640, 203, 168
track:155, 855, 641, 203, 168
track:156, 855, 641, 203, 168
track:157, 856, 642, 203, 168
track:158, 857, 643, 203, 168
track:159, 859, 644, 203, 168
track:160, 855, 645, 203, 168
track:161, 860, 650, 193, 160
track:162, 863, 653, 184, 152
init :163, 863, 656, 170, 150
track:164, 863, 656, 170, 150
track:165, 863, 656, 170, 150
track:166, 863, 657, 170, 150
track:167, 863, 657, 170, 150
track:168, 864, 658, 170, 150
track:169, 864, 658, 170, 150
track:170, 865, 657, 170, 150
track:171, 867, 655, 170, 150
track:172, 867, 654, 170, 150
track:173, 867, 654, 170, 150
track:174, 866, 654, 170, 150
track:175, 864, 654, 170, 150
track:176, 863, 655, 170, 150
track:177, 862, 655, 170, 150
track:178, 864, 656, 170, 150
track:179, 865, 656, 170, 150
track:180, 865, 658, 170, 150
track:181, 866, 659, 170, 150
track:182, 867, 661, 170, 150
track:183, 869, 663, 170, 150
track:184, 869, 664, 170, 150
track:185, 871, 666, 170, 150
track:186, 869, 665, 170, 150
track:187, 866, 659, 170, 150
track:188, 860, 655, 170, 150
track:189, 859, 655, 170, 150
track:190, 858, 654, 170, 150
track:191, 858, 652, 170, 150
track:192, 857, 648, 170, 150
track:193, 857, 646, 170, 150
track:194, 856, 646, 170, 150
track:195, 856, 645, 170, 150
track:196, 858, 643, 170, 150
track:197, 859, 641, 170, 150
track:198, 857, 642, 170, 150
track:199, 856, 642, 170, 150
track:200, 854, 643, 170, 150
track:201, 852, 643, 170, 150
track:202, 851, 640, 170, 150
track:203, 851, 638, 170, 150
track:204, 851, 638, 170, 150
track:205, 850, 636, 170, 150
track:206, 851, 635, 170, 150
track:207, 850, 633, 170, 150
track:208, 850, 633, 170, 150
track:209, 848, 631, 170, 150
track:210, 847, 627, 170, 150
track:211, 846, 624, 170, 150
track:212, 845, 622, 170, 150
track:213, 849, 626, 162, 143
track:214, 848, 624, 162, 143
track:215, 849, 624, 162, 143
track:216, 852, 626, 154, 136
init :217, 849, 630, 147, 124
track:218, 849, 630, 147, 124
track:219, 849, 631, 147, 124
track:220, 849, 636, 147, 124
track:221, 848, 638, 147, 124
track:222, 848, 640, 147, 124
track:223, 848, 641, 147, 124
track:224, 848, 643, 147, 124
track:225, 848, 644, 147, 124
track:226, 848, 645, 147, 124
track:227, 852, 648, 140, 118
track:228, 852, 648, 140, 118
track:229, 851, 649, 140, 118
track:230, 852, 649, 140, 118
track:231, 852, 648, 140, 118
track:232, 851, 645, 140, 118
track:233, 850, 645, 140, 118
track:234, 853, 647, 133, 112
track:235, 853, 647, 133, 112
track:236, 853, 645, 133, 112
track:237, 856, 645, 133, 112
track:238, 855, 645, 133, 112
track:239, 857, 647, 133, 112
track:240, 858, 648, 133, 112
track:241, 858, 650, 133, 112
track:242, 862, 653, 127, 107
track:243, 862, 653, 127, 107
track:244, 861, 652, 127, 107
track:245, 861, 654, 127, 107
track:246, 862, 654, 127, 107
track:247, 862, 654, 127, 107
track:248, 863, 654, 127, 107
track:249, 861, 655, 127, 107
track:250, 862, 656, 127, 107
track:251, 862, 657, 127, 107
track:252, 863, 659, 127, 107
track:253, 863, 660, 127, 107
track:254, 864, 662, 127, 107
track:255, 864, 665, 127, 107
track:256, 864, 666, 127, 107
track:257, 866, 670, 127, 107
track:258, 865, 671, 127, 107
track:259, 866, 672, 127, 107
track:260, 866, 674, 127, 107
track:261, 867, 675, 127, 107
track:262, 865, 675, 127, 107
track:263, 866, 676, 127, 107
track:264, 865, 677, 127, 107
track:265, 866, 680, 127, 107
track:266, 866, 681, 127, 107
track:267, 865, 682, 127, 107
track:268, 866, 683, 127, 107
track:269, 866, 684, 127, 107
track:270, 866, 685, 127, 107
init :271, 867, 687, 124, 101
track:272, 868, 690, 124, 101
track:273, 868, 690, 124, 101
track:274, 868, 692, 124, 101
track:275, 869, 694, 124, 101
track:276, 869, 697, 124, 101
track:277, 871, 699, 124, 101
track:278, 872, 700, 124, 101
track:279, 870, 697, 130, 106
track:280, 867, 694, 137, 111
track:281, 869, 693, 137, 111
track:282, 870, 695, 137, 111
track:283, 871, 696, 137, 111
track:284, 872, 698, 137, 111
track:285, 871, 695, 144, 117
track:286, 873, 695, 144, 117
track:287, 870, 690, 151, 123
track:288, 870, 689, 151, 123
track:289, 867, 684, 158, 129
track:290, 868, 678, 158, 129
track:291, 864, 668, 166, 135
track:292, 866, 663, 166, 135
track:293, 866, 662, 166, 135
track:294, 866, 661, 166, 135
track:295, 864, 655, 174, 142
track:296, 861, 652, 183, 149
track:297, 862, 653, 183, 149
track:298, 861, 652, 183, 149
track:299, 855, 649, 192, 157
track:300, 849, 647, 202, 165
track:301, 848, 648, 202, 165
track:302, 841, 649, 212, 173
track:303, 835, 646, 223, 181
track:304, 833, 650, 223, 181
track:305, 831, 651, 223, 181
track:306, 832, 651, 223, 181
track:307, 828, 649, 223, 181
track:308, 830, 648, 223, 181
track:309, 827, 647, 223, 181
track:310, 828, 638, 223, 181
track:311, 828, 623, 223, 181
track:312, 828, 614, 223, 181
track:313, 829, 613, 223, 181
track:314, 830, 606, 223, 181
track:315, 824, 595, 234, 190
track:316, 823, 585, 234, 190
track:317, 830, 583, 223, 181
track:318, 831, 582, 223, 181
track:319, 832, 581, 223, 181
track:320, 839, 573, 223, 181
track:321, 846, 568, 212, 173
track:322, 846, 568, 212, 173
track:323, 846, 568, 212, 173
track:324, 846, 573, 212, 173
init :325, 853, 573, 198, 166
track:326, 853, 568, 198, 166
track:327, 852, 568, 198, 166
track:328, 851, 567, 198, 166
track:329, 853, 578, 189, 158
track:330, 850, 584, 189, 158
track:331, 845, 582, 198, 166
track:332, 843, 586, 198, 166
track:333, 844, 586, 198, 166
track:334, 842, 588, 198, 166
track:335, 842, 590, 198, 166
track:336, 842, 592, 198, 166
track:337, 842, 593, 198, 166
track:338, 842, 593, 198, 166
track:339, 848, 596, 189, 158
track:340, 849, 592, 189, 158
track:341, 850, 593, 189, 158
track:342, 849, 591, 189, 158
track:343, 853, 593, 180, 151
track:344, 853, 593, 180, 151
track:345, 853, 589, 180, 151
track:346, 854, 591, 180, 151
track:347, 857, 596, 171, 143
track:348, 856, 596, 171, 143
track:349, 857, 599, 171, 143
track:350, 862, 608, 163, 137
track:351, 863, 611, 163, 137
track:352, 864, 613, 163, 137
track:353, 864, 614, 163, 137
track:354, 864, 616, 163, 137
track:355, 863, 617, 163, 137
track:356, 867, 621, 155, 130
track:357, 867, 622, 155, 130
track:358, 866, 622, 155, 130
track:359, 866, 622, 155, 130
track:360, 868, 625, 148, 124
track:361, 867, 626, 148, 124
track:362, 867, 626, 148, 124
track:363, 866, 625, 148, 124
track:364, 867, 627, 148, 124
track:365, 869, 629, 141, 118
track:366, 868, 629, 141, 118
track:367, 867, 631, 141, 118
track:368, 867, 631, 141, 118
track:369, 866, 632, 141, 118
track:370, 870, 640, 134, 112
track:371, 869, 645, 134, 112
track:372, 868, 650, 134, 112
track:373, 868, 650, 134, 112
track:374, 868, 651, 134, 112
track:375, 870, 654, 128, 107
track:376, 867, 656, 128, 107
track:377, 864, 656, 128, 107
track:378, 864, 656, 128, 107
init :379, 867, 662, 115, 98
track:380, 867, 661, 115, 98
track:381, 867, 661, 115, 98
track:382, 865, 662, 115, 98
track:383, 864, 662, 115, 98
track:384, 864, 662, 115, 98
track:385, 863, 661, 115, 98
track:386, 863, 661, 115, 98
track:387, 862, 661, 115, 98
track:388, 863, 661, 115, 98
track:389, 862, 660, 115, 98
track:390, 862, 660, 115, 98
track:391, 862, 662, 115, 98
track:392, 862, 665, 115, 98
track:393, 863, 666, 115, 98
track:394, 862, 666, 115, 98
track:395, 864, 672, 115, 98
track:396, 864, 675, 115, 98
track:397, 866, 679, 115, 98
track:398, 869, 682, 110, 93
track:399, 870, 686, 110, 93
track:400, 874, 692, 104, 89
track:401, 875, 698, 104, 89
track:402, 876, 702, 104, 89
track:403, 876, 702, 104, 89
track:404, 876, 704, 104, 89
track:405, 877, 704, 104, 89
track:406, 877, 703, 104, 89
track:407, 879, 704, 104, 89
track:408, 879, 703, 104, 89
track:409, 879, 702, 104, 89
track:410, 879, 701, 104, 89
track:411, 880, 697, 104, 89
track:412, 881, 695, 104, 89
track:413, 881, 695, 104, 89
track:414, 881, 695, 104, 89
track:415, 881, 695, 104, 89
track:416, 882, 697, 104, 89
track:417, 882, 698, 104, 89
track:418, 882, 698, 104, 89
track:419, 882, 698, 104, 89
track:420, 880, 699, 104, 89
track:421, 879, 699, 104, 89
track:422, 879, 696, 104, 89
track:423, 878, 696, 104, 89
track:424, 877, 694, 104, 89
track:425, 877, 692, 104, 89
track:426, 876, 690, 104, 89
track:427, 875, 688, 104, 89
track:428, 875, 688, 104, 89
track:429, 875, 689, 104, 89
track:430, 875, 689, 104, 89
track:431, 875, 689, 104, 89
track:432, 873, 689, 104, 89
init :433, 872, 690, 110, 83
track:434, 871, 690, 110, 83
track:435, 871, 691, 110, 83
track:436, 871, 691, 110, 83
track:437, 870, 693, 110, 83
track:438, 870, 694, 110, 83
track:439, 871, 695, 110, 83
track:440, 872, 696, 110, 83
track:441, 872, 696, 110, 83
track:442, 872, 695, 110, 83
track:443, 873, 696, 110, 83
track:444, 873, 696, 110, 83
track:445, 873, 697, 110, 83
track:446, 874, 698, 110, 83
track:447, 873, 697, 110, 83
track:448, 873, 696, 110, 83
track:449, 873, 695, 110, 83
track:450, 873, 695, 110, 83
track:451, 874, 696, 110, 83
track:452, 875, 698, 110, 83
track:453, 876, 699, 110, 83
track:454, 877, 699, 110, 83
track:455, 877, 699, 110, 83
track:456, 877, 700, 110, 83
track:457, 875, 697, 115, 87
track:458, 874, 697, 115, 87
track:459, 875, 697, 115, 87
track:460, 872, 694, 121, 92
track:461, 872, 694, 121, 92
track:462, 873, 693, 121, 92
track:463, 872, 693, 121, 92
track:464, 871, 690, 121, 92
track:465, 871, 687, 121, 92
track:466, 869, 686, 127, 96
track:467, 869, 686, 127, 96
track:468, 869, 687, 127, 96
track:469, 869, 687, 127, 96
track:470, 870, 689, 127, 96
track:471, 872, 690, 127, 96
track:472, 869, 688, 134, 101
track:473, 869, 690, 134, 101
track:474, 869, 693, 134, 101
track:475, 871, 693, 134, 101
track:476, 873, 692, 134, 101
track:477, 874, 691, 134, 101
track:478, 875, 690, 134, 101
track:479, 873, 687, 140, 106
track:480, 876, 679, 140, 106
track:481, 874, 672, 147, 111
track:482, 874, 672, 147, 111
track:483, 875, 665, 147, 111
track:484, 877, 664, 147, 111
track:485, 876, 661, 155, 117
track:486, 876, 665, 155, 117
init :487, 872, 656, 161, 147
track:488, 872, 660, 161, 147
track:490, 863, 660, 169, 154
track:491, 862, 661, 169, 154
track:492, 861, 662, 169, 154
track:493, 859, 662, 169, 154
track:494, 859, 662, 169, 154
track:495, 855, 655, 169, 154
track:496, 853, 650, 169, 154
track:497, 853, 649, 169, 154
track:498, 851, 647, 169, 154
track:499, 851, 643, 169, 154
track:500, 849, 639, 169, 154
track:501, 849, 635, 169, 154
track:502, 849, 635, 169, 154
track:503, 849, 632, 169, 154
track:504, 849, 630, 169, 154
track:505, 848, 629, 169, 154
track:506, 847, 628, 169, 154
track:507, 848, 628, 169, 154
track:508, 846, 626, 169, 154
track:509, 847, 623, 169, 154
track:510, 847, 619, 169, 154
track:511, 845, 617, 169, 154
track:512, 845, 617, 169, 154
track:513, 844, 617, 169, 154
track:514, 848, 621, 161, 147
track:515, 849, 621, 161, 147
track:516, 848, 620, 161, 147
track:517, 849, 621, 161, 147
track:518, 849, 619, 161, 147
track:519, 849, 619, 161, 147
track:520, 849, 616, 161, 147
track:521, 851, 616, 161, 147
track:522, 854, 618, 153, 140
track:523, 854, 620, 153, 140
track:524, 855, 622, 153, 140
track:525, 859, 627, 146, 133
track:526, 861, 628, 146, 133
track:527, 861, 629, 146, 133
track:528, 864, 631, 139, 127
track:529, 865, 630, 139, 127
track:530, 865, 628, 139, 127
track:531, 867, 628, 139, 127
track:532, 866, 627, 139, 127
track:533, 871, 630, 132, 121
track:534, 872, 631, 132, 121
track:535, 872, 631, 132, 121
track:536, 872, 634, 132, 121
track:537, 871, 633, 132, 121
track:538, 872, 635, 132, 121
track:539, 872, 636, 132, 121
track:540, 875, 639, 126, 115
init :543, 876, 649, 120, 90
track:544, 876, 649, 120, 90
track:546, 875, 656, 120, 90
track:547, 874, 656, 120, 90
track:548, 873, 659, 120, 90
track:549, 873, 661, 120, 90
track:550, 872, 662, 120, 90
track:551, 874, 666, 114, 86
track:552, 874, 666, 114, 86
track:553, 873, 666, 114, 86
track:554, 872, 665, 114, 86
track:555, 872, 665, 114, 86
track:556, 871, 666, 114, 86
track:557, 871, 666, 114, 86
track:558, 870, 671, 114, 86
track:559, 873, 675, 109, 82
track:560, 874, 678, 109, 82
track:561, 876, 683, 104, 78
track:562, 876, 683, 104, 78
track:563, 876, 685, 104, 78
track:564, 876, 687, 104, 78
track:565, 875, 688, 104, 78
track:566, 877, 691, 99, 74
track:567, 877, 692, 99, 74
track:568, 878, 695, 99, 74
track:569, 879, 695, 99, 74
track:570, 878, 698, 99, 74
track:571, 878, 701, 99, 74
track:572, 878, 701, 99, 74
track:573, 879, 704, 99, 74
track:574, 880, 706, 99, 74
track:575, 881, 705, 99, 74
track:576, 877, 701, 104, 78
track:577, 878, 701, 104, 78
track:578, 878, 698, 104, 78
track:579, 878, 697, 104, 78
track:580, 880, 696, 104, 78
track:581, 881, 696, 104, 78
track:582, 880, 697, 104, 78
track:583, 879, 699, 104, 78
track:584, 880, 701, 104, 78
track:585, 879, 701, 104, 78
track:586, 879, 701, 104, 78
track:587, 880, 701, 104, 78
track:588, 880, 702, 104, 78
track:589, 878, 699, 109, 82
track:590, 877, 699, 109, 82
track:591, 875, 701, 109, 82
track:592, 875, 701, 109, 82
track:593, 873, 700, 109, 82
track:594, 874, 698, 109, 82
init :595, 872, 685, 110, 85
track:596, 871, 683, 110, 85
track:597, 870, 683, 110, 85
track:598, 870, 678, 110, 85
track:599, 870, 673, 110, 85
track:600, 870, 669, 110, 85
track:601, 871, 668, 110, 85
track:602, 871, 668, 110, 85
track:603, 871, 668, 110, 85
track:604, 870, 662, 110, 85
track:605, 870, 659, 110, 85
track:606, 870, 658, 110, 85
track:607, 870, 659, 110, 85
track:608, 870, 658, 110, 85
track:609, 871, 658, 110, 85
track:610, 871, 660, 110, 85
track:611, 871, 662, 110, 85
track:612, 870, 663, 110, 85
track:613, 870, 666, 110, 85
track:614, 871, 668, 110, 85
track:615, 871, 671, 110, 85
track:616, 870, 673, 110, 85
track:617, 868, 671, 115, 89
track:618, 868, 672, 115, 89
track:619, 868, 670, 115, 89
track:620, 867, 668, 121, 94
track:621, 867, 668, 121, 94
track:622, 868, 667, 121, 94
track:623, 867, 667, 121, 94
track:624, 866, 665, 121, 94
track:625, 866, 664, 121, 94
track:626, 868, 666, 121, 94
track:627, 868, 666, 121, 94
track:628, 868, 667, 121, 94
track:629, 867, 666, 121, 94
track:630, 867, 664, 121, 94
track:631, 867, 663, 121, 94
track:632, 867, 663, 121, 94
track:633, 866, 664, 127, 98
track:634, 866, 666, 127, 98
track:635, 867, 669, 127, 98
track:636, 869, 670, 127, 98
track:637, 868, 670, 127, 98
track:638, 867, 669, 134, 103
track:639, 868, 670, 134, 103
track:640, 868, 669, 134, 103
track:641, 869, 667, 134, 103
track:642, 868, 668, 134, 103
track:643, 868, 666, 134, 103
track:644, 868, 664, 134, 103
track:645, 868, 655, 134, 103
track:646, 869, 654, 134, 103
track:647, 869, 654, 134, 103
track:648, 869, 653, 134, 103
init :649, 863, 651, 143, 119
track:650, 865, 652, 143, 119
track:651, 867, 652, 143, 119
track:652, 867, 652, 143, 119
track:653, 869, 652, 143, 119
track:654, 868, 653, 143, 119
track:655, 870, 656, 143, 119
track:656, 871, 659, 143, 119
track:657, 872, 660, 143, 119
track:658, 870, 661, 150, 125
track:659, 874, 662, 143, 119
track:660, 874, 662, 143, 119
track:661, 874, 661, 143, 119
track:662, 876, 660, 143, 119
track:663, 876, 660, 143, 119
track:664, 876, 659, 143, 119
track:665, 878, 656, 143, 119
track:666, 878, 656, 143, 119
track:667, 879, 655, 143, 119
track:668, 879, 653, 143, 119
track:669, 879, 652, 143, 119
track:670, 878, 653, 143, 119
track:671, 877, 652, 143, 119
track:672, 876, 652, 143, 119
track:673, 875, 652, 143, 119
track:674, 873, 650, 143, 119
track:675, 873, 649, 143, 119
track:676, 871, 650, 143, 119
track:677, 872, 650, 143, 119
track:678, 869, 653, 143, 119
track:679, 869, 663, 143, 119
track:680, 870, 670, 143, 119
track:681, 870, 671, 143, 119
track:682, 870, 672, 143, 119
track:683, 865, 668, 150, 125
track:684, 864, 667, 150, 125
track:685, 863, 670, 150, 125
track:686, 863, 672, 150, 125
track:687, 864, 673, 150, 125
track:688, 864, 672, 150, 125
track:689, 862, 671, 150, 125
track:690, 860, 670, 150, 125
track:691, 860, 667, 150, 125
track:692, 860, 667, 150, 125
track:693, 860, 666, 150, 125
track:694, 860, 665, 150, 125
track:695, 861, 664, 150, 125
track:696, 859, 663, 150, 125
track:697, 858, 663, 150, 125
track:698, 856, 662, 150, 125
track:699, 854, 661, 150, 125
track:700, 854, 663, 150, 125
track:701, 855, 664, 150, 125
track:702, 854, 665, 150, 125
init :703, 858, 672, 147, 122
track:704, 857, 675, 147, 122
track:705, 857, 681, 147, 122
track:706, 855, 683, 147, 122
track:707, 855, 683, 147, 122
track:708, 855, 685, 147, 122
track:709, 855, 685, 147, 122
track:710, 854, 684, 147, 122
track:711, 855, 683, 147, 122
track:712, 855, 681, 147, 122
track:713, 854, 679, 147, 122
track:714, 854, 678, 147, 122
track:715, 850, 677, 154, 128
track:716, 853, 680, 147, 122
track:717, 853, 682, 147, 122
track:718, 854, 682, 147, 122
track:719, 855, 682, 147, 122
track:720, 856, 682, 147, 122
track:721, 856, 682, 147, 122
track:722, 857, 683, 147, 122
track:723, 856, 682, 147, 122
track:724, 857, 679, 147, 122
track:725, 856, 676, 147, 122
track:726, 854, 672, 154, 128
track:727, 854, 671, 154, 128
track:728, 854, 668, 154, 128
track:729, 854, 665, 154, 128
track:730, 855, 662, 154, 128
track:731, 856, 661, 154, 128
track:732, 856, 661, 154, 128
track:733, 853, 657, 162, 135
track:734, 853, 654, 162, 135
track:735, 854, 648, 162, 135
track:736, 855, 647, 162, 135
track:737, 855, 646, 162, 135
track:738, 854, 645, 162, 135
track:739, 853, 645, 162, 135
track:740, 854, 646, 162, 135
track:741, 855, 646, 162, 135
track:742, 855, 647, 162, 135
track:743, 854, 648, 162, 135
track:744, 853, 648, 162, 135
track:745, 854, 646, 162, 135
track:746, 854, 645, 162, 135
track:747, 855, 644, 162, 135
track:748, 855, 634, 162, 135
track:749, 853, 630, 162, 135
track:750, 852, 629, 162, 135
track:751, 851, 629, 162, 135
track:752, 851, 630, 162, 135
track:753, 852, 631, 162, 135
track:754, 854, 631, 162, 135
track:755, 857, 631, 162, 135
track:756, 857, 631, 162, 135
init :757, 853, 633, 161, 111
track:758, 852, 632, 161, 111
track:759, 852, 635, 161, 111
track:760, 851, 638, 161, 111
track:761, 852, 639, 161, 111
track:762, 854, 640, 161, 111
track:763, 858, 639, 161, 111
track:764, 858, 639, 161, 111
track:765, 856, 640, 161, 111
track:766, 856, 640, 161, 111
track:767, 855, 640, 161, 111
track:768, 855, 642, 161, 111
track:769, 856, 643, 161, 111
track:770, 858, 653, 161, 111
track:771, 859, 653, 161, 111
track:772, 860, 653, 161, 111
track:773, 864, 654, 153, 106
track:774, 866, 653, 153, 106
track:775, 866, 654, 153, 106
track:776, 867, 653, 153, 106
track:777, 867, 652, 153, 106
track:778, 868, 652, 153, 106
track:779, 869, 652, 153, 106
track:780, 869, 653, 153, 106
track:781, 869, 653, 153, 106
track:782, 869, 653, 153, 106
track:783, 869, 652, 153, 106
track:784, 873, 653, 146, 101
track:785, 872, 653, 146, 101
track:786, 872, 653, 146, 101
track:787, 871, 655, 146, 101
track:788, 874, 657, 139, 96
track:789, 873, 658, 139, 96
track:790, 873, 657, 139, 96
track:791, 873, 657, 139, 96
track:792, 872, 656, 139, 96
track:793, 872, 658, 139, 96
track:794, 872, 659, 139, 96
track:795, 872, 663, 139, 96
track:796, 873, 663, 139, 96
track:797, 873, 663, 139, 96
track:798, 873, 662, 139, 96
track:799, 872, 662, 139, 96
track:800, 873, 664, 139, 96
track:801, 872, 665, 139, 96
track:802, 872, 665, 139, 96
track:803, 872, 665, 139, 96
track:804, 872, 666, 139, 96
track:805, 871, 666, 139, 96
track:806, 871, 666, 139, 96
track:807, 870, 666, 139, 96
track:808, 869, 667, 139, 96
track:809, 869, 670, 139, 96
track:810, 871, 672, 139, 96
init :811, 872, 662, 138, 106
track:812, 870, 663, 138, 106
track:813, 869, 663, 138, 106
track:814, 868, 663, 138, 106
track:815, 864, 662, 145, 111
track:816, 864, 661, 145, 111
track:817, 865, 664, 145, 111
track:818, 866, 672, 138, 106
track:819, 865, 673, 138, 106
track:820, 861, 682, 145, 111
track:821, 860, 683, 145, 111
track:822, 860, 683, 145, 111
track:823, 859, 682, 145, 111
track:824, 859, 681, 145, 111
track:825, 857, 681, 145, 111
track:826, 857, 681, 145, 111
track:827, 857, 685, 145, 111
track:828, 854, 690, 152, 117
track:829, 854, 691, 152, 117
track:830, 852, 688, 160, 123
track:831, 853, 689, 160, 123
track:832, 853, 690, 160, 123
track:833, 852, 685, 168, 129
track:834, 849, 678, 176, 135
track:835, 847, 668, 176, 135
track:836, 848, 668, 176, 135
track:837, 847, 661, 176, 135
track:838, 845, 660, 176, 135
track:839, 845, 657, 176, 135
track:840, 842, 651, 176, 135
track:841, 842, 651, 176, 135
track:842, 840, 649, 176, 135
track:843, 837, 646, 176, 135
track:844, 836, 642, 176, 135
track:845, 830, 627, 176, 135
track:846, 829, 627, 176, 135
track:847, 824, 617, 185, 142
track:848, 821, 609, 194, 149
track:849, 819, 606, 194, 149
track:850, 818, 605, 194, 149
track:851, 818, 605, 194, 149
track:852, 822, 600, 194, 149
track:853, 826, 597, 194, 149
track:854, 828, 597, 194, 149
track:855, 827, 600, 194, 149
track:856, 827, 602, 194, 149
track:857, 828, 603, 194, 149
track:858, 830, 601, 194, 149
track:859, 835, 600, 185, 142
track:860, 835, 597, 185, 142
track:861, 835, 597, 185, 142
track:862, 834, 600, 185, 142
track:863, 835, 603, 185, 142
track:864, 836, 609, 185, 142
init :865, 844, 623, 175, 147
track:866, 844, 623, 175, 147
track:867, 844, 628, 175, 147
track:868, 844, 630, 175, 147
track:869, 844, 631, 175, 147
track:870, 845, 635, 175, 147
track:871, 850, 638, 167, 140
track:872, 851, 640, 167, 140
track:873, 851, 639, 167, 140
track:874, 852, 639, 167, 140
track:875, 855, 642, 159, 133
track:876, 856, 643, 159, 133
track:877, 856, 643, 159, 133
track:878, 857, 644, 159, 133
track:879, 860, 643, 159, 133
track:880, 859, 643, 159, 133
track:881, 859, 642, 159, 133
track:882, 860, 642, 159, 133
track:883, 861, 641, 159, 133
track:884, 868, 644, 151, 127
track:885, 870, 643, 151, 127
track:886, 870, 643, 151, 127
track:887, 874, 647, 144, 121
track:888, 875, 647, 144, 121
track:889, 876, 647, 144, 121
track:890, 877, 645, 144, 121
track:891, 879, 645, 144, 121
track:892, 879, 644, 144, 121
track:893, 880, 643, 144, 121
track:894, 880, 642, 144, 121
track:895, 881, 643, 144, 121
track:896, 886, 645, 137, 115
track:897, 885, 645, 137, 115
track:898, 883, 644, 137, 115
track:899, 883, 646, 131, 110
track:900, 883, 648, 131, 110
track:901, 883, 648, 131, 110
track:902, 883, 650, 131, 110
track:903, 885, 653, 124, 104
track:904, 885, 652, 124, 104
track:905, 886, 653, 124, 104
track:906, 885, 653, 124, 104
track:907, 911, 641, 124, 104
track:908, 912, 640, 124, 104
track:909, 912, 652, 124, 104
track:910, 911, 657, 131, 110
track:911, 909, 654, 131, 110
track:912, 908, 656, 137, 115
track:913, 908, 658, 137, 115
track:914, 908, 661, 137, 115
track:915, 909, 663, 137, 115
track:916, 909, 662, 144, 121
track:917, 909, 661, 144, 121
track:918, 908, 665, 144, 121
init :919, 807, 581, 290, 251
track:920, 806, 581, 290, 251
track:921, 806, 580, 290, 251
track:922, 801, 581, 290, 251
track:923, 797, 580, 290, 251
track:924, 792, 579, 290, 251
track:925, 787, 578, 290, 251
track:926, 785, 577, 290, 251
track:927, 783, 577, 290, 251
track:928, 776, 578, 290, 251
track:929, 770, 578, 290, 251
track:930, 765, 575, 290, 251
track:931, 766, 576, 290, 251
track:932, 757, 567, 304, 264
track:933, 756, 566, 304, 264
track:934, 758, 562, 304, 264
track:935, 760, 559, 304, 264
track:936, 756, 560, 304, 264
track:937, 760, 558, 304, 264
track:938, 759, 556, 304, 264
track:939, 761, 553, 304, 264
track:940, 766, 558, 290, 251
track:941, 773, 566, 276, 239
track:942, 772, 564, 276, 239
track:943, 771, 562, 276, 239
track:944, 769, 563, 276, 239
track:945, 769, 563, 276, 239
track:946, 769, 562, 276, 239
track:947, 764, 563, 276, 239
track:948, 761, 564, 276, 239
track:949, 755, 566, 276, 239
track:950, 752, 568, 276, 239
track:951, 751, 567, 276, 239
track:952, 752, 570, 276, 239
track:953, 748, 570, 276, 239
track:954, 746, 572, 276, 239
track:955, 745, 572, 276, 239
track:956, 745, 572, 276, 239
track:957, 742, 573, 276, 239
track:958, 744, 575, 276, 239
track:959, 742, 576, 276, 239
track:960, 743, 576, 276, 239
track:961, 737, 576, 276, 239
track:962, 736, 579, 276, 239
track:963, 735, 580, 276, 239
track:964, 731, 580, 276, 239
track:965, 732, 580, 276, 239
track:966, 727, 580, 276, 239
track:967, 726, 581, 276, 239
track:968, 719, 582, 276, 239
track:969, 715, 584, 276, 239
track:970, 716, 583, 276, 239
track:971, 709, 584, 276, 239
track:972, 706, 583, 276, 239
init :973, 696, 584, 443, 246
track:974, 696, 585, 443, 246
track:975, 696, 586, 443, 246
track:976, 694, 585, 443, 246
track:977, 692, 586, 443, 246
track:978, 693, 586, 443, 246
track:979, 691, 586, 443, 246
track:980, 692, 588, 443, 246
track:981, 690, 588, 443, 246
track:982, 679, 582, 465, 258
track:983, 680, 583, 465, 258
track:984, 682, 582, 465, 258
track:985, 680, 582, 465, 258
track:986, 684, 583, 465, 258
track:987, 676, 578, 488, 271
track:988, 677, 577, 488, 271
track:989, 678, 578, 488, 271
track:990, 682, 577, 488, 271
track:991, 683, 579, 488, 271
track:992, 684, 576, 488, 271
track:993, 684, 577, 488, 271
track:994, 684, 573, 488, 271
track:995, 685, 574, 488, 271
track:996, 695, 579, 465, 258
track:997, 698, 578, 465, 258
track:998, 700, 576, 465, 258
track:999, 702, 574, 465, 258
track:1000, 702, 571, 465, 258
track:1001, 717, 578, 443, 246
track:1002, 721, 574, 443, 246
track:1003, 727, 568, 443, 246
track:1004, 727, 568, 443, 246
track:1005, 727, 567, 443, 246
track:1006, 735, 561, 443, 246
track:1007, 735, 560, 443, 246
track:1008, 740, 555, 443, 246
track:1009, 730, 558, 443, 246
track:1010, 738, 554, 443, 246
track:1011, 739, 553, 443, 246
track:1012, 733, 555, 443, 246
track:1013, 734, 558, 422, 234
track:1014, 733, 557, 422, 234
track:1015, 731, 557, 422, 234
track:1016, 731, 555, 422, 234
track:1017, 727, 552, 422, 234
track:1018, 726, 552, 422, 234
track:1019, 721, 553, 422, 234
track:1020, 721, 554, 422, 234
track:1021, 726, 557, 402, 223
track:1022, 730, 556, 402, 223
track:1023, 732, 560, 402, 223
track:1024, 727, 556, 402, 223
track:1025, 719, 551, 422, 234
track:1026, 720, 549, 422, 234
init :1027, 752, 581, 452, 171
track:1028, 752, 582, 452, 171
track:1029, 746, 581, 452, 171
track:1030, 754, 586, 430, 163
track:1031, 748, 588, 430, 163
track:1032, 752, 593, 410, 155
track:1033, 747, 594, 410, 155
track:1034, 744, 595, 410, 155
track:1035, 744, 595, 410, 155
track:1036, 742, 597, 410, 155
track:1037, 751, 602, 390, 148
track:1038, 741, 601, 410, 155
track:1039, 740, 604, 410, 155
track:1040, 741, 603, 410, 155
track:1041, 730, 603, 430, 163
track:1042, 730, 606, 430, 163
track:1043, 727, 608, 430, 163
track:1044, 728, 608, 430, 163
track:1045, 728, 608, 430, 163
track:1046, 728, 610, 430, 163
track:1047, 743, 615, 410, 155
track:1048, 744, 616, 410, 155
track:1049, 749, 616, 410, 155
track:1050, 748, 616, 410, 155
track:1051, 756, 614, 410, 155
track:1052, 760, 610, 410, 155
track:1053, 767, 610, 410, 155
track:1054, 773, 610, 410, 155
track:1055, 775, 610, 410, 155
track:1056, 779, 609, 410, 155
track:1057, 787, 607, 410, 155
track:1058, 790, 607, 410, 155
track:1059, 789, 608, 410, 155
track:1060, 787, 611, 410, 155
track:1061, 791, 611, 410, 155
track:1062, 786, 612, 410, 155
track:1063, 783, 612, 410, 155
track:1064, 779, 611, 410, 155
track:1065, 778, 611, 410, 155
track:1066, 772, 612, 410, 155
track:1067, 769, 612, 410, 155
track:1068, 751, 608, 430, 163
track:1069, 741, 608, 430, 163
track:1070, 736, 608, 430, 163
track:1071, 731, 610, 430, 163
track:1072, 714, 613, 430, 163
track:1073, 703, 613, 430, 163
track:1074, 697, 614, 430, 163
track:1075, 695, 618, 410, 155
track:1076, 683, 617, 410, 155
track:1077, 672, 614, 430, 163
track:1078, 649, 613, 430, 163
track:1079, 646, 615, 430, 163
track:1080, 648, 619, 410, 155
init :1081, 673, 625, 443, 135
track:1082, 667, 626, 443, 135
track:1083, 663, 628, 443, 135
track:1084, 662, 629, 443, 135
track:1085, 662, 629, 443, 135
track:1086, 664, 629, 443, 135
track:1087, 666, 630, 443, 135
track:1088, 655, 627, 465, 142
track:1089, 655, 628, 465, 142
track:1090, 645, 625, 488, 149
track:1091, 659, 628, 465, 142
track:1092, 656, 629, 465, 142
track:1093, 658, 631, 465, 142
track:1094, 659, 631, 465, 142
track:1095, 661, 631, 465, 142
track:1096, 659, 632, 465, 142
track:1097, 662, 634, 465, 142
track:1098, 664, 634, 465, 142
track:1099, 664, 634, 465, 142
track:1100, 665, 634, 465, 142
track:1101, 666, 634, 465, 142
track:1102, 658, 633, 488, 149
track:1103, 655, 633, 488, 149
track:1104, 656, 635, 488, 149
track:1105, 655, 635, 488, 149
track:1106, 648, 635, 488, 149
track:1107, 662, 639, 465, 142
track:1108, 646, 635, 488, 149
track:1109, 650, 637, 488, 149
track:1110, 645, 638, 488, 149
track:1111, 639, 639, 488, 149
track:1112, 625, 635, 513, 156
track:1113, 626, 637, 513, 156
track:1114, 599, 640, 538, 164
track:1115, 613, 644, 513, 156
track:1116, 632, 646, 488, 149
track:1117, 612, 643, 513, 156
track:1118, 620, 646, 488, 149
track:1119, 621, 647, 488, 149
track:1120, 630, 650, 465, 142
track:1121, 637, 650, 465, 142
track:1122, 635, 651, 465, 142
track:1123, 643, 655, 443, 135
track:1124, 626, 656, 465, 142
track:1125, 632, 655, 465, 142
track:1126, 640, 653, 465, 142
track:1127, 640, 654, 465, 142
track:1128, 638, 653, 465, 142
track:1129, 645, 649, 465, 142
track:1130, 644, 649, 465, 142
track:1131, 664, 651, 443, 135
track:1132, 747, 647, 465, 142
track:1133, 758, 652, 443, 135
track:1134, 748, 654, 443, 135
init :1135, 803, 630, 276, 179
track:1136, 803, 631, 276, 179
track:1137, 805, 628, 276, 179
track:1138, 804, 627, 276, 179
track:1139, 799, 628, 276, 179
track:1140, 797, 629, 276, 179
track:1141, 791, 630, 276, 179
track:1142, 785, 631, 276, 179
track:1143, 777, 631, 276, 179
track:1144, 757, 631, 276, 179
track:1145, 766, 638, 263, 170
track:1146, 761, 637, 263, 170
track:1147, 751, 638, 263, 170
track:1148, 745, 635, 276, 179
track:1149, 748, 639, 263, 170
track:1150, 747, 639, 263, 170
track:1151, 744, 641, 263, 170
track:1152, 733, 638, 276, 179
track:1153, 733, 641, 276, 179
track:1154, 730, 638, 276, 179
track:1155, 728, 637, 276, 179
track:1156, 733, 643, 276, 179
track:1157, 732, 640, 276, 179
track:1158, 733, 639, 276, 179
track:1159, 740, 639, 276, 179
track:1160, 744, 638, 276, 179
track:1161, 743, 637, 276, 179
track:1162, 753, 637, 276, 179
track:1163, 752, 638, 276, 179
track:1164, 751, 638, 276, 179
track:1165, 750, 638, 276, 179
track:1166, 749, 639, 276, 179
track:1167, 753, 639, 276, 179
track:1168, 747, 637, 276, 179
track:1169, 736, 636, 276, 179
track:1170, 740, 637, 276, 179
track:1171, 746, 642, 263, 170
track:1172, 740, 641, 263, 170
track:1173, 736, 640, 263, 170
track:1174, 745, 644, 250, 162
track:1175, 738, 639, 263, 170
track:1176, 722, 639, 263, 170
track:1177, 724, 639, 263, 170
track:1178, 728, 636, 263, 170
track:1179, 728, 633, 263, 170
track:1180, 716, 627, 276, 179
track:1181, 720, 629, 263, 170
track:1182, 723, 628, 263, 170
track:1183, 732, 631, 250, 162
track:1184, 726, 627, 250, 162
track:1185, 721, 626, 250, 162
track:1186, 721, 625, 250, 162
track:1187, 730, 629, 238, 155
track:1188, 736, 629, 238, 155
init :1189, 789, 633, 387, 132
track:1190, 789, 633, 387, 132
track:1191, 789, 633, 387, 132
track:1192, 786, 632, 387, 132
track:1193, 785, 629, 387, 132
track:1194, 785, 627, 387, 132
track:1195, 785, 625, 387, 132
track:1196, 789, 627, 369, 126
track:1197, 778, 623, 387, 132
track:1198, 775, 621, 387, 132
track:1199, 771, 621, 387, 132
track:1200, 782, 622, 369, 126
track:1201, 784, 621, 369, 126
track:1202, 787, 619, 369, 126
track:1203, 787, 620, 369, 126
track:1204, 791, 620, 369, 126
track:1205, 802, 623, 351, 120
track:1206, 808, 624, 351, 120
track:1207, 811, 625, 351, 120
track:1208, 814, 625, 351, 120
track:1209, 815, 624, 351, 120
track:1210, 818, 624, 351, 120
track:1211, 825, 625, 351, 120
track:1212, 837, 629, 334, 114
track:1213, 845, 634, 318, 109
track:1214, 840, 630, 334, 114
track:1215, 843, 632, 334, 114
track:1216, 838, 630, 351, 120
track:1217, 848, 632, 334, 114
track:1218, 846, 635, 318, 109
track:1219, 846, 635, 318, 109
track:1220, 850, 636, 318, 109
track:1221, 860, 640, 303, 103
track:1222, 862, 641, 303, 103
track:1223, 866, 641, 303, 103
track:1224, 862, 642, 303, 103
track:1225, 858, 639, 318, 109
track:1226, 857, 641, 318, 109
track:1227, 850, 639, 318, 109
track:1228, 859, 641, 303, 103
track:1229, 860, 638, 303, 103
track:1230, 858, 641, 303, 103
track:1231, 863, 644, 303, 103
track:1232, 855, 642, 318, 109
track:1233, 863, 646, 303, 103
track:1234, 860, 646, 303, 103
track:1235, 864, 646, 303, 103
track:1236, 867, 648, 289, 99
track:1237, 859, 647, 289, 99
track:1238, 859, 650, 289, 99
track:1239, 860, 649, 289, 99
track:1240, 852, 650, 303, 103
track:1241, 846, 652, 303, 103
track:1242, 855, 659, 289, 99
init :1243, 936, 669, 193, 96
track:1244, 936, 669, 193, 96
track:1245, 940, 671, 184, 91
track:1246, 938, 671, 184, 91
track:1247, 932, 672, 184, 91
track:1248, 936, 675, 175, 87
track:1249, 935, 675, 175, 87
track:1250, 937, 676, 167, 83
track:1251, 932, 675, 167, 83
track:1252, 931, 675, 159, 79
track:1253, 919, 673, 167, 83
track:1254, 921, 672, 167, 83
track:1255, 912, 670, 167, 83
track:1256, 902, 670, 167, 83
track:1257, 896, 669, 167, 83
track:1258, 893, 666, 167, 83
track:1259, 892, 667, 167, 83
track:1260, 888, 664, 167, 83
track:1261, 882, 663, 167, 83
track:1262, 879, 661, 167, 83
track:1263, 869, 660, 167, 83
track:1264, 867, 659, 167, 83
track:1265, 865, 656, 175, 87
track:1266, 869, 657, 175, 87
track:1267, 868, 655, 175, 87
track:1268, 862, 653, 184, 91
track:1269, 863, 652, 184, 91
track:1270, 860, 652, 184, 91
track:1271, 865, 654, 175, 87
track:1272, 865, 653, 175, 87
track:1273, 861, 653, 175, 87
track:1274, 866, 654, 167, 83
track:1275, 868, 657, 159, 79
track:1276, 862, 657, 159, 79
track:1277, 856, 656, 159, 79
track:1278, 852, 655, 159, 79
track:1279, 850, 657, 159, 79
track:1280, 843, 656, 159, 79
track:1281, 838, 660, 151, 75
track:1282, 832, 660, 151, 75
track:1283, 829, 660, 151, 75
track:1284, 829, 659, 151, 75
track:1285, 821, 660, 151, 75
track:1286, 813, 661, 151, 75
track:1287, 813, 659, 151, 75
track:1288, 808, 657, 151, 75
track:1289, 813, 659, 144, 72
track:1290, 813, 659, 144, 72
track:1291, 817, 661, 137, 68
track:1292, 813, 661, 137, 68
track:1293, 811, 661, 137, 68
track:1294, 814, 662, 131, 65
track:1295, 814, 662, 131, 65
track:1296, 811, 662, 131, 65
init :1297, 867, 656, 147, 70
track:1298, 868, 656, 147, 70
track:1299, 867, 657, 147, 70
track:1300, 867, 658, 147, 70
track:1301, 861, 657, 154, 74
track:1302, 865, 659, 147, 70
track:1303, 860, 657, 154, 74
track:1304, 857, 655, 162, 77
track:1305, 857, 656, 162, 77
track:1306, 859, 657, 162, 77
track:1307, 860, 657, 162, 77
track:1308, 863, 660, 154, 74
track:1309, 863, 660, 154, 74
track:1310, 863, 660, 154, 74
track:1311, 865, 660, 154, 74
track:1312, 868, 662, 147, 70
track:1313, 864, 661, 154, 74
track:1314, 864, 662, 154, 74
track:1315, 868, 664, 147, 70
track:1316, 867, 664, 147, 70
track:1317, 860, 663, 154, 74
track:1318, 859, 664, 154, 74
track:1319, 860, 663, 154, 74
track:1320, 862, 665, 147, 70
track:1321, 860, 665, 147, 70
track:1322, 862, 665, 147, 70
track:1323, 866, 667, 140, 67
track:1324, 866, 668, 140, 67
track:1325, 867, 668, 140, 67
track:1326, 869, 670, 140, 67
track:1327, 871, 670, 140, 67
track:1328, 872, 670, 140, 67
track:1329, 872, 671, 140, 67
track:1330, 872, 671, 140, 67
track:1331, 871, 672, 140, 67
track:1332, 868, 671, 140, 67
track:1333, 862, 672, 140, 67
track:1334, 863, 672, 140, 67
track:1335, 856, 671, 147, 70
track:1336, 849, 671, 147, 70
track:1337, 846, 671, 147, 70
track:1338, 846, 672, 147, 70
track:1339, 842, 670, 154, 74
track:1340, 842, 670, 154, 74
track:1341, 838, 671, 154, 74
track:1342, 839, 671, 154, 74
track:1343, 841, 671, 147, 70
track:1344, 841, 672, 147, 70
track:1345, 838, 670, 154, 74
track:1346, 840, 671, 154, 74
track:1347, 840, 672, 154, 74
track:1348, 839, 672, 154, 74
track:1349, 839, 672, 154, 74
track:1350, 843, 675, 147, 70
init :1351, 849, 680, 175, 49
track:1352, 848, 680, 175, 49
track:1353, 848, 680, 175, 49
track:1354, 848, 680, 175, 49
track:1355, 848, 680, 175, 49
track:1356, 853, 682, 167, 47
track:1357, 857, 683, 159, 44
track:1358, 856, 683, 159, 44
track:1359, 859, 684, 151, 42
track:1360, 858, 684, 151, 42
track:1361, 858, 684, 151, 42
track:1362, 855, 683, 159, 44
track:1363, 852, 683, 167, 47
track:1364, 853, 685, 167, 47
track:1365, 853, 685, 167, 47
track:1366, 853, 685, 167, 47
track:1367, 849, 684, 175, 49
track:1368, 849, 685, 175, 49
track:1369, 854, 686, 167, 47
track:1370, 851, 687, 167, 47
track:1371, 845, 686, 175, 49
track:1372, 840, 687, 184, 51
track:1373, 837, 687, 184, 51
track:1374, 838, 687, 184, 51
track:1375, 836, 687, 184, 51
track:1376, 834, 687, 184, 51
track:1377, 832, 688, 184, 51
track:1378, 827, 689, 184, 51
track:1379, 828, 689, 184, 51
track:1380, 827, 691, 175, 49
track:1381, 821, 692, 175, 49
track:1382, 818, 693, 175, 49
track:1383, 815, 693, 175, 49
track:1384, 814, 694, 175, 49
track:1385, 813, 694, 175, 49
track:1386, 814, 695, 175, 49
track:1387, 819, 697, 167, 47
track:1388, 824, 699, 159, 44
track:1389, 825, 699, 159, 44
track:1390, 827, 699, 159, 44
track:1391, 831, 700, 159, 44
track:1392, 834, 700, 167, 47
track:1393, 838, 700, 167, 47
track:1394, 838, 702, 167, 47
track:1395, 840, 702, 167, 47
track:1396, 840, 703, 167, 47
track:1397, 842, 704, 167, 47
track:1398, 836, 704, 175, 49
track:1399, 838, 705, 175, 49
track:1400, 832, 706, 175, 49
track:1401, 828, 707, 175, 49
track:1402, 820, 708, 175, 49
track:1403, 817, 707, 175, 49
track:1404, 812, 708, 184, 51
init :1405, 807, 713, 216, 70
track:1406, 805, 713, 216, 70
track:1407, 802, 713, 216, 70
track:1408, 800, 713, 216, 70
track:1409, 799, 713, 216, 70
track:1410, 797, 714, 216, 70
track:1411, 802, 716, 206, 67
track:1412, 803, 716, 206, 67
track:1413, 803, 716, 206, 67
track:1414, 804, 717, 206, 67
track:1415, 801, 715, 216, 70
track:1416, 796, 715, 227, 74
track:1417, 796, 716, 227, 74
track:1418, 788, 716, 238, 77
track:1419, 788, 716, 238, 77
track:1420, 787, 717, 238, 77
track:1421, 785, 718, 238, 77
track:1422, 785, 719, 238, 77
track:1423, 785, 720, 238, 77
track:1424, 785, 720, 238, 77
track:1425, 787, 720, 238, 77
track:1426, 786, 720, 238, 77
track:1427, 778, 719, 250, 81
track:1428, 785, 721, 238, 77
track:1429, 785, 722, 238, 77
track:1430, 785, 722, 238, 77
track:1431, 782, 722, 238, 77
track:1432, 779, 723, 238, 77
track:1433, 776, 724, 238, 77
track:1434, 775, 724, 238, 77
track:1435, 780, 726, 227, 74
track:1436, 782, 729, 216, 70
track:1437, 782, 730, 216, 70
track:1438, 777, 728, 227, 74
track:1439, 773, 727, 238, 77
track:1440, 771, 728, 238, 77
track:1441, 769, 729, 238, 77
track:1442, 762, 728, 238, 77
track:1443, 758, 729, 238, 77
track:1444, 756, 729, 238, 77
track:1445, 752, 730, 227, 74
track:1446, 749, 730, 227, 74
track:1447, 744, 730, 227, 74
track:1448, 739, 728, 238, 77
track:1449, 740, 727, 238, 77
track:1450, 736, 723, 250, 81
track:1451, 740, 723, 250, 81
track:1452, 744, 723, 250, 81
track:1453, 753, 724, 238, 77
track:1454, 761, 727, 238, 77
track:1455, 761, 726, 238, 77
track:1456, 768, 726, 227, 74
track:1457, 774, 726, 216, 70
track:1458, 796, 724, 216, 70
init :1459, 821, 708, 212, 142
track:1460, 825, 708, 212, 142
track:1461, 830, 709, 212, 142
track:1462, 830, 710, 212, 142
track:1463, 831, 711, 212, 142
track:1464, 831, 711, 212, 142
track:1465, 834, 714, 212, 142
track:1466, 832, 712, 212, 142
track:1467, 829, 712, 212, 142
track:1468, 832, 713, 212, 142
track:1469, 831, 712, 212, 142
track:1470, 820, 707, 212, 142
track:1471, 821, 707, 212, 142
track:1472, 814, 706, 212, 142
track:1473, 823, 709, 202, 135
track:1474, 814, 706, 202, 135
track:1475, 810, 703, 202, 135
track:1476, 807, 707, 192, 129
track:1477, 813, 709, 183, 123
track:1478, 815, 705, 192, 129
track:1479, 814, 704, 192, 129
track:1480, 815, 699, 192, 129
track:1481, 819, 700, 183, 123
track:1482, 818, 698, 183, 123
track:1483, 817, 696, 192, 129
track:1484, 822, 696, 192, 129
track:1485, 828, 695, 192, 129
track:1486, 821, 691, 192, 129
track:1487, 829, 691, 192, 129
track:1488, 835, 691, 192, 129
track:1489, 836, 693, 192, 129
track:1490, 840, 691, 192, 129
track:1491, 840, 686, 192, 129
track:1492, 842, 686, 183, 123
track:1493, 845, 686, 183, 123
track:1494, 839, 682, 183, 123
track:1495, 843, 683, 174, 117
track:1496, 829, 677, 174, 117
track:1497, 828, 674, 174, 117
track:1498, 827, 672, 174, 117
track:1499, 821, 671, 166, 111
track:1500, 816, 670, 158, 106
track:1501, 807, 665, 158, 106
track:1502, 811, 660, 158, 106
track:1503, 810, 661, 158, 106
track:1504, 809, 659, 158, 106
track:1505, 803, 653, 158, 106
track:1506, 799, 648, 158, 106
track:1507, 800, 649, 151, 101
track:1508, 799, 648, 151, 101
track:1509, 799, 647, 151, 101
track:1510, 800, 641, 151, 101
track:1511, 800, 637, 151, 101
track:1512, 788, 632, 151, 101
init :1513, 821, 620, 304, 116
track:1514, 806, 620, 304, 116
track:1515, 783, 620, 304, 116
track:1516, 766, 622, 290, 110
track:1517, 732, 620, 304, 116
track:1518, 741, 623, 290, 110
track:1519, 714, 623, 290, 110
track:1520, 690, 623, 290, 110
track:1521, 671, 624, 290, 110
track:1522, 659, 625, 290, 110
track:1523, 657, 624, 290, 110
track:1524, 651, 627, 290, 110
track:1525, 646, 626, 290, 110
track:1526, 657, 628, 276, 105
track:1527, 666, 630, 263, 100
track:1528, 666, 629, 263, 100
track:1529, 697, 631, 250, 95
track:1530, 718, 630, 250, 95
track:1531, 745, 630, 250, 95
track:1532, 769, 629, 250, 95
track:1533, 775, 632, 238, 91
track:1534, 800, 631, 238, 91
track:1535, 826, 631, 238, 91
track:1536, 848, 632, 238, 91
track:1537, 862, 630, 250, 95
track:1538, 862, 631, 250, 95
track:1539, 874, 633, 238, 91
track:1540, 888, 634, 227, 87
track:1541, 895, 636, 227, 87
track:1542, 896, 637, 227, 87
track:1543, 896, 638, 227, 87
track:1544, 900, 641, 216, 82
track:1545, 894, 640, 227, 87
track:1546, 882, 642, 227, 87
track:1547, 879, 645, 227, 87
track:1548, 877, 644, 227, 87
track:1549, 879, 648, 216, 82
track:1550, 871, 648, 216, 82
track:1551, 855, 650, 216, 82
track:1552, 853, 651, 216, 82
track:1553, 852, 651, 216, 82
track:1554, 854, 654, 206, 79
track:1555, 855, 655, 206, 79
track:1556, 859, 655, 206, 79
track:1557, 864, 654, 206, 79
track:1558, 864, 654, 206, 79
track:1559, 868, 654, 206, 79
track:1560, 876, 654, 206, 79
track:1561, 878, 655, 206, 79
track:1562, 882, 657, 206, 79
track:1563, 881, 657, 206, 79
track:1564, 881, 656, 206, 79
track:1565, 890, 658, 196, 75
track:1566, 895, 660, 187, 71
init :1567, 913, 669, 180, 72
track:1568, 913, 669, 180, 72
track:1569, 912, 670, 180, 72
track:1570, 915, 673, 171, 69
track:1571, 912, 673, 171, 69
track:1572, 910, 674, 171, 69
track:1573, 910, 675, 171, 69
track:1574, 906, 674, 171, 69
track:1575, 902, 675, 171, 69
track:1576, 894, 674, 180, 72
track:1577, 895, 677, 171, 69
track:1578, 899, 679, 163, 65
track:1579, 896, 679, 163, 65
track:1580, 897, 679, 155, 62
track:1581, 892, 679, 155, 62
track:1582, 888, 680, 155, 62
track:1583, 890, 680, 155, 62
track:1584, 889, 680, 155, 62
track:1585, 886, 680, 155, 62
track:1586, 887, 682, 148, 59
track:1587, 886, 682, 148, 59
track:1588, 886, 683, 148, 59
track:1589, 886, 683, 148, 59
track:1590, 891, 684, 141, 56
track:1591, 890, 685, 141, 56
track:1592, 888, 685, 141, 56
track:1593, 893, 687, 134, 54
track:1594, 892, 688, 134, 54
track:1595, 889, 688, 134, 54
track:1596, 889, 689, 134, 54
track:1599, 885, 689, 134, 54
track:1600, 887, 688, 134, 54
track:1601, 887, 690, 128, 51
track:1602, 890, 691, 122, 49
track:1603, 888, 688, 128, 51
track:1604, 885, 688, 128, 51
track:1605, 881, 687, 128, 51
track:1606, 878, 688, 128, 51
track:1607, 871, 687, 134, 54
track:1608, 871, 688, 134, 54
elapseTime: 16.178
