init :7, 821, 630, 235, 197
track:8, 821, 630, 235, 197
track:9, 822, 630, 235, 197
track:10, 821, 631, 235, 197
track:11, 823, 630, 235, 197
track:12, 823, 630, 235, 197
init :13, 821, 630, 235, 197
track:14, 821, 630, 235, 197
track:15, 821, 630, 235, 197
track:16, 821, 630, 235, 197
track:17, 822, 631, 235, 197
track:18, 822, 630, 235, 197
init :19, 821, 633, 240, 194
track:20, 821, 634, 240, 194
track:21, 822, 634, 240, 194
track:22, 822, 634, 240, 194
track:23, 823, 635, 240, 194
track:24, 824, 636, 240, 194
init :25, 821, 633, 240, 197
track:26, 821, 634, 240, 197
track:27, 822, 634, 240, 197
track:28, 822, 634, 240, 197
track:29, 823, 633, 240, 197
track:30, 823, 634, 240, 197
init :31, 826, 633, 240, 194
track:32, 826, 633, 240, 194
track:33, 827, 633, 240, 194
track:34, 827, 632, 240, 194
track:35, 827, 632, 240, 194
track:36, 827, 632, 240, 194
init :37, 826, 633, 240, 194
track:38, 827, 633, 240, 194
track:39, 827, 633, 240, 194
track:40, 828, 633, 240, 194
track:41, 828, 633, 240, 194
track:42, 828, 633, 240, 194
init :43, 826, 630, 240, 197
track:44, 826, 630, 240, 197
track:45, 826, 630, 240, 197
track:46, 826, 630, 240, 197
track:48, 827, 629, 240, 197
init :49, 826, 630, 235, 197
track:50, 827, 630, 235, 197
track:51, 827, 630, 235, 197
track:52, 826, 629, 235, 197
track:53, 826, 629, 235, 197
track:54, 826, 630, 235, 197
init :55, 830, 630, 235, 197
track:56, 830, 630, 235, 197
track:57, 830, 630, 235, 197
track:58, 829, 631, 235, 197
track:59, 830, 630, 235, 197
track:60, 829, 631, 235, 197
init :61, 826, 630, 235, 199
track:62, 826, 630, 235, 199
track:63, 825, 630, 235, 199
track:64, 825, 630, 235, 199
track:65, 825, 629, 235, 199
track:66, 825, 629, 235, 199
init :67, 826, 630, 240, 197
track:68, 826, 630, 240, 197
track:69, 826, 629, 240, 197
track:70, 826, 629, 240, 197
track:71, 825, 628, 240, 197
track:72, 826, 630, 240, 197
init :73, 826, 630, 235, 197
track:74, 826, 630, 235, 197
track:75, 826, 630, 235, 197
track:76, 825, 631, 235, 197
track:77, 826, 631, 235, 197
track:78, 824, 631, 235, 197
init :79, 826, 630, 235, 197
track:80, 826, 630, 235, 197
track:81, 826, 630, 235, 197
track:82, 825, 630, 235, 197
track:83, 826, 631, 235, 197
track:84, 826, 631, 235, 197
init :85, 826, 630, 240, 197
track:86, 826, 630, 240, 197
track:87, 826, 630, 240, 197
track:88, 826, 630, 240, 197
track:89, 827, 631, 240, 197
track:90, 827, 632, 240, 197
init :91, 821, 633, 240, 197
track:92, 821, 633, 240, 197
track:93, 821, 633, 240, 197
track:94, 821, 634, 240, 197
track:95, 821, 633, 240, 197
track:96, 823, 633, 240, 197
init :97, 826, 628, 240, 197
track:98, 827, 627, 240, 197
track:99, 827, 628, 240, 197
track:100, 829, 628, 240, 197
track:101, 829, 627, 240, 197
track:102, 830, 627, 240, 197
init :103, 835, 628, 230, 199
track:104, 835, 628, 230, 199
track:105, 837, 627, 230, 199
track:106, 837, 627, 230, 199
track:107, 839, 625, 230, 199
track:108, 843, 629, 219, 190
init :109, 835, 623, 235, 194
track:110, 835, 622, 235, 194
track:111, 835, 620, 235, 194
track:112, 836, 618, 235, 194
track:113, 837, 616, 235, 194
track:114, 836, 617, 235, 194
init :115, 844, 623, 207, 176
track:116, 845, 622, 207, 176
track:117, 844, 621, 207, 176
track:120, 847, 617, 207, 176
init :121, 853, 615, 198, 160
track:122, 854, 615, 198, 160
track:123, 853, 613, 198, 160
track:124, 853, 614, 198, 160
track:125, 856, 615, 189, 152
track:126, 855, 613, 189, 152
init :127, 858, 607, 184, 168
track:128, 858, 607, 184, 168
track:129, 858, 607, 184, 168
track:130, 857, 608, 184, 168
track:131, 857, 609, 184, 168
track:132, 860, 614, 184, 168
init :133, 863, 617, 180, 163
track:134, 863, 617, 180, 163
track:135, 862, 619, 180, 163
track:136, 863, 619, 180, 163
track:137, 864, 622, 180, 163
track:138, 865, 622, 180, 163
init :139, 863, 623, 170, 155
track:140, 863, 622, 170, 155
track:141, 862, 621, 170, 155
track:142, 859, 622, 170, 155
track:143, 858, 622, 170, 155
track:144, 857, 623, 170, 155
init :145, 858, 625, 180, 150
track:146, 858, 625, 180, 150
track:147, 859, 627, 180, 150
track:148, 860, 629, 180, 150
track:149, 864, 633, 171, 143
track:150, 864, 636, 171, 143
init :151, 858, 633, 175, 160
track:152, 858, 634, 175, 160
track:153, 859, 638, 175, 160
track:154, 858, 639, 175, 160
track:155, 857, 641, 175, 160
track:156, 858, 641, 175, 160
init :157, 863, 649, 170, 158
track:158, 863, 649, 170, 158
track:159, 864, 650, 170, 158
track:160, 863, 651, 170, 158
track:161, 861, 652, 170, 158
track:162, 859, 652, 170, 158
init :163, 863, 656, 170, 150
track:164, 863, 656, 170, 150
track:165, 863, 656, 170, 150
track:166, 863, 657, 170, 150
track:167, 863, 657, 170, 150
track:168, 864, 658, 170, 150
init :169, 863, 659, 166, 150
track:170, 863, 659, 166, 150
track:171, 866, 658, 166, 150
track:172, 868, 657, 166, 150
track:173, 867, 657, 166, 150
track:174, 866, 656, 166, 150
init :175, 867, 654, 161, 147
track:176, 866, 654, 161, 147
track:177, 866, 654, 161, 147
track:178, 867, 656, 161, 147
track:179, 868, 656, 161, 147
track:180, 869, 658, 161, 147
init :181, 867, 656, 161, 150
track:182, 867, 658, 161, 150
track:183, 869, 661, 161, 150
track:184, 869, 661, 161, 150
track:185, 870, 664, 161, 150
track:186, 864, 659, 169, 158
init :187, 867, 651, 166, 163
track:188, 863, 649, 166, 163
track:189, 859, 645, 174, 171
track:190, 857, 645, 174, 171
track:191, 857, 642, 174, 171
track:192, 860, 641, 166, 163
init :193, 858, 643, 161, 150
track:194, 858, 643, 161, 150
track:195, 860, 642, 161, 150
track:196, 861, 641, 161, 150
track:197, 860, 639, 161, 150
track:198, 858, 640, 161, 150
init :199, 858, 636, 161, 150
track:200, 857, 638, 161, 150
track:201, 855, 638, 161, 150
track:202, 854, 637, 161, 150
track:203, 854, 635, 161, 150
track:204, 854, 635, 161, 150
init :205, 858, 633, 156, 135
track:206, 859, 633, 156, 135
track:207, 856, 631, 156, 135
track:208, 857, 632, 156, 135
track:209, 855, 630, 156, 135
track:210, 853, 627, 156, 135
init :211, 849, 630, 152, 129
track:212, 848, 629, 152, 129
track:213, 849, 629, 152, 129
track:214, 849, 628, 152, 129
track:215, 850, 627, 152, 129
track:216, 850, 627, 152, 129
init :217, 849, 630, 147, 124
track:218, 849, 630, 147, 124
track:219, 849, 631, 147, 124
track:220, 849, 636, 147, 124
track:221, 848, 638, 147, 124
track:222, 848, 640, 147, 124
init :223, 849, 638, 143, 122
track:224, 849, 640, 143, 122
track:225, 849, 643, 143, 122
track:226, 849, 643, 143, 122
track:227, 850, 644, 143, 122
track:228, 849, 644, 143, 122
init :229, 853, 646, 138, 111
track:230, 853, 645, 138, 111
track:231, 853, 646, 138, 111
track:232, 853, 644, 138, 111
track:233, 853, 643, 138, 111
track:234, 855, 645, 131, 106
init :235, 853, 646, 129, 106
track:236, 850, 642, 135, 111
track:237, 853, 644, 135, 111
track:238, 853, 644, 135, 111
track:239, 853, 646, 135, 111
track:240, 854, 648, 135, 111
init :241, 863, 651, 120, 101
track:242, 864, 651, 120, 101
track:243, 864, 651, 120, 101
track:244, 864, 652, 120, 101
track:245, 864, 652, 120, 101
track:246, 864, 653, 120, 101
init :247, 863, 656, 120, 88
track:248, 863, 656, 120, 88
track:249, 863, 658, 120, 88
track:250, 863, 660, 120, 88
track:251, 864, 662, 120, 88
track:252, 864, 663, 120, 88
init :253, 867, 659, 120, 101
track:254, 868, 662, 120, 101
track:255, 869, 665, 120, 101
track:256, 868, 666, 120, 101
track:257, 870, 670, 120, 101
track:258, 870, 671, 120, 101
init :259, 872, 675, 120, 93
track:260, 872, 677, 120, 93
track:261, 872, 677, 120, 93
track:262, 872, 677, 120, 93
track:263, 872, 678, 120, 93
track:264, 872, 681, 120, 93
init :265, 867, 680, 124, 96
track:266, 867, 681, 124, 96
track:267, 868, 683, 124, 96
track:268, 868, 684, 124, 96
track:269, 868, 685, 124, 96
track:270, 868, 687, 124, 96
init :271, 867, 687, 124, 101
track:272, 868, 690, 124, 101
track:273, 868, 690, 124, 101
track:274, 868, 692, 124, 101
track:275, 869, 694, 124, 101
track:276, 869, 697, 124, 101
init :277, 867, 698, 133, 109
track:278, 867, 698, 133, 109
track:279, 868, 698, 133, 109
track:280, 868, 697, 133, 109
track:281, 870, 695, 133, 109
track:282, 871, 697, 133, 109
init :283, 872, 690, 143, 127
track:284, 874, 692, 143, 127
track:285, 876, 694, 143, 127
track:286, 875, 691, 150, 133
track:287, 872, 685, 158, 140
track:288, 871, 684, 158, 140
init :289, 872, 677, 161, 150
track:290, 872, 673, 161, 150
track:291, 872, 667, 161, 150
track:292, 870, 659, 169, 158
track:293, 871, 659, 169, 158
track:294, 871, 657, 169, 158
init :295, 867, 643, 184, 179
track:296, 868, 644, 184, 179
track:297, 867, 645, 184, 179
track:298, 867, 645, 184, 179
track:299, 861, 643, 193, 188
track:300, 858, 644, 193, 188
init :301, 835, 638, 244, 205
track:302, 834, 641, 244, 205
track:303, 834, 642, 244, 205
track:304, 833, 647, 244, 205
track:305, 832, 647, 244, 205
track:306, 824, 642, 256, 215
init :307, 816, 636, 263, 228
track:308, 816, 636, 263, 228
track:309, 815, 634, 263, 228
track:310, 815, 629, 263, 228
track:311, 814, 616, 263, 228
track:312, 813, 605, 263, 228
init :313, 812, 607, 263, 218
track:314, 813, 601, 263, 218
track:315, 813, 593, 263, 218
track:316, 813, 586, 263, 218
track:317, 822, 584, 250, 208
track:318, 822, 582, 250, 208
init :319, 835, 584, 226, 192
track:320, 840, 577, 226, 192
track:321, 842, 571, 226, 192
track:322, 843, 570, 226, 192
track:323, 844, 569, 226, 192
track:324, 843, 573, 226, 192
init :325, 853, 573, 198, 166
track:326, 853, 568, 198, 166
track:327, 852, 568, 198, 166
track:328, 851, 567, 198, 166
track:329, 853, 578, 189, 158
track:330, 850, 584, 189, 158
init :331, 849, 589, 198, 176
track:332, 852, 596, 189, 168
track:333, 852, 596, 189, 168
track:334, 846, 594, 198, 176
track:335, 846, 596, 198, 176
track:336, 845, 598, 198, 176
init :337, 853, 599, 184, 168
track:338, 853, 599, 184, 168
track:339, 853, 595, 184, 168
track:340, 854, 594, 184, 168
track:341, 854, 594, 184, 168
track:342, 855, 593, 184, 168
init :343, 858, 602, 175, 153
track:344, 858, 601, 175, 153
track:345, 857, 598, 175, 153
track:346, 859, 600, 175, 153
track:347, 862, 604, 167, 146
track:348, 862, 604, 167, 146
init :349, 872, 612, 152, 122
track:350, 873, 616, 152, 122
track:351, 873, 620, 152, 122
track:352, 874, 623, 152, 122
track:353, 874, 624, 152, 122
track:354, 874, 626, 152, 122
init :355, 872, 630, 143, 114
track:356, 872, 630, 143, 114
track:357, 871, 631, 143, 114
track:358, 875, 634, 136, 109
track:359, 875, 634, 136, 109
track:360, 874, 634, 136, 109
init :361, 872, 636, 138, 98
track:362, 871, 636, 138, 98
track:363, 871, 636, 138, 98
track:364, 871, 637, 138, 98
track:365, 871, 638, 138, 98
track:366, 871, 639, 138, 98
init :367, 876, 646, 124, 98
track:368, 876, 646, 124, 98
track:369, 876, 646, 124, 98
track:370, 875, 652, 124, 98
track:371, 875, 658, 124, 98
track:372, 874, 662, 124, 98
init :373, 876, 659, 120, 101
track:374, 877, 660, 120, 101
track:375, 875, 661, 120, 101
track:376, 873, 662, 120, 101
track:377, 871, 662, 120, 101
track:378, 871, 663, 120, 101
init :379, 867, 662, 115, 98
track:380, 867, 661, 115, 98
track:381, 867, 661, 115, 98
track:382, 865, 662, 115, 98
track:383, 864, 662, 115, 98
track:384, 864, 662, 115, 98
init :385, 863, 662, 110, 93
track:386, 863, 662, 110, 93
track:387, 864, 663, 110, 93
track:388, 864, 663, 110, 93
track:389, 863, 662, 110, 93
track:390, 863, 662, 110, 93
init :391, 867, 667, 110, 88
track:392, 867, 669, 110, 88
track:393, 867, 670, 110, 88
track:394, 867, 671, 110, 88
track:395, 868, 678, 110, 88
track:396, 869, 680, 110, 88
init :397, 867, 687, 110, 77
track:398, 867, 687, 110, 77
track:399, 869, 691, 110, 77
track:400, 870, 696, 110, 77
track:401, 871, 702, 110, 77
track:402, 872, 705, 110, 77
init :403, 876, 706, 101, 85
track:404, 876, 708, 101, 85
track:405, 877, 708, 101, 85
track:406, 878, 708, 101, 85
track:407, 879, 707, 101, 85
track:408, 878, 708, 101, 85
init :409, 876, 700, 106, 83
track:410, 876, 698, 106, 83
track:411, 877, 696, 106, 83
track:412, 878, 694, 106, 83
track:413, 878, 694, 106, 83
track:414, 878, 693, 106, 83
init :415, 886, 700, 101, 80
track:416, 886, 701, 101, 80
track:417, 887, 702, 101, 80
track:418, 886, 702, 101, 80
track:419, 887, 703, 101, 80
track:420, 885, 704, 101, 80
init :421, 876, 700, 110, 83
track:422, 876, 699, 110, 83
track:423, 876, 697, 110, 83
track:424, 876, 695, 110, 83
track:425, 876, 694, 110, 83
track:426, 875, 692, 110, 83
init :427, 876, 693, 106, 77
track:428, 876, 693, 106, 77
track:429, 876, 693, 106, 77
track:430, 876, 694, 106, 77
track:431, 876, 694, 106, 77
track:432, 875, 693, 106, 77
init :433, 872, 690, 110, 83
track:434, 871, 690, 110, 83
track:435, 871, 691, 110, 83
track:436, 871, 691, 110, 83
track:437, 870, 693, 110, 83
track:438, 870, 694, 110, 83
init :439, 867, 695, 115, 90
track:440, 867, 695, 115, 90
track:441, 868, 695, 115, 90
track:442, 868, 696, 115, 90
track:443, 868, 696, 115, 90
track:444, 868, 696, 115, 90
init :445, 872, 693, 110, 93
track:446, 872, 694, 110, 93
track:447, 873, 693, 110, 93
track:448, 873, 693, 110, 93
track:449, 873, 692, 110, 93
track:450, 874, 691, 110, 93
init :451, 872, 693, 115, 93
track:452, 873, 695, 115, 93
track:453, 872, 695, 115, 93
track:454, 874, 695, 115, 93
track:455, 875, 696, 115, 93
track:456, 876, 696, 115, 93
init :457, 872, 693, 124, 93
track:458, 872, 693, 124, 93
track:459, 872, 693, 124, 93
track:460, 872, 691, 124, 93
track:461, 872, 691, 124, 93
track:462, 873, 692, 124, 93
init :463, 867, 687, 124, 101
track:464, 866, 685, 124, 101
track:465, 866, 682, 124, 101
track:466, 867, 683, 124, 101
track:467, 867, 683, 124, 101
track:468, 866, 684, 124, 101
init :469, 867, 685, 129, 103
track:470, 868, 687, 129, 103
track:471, 869, 688, 129, 103
track:472, 869, 688, 129, 103
track:473, 869, 690, 129, 103
track:474, 870, 693, 129, 103
init :475, 867, 685, 138, 114
track:476, 869, 684, 138, 114
track:477, 869, 684, 138, 114
track:478, 870, 683, 138, 114
track:479, 873, 681, 138, 114
track:480, 872, 671, 145, 120
init :481, 872, 669, 147, 124
track:482, 872, 669, 147, 124
track:483, 875, 663, 147, 124
track:484, 876, 662, 147, 124
track:485, 874, 658, 154, 130
track:486, 875, 663, 154, 130
init :487, 872, 656, 161, 147
track:488, 872, 660, 161, 147
track:490, 863, 660, 169, 154
track:491, 862, 661, 169, 154
track:492, 861, 662, 169, 154
init :493, 858, 664, 180, 142
track:494, 857, 664, 180, 142
track:495, 854, 659, 180, 142
track:496, 853, 655, 180, 142
track:497, 852, 653, 180, 142
track:498, 851, 650, 180, 142
init :499, 853, 643, 166, 135
track:500, 853, 640, 166, 135
track:501, 853, 636, 166, 135
track:502, 853, 635, 166, 135
track:503, 856, 636, 166, 135
track:504, 854, 633, 166, 135
init :505, 853, 630, 156, 140
track:506, 852, 630, 156, 140
track:507, 853, 630, 156, 140
track:508, 848, 625, 164, 147
track:509, 848, 622, 164, 147
track:510, 848, 620, 164, 147
init :511, 853, 623, 156, 137
track:512, 853, 623, 156, 137
track:513, 853, 623, 156, 137
track:514, 853, 624, 156, 137
track:515, 856, 628, 149, 130
track:516, 857, 628, 149, 130
init :517, 853, 628, 152, 127
track:518, 853, 626, 152, 127
track:519, 853, 625, 152, 127
track:520, 854, 625, 152, 127
track:521, 858, 627, 145, 121
track:522, 859, 626, 145, 121
init :523, 858, 628, 147, 106
track:524, 859, 630, 147, 106
track:525, 860, 632, 147, 106
track:526, 860, 634, 147, 106
track:527, 861, 634, 147, 106
track:528, 864, 636, 140, 101
init :529, 867, 636, 138, 98
track:530, 868, 635, 138, 98
track:531, 868, 634, 138, 98
track:532, 869, 635, 138, 98
track:533, 870, 637, 138, 98
track:534, 871, 637, 138, 98
init :535, 872, 638, 129, 96
track:536, 872, 640, 129, 96
track:537, 872, 641, 129, 96
track:538, 872, 642, 129, 96
track:539, 872, 643, 129, 96
track:540, 872, 644, 129, 96
init :543, 876, 649, 120, 90
track:544, 876, 649, 120, 90
track:546, 875, 656, 120, 90
init :547, 872, 656, 115, 83
track:548, 871, 658, 115, 83
track:549, 871, 661, 115, 83
track:550, 870, 663, 115, 83
track:551, 868, 664, 115, 83
track:552, 868, 664, 115, 83
init :553, 881, 664, 101, 83
track:554, 881, 664, 101, 83
track:555, 881, 664, 101, 83
track:556, 880, 665, 101, 83
track:557, 880, 665, 101, 83
track:558, 880, 670, 101, 83
init :559, 876, 677, 96, 80
track:560, 876, 679, 96, 80
track:561, 876, 683, 96, 80
track:562, 876, 684, 96, 80
track:563, 876, 686, 96, 80
track:564, 876, 688, 96, 80
init :565, 876, 687, 96, 83
track:566, 876, 689, 96, 83
track:567, 876, 689, 96, 83
track:568, 877, 692, 96, 83
track:569, 878, 693, 96, 83
track:570, 877, 697, 96, 83
init :571, 872, 700, 101, 77
track:572, 872, 700, 101, 77
track:573, 873, 702, 101, 77
track:574, 874, 704, 101, 77
track:575, 875, 704, 101, 77
track:576, 874, 702, 101, 77
init :577, 872, 700, 101, 75
track:578, 872, 699, 101, 75
track:579, 873, 696, 101, 75
track:580, 874, 697, 101, 75
track:581, 874, 696, 101, 75
track:582, 874, 697, 101, 75
init :583, 876, 698, 106, 85
track:584, 876, 699, 106, 85
track:585, 877, 699, 106, 85
track:586, 876, 700, 106, 85
track:587, 876, 700, 106, 85
track:588, 876, 700, 106, 85
init :589, 876, 698, 106, 83
track:590, 875, 698, 106, 83
track:591, 874, 699, 106, 83
track:592, 874, 699, 106, 83
track:593, 873, 698, 106, 83
track:594, 873, 696, 106, 83
init :595, 872, 685, 110, 85
track:596, 871, 683, 110, 85
track:597, 870, 683, 110, 85
track:598, 870, 678, 110, 85
track:599, 870, 673, 110, 85
track:600, 870, 669, 110, 85
init :601, 867, 664, 115, 103
track:602, 867, 664, 115, 103
track:603, 867, 663, 115, 103
track:604, 865, 660, 115, 103
track:605, 865, 657, 115, 103
track:606, 866, 656, 115, 103
init :607, 863, 656, 120, 90
track:608, 861, 654, 126, 94
track:609, 862, 654, 126, 94
track:610, 862, 656, 126, 94
track:611, 862, 659, 126, 94
track:612, 862, 660, 126, 94
init :613, 863, 659, 129, 109
track:614, 864, 660, 129, 109
track:615, 864, 663, 129, 109
track:616, 863, 665, 129, 109
track:617, 863, 665, 129, 109
track:618, 864, 666, 129, 109
init :619, 863, 664, 129, 101
track:620, 864, 664, 129, 101
track:621, 865, 663, 129, 101
track:622, 864, 663, 129, 101
track:623, 864, 663, 129, 101
track:624, 864, 662, 129, 101
init :625, 858, 656, 133, 114
track:626, 862, 659, 127, 109
track:627, 863, 659, 127, 109
track:628, 864, 660, 127, 109
track:629, 864, 660, 127, 109
track:630, 864, 659, 127, 109
init :631, 858, 656, 143, 114
track:632, 858, 656, 143, 114
track:633, 860, 660, 143, 114
track:634, 857, 662, 150, 120
track:635, 857, 664, 150, 120
track:636, 859, 665, 150, 120
init :637, 858, 667, 147, 116
track:638, 859, 667, 147, 116
track:639, 861, 668, 147, 116
track:640, 860, 669, 147, 116
track:641, 860, 667, 147, 116
track:642, 861, 666, 147, 116
init :643, 863, 662, 143, 114
track:644, 863, 662, 143, 114
track:645, 864, 656, 143, 114
track:646, 865, 654, 143, 114
track:647, 865, 653, 143, 114
track:648, 864, 652, 143, 114
init :649, 863, 651, 143, 119
track:650, 865, 652, 143, 119
track:651, 867, 652, 143, 119
track:652, 867, 652, 143, 119
track:653, 869, 652, 143, 119
track:654, 868, 653, 143, 119
init :655, 872, 654, 138, 114
track:656, 872, 655, 138, 114
track:657, 873, 656, 138, 114
track:658, 875, 659, 138, 114
track:659, 876, 659, 138, 114
track:660, 876, 658, 138, 114
init :661, 876, 662, 143, 111
track:662, 876, 662, 143, 111
track:663, 877, 662, 143, 111
track:664, 878, 660, 143, 111
track:665, 880, 659, 143, 111
track:666, 880, 657, 143, 111
init :667, 881, 654, 138, 116
track:668, 879, 650, 145, 122
track:669, 879, 649, 145, 122
track:670, 879, 649, 145, 122
track:671, 878, 650, 145, 122
track:672, 877, 650, 145, 122
init :673, 872, 651, 143, 116
track:674, 871, 650, 143, 116
track:675, 870, 650, 143, 116
track:676, 870, 651, 143, 116
track:677, 870, 651, 143, 116
track:678, 868, 653, 143, 116
init :679, 867, 662, 138, 109
track:680, 868, 668, 138, 109
track:681, 869, 670, 138, 109
track:682, 869, 671, 138, 109
track:683, 867, 671, 138, 109
track:684, 865, 670, 138, 109
init :685, 867, 669, 143, 124
track:686, 868, 671, 143, 124
track:687, 867, 671, 143, 124
track:688, 867, 672, 143, 124
track:689, 862, 668, 150, 130
track:690, 861, 667, 150, 130
init :691, 858, 667, 152, 114
track:692, 858, 667, 152, 114
track:693, 858, 665, 152, 114
track:694, 858, 665, 152, 114
track:695, 859, 665, 152, 114
track:696, 858, 663, 152, 114
init :697, 863, 662, 143, 111
track:698, 861, 661, 143, 111
track:699, 860, 662, 143, 111
track:700, 860, 664, 143, 111
track:701, 860, 664, 143, 111
track:702, 860, 664, 143, 111
init :703, 858, 672, 147, 122
track:704, 857, 675, 147, 122
track:705, 857, 681, 147, 122
track:706, 855, 683, 147, 122
track:707, 855, 683, 147, 122
track:708, 855, 685, 147, 122
init :709, 853, 677, 147, 122
track:710, 853, 675, 147, 122
track:711, 853, 675, 147, 122
track:712, 853, 673, 147, 122
track:713, 852, 671, 147, 122
track:714, 852, 671, 147, 122
init :715, 853, 675, 147, 119
track:716, 853, 675, 147, 119
track:717, 853, 677, 147, 119
track:718, 854, 677, 147, 119
track:719, 855, 678, 147, 119
track:720, 855, 678, 147, 119
init :721, 853, 675, 147, 124
track:722, 853, 675, 147, 124
track:723, 853, 675, 147, 124
track:724, 854, 671, 147, 124
track:725, 854, 668, 147, 124
track:726, 854, 668, 147, 124
init :727, 853, 667, 152, 122
track:728, 854, 664, 152, 122
track:729, 854, 661, 152, 122
track:730, 855, 660, 152, 122
track:731, 855, 658, 152, 122
track:732, 856, 658, 152, 122
init :733, 849, 643, 166, 142
track:734, 849, 639, 166, 142
track:735, 851, 636, 166, 142
track:736, 855, 638, 158, 135
track:737, 856, 637, 158, 135
track:738, 855, 636, 158, 135
init :739, 849, 636, 166, 127
track:740, 850, 637, 166, 127
track:741, 850, 638, 166, 127
track:742, 851, 639, 166, 127
track:743, 850, 639, 166, 127
track:744, 850, 640, 166, 127
init :745, 853, 636, 156, 129
track:746, 853, 636, 156, 129
track:747, 854, 635, 156, 129
track:748, 854, 625, 156, 129
track:749, 853, 622, 156, 129
track:750, 852, 621, 156, 129
init :751, 849, 625, 156, 124
track:752, 848, 627, 156, 124
track:753, 850, 628, 156, 124
track:754, 851, 629, 156, 124
track:755, 853, 628, 156, 124
track:756, 854, 628, 156, 124
init :757, 853, 633, 161, 111
track:758, 852, 632, 161, 111
track:759, 852, 635, 161, 111
track:760, 851, 638, 161, 111
track:761, 852, 639, 161, 111
track:762, 854, 640, 161, 111
init :763, 858, 630, 156, 124
track:764, 858, 631, 156, 124
track:765, 857, 633, 156, 124
track:766, 857, 633, 156, 124
track:767, 855, 633, 156, 124
track:768, 855, 636, 156, 124
init :769, 863, 638, 147, 122
track:770, 865, 647, 147, 122
track:771, 866, 648, 147, 122
track:772, 867, 647, 147, 122
track:773, 867, 646, 147, 122
track:774, 869, 646, 147, 122
init :775, 872, 646, 143, 124
track:776, 872, 646, 143, 124
track:777, 872, 646, 143, 124
track:778, 873, 645, 143, 124
track:779, 874, 645, 143, 124
track:780, 874, 645, 143, 124
init :781, 881, 651, 133, 98
track:782, 881, 651, 133, 98
track:783, 880, 652, 133, 98
track:784, 880, 652, 133, 98
track:785, 879, 653, 133, 98
track:786, 879, 653, 133, 98
init :787, 881, 649, 133, 103
track:788, 881, 649, 133, 103
track:789, 879, 650, 133, 103
track:790, 879, 650, 133, 103
track:791, 879, 651, 133, 103
track:792, 878, 648, 133, 103
init :793, 876, 654, 133, 93
track:794, 876, 655, 133, 93
track:795, 876, 658, 133, 93
track:796, 876, 659, 133, 93
track:797, 877, 659, 133, 93
track:798, 876, 659, 133, 93
init :799, 876, 656, 133, 106
track:800, 875, 657, 133, 106
track:801, 875, 658, 133, 106
track:802, 875, 659, 133, 106
track:803, 874, 659, 133, 106
track:804, 875, 661, 133, 106
init :805, 867, 659, 138, 106
track:806, 867, 659, 138, 106
track:807, 867, 659, 138, 106
track:808, 865, 660, 138, 106
track:809, 863, 660, 145, 111
track:810, 863, 662, 145, 111
init :811, 872, 662, 138, 106
track:812, 870, 663, 138, 106
track:813, 869, 663, 138, 106
track:814, 868, 663, 138, 106
track:815, 864, 662, 145, 111
track:816, 864, 661, 145, 111
init :817, 863, 669, 147, 109
track:818, 862, 675, 147, 109
track:819, 862, 676, 147, 109
track:820, 860, 687, 147, 109
track:821, 859, 688, 147, 109
track:822, 859, 688, 147, 109
init :823, 858, 680, 147, 119
track:824, 858, 680, 147, 119
track:825, 857, 680, 147, 119
track:826, 857, 680, 147, 119
track:827, 856, 684, 147, 119
track:828, 853, 688, 154, 125
init :829, 853, 685, 156, 145
track:830, 854, 686, 156, 145
track:831, 855, 686, 156, 145
track:832, 855, 687, 156, 145
track:833, 858, 685, 156, 145
track:834, 859, 677, 156, 145
init :835, 853, 667, 170, 145
track:836, 853, 667, 170, 145
track:837, 853, 662, 170, 145
track:838, 851, 660, 170, 145
track:839, 850, 657, 170, 145
track:840, 848, 651, 170, 145
init :841, 840, 646, 180, 163
track:842, 839, 645, 180, 163
track:843, 837, 643, 180, 163
track:844, 836, 639, 180, 163
track:845, 831, 625, 180, 163
track:846, 831, 625, 180, 163
init :847, 821, 612, 189, 160
track:848, 822, 608, 189, 160
track:849, 818, 604, 198, 168
track:850, 823, 606, 189, 160
track:851, 822, 605, 189, 160
track:852, 822, 598, 198, 168
init :853, 826, 597, 198, 166
track:854, 827, 599, 198, 166
track:855, 828, 603, 198, 166
track:856, 829, 605, 198, 166
track:857, 828, 606, 198, 166
track:858, 827, 603, 198, 166
init :859, 830, 594, 198, 166
track:860, 830, 592, 198, 166
track:861, 830, 592, 198, 166
track:862, 830, 594, 198, 166
track:863, 832, 600, 198, 166
track:864, 832, 605, 198, 166
init :865, 844, 623, 175, 147
track:866, 844, 623, 175, 147
track:867, 844, 628, 175, 147
track:868, 844, 630, 175, 147
track:869, 844, 631, 175, 147
track:870, 845, 635, 175, 147
init :871, 849, 636, 166, 129
track:872, 849, 637, 166, 129
track:873, 850, 638, 166, 129
track:874, 851, 638, 166, 129
track:875, 856, 641, 158, 123
track:876, 857, 641, 158, 123
init :877, 858, 643, 152, 135
track:878, 860, 643, 152, 135
track:879, 861, 643, 152, 135
track:880, 861, 643, 152, 135
track:881, 861, 643, 152, 135
track:882, 862, 643, 152, 135
init :883, 867, 646, 143, 124
track:884, 869, 646, 143, 124
track:885, 870, 646, 143, 124
track:886, 871, 646, 143, 124
track:887, 872, 648, 143, 124
track:888, 873, 648, 143, 124
init :889, 876, 649, 133, 119
track:890, 878, 649, 133, 119
track:891, 878, 649, 133, 119
track:892, 880, 648, 133, 119
track:893, 881, 648, 133, 119
track:894, 881, 647, 133, 119
init :895, 886, 649, 120, 111
track:896, 886, 649, 120, 111
track:897, 886, 649, 120, 111
track:898, 885, 649, 120, 111
track:899, 883, 648, 120, 111
track:900, 882, 650, 120, 111
init :901, 881, 651, 124, 93
track:902, 880, 652, 124, 93
track:903, 880, 653, 124, 93
track:904, 881, 653, 124, 93
track:905, 880, 654, 124, 93
track:906, 881, 654, 124, 93
init :907, 803, 545, 286, 251
track:908, 803, 549, 286, 251
track:909, 804, 556, 286, 251
track:910, 806, 563, 286, 251
track:911, 806, 563, 286, 251
track:912, 805, 567, 286, 251
init :913, 807, 565, 286, 259
track:914, 809, 566, 286, 259
track:915, 811, 570, 286, 259
track:916, 810, 570, 286, 259
track:917, 812, 571, 286, 259
track:918, 819, 579, 272, 247
init :919, 807, 581, 290, 251
track:920, 806, 581, 290, 251
track:921, 806, 580, 290, 251
track:922, 801, 581, 290, 251
track:923, 797, 580, 290, 251
track:924, 792, 579, 290, 251
init :925, 780, 581, 300, 254
track:926, 780, 581, 300, 254
track:927, 779, 582, 300, 254
track:928, 773, 582, 300, 254
track:929, 770, 581, 300, 254
track:930, 767, 578, 300, 254
init :931, 770, 581, 304, 249
track:932, 771, 579, 304, 249
track:933, 772, 576, 304, 249
track:934, 772, 573, 304, 249
track:935, 773, 571, 304, 249
track:936, 775, 570, 304, 249
init :937, 775, 565, 313, 249
track:938, 775, 565, 313, 249
track:939, 777, 565, 313, 249
track:940, 779, 563, 313, 249
track:941, 788, 570, 298, 237
track:942, 781, 562, 313, 249
init :943, 770, 571, 332, 231
track:944, 771, 572, 332, 231
track:945, 771, 575, 332, 231
track:946, 771, 574, 332, 231
track:947, 768, 574, 332, 231
track:948, 764, 576, 332, 231
init :949, 752, 568, 355, 236
track:950, 750, 568, 355, 236
track:951, 751, 568, 355, 236
track:952, 748, 569, 355, 236
track:953, 748, 570, 355, 236
track:954, 745, 571, 355, 236
init :955, 747, 576, 369, 241
track:956, 747, 576, 369, 241
track:957, 745, 577, 369, 241
track:958, 748, 578, 369, 241
track:959, 747, 579, 369, 241
track:960, 747, 580, 369, 241
init :961, 747, 584, 383, 236
track:962, 746, 585, 383, 236
track:963, 744, 587, 383, 236
track:964, 744, 587, 383, 236
track:965, 743, 587, 383, 236
track:966, 741, 588, 383, 236
init :967, 724, 586, 415, 241
track:968, 721, 586, 415, 241
track:969, 719, 586, 415, 241
track:970, 719, 585, 415, 241
track:971, 716, 586, 415, 241
track:972, 710, 584, 415, 241
init :973, 696, 584, 443, 246
track:974, 696, 585, 443, 246
track:975, 696, 586, 443, 246
track:976, 694, 585, 443, 246
track:977, 692, 586, 443, 246
track:978, 693, 586, 443, 246
init :979, 692, 584, 466, 249
track:980, 692, 584, 466, 249
track:981, 692, 585, 466, 249
track:982, 692, 586, 466, 249
track:983, 693, 587, 466, 249
track:984, 695, 588, 466, 249
init :985, 692, 586, 484, 246
track:986, 692, 586, 484, 246
track:987, 693, 587, 484, 246
track:988, 710, 593, 461, 234
track:989, 711, 594, 461, 234
track:990, 713, 594, 461, 234
init :991, 701, 586, 507, 249
track:992, 702, 587, 507, 249
track:993, 703, 586, 507, 249
track:994, 705, 585, 507, 249
track:995, 704, 585, 507, 249
track:996, 705, 584, 507, 249
init :997, 715, 584, 503, 231
track:998, 715, 585, 503, 231
track:999, 718, 584, 503, 231
track:1000, 720, 585, 503, 231
track:1001, 724, 580, 503, 231
track:1002, 727, 578, 503, 231
init :1003, 747, 578, 498, 225
track:1004, 748, 578, 498, 225
track:1005, 751, 577, 498, 225
track:1006, 755, 575, 498, 225
track:1007, 746, 567, 523, 236
track:1008, 760, 570, 498, 225
init :1009, 761, 573, 489, 199
track:1010, 761, 573, 489, 199
track:1011, 771, 578, 466, 190
track:1012, 768, 577, 466, 190
track:1013, 761, 578, 466, 190
track:1014, 757, 578, 466, 190
init :1015, 761, 576, 470, 189
track:1016, 757, 575, 470, 189
track:1017, 752, 577, 470, 189
track:1018, 748, 577, 470, 189
track:1019, 756, 581, 448, 180
track:1020, 755, 580, 448, 180
init :1021, 752, 576, 466, 184
track:1022, 751, 575, 466, 184
track:1023, 749, 573, 466, 184
track:1024, 746, 572, 466, 184
track:1025, 749, 571, 466, 184
track:1026, 745, 571, 466, 184
init :1027, 752, 581, 452, 171
track:1028, 752, 582, 452, 171
track:1029, 746, 581, 452, 171
track:1030, 754, 586, 430, 163
track:1031, 748, 588, 430, 163
track:1032, 752, 593, 410, 155
init :1033, 743, 586, 433, 163
track:1034, 743, 587, 433, 163
track:1035, 742, 586, 433, 163
track:1036, 739, 587, 433, 163
track:1037, 739, 589, 433, 163
track:1038, 739, 592, 433, 163
init :1039, 738, 602, 433, 150
track:1040, 738, 602, 433, 150
track:1041, 734, 604, 433, 150
track:1042, 741, 609, 412, 143
track:1043, 741, 610, 412, 143
track:1044, 750, 614, 393, 136
init :1045, 743, 610, 438, 150
track:1046, 742, 612, 438, 150
track:1047, 745, 613, 438, 150
track:1048, 749, 613, 438, 150
track:1049, 764, 615, 417, 143
track:1050, 766, 612, 417, 143
init :1051, 756, 610, 452, 150
track:1052, 761, 607, 452, 150
track:1053, 768, 607, 452, 150
track:1054, 773, 608, 452, 150
track:1055, 777, 608, 452, 150
track:1056, 780, 607, 452, 150
init :1057, 789, 610, 452, 145
track:1058, 789, 610, 452, 145
track:1059, 790, 611, 452, 145
track:1060, 791, 611, 452, 145
track:1061, 791, 611, 452, 145
track:1062, 790, 612, 452, 145
init :1063, 798, 617, 438, 132
track:1064, 797, 618, 438, 132
track:1065, 795, 619, 438, 132
track:1066, 791, 617, 438, 132
track:1067, 782, 616, 438, 132
track:1068, 772, 615, 438, 132
init :1069, 761, 620, 438, 127
track:1070, 761, 620, 438, 127
track:1071, 756, 620, 438, 127
track:1072, 745, 620, 438, 127
track:1073, 722, 617, 460, 133
track:1074, 706, 617, 460, 133
init :1075, 715, 625, 443, 124
track:1076, 705, 624, 443, 124
track:1077, 699, 624, 443, 124
track:1078, 686, 623, 443, 124
track:1079, 669, 621, 465, 130
track:1080, 666, 622, 465, 130
init :1081, 673, 625, 443, 135
track:1082, 667, 626, 443, 135
track:1083, 663, 628, 443, 135
track:1084, 662, 629, 443, 135
track:1085, 662, 629, 443, 135
track:1086, 664, 629, 443, 135
init :1087, 664, 625, 447, 137
track:1088, 665, 625, 447, 137
track:1089, 665, 625, 447, 137
track:1090, 665, 625, 447, 137
track:1091, 666, 626, 447, 137
track:1092, 664, 627, 447, 137
init :1093, 673, 628, 456, 140
track:1094, 673, 628, 456, 140
track:1095, 673, 628, 456, 140
track:1096, 675, 629, 456, 140
track:1097, 679, 629, 456, 140
track:1098, 680, 631, 456, 140
init :1099, 687, 628, 470, 155
track:1100, 687, 628, 470, 155
track:1101, 692, 628, 470, 155
track:1102, 694, 628, 470, 155
track:1103, 681, 624, 493, 163
track:1104, 682, 624, 493, 163
init :1105, 692, 628, 466, 163
track:1106, 691, 629, 466, 163
track:1107, 691, 628, 466, 163
track:1108, 688, 628, 466, 163
track:1109, 685, 630, 466, 163
track:1110, 685, 630, 466, 163
init :1111, 692, 633, 447, 166
track:1112, 693, 634, 447, 166
track:1113, 688, 634, 447, 166
track:1114, 683, 633, 447, 166
track:1115, 696, 638, 426, 158
track:1116, 699, 639, 426, 158
init :1117, 701, 633, 415, 168
track:1118, 699, 633, 415, 168
track:1119, 695, 632, 415, 168
track:1120, 694, 632, 415, 168
track:1121, 692, 632, 415, 168
track:1122, 698, 637, 395, 160
init :1123, 710, 628, 383, 189
track:1124, 710, 629, 383, 189
track:1125, 708, 629, 383, 189
track:1126, 716, 632, 365, 180
track:1127, 721, 631, 365, 180
track:1128, 718, 631, 365, 180
init :1129, 756, 628, 332, 173
track:1130, 756, 628, 332, 173
track:1131, 765, 632, 316, 165
track:1132, 771, 632, 316, 165
track:1133, 780, 638, 301, 157
track:1134, 784, 638, 301, 157
init :1135, 803, 630, 276, 179
track:1136, 803, 631, 276, 179
track:1137, 805, 628, 276, 179
track:1138, 804, 627, 276, 179
track:1139, 799, 628, 276, 179
track:1140, 797, 629, 276, 179
init :1141, 830, 630, 216, 181
track:1142, 826, 630, 216, 181
track:1143, 816, 630, 216, 181
track:1144, 807, 631, 216, 181
track:1145, 806, 632, 216, 181
track:1146, 798, 631, 216, 181
init :1147, 812, 630, 193, 181
track:1148, 809, 630, 193, 181
track:1149, 801, 630, 193, 181
track:1150, 800, 629, 193, 181
track:1151, 795, 628, 193, 181
track:1152, 792, 628, 193, 181
init :1153, 784, 636, 216, 176
track:1154, 784, 637, 216, 176
track:1155, 784, 638, 216, 176
track:1156, 785, 639, 216, 176
track:1157, 786, 640, 216, 176
track:1158, 788, 640, 216, 176
init :1159, 780, 636, 258, 173
track:1160, 780, 636, 258, 173
track:1161, 775, 631, 271, 182
track:1162, 781, 632, 271, 182
track:1163, 783, 632, 271, 182
track:1164, 784, 631, 271, 182
init :1165, 780, 636, 300, 176
track:1166, 781, 636, 300, 176
track:1167, 788, 642, 286, 168
track:1168, 778, 638, 300, 176
track:1169, 773, 637, 300, 176
track:1170, 769, 637, 300, 176
init :1171, 761, 638, 346, 168
track:1172, 761, 639, 346, 168
track:1173, 761, 639, 346, 168
track:1174, 762, 639, 346, 168
track:1175, 763, 639, 346, 168
track:1176, 766, 636, 346, 168
init :1177, 761, 638, 369, 155
track:1178, 772, 641, 351, 148
track:1179, 768, 636, 369, 155
track:1180, 767, 635, 369, 155
track:1181, 770, 634, 369, 155
track:1182, 763, 628, 387, 163
init :1183, 770, 638, 392, 145
track:1184, 781, 643, 373, 138
track:1185, 779, 643, 373, 138
track:1186, 780, 643, 373, 138
track:1187, 790, 645, 356, 132
track:1188, 791, 643, 356, 132
init :1189, 789, 633, 387, 132
track:1190, 789, 633, 387, 132
track:1191, 789, 633, 387, 132
track:1192, 786, 632, 387, 132
track:1193, 785, 629, 387, 132
track:1194, 785, 627, 387, 132
init :1195, 793, 630, 383, 116
track:1196, 784, 627, 402, 122
track:1197, 777, 626, 402, 122
track:1198, 776, 625, 402, 122
track:1199, 785, 627, 383, 116
track:1200, 784, 626, 383, 116
init :1201, 798, 630, 364, 109
track:1202, 798, 630, 364, 109
track:1203, 799, 630, 364, 109
track:1204, 813, 633, 347, 104
track:1205, 813, 633, 347, 104
track:1206, 818, 633, 347, 104
init :1207, 835, 633, 341, 103
track:1208, 838, 633, 341, 103
track:1209, 837, 633, 341, 103
track:1210, 844, 634, 341, 103
track:1211, 848, 634, 341, 103
track:1212, 849, 634, 341, 103
init :1213, 867, 641, 332, 103
track:1214, 867, 641, 332, 103
track:1215, 867, 641, 332, 103
track:1216, 867, 642, 332, 103
track:1217, 867, 643, 332, 103
track:1218, 873, 645, 316, 98
init :1219, 876, 649, 318, 101
track:1220, 874, 649, 318, 101
track:1221, 879, 653, 303, 96
track:1222, 878, 653, 303, 96
track:1223, 883, 658, 288, 92
track:1224, 883, 658, 288, 92
init :1225, 895, 654, 295, 96
track:1226, 896, 654, 295, 96
track:1227, 897, 654, 295, 96
track:1228, 895, 656, 295, 96
track:1229, 894, 656, 295, 96
track:1230, 894, 658, 295, 96
init :1231, 909, 659, 267, 98
track:1232, 907, 659, 267, 98
track:1233, 905, 660, 267, 98
track:1234, 911, 664, 254, 93
track:1235, 915, 668, 242, 89
track:1236, 917, 670, 231, 85
init :1237, 918, 664, 235, 96
track:1238, 924, 666, 224, 91
track:1239, 924, 666, 224, 91
track:1240, 922, 666, 224, 91
track:1241, 926, 667, 213, 87
track:1242, 918, 667, 224, 91
init :1243, 936, 669, 193, 96
track:1244, 936, 669, 193, 96
track:1245, 940, 671, 184, 91
track:1246, 938, 671, 184, 91
track:1247, 932, 672, 184, 91
track:1248, 936, 675, 175, 87
init :1249, 950, 669, 170, 93
track:1250, 947, 669, 170, 93
track:1251, 943, 667, 170, 93
track:1252, 936, 666, 170, 93
track:1253, 932, 665, 170, 93
track:1254, 934, 666, 162, 89
init :1255, 950, 667, 133, 85
track:1256, 944, 666, 133, 85
track:1257, 942, 667, 127, 81
track:1258, 940, 666, 127, 81
track:1259, 937, 664, 127, 81
track:1260, 934, 663, 127, 81
init :1261, 793, 589, 73, 51
track:1262, 820, 590, 73, 51
track:1263, 846, 588, 77, 54
track:1264, 847, 588, 77, 54
track:1265, 861, 589, 77, 54
track:1266, 894, 589, 77, 54
init :1267, 946, 656, 101, 83
track:1268, 945, 656, 101, 83
track:1269, 944, 656, 101, 83
track:1270, 943, 655, 101, 83
track:1271, 940, 656, 101, 83
track:1272, 936, 655, 101, 83
init :1273, 932, 656, 115, 77
track:1274, 932, 656, 115, 77
track:1275, 927, 655, 115, 77
track:1276, 924, 655, 115, 77
track:1277, 917, 657, 115, 77
track:1278, 910, 658, 115, 77
init :1279, 909, 656, 129, 80
track:1280, 901, 657, 129, 80
track:1281, 897, 658, 129, 80
track:1282, 887, 658, 129, 80
track:1283, 885, 659, 129, 80
track:1284, 885, 659, 129, 80
init :1285, 876, 659, 138, 75
track:1286, 875, 660, 131, 71
track:1287, 874, 660, 131, 71
track:1288, 873, 659, 131, 71
track:1289, 872, 659, 131, 71
track:1290, 870, 659, 131, 71
init :1291, 867, 659, 143, 75
track:1292, 866, 659, 143, 75
track:1293, 864, 659, 143, 75
track:1294, 864, 659, 143, 75
track:1295, 863, 659, 143, 75
track:1296, 859, 658, 150, 79
init :1297, 867, 656, 147, 70
track:1298, 868, 656, 147, 70
track:1299, 867, 657, 147, 70
track:1300, 867, 658, 147, 70
track:1301, 861, 657, 154, 74
track:1302, 865, 659, 147, 70
init :1303, 863, 662, 152, 64
track:1304, 863, 662, 152, 64
track:1305, 863, 662, 152, 64
track:1306, 865, 663, 152, 64
track:1307, 866, 663, 152, 64
track:1308, 866, 664, 152, 64
init :1309, 867, 664, 152, 62
track:1310, 867, 664, 152, 62
track:1311, 869, 664, 152, 62
track:1312, 869, 665, 152, 62
track:1313, 869, 665, 152, 62
track:1314, 869, 666, 152, 62
init :1315, 867, 669, 156, 57
track:1316, 867, 670, 156, 57
track:1317, 865, 670, 156, 57
track:1318, 868, 672, 149, 54
track:1319, 863, 671, 156, 57
track:1320, 862, 672, 156, 57
init :1321, 858, 672, 166, 54
track:1322, 859, 672, 166, 54
track:1323, 864, 674, 166, 54
track:1324, 867, 675, 158, 51
track:1325, 867, 676, 158, 51
track:1326, 868, 676, 158, 51
init :1327, 867, 675, 170, 57
track:1328, 868, 675, 170, 57
track:1329, 869, 675, 170, 57
track:1330, 869, 675, 170, 57
track:1331, 870, 676, 170, 57
track:1332, 866, 676, 170, 57
init :1333, 858, 677, 170, 51
track:1334, 858, 677, 170, 51
track:1335, 855, 677, 170, 51
track:1336, 851, 677, 170, 51
track:1337, 846, 677, 170, 51
track:1338, 844, 677, 170, 51
init :1339, 844, 677, 180, 49
track:1340, 844, 677, 180, 49
track:1341, 844, 677, 180, 49
track:1342, 838, 676, 189, 51
track:1343, 839, 676, 189, 51
track:1344, 839, 676, 189, 51
init :1345, 849, 680, 170, 49
track:1346, 849, 680, 170, 49
track:1347, 849, 680, 170, 49
track:1348, 848, 681, 170, 49
track:1349, 849, 681, 170, 49
track:1350, 848, 681, 170, 49
init :1351, 849, 680, 175, 49
track:1352, 848, 680, 175, 49
track:1353, 848, 680, 175, 49
track:1354, 848, 680, 175, 49
track:1355, 848, 680, 175, 49
track:1356, 853, 682, 167, 47
init :1357, 849, 682, 175, 49
track:1358, 849, 682, 175, 49
track:1359, 849, 683, 175, 49
track:1360, 848, 682, 175, 49
track:1361, 846, 683, 175, 49
track:1362, 848, 683, 175, 49
init :1363, 849, 687, 184, 51
track:1364, 849, 687, 184, 51
track:1365, 849, 687, 184, 51
track:1366, 850, 687, 184, 51
track:1367, 849, 687, 184, 51
track:1368, 842, 686, 193, 54
init :1369, 844, 687, 184, 57
track:1370, 843, 687, 184, 57
track:1371, 847, 689, 175, 54
track:1372, 841, 688, 184, 57
track:1373, 839, 689, 184, 57
track:1374, 843, 691, 175, 54
init :1375, 840, 693, 184, 59
track:1376, 838, 693, 184, 59
track:1377, 838, 693, 184, 59
track:1378, 834, 693, 184, 59
track:1379, 833, 694, 184, 59
track:1380, 831, 695, 184, 59
init :1381, 816, 695, 193, 62
track:1382, 814, 696, 193, 62
track:1383, 812, 696, 193, 62
track:1384, 810, 697, 193, 62
track:1385, 813, 699, 184, 59
track:1386, 809, 698, 193, 62
init :1387, 812, 700, 198, 62
track:1388, 813, 700, 198, 62
track:1389, 814, 701, 198, 62
track:1390, 816, 701, 198, 62
track:1391, 831, 703, 198, 62
track:1392, 829, 704, 198, 62
init :1393, 835, 708, 198, 59
track:1394, 835, 708, 198, 59
track:1395, 841, 710, 189, 56
track:1396, 842, 710, 189, 56
track:1397, 844, 711, 189, 56
track:1398, 845, 712, 189, 56
init :1399, 835, 708, 207, 64
track:1400, 831, 708, 207, 64
track:1401, 822, 707, 217, 67
track:1402, 815, 709, 217, 67
track:1403, 812, 710, 217, 67
track:1404, 811, 710, 217, 67
init :1405, 807, 713, 216, 70
track:1406, 805, 713, 216, 70
track:1407, 802, 713, 216, 70
track:1408, 800, 713, 216, 70
track:1409, 799, 713, 216, 70
track:1410, 797, 714, 216, 70
init :1411, 793, 713, 230, 75
track:1412, 792, 713, 230, 75
track:1413, 794, 714, 230, 75
track:1414, 794, 715, 230, 75
track:1415, 796, 715, 230, 75
track:1416, 797, 716, 230, 75
init :1417, 793, 719, 244, 77
track:1418, 785, 717, 256, 81
track:1419, 790, 720, 244, 77
track:1420, 788, 719, 244, 77
track:1421, 788, 720, 244, 77
track:1422, 788, 721, 244, 77
init :1423, 789, 719, 249, 85
track:1424, 789, 719, 249, 85
track:1425, 789, 719, 249, 85
track:1426, 789, 719, 249, 85
track:1427, 788, 720, 249, 85
track:1428, 787, 720, 249, 85
init :1429, 789, 719, 249, 90
track:1430, 788, 719, 249, 90
track:1431, 786, 720, 249, 90
track:1432, 785, 721, 249, 90
track:1433, 785, 721, 249, 90
track:1434, 785, 723, 249, 90
init :1435, 789, 721, 249, 103
track:1436, 789, 721, 249, 103
track:1437, 783, 720, 261, 108
track:1438, 789, 723, 249, 103
track:1439, 789, 723, 249, 103
track:1440, 786, 723, 249, 103
init :1441, 784, 724, 244, 109
track:1442, 780, 724, 244, 109
track:1443, 778, 724, 244, 109
track:1444, 777, 724, 244, 109
track:1445, 772, 724, 244, 109
track:1446, 765, 725, 244, 109
init :1447, 766, 719, 240, 119
track:1448, 765, 719, 240, 119
track:1449, 765, 719, 240, 119
track:1450, 765, 717, 240, 119
track:1451, 768, 717, 240, 119
track:1452, 769, 716, 240, 119
init :1453, 784, 711, 230, 135
track:1454, 784, 711, 230, 135
track:1455, 787, 710, 230, 135
track:1456, 792, 710, 230, 135
track:1457, 796, 708, 230, 135
track:1458, 800, 708, 230, 135
init :1459, 821, 708, 212, 142
track:1460, 825, 708, 212, 142
track:1461, 830, 709, 212, 142
track:1462, 830, 710, 212, 142
track:1463, 831, 711, 212, 142
track:1464, 831, 711, 212, 142
init :1465, 844, 706, 193, 158
track:1466, 845, 706, 193, 158
track:1467, 844, 706, 193, 158
track:1468, 843, 705, 193, 158
track:1469, 841, 705, 193, 158
track:1470, 834, 704, 193, 158
init :1471, 853, 693, 161, 163
track:1472, 851, 690, 161, 163
track:1473, 850, 689, 161, 163
track:1474, 846, 687, 161, 163
track:1475, 843, 684, 161, 163
track:1476, 841, 683, 161, 163
init :1477, 853, 685, 166, 155
track:1478, 853, 685, 166, 155
track:1479, 855, 683, 166, 155
track:1480, 856, 681, 166, 155
track:1481, 858, 678, 166, 155
track:1482, 860, 675, 166, 155
init :1483, 853, 662, 198, 163
track:1484, 863, 665, 189, 155
track:1485, 867, 665, 189, 155
track:1486, 871, 663, 189, 155
track:1487, 877, 661, 189, 155
track:1488, 877, 661, 189, 155
init :1489, 867, 651, 244, 168
track:1490, 867, 650, 244, 168
track:1491, 871, 648, 244, 168
track:1492, 871, 646, 244, 168
track:1493, 872, 646, 244, 168
track:1494, 873, 643, 244, 168
init :1495, 863, 649, 286, 147
track:1496, 861, 646, 286, 147
track:1497, 858, 645, 286, 147
track:1498, 851, 639, 300, 154
track:1499, 846, 635, 300, 154
track:1500, 847, 634, 300, 154
init :1501, 835, 641, 300, 132
track:1502, 833, 639, 300, 132
track:1503, 832, 638, 300, 132
track:1504, 830, 636, 300, 132
track:1505, 825, 631, 300, 132
track:1506, 823, 629, 300, 132
init :1507, 826, 628, 309, 122
track:1508, 826, 628, 309, 122
track:1509, 834, 631, 294, 116
track:1510, 828, 625, 309, 122
track:1511, 828, 623, 309, 122
track:1512, 821, 621, 309, 122
init :1513, 821, 620, 304, 116
track:1514, 806, 620, 304, 116
track:1515, 783, 620, 304, 116
track:1516, 766, 622, 290, 110
track:1517, 732, 620, 304, 116
track:1518, 741, 623, 290, 110
init :1519, 724, 623, 286, 109
track:1520, 701, 623, 286, 109
track:1521, 679, 624, 286, 109
track:1522, 675, 627, 272, 104
track:1523, 674, 627, 272, 104
track:1524, 666, 628, 272, 104
init :1525, 664, 630, 263, 93
track:1526, 675, 632, 250, 89
track:1527, 679, 633, 250, 89
track:1528, 682, 632, 250, 89
track:1529, 705, 632, 250, 89
track:1530, 735, 631, 250, 89
init :1531, 761, 633, 249, 85
track:1532, 787, 633, 249, 85
track:1533, 787, 633, 249, 85
track:1534, 818, 635, 237, 81
track:1535, 841, 635, 237, 81
track:1536, 865, 635, 237, 81
init :1537, 876, 638, 240, 77
track:1538, 876, 638, 240, 77
track:1539, 892, 637, 240, 77
track:1540, 901, 641, 229, 73
track:1541, 904, 642, 229, 73
track:1542, 907, 642, 229, 73
init :1543, 909, 646, 230, 77
track:1544, 908, 646, 230, 77
track:1545, 910, 650, 219, 73
track:1546, 907, 650, 219, 73
track:1547, 893, 653, 219, 73
track:1548, 899, 655, 209, 70
init :1549, 890, 656, 216, 70
track:1550, 879, 655, 227, 74
track:1551, 870, 656, 227, 74
track:1552, 859, 656, 238, 77
track:1553, 864, 657, 227, 74
track:1554, 863, 658, 227, 74
init :1555, 872, 664, 207, 72
track:1556, 872, 663, 207, 72
track:1557, 872, 664, 207, 72
track:1558, 872, 664, 207, 72
track:1559, 874, 665, 207, 72
track:1560, 883, 666, 197, 69
init :1561, 900, 667, 189, 70
track:1562, 900, 668, 189, 70
track:1563, 901, 669, 189, 70
track:1564, 902, 669, 189, 70
track:1565, 903, 669, 189, 70
track:1566, 907, 670, 180, 67
init :1567, 913, 669, 180, 72
track:1568, 913, 669, 180, 72
track:1569, 912, 670, 180, 72
track:1570, 915, 673, 171, 69
track:1571, 912, 673, 171, 69
track:1572, 910, 674, 171, 69
init :1573, 913, 672, 166, 75
track:1574, 911, 672, 166, 75
track:1575, 908, 672, 166, 75
track:1576, 902, 673, 166, 75
track:1577, 901, 673, 166, 75
track:1578, 905, 674, 158, 71
init :1579, 909, 672, 143, 75
track:1580, 906, 672, 143, 75
track:1581, 903, 672, 143, 75
track:1582, 899, 672, 143, 75
track:1583, 899, 673, 143, 75
track:1584, 898, 673, 143, 75
init :1585, 900, 677, 138, 72
track:1586, 900, 677, 138, 72
track:1587, 902, 679, 131, 69
track:1588, 902, 678, 131, 69
track:1589, 899, 677, 138, 72
track:1590, 899, 678, 138, 72
init :1591, 904, 680, 129, 72
track:1592, 904, 680, 129, 72
track:1593, 903, 680, 129, 72
track:1594, 902, 681, 129, 72
track:1595, 901, 682, 129, 72
track:1596, 901, 684, 123, 69
init :1599, 913, 680, 101, 72
track:1600, 912, 680, 101, 72
track:1601, 911, 680, 101, 72
track:1602, 910, 680, 101, 72
init :1603, 913, 680, 96, 70
track:1604, 911, 680, 96, 70
track:1605, 909, 680, 96, 70
track:1606, 906, 681, 96, 70
track:1607, 903, 682, 96, 70
track:1608, 902, 682, 96, 70
elapseTime: 25.701
