init :7, 821, 630, 235, 197
track:8, 821, 630, 235, 197
track:9, 822, 630, 235, 197
track:10, 821, 631, 235, 197
track:11, 823, 630, 235, 197
track:12, 823, 630, 235, 197
track:13, 824, 630, 235, 197
track:14, 824, 630, 235, 197
track:15, 824, 630, 235, 197
track:16, 825, 630, 235, 197
track:17, 826, 630, 235, 197
track:18, 825, 630, 235, 197
track:19, 825, 629, 235, 197
track:20, 821, 626, 247, 207
track:21, 820, 626, 247, 207
track:22, 827, 631, 235, 197
track:23, 828, 631, 235, 197
track:24, 827, 631, 235, 197
track:25, 828, 630, 235, 197
track:26, 829, 631, 235, 197
track:27, 829, 631, 235, 197
track:28, 829, 631, 235, 197
track:29, 829, 630, 235, 197
track:30, 829, 630, 235, 197
track:31, 830, 629, 235, 197
track:32, 831, 631, 235, 197
track:33, 829, 630, 235, 197
track:34, 830, 631, 235, 197
track:35, 830, 630, 235, 197
track:36, 830, 631, 235, 197
track:37, 829, 630, 235, 197
track:38, 831, 630, 235, 197
track:39, 830, 630, 235, 197
track:40, 830, 630, 235, 197
track:41, 831, 629, 235, 197
track:42, 830, 631, 235, 197
track:43, 831, 630, 235, 197
track:44, 830, 631, 235, 197
track:45, 832, 630, 235, 197
track:46, 830, 631, 235, 197
track:48, 832, 630, 235, 197
track:49, 830, 630, 235, 197
track:50, 831, 629, 235, 197
track:51, 832, 629, 235, 197
track:52, 831, 628, 235, 197
track:53, 832, 629, 235, 197
track:54, 831, 629, 235, 197
track:55, 832, 629, 235, 197
track:56, 831, 629, 235, 197
track:57, 831, 628, 235, 197
track:58, 831, 629, 235, 197
track:59, 830, 628, 235, 197
track:60, 832, 628, 235, 197
track:61, 831, 630, 235, 197
track:62, 830, 629, 235, 197
track:63, 829, 629, 235, 197
track:64, 830, 629, 235, 197
track:65, 829, 629, 235, 197
track:66, 828, 629, 235, 197
track:67, 829, 628, 235, 197
track:68, 829, 629, 235, 197
track:69, 828, 629, 235, 197
track:70, 829, 628, 235, 197
track:71, 829, 629, 235, 197
track:72, 828, 629, 235, 197
track:73, 828, 629, 235, 197
track:74, 828, 628, 235, 197
track:75, 828, 629, 235, 197
track:76, 828, 629, 235, 197
track:77, 827, 629, 235, 197
track:78, 828, 628, 235, 197
track:79, 828, 629, 235, 197
track:80, 828, 629, 235, 197
track:81, 828, 628, 235, 197
track:82, 827, 629, 235, 197
track:83, 828, 630, 235, 197
track:84, 827, 629, 235, 197
track:85, 828, 629, 235, 197
track:86, 827, 630, 235, 197
track:87, 827, 629, 235, 197
track:88, 828, 629, 235, 197
track:89, 827, 630, 235, 197
track:90, 827, 630, 235, 197
track:91, 829, 629, 235, 197
track:92, 828, 630, 235, 197
track:93, 827, 629, 235, 197
track:94, 829, 629, 235, 197
track:95, 828, 630, 235, 197
track:96, 829, 629, 235, 197
init :97, 826, 628, 240, 197
track:98, 827, 627, 240, 197
track:99, 827, 628, 240, 197
track:100, 829, 628, 240, 197
track:101, 829, 627, 240, 197
track:102, 830, 627, 240, 197
track:103, 831, 626, 240, 197
track:104, 830, 626, 240, 197
track:105, 832, 625, 240, 197
track:106, 837, 629, 229, 188
track:107, 832, 622, 240, 197
track:108, 832, 621, 240, 197
track:109, 833, 620, 240, 197
track:110, 832, 619, 240, 197
track:111, 833, 618, 240, 197
track:112, 834, 614, 240, 197
track:113, 834, 613, 240, 197
track:114, 833, 614, 240, 197
track:115, 834, 612, 240, 197
track:116, 836, 609, 240, 197
track:117, 837, 608, 240, 197
track:120, 837, 604, 240, 197
track:121, 839, 603, 240, 197
track:122, 846, 605, 229, 188
track:123, 845, 604, 229, 188
track:124, 852, 607, 218, 179
track:125, 856, 608, 207, 170
track:126, 853, 605, 207, 170
track:127, 851, 603, 207, 170
track:128, 851, 603, 207, 170
track:129, 850, 603, 207, 170
track:130, 851, 604, 207, 170
track:131, 850, 605, 207, 170
track:132, 853, 609, 207, 170
track:133, 853, 611, 207, 170
track:134, 855, 612, 207, 170
track:135, 854, 614, 207, 170
track:136, 856, 614, 207, 170
track:137, 857, 615, 207, 170
track:138, 859, 616, 207, 170
track:139, 858, 616, 207, 170
track:140, 858, 615, 207, 170
track:141, 858, 615, 207, 170
track:142, 855, 616, 207, 170
track:143, 855, 616, 207, 170
track:144, 855, 616, 207, 170
track:145, 850, 620, 207, 170
track:146, 850, 621, 207, 170
track:147, 850, 621, 207, 170
track:148, 852, 624, 207, 170
track:149, 852, 623, 207, 170
track:150, 853, 627, 207, 170
track:151, 853, 630, 207, 170
track:152, 853, 633, 207, 170
track:153, 854, 635, 207, 170
track:154, 853, 635, 207, 170
track:155, 854, 637, 207, 170
track:156, 855, 638, 207, 170
track:157, 854, 638, 207, 170
track:158, 856, 639, 207, 170
track:159, 856, 639, 207, 170
track:160, 855, 640, 207, 170
track:161, 853, 641, 207, 170
track:162, 856, 644, 197, 162
track:163, 859, 648, 188, 154
track:164, 859, 648, 188, 154
track:165, 859, 650, 188, 154
track:166, 859, 650, 188, 154
track:167, 859, 650, 188, 154
track:168, 854, 646, 197, 162
track:169, 854, 645, 197, 162
track:170, 856, 645, 197, 162
track:171, 857, 645, 197, 162
track:172, 857, 643, 197, 162
track:173, 857, 642, 197, 162
track:174, 858, 642, 197, 162
track:175, 855, 643, 197, 162
track:176, 854, 643, 197, 162
track:177, 854, 642, 197, 162
track:178, 856, 644, 197, 162
track:179, 856, 644, 197, 162
track:180, 857, 646, 197, 162
track:181, 858, 647, 197, 162
track:182, 859, 650, 197, 162
track:183, 862, 652, 197, 162
track:184, 863, 653, 197, 162
track:185, 864, 654, 197, 162
track:186, 863, 653, 197, 162
track:187, 857, 649, 197, 162
track:188, 853, 646, 197, 162
track:189, 852, 644, 197, 162
track:190, 849, 643, 197, 162
track:191, 849, 640, 197, 162
track:192, 848, 636, 197, 162
init :193, 858, 643, 161, 150
track:194, 858, 643, 161, 150
track:195, 860, 642, 161, 150
track:196, 861, 641, 161, 150
track:197, 860, 639, 161, 150
track:198, 858, 640, 161, 150
track:199, 858, 640, 161, 150
track:200, 857, 643, 161, 150
track:201, 854, 643, 161, 150
track:202, 854, 641, 161, 150
track:203, 853, 639, 161, 150
track:204, 853, 639, 161, 150
track:205, 854, 636, 161, 150
track:206, 855, 635, 161, 150
track:207, 852, 634, 161, 150
track:208, 852, 633, 161, 150
track:209, 850, 631, 161, 150
track:210, 852, 631, 153, 143
track:211, 852, 628, 153, 143
track:212, 851, 625, 153, 143
track:213, 851, 626, 153, 143
track:214, 854, 627, 146, 136
track:215, 854, 626, 146, 136
track:216, 855, 625, 146, 136
track:217, 854, 625, 146, 136
track:218, 854, 626, 146, 136
track:219, 854, 627, 146, 136
track:220, 854, 631, 146, 136
track:221, 853, 633, 146, 136
track:222, 853, 634, 146, 136
track:223, 853, 635, 146, 136
track:224, 853, 637, 146, 136
track:225, 853, 639, 146, 136
track:226, 853, 639, 146, 136
track:227, 853, 639, 146, 136
track:228, 853, 639, 146, 136
track:229, 854, 640, 146, 136
track:230, 857, 642, 139, 130
track:231, 857, 642, 139, 130
track:232, 858, 642, 132, 123
track:233, 858, 642, 132, 123
track:234, 857, 642, 132, 123
track:235, 857, 642, 132, 123
track:236, 860, 642, 126, 118
track:237, 861, 643, 126, 118
track:238, 863, 643, 126, 118
track:239, 866, 647, 120, 112
track:240, 867, 649, 120, 112
track:241, 868, 650, 120, 112
track:242, 868, 650, 120, 112
track:243, 869, 650, 120, 112
track:244, 869, 650, 120, 112
track:245, 870, 653, 114, 107
track:246, 870, 653, 114, 107
track:247, 870, 653, 114, 107
track:248, 870, 653, 114, 107
track:249, 872, 657, 109, 102
track:250, 873, 658, 109, 102
track:251, 874, 660, 109, 102
track:252, 874, 662, 109, 102
track:253, 874, 662, 109, 102
track:254, 875, 665, 109, 102
track:255, 875, 667, 109, 102
track:256, 876, 669, 109, 102
track:257, 877, 673, 109, 102
track:258, 876, 673, 109, 102
track:259, 877, 674, 109, 102
track:260, 877, 676, 109, 102
track:261, 877, 677, 109, 102
track:262, 877, 678, 109, 102
track:263, 876, 678, 109, 102
track:264, 877, 680, 109, 102
track:265, 876, 682, 109, 102
track:266, 877, 683, 109, 102
track:267, 874, 682, 114, 107
track:268, 874, 683, 114, 107
track:269, 874, 683, 114, 107
track:270, 874, 685, 114, 107
track:271, 876, 689, 114, 107
track:272, 874, 690, 120, 112
track:273, 874, 690, 120, 112
track:274, 874, 692, 120, 112
track:275, 875, 694, 120, 112
track:276, 876, 696, 120, 112
track:277, 876, 700, 120, 112
track:278, 874, 699, 126, 118
track:279, 875, 698, 126, 118
track:280, 876, 697, 126, 118
track:281, 877, 697, 126, 118
track:282, 879, 698, 126, 118
track:283, 876, 696, 132, 123
track:284, 875, 695, 139, 130
track:285, 877, 696, 139, 130
track:286, 879, 696, 139, 130
track:287, 879, 693, 139, 130
track:288, 880, 693, 139, 130
init :289, 872, 677, 161, 150
track:290, 872, 673, 161, 150
track:291, 872, 667, 161, 150
track:292, 870, 659, 169, 158
track:293, 871, 659, 169, 158
track:294, 871, 657, 169, 158
track:295, 869, 650, 178, 165
track:296, 871, 650, 178, 165
track:297, 866, 647, 186, 174
track:298, 861, 643, 196, 182
track:299, 859, 644, 196, 182
track:300, 858, 645, 196, 182
track:301, 855, 647, 196, 182
track:302, 850, 648, 205, 191
track:303, 845, 646, 216, 201
track:304, 843, 649, 216, 201
track:305, 837, 645, 227, 211
track:306, 831, 641, 238, 222
track:307, 830, 639, 238, 222
track:308, 831, 638, 238, 222
track:309, 825, 631, 250, 233
track:310, 823, 624, 250, 233
track:311, 822, 607, 250, 233
track:312, 824, 599, 250, 233
track:313, 828, 602, 238, 222
track:314, 830, 597, 238, 222
track:315, 828, 588, 238, 222
track:316, 830, 579, 238, 222
track:317, 832, 573, 238, 222
track:318, 833, 570, 238, 222
track:319, 834, 569, 238, 222
track:320, 844, 565, 227, 211
track:321, 847, 557, 227, 211
track:322, 853, 562, 216, 201
track:323, 853, 561, 216, 201
track:324, 852, 565, 216, 201
track:325, 854, 567, 205, 191
track:326, 859, 564, 196, 182
track:327, 856, 564, 196, 182
track:328, 856, 565, 196, 182
track:329, 853, 570, 196, 182
track:330, 851, 581, 196, 182
track:331, 850, 582, 196, 182
track:332, 853, 588, 186, 174
track:333, 853, 588, 186, 174
track:334, 852, 589, 186, 174
track:335, 851, 590, 186, 174
track:336, 852, 594, 186, 174
track:337, 852, 595, 186, 174
track:338, 851, 595, 186, 174
track:339, 853, 591, 186, 174
track:340, 854, 590, 186, 174
track:341, 859, 593, 178, 165
track:342, 859, 592, 178, 165
track:343, 858, 592, 178, 165
track:344, 858, 591, 178, 165
track:345, 859, 586, 178, 165
track:346, 859, 587, 178, 165
track:347, 863, 594, 169, 158
track:348, 863, 595, 169, 158
track:349, 863, 597, 169, 158
track:350, 862, 601, 169, 158
track:351, 864, 603, 169, 158
track:352, 865, 608, 169, 158
track:353, 869, 612, 161, 150
track:354, 868, 614, 161, 150
track:355, 868, 615, 161, 150
track:356, 868, 615, 161, 150
track:357, 867, 616, 161, 150
track:358, 867, 615, 161, 150
track:359, 868, 616, 161, 150
track:360, 870, 619, 153, 143
track:361, 869, 619, 153, 143
track:362, 869, 619, 153, 143
track:363, 868, 620, 153, 143
track:364, 868, 620, 153, 143
track:365, 870, 624, 146, 136
track:366, 870, 624, 146, 136
track:367, 872, 628, 139, 130
track:368, 872, 629, 139, 130
track:369, 872, 629, 139, 130
track:370, 870, 635, 139, 130
track:371, 870, 639, 139, 130
track:372, 869, 644, 139, 130
track:373, 870, 644, 139, 130
track:374, 869, 646, 139, 130
track:375, 868, 647, 139, 130
track:376, 865, 646, 139, 130
track:377, 863, 648, 139, 130
track:378, 863, 647, 139, 130
track:379, 863, 649, 139, 130
track:380, 862, 648, 139, 130
track:381, 867, 651, 132, 123
track:382, 864, 650, 132, 123
track:383, 863, 651, 132, 123
track:384, 862, 650, 132, 123
init :385, 863, 662, 110, 93
track:386, 863, 662, 110, 93
track:387, 864, 663, 110, 93
track:388, 864, 663, 110, 93
track:389, 863, 662, 110, 93
track:390, 863, 662, 110, 93
track:391, 863, 665, 110, 93
track:392, 863, 668, 110, 93
track:393, 863, 668, 110, 93
track:394, 863, 669, 110, 93
track:395, 864, 674, 110, 93
track:396, 865, 678, 110, 93
track:397, 867, 682, 110, 93
track:398, 868, 683, 110, 93
track:399, 869, 687, 110, 93
track:400, 870, 692, 110, 93
track:401, 871, 697, 110, 93
track:402, 872, 700, 110, 93
track:403, 872, 702, 110, 93
track:404, 872, 703, 110, 93
track:405, 873, 703, 110, 93
track:406, 874, 703, 110, 93
track:407, 876, 703, 110, 93
track:408, 876, 703, 110, 93
track:409, 876, 701, 110, 93
track:410, 876, 700, 110, 93
track:411, 877, 696, 110, 93
track:412, 877, 695, 110, 93
track:413, 877, 694, 110, 93
track:414, 877, 693, 110, 93
track:415, 877, 695, 110, 93
track:416, 878, 697, 110, 93
track:417, 878, 697, 110, 93
track:418, 878, 697, 110, 93
track:419, 878, 697, 110, 93
track:420, 877, 698, 110, 93
track:421, 876, 698, 110, 93
track:422, 875, 697, 110, 93
track:423, 875, 696, 110, 93
track:424, 874, 693, 110, 93
track:425, 874, 691, 110, 93
track:426, 874, 689, 110, 93
track:427, 873, 688, 110, 93
track:428, 872, 687, 110, 93
track:429, 872, 688, 110, 93
track:430, 871, 688, 110, 93
track:431, 871, 688, 110, 93
track:432, 870, 687, 110, 93
track:433, 870, 688, 110, 93
track:434, 870, 687, 110, 93
track:435, 868, 688, 110, 93
track:436, 868, 689, 110, 93
track:437, 868, 691, 110, 93
track:438, 868, 691, 110, 93
track:439, 869, 692, 110, 93
track:440, 869, 693, 110, 93
track:441, 869, 693, 110, 93
track:442, 870, 693, 110, 93
track:443, 870, 694, 110, 93
track:444, 870, 694, 110, 93
track:445, 868, 692, 115, 98
track:446, 868, 693, 115, 98
track:447, 868, 693, 115, 98
track:448, 868, 692, 115, 98
track:449, 868, 691, 115, 98
track:450, 868, 690, 115, 98
track:451, 868, 692, 115, 98
track:452, 869, 693, 115, 98
track:453, 870, 694, 115, 98
track:454, 871, 694, 115, 98
track:455, 870, 692, 121, 103
track:456, 870, 693, 121, 103
track:457, 869, 692, 121, 103
track:458, 869, 692, 121, 103
track:459, 869, 692, 121, 103
track:460, 869, 690, 121, 103
track:461, 868, 690, 121, 103
track:462, 868, 691, 121, 103
track:463, 869, 690, 121, 103
track:464, 868, 687, 121, 103
track:465, 866, 681, 127, 108
track:466, 863, 680, 134, 113
track:467, 863, 680, 134, 113
track:468, 863, 681, 134, 113
track:469, 863, 683, 134, 113
track:470, 864, 684, 134, 113
track:471, 865, 685, 134, 113
track:472, 862, 682, 140, 119
track:473, 863, 684, 140, 119
track:474, 863, 686, 140, 119
track:475, 865, 687, 140, 119
track:476, 867, 686, 140, 119
track:477, 867, 686, 140, 119
track:478, 868, 685, 140, 119
track:479, 869, 683, 140, 119
track:480, 872, 676, 140, 119
init :481, 872, 669, 147, 124
track:482, 872, 669, 147, 124
track:483, 875, 663, 147, 124
track:484, 876, 662, 147, 124
track:485, 874, 658, 154, 130
track:486, 875, 663, 154, 130
track:487, 875, 663, 154, 130
track:488, 873, 667, 154, 130
track:490, 871, 671, 154, 130
track:491, 868, 672, 154, 130
track:492, 863, 670, 162, 137
track:493, 861, 670, 162, 137
track:494, 861, 669, 162, 137
track:495, 854, 660, 170, 144
track:496, 852, 655, 170, 144
track:497, 851, 654, 170, 144
track:498, 850, 651, 170, 144
track:499, 849, 648, 170, 144
track:500, 847, 642, 170, 144
track:501, 848, 638, 170, 144
track:502, 848, 638, 170, 144
track:503, 846, 636, 170, 144
track:504, 847, 634, 170, 144
track:505, 846, 633, 170, 144
track:506, 845, 632, 170, 144
track:507, 846, 632, 170, 144
track:508, 846, 631, 170, 144
track:509, 846, 627, 170, 144
track:510, 846, 623, 170, 144
track:511, 844, 621, 170, 144
track:512, 845, 621, 170, 144
track:513, 844, 621, 170, 144
track:514, 845, 622, 170, 144
track:515, 845, 622, 170, 144
track:516, 849, 625, 162, 137
track:517, 848, 625, 162, 137
track:518, 849, 623, 162, 137
track:519, 848, 622, 162, 137
track:520, 850, 621, 162, 137
track:521, 850, 620, 162, 137
track:522, 849, 620, 162, 137
track:523, 849, 621, 162, 137
track:524, 850, 623, 162, 137
track:525, 852, 624, 162, 137
track:526, 853, 626, 162, 137
track:527, 853, 627, 162, 137
track:528, 855, 628, 154, 130
track:529, 855, 628, 154, 130
track:530, 861, 629, 147, 124
track:531, 862, 629, 147, 124
track:532, 866, 631, 140, 118
track:533, 867, 632, 140, 118
track:534, 868, 632, 140, 118
track:535, 871, 635, 133, 112
track:536, 870, 637, 133, 112
track:537, 870, 638, 133, 112
track:538, 870, 638, 133, 112
track:539, 874, 644, 127, 107
track:540, 873, 643, 127, 107
track:543, 871, 645, 127, 107
track:544, 872, 645, 127, 107
track:546, 868, 650, 127, 107
track:547, 872, 653, 121, 102
track:548, 870, 655, 121, 102
track:549, 870, 658, 121, 102
track:550, 869, 659, 121, 102
track:551, 871, 662, 115, 97
track:552, 871, 662, 115, 97
track:553, 870, 662, 115, 97
track:554, 873, 663, 110, 93
track:555, 872, 664, 110, 93
track:556, 872, 664, 110, 93
track:557, 872, 664, 110, 93
track:558, 874, 670, 104, 88
track:559, 874, 674, 104, 88
track:560, 874, 676, 104, 88
track:561, 876, 683, 99, 84
track:562, 876, 682, 99, 84
track:563, 876, 684, 99, 84
track:564, 876, 686, 99, 84
track:565, 876, 688, 99, 84
track:566, 875, 689, 99, 84
track:567, 876, 690, 99, 84
track:568, 876, 692, 99, 84
track:569, 877, 693, 99, 84
track:570, 876, 697, 99, 84
track:571, 876, 699, 99, 84
track:572, 876, 699, 99, 84
track:573, 877, 702, 99, 84
track:574, 879, 704, 99, 84
track:575, 879, 703, 99, 84
track:576, 878, 701, 99, 84
init :577, 872, 700, 101, 75
track:578, 872, 699, 101, 75
track:579, 873, 696, 101, 75
track:580, 874, 697, 101, 75
track:581, 874, 696, 101, 75
track:582, 874, 697, 101, 75
track:583, 874, 699, 101, 75
track:584, 874, 701, 101, 75
track:585, 874, 700, 101, 75
track:586, 873, 701, 101, 75
track:587, 871, 700, 106, 79
track:588, 871, 701, 106, 79
track:589, 872, 699, 106, 79
track:590, 871, 699, 106, 79
track:591, 870, 700, 106, 79
track:592, 869, 700, 106, 79
track:593, 868, 699, 106, 79
track:594, 868, 697, 106, 79
track:595, 865, 687, 111, 83
track:596, 864, 684, 111, 83
track:597, 864, 684, 111, 83
track:598, 864, 680, 111, 83
track:599, 863, 673, 111, 83
track:600, 863, 670, 111, 83
track:601, 864, 670, 111, 83
track:602, 864, 670, 111, 83
track:603, 864, 669, 111, 83
track:604, 863, 665, 111, 83
track:605, 863, 662, 111, 83
track:606, 862, 660, 111, 83
track:607, 862, 660, 111, 83
track:608, 863, 660, 111, 83
track:609, 863, 660, 111, 83
track:610, 860, 659, 117, 87
track:611, 860, 662, 117, 87
track:612, 861, 662, 117, 87
track:613, 860, 666, 117, 87
track:614, 857, 665, 123, 91
track:615, 857, 668, 123, 91
track:616, 854, 668, 129, 96
track:617, 854, 669, 129, 96
track:618, 854, 668, 129, 96
track:619, 854, 667, 129, 96
track:620, 856, 666, 129, 96
track:621, 857, 665, 129, 96
track:622, 857, 665, 129, 96
track:623, 856, 665, 129, 96
track:624, 854, 663, 129, 96
track:625, 855, 663, 129, 96
track:626, 856, 665, 129, 96
track:627, 856, 665, 129, 96
track:628, 853, 664, 135, 101
track:629, 853, 663, 135, 101
track:630, 852, 661, 135, 101
track:631, 852, 660, 135, 101
track:632, 849, 658, 142, 106
track:633, 851, 660, 142, 106
track:634, 851, 664, 142, 106
track:635, 851, 666, 142, 106
track:636, 852, 667, 142, 106
track:637, 853, 667, 142, 106
track:638, 855, 668, 142, 106
track:639, 856, 668, 142, 106
track:640, 856, 668, 142, 106
track:641, 856, 666, 142, 106
track:642, 859, 668, 135, 101
track:643, 859, 666, 135, 101
track:644, 856, 662, 142, 106
track:645, 857, 655, 142, 106
track:646, 857, 653, 142, 106
track:647, 857, 653, 142, 106
track:648, 856, 652, 142, 106
track:649, 857, 652, 142, 106
track:650, 859, 653, 142, 106
track:651, 861, 653, 142, 106
track:652, 861, 652, 142, 106
track:653, 861, 652, 142, 106
track:654, 862, 653, 142, 106
track:655, 864, 656, 142, 106
track:656, 864, 659, 142, 106
track:657, 864, 659, 142, 106
track:658, 866, 662, 142, 106
track:659, 867, 662, 142, 106
track:660, 868, 661, 142, 106
track:661, 867, 661, 142, 106
track:662, 868, 661, 142, 106
track:663, 869, 660, 142, 106
track:664, 870, 658, 142, 106
track:665, 871, 656, 142, 106
track:666, 872, 656, 142, 106
track:667, 871, 656, 142, 106
track:668, 871, 653, 142, 106
track:669, 872, 653, 142, 106
track:670, 872, 652, 142, 106
track:671, 870, 652, 142, 106
track:672, 870, 652, 142, 106
init :673, 872, 651, 143, 116
track:674, 871, 650, 143, 116
track:675, 870, 650, 143, 116
track:676, 870, 651, 143, 116
track:677, 870, 651, 143, 116
track:678, 868, 653, 143, 116
track:679, 867, 663, 143, 116
track:680, 868, 670, 143, 116
track:681, 868, 672, 143, 116
track:682, 868, 673, 143, 116
track:683, 866, 672, 143, 116
track:684, 865, 671, 143, 116
track:685, 865, 673, 143, 116
track:686, 865, 675, 143, 116
track:687, 865, 676, 143, 116
track:688, 865, 675, 143, 116
track:689, 860, 671, 150, 122
track:690, 859, 670, 150, 122
track:691, 858, 668, 150, 122
track:692, 858, 667, 150, 122
track:693, 858, 666, 150, 122
track:694, 858, 666, 150, 122
track:695, 858, 665, 150, 122
track:696, 853, 661, 158, 128
track:697, 853, 660, 158, 128
track:698, 851, 659, 158, 128
track:699, 848, 659, 158, 128
track:700, 849, 660, 158, 128
track:701, 848, 662, 158, 128
track:702, 849, 662, 158, 128
track:703, 849, 665, 158, 128
track:704, 847, 671, 158, 128
track:705, 847, 675, 158, 128
track:706, 845, 676, 158, 128
track:707, 846, 677, 158, 128
track:708, 844, 679, 158, 128
track:709, 844, 679, 158, 128
track:710, 845, 678, 158, 128
track:711, 845, 677, 158, 128
track:712, 844, 674, 158, 128
track:713, 844, 673, 158, 128
track:714, 844, 673, 158, 128
track:715, 843, 674, 158, 128
track:716, 843, 674, 158, 128
track:717, 844, 675, 158, 128
track:718, 844, 676, 158, 128
track:719, 845, 676, 158, 128
track:720, 845, 677, 158, 128
track:721, 846, 677, 158, 128
track:722, 846, 678, 158, 128
track:723, 846, 676, 158, 128
track:724, 846, 674, 158, 128
track:725, 842, 668, 166, 134
track:726, 843, 667, 166, 134
track:727, 843, 665, 166, 134
track:728, 843, 663, 166, 134
track:729, 843, 659, 166, 134
track:730, 844, 656, 166, 134
track:731, 843, 654, 166, 134
track:732, 845, 655, 166, 134
track:733, 844, 654, 166, 134
track:734, 843, 650, 166, 134
track:735, 846, 646, 166, 134
track:736, 846, 644, 166, 134
track:737, 845, 642, 166, 134
track:738, 844, 641, 166, 134
track:739, 844, 641, 166, 134
track:740, 845, 643, 166, 134
track:741, 845, 644, 166, 134
track:742, 845, 644, 166, 134
track:743, 845, 645, 166, 134
track:744, 844, 645, 166, 134
track:745, 844, 643, 166, 134
track:746, 845, 642, 166, 134
track:747, 845, 641, 166, 134
track:748, 845, 633, 166, 134
track:749, 845, 628, 166, 134
track:750, 843, 626, 166, 134
track:751, 843, 626, 166, 134
track:752, 843, 627, 166, 134
track:753, 844, 629, 166, 134
track:754, 846, 628, 166, 134
track:755, 849, 629, 166, 134
track:756, 849, 628, 166, 134
track:757, 850, 627, 166, 134
track:758, 849, 625, 166, 134
track:759, 848, 626, 166, 134
track:760, 848, 631, 166, 134
track:761, 849, 632, 166, 134
track:762, 851, 632, 166, 134
track:763, 853, 632, 166, 134
track:764, 854, 632, 166, 134
track:765, 854, 633, 166, 134
track:766, 853, 633, 166, 134
track:767, 856, 635, 158, 128
track:768, 856, 637, 158, 128
init :769, 863, 638, 147, 122
track:770, 865, 647, 147, 122
track:771, 866, 648, 147, 122
track:772, 867, 647, 147, 122
track:773, 867, 646, 147, 122
track:774, 869, 646, 147, 122
track:775, 868, 646, 147, 122
track:776, 868, 647, 147, 122
track:777, 869, 647, 147, 122
track:778, 870, 646, 147, 122
track:779, 871, 646, 147, 122
track:780, 872, 646, 147, 122
track:781, 876, 648, 140, 116
track:782, 876, 648, 140, 116
track:783, 880, 650, 133, 111
track:784, 879, 649, 133, 111
track:785, 878, 650, 133, 111
track:786, 881, 653, 127, 105
track:787, 880, 653, 127, 105
track:788, 879, 654, 127, 105
track:789, 879, 654, 127, 105
track:790, 875, 650, 133, 111
track:791, 876, 651, 133, 111
track:792, 875, 649, 133, 111
track:793, 875, 650, 133, 111
track:794, 874, 653, 133, 111
track:795, 875, 657, 133, 111
track:796, 878, 660, 127, 105
track:797, 878, 659, 127, 105
track:798, 874, 655, 133, 111
track:799, 877, 659, 127, 105
track:800, 875, 658, 133, 111
track:801, 875, 658, 133, 111
track:802, 874, 658, 133, 111
track:803, 873, 659, 133, 111
track:804, 874, 660, 133, 111
track:805, 874, 660, 133, 111
track:806, 873, 660, 133, 111
track:807, 876, 663, 127, 105
track:808, 872, 662, 133, 111
track:809, 873, 662, 133, 111
track:810, 873, 665, 133, 111
track:811, 873, 665, 133, 111
track:812, 872, 667, 133, 111
track:813, 870, 666, 133, 111
track:814, 867, 666, 133, 111
track:815, 863, 663, 140, 116
track:816, 864, 663, 140, 116
track:817, 864, 666, 140, 116
track:818, 863, 674, 140, 116
track:819, 863, 675, 140, 116
track:820, 861, 687, 140, 116
track:821, 860, 687, 140, 116
track:822, 859, 687, 140, 116
track:823, 859, 686, 140, 116
track:824, 859, 685, 140, 116
track:825, 858, 685, 140, 116
track:826, 858, 685, 140, 116
track:827, 853, 688, 147, 122
track:828, 853, 692, 147, 122
track:829, 853, 694, 147, 122
track:830, 852, 693, 154, 128
track:831, 853, 694, 154, 128
track:832, 853, 695, 154, 128
track:833, 856, 693, 154, 128
track:834, 853, 683, 162, 135
track:835, 853, 674, 162, 135
track:836, 853, 673, 162, 135
track:837, 852, 670, 162, 135
track:838, 852, 668, 162, 135
track:839, 850, 664, 162, 135
track:840, 849, 659, 162, 135
track:841, 848, 657, 162, 135
track:842, 842, 654, 170, 141
track:843, 838, 649, 170, 141
track:844, 837, 647, 170, 141
track:845, 830, 633, 170, 141
track:846, 830, 632, 170, 141
track:847, 824, 622, 179, 148
track:848, 820, 612, 188, 156
track:849, 818, 611, 188, 156
track:850, 818, 610, 188, 156
track:851, 818, 610, 188, 156
track:852, 823, 605, 188, 156
track:853, 826, 601, 188, 156
track:854, 829, 602, 188, 156
track:855, 828, 606, 188, 156
track:856, 828, 607, 188, 156
track:857, 828, 608, 188, 156
track:858, 829, 606, 188, 156
track:859, 830, 601, 188, 156
track:860, 830, 598, 188, 156
track:861, 830, 598, 188, 156
track:862, 830, 601, 188, 156
track:863, 831, 606, 188, 156
track:864, 836, 613, 179, 148
init :865, 844, 623, 175, 147
track:866, 844, 623, 175, 147
track:867, 844, 628, 175, 147
track:868, 844, 630, 175, 147
track:869, 844, 631, 175, 147
track:870, 845, 635, 175, 147
track:871, 850, 638, 167, 140
track:872, 851, 640, 167, 140
track:873, 851, 639, 167, 140
track:874, 852, 639, 167, 140
track:875, 855, 642, 159, 133
track:876, 856, 643, 159, 133
track:877, 856, 643, 159, 133
track:878, 857, 644, 159, 133
track:879, 860, 643, 159, 133
track:880, 859, 643, 159, 133
track:881, 859, 642, 159, 133
track:882, 860, 642, 159, 133
track:883, 861, 641, 159, 133
track:884, 868, 644, 151, 127
track:885, 870, 643, 151, 127
track:886, 870, 643, 151, 127
track:887, 874, 647, 144, 121
track:888, 875, 647, 144, 121
track:889, 876, 647, 144, 121
track:890, 877, 645, 144, 121
track:891, 879, 645, 144, 121
track:892, 879, 644, 144, 121
track:893, 880, 643, 144, 121
track:894, 880, 642, 144, 121
track:895, 881, 643, 144, 121
track:896, 886, 645, 137, 115
track:897, 885, 645, 137, 115
track:898, 883, 644, 137, 115
track:899, 883, 646, 131, 110
track:900, 883, 648, 131, 110
track:901, 883, 648, 131, 110
track:902, 883, 650, 131, 110
track:903, 885, 653, 124, 104
track:904, 885, 652, 124, 104
track:905, 886, 653, 124, 104
track:906, 885, 653, 124, 104
track:907, 911, 641, 124, 104
track:908, 912, 640, 124, 104
track:909, 912, 652, 124, 104
track:910, 911, 657, 131, 110
track:911, 909, 654, 131, 110
track:912, 908, 656, 137, 115
track:913, 908, 658, 137, 115
track:914, 908, 661, 137, 115
track:915, 909, 663, 137, 115
track:916, 909, 662, 144, 121
track:917, 909, 661, 144, 121
track:918, 908, 665, 144, 121
track:919, 909, 664, 144, 121
track:920, 906, 665, 144, 121
track:921, 910, 669, 137, 115
track:922, 908, 668, 137, 115
track:923, 902, 670, 131, 110
track:924, 896, 670, 131, 110
track:925, 892, 669, 131, 110
track:926, 890, 670, 131, 110
track:927, 888, 670, 131, 110
track:928, 877, 670, 131, 110
track:929, 876, 671, 124, 104
track:930, 871, 670, 124, 104
track:931, 870, 670, 124, 104
track:932, 866, 668, 124, 104
track:933, 865, 666, 124, 104
track:934, 863, 664, 124, 104
track:935, 862, 662, 124, 104
track:936, 863, 660, 124, 104
track:937, 863, 658, 124, 104
track:938, 863, 656, 124, 104
track:939, 861, 654, 124, 104
track:940, 861, 652, 124, 104
track:941, 860, 652, 124, 104
track:942, 860, 650, 124, 104
track:943, 857, 650, 124, 104
track:944, 855, 649, 124, 104
track:945, 852, 650, 124, 104
track:946, 852, 649, 124, 104
track:947, 848, 650, 124, 104
track:948, 847, 650, 124, 104
track:949, 835, 649, 131, 110
track:950, 830, 650, 131, 110
track:951, 830, 651, 131, 110
track:952, 828, 652, 131, 110
track:953, 823, 653, 131, 110
track:954, 821, 654, 131, 110
track:955, 819, 655, 131, 110
track:956, 818, 656, 131, 110
track:957, 817, 657, 131, 110
track:958, 815, 657, 131, 110
track:959, 814, 658, 131, 110
track:960, 814, 659, 131, 110
init :961, 747, 584, 383, 236
track:962, 746, 585, 383, 236
track:963, 744, 587, 383, 236
track:964, 744, 587, 383, 236
track:965, 743, 587, 383, 236
track:966, 741, 588, 383, 236
track:967, 739, 589, 383, 236
track:968, 737, 589, 383, 236
track:969, 729, 590, 383, 236
track:970, 729, 589, 383, 236
track:971, 728, 590, 383, 236
track:972, 721, 593, 383, 236
track:973, 718, 591, 383, 236
track:974, 711, 592, 383, 236
track:975, 719, 597, 365, 225
track:976, 715, 597, 365, 225
track:977, 712, 598, 365, 225
track:978, 711, 598, 365, 225
track:979, 708, 597, 365, 225
track:980, 702, 594, 383, 236
track:981, 703, 593, 383, 236
track:982, 701, 594, 383, 236
track:983, 702, 595, 383, 236
track:984, 704, 594, 383, 236
track:985, 706, 594, 383, 236
track:986, 706, 596, 383, 236
track:987, 700, 589, 402, 248
track:988, 699, 590, 402, 248
track:989, 703, 587, 402, 248
track:990, 703, 588, 402, 248
track:991, 714, 596, 383, 236
track:992, 709, 596, 383, 236
track:993, 714, 597, 383, 236
track:994, 711, 595, 383, 236
track:995, 712, 595, 383, 236
track:996, 713, 591, 383, 236
track:997, 717, 593, 383, 236
track:998, 712, 588, 383, 236
track:999, 723, 590, 365, 225
track:1000, 733, 595, 347, 214
track:1001, 734, 593, 347, 214
track:1002, 740, 591, 347, 214
track:1003, 746, 586, 347, 214
track:1004, 748, 583, 347, 214
track:1005, 755, 587, 331, 204
track:1006, 759, 585, 331, 204
track:1007, 764, 582, 331, 204
track:1008, 754, 576, 347, 214
track:1009, 755, 573, 347, 214
track:1010, 756, 571, 347, 214
track:1011, 755, 575, 331, 204
track:1012, 752, 577, 331, 204
track:1013, 759, 580, 315, 194
track:1014, 753, 579, 315, 194
track:1015, 751, 577, 315, 194
track:1016, 756, 580, 300, 185
track:1017, 760, 584, 286, 176
track:1018, 757, 584, 286, 176
track:1019, 757, 583, 286, 176
track:1020, 756, 584, 286, 176
track:1021, 755, 583, 286, 176
track:1022, 759, 586, 272, 168
track:1023, 759, 586, 272, 168
track:1024, 758, 586, 272, 168
track:1025, 757, 585, 272, 168
track:1026, 754, 584, 272, 168
track:1027, 750, 584, 272, 168
track:1028, 747, 587, 272, 168
track:1029, 744, 588, 272, 168
track:1030, 746, 588, 272, 168
track:1031, 741, 588, 272, 168
track:1032, 735, 589, 272, 168
track:1033, 730, 592, 272, 168
track:1034, 729, 592, 272, 168
track:1035, 725, 592, 272, 168
track:1036, 722, 593, 272, 168
track:1037, 725, 600, 259, 160
track:1038, 728, 608, 247, 152
track:1039, 729, 610, 247, 152
track:1040, 728, 610, 247, 152
track:1041, 726, 614, 247, 152
track:1042, 726, 616, 247, 152
track:1043, 725, 616, 247, 152
track:1044, 725, 618, 247, 152
track:1045, 725, 619, 247, 152
track:1046, 724, 622, 247, 152
track:1047, 735, 627, 235, 145
track:1048, 742, 630, 224, 138
track:1049, 748, 628, 224, 138
track:1050, 747, 628, 224, 138
track:1051, 750, 625, 224, 138
track:1052, 758, 622, 224, 138
track:1053, 764, 622, 224, 138
track:1054, 778, 625, 213, 131
track:1055, 777, 626, 213, 131
track:1056, 787, 629, 203, 125
init :1057, 789, 610, 452, 145
track:1058, 789, 610, 452, 145
track:1059, 790, 611, 452, 145
track:1060, 791, 611, 452, 145
track:1061, 791, 611, 452, 145
track:1062, 790, 612, 452, 145
track:1063, 788, 613, 452, 145
track:1064, 784, 614, 452, 145
track:1065, 784, 614, 452, 145
track:1066, 777, 613, 452, 145
track:1067, 770, 613, 452, 145
track:1068, 752, 610, 475, 152
track:1069, 753, 613, 452, 145
track:1070, 750, 613, 452, 145
track:1071, 731, 609, 475, 152
track:1072, 718, 608, 475, 152
track:1073, 702, 609, 475, 152
track:1074, 702, 611, 452, 145
track:1075, 699, 611, 452, 145
track:1076, 691, 611, 452, 145
track:1077, 684, 611, 452, 145
track:1078, 666, 611, 452, 145
track:1079, 650, 609, 475, 152
track:1080, 657, 613, 452, 145
track:1081, 647, 612, 452, 145
track:1082, 644, 613, 452, 145
track:1083, 636, 613, 452, 145
track:1084, 636, 615, 452, 145
track:1085, 635, 615, 452, 145
track:1086, 637, 614, 452, 145
track:1087, 637, 613, 452, 145
track:1088, 633, 613, 452, 145
track:1089, 631, 614, 452, 145
track:1090, 631, 614, 452, 145
track:1091, 631, 617, 452, 145
track:1092, 632, 617, 452, 145
track:1093, 629, 615, 475, 152
track:1094, 632, 616, 475, 152
track:1095, 617, 615, 498, 160
track:1096, 601, 612, 523, 168
track:1097, 615, 616, 498, 160
track:1098, 616, 617, 498, 160
track:1099, 618, 615, 498, 160
track:1100, 619, 614, 498, 160
track:1101, 620, 615, 498, 160
track:1102, 616, 616, 498, 160
track:1103, 626, 620, 475, 152
track:1104, 620, 617, 498, 160
track:1105, 621, 618, 498, 160
track:1106, 608, 618, 498, 160
track:1107, 615, 617, 498, 160
track:1108, 612, 618, 498, 160
track:1109, 614, 619, 498, 160
track:1110, 609, 620, 498, 160
track:1111, 603, 623, 498, 160
track:1112, 600, 624, 498, 160
track:1113, 604, 628, 498, 160
track:1114, 595, 628, 498, 160
track:1115, 588, 629, 498, 160
track:1116, 586, 628, 498, 160
track:1117, 589, 629, 498, 160
track:1118, 595, 632, 475, 152
track:1119, 599, 633, 475, 152
track:1120, 609, 636, 452, 145
track:1121, 609, 637, 452, 145
track:1122, 607, 636, 452, 145
track:1123, 590, 632, 475, 152
track:1124, 595, 633, 475, 152
track:1125, 587, 628, 498, 160
track:1126, 608, 633, 475, 152
track:1127, 698, 626, 475, 152
track:1128, 619, 629, 475, 152
track:1129, 633, 631, 452, 145
track:1130, 646, 632, 452, 145
track:1131, 668, 632, 430, 138
track:1132, 683, 630, 430, 138
track:1133, 711, 631, 410, 132
track:1134, 737, 629, 430, 138
track:1135, 739, 629, 430, 138
track:1136, 738, 629, 430, 138
track:1137, 741, 628, 430, 138
track:1138, 740, 631, 430, 138
track:1139, 739, 631, 430, 138
track:1140, 736, 631, 430, 138
track:1141, 732, 633, 430, 138
track:1142, 726, 635, 430, 138
track:1143, 716, 639, 430, 138
track:1144, 714, 642, 430, 138
track:1145, 710, 642, 430, 138
track:1146, 706, 644, 430, 138
track:1147, 709, 650, 410, 132
track:1148, 700, 652, 410, 132
track:1149, 682, 650, 430, 138
track:1150, 681, 647, 430, 138
track:1151, 662, 644, 452, 145
track:1152, 665, 647, 430, 138
init :1153, 784, 636, 216, 176
track:1154, 784, 637, 216, 176
track:1155, 784, 638, 216, 176
track:1156, 785, 639, 216, 176
track:1157, 786, 640, 216, 176
track:1158, 788, 640, 216, 176
track:1159, 788, 639, 216, 176
track:1160, 788, 639, 216, 176
track:1161, 783, 634, 227, 185
track:1162, 791, 638, 216, 176
track:1163, 798, 642, 206, 168
track:1164, 802, 643, 206, 168
track:1165, 800, 643, 206, 168
track:1166, 797, 646, 206, 168
track:1167, 799, 647, 206, 168
track:1168, 792, 647, 206, 168
track:1169, 784, 648, 206, 168
track:1170, 786, 647, 206, 168
track:1171, 787, 646, 206, 168
track:1172, 785, 649, 196, 160
track:1173, 785, 650, 196, 160
track:1174, 787, 652, 187, 152
track:1175, 784, 653, 187, 152
track:1176, 784, 653, 187, 152
track:1177, 778, 653, 187, 152
track:1178, 776, 654, 187, 152
track:1179, 775, 649, 187, 152
track:1180, 774, 649, 187, 152
track:1181, 773, 644, 196, 160
track:1182, 773, 643, 196, 160
track:1183, 774, 638, 196, 160
track:1184, 776, 636, 196, 160
track:1185, 777, 636, 196, 160
track:1186, 775, 633, 196, 160
track:1187, 782, 631, 196, 160
track:1188, 784, 634, 187, 152
track:1189, 784, 632, 187, 152
track:1190, 781, 633, 187, 152
track:1191, 789, 635, 178, 145
track:1192, 796, 635, 169, 138
track:1193, 796, 633, 169, 138
track:1194, 799, 631, 161, 131
track:1195, 797, 630, 161, 131
track:1196, 794, 628, 161, 131
track:1197, 796, 630, 154, 125
track:1198, 795, 629, 154, 125
track:1199, 796, 628, 154, 125
track:1200, 797, 626, 154, 125
track:1201, 802, 630, 146, 119
track:1202, 800, 631, 146, 119
track:1203, 805, 630, 146, 119
track:1204, 811, 631, 146, 119
track:1205, 810, 630, 146, 119
track:1206, 818, 634, 139, 113
track:1207, 825, 631, 146, 119
track:1208, 827, 630, 146, 119
track:1209, 830, 635, 139, 113
track:1210, 841, 635, 139, 113
track:1211, 843, 637, 139, 113
track:1212, 849, 638, 139, 113
track:1213, 854, 639, 139, 113
track:1214, 858, 642, 133, 108
track:1215, 865, 646, 126, 103
track:1216, 868, 650, 120, 98
track:1217, 868, 650, 120, 98
track:1218, 870, 654, 115, 93
track:1219, 870, 654, 115, 93
track:1220, 871, 657, 109, 89
track:1221, 873, 657, 109, 89
track:1222, 874, 658, 109, 89
track:1223, 879, 658, 109, 89
track:1224, 878, 659, 109, 89
track:1225, 877, 658, 109, 89
track:1226, 884, 659, 109, 89
track:1227, 886, 661, 104, 85
track:1228, 892, 661, 104, 85
track:1229, 893, 662, 99, 81
track:1230, 894, 663, 99, 81
track:1231, 896, 663, 99, 81
track:1232, 898, 664, 99, 81
track:1233, 901, 665, 99, 81
track:1234, 902, 665, 99, 81
track:1235, 902, 668, 94, 77
track:1236, 904, 668, 94, 77
track:1237, 904, 666, 94, 77
track:1238, 905, 664, 94, 77
track:1239, 908, 665, 90, 73
track:1240, 914, 669, 85, 70
track:1241, 915, 668, 85, 70
track:1242, 918, 666, 85, 70
track:1243, 942, 674, 85, 70
track:1244, 945, 674, 85, 70
track:1245, 949, 675, 85, 70
track:1246, 952, 677, 85, 70
track:1247, 953, 678, 85, 70
track:1248, 950, 679, 85, 70
init :1249, 950, 669, 170, 93
track:1250, 947, 669, 170, 93
track:1251, 943, 667, 170, 93
track:1252, 936, 666, 170, 93
track:1253, 932, 665, 170, 93
track:1254, 934, 666, 162, 89
track:1255, 932, 667, 154, 84
track:1256, 924, 665, 154, 84
track:1257, 918, 663, 154, 84
track:1258, 919, 664, 147, 80
track:1259, 923, 665, 140, 77
track:1260, 911, 660, 147, 80
track:1261, 910, 658, 147, 80
track:1262, 901, 659, 147, 80
track:1263, 894, 657, 147, 80
track:1264, 898, 660, 140, 77
track:1265, 897, 660, 147, 80
track:1266, 897, 660, 147, 80
track:1267, 896, 656, 147, 80
track:1268, 897, 656, 147, 80
track:1269, 894, 656, 147, 80
track:1270, 896, 655, 147, 80
track:1271, 895, 654, 147, 80
track:1272, 892, 652, 147, 80
track:1273, 890, 651, 147, 80
track:1274, 887, 649, 147, 80
track:1275, 884, 648, 147, 80
track:1276, 880, 649, 147, 80
track:1277, 870, 653, 147, 80
track:1278, 867, 651, 147, 80
track:1279, 869, 654, 140, 77
track:1280, 862, 655, 140, 77
track:1281, 853, 656, 140, 77
track:1282, 848, 654, 140, 77
track:1283, 845, 655, 140, 77
track:1284, 841, 653, 147, 80
track:1285, 831, 655, 147, 80
track:1286, 827, 654, 147, 80
track:1287, 819, 650, 154, 84
track:1288, 817, 650, 154, 84
track:1289, 821, 653, 147, 80
track:1290, 822, 652, 147, 80
track:1291, 817, 649, 154, 84
track:1292, 817, 649, 154, 84
track:1293, 813, 648, 154, 84
track:1294, 813, 649, 154, 84
track:1295, 816, 652, 147, 80
track:1296, 815, 651, 147, 80
track:1297, 815, 649, 147, 80
track:1298, 810, 647, 154, 84
track:1299, 812, 648, 154, 84
track:1300, 814, 648, 154, 84
track:1301, 813, 650, 154, 84
track:1302, 810, 649, 154, 84
track:1303, 810, 649, 154, 84
track:1304, 810, 650, 154, 84
track:1305, 811, 648, 154, 84
track:1306, 812, 650, 154, 84
track:1307, 818, 653, 147, 80
track:1308, 820, 655, 140, 77
track:1309, 820, 655, 140, 77
track:1310, 820, 655, 140, 77
track:1311, 825, 657, 140, 77
track:1312, 825, 656, 140, 77
track:1313, 828, 659, 133, 73
track:1314, 827, 660, 133, 73
track:1315, 828, 661, 127, 69
track:1316, 831, 663, 121, 66
track:1317, 830, 663, 121, 66
track:1318, 827, 664, 121, 66
track:1319, 827, 663, 121, 66
track:1320, 827, 665, 115, 63
track:1321, 825, 665, 115, 63
track:1322, 829, 666, 115, 63
track:1323, 830, 667, 115, 63
track:1324, 829, 668, 115, 63
track:1325, 830, 668, 115, 63
track:1326, 832, 669, 115, 63
track:1327, 834, 671, 115, 63
track:1328, 836, 671, 115, 63
track:1329, 835, 671, 115, 63
track:1330, 835, 672, 115, 63
track:1331, 834, 672, 115, 63
track:1332, 831, 672, 115, 63
track:1333, 827, 671, 115, 63
track:1334, 826, 671, 115, 63
track:1335, 822, 671, 115, 63
track:1336, 814, 669, 121, 66
track:1337, 812, 671, 115, 63
track:1338, 812, 671, 115, 63
track:1339, 811, 672, 115, 63
track:1340, 814, 673, 110, 60
track:1341, 815, 673, 110, 60
track:1342, 813, 673, 110, 60
track:1343, 813, 673, 110, 60
track:1344, 814, 674, 110, 60
init :1345, 849, 680, 170, 49
track:1346, 849, 680, 170, 49
track:1347, 849, 680, 170, 49
track:1348, 848, 681, 170, 49
track:1349, 849, 681, 170, 49
track:1350, 848, 681, 170, 49
track:1351, 847, 682, 170, 49
track:1352, 845, 682, 170, 49
track:1353, 844, 682, 170, 49
track:1354, 843, 682, 170, 49
track:1355, 844, 683, 170, 49
track:1356, 844, 683, 170, 49
track:1357, 845, 684, 170, 49
track:1358, 846, 684, 170, 49
track:1359, 846, 683, 170, 49
track:1360, 846, 684, 170, 49
track:1361, 845, 684, 170, 49
track:1362, 842, 684, 178, 51
track:1363, 843, 686, 178, 51
track:1364, 842, 686, 178, 51
track:1365, 842, 686, 178, 51
track:1366, 846, 687, 170, 49
track:1367, 846, 686, 170, 49
track:1368, 842, 686, 178, 51
track:1369, 840, 687, 178, 51
track:1370, 839, 687, 178, 51
track:1371, 842, 689, 170, 49
track:1372, 841, 690, 170, 49
track:1373, 835, 690, 178, 51
track:1374, 834, 690, 178, 51
track:1375, 830, 690, 178, 51
track:1376, 824, 689, 187, 54
track:1377, 828, 691, 178, 51
track:1378, 826, 692, 178, 51
track:1379, 828, 694, 170, 49
track:1380, 821, 694, 170, 49
track:1381, 816, 694, 178, 51
track:1382, 813, 695, 178, 51
track:1383, 807, 694, 187, 54
track:1384, 806, 696, 187, 54
track:1385, 805, 696, 187, 54
track:1386, 805, 697, 187, 54
track:1387, 807, 698, 187, 54
track:1388, 807, 699, 187, 54
track:1389, 813, 701, 178, 51
track:1390, 816, 702, 178, 51
track:1391, 818, 702, 178, 51
track:1392, 824, 704, 178, 51
track:1393, 826, 704, 178, 51
track:1394, 824, 704, 187, 54
track:1395, 829, 705, 187, 54
track:1396, 830, 706, 187, 54
track:1397, 822, 706, 197, 57
track:1398, 825, 707, 197, 57
track:1399, 824, 707, 197, 57
track:1400, 821, 707, 197, 57
track:1401, 815, 708, 197, 57
track:1402, 809, 709, 197, 57
track:1403, 804, 709, 197, 57
track:1404, 802, 710, 197, 57
track:1405, 801, 710, 197, 57
track:1406, 797, 711, 197, 57
track:1407, 794, 711, 197, 57
track:1408, 791, 712, 197, 57
track:1409, 791, 711, 197, 57
track:1410, 783, 711, 207, 60
track:1411, 783, 712, 207, 60
track:1412, 780, 712, 217, 63
track:1413, 781, 712, 217, 63
track:1414, 787, 714, 207, 60
track:1415, 789, 715, 207, 60
track:1416, 788, 715, 207, 60
track:1417, 784, 714, 217, 63
track:1418, 780, 715, 217, 63
track:1419, 780, 715, 217, 63
track:1420, 774, 714, 228, 66
track:1421, 772, 715, 228, 66
track:1422, 770, 716, 228, 66
track:1423, 771, 716, 228, 66
track:1424, 771, 717, 228, 66
track:1425, 771, 717, 228, 66
track:1426, 771, 717, 228, 66
track:1427, 763, 716, 239, 69
track:1428, 762, 717, 239, 69
track:1429, 764, 718, 239, 69
track:1430, 767, 719, 228, 66
track:1431, 761, 717, 239, 69
track:1432, 765, 720, 228, 66
track:1433, 764, 721, 228, 66
track:1434, 759, 720, 239, 69
track:1435, 753, 719, 251, 72
track:1436, 752, 721, 239, 69
track:1437, 751, 722, 239, 69
track:1438, 756, 723, 228, 66
track:1439, 756, 723, 228, 66
track:1440, 753, 723, 228, 66
init :1441, 784, 724, 244, 109
track:1442, 780, 724, 244, 109
track:1443, 778, 724, 244, 109
track:1444, 777, 724, 244, 109
track:1445, 772, 724, 244, 109
track:1446, 765, 725, 244, 109
track:1447, 762, 724, 244, 109
track:1448, 760, 724, 244, 109
track:1449, 759, 724, 244, 109
track:1450, 760, 722, 244, 109
track:1451, 762, 721, 244, 109
track:1452, 768, 723, 232, 104
track:1453, 769, 719, 244, 109
track:1454, 768, 721, 244, 109
track:1455, 774, 721, 244, 109
track:1456, 780, 721, 244, 109
track:1457, 790, 723, 244, 109
track:1458, 790, 723, 244, 109
track:1459, 791, 723, 244, 109
track:1460, 799, 725, 244, 109
track:1461, 809, 730, 232, 104
track:1462, 821, 735, 221, 99
track:1463, 821, 733, 221, 99
track:1464, 830, 738, 211, 94
track:1465, 839, 736, 211, 94
track:1466, 848, 743, 201, 90
track:1467, 844, 742, 211, 94
track:1468, 844, 743, 211, 94
track:1469, 844, 745, 211, 94
track:1470, 842, 746, 211, 94
track:1471, 840, 745, 211, 94
track:1472, 834, 742, 221, 99
track:1473, 831, 740, 221, 99
track:1474, 826, 733, 221, 99
track:1475, 820, 731, 232, 104
track:1476, 819, 732, 232, 104
track:1477, 828, 735, 221, 99
track:1478, 820, 732, 232, 104
track:1479, 819, 733, 232, 104
track:1480, 822, 734, 232, 104
track:1481, 822, 733, 232, 104
track:1482, 825, 737, 232, 104
track:1483, 822, 734, 232, 104
track:1484, 828, 732, 232, 104
track:1485, 830, 731, 221, 99
track:1486, 832, 727, 221, 99
track:1487, 840, 729, 221, 99
track:1488, 840, 728, 221, 99
track:1489, 848, 729, 211, 94
track:1490, 843, 727, 211, 94
track:1491, 848, 728, 201, 90
track:1492, 847, 725, 201, 90
track:1493, 851, 725, 191, 85
track:1494, 850, 724, 191, 85
track:1495, 846, 719, 191, 85
track:1496, 845, 717, 191, 85
track:1497, 835, 713, 182, 81
track:1498, 835, 711, 182, 81
track:1499, 833, 708, 182, 81
track:1500, 828, 706, 173, 77
track:1501, 824, 702, 173, 77
track:1502, 817, 698, 173, 77
track:1503, 815, 697, 173, 77
track:1504, 818, 695, 165, 74
track:1505, 817, 691, 157, 70
track:1506, 815, 687, 157, 70
track:1507, 813, 684, 157, 70
track:1508, 812, 683, 157, 70
track:1509, 812, 683, 157, 70
track:1510, 810, 679, 157, 70
track:1511, 811, 677, 157, 70
track:1512, 801, 673, 157, 70
track:1513, 803, 673, 157, 70
track:1514, 791, 671, 157, 70
track:1515, 776, 672, 150, 67
track:1516, 756, 668, 150, 67
track:1517, 732, 668, 150, 67
track:1518, 732, 668, 150, 67
track:1519, 712, 666, 150, 67
track:1520, 689, 665, 150, 67
track:1521, 669, 666, 150, 67
track:1522, 657, 666, 150, 67
track:1523, 657, 668, 150, 67
track:1524, 647, 666, 150, 67
track:1525, 648, 666, 150, 67
track:1526, 655, 667, 143, 64
track:1527, 663, 668, 136, 61
track:1528, 664, 669, 136, 61
track:1529, 693, 667, 136, 61
track:1530, 716, 667, 136, 61
track:1531, 743, 666, 136, 61
track:1532, 773, 666, 129, 58
track:1533, 773, 666, 129, 58
track:1534, 800, 666, 129, 58
track:1535, 826, 668, 123, 55
track:1536, 851, 668, 117, 52
init :1537, 876, 638, 240, 77
track:1538, 876, 638, 240, 77
track:1539, 892, 637, 240, 77
track:1540, 901, 641, 229, 73
track:1541, 904, 642, 229, 73
track:1542, 907, 642, 229, 73
track:1543, 912, 644, 218, 70
track:1544, 911, 644, 218, 70
track:1545, 903, 644, 229, 73
track:1546, 898, 645, 229, 73
track:1547, 895, 648, 218, 70
track:1548, 893, 649, 218, 70
track:1549, 880, 649, 229, 73
track:1550, 872, 651, 229, 73
track:1551, 871, 653, 218, 70
track:1552, 866, 654, 218, 70
track:1553, 869, 658, 207, 67
track:1554, 872, 660, 197, 63
track:1555, 869, 661, 197, 63
track:1556, 869, 661, 197, 63
track:1557, 871, 663, 197, 63
track:1558, 875, 665, 188, 60
track:1559, 877, 665, 188, 60
track:1560, 883, 666, 179, 57
track:1561, 886, 667, 179, 57
track:1562, 894, 669, 171, 55
track:1563, 895, 669, 171, 55
track:1564, 896, 669, 171, 55
track:1565, 899, 670, 171, 55
track:1566, 901, 671, 162, 52
track:1567, 900, 672, 162, 52
track:1568, 904, 673, 155, 50
track:1569, 906, 674, 147, 47
track:1570, 906, 675, 147, 47
track:1571, 906, 675, 140, 45
track:1572, 904, 676, 140, 45
track:1573, 903, 675, 140, 45
track:1574, 902, 676, 140, 45
track:1575, 901, 677, 140, 45
track:1576, 893, 678, 134, 43
track:1577, 897, 679, 127, 41
track:1578, 900, 680, 121, 39
track:1579, 900, 681, 121, 39
track:1580, 891, 682, 121, 39
track:1581, 893, 683, 115, 37
track:1582, 893, 684, 110, 35
track:1583, 891, 684, 110, 35
track:1584, 893, 685, 105, 34
track:1585, 892, 685, 105, 34
track:1586, 893, 686, 100, 32
track:1587, 893, 686, 100, 32
track:1588, 893, 686, 100, 32
track:1589, 895, 687, 95, 30
track:1590, 895, 687, 95, 30
track:1591, 892, 687, 100, 32
track:1592, 892, 688, 100, 32
track:1593, 891, 689, 100, 32
track:1594, 889, 690, 100, 32
track:1595, 888, 691, 100, 32
track:1596, 885, 691, 100, 32
track:1599, 882, 692, 100, 32
track:1600, 883, 692, 95, 30
track:1601, 881, 692, 95, 30
track:1602, 882, 693, 90, 29
track:1603, 883, 693, 86, 28
track:1604, 882, 693, 86, 28
track:1605, 883, 693, 86, 28
track:1606, 880, 692, 86, 28
track:1607, 880, 693, 82, 26
track:1608, 879, 692, 82, 26
elapseTime: 15.998
