init :7, 821, 630, 235, 197
track:8, 821, 630, 235, 197
track:9, 822, 630, 235, 197
track:10, 821, 631, 235, 197
track:11, 823, 630, 235, 197
track:12, 823, 630, 235, 197
track:13, 824, 630, 235, 197
track:14, 824, 630, 235, 197
track:15, 824, 630, 235, 197
track:16, 825, 630, 235, 197
track:17, 826, 630, 235, 197
track:18, 825, 630, 235, 197
track:19, 825, 629, 235, 197
track:20, 821, 626, 247, 207
track:21, 820, 626, 247, 207
track:22, 827, 631, 235, 197
track:23, 828, 631, 235, 197
track:24, 827, 631, 235, 197
track:25, 828, 630, 235, 197
track:26, 829, 631, 235, 197
track:27, 829, 631, 235, 197
track:28, 829, 631, 235, 197
track:29, 829, 630, 235, 197
track:30, 829, 630, 235, 197
track:31, 830, 629, 235, 197
track:32, 831, 631, 235, 197
track:33, 829, 630, 235, 197
track:34, 830, 631, 235, 197
track:35, 830, 630, 235, 197
track:36, 830, 631, 235, 197
track:37, 829, 630, 235, 197
track:38, 831, 630, 235, 197
track:39, 830, 630, 235, 197
track:40, 830, 630, 235, 197
track:41, 831, 629, 235, 197
track:42, 830, 631, 235, 197
track:43, 831, 630, 235, 197
track:44, 830, 631, 235, 197
track:45, 832, 630, 235, 197
track:46, 830, 631, 235, 197
track:48, 832, 630, 235, 197
track:49, 830, 630, 235, 197
track:50, 831, 629, 235, 197
track:51, 832, 629, 235, 197
track:52, 831, 628, 235, 197
track:53, 832, 629, 235, 197
track:54, 831, 629, 235, 197
track:55, 832, 629, 235, 197
track:56, 831, 629, 235, 197
track:57, 831, 628, 235, 197
track:58, 831, 629, 235, 197
track:59, 830, 628, 235, 197
track:60, 832, 628, 235, 197
track:61, 831, 630, 235, 197
track:62, 830, 629, 235, 197
track:63, 829, 629, 235, 197
track:64, 830, 629, 235, 197
track:65, 829, 629, 235, 197
track:66, 828, 629, 235, 197
track:67, 829, 628, 235, 197
track:68, 829, 629, 235, 197
track:69, 828, 629, 235, 197
track:70, 829, 628, 235, 197
track:71, 829, 629, 235, 197
track:72, 828, 629, 235, 197
track:73, 828, 629, 235, 197
track:74, 828, 628, 235, 197
track:75, 828, 629, 235, 197
init :76, 826, 630, 235, 197
track:77, 826, 630, 235, 197
track:78, 826, 630, 235, 197
track:79, 826, 630, 235, 197
track:80, 826, 630, 235, 197
track:81, 826, 630, 235, 197
track:82, 826, 630, 235, 197
track:83, 826, 630, 235, 197
track:84, 825, 630, 235, 197
track:85, 826, 631, 235, 197
track:86, 826, 631, 235, 197
track:87, 825, 630, 235, 197
track:88, 826, 630, 235, 197
track:89, 826, 631, 235, 197
track:90, 826, 631, 235, 197
track:91, 826, 631, 235, 197
track:92, 826, 632, 235, 197
track:93, 827, 631, 235, 197
track:94, 827, 630, 235, 197
track:95, 827, 630, 235, 197
track:96, 827, 630, 235, 197
track:97, 827, 630, 235, 197
track:98, 829, 630, 235, 197
track:99, 829, 629, 235, 197
track:100, 830, 629, 235, 197
track:101, 830, 630, 235, 197
track:102, 830, 628, 235, 197
track:103, 831, 627, 235, 197
track:104, 832, 628, 235, 197
track:105, 831, 626, 235, 197
track:106, 832, 626, 235, 197
track:107, 833, 624, 235, 197
track:108, 833, 622, 235, 197
track:109, 833, 622, 235, 197
track:110, 833, 621, 235, 197
track:111, 835, 620, 235, 197
track:112, 835, 617, 235, 197
track:113, 834, 615, 235, 197
track:114, 834, 615, 235, 197
track:115, 836, 613, 235, 197
track:116, 836, 610, 235, 197
track:117, 838, 608, 235, 197
track:120, 839, 606, 235, 197
track:121, 840, 603, 235, 197
track:122, 848, 606, 224, 188
track:123, 848, 605, 224, 188
track:124, 847, 605, 224, 188
track:125, 851, 607, 213, 179
track:126, 854, 608, 203, 170
track:127, 853, 607, 203, 170
track:128, 851, 606, 203, 170
track:129, 851, 607, 203, 170
track:130, 851, 608, 203, 170
track:131, 851, 609, 203, 170
track:132, 854, 612, 203, 170
track:133, 855, 614, 203, 170
track:134, 856, 614, 203, 170
track:135, 855, 616, 203, 170
track:136, 856, 616, 203, 170
track:137, 856, 616, 203, 170
track:138, 858, 619, 203, 170
track:139, 859, 618, 203, 170
track:140, 858, 619, 203, 170
track:141, 857, 618, 203, 170
track:142, 856, 618, 203, 170
track:143, 854, 619, 203, 170
track:144, 855, 619, 203, 170
track:145, 852, 622, 203, 170
track:146, 850, 623, 203, 170
track:147, 850, 623, 203, 170
track:148, 852, 626, 203, 170
track:149, 852, 627, 203, 170
track:150, 854, 630, 203, 170
init :151, 858, 633, 175, 160
track:152, 858, 634, 175, 160
track:153, 859, 638, 175, 160
track:154, 858, 639, 175, 160
track:155, 857, 641, 175, 160
track:156, 858, 641, 175, 160
track:157, 859, 642, 175, 160
track:158, 860, 643, 175, 160
track:159, 860, 643, 175, 160
track:160, 859, 644, 175, 160
track:161, 857, 644, 175, 160
track:162, 855, 644, 175, 160
track:163, 854, 644, 175, 160
track:164, 853, 645, 175, 160
track:165, 853, 646, 175, 160
track:166, 854, 646, 175, 160
track:167, 853, 646, 175, 160
track:168, 853, 645, 175, 160
track:169, 852, 645, 175, 160
track:170, 855, 645, 175, 160
track:171, 856, 643, 175, 160
track:172, 853, 639, 184, 168
track:173, 857, 642, 175, 160
track:174, 856, 642, 175, 160
track:175, 854, 642, 175, 160
track:176, 851, 644, 175, 160
track:177, 854, 644, 175, 160
track:178, 854, 644, 175, 160
track:179, 855, 644, 175, 160
track:180, 863, 648, 167, 152
track:181, 863, 649, 167, 152
track:182, 864, 652, 167, 152
track:183, 866, 655, 167, 152
track:184, 866, 655, 167, 152
track:185, 867, 656, 167, 152
track:186, 867, 655, 167, 152
track:187, 861, 650, 167, 152
track:188, 857, 646, 167, 152
track:189, 856, 645, 167, 152
track:190, 854, 644, 167, 152
track:191, 853, 642, 167, 152
track:192, 853, 638, 167, 152
track:193, 852, 636, 167, 152
track:194, 852, 635, 167, 152
track:195, 851, 630, 175, 160
track:196, 856, 633, 167, 152
track:197, 855, 631, 167, 152
track:198, 853, 631, 167, 152
track:199, 853, 631, 167, 152
track:200, 850, 633, 167, 152
track:201, 849, 633, 167, 152
track:202, 847, 632, 167, 152
track:203, 848, 629, 167, 152
track:204, 849, 628, 167, 152
track:205, 848, 627, 167, 152
track:206, 849, 626, 167, 152
track:207, 846, 624, 167, 152
track:208, 848, 624, 167, 152
track:209, 844, 621, 167, 152
track:210, 843, 619, 167, 152
track:211, 843, 617, 167, 152
track:212, 842, 614, 167, 152
track:213, 843, 613, 167, 152
track:214, 845, 616, 159, 145
track:215, 845, 614, 159, 145
track:216, 849, 618, 151, 138
track:217, 849, 619, 151, 138
track:218, 849, 619, 151, 138
track:219, 849, 620, 151, 138
track:220, 850, 624, 151, 138
track:221, 852, 628, 144, 132
track:222, 852, 630, 144, 132
track:223, 852, 630, 144, 132
track:224, 852, 632, 144, 132
track:225, 852, 634, 144, 132
init :226, 849, 643, 143, 114
track:227, 849, 643, 143, 114
track:228, 849, 645, 143, 114
track:229, 849, 645, 143, 114
track:230, 852, 648, 136, 109
track:231, 852, 647, 136, 109
track:232, 849, 643, 143, 114
track:233, 848, 642, 143, 114
track:234, 850, 644, 136, 109
track:235, 850, 643, 136, 109
track:236, 851, 643, 136, 109
track:237, 852, 643, 136, 109
track:238, 853, 643, 136, 109
track:239, 854, 645, 136, 109
track:240, 858, 649, 130, 103
track:241, 859, 650, 130, 103
track:242, 859, 650, 130, 103
track:243, 859, 650, 130, 103
track:244, 858, 650, 130, 103
track:245, 859, 651, 130, 103
track:246, 859, 652, 130, 103
track:247, 859, 653, 130, 103
track:248, 859, 652, 130, 103
track:249, 860, 652, 130, 103
track:250, 860, 654, 130, 103
track:251, 860, 656, 130, 103
track:252, 861, 657, 130, 103
track:253, 861, 658, 130, 103
track:254, 862, 660, 130, 103
track:255, 862, 663, 130, 103
track:256, 862, 665, 130, 103
track:257, 864, 668, 130, 103
track:258, 863, 668, 130, 103
track:259, 864, 670, 130, 103
track:260, 865, 672, 130, 103
track:261, 864, 672, 130, 103
track:262, 864, 672, 130, 103
track:263, 864, 672, 130, 103
track:264, 863, 674, 130, 103
track:265, 863, 676, 130, 103
track:266, 864, 677, 130, 103
track:267, 861, 678, 136, 109
track:268, 861, 678, 136, 109
track:269, 861, 679, 136, 109
track:270, 861, 681, 136, 109
track:271, 862, 685, 136, 109
track:272, 863, 688, 136, 109
track:273, 863, 688, 136, 109
track:274, 863, 690, 136, 109
track:275, 863, 692, 136, 109
track:276, 862, 692, 143, 114
track:277, 862, 694, 143, 114
track:278, 862, 695, 143, 114
track:279, 863, 694, 143, 114
track:280, 865, 693, 143, 114
track:281, 865, 692, 143, 114
track:282, 863, 692, 150, 120
track:283, 864, 692, 150, 120
track:284, 865, 695, 150, 120
track:285, 867, 696, 150, 120
track:286, 865, 693, 158, 126
track:287, 866, 690, 158, 126
track:288, 863, 686, 166, 132
track:289, 863, 683, 166, 132
track:290, 864, 679, 166, 132
track:291, 860, 668, 174, 139
track:292, 861, 663, 174, 139
track:293, 862, 662, 174, 139
track:294, 858, 658, 183, 145
track:295, 860, 655, 183, 145
track:296, 856, 651, 192, 153
track:297, 851, 649, 201, 160
track:298, 851, 649, 201, 160
track:299, 845, 645, 211, 168
track:300, 843, 646, 211, 168
init :301, 835, 638, 244, 205
track:302, 834, 641, 244, 205
track:303, 834, 642, 244, 205
track:304, 833, 647, 244, 205
track:305, 832, 647, 244, 205
track:306, 824, 642, 256, 215
track:307, 818, 635, 269, 226
track:308, 816, 636, 269, 226
track:309, 816, 633, 269, 226
track:310, 815, 628, 269, 226
track:311, 813, 611, 269, 226
track:312, 820, 607, 256, 215
track:313, 813, 602, 269, 226
track:314, 814, 595, 269, 226
track:315, 814, 586, 269, 226
track:316, 814, 579, 269, 226
track:317, 816, 568, 269, 226
track:318, 822, 572, 256, 215
track:319, 825, 573, 256, 215
track:320, 836, 566, 244, 205
track:321, 839, 562, 244, 205
track:322, 843, 565, 232, 195
track:323, 844, 563, 232, 195
track:324, 843, 566, 232, 195
track:325, 846, 569, 221, 186
track:326, 845, 562, 221, 186
track:327, 844, 562, 221, 186
track:328, 844, 562, 221, 186
track:329, 843, 569, 221, 186
track:330, 840, 577, 221, 186
track:331, 846, 584, 211, 177
track:332, 843, 586, 211, 177
track:333, 841, 588, 211, 177
track:334, 841, 589, 211, 177
track:335, 845, 594, 201, 169
track:336, 840, 592, 211, 177
track:337, 840, 592, 211, 177
track:338, 845, 598, 201, 169
track:339, 846, 594, 201, 169
track:340, 847, 592, 201, 169
track:341, 846, 592, 201, 169
track:342, 846, 591, 201, 169
track:343, 847, 592, 201, 169
track:344, 847, 588, 201, 169
track:345, 847, 585, 201, 169
track:346, 847, 586, 201, 169
track:347, 847, 588, 201, 169
track:348, 847, 589, 201, 169
track:349, 850, 595, 191, 161
track:350, 857, 603, 182, 153
track:351, 862, 609, 173, 146
track:352, 863, 612, 173, 146
track:353, 863, 612, 173, 146
track:354, 862, 616, 173, 146
track:355, 866, 620, 165, 139
track:356, 866, 619, 165, 139
track:357, 865, 621, 165, 139
track:358, 864, 620, 165, 139
track:359, 864, 620, 165, 139
track:360, 862, 621, 165, 139
track:361, 865, 624, 157, 132
track:362, 864, 624, 157, 132
track:363, 864, 623, 157, 132
track:364, 864, 625, 157, 132
track:365, 864, 626, 157, 132
track:366, 863, 626, 157, 132
track:367, 863, 627, 157, 132
track:368, 861, 626, 157, 132
track:369, 865, 630, 150, 126
track:370, 864, 636, 150, 126
track:371, 864, 640, 150, 126
track:372, 863, 644, 150, 126
track:373, 863, 645, 150, 126
track:374, 863, 646, 150, 126
track:375, 861, 647, 150, 126
init :376, 867, 662, 124, 101
track:377, 865, 662, 124, 101
track:378, 865, 663, 124, 101
track:379, 865, 664, 124, 101
track:380, 865, 664, 124, 101
track:381, 865, 664, 124, 101
track:382, 863, 663, 124, 101
track:383, 863, 664, 124, 101
track:384, 861, 663, 124, 101
track:385, 860, 662, 124, 101
track:386, 863, 663, 118, 96
track:387, 863, 662, 118, 96
track:388, 863, 663, 118, 96
track:389, 863, 662, 118, 96
track:390, 863, 662, 118, 96
track:391, 863, 664, 118, 96
track:392, 862, 667, 118, 96
track:393, 862, 668, 118, 96
track:394, 862, 668, 118, 96
track:395, 863, 674, 118, 96
track:396, 864, 677, 118, 96
track:397, 866, 682, 118, 96
track:398, 866, 683, 118, 96
track:399, 868, 686, 118, 96
track:400, 869, 690, 118, 96
track:401, 870, 696, 118, 96
track:402, 871, 700, 118, 96
track:403, 875, 702, 112, 92
track:404, 875, 703, 112, 92
track:405, 876, 703, 112, 92
track:406, 876, 703, 112, 92
track:407, 877, 704, 112, 92
track:408, 878, 704, 112, 92
track:409, 878, 703, 112, 92
track:410, 878, 701, 112, 92
track:411, 879, 698, 112, 92
track:412, 879, 696, 112, 92
track:413, 880, 696, 112, 92
track:414, 880, 694, 112, 92
track:415, 880, 696, 112, 92
track:416, 879, 698, 112, 92
track:417, 883, 700, 107, 87
track:418, 883, 700, 107, 87
track:419, 882, 699, 107, 87
track:420, 879, 699, 112, 92
track:421, 877, 699, 112, 92
track:422, 877, 698, 112, 92
track:423, 877, 697, 112, 92
track:424, 877, 694, 112, 92
track:425, 876, 692, 112, 92
track:426, 875, 691, 112, 92
track:427, 873, 689, 112, 92
track:428, 874, 689, 112, 92
track:429, 873, 688, 112, 92
track:430, 872, 689, 112, 92
track:431, 873, 689, 112, 92
track:432, 872, 689, 112, 92
track:433, 871, 689, 112, 92
track:434, 871, 689, 112, 92
track:435, 870, 689, 112, 92
track:436, 869, 690, 112, 92
track:437, 869, 692, 112, 92
track:438, 870, 692, 112, 92
track:439, 868, 691, 118, 96
track:440, 868, 692, 118, 96
track:441, 868, 692, 118, 96
track:442, 869, 693, 118, 96
track:443, 869, 693, 118, 96
track:444, 868, 693, 118, 96
track:445, 868, 693, 118, 96
track:446, 869, 694, 118, 96
track:447, 869, 694, 118, 96
track:448, 869, 693, 118, 96
track:449, 869, 693, 118, 96
track:450, 869, 692, 118, 96
init :451, 872, 693, 115, 93
track:452, 873, 695, 115, 93
track:453, 872, 695, 115, 93
track:454, 874, 695, 115, 93
track:455, 875, 696, 115, 93
track:456, 876, 696, 115, 93
track:457, 875, 696, 115, 93
track:458, 875, 696, 115, 93
track:459, 875, 695, 115, 93
track:460, 874, 693, 115, 93
track:461, 876, 693, 115, 93
track:462, 876, 693, 115, 93
track:463, 873, 691, 121, 98
track:464, 872, 688, 121, 98
track:465, 872, 685, 121, 98
track:466, 873, 686, 121, 98
track:467, 872, 686, 121, 98
track:468, 872, 687, 121, 98
track:469, 872, 687, 121, 98
track:470, 873, 688, 121, 98
track:471, 874, 690, 121, 98
track:472, 871, 688, 127, 103
track:473, 872, 691, 127, 103
track:474, 869, 691, 133, 108
track:475, 871, 692, 133, 108
track:476, 873, 690, 133, 108
track:477, 873, 690, 133, 108
track:478, 875, 689, 133, 108
track:479, 877, 688, 133, 108
track:480, 876, 675, 140, 113
track:481, 877, 673, 140, 113
track:482, 878, 673, 140, 113
track:483, 881, 664, 140, 113
track:484, 881, 663, 140, 113
track:485, 884, 664, 140, 113
track:486, 881, 664, 147, 119
track:487, 880, 665, 147, 119
track:488, 880, 669, 147, 119
track:490, 877, 672, 147, 119
track:491, 872, 671, 154, 125
track:492, 867, 669, 162, 131
track:493, 865, 669, 162, 131
track:494, 859, 666, 170, 137
track:495, 857, 659, 170, 137
track:496, 854, 653, 170, 137
track:497, 853, 652, 170, 137
track:498, 853, 650, 170, 137
track:499, 852, 646, 170, 137
track:500, 851, 641, 170, 137
track:501, 851, 638, 170, 137
track:502, 851, 637, 170, 137
track:503, 850, 634, 170, 137
track:504, 850, 634, 170, 137
track:505, 849, 633, 170, 137
track:506, 848, 632, 170, 137
track:507, 848, 633, 170, 137
track:508, 848, 630, 170, 137
track:509, 847, 626, 170, 137
track:510, 847, 624, 170, 137
track:511, 851, 625, 162, 131
track:512, 851, 624, 162, 131
track:513, 851, 623, 162, 131
track:514, 850, 626, 162, 131
track:515, 850, 626, 162, 131
track:516, 850, 625, 162, 131
track:517, 850, 624, 162, 131
track:518, 850, 622, 162, 131
track:519, 850, 621, 162, 131
track:520, 855, 624, 154, 125
track:521, 855, 623, 154, 125
track:522, 856, 622, 154, 125
track:523, 855, 624, 154, 125
track:524, 856, 626, 154, 125
track:525, 861, 631, 147, 119
init :526, 863, 633, 143, 111
track:527, 863, 633, 143, 111
track:528, 863, 633, 143, 111
track:529, 863, 633, 143, 111
track:530, 864, 631, 143, 111
track:531, 865, 631, 143, 111
track:532, 868, 633, 136, 106
track:533, 868, 635, 136, 106
track:534, 869, 634, 136, 106
track:535, 868, 635, 136, 106
track:536, 871, 639, 130, 101
track:537, 871, 639, 130, 101
track:538, 872, 641, 130, 101
track:539, 872, 642, 130, 101
track:540, 872, 643, 130, 101
track:543, 869, 644, 130, 101
track:544, 869, 643, 130, 101
track:546, 868, 650, 130, 101
track:547, 866, 650, 130, 101
track:548, 866, 653, 130, 101
track:549, 864, 654, 130, 101
track:550, 867, 659, 124, 96
track:551, 865, 661, 124, 96
track:552, 865, 660, 124, 96
track:553, 869, 662, 118, 91
track:554, 868, 662, 118, 91
track:555, 867, 662, 118, 91
track:556, 870, 664, 112, 87
track:557, 869, 664, 112, 87
track:558, 868, 668, 112, 87
track:559, 869, 671, 112, 87
track:560, 869, 674, 112, 87
track:561, 868, 679, 112, 87
track:562, 868, 679, 112, 87
track:563, 871, 683, 107, 83
track:564, 872, 684, 107, 83
track:565, 871, 685, 107, 83
track:566, 871, 687, 107, 83
track:567, 872, 687, 107, 83
track:568, 873, 690, 107, 83
track:569, 873, 691, 107, 83
track:570, 872, 694, 107, 83
track:571, 872, 697, 107, 83
track:572, 874, 699, 102, 79
track:573, 875, 701, 102, 79
track:574, 877, 703, 102, 79
track:575, 875, 701, 107, 83
track:576, 875, 699, 107, 83
track:577, 874, 698, 107, 83
track:578, 874, 696, 107, 83
track:579, 874, 695, 107, 83
track:580, 877, 694, 107, 83
track:581, 877, 694, 107, 83
track:582, 877, 694, 107, 83
track:583, 876, 697, 107, 83
track:584, 876, 699, 107, 83
track:585, 877, 698, 107, 83
track:586, 876, 699, 107, 83
track:587, 876, 699, 107, 83
track:588, 877, 699, 107, 83
track:589, 877, 698, 107, 83
track:590, 877, 698, 107, 83
track:591, 875, 699, 107, 83
track:592, 875, 699, 107, 83
track:593, 874, 698, 107, 83
track:594, 871, 694, 112, 87
track:595, 870, 686, 112, 87
track:596, 870, 684, 112, 87
track:597, 869, 683, 112, 87
track:598, 866, 677, 118, 91
track:599, 865, 671, 118, 91
track:600, 866, 668, 118, 91
init :601, 867, 664, 115, 103
track:602, 867, 664, 115, 103
track:603, 867, 663, 115, 103
track:604, 865, 660, 115, 103
track:605, 865, 657, 115, 103
track:606, 866, 656, 115, 103
track:607, 865, 656, 115, 103
track:608, 866, 656, 115, 103
track:609, 867, 655, 115, 103
track:610, 867, 656, 115, 103
track:611, 867, 660, 115, 103
track:612, 864, 659, 121, 108
track:613, 863, 661, 121, 108
track:614, 864, 663, 121, 108
track:615, 865, 666, 121, 108
track:616, 864, 669, 121, 108
track:617, 861, 667, 127, 114
track:618, 861, 667, 127, 114
track:619, 860, 665, 127, 114
track:620, 861, 664, 127, 114
track:621, 862, 664, 127, 114
track:622, 862, 664, 127, 114
track:623, 861, 663, 127, 114
track:624, 860, 661, 127, 114
track:625, 861, 661, 127, 114
track:626, 862, 662, 127, 114
track:627, 863, 663, 127, 114
track:628, 863, 664, 127, 114
track:629, 863, 663, 127, 114
track:630, 859, 658, 133, 119
track:631, 859, 658, 133, 119
track:632, 859, 658, 133, 119
track:633, 862, 660, 133, 119
track:634, 862, 664, 133, 119
track:635, 862, 667, 133, 119
track:636, 859, 665, 140, 125
track:637, 860, 665, 140, 125
track:638, 861, 665, 140, 125
track:639, 859, 664, 147, 131
track:640, 859, 664, 147, 131
track:641, 859, 661, 147, 131
track:642, 859, 661, 147, 131
track:643, 858, 658, 147, 131
track:644, 858, 658, 147, 131
track:645, 859, 648, 147, 131
track:646, 860, 647, 147, 131
track:647, 860, 647, 147, 131
track:648, 860, 646, 147, 131
track:649, 860, 646, 147, 131
track:650, 862, 647, 147, 131
track:651, 864, 647, 147, 131
track:652, 864, 646, 147, 131
track:653, 865, 646, 147, 131
track:654, 865, 647, 147, 131
track:655, 867, 651, 147, 131
track:656, 867, 653, 147, 131
track:657, 868, 654, 147, 131
track:658, 870, 657, 147, 131
track:659, 871, 656, 147, 131
track:660, 871, 656, 147, 131
track:661, 871, 655, 147, 131
track:662, 871, 655, 147, 131
track:663, 873, 656, 147, 131
track:664, 873, 654, 147, 131
track:665, 874, 652, 147, 131
track:666, 874, 651, 147, 131
track:667, 875, 650, 147, 131
track:668, 875, 648, 147, 131
track:669, 876, 647, 147, 131
track:670, 876, 646, 147, 131
track:671, 873, 646, 147, 131
track:672, 873, 647, 147, 131
track:673, 870, 646, 147, 131
track:674, 870, 645, 147, 131
track:675, 870, 645, 147, 131
init :676, 872, 651, 143, 103
track:677, 872, 651, 143, 103
track:678, 871, 654, 143, 103
track:679, 870, 663, 143, 103
track:680, 870, 670, 143, 103
track:681, 871, 672, 143, 103
track:682, 871, 672, 143, 103
track:683, 866, 669, 150, 108
track:684, 864, 669, 150, 108
track:685, 861, 669, 158, 114
track:686, 861, 670, 158, 114
track:687, 861, 672, 158, 114
track:688, 860, 671, 158, 114
track:689, 860, 669, 158, 114
track:690, 859, 667, 158, 114
track:691, 858, 665, 158, 114
track:692, 861, 668, 150, 108
track:693, 859, 666, 150, 108
track:694, 860, 666, 150, 108
track:695, 861, 665, 150, 108
track:696, 859, 664, 150, 108
track:697, 858, 664, 150, 108
track:698, 857, 663, 150, 108
track:699, 854, 664, 150, 108
track:700, 854, 665, 150, 108
track:701, 854, 665, 150, 108
track:702, 854, 666, 150, 108
track:703, 855, 669, 150, 108
track:704, 858, 675, 143, 103
track:705, 855, 682, 143, 103
track:706, 855, 682, 143, 103
track:707, 854, 683, 143, 103
track:708, 855, 684, 143, 103
track:709, 853, 685, 143, 103
track:710, 854, 682, 143, 103
track:711, 854, 682, 143, 103
track:712, 850, 677, 150, 108
track:713, 850, 676, 150, 108
track:714, 849, 675, 150, 108
track:715, 849, 676, 150, 108
track:716, 849, 677, 150, 108
track:717, 849, 679, 150, 108
track:718, 850, 680, 150, 108
track:719, 850, 680, 150, 108
track:720, 851, 681, 150, 108
track:721, 851, 681, 150, 108
track:722, 851, 681, 150, 108
track:723, 851, 680, 150, 108
track:724, 852, 677, 150, 108
track:725, 852, 672, 150, 108
track:726, 852, 672, 150, 108
track:727, 849, 669, 158, 114
track:728, 850, 666, 158, 114
track:729, 850, 661, 158, 114
track:730, 851, 659, 158, 114
track:731, 851, 658, 158, 114
track:732, 851, 659, 158, 114
track:733, 850, 656, 158, 114
track:734, 851, 651, 158, 114
track:735, 849, 645, 166, 119
track:736, 850, 644, 166, 119
track:737, 853, 645, 158, 114
track:738, 852, 643, 158, 114
track:739, 852, 644, 158, 114
track:740, 853, 645, 158, 114
track:741, 853, 646, 158, 114
track:742, 853, 647, 158, 114
track:743, 852, 647, 158, 114
track:744, 851, 647, 158, 114
track:745, 852, 645, 158, 114
track:746, 852, 644, 158, 114
track:747, 853, 642, 158, 114
track:748, 852, 633, 158, 114
track:749, 851, 629, 158, 114
track:750, 850, 629, 158, 114
init :751, 849, 625, 156, 124
track:752, 848, 627, 156, 124
track:753, 850, 628, 156, 124
track:754, 851, 629, 156, 124
track:755, 853, 628, 156, 124
track:756, 854, 628, 156, 124
track:757, 855, 628, 156, 124
track:758, 854, 627, 156, 124
track:759, 854, 629, 156, 124
track:760, 855, 632, 156, 124
track:761, 855, 633, 156, 124
track:762, 857, 634, 156, 124
track:763, 859, 633, 156, 124
track:764, 860, 633, 156, 124
track:765, 863, 636, 149, 118
track:766, 862, 636, 149, 118
track:767, 861, 636, 149, 118
track:768, 863, 638, 149, 118
track:769, 863, 640, 149, 118
track:770, 866, 648, 149, 118
track:771, 866, 649, 149, 118
track:772, 868, 649, 149, 118
track:773, 867, 647, 149, 118
track:774, 869, 647, 149, 118
track:775, 874, 650, 141, 112
track:776, 872, 649, 141, 112
track:777, 873, 649, 141, 112
track:778, 875, 648, 141, 112
track:779, 876, 648, 141, 112
track:780, 880, 650, 135, 107
track:781, 879, 650, 135, 107
track:782, 879, 651, 135, 107
track:783, 879, 651, 135, 107
track:784, 879, 649, 135, 107
track:785, 877, 651, 135, 107
track:786, 878, 651, 135, 107
track:787, 880, 653, 128, 102
track:788, 880, 653, 128, 102
track:789, 879, 654, 128, 102
track:790, 878, 653, 128, 102
track:791, 878, 654, 128, 102
track:792, 877, 652, 128, 102
track:793, 877, 653, 128, 102
track:794, 877, 654, 128, 102
track:795, 878, 659, 128, 102
track:796, 878, 660, 128, 102
track:797, 878, 659, 128, 102
track:798, 878, 658, 128, 102
track:799, 878, 659, 128, 102
track:800, 878, 661, 128, 102
track:801, 878, 661, 128, 102
track:802, 877, 661, 128, 102
track:803, 877, 662, 128, 102
track:804, 877, 662, 128, 102
track:805, 876, 662, 128, 102
track:806, 876, 663, 128, 102
track:807, 875, 663, 128, 102
track:808, 875, 663, 128, 102
track:809, 875, 665, 128, 102
track:810, 876, 668, 128, 102
track:811, 876, 668, 128, 102
track:812, 875, 669, 128, 102
track:813, 872, 669, 128, 102
track:814, 871, 668, 128, 102
track:815, 870, 669, 128, 102
track:816, 870, 669, 128, 102
track:817, 871, 671, 128, 102
track:818, 870, 678, 128, 102
track:819, 866, 677, 135, 107
track:820, 864, 689, 135, 107
track:821, 864, 690, 135, 107
track:822, 863, 690, 135, 107
track:823, 863, 689, 135, 107
track:824, 862, 687, 135, 107
track:825, 858, 685, 141, 112
init :826, 858, 680, 152, 122
track:827, 858, 685, 152, 122
track:828, 854, 688, 160, 128
track:829, 856, 690, 160, 128
track:830, 858, 692, 160, 128
track:831, 858, 692, 160, 128
track:832, 855, 689, 168, 135
track:833, 857, 687, 168, 135
track:834, 858, 680, 168, 135
track:835, 854, 671, 176, 141
track:836, 855, 669, 176, 141
track:837, 853, 663, 176, 141
track:838, 852, 661, 176, 141
track:839, 850, 658, 176, 141
track:840, 845, 650, 185, 148
track:841, 844, 649, 185, 148
track:842, 842, 647, 185, 148
track:843, 840, 644, 185, 148
track:844, 839, 641, 185, 148
track:845, 833, 626, 185, 148
track:846, 831, 626, 185, 148
track:847, 827, 617, 194, 156
track:848, 827, 610, 194, 156
track:849, 825, 607, 194, 156
track:850, 826, 606, 194, 156
track:851, 826, 606, 194, 156
track:852, 829, 602, 194, 156
track:853, 833, 598, 194, 156
track:854, 834, 599, 194, 156
track:855, 834, 602, 194, 156
track:856, 834, 603, 194, 156
track:857, 834, 604, 194, 156
track:858, 836, 603, 194, 156
track:859, 837, 598, 194, 156
track:860, 838, 597, 194, 156
track:861, 837, 596, 194, 156
track:862, 841, 602, 185, 148
track:863, 843, 606, 185, 148
track:864, 843, 613, 185, 148
track:865, 843, 620, 185, 148
track:866, 844, 619, 185, 148
track:867, 843, 625, 185, 148
track:868, 842, 626, 185, 148
track:869, 844, 626, 185, 148
track:870, 844, 632, 185, 148
track:871, 844, 631, 185, 148
track:872, 845, 633, 185, 148
track:873, 850, 636, 176, 141
track:874, 850, 635, 176, 141
track:875, 851, 638, 176, 141
track:876, 855, 640, 168, 135
track:877, 855, 640, 168, 135
track:878, 857, 640, 168, 135
track:879, 858, 639, 168, 135
track:880, 863, 642, 160, 128
track:881, 863, 643, 160, 128
track:882, 863, 643, 160, 128
track:883, 865, 641, 160, 128
track:884, 871, 643, 152, 122
track:885, 872, 643, 152, 122
track:886, 873, 644, 152, 122
track:887, 874, 645, 152, 122
track:888, 874, 645, 152, 122
track:889, 875, 644, 152, 122
track:890, 877, 643, 152, 122
track:891, 880, 644, 145, 116
track:892, 882, 643, 145, 116
track:893, 886, 645, 138, 111
track:894, 887, 645, 138, 111
track:895, 887, 645, 138, 111
track:896, 887, 645, 138, 111
track:897, 890, 647, 131, 105
track:898, 892, 649, 125, 100
track:899, 890, 649, 125, 100
track:900, 889, 650, 125, 100
init :901, 881, 651, 124, 93
track:902, 880, 652, 124, 93
track:903, 880, 653, 124, 93
track:904, 881, 653, 124, 93
track:905, 880, 654, 124, 93
track:906, 881, 654, 124, 93
track:907, 856, 634, 124, 93
track:908, 847, 634, 124, 93
track:909, 849, 641, 124, 93
track:910, 842, 642, 124, 93
track:911, 844, 643, 124, 93
track:912, 840, 645, 130, 98
track:913, 837, 644, 137, 103
track:914, 833, 646, 137, 103
track:915, 831, 644, 144, 108
track:916, 831, 643, 144, 108
track:917, 830, 645, 144, 108
track:918, 831, 645, 144, 108
track:919, 826, 644, 151, 113
track:920, 821, 641, 158, 119
track:921, 819, 640, 158, 119
track:922, 815, 640, 158, 119
track:923, 810, 640, 158, 119
track:924, 805, 641, 158, 119
track:925, 796, 637, 166, 125
track:926, 796, 635, 166, 125
track:927, 791, 635, 166, 125
track:928, 783, 638, 166, 125
track:929, 777, 637, 166, 125
track:930, 774, 635, 166, 125
track:931, 774, 634, 166, 125
track:932, 770, 632, 166, 125
track:933, 771, 631, 166, 125
track:934, 771, 628, 166, 125
track:935, 771, 625, 166, 125
track:936, 771, 624, 166, 125
track:937, 771, 622, 166, 125
track:938, 771, 619, 166, 125
track:939, 773, 620, 166, 125
track:940, 772, 616, 166, 125
track:941, 772, 617, 166, 125
track:942, 773, 616, 166, 125
track:943, 773, 616, 166, 125
track:944, 772, 615, 166, 125
track:945, 771, 614, 166, 125
track:946, 771, 615, 166, 125
track:947, 768, 619, 158, 119
track:948, 762, 616, 166, 125
track:949, 758, 617, 166, 125
track:950, 756, 618, 166, 125
track:951, 755, 619, 166, 125
track:952, 754, 620, 166, 125
track:953, 748, 622, 166, 125
track:954, 747, 623, 166, 125
track:955, 746, 624, 166, 125
track:956, 747, 625, 166, 125
track:957, 748, 625, 166, 125
track:958, 744, 627, 166, 125
track:959, 744, 628, 166, 125
track:960, 745, 628, 166, 125
track:961, 739, 629, 166, 125
track:962, 739, 630, 166, 125
track:963, 734, 631, 166, 125
track:964, 736, 634, 158, 119
track:965, 736, 634, 158, 119
track:966, 732, 635, 158, 119
track:967, 730, 635, 158, 119
track:968, 721, 635, 158, 119
track:969, 719, 636, 158, 119
track:970, 719, 636, 158, 119
track:971, 715, 637, 158, 119
track:972, 709, 639, 151, 113
track:973, 705, 640, 151, 113
track:974, 701, 640, 151, 113
track:975, 702, 640, 151, 113
init :976, 696, 584, 447, 246
track:977, 696, 584, 447, 246
track:978, 696, 585, 447, 246
track:979, 695, 586, 447, 246
track:980, 695, 586, 447, 246
track:981, 695, 586, 447, 246
track:982, 693, 587, 447, 246
track:983, 694, 588, 447, 246
track:984, 696, 591, 447, 246
track:985, 694, 591, 447, 246
track:986, 694, 592, 447, 246
track:987, 696, 592, 447, 246
track:988, 697, 589, 447, 246
track:989, 699, 591, 447, 246
track:990, 690, 584, 469, 258
track:991, 693, 584, 469, 258
track:992, 705, 590, 447, 246
track:993, 704, 589, 447, 246
track:994, 707, 588, 447, 246
track:995, 707, 588, 447, 246
track:996, 707, 586, 447, 246
track:997, 696, 577, 469, 258
track:998, 709, 581, 447, 246
track:999, 710, 577, 447, 246
track:1000, 712, 577, 447, 246
track:1001, 718, 575, 447, 246
track:1002, 722, 574, 447, 246
track:1003, 729, 567, 447, 246
track:1004, 734, 567, 447, 246
track:1005, 732, 567, 447, 246
track:1006, 743, 570, 426, 234
track:1007, 746, 567, 426, 234
track:1008, 749, 561, 426, 234
track:1009, 738, 564, 426, 234
track:1010, 743, 562, 426, 234
track:1011, 747, 560, 426, 234
track:1012, 732, 560, 426, 234
track:1013, 729, 560, 426, 234
track:1014, 724, 558, 426, 234
track:1015, 729, 556, 426, 234
track:1016, 728, 556, 426, 234
track:1017, 720, 555, 426, 234
track:1018, 722, 556, 426, 234
track:1019, 723, 561, 405, 223
track:1020, 725, 560, 405, 223
track:1021, 730, 564, 386, 213
track:1022, 731, 563, 386, 213
track:1023, 728, 564, 386, 213
track:1024, 725, 562, 386, 213
track:1025, 728, 564, 386, 213
track:1026, 737, 568, 368, 202
track:1027, 736, 568, 368, 202
track:1028, 731, 570, 368, 202
track:1029, 726, 571, 368, 202
track:1030, 730, 571, 368, 202
track:1031, 720, 571, 368, 202
track:1032, 713, 572, 368, 202
track:1033, 712, 573, 368, 202
track:1034, 714, 579, 350, 193
track:1035, 714, 578, 350, 193
track:1036, 709, 579, 350, 193
track:1037, 713, 582, 350, 193
track:1038, 712, 587, 350, 193
track:1039, 718, 592, 334, 184
track:1040, 716, 591, 334, 184
track:1041, 714, 594, 334, 184
track:1042, 714, 596, 334, 184
track:1043, 710, 596, 334, 184
track:1044, 710, 599, 334, 184
track:1045, 714, 599, 334, 184
track:1046, 713, 603, 334, 184
track:1047, 725, 607, 318, 175
track:1048, 729, 606, 318, 175
track:1049, 730, 605, 318, 175
track:1050, 730, 603, 318, 175
init :1051, 756, 610, 452, 150
track:1052, 761, 607, 452, 150
track:1053, 768, 607, 452, 150
track:1054, 773, 608, 452, 150
track:1055, 777, 608, 452, 150
track:1056, 780, 607, 452, 150
track:1057, 785, 608, 452, 150
track:1058, 788, 609, 452, 150
track:1059, 790, 610, 452, 150
track:1060, 789, 611, 452, 150
track:1061, 781, 608, 475, 158
track:1062, 766, 604, 498, 165
track:1063, 777, 609, 475, 158
track:1064, 773, 608, 475, 158
track:1065, 782, 612, 452, 150
track:1066, 776, 611, 452, 150
track:1067, 767, 611, 452, 150
track:1068, 762, 613, 452, 150
track:1069, 751, 613, 452, 150
track:1070, 751, 612, 452, 150
track:1071, 732, 610, 475, 158
track:1072, 715, 610, 475, 158
track:1073, 693, 605, 498, 165
track:1074, 681, 605, 498, 165
track:1075, 673, 604, 498, 165
track:1076, 664, 605, 498, 165
track:1077, 655, 607, 498, 165
track:1078, 639, 607, 498, 165
track:1079, 629, 606, 498, 165
track:1080, 640, 610, 475, 158
track:1081, 631, 609, 475, 158
track:1082, 639, 614, 452, 150
track:1083, 646, 619, 430, 143
track:1084, 644, 621, 430, 143
track:1085, 640, 621, 430, 143
track:1086, 646, 622, 410, 136
track:1087, 644, 621, 410, 136
track:1088, 642, 620, 410, 136
track:1089, 638, 620, 410, 136
track:1090, 644, 622, 390, 130
track:1091, 653, 625, 372, 123
track:1092, 650, 623, 372, 123
track:1093, 651, 622, 390, 130
track:1094, 649, 623, 390, 130
track:1095, 646, 624, 390, 130
track:1096, 645, 623, 390, 130
track:1097, 651, 621, 390, 130
track:1098, 654, 622, 390, 130
track:1099, 653, 621, 390, 130
track:1100, 652, 621, 390, 130
track:1101, 653, 620, 390, 130
track:1102, 653, 622, 390, 130
track:1103, 646, 620, 410, 136
track:1104, 636, 619, 430, 143
track:1105, 644, 620, 430, 143
track:1106, 639, 620, 430, 143
track:1107, 641, 622, 430, 143
track:1108, 640, 622, 430, 143
track:1109, 645, 625, 410, 136
track:1110, 651, 630, 390, 130
track:1111, 645, 631, 390, 130
track:1112, 638, 631, 390, 130
track:1113, 646, 634, 372, 123
track:1114, 644, 633, 372, 123
track:1115, 645, 634, 372, 123
track:1116, 649, 632, 372, 123
track:1117, 655, 635, 354, 118
track:1118, 657, 637, 337, 112
track:1119, 656, 632, 337, 112
track:1120, 656, 632, 337, 112
track:1121, 660, 633, 321, 107
track:1122, 667, 635, 306, 102
track:1123, 668, 633, 306, 102
track:1124, 674, 636, 291, 97
track:1125, 676, 634, 291, 97
init :1126, 724, 628, 369, 186
track:1127, 724, 628, 369, 186
track:1128, 721, 627, 369, 186
track:1129, 727, 627, 369, 186
track:1130, 726, 626, 369, 186
track:1131, 740, 631, 351, 177
track:1132, 741, 631, 351, 177
track:1133, 742, 632, 351, 177
track:1134, 723, 625, 369, 186
track:1135, 724, 623, 369, 186
track:1136, 736, 629, 351, 177
track:1137, 731, 627, 351, 177
track:1138, 732, 627, 351, 177
track:1139, 717, 624, 369, 186
track:1140, 711, 623, 369, 186
track:1141, 717, 626, 351, 177
track:1142, 710, 632, 351, 177
track:1143, 696, 631, 351, 177
track:1144, 696, 633, 351, 177
track:1145, 694, 634, 351, 177
track:1146, 692, 638, 351, 177
track:1147, 691, 639, 335, 169
track:1148, 691, 644, 335, 169
track:1149, 699, 651, 319, 161
track:1150, 694, 652, 319, 161
track:1151, 686, 651, 319, 161
track:1152, 686, 652, 319, 161
track:1153, 692, 654, 319, 161
track:1154, 683, 659, 304, 153
track:1155, 688, 658, 304, 153
track:1156, 700, 661, 304, 153
track:1157, 691, 659, 304, 153
track:1158, 693, 661, 304, 153
track:1159, 704, 663, 289, 146
track:1160, 713, 666, 275, 139
track:1161, 708, 667, 275, 139
track:1162, 704, 668, 275, 139
track:1163, 709, 671, 275, 139
track:1164, 712, 671, 275, 139
track:1165, 711, 671, 275, 139
track:1166, 699, 666, 289, 146
track:1167, 703, 666, 289, 146
track:1168, 685, 670, 289, 146
track:1169, 675, 666, 304, 153
track:1170, 674, 666, 304, 153
track:1171, 673, 664, 304, 153
track:1172, 681, 666, 304, 153
track:1173, 660, 664, 304, 153
track:1174, 669, 667, 289, 146
track:1175, 679, 670, 275, 139
track:1176, 683, 670, 275, 139
track:1177, 679, 668, 275, 139
track:1178, 685, 670, 262, 132
track:1179, 693, 673, 250, 126
track:1180, 693, 672, 250, 126
track:1181, 700, 675, 238, 120
track:1182, 697, 670, 238, 120
track:1183, 698, 667, 238, 120
track:1184, 708, 668, 227, 114
track:1185, 707, 668, 227, 114
track:1186, 711, 667, 227, 114
track:1187, 712, 667, 227, 114
track:1188, 711, 663, 227, 114
track:1189, 717, 664, 227, 114
track:1190, 722, 666, 216, 109
track:1191, 722, 663, 216, 109
track:1192, 724, 657, 216, 109
track:1193, 729, 658, 205, 104
track:1194, 727, 655, 205, 104
track:1195, 734, 657, 196, 99
track:1196, 730, 655, 196, 99
track:1197, 733, 656, 186, 94
track:1198, 735, 654, 186, 94
track:1199, 742, 656, 177, 89
track:1200, 738, 655, 177, 89
init :1201, 798, 630, 364, 109
track:1202, 798, 630, 364, 109
track:1203, 799, 630, 364, 109
track:1204, 813, 633, 347, 104
track:1205, 813, 633, 347, 104
track:1206, 818, 633, 347, 104
track:1207, 822, 634, 347, 104
track:1208, 826, 634, 347, 104
track:1209, 826, 634, 347, 104
track:1210, 833, 634, 347, 104
track:1211, 840, 635, 347, 104
track:1212, 834, 633, 364, 109
track:1213, 833, 633, 364, 109
track:1214, 836, 634, 364, 109
track:1215, 845, 638, 347, 104
track:1216, 846, 639, 347, 104
track:1217, 848, 639, 347, 104
track:1218, 857, 642, 330, 99
track:1219, 856, 641, 330, 99
track:1220, 852, 642, 330, 99
track:1221, 850, 643, 330, 99
track:1222, 852, 644, 330, 99
track:1223, 849, 645, 330, 99
track:1224, 851, 645, 330, 99
track:1225, 854, 646, 330, 99
track:1226, 861, 648, 314, 94
track:1227, 864, 648, 314, 94
track:1228, 865, 649, 314, 94
track:1229, 861, 650, 314, 94
track:1230, 867, 651, 299, 90
track:1231, 877, 654, 285, 85
track:1232, 877, 654, 285, 85
track:1233, 873, 655, 285, 85
track:1234, 873, 656, 285, 85
track:1235, 872, 658, 285, 85
track:1236, 878, 659, 272, 81
track:1237, 883, 660, 259, 77
track:1238, 889, 659, 246, 74
track:1239, 889, 659, 246, 74
track:1240, 897, 660, 235, 70
track:1241, 890, 659, 246, 74
track:1242, 889, 662, 246, 74
track:1243, 880, 662, 259, 77
track:1244, 887, 664, 246, 74
track:1245, 879, 664, 246, 74
track:1246, 879, 669, 246, 74
track:1247, 875, 673, 259, 77
track:1248, 882, 680, 246, 74
track:1249, 880, 680, 246, 74
track:1250, 885, 686, 235, 70
track:1251, 891, 689, 223, 67
track:1252, 892, 689, 223, 67
track:1253, 891, 689, 223, 67
track:1254, 892, 689, 223, 67
track:1255, 892, 688, 235, 70
track:1256, 895, 688, 235, 70
track:1257, 885, 687, 246, 74
track:1258, 878, 689, 246, 74
track:1259, 880, 691, 246, 74
track:1260, 879, 692, 246, 74
track:1261, 882, 693, 235, 70
track:1262, 877, 691, 235, 70
track:1263, 886, 693, 223, 67
track:1264, 884, 692, 223, 67
track:1265, 891, 694, 213, 64
track:1266, 898, 693, 203, 61
track:1267, 898, 691, 203, 61
track:1268, 895, 688, 203, 61
track:1269, 894, 687, 203, 61
track:1270, 900, 687, 193, 58
track:1271, 901, 687, 184, 55
track:1272, 897, 686, 184, 55
track:1273, 891, 684, 193, 58
track:1274, 890, 683, 184, 55
track:1275, 892, 683, 175, 52
init :1276, 923, 656, 124, 75
track:1277, 919, 656, 124, 75
track:1278, 910, 655, 130, 79
track:1279, 911, 655, 130, 79
track:1280, 902, 656, 130, 79
track:1281, 898, 656, 130, 79
track:1282, 890, 657, 130, 79
track:1283, 887, 657, 130, 79
track:1284, 886, 658, 130, 79
track:1285, 877, 658, 130, 79
track:1286, 873, 656, 130, 79
track:1287, 869, 653, 137, 83
track:1288, 868, 653, 137, 83
track:1289, 869, 653, 137, 83
track:1290, 867, 653, 137, 83
track:1291, 867, 654, 137, 83
track:1292, 864, 654, 137, 83
track:1293, 861, 654, 137, 83
track:1294, 862, 653, 137, 83
track:1295, 861, 653, 137, 83
track:1296, 859, 652, 137, 83
track:1297, 858, 652, 137, 83
track:1298, 860, 653, 130, 79
track:1299, 860, 654, 130, 79
track:1300, 861, 655, 130, 79
track:1301, 859, 656, 130, 79
track:1302, 859, 655, 130, 79
track:1303, 856, 655, 130, 79
track:1304, 856, 655, 130, 79
track:1305, 859, 655, 130, 79
track:1306, 858, 656, 130, 79
track:1307, 857, 656, 130, 79
track:1308, 858, 658, 130, 79
track:1309, 860, 660, 124, 75
track:1310, 860, 660, 124, 75
track:1311, 862, 662, 118, 71
track:1312, 861, 662, 118, 71
track:1313, 862, 664, 112, 68
track:1314, 862, 664, 112, 68
track:1315, 861, 665, 112, 68
track:1316, 861, 665, 112, 68
track:1317, 860, 665, 112, 68
track:1318, 859, 665, 112, 68
track:1319, 858, 665, 112, 68
track:1320, 859, 667, 107, 65
track:1321, 860, 669, 102, 62
track:1322, 861, 671, 102, 62
track:1323, 861, 672, 102, 62
track:1324, 861, 673, 102, 62
track:1325, 863, 674, 102, 62
track:1326, 865, 675, 102, 62
track:1327, 866, 676, 102, 62
track:1328, 868, 676, 102, 62
track:1329, 867, 676, 102, 62
track:1330, 865, 676, 102, 62
track:1331, 864, 677, 102, 62
track:1332, 862, 676, 102, 62
track:1333, 858, 676, 102, 62
track:1334, 859, 676, 102, 62
track:1335, 853, 676, 102, 62
track:1336, 847, 676, 102, 62
track:1337, 844, 676, 102, 62
track:1338, 844, 677, 97, 59
track:1339, 843, 677, 97, 59
track:1340, 843, 677, 97, 59
track:1341, 844, 680, 93, 56
track:1342, 843, 680, 93, 56
track:1343, 842, 680, 93, 56
track:1344, 842, 680, 93, 56
track:1345, 843, 680, 93, 56
track:1346, 844, 682, 88, 53
track:1347, 846, 682, 88, 53
track:1348, 845, 682, 88, 53
track:1349, 844, 682, 88, 53
track:1350, 843, 683, 88, 53
init :1351, 849, 680, 175, 49
track:1352, 848, 680, 175, 49
track:1353, 848, 680, 175, 49
track:1354, 848, 680, 175, 49
track:1355, 848, 680, 175, 49
track:1356, 853, 682, 167, 47
track:1357, 857, 683, 159, 44
track:1358, 856, 683, 159, 44
track:1359, 859, 684, 151, 42
track:1360, 858, 684, 151, 42
track:1361, 858, 684, 151, 42
track:1362, 855, 683, 159, 44
track:1363, 852, 683, 167, 47
track:1364, 853, 685, 167, 47
track:1365, 853, 685, 167, 47
track:1366, 853, 685, 167, 47
track:1367, 849, 684, 175, 49
track:1368, 849, 685, 175, 49
track:1369, 854, 686, 167, 47
track:1370, 851, 687, 167, 47
track:1371, 845, 686, 175, 49
track:1372, 840, 687, 184, 51
track:1373, 837, 687, 184, 51
track:1374, 838, 687, 184, 51
track:1375, 836, 687, 184, 51
track:1376, 834, 687, 184, 51
track:1377, 832, 688, 184, 51
track:1378, 827, 689, 184, 51
track:1379, 828, 689, 184, 51
track:1380, 827, 691, 175, 49
track:1381, 821, 692, 175, 49
track:1382, 818, 693, 175, 49
track:1383, 815, 693, 175, 49
track:1384, 814, 694, 175, 49
track:1385, 813, 694, 175, 49
track:1386, 814, 695, 175, 49
track:1387, 819, 697, 167, 47
track:1388, 824, 699, 159, 44
track:1389, 825, 699, 159, 44
track:1390, 827, 699, 159, 44
track:1391, 831, 700, 159, 44
track:1392, 834, 700, 167, 47
track:1393, 838, 700, 167, 47
track:1394, 838, 702, 167, 47
track:1395, 840, 702, 167, 47
track:1396, 840, 703, 167, 47
track:1397, 842, 704, 167, 47
track:1398, 836, 704, 175, 49
track:1399, 838, 705, 175, 49
track:1400, 832, 706, 175, 49
track:1401, 828, 707, 175, 49
track:1402, 820, 708, 175, 49
track:1403, 817, 707, 175, 49
track:1404, 812, 708, 184, 51
track:1405, 811, 708, 184, 51
track:1406, 808, 708, 184, 51
track:1407, 799, 707, 193, 54
track:1408, 797, 707, 193, 54
track:1409, 796, 707, 193, 54
track:1410, 796, 707, 193, 54
track:1411, 801, 710, 184, 51
track:1412, 798, 709, 193, 54
track:1413, 803, 711, 184, 51
track:1414, 802, 711, 184, 51
track:1415, 804, 711, 184, 51
track:1416, 803, 712, 184, 51
track:1417, 802, 712, 184, 51
track:1418, 800, 712, 184, 51
track:1419, 796, 711, 193, 54
track:1420, 794, 712, 193, 54
track:1421, 797, 714, 184, 51
track:1422, 797, 714, 184, 51
track:1423, 796, 715, 184, 51
track:1424, 795, 715, 184, 51
track:1425, 796, 715, 184, 51
init :1426, 793, 719, 244, 90
track:1427, 793, 719, 244, 90
track:1428, 797, 721, 232, 86
track:1429, 796, 721, 232, 86
track:1430, 796, 721, 232, 86
track:1431, 794, 722, 232, 86
track:1432, 796, 724, 232, 86
track:1433, 792, 724, 232, 86
track:1434, 791, 724, 232, 86
track:1435, 790, 727, 232, 86
track:1436, 786, 726, 232, 86
track:1437, 787, 726, 232, 86
track:1438, 787, 728, 232, 86
track:1439, 791, 731, 221, 82
track:1440, 784, 729, 232, 86
track:1441, 781, 731, 232, 86
track:1442, 777, 731, 232, 86
track:1443, 769, 731, 232, 86
track:1444, 768, 730, 232, 86
track:1445, 767, 730, 232, 86
track:1446, 758, 728, 244, 90
track:1447, 744, 726, 256, 94
track:1448, 749, 728, 244, 90
track:1449, 749, 728, 244, 90
track:1450, 749, 726, 244, 90
track:1451, 755, 724, 244, 90
track:1452, 756, 722, 244, 90
track:1453, 760, 721, 244, 90
track:1454, 766, 720, 244, 90
track:1455, 770, 718, 244, 90
track:1456, 778, 719, 244, 90
track:1457, 786, 718, 232, 86
track:1458, 793, 719, 232, 86
track:1459, 793, 714, 232, 86
track:1460, 799, 717, 232, 86
track:1461, 806, 716, 232, 86
track:1462, 811, 713, 232, 86
track:1463, 817, 713, 221, 82
track:1464, 824, 712, 221, 82
track:1465, 832, 708, 221, 82
track:1466, 851, 700, 221, 82
track:1467, 844, 692, 232, 86
track:1468, 846, 690, 232, 86
track:1469, 842, 685, 244, 90
track:1470, 845, 687, 232, 86
track:1471, 850, 691, 232, 86
track:1472, 846, 690, 232, 86
track:1473, 845, 690, 232, 86
track:1474, 847, 689, 232, 86
track:1475, 845, 684, 244, 90
track:1476, 839, 683, 256, 94
track:1477, 839, 687, 256, 94
track:1478, 837, 688, 256, 94
track:1479, 844, 687, 244, 90
track:1480, 845, 689, 244, 90
track:1481, 848, 694, 244, 90
track:1482, 847, 694, 244, 90
track:1483, 848, 695, 244, 90
track:1484, 849, 699, 244, 90
track:1485, 850, 702, 244, 90
track:1486, 852, 704, 244, 90
track:1487, 858, 707, 244, 90
track:1488, 860, 709, 232, 86
track:1489, 862, 710, 232, 86
track:1490, 857, 710, 244, 90
track:1491, 854, 706, 244, 90
track:1492, 857, 706, 244, 90
track:1493, 857, 705, 244, 90
track:1494, 854, 702, 244, 90
track:1495, 849, 698, 244, 90
track:1496, 846, 696, 244, 90
track:1497, 836, 692, 244, 90
track:1498, 837, 691, 244, 90
track:1499, 831, 689, 244, 90
track:1500, 823, 682, 244, 90
init :1501, 835, 641, 300, 132
track:1502, 833, 639, 300, 132
track:1503, 832, 638, 300, 132
track:1504, 830, 636, 300, 132
track:1505, 825, 631, 300, 132
track:1506, 823, 629, 300, 132
track:1507, 822, 626, 300, 132
track:1508, 820, 625, 300, 132
track:1509, 820, 622, 300, 132
track:1510, 819, 620, 300, 132
track:1511, 818, 618, 300, 132
track:1512, 812, 616, 300, 132
track:1513, 818, 618, 286, 126
track:1514, 800, 616, 286, 126
track:1515, 779, 615, 286, 126
track:1516, 761, 621, 272, 120
track:1517, 735, 620, 272, 120
track:1518, 734, 620, 272, 120
track:1519, 707, 620, 272, 120
track:1520, 689, 621, 272, 120
track:1521, 666, 624, 272, 120
track:1522, 643, 619, 286, 126
track:1523, 647, 619, 286, 126
track:1524, 638, 624, 272, 120
track:1525, 644, 626, 259, 114
track:1526, 637, 621, 272, 120
track:1527, 656, 624, 259, 114
track:1528, 649, 623, 259, 114
track:1529, 679, 622, 259, 114
track:1530, 694, 622, 259, 114
track:1531, 724, 622, 259, 114
track:1532, 744, 619, 259, 114
track:1533, 746, 619, 259, 114
track:1534, 783, 622, 247, 109
track:1535, 808, 621, 247, 109
track:1536, 826, 624, 235, 103
track:1537, 858, 628, 224, 99
track:1538, 856, 628, 224, 99
track:1539, 868, 631, 213, 94
track:1540, 880, 632, 213, 94
track:1541, 884, 633, 213, 94
track:1542, 888, 637, 203, 89
track:1543, 890, 638, 203, 89
track:1544, 892, 638, 203, 89
track:1545, 894, 639, 193, 85
track:1546, 888, 643, 193, 85
track:1547, 878, 644, 193, 85
track:1548, 881, 647, 184, 81
track:1549, 875, 648, 184, 81
track:1550, 865, 651, 184, 81
track:1551, 861, 653, 184, 81
track:1552, 856, 654, 184, 81
track:1553, 860, 656, 175, 77
track:1554, 857, 655, 175, 77
track:1555, 850, 657, 175, 77
track:1556, 852, 658, 175, 77
track:1557, 860, 659, 167, 74
track:1558, 862, 659, 167, 74
track:1559, 871, 663, 159, 70
track:1560, 873, 662, 159, 70
track:1561, 875, 663, 159, 70
track:1562, 879, 663, 159, 70
track:1563, 882, 665, 152, 67
track:1564, 891, 666, 144, 63
track:1565, 894, 668, 137, 60
track:1566, 899, 670, 131, 58
track:1567, 898, 669, 131, 58
track:1568, 898, 669, 131, 58
track:1569, 896, 669, 131, 58
track:1570, 894, 669, 131, 58
track:1571, 894, 670, 125, 55
track:1572, 892, 670, 125, 55
track:1573, 891, 671, 125, 55
track:1574, 894, 674, 119, 52
track:1575, 894, 674, 113, 50
init :1576, 913, 672, 147, 75
track:1577, 911, 673, 147, 75
track:1578, 910, 673, 147, 75
track:1579, 909, 673, 147, 75
track:1580, 906, 673, 147, 75
track:1581, 904, 675, 140, 71
track:1582, 901, 676, 140, 71
track:1583, 897, 674, 147, 75
track:1584, 897, 674, 147, 75
track:1585, 894, 675, 147, 75
track:1586, 893, 675, 147, 75
track:1587, 893, 675, 147, 75
track:1588, 892, 675, 147, 75
track:1589, 894, 677, 140, 71
track:1590, 890, 676, 147, 75
track:1591, 888, 677, 147, 75
track:1592, 890, 677, 147, 75
track:1593, 887, 677, 147, 75
track:1594, 887, 677, 147, 75
track:1595, 885, 678, 147, 75
track:1596, 880, 678, 147, 75
track:1599, 878, 680, 147, 75
track:1600, 881, 682, 140, 71
track:1601, 877, 681, 140, 71
track:1602, 876, 681, 140, 71
track:1603, 881, 683, 133, 68
track:1604, 874, 680, 140, 71
track:1605, 873, 680, 140, 71
track:1606, 869, 681, 140, 71
track:1607, 869, 680, 140, 71
track:1608, 868, 682, 133, 68
elapseTime: 15.842
