init :7, 821, 630, 235, 197
track:8, 821, 630, 235, 197
track:9, 822, 630, 235, 197
track:10, 821, 631, 235, 197
track:11, 823, 630, 235, 197
track:12, 823, 630, 235, 197
track:13, 824, 630, 235, 197
track:14, 824, 630, 235, 197
track:15, 824, 630, 235, 197
track:16, 825, 630, 235, 197
track:17, 826, 630, 235, 197
track:18, 825, 630, 235, 197
track:19, 825, 629, 235, 197
track:20, 821, 626, 247, 207
track:21, 820, 626, 247, 207
track:22, 827, 631, 235, 197
track:23, 828, 631, 235, 197
track:24, 827, 631, 235, 197
track:25, 828, 630, 235, 197
track:26, 829, 631, 235, 197
track:27, 829, 631, 235, 197
track:28, 829, 631, 235, 197
track:29, 829, 630, 235, 197
track:30, 829, 630, 235, 197
track:31, 830, 629, 235, 197
track:32, 831, 631, 235, 197
track:33, 829, 630, 235, 197
track:34, 830, 631, 235, 197
track:35, 830, 630, 235, 197
track:36, 830, 631, 235, 197
track:37, 829, 630, 235, 197
track:38, 831, 630, 235, 197
track:39, 830, 630, 235, 197
init :40, 826, 633, 240, 194
track:41, 826, 633, 240, 194
track:42, 827, 631, 240, 194
track:43, 827, 631, 240, 194
track:44, 828, 631, 240, 194
track:45, 829, 631, 240, 194
track:46, 829, 631, 240, 194
track:48, 829, 630, 240, 194
track:49, 835, 635, 229, 185
track:50, 835, 635, 229, 185
track:51, 835, 635, 229, 185
track:52, 835, 635, 229, 185
track:53, 835, 635, 229, 185
track:54, 835, 635, 229, 185
track:55, 835, 635, 229, 185
track:56, 834, 635, 229, 185
track:57, 835, 635, 229, 185
track:58, 834, 635, 229, 185
track:59, 835, 635, 229, 185
track:60, 834, 635, 229, 185
track:61, 834, 634, 229, 185
track:62, 834, 635, 229, 185
track:63, 833, 635, 229, 185
track:64, 833, 635, 229, 185
track:65, 833, 635, 229, 185
track:66, 833, 634, 229, 185
track:67, 832, 635, 229, 185
track:68, 832, 635, 229, 185
track:69, 832, 635, 229, 185
track:70, 832, 634, 229, 185
track:71, 832, 635, 229, 185
track:72, 832, 634, 229, 185
track:73, 832, 635, 229, 185
track:74, 832, 635, 229, 185
track:75, 832, 635, 229, 185
track:76, 832, 635, 229, 185
track:77, 832, 635, 229, 185
track:78, 831, 635, 229, 185
init :79, 826, 630, 235, 197
track:80, 826, 630, 235, 197
track:81, 826, 630, 235, 197
track:82, 825, 630, 235, 197
track:83, 826, 631, 235, 197
track:84, 826, 631, 235, 197
track:85, 826, 630, 235, 197
track:86, 826, 631, 235, 197
track:87, 825, 631, 235, 197
track:88, 826, 631, 235, 197
track:89, 826, 631, 235, 197
track:90, 826, 631, 235, 197
track:91, 825, 632, 235, 197
track:92, 827, 631, 235, 197
track:93, 827, 631, 235, 197
track:94, 827, 630, 235, 197
track:95, 826, 631, 235, 197
track:96, 827, 631, 235, 197
track:97, 828, 630, 235, 197
track:98, 828, 630, 235, 197
track:99, 828, 629, 235, 197
track:100, 829, 629, 235, 197
track:101, 830, 629, 235, 197
track:102, 831, 628, 235, 197
track:103, 831, 627, 235, 197
track:104, 831, 627, 235, 197
track:105, 831, 626, 235, 197
track:106, 832, 627, 235, 197
track:107, 833, 624, 235, 197
track:108, 833, 622, 235, 197
track:109, 832, 623, 235, 197
track:110, 834, 622, 235, 197
track:111, 834, 620, 235, 197
track:112, 834, 618, 235, 197
track:113, 835, 616, 235, 197
track:114, 835, 616, 235, 197
track:115, 836, 613, 235, 197
track:116, 836, 610, 235, 197
track:117, 837, 609, 235, 197
init :120, 858, 610, 189, 179
track:121, 859, 608, 189, 179
track:122, 859, 607, 189, 179
track:123, 859, 605, 189, 179
track:124, 858, 605, 189, 179
track:125, 861, 607, 180, 170
track:126, 859, 603, 180, 170
track:127, 858, 603, 180, 170
track:128, 861, 607, 171, 162
track:129, 857, 602, 180, 170
track:130, 857, 604, 180, 170
track:131, 857, 605, 180, 170
track:132, 859, 609, 180, 170
track:133, 860, 610, 180, 170
track:134, 861, 611, 180, 170
track:135, 861, 611, 180, 170
track:136, 862, 611, 180, 170
track:137, 864, 613, 180, 170
track:138, 866, 615, 180, 170
track:139, 866, 615, 180, 170
track:140, 864, 614, 180, 170
track:141, 862, 614, 180, 170
track:142, 862, 614, 180, 170
track:143, 861, 615, 180, 170
track:144, 861, 615, 180, 170
track:145, 857, 619, 180, 170
track:146, 857, 620, 180, 170
track:147, 856, 619, 180, 170
track:148, 857, 622, 180, 170
track:149, 858, 622, 180, 170
track:150, 858, 626, 180, 170
track:151, 859, 630, 180, 170
track:152, 858, 632, 180, 170
track:153, 863, 638, 171, 162
track:154, 863, 639, 171, 162
track:155, 863, 641, 171, 162
track:156, 864, 642, 171, 162
init :157, 863, 649, 170, 158
track:158, 863, 649, 170, 158
track:159, 864, 650, 170, 158
track:160, 863, 651, 170, 158
track:161, 861, 652, 170, 158
track:162, 859, 652, 170, 158
track:163, 858, 652, 170, 158
track:164, 858, 652, 170, 158
track:165, 858, 653, 170, 158
track:166, 858, 654, 170, 158
track:167, 858, 653, 170, 158
track:168, 858, 653, 170, 158
track:169, 858, 653, 170, 158
track:170, 858, 653, 170, 158
track:171, 860, 650, 170, 158
track:172, 861, 650, 170, 158
track:173, 860, 649, 170, 158
track:174, 860, 649, 170, 158
track:175, 858, 650, 170, 158
track:176, 856, 650, 170, 158
track:177, 858, 650, 170, 158
track:178, 860, 650, 170, 158
track:179, 859, 651, 170, 158
track:180, 860, 652, 170, 158
track:181, 861, 653, 170, 158
track:182, 861, 656, 170, 158
track:183, 863, 658, 170, 158
track:184, 865, 659, 170, 158
track:185, 866, 659, 170, 158
track:186, 864, 658, 170, 158
track:187, 861, 653, 170, 158
track:188, 856, 651, 170, 158
track:189, 855, 650, 170, 158
track:190, 853, 649, 170, 158
track:191, 852, 648, 170, 158
track:192, 852, 643, 170, 158
track:193, 855, 645, 162, 150
track:194, 855, 644, 162, 150
track:195, 857, 642, 162, 150
init :196, 858, 636, 166, 153
track:197, 858, 636, 166, 153
track:198, 855, 636, 166, 153
track:199, 855, 636, 166, 153
track:200, 853, 638, 166, 153
track:201, 851, 638, 166, 153
track:202, 851, 637, 166, 153
track:203, 851, 634, 166, 153
track:204, 851, 634, 166, 153
track:205, 851, 632, 166, 153
track:206, 850, 632, 166, 153
track:207, 850, 629, 166, 153
track:208, 849, 630, 166, 153
track:209, 848, 628, 166, 153
track:210, 845, 624, 166, 153
track:211, 846, 622, 166, 153
track:212, 845, 619, 166, 153
track:213, 849, 622, 158, 146
track:214, 849, 621, 158, 146
track:215, 849, 619, 158, 146
track:216, 851, 622, 151, 139
track:217, 851, 622, 151, 139
track:218, 851, 622, 151, 139
track:219, 852, 623, 151, 139
track:220, 852, 628, 151, 139
track:221, 851, 629, 151, 139
track:222, 851, 631, 151, 139
track:223, 851, 631, 151, 139
track:224, 850, 634, 151, 139
track:225, 853, 639, 143, 132
track:226, 854, 640, 143, 132
track:227, 855, 640, 143, 132
track:228, 854, 640, 143, 132
track:229, 855, 640, 143, 132
track:230, 855, 640, 143, 132
track:231, 854, 639, 143, 132
track:232, 855, 639, 137, 126
track:233, 855, 638, 137, 126
track:234, 854, 637, 137, 126
init :235, 853, 646, 129, 106
track:236, 850, 642, 135, 111
track:237, 853, 644, 135, 111
track:238, 853, 644, 135, 111
track:239, 853, 646, 135, 111
track:240, 854, 648, 135, 111
track:241, 854, 650, 135, 111
track:242, 855, 650, 135, 111
track:243, 854, 650, 135, 111
track:244, 854, 650, 135, 111
track:245, 854, 652, 135, 111
track:246, 854, 652, 135, 111
track:247, 854, 653, 135, 111
track:248, 854, 652, 135, 111
track:249, 858, 655, 129, 106
track:250, 857, 656, 129, 106
track:251, 858, 658, 129, 106
track:252, 862, 661, 123, 101
track:253, 862, 661, 123, 101
track:254, 864, 664, 123, 101
track:255, 864, 667, 123, 101
track:256, 863, 667, 123, 101
track:257, 865, 671, 123, 101
track:258, 864, 672, 123, 101
track:259, 865, 673, 123, 101
track:260, 866, 675, 123, 101
track:261, 866, 675, 123, 101
track:262, 866, 676, 123, 101
track:263, 865, 676, 123, 101
track:264, 865, 678, 123, 101
track:265, 866, 680, 123, 101
track:266, 866, 680, 123, 101
track:267, 866, 683, 123, 101
track:268, 865, 683, 123, 101
track:269, 865, 684, 123, 101
track:270, 866, 687, 123, 101
track:271, 867, 689, 123, 101
track:272, 867, 694, 123, 101
track:273, 868, 693, 123, 101
init :274, 867, 690, 129, 106
track:275, 868, 692, 129, 106
track:276, 869, 694, 129, 106
track:277, 867, 694, 135, 111
track:278, 866, 695, 135, 111
track:279, 867, 695, 135, 111
track:280, 869, 694, 135, 111
track:281, 870, 693, 135, 111
track:282, 871, 694, 135, 111
track:283, 872, 695, 135, 111
track:284, 870, 695, 142, 117
track:285, 868, 695, 149, 123
track:286, 869, 693, 149, 123
track:287, 867, 688, 157, 129
track:288, 868, 687, 157, 129
track:289, 864, 681, 165, 135
track:290, 864, 676, 165, 135
track:291, 864, 670, 165, 135
track:292, 866, 663, 165, 135
track:293, 862, 659, 173, 142
track:294, 863, 657, 173, 142
track:295, 862, 651, 182, 149
track:296, 864, 652, 182, 149
track:297, 857, 649, 191, 157
track:298, 854, 646, 200, 164
track:299, 852, 647, 200, 164
track:300, 847, 644, 210, 173
track:301, 840, 642, 221, 181
track:302, 833, 642, 232, 190
track:303, 832, 642, 232, 190
track:304, 831, 646, 232, 190
track:305, 823, 642, 243, 200
track:306, 822, 643, 243, 200
track:307, 816, 635, 255, 210
track:308, 809, 630, 268, 220
track:309, 808, 628, 268, 220
track:310, 806, 621, 268, 220
track:311, 806, 607, 268, 220
track:312, 814, 601, 255, 210
init :313, 812, 607, 263, 218
track:314, 813, 601, 263, 218
track:315, 813, 593, 263, 218
track:316, 813, 586, 263, 218
track:317, 822, 584, 250, 208
track:318, 822, 582, 250, 208
track:319, 823, 581, 250, 208
track:320, 827, 570, 250, 208
track:321, 836, 569, 239, 198
track:322, 838, 567, 239, 198
track:323, 836, 567, 239, 198
track:324, 834, 572, 239, 198
track:325, 841, 574, 227, 188
track:326, 839, 566, 227, 188
track:327, 838, 565, 227, 188
track:328, 838, 566, 227, 188
track:329, 840, 576, 216, 179
track:330, 838, 583, 216, 179
track:331, 837, 586, 216, 179
track:332, 834, 588, 216, 179
track:333, 834, 590, 216, 179
track:334, 834, 592, 216, 179
track:335, 833, 593, 216, 179
track:336, 834, 596, 216, 179
track:337, 835, 597, 216, 179
track:338, 834, 598, 216, 179
track:339, 835, 593, 216, 179
track:340, 835, 591, 216, 179
track:341, 836, 593, 216, 179
track:342, 842, 594, 206, 171
track:343, 842, 595, 206, 171
track:344, 842, 593, 206, 171
track:345, 842, 589, 206, 171
track:346, 846, 594, 196, 163
track:347, 846, 595, 196, 163
track:348, 846, 595, 196, 163
track:349, 847, 598, 196, 163
track:350, 848, 601, 196, 163
track:351, 854, 609, 187, 155
init :352, 872, 628, 147, 119
track:353, 872, 628, 147, 119
track:354, 871, 630, 147, 119
track:355, 872, 631, 147, 119
track:356, 871, 632, 147, 119
track:357, 875, 636, 140, 113
track:358, 873, 635, 140, 113
track:359, 874, 636, 140, 113
track:360, 874, 636, 140, 113
track:361, 872, 637, 140, 113
track:362, 874, 638, 133, 108
track:363, 875, 638, 133, 108
track:364, 874, 639, 133, 108
track:365, 875, 640, 133, 108
track:366, 876, 643, 127, 103
track:367, 875, 643, 127, 103
track:368, 874, 644, 127, 103
track:369, 873, 644, 127, 103
track:370, 874, 651, 127, 103
track:371, 873, 656, 127, 103
track:372, 872, 658, 127, 103
track:373, 873, 659, 127, 103
track:374, 871, 661, 127, 103
track:375, 870, 661, 127, 103
track:376, 868, 662, 127, 103
track:377, 869, 665, 121, 98
track:378, 868, 665, 121, 98
track:379, 867, 666, 121, 98
track:380, 868, 666, 121, 98
track:381, 867, 665, 121, 98
track:382, 865, 665, 121, 98
track:383, 864, 664, 121, 98
track:384, 862, 664, 121, 98
track:385, 862, 663, 121, 98
track:386, 862, 662, 121, 98
track:387, 865, 664, 115, 93
track:388, 864, 664, 115, 93
track:389, 864, 664, 115, 93
track:390, 863, 664, 115, 93
init :391, 867, 667, 110, 88
track:392, 867, 669, 110, 88
track:393, 867, 670, 110, 88
track:394, 867, 671, 110, 88
track:395, 868, 678, 110, 88
track:396, 869, 680, 110, 88
track:397, 871, 684, 110, 88
track:398, 871, 684, 110, 88
track:399, 873, 690, 110, 88
track:400, 873, 694, 110, 88
track:401, 874, 699, 110, 88
track:402, 876, 704, 110, 88
track:403, 876, 704, 110, 88
track:404, 877, 706, 110, 88
track:405, 878, 706, 110, 88
track:406, 878, 706, 110, 88
track:407, 880, 706, 110, 88
track:408, 879, 706, 110, 88
track:409, 879, 705, 110, 88
track:410, 880, 702, 110, 88
track:411, 880, 699, 110, 88
track:412, 881, 697, 110, 88
track:413, 881, 697, 110, 88
track:414, 881, 696, 110, 88
track:415, 881, 697, 110, 88
track:416, 882, 700, 110, 88
track:417, 883, 700, 110, 88
track:418, 883, 700, 110, 88
track:419, 882, 699, 110, 88
track:420, 881, 701, 110, 88
track:421, 880, 701, 110, 88
track:422, 879, 699, 110, 88
track:423, 879, 699, 110, 88
track:424, 879, 697, 110, 88
track:425, 878, 694, 110, 88
track:426, 877, 692, 110, 88
track:427, 876, 691, 110, 88
track:428, 876, 690, 110, 88
track:429, 876, 690, 110, 88
init :430, 872, 693, 110, 83
track:431, 872, 693, 110, 83
track:432, 872, 693, 110, 83
track:433, 872, 692, 110, 83
track:434, 871, 693, 110, 83
track:435, 870, 693, 110, 83
track:436, 869, 694, 110, 83
track:437, 869, 695, 110, 83
track:438, 869, 695, 110, 83
track:439, 870, 697, 110, 83
track:440, 870, 698, 110, 83
track:441, 868, 696, 115, 87
track:442, 869, 696, 115, 87
track:443, 869, 696, 115, 87
track:444, 869, 696, 115, 87
track:445, 868, 697, 115, 87
track:446, 869, 699, 115, 87
track:447, 870, 697, 115, 87
track:448, 870, 697, 115, 87
track:449, 870, 696, 115, 87
track:450, 870, 696, 115, 87
track:451, 870, 697, 115, 87
track:452, 871, 699, 115, 87
track:453, 872, 699, 115, 87
track:454, 869, 698, 121, 92
track:455, 870, 698, 121, 92
track:456, 871, 698, 121, 92
track:457, 871, 699, 121, 92
track:458, 870, 698, 121, 92
track:459, 870, 698, 121, 92
track:460, 870, 696, 121, 92
track:461, 867, 693, 127, 96
track:462, 868, 693, 127, 96
track:463, 868, 692, 127, 96
track:464, 868, 690, 127, 96
track:465, 867, 687, 127, 96
track:466, 867, 687, 127, 96
track:467, 867, 688, 127, 96
track:468, 864, 687, 134, 101
init :469, 867, 685, 129, 103
track:470, 868, 687, 129, 103
track:471, 869, 688, 129, 103
track:472, 869, 688, 129, 103
track:473, 869, 690, 129, 103
track:474, 870, 693, 129, 103
track:475, 869, 690, 135, 108
track:476, 871, 689, 135, 108
track:477, 871, 689, 135, 108
track:478, 872, 689, 135, 108
track:479, 874, 686, 135, 108
track:480, 876, 677, 135, 108
track:481, 874, 672, 142, 114
track:482, 874, 672, 142, 114
track:483, 873, 663, 149, 119
track:484, 874, 661, 149, 119
track:485, 876, 661, 149, 119
track:486, 876, 665, 149, 119
track:487, 876, 666, 149, 119
track:488, 876, 670, 149, 119
track:490, 871, 670, 157, 125
track:491, 869, 671, 157, 125
track:492, 867, 672, 157, 125
track:493, 864, 672, 157, 125
track:494, 864, 671, 157, 125
track:495, 860, 665, 157, 125
track:496, 858, 659, 157, 125
track:497, 858, 658, 157, 125
track:498, 857, 656, 157, 125
track:499, 856, 652, 157, 125
track:500, 855, 647, 157, 125
track:501, 854, 645, 157, 125
track:502, 854, 643, 157, 125
track:503, 854, 640, 157, 125
track:504, 854, 640, 157, 125
track:505, 853, 638, 157, 125
track:506, 852, 638, 157, 125
track:507, 853, 638, 157, 125
init :508, 853, 628, 156, 137
track:509, 854, 625, 156, 137
track:510, 854, 623, 156, 137
track:511, 853, 621, 156, 137
track:512, 853, 621, 156, 137
track:513, 852, 620, 156, 137
track:514, 852, 621, 156, 137
track:515, 853, 623, 156, 137
track:516, 853, 622, 156, 137
track:517, 852, 621, 156, 137
track:518, 855, 622, 149, 130
track:519, 856, 620, 149, 130
track:520, 857, 620, 149, 130
track:521, 859, 619, 149, 130
track:522, 858, 619, 149, 130
track:523, 857, 620, 149, 130
track:524, 856, 623, 149, 130
track:525, 862, 628, 141, 124
track:526, 863, 629, 141, 124
track:527, 867, 631, 135, 118
track:528, 869, 633, 128, 113
track:529, 869, 632, 128, 113
track:530, 870, 630, 128, 113
track:531, 871, 629, 128, 113
track:532, 871, 629, 128, 113
track:533, 876, 633, 122, 107
track:534, 877, 633, 122, 107
track:535, 877, 634, 122, 107
track:536, 877, 637, 122, 107
track:537, 880, 640, 116, 102
track:538, 880, 640, 116, 102
track:539, 880, 643, 116, 102
track:540, 880, 643, 116, 102
track:543, 878, 644, 116, 102
track:544, 877, 644, 116, 102
track:546, 874, 650, 116, 102
init :547, 872, 656, 115, 83
track:548, 871, 658, 115, 83
track:549, 871, 661, 115, 83
track:550, 870, 663, 115, 83
track:551, 868, 664, 115, 83
track:552, 868, 664, 115, 83
track:553, 868, 664, 115, 83
track:554, 868, 664, 115, 83
track:555, 867, 665, 115, 83
track:556, 867, 665, 115, 83
track:557, 867, 665, 115, 83
track:558, 869, 671, 110, 79
track:559, 871, 675, 104, 75
track:560, 871, 678, 104, 75
track:561, 871, 682, 104, 75
track:562, 871, 682, 104, 75
track:563, 871, 684, 104, 75
track:564, 871, 686, 104, 75
track:565, 871, 687, 104, 75
track:566, 871, 689, 104, 75
track:567, 870, 690, 104, 75
track:568, 872, 692, 104, 75
track:569, 873, 693, 104, 75
track:570, 872, 696, 104, 75
track:571, 872, 698, 104, 75
track:572, 872, 699, 104, 75
track:573, 873, 701, 104, 75
track:574, 874, 702, 104, 75
track:575, 875, 702, 104, 75
track:576, 874, 700, 104, 75
track:577, 873, 700, 104, 75
track:578, 873, 697, 104, 75
track:579, 873, 695, 104, 75
track:580, 874, 695, 104, 75
track:581, 875, 696, 104, 75
track:582, 876, 696, 104, 75
track:583, 874, 698, 104, 75
track:584, 874, 699, 104, 75
track:585, 874, 700, 104, 75
init :586, 872, 700, 110, 83
track:587, 872, 700, 110, 83
track:588, 872, 701, 110, 83
track:589, 873, 700, 110, 83
track:590, 872, 700, 110, 83
track:591, 871, 701, 110, 83
track:592, 871, 701, 110, 83
track:593, 870, 700, 110, 83
track:594, 870, 698, 110, 83
track:595, 870, 690, 110, 83
track:596, 869, 688, 110, 83
track:597, 869, 687, 110, 83
track:598, 866, 681, 115, 87
track:599, 866, 675, 115, 87
track:600, 863, 669, 121, 92
track:601, 863, 669, 121, 92
track:602, 864, 669, 121, 92
track:603, 863, 669, 121, 92
track:604, 863, 665, 121, 92
track:605, 862, 661, 121, 92
track:606, 862, 660, 121, 92
track:607, 862, 660, 121, 92
track:608, 863, 660, 121, 92
track:609, 860, 657, 127, 96
track:610, 860, 658, 127, 96
track:611, 860, 662, 127, 96
track:612, 860, 663, 127, 96
track:613, 860, 666, 127, 96
track:614, 856, 666, 134, 101
track:615, 857, 668, 134, 101
track:616, 857, 671, 134, 101
track:617, 856, 671, 134, 101
track:618, 856, 670, 134, 101
track:619, 856, 669, 134, 101
track:620, 858, 669, 134, 101
track:621, 858, 668, 134, 101
track:622, 858, 668, 134, 101
track:623, 857, 666, 134, 101
track:624, 856, 666, 134, 101
init :625, 858, 656, 133, 114
track:626, 862, 659, 127, 109
track:627, 863, 659, 127, 109
track:628, 864, 660, 127, 109
track:629, 864, 660, 127, 109
track:630, 864, 659, 127, 109
track:631, 860, 656, 133, 114
track:632, 859, 656, 133, 114
track:633, 861, 659, 133, 114
track:634, 859, 659, 140, 120
track:635, 859, 661, 140, 120
track:636, 860, 663, 140, 120
track:637, 860, 662, 140, 120
track:638, 862, 663, 140, 120
track:639, 862, 664, 140, 120
track:640, 863, 663, 140, 120
track:641, 860, 658, 147, 126
track:642, 860, 658, 147, 126
track:643, 860, 656, 147, 126
track:644, 860, 655, 147, 126
track:645, 860, 645, 147, 126
track:646, 861, 644, 147, 126
track:647, 861, 643, 147, 126
track:648, 861, 643, 147, 126
track:649, 860, 644, 147, 126
track:650, 862, 644, 147, 126
track:651, 864, 644, 147, 126
track:652, 865, 644, 147, 126
track:653, 865, 644, 147, 126
track:654, 866, 645, 147, 126
track:655, 867, 650, 147, 126
track:656, 868, 651, 147, 126
track:657, 868, 652, 147, 126
track:658, 870, 655, 147, 126
track:659, 872, 654, 147, 126
track:660, 871, 653, 147, 126
track:661, 872, 652, 147, 126
track:662, 871, 653, 147, 126
track:663, 873, 652, 147, 126
init :664, 881, 659, 138, 119
track:665, 881, 658, 138, 119
track:666, 882, 656, 138, 119
track:667, 882, 656, 138, 119
track:668, 883, 654, 138, 119
track:669, 883, 654, 138, 119
track:670, 882, 653, 138, 119
track:671, 881, 653, 138, 119
track:672, 880, 653, 138, 119
track:673, 878, 653, 138, 119
track:674, 877, 651, 138, 119
track:675, 874, 649, 145, 125
track:676, 876, 651, 138, 119
track:677, 876, 651, 138, 119
track:678, 874, 654, 138, 119
track:679, 873, 663, 138, 119
track:680, 874, 671, 138, 119
track:681, 875, 673, 138, 119
track:682, 876, 673, 138, 119
track:683, 873, 671, 138, 119
track:684, 871, 671, 138, 119
track:685, 871, 675, 138, 119
track:686, 871, 676, 138, 119
track:687, 871, 677, 138, 119
track:688, 867, 673, 145, 125
track:689, 867, 672, 145, 125
track:690, 866, 670, 145, 125
track:691, 866, 669, 145, 125
track:692, 865, 668, 145, 125
track:693, 865, 666, 145, 125
track:694, 864, 666, 145, 125
track:695, 866, 665, 145, 125
track:696, 864, 664, 145, 125
track:697, 864, 663, 145, 125
track:698, 861, 662, 145, 125
track:699, 859, 662, 145, 125
track:700, 858, 664, 145, 125
track:701, 859, 665, 145, 125
track:702, 859, 665, 145, 125
init :703, 858, 672, 147, 122
track:704, 857, 675, 147, 122
track:705, 857, 681, 147, 122
track:706, 855, 683, 147, 122
track:707, 855, 683, 147, 122
track:708, 855, 685, 147, 122
track:709, 855, 685, 147, 122
track:710, 854, 684, 147, 122
track:711, 855, 683, 147, 122
track:712, 855, 681, 147, 122
track:713, 854, 679, 147, 122
track:714, 854, 678, 147, 122
track:715, 850, 677, 154, 128
track:716, 853, 680, 147, 122
track:717, 853, 682, 147, 122
track:718, 854, 682, 147, 122
track:719, 855, 682, 147, 122
track:720, 856, 682, 147, 122
track:721, 856, 682, 147, 122
track:722, 857, 683, 147, 122
track:723, 856, 682, 147, 122
track:724, 857, 679, 147, 122
track:725, 856, 676, 147, 122
track:726, 854, 672, 154, 128
track:727, 854, 671, 154, 128
track:728, 854, 668, 154, 128
track:729, 854, 665, 154, 128
track:730, 855, 662, 154, 128
track:731, 856, 661, 154, 128
track:732, 856, 661, 154, 128
track:733, 853, 657, 162, 135
track:734, 853, 654, 162, 135
track:735, 854, 648, 162, 135
track:736, 855, 647, 162, 135
track:737, 855, 646, 162, 135
track:738, 854, 645, 162, 135
track:739, 853, 645, 162, 135
track:740, 854, 646, 162, 135
track:741, 855, 646, 162, 135
init :742, 853, 636, 161, 145
track:743, 851, 636, 161, 145
track:744, 851, 636, 161, 145
track:745, 851, 634, 161, 145
track:746, 851, 634, 161, 145
track:747, 852, 631, 161, 145
track:748, 852, 625, 161, 145
track:749, 852, 620, 161, 145
track:750, 850, 618, 161, 145
track:751, 849, 619, 161, 145
track:752, 848, 619, 161, 145
track:753, 850, 621, 161, 145
track:754, 853, 621, 161, 145
track:755, 854, 621, 161, 145
track:756, 855, 620, 161, 145
track:757, 854, 619, 161, 145
track:758, 855, 617, 161, 145
track:759, 858, 622, 153, 138
track:760, 858, 627, 153, 138
track:761, 859, 627, 153, 138
track:762, 861, 628, 153, 138
track:763, 862, 628, 153, 138
track:764, 864, 627, 153, 138
track:765, 863, 628, 153, 138
track:766, 862, 627, 153, 138
track:767, 860, 627, 153, 138
track:768, 862, 629, 153, 138
track:769, 865, 634, 146, 132
track:770, 868, 643, 146, 132
track:771, 869, 643, 146, 132
track:772, 870, 643, 146, 132
track:773, 870, 641, 146, 132
track:774, 871, 641, 146, 132
track:775, 872, 641, 146, 132
track:776, 872, 641, 146, 132
track:777, 873, 640, 146, 132
track:778, 878, 643, 139, 125
track:779, 878, 642, 139, 125
track:780, 880, 643, 139, 125
init :781, 881, 651, 133, 98
track:782, 881, 651, 133, 98
track:783, 880, 652, 133, 98
track:784, 880, 652, 133, 98
track:785, 879, 653, 133, 98
track:786, 879, 653, 133, 98
track:787, 878, 653, 133, 98
track:788, 881, 655, 127, 93
track:789, 881, 656, 127, 93
track:790, 880, 656, 127, 93
track:791, 880, 656, 127, 93
track:792, 879, 655, 127, 93
track:793, 879, 656, 127, 93
track:794, 879, 657, 127, 93
track:795, 879, 661, 127, 93
track:796, 879, 662, 127, 93
track:797, 879, 661, 127, 93
track:798, 879, 660, 127, 93
track:799, 879, 662, 127, 93
track:800, 880, 663, 127, 93
track:801, 879, 663, 127, 93
track:802, 879, 664, 127, 93
track:803, 878, 664, 127, 93
track:804, 875, 663, 133, 98
track:805, 878, 665, 127, 93
track:806, 877, 666, 127, 93
track:807, 877, 665, 127, 93
track:808, 876, 666, 127, 93
track:809, 876, 668, 127, 93
track:810, 877, 669, 127, 93
track:811, 878, 671, 127, 93
track:812, 877, 672, 127, 93
track:813, 874, 672, 127, 93
track:814, 873, 672, 127, 93
track:815, 872, 671, 127, 93
track:816, 872, 671, 127, 93
track:817, 872, 673, 127, 93
track:818, 871, 681, 127, 93
track:819, 867, 680, 133, 98
init :820, 858, 680, 147, 127
track:821, 858, 680, 147, 127
track:822, 857, 681, 147, 127
track:823, 857, 679, 147, 127
track:824, 857, 678, 147, 127
track:825, 855, 679, 147, 127
track:826, 855, 679, 147, 127
track:827, 851, 681, 154, 133
track:828, 851, 685, 154, 133
track:829, 852, 688, 154, 133
track:830, 850, 686, 162, 140
track:831, 850, 687, 162, 140
track:832, 851, 688, 162, 140
track:833, 854, 685, 162, 140
track:834, 854, 678, 162, 140
track:835, 855, 670, 162, 140
track:836, 855, 668, 162, 140
track:837, 855, 663, 162, 140
track:838, 853, 662, 162, 140
track:839, 852, 658, 162, 140
track:840, 851, 653, 162, 140
track:841, 850, 652, 162, 140
track:842, 844, 648, 170, 147
track:843, 836, 640, 179, 154
track:844, 834, 636, 179, 154
track:845, 828, 623, 179, 154
track:846, 827, 623, 179, 154
track:847, 826, 614, 179, 154
track:848, 827, 610, 179, 154
track:849, 825, 608, 179, 154
track:850, 825, 606, 179, 154
track:851, 825, 606, 179, 154
track:852, 824, 599, 188, 162
track:853, 829, 595, 188, 162
track:854, 826, 592, 197, 170
track:855, 826, 597, 197, 170
track:856, 826, 597, 197, 170
track:857, 826, 598, 197, 170
track:858, 828, 596, 197, 170
init :859, 830, 594, 198, 166
track:860, 830, 592, 198, 166
track:861, 830, 592, 198, 166
track:862, 830, 594, 198, 166
track:863, 832, 600, 198, 166
track:864, 832, 605, 198, 166
track:865, 832, 612, 198, 166
track:866, 832, 611, 198, 166
track:867, 832, 615, 198, 166
track:868, 833, 618, 198, 166
track:869, 834, 619, 198, 166
track:870, 834, 624, 198, 166
track:871, 834, 625, 198, 166
track:872, 834, 625, 198, 166
track:873, 834, 625, 198, 166
track:874, 837, 624, 198, 166
track:875, 836, 624, 198, 166
track:876, 842, 629, 189, 158
track:877, 842, 630, 189, 158
track:878, 849, 633, 180, 151
track:879, 850, 632, 180, 151
track:880, 850, 632, 180, 151
track:881, 850, 634, 180, 151
track:882, 850, 632, 180, 151
track:883, 853, 632, 180, 151
track:884, 858, 634, 171, 143
track:885, 860, 633, 171, 143
track:886, 860, 633, 171, 143
track:887, 865, 638, 163, 137
track:888, 870, 642, 155, 130
track:889, 870, 640, 155, 130
track:890, 872, 639, 155, 130
track:891, 872, 639, 155, 130
track:892, 875, 637, 155, 130
track:893, 873, 636, 155, 130
track:894, 874, 635, 155, 130
track:895, 875, 636, 155, 130
track:896, 876, 636, 155, 130
track:897, 879, 640, 148, 124
init :898, 881, 649, 124, 98
track:899, 880, 650, 124, 98
track:900, 880, 652, 124, 98
track:901, 880, 653, 124, 98
track:902, 879, 654, 124, 98
track:903, 878, 655, 124, 98
track:904, 878, 654, 124, 98
track:905, 878, 655, 124, 98
track:906, 878, 655, 124, 98
track:907, 868, 638, 118, 93
track:908, 861, 644, 112, 89
track:909, 861, 657, 107, 85
track:910, 864, 664, 102, 81
track:911, 865, 664, 102, 81
track:912, 864, 669, 97, 77
track:913, 863, 673, 97, 77
track:914, 867, 677, 97, 77
track:915, 865, 680, 97, 77
track:916, 872, 683, 93, 73
track:917, 873, 684, 93, 73
track:918, 873, 686, 93, 73
track:919, 872, 687, 93, 73
track:920, 870, 688, 93, 73
track:921, 870, 688, 93, 73
track:922, 865, 688, 93, 73
track:923, 859, 687, 93, 73
track:924, 854, 687, 88, 70
track:925, 848, 686, 88, 70
track:926, 848, 686, 88, 70
track:927, 845, 686, 88, 70
track:928, 835, 686, 88, 70
track:929, 829, 686, 88, 70
track:930, 824, 684, 88, 70
track:931, 824, 684, 88, 70
track:932, 823, 682, 88, 70
track:933, 820, 680, 88, 70
track:934, 819, 677, 88, 70
track:935, 819, 674, 88, 70
track:936, 819, 673, 88, 70
init :937, 775, 565, 313, 249
track:938, 775, 565, 313, 249
track:939, 777, 565, 313, 249
track:940, 779, 563, 313, 249
track:941, 788, 570, 298, 237
track:942, 781, 562, 313, 249
track:943, 780, 561, 313, 249
track:944, 779, 560, 313, 249
track:945, 779, 560, 313, 249
track:946, 780, 559, 313, 249
track:947, 775, 561, 313, 249
track:948, 772, 561, 313, 249
track:949, 767, 563, 313, 249
track:950, 763, 565, 313, 249
track:951, 762, 567, 313, 249
track:952, 760, 567, 313, 249
track:953, 758, 568, 313, 249
track:954, 756, 568, 313, 249
track:955, 760, 577, 298, 237
track:956, 753, 572, 313, 249
track:957, 753, 574, 313, 249
track:958, 752, 574, 313, 249
track:959, 743, 567, 329, 261
track:960, 750, 577, 313, 249
track:961, 749, 576, 313, 249
track:962, 748, 579, 313, 249
track:963, 745, 578, 313, 249
track:964, 744, 579, 313, 249
track:965, 740, 580, 313, 249
track:966, 738, 581, 313, 249
track:967, 736, 580, 313, 249
track:968, 732, 580, 313, 249
track:969, 725, 581, 313, 249
track:970, 726, 581, 313, 249
track:971, 722, 581, 313, 249
track:972, 716, 581, 313, 249
track:973, 712, 581, 313, 249
track:974, 710, 582, 313, 249
track:975, 707, 583, 313, 249
init :976, 696, 584, 447, 246
track:977, 696, 584, 447, 246
track:978, 696, 585, 447, 246
track:979, 695, 586, 447, 246
track:980, 695, 586, 447, 246
track:981, 695, 586, 447, 246
track:982, 693, 587, 447, 246
track:983, 694, 588, 447, 246
track:984, 696, 591, 447, 246
track:985, 694, 591, 447, 246
track:986, 694, 592, 447, 246
track:987, 696, 592, 447, 246
track:988, 697, 589, 447, 246
track:989, 699, 591, 447, 246
track:990, 690, 584, 469, 258
track:991, 693, 584, 469, 258
track:992, 705, 590, 447, 246
track:993, 704, 589, 447, 246
track:994, 707, 588, 447, 246
track:995, 707, 588, 447, 246
track:996, 707, 586, 447, 246
track:997, 696, 577, 469, 258
track:998, 709, 581, 447, 246
track:999, 710, 577, 447, 246
track:1000, 712, 577, 447, 246
track:1001, 718, 575, 447, 246
track:1002, 722, 574, 447, 246
track:1003, 729, 567, 447, 246
track:1004, 734, 567, 447, 246
track:1005, 732, 567, 447, 246
track:1006, 743, 570, 426, 234
track:1007, 746, 567, 426, 234
track:1008, 749, 561, 426, 234
track:1009, 738, 564, 426, 234
track:1010, 743, 562, 426, 234
track:1011, 747, 560, 426, 234
track:1012, 732, 560, 426, 234
track:1013, 729, 560, 426, 234
track:1014, 724, 558, 426, 234
init :1015, 761, 576, 470, 189
track:1016, 757, 575, 470, 189
track:1017, 752, 577, 470, 189
track:1018, 748, 577, 470, 189
track:1019, 756, 581, 448, 180
track:1020, 755, 580, 448, 180
track:1021, 754, 580, 448, 180
track:1022, 762, 582, 426, 171
track:1023, 760, 582, 426, 171
track:1024, 758, 581, 426, 171
track:1025, 758, 580, 426, 171
track:1026, 758, 579, 426, 171
track:1027, 746, 575, 448, 180
track:1028, 738, 577, 448, 180
track:1029, 746, 583, 426, 171
track:1030, 744, 583, 426, 171
track:1031, 751, 586, 406, 163
track:1032, 756, 591, 387, 155
track:1033, 752, 593, 387, 155
track:1034, 747, 593, 387, 155
track:1035, 746, 594, 387, 155
track:1036, 745, 598, 387, 155
track:1037, 741, 600, 387, 155
track:1038, 739, 603, 387, 155
track:1039, 730, 601, 406, 163
track:1040, 731, 602, 406, 163
track:1041, 719, 600, 426, 171
track:1042, 717, 602, 426, 171
track:1043, 715, 605, 426, 171
track:1044, 727, 612, 406, 163
track:1045, 726, 612, 406, 163
track:1046, 737, 617, 387, 155
track:1047, 740, 618, 387, 155
track:1048, 743, 617, 387, 155
track:1049, 748, 617, 387, 155
track:1050, 740, 614, 406, 163
track:1051, 746, 611, 406, 163
track:1052, 752, 609, 406, 163
track:1053, 756, 607, 406, 163
init :1054, 784, 610, 443, 140
track:1055, 784, 610, 443, 140
track:1056, 775, 605, 465, 147
track:1057, 781, 606, 465, 147
track:1058, 785, 608, 465, 147
track:1059, 787, 608, 465, 147
track:1060, 787, 609, 465, 147
track:1061, 785, 610, 465, 147
track:1062, 785, 610, 465, 147
track:1063, 791, 614, 443, 140
track:1064, 786, 615, 443, 140
track:1065, 784, 615, 443, 140
track:1066, 780, 616, 443, 140
track:1067, 774, 616, 443, 140
track:1068, 764, 616, 443, 140
track:1069, 753, 615, 443, 140
track:1070, 750, 616, 443, 140
track:1071, 743, 616, 443, 140
track:1072, 717, 612, 465, 147
track:1073, 711, 612, 465, 147
track:1074, 697, 613, 465, 147
track:1075, 696, 613, 465, 147
track:1076, 682, 612, 465, 147
track:1077, 687, 614, 443, 140
track:1078, 670, 617, 422, 133
track:1079, 657, 614, 443, 140
track:1080, 655, 614, 443, 140
track:1081, 639, 611, 465, 147
track:1082, 636, 614, 465, 147
track:1083, 634, 615, 465, 147
track:1084, 633, 613, 465, 147
track:1085, 632, 614, 465, 147
track:1086, 632, 612, 465, 147
track:1087, 630, 612, 465, 147
track:1088, 629, 613, 465, 147
track:1089, 628, 613, 465, 147
track:1090, 636, 617, 443, 140
track:1091, 634, 617, 443, 140
track:1092, 623, 616, 465, 147
init :1093, 673, 628, 456, 140
track:1094, 673, 628, 456, 140
track:1095, 673, 628, 456, 140
track:1096, 675, 629, 456, 140
track:1097, 679, 629, 456, 140
track:1098, 680, 631, 456, 140
track:1099, 681, 631, 456, 140
track:1100, 683, 631, 456, 140
track:1101, 672, 627, 479, 147
track:1102, 684, 629, 456, 140
track:1103, 680, 629, 456, 140
track:1104, 685, 629, 456, 140
track:1105, 683, 631, 456, 140
track:1106, 684, 631, 456, 140
track:1107, 690, 632, 456, 140
track:1108, 687, 634, 456, 140
track:1109, 678, 635, 456, 140
track:1110, 680, 636, 456, 140
track:1111, 674, 637, 456, 140
track:1112, 657, 632, 479, 147
track:1113, 665, 636, 456, 140
track:1114, 664, 636, 456, 140
track:1115, 663, 636, 456, 140
track:1116, 658, 637, 456, 140
track:1117, 649, 638, 456, 140
track:1118, 678, 641, 434, 133
track:1119, 676, 644, 434, 133
track:1120, 677, 645, 414, 127
track:1121, 672, 641, 434, 133
track:1122, 661, 640, 456, 140
track:1123, 663, 642, 456, 140
track:1124, 661, 641, 456, 140
track:1125, 654, 642, 456, 140
track:1126, 652, 643, 456, 140
track:1127, 653, 646, 456, 140
track:1128, 786, 650, 456, 140
track:1129, 788, 658, 434, 133
track:1130, 663, 653, 434, 133
track:1131, 791, 655, 434, 133
init :1132, 789, 628, 295, 179
track:1133, 790, 626, 295, 179
track:1134, 792, 625, 295, 179
track:1135, 798, 630, 281, 170
track:1136, 799, 630, 281, 170
track:1137, 806, 633, 268, 162
track:1138, 802, 633, 268, 162
track:1139, 795, 633, 268, 162
track:1140, 794, 632, 268, 162
track:1141, 777, 628, 281, 170
track:1142, 778, 633, 268, 162
track:1143, 776, 638, 255, 155
track:1144, 766, 642, 255, 155
track:1145, 750, 637, 268, 162
track:1146, 743, 638, 268, 162
track:1147, 731, 633, 281, 170
track:1148, 728, 632, 281, 170
track:1149, 732, 639, 268, 162
track:1150, 729, 638, 268, 162
track:1151, 719, 635, 281, 170
track:1152, 718, 636, 281, 170
track:1153, 714, 637, 281, 170
track:1154, 720, 642, 268, 162
track:1155, 717, 642, 268, 162
track:1156, 721, 644, 268, 162
track:1157, 719, 639, 281, 170
track:1158, 719, 641, 281, 170
track:1159, 722, 639, 281, 170
track:1160, 715, 636, 295, 179
track:1161, 723, 641, 281, 170
track:1162, 735, 638, 281, 170
track:1163, 729, 638, 281, 170
track:1164, 733, 638, 281, 170
track:1165, 731, 639, 281, 170
track:1166, 734, 645, 268, 162
track:1167, 745, 650, 255, 155
track:1168, 740, 649, 255, 155
track:1169, 739, 650, 255, 155
track:1170, 744, 650, 255, 155
init :1171, 761, 638, 346, 168
track:1172, 761, 639, 346, 168
track:1173, 761, 639, 346, 168
track:1174, 762, 639, 346, 168
track:1175, 763, 639, 346, 168
track:1176, 766, 636, 346, 168
track:1177, 767, 636, 346, 168
track:1178, 765, 636, 346, 168
track:1179, 763, 633, 346, 168
track:1180, 768, 631, 346, 168
track:1181, 765, 631, 346, 168
track:1182, 766, 628, 346, 168
track:1183, 761, 627, 346, 168
track:1184, 774, 629, 330, 160
track:1185, 771, 625, 346, 168
track:1186, 756, 620, 363, 176
track:1187, 752, 618, 363, 176
track:1188, 764, 615, 363, 176
track:1189, 781, 616, 363, 176
track:1190, 787, 613, 381, 185
track:1191, 768, 616, 381, 185
track:1192, 771, 617, 381, 185
track:1193, 763, 612, 401, 194
track:1194, 754, 615, 401, 194
track:1195, 785, 609, 401, 194
track:1196, 774, 614, 401, 194
track:1197, 773, 619, 381, 185
track:1198, 776, 625, 381, 185
track:1199, 788, 618, 363, 176
track:1200, 766, 612, 381, 185
track:1201, 736, 609, 381, 185
track:1202, 762, 610, 381, 185
track:1203, 765, 612, 363, 176
track:1204, 810, 613, 363, 176
track:1205, 808, 615, 363, 176
track:1206, 782, 618, 363, 176
track:1207, 815, 614, 363, 176
track:1208, 826, 617, 363, 176
track:1209, 819, 617, 363, 176
init :1210, 853, 636, 341, 101
track:1211, 855, 636, 341, 101
track:1212, 863, 639, 325, 96
track:1213, 856, 637, 341, 101
track:1214, 866, 641, 325, 96
track:1215, 865, 641, 325, 96
track:1216, 868, 642, 325, 96
track:1217, 866, 643, 325, 96
track:1218, 872, 646, 309, 92
track:1219, 871, 645, 309, 92
track:1220, 870, 647, 309, 92
track:1221, 868, 648, 309, 92
track:1222, 875, 651, 295, 87
track:1223, 874, 653, 295, 87
track:1224, 873, 653, 295, 87
track:1225, 872, 653, 295, 87
track:1226, 879, 657, 281, 83
track:1227, 879, 657, 281, 83
track:1228, 884, 660, 267, 79
track:1229, 885, 661, 267, 79
track:1230, 885, 661, 267, 79
track:1231, 888, 662, 267, 79
track:1232, 884, 662, 267, 79
track:1233, 881, 663, 267, 79
track:1234, 883, 664, 267, 79
track:1235, 877, 662, 267, 79
track:1236, 881, 666, 254, 75
track:1237, 886, 668, 242, 72
track:1238, 892, 671, 231, 68
track:1239, 896, 669, 231, 68
track:1240, 890, 669, 231, 68
track:1241, 893, 670, 231, 68
track:1242, 896, 669, 220, 65
track:1243, 909, 673, 209, 62
track:1244, 905, 672, 209, 62
track:1245, 906, 671, 209, 62
track:1246, 906, 671, 209, 62
track:1247, 896, 671, 220, 65
track:1248, 902, 676, 220, 65
init :1249, 950, 669, 170, 93
track:1250, 947, 669, 170, 93
track:1251, 943, 667, 170, 93
track:1252, 936, 666, 170, 93
track:1253, 932, 665, 170, 93
track:1254, 934, 666, 162, 89
track:1255, 932, 667, 154, 84
track:1256, 924, 665, 154, 84
track:1257, 918, 663, 154, 84
track:1258, 919, 664, 147, 80
track:1259, 923, 665, 140, 77
track:1260, 911, 660, 147, 80
track:1261, 910, 658, 147, 80
track:1262, 901, 659, 147, 80
track:1263, 894, 657, 147, 80
track:1264, 898, 660, 140, 77
track:1265, 897, 660, 147, 80
track:1266, 897, 660, 147, 80
track:1267, 896, 656, 147, 80
track:1268, 897, 656, 147, 80
track:1269, 894, 656, 147, 80
track:1270, 896, 655, 147, 80
track:1271, 895, 654, 147, 80
track:1272, 892, 652, 147, 80
track:1273, 890, 651, 147, 80
track:1274, 887, 649, 147, 80
track:1275, 884, 648, 147, 80
track:1276, 880, 649, 147, 80
track:1277, 870, 653, 147, 80
track:1278, 867, 651, 147, 80
track:1279, 869, 654, 140, 77
track:1280, 862, 655, 140, 77
track:1281, 853, 656, 140, 77
track:1282, 848, 654, 140, 77
track:1283, 845, 655, 140, 77
track:1284, 841, 653, 147, 80
track:1285, 831, 655, 147, 80
track:1286, 827, 654, 147, 80
track:1287, 819, 650, 154, 84
init :1288, 872, 659, 143, 72
track:1289, 872, 659, 143, 72
track:1290, 872, 660, 143, 72
track:1291, 869, 660, 143, 72
track:1292, 868, 660, 143, 72
track:1293, 866, 660, 143, 72
track:1294, 866, 659, 143, 72
track:1295, 865, 659, 143, 72
track:1296, 861, 657, 150, 76
track:1297, 861, 657, 150, 76
track:1298, 862, 657, 150, 76
track:1299, 861, 657, 150, 76
track:1300, 861, 658, 150, 76
track:1301, 861, 660, 143, 72
track:1302, 864, 661, 136, 69
track:1303, 864, 661, 136, 69
track:1304, 864, 661, 136, 69
track:1305, 864, 660, 136, 69
track:1306, 862, 659, 143, 72
track:1307, 863, 661, 143, 72
track:1308, 863, 662, 143, 72
track:1309, 862, 662, 143, 72
track:1310, 863, 662, 143, 72
track:1311, 864, 663, 143, 72
track:1312, 868, 664, 136, 69
track:1313, 863, 663, 143, 72
track:1314, 864, 663, 143, 72
track:1315, 863, 665, 143, 72
track:1316, 860, 665, 143, 72
track:1317, 856, 662, 150, 76
track:1318, 853, 662, 158, 79
track:1319, 856, 664, 158, 79
track:1320, 852, 663, 158, 79
track:1321, 853, 665, 150, 76
track:1322, 852, 666, 150, 76
track:1323, 851, 665, 158, 79
track:1324, 854, 667, 150, 76
track:1325, 857, 667, 150, 76
track:1326, 857, 668, 150, 76
init :1327, 867, 675, 170, 57
track:1328, 868, 675, 170, 57
track:1329, 869, 675, 170, 57
track:1330, 869, 675, 170, 57
track:1331, 870, 676, 170, 57
track:1332, 866, 676, 170, 57
track:1333, 860, 676, 170, 57
track:1334, 859, 675, 170, 57
track:1335, 857, 676, 170, 57
track:1336, 852, 676, 170, 57
track:1337, 847, 676, 170, 57
track:1338, 841, 675, 178, 60
track:1339, 840, 675, 178, 60
track:1340, 844, 676, 170, 57
track:1341, 839, 675, 178, 60
track:1342, 838, 674, 178, 60
track:1343, 842, 676, 170, 57
track:1344, 842, 677, 170, 57
track:1345, 843, 676, 170, 57
track:1346, 843, 677, 170, 57
track:1347, 843, 677, 170, 57
track:1348, 838, 676, 178, 60
track:1349, 837, 677, 178, 60
track:1350, 836, 677, 178, 60
track:1351, 835, 678, 178, 60
track:1352, 834, 678, 178, 60
track:1353, 833, 678, 178, 60
track:1354, 833, 679, 178, 60
track:1355, 833, 679, 178, 60
track:1356, 834, 679, 178, 60
track:1357, 830, 679, 187, 63
track:1358, 829, 679, 187, 63
track:1359, 830, 679, 187, 63
track:1360, 829, 680, 187, 63
track:1361, 828, 680, 187, 63
track:1362, 829, 681, 187, 63
track:1363, 831, 682, 187, 63
track:1364, 835, 683, 178, 60
track:1365, 833, 683, 178, 60
init :1366, 849, 687, 180, 54
track:1367, 849, 687, 180, 54
track:1368, 847, 688, 180, 54
track:1369, 847, 688, 180, 54
track:1370, 843, 687, 189, 57
track:1371, 847, 689, 180, 54
track:1372, 846, 690, 180, 54
track:1373, 844, 692, 180, 54
track:1374, 843, 692, 180, 54
track:1375, 836, 690, 189, 57
track:1376, 834, 691, 189, 57
track:1377, 833, 690, 189, 57
track:1378, 832, 692, 189, 57
track:1379, 828, 692, 189, 57
track:1380, 820, 691, 198, 60
track:1381, 821, 693, 189, 57
track:1382, 819, 694, 189, 57
track:1383, 815, 695, 189, 57
track:1384, 810, 695, 198, 60
track:1385, 809, 696, 198, 60
track:1386, 809, 698, 198, 60
track:1387, 811, 698, 198, 60
track:1388, 813, 700, 198, 60
track:1389, 813, 700, 198, 60
track:1390, 818, 702, 198, 60
track:1391, 820, 703, 198, 60
track:1392, 824, 704, 198, 60
track:1393, 831, 706, 198, 60
track:1394, 831, 706, 198, 60
track:1395, 833, 707, 198, 60
track:1396, 833, 707, 198, 60
track:1397, 833, 708, 198, 60
track:1398, 833, 709, 198, 60
track:1399, 833, 709, 198, 60
track:1400, 825, 708, 208, 63
track:1401, 822, 709, 208, 63
track:1402, 817, 710, 208, 63
track:1403, 813, 710, 208, 63
track:1404, 812, 711, 208, 63
init :1405, 807, 713, 216, 70
track:1406, 805, 713, 216, 70
track:1407, 802, 713, 216, 70
track:1408, 800, 713, 216, 70
track:1409, 799, 713, 216, 70
track:1410, 797, 714, 216, 70
track:1411, 802, 716, 206, 67
track:1412, 803, 716, 206, 67
track:1413, 803, 716, 206, 67
track:1414, 804, 717, 206, 67
track:1415, 801, 715, 216, 70
track:1416, 796, 715, 227, 74
track:1417, 796, 716, 227, 74
track:1418, 788, 716, 238, 77
track:1419, 788, 716, 238, 77
track:1420, 787, 717, 238, 77
track:1421, 785, 718, 238, 77
track:1422, 785, 719, 238, 77
track:1423, 785, 720, 238, 77
track:1424, 785, 720, 238, 77
track:1425, 787, 720, 238, 77
track:1426, 786, 720, 238, 77
track:1427, 778, 719, 250, 81
track:1428, 785, 721, 238, 77
track:1429, 785, 722, 238, 77
track:1430, 785, 722, 238, 77
track:1431, 782, 722, 238, 77
track:1432, 779, 723, 238, 77
track:1433, 776, 724, 238, 77
track:1434, 775, 724, 238, 77
track:1435, 780, 726, 227, 74
track:1436, 782, 729, 216, 70
track:1437, 782, 730, 216, 70
track:1438, 777, 728, 227, 74
track:1439, 773, 727, 238, 77
track:1440, 771, 728, 238, 77
track:1441, 769, 729, 238, 77
track:1442, 762, 728, 238, 77
track:1443, 758, 729, 238, 77
init :1444, 780, 721, 240, 114
track:1445, 775, 720, 240, 114
track:1446, 772, 721, 240, 114
track:1447, 768, 720, 240, 114
track:1448, 766, 719, 240, 114
track:1449, 760, 716, 252, 120
track:1450, 759, 715, 252, 120
track:1451, 761, 714, 252, 120
track:1452, 760, 714, 252, 120
track:1453, 769, 715, 252, 120
track:1454, 769, 716, 252, 120
track:1455, 774, 717, 252, 120
track:1456, 780, 716, 252, 120
track:1457, 786, 718, 252, 120
track:1458, 787, 719, 252, 120
track:1459, 797, 722, 240, 114
track:1460, 806, 722, 240, 114
track:1461, 809, 725, 229, 109
track:1462, 822, 728, 218, 103
track:1463, 821, 727, 218, 103
track:1464, 826, 730, 207, 98
track:1465, 839, 732, 207, 98
track:1466, 844, 736, 207, 98
track:1467, 843, 734, 207, 98
track:1468, 845, 735, 207, 98
track:1469, 846, 737, 207, 98
track:1470, 844, 738, 207, 98
track:1471, 845, 737, 207, 98
track:1472, 842, 738, 207, 98
track:1473, 834, 735, 218, 103
track:1474, 831, 736, 218, 103
track:1475, 827, 731, 218, 103
track:1476, 828, 730, 218, 103
track:1477, 823, 731, 218, 103
track:1478, 826, 730, 218, 103
track:1479, 821, 733, 218, 103
track:1480, 828, 729, 207, 98
track:1481, 828, 731, 207, 98
track:1482, 831, 731, 207, 98
init :1483, 853, 662, 198, 163
track:1484, 863, 665, 189, 155
track:1485, 867, 665, 189, 155
track:1486, 871, 663, 189, 155
track:1487, 877, 661, 189, 155
track:1488, 877, 661, 189, 155
track:1489, 880, 660, 189, 155
track:1490, 880, 658, 189, 155
track:1491, 882, 656, 189, 155
track:1492, 884, 653, 189, 155
track:1493, 883, 652, 189, 155
track:1494, 887, 654, 180, 148
track:1495, 884, 653, 171, 141
track:1496, 882, 650, 171, 141
track:1497, 881, 645, 171, 141
track:1498, 877, 645, 171, 141
track:1499, 862, 642, 171, 141
track:1500, 864, 641, 163, 134
track:1501, 851, 636, 163, 134
track:1502, 848, 632, 163, 134
track:1503, 851, 635, 155, 128
track:1504, 856, 632, 155, 128
track:1505, 855, 629, 155, 128
track:1506, 842, 627, 148, 122
track:1507, 843, 618, 155, 128
track:1508, 841, 620, 155, 128
track:1509, 839, 621, 148, 122
track:1510, 840, 617, 148, 122
track:1511, 839, 614, 148, 122
track:1512, 827, 610, 148, 122
track:1513, 829, 614, 141, 116
track:1514, 815, 612, 141, 116
track:1515, 798, 611, 141, 116
track:1516, 777, 615, 134, 110
track:1517, 749, 615, 134, 110
track:1518, 749, 616, 134, 110
track:1519, 724, 615, 134, 110
track:1520, 703, 619, 128, 105
track:1521, 684, 620, 128, 105
init :1522, 669, 628, 272, 98
track:1523, 669, 628, 272, 98
track:1524, 664, 628, 272, 98
track:1525, 660, 629, 272, 98
track:1526, 668, 632, 259, 93
track:1527, 671, 631, 259, 93
track:1528, 674, 632, 259, 93
track:1529, 699, 630, 259, 93
track:1530, 726, 632, 247, 89
track:1531, 749, 631, 247, 89
track:1532, 782, 633, 235, 85
track:1533, 783, 633, 235, 85
track:1534, 807, 633, 235, 85
track:1535, 832, 633, 235, 85
track:1536, 853, 633, 235, 85
track:1537, 871, 634, 235, 85
track:1538, 873, 634, 235, 85
track:1539, 891, 636, 235, 85
track:1540, 895, 637, 224, 81
track:1541, 897, 637, 224, 81
track:1542, 900, 638, 224, 81
track:1543, 900, 639, 224, 81
track:1544, 899, 640, 224, 81
track:1545, 896, 640, 235, 85
track:1546, 892, 643, 224, 81
track:1547, 882, 643, 224, 81
track:1548, 883, 645, 224, 81
track:1549, 878, 646, 224, 81
track:1550, 865, 649, 224, 81
track:1551, 862, 649, 224, 81
track:1552, 858, 650, 224, 81
track:1553, 859, 651, 224, 81
track:1554, 859, 652, 213, 77
track:1555, 859, 653, 213, 77
track:1556, 866, 656, 203, 73
track:1557, 871, 658, 193, 70
track:1558, 871, 658, 193, 70
track:1559, 872, 658, 193, 70
track:1560, 886, 658, 193, 70
init :1561, 900, 667, 189, 70
track:1562, 900, 668, 189, 70
track:1563, 901, 669, 189, 70
track:1564, 902, 669, 189, 70
track:1565, 903, 669, 189, 70
track:1566, 907, 670, 180, 67
track:1567, 906, 671, 180, 67
track:1568, 906, 671, 180, 67
track:1569, 909, 672, 171, 63
track:1570, 907, 673, 171, 63
track:1571, 907, 674, 163, 60
track:1572, 905, 675, 163, 60
track:1573, 905, 675, 163, 60
track:1574, 902, 675, 163, 60
track:1575, 902, 677, 155, 58
track:1576, 900, 677, 155, 58
track:1577, 900, 678, 148, 55
track:1578, 899, 679, 148, 55
track:1579, 896, 678, 148, 55
track:1580, 898, 680, 141, 52
track:1581, 895, 682, 134, 50
track:1582, 893, 681, 134, 50
track:1583, 892, 682, 134, 50
track:1584, 892, 681, 134, 50
track:1585, 894, 683, 128, 47
track:1586, 892, 682, 128, 47
track:1587, 896, 683, 128, 47
track:1588, 895, 683, 128, 47
track:1589, 896, 682, 128, 47
track:1590, 900, 683, 122, 45
track:1591, 898, 683, 122, 45
track:1592, 900, 684, 116, 43
track:1593, 899, 685, 116, 43
track:1594, 903, 686, 111, 41
track:1595, 902, 687, 111, 41
track:1596, 901, 688, 111, 41
track:1599, 901, 687, 111, 41
init :1600, 913, 682, 96, 70
track:1601, 912, 681, 96, 70
track:1602, 911, 682, 96, 70
track:1603, 911, 682, 96, 70
track:1604, 908, 682, 96, 70
track:1605, 905, 681, 96, 70
track:1606, 903, 682, 96, 70
track:1607, 900, 682, 96, 70
track:1608, 900, 682, 96, 70
elapseTime: 16.86
