init :7, 821, 630, 235, 197
track:8, 821, 630, 235, 197
track:9, 822, 630, 235, 197
track:10, 821, 631, 235, 197
track:11, 823, 630, 235, 197
track:12, 823, 630, 235, 197
track:13, 824, 630, 235, 197
track:14, 824, 630, 235, 197
track:15, 824, 630, 235, 197
track:16, 825, 630, 235, 197
track:17, 826, 630, 235, 197
track:18, 825, 630, 235, 197
track:19, 825, 629, 235, 197
track:20, 821, 626, 247, 207
track:21, 820, 626, 247, 207
track:22, 827, 631, 235, 197
track:23, 828, 631, 235, 197
track:24, 827, 631, 235, 197
track:25, 828, 630, 235, 197
track:26, 829, 631, 235, 197
track:27, 829, 631, 235, 197
track:28, 829, 631, 235, 197
track:29, 829, 630, 235, 197
track:30, 829, 630, 235, 197
track:31, 830, 629, 235, 197
track:32, 831, 631, 235, 197
track:33, 829, 630, 235, 197
track:34, 830, 631, 235, 197
track:35, 830, 630, 235, 197
track:36, 830, 631, 235, 197
track:37, 829, 630, 235, 197
track:38, 831, 630, 235, 197
track:39, 830, 630, 235, 197
track:40, 830, 630, 235, 197
track:41, 831, 629, 235, 197
track:42, 830, 631, 235, 197
track:43, 831, 630, 235, 197
track:44, 830, 631, 235, 197
track:45, 832, 630, 235, 197
track:46, 830, 631, 235, 197
track:48, 832, 630, 235, 197
track:49, 830, 630, 235, 197
track:50, 831, 629, 235, 197
track:51, 832, 629, 235, 197
track:52, 831, 628, 235, 197
track:53, 832, 629, 235, 197
track:54, 831, 629, 235, 197
track:55, 832, 629, 235, 197
track:56, 831, 629, 235, 197
track:57, 831, 628, 235, 197
track:58, 831, 629, 235, 197
track:59, 830, 628, 235, 197
track:60, 832, 628, 235, 197
track:61, 831, 630, 235, 197
track:62, 830, 629, 235, 197
track:63, 829, 629, 235, 197
track:64, 830, 629, 235, 197
track:65, 829, 629, 235, 197
track:66, 828, 629, 235, 197
track:67, 829, 628, 235, 197
track:68, 829, 629, 235, 197
track:69, 828, 629, 235, 197
track:70, 829, 628, 235, 197
track:71, 829, 629, 235, 197
track:72, 828, 629, 235, 197
track:73, 828, 629, 235, 197
track:74, 828, 628, 235, 197
track:75, 828, 629, 235, 197
track:76, 828, 629, 235, 197
track:77, 827, 629, 235, 197
track:78, 828, 628, 235, 197
track:79, 828, 629, 235, 197
track:80, 828, 629, 235, 197
track:81, 828, 628, 235, 197
track:82, 827, 629, 235, 197
track:83, 828, 630, 235, 197
track:84, 827, 629, 235, 197
track:85, 828, 629, 235, 197
track:86, 827, 630, 235, 197
track:87, 827, 629, 235, 197
track:88, 828, 629, 235, 197
track:89, 827, 630, 235, 197
track:90, 827, 630, 235, 197
track:91, 829, 629, 235, 197
track:92, 828, 630, 235, 197
track:93, 827, 629, 235, 197
init :94, 826, 633, 235, 197
track:95, 827, 633, 235, 197
track:96, 827, 634, 235, 197
track:97, 827, 633, 235, 197
track:98, 828, 632, 235, 197
track:99, 828, 632, 235, 197
track:100, 830, 632, 235, 197
track:101, 830, 631, 235, 197
track:102, 830, 631, 235, 197
track:103, 830, 629, 235, 197
track:104, 830, 630, 235, 197
track:105, 831, 628, 235, 197
track:106, 832, 629, 235, 197
track:107, 833, 627, 235, 197
track:108, 833, 625, 235, 197
track:109, 833, 624, 235, 197
track:110, 834, 623, 235, 197
track:111, 840, 626, 224, 188
track:112, 840, 625, 224, 188
track:113, 840, 623, 224, 188
track:114, 840, 622, 224, 188
track:115, 841, 620, 224, 188
track:116, 843, 618, 224, 188
track:117, 844, 616, 224, 188
track:120, 845, 614, 224, 188
track:121, 847, 610, 224, 188
track:122, 847, 610, 224, 188
track:123, 853, 612, 213, 179
track:124, 853, 611, 213, 179
track:125, 851, 609, 213, 179
track:126, 854, 610, 203, 170
track:127, 852, 608, 203, 170
track:128, 856, 613, 193, 162
track:129, 856, 613, 193, 162
track:130, 857, 613, 193, 162
track:131, 856, 613, 193, 162
track:132, 860, 618, 193, 162
track:133, 861, 619, 193, 162
track:134, 860, 620, 193, 162
track:135, 856, 616, 203, 170
track:136, 856, 619, 203, 170
track:137, 857, 620, 203, 170
track:138, 859, 621, 203, 170
track:139, 859, 622, 203, 170
track:140, 858, 621, 203, 170
track:141, 857, 619, 203, 170
track:142, 856, 620, 203, 170
track:143, 856, 620, 203, 170
track:144, 856, 620, 203, 170
track:145, 853, 624, 203, 170
track:146, 851, 625, 203, 170
track:147, 852, 624, 203, 170
track:148, 854, 626, 203, 170
track:149, 853, 628, 203, 170
track:150, 854, 632, 203, 170
track:151, 854, 635, 203, 170
track:152, 853, 637, 203, 170
track:153, 855, 639, 203, 170
track:154, 855, 641, 203, 170
track:155, 855, 642, 203, 170
track:156, 855, 643, 203, 170
track:157, 857, 642, 203, 170
track:158, 862, 647, 193, 162
track:159, 862, 648, 193, 162
track:160, 861, 649, 193, 162
track:161, 859, 649, 193, 162
track:162, 862, 653, 184, 154
track:163, 861, 653, 184, 154
track:164, 861, 652, 184, 154
track:165, 856, 650, 193, 162
track:166, 856, 650, 193, 162
track:167, 856, 649, 193, 162
track:168, 856, 649, 193, 162
track:169, 856, 649, 193, 162
track:170, 862, 652, 184, 154
track:171, 863, 651, 184, 154
track:172, 865, 650, 184, 154
track:173, 864, 649, 184, 154
track:174, 865, 650, 184, 154
track:175, 862, 650, 184, 154
track:176, 860, 650, 184, 154
track:177, 861, 650, 184, 154
track:178, 863, 651, 184, 154
track:179, 862, 652, 184, 154
track:180, 864, 654, 184, 154
track:181, 865, 654, 184, 154
track:182, 865, 656, 184, 154
track:183, 867, 660, 184, 154
track:184, 868, 661, 184, 154
track:185, 869, 662, 184, 154
track:186, 867, 661, 184, 154
init :187, 867, 651, 166, 163
track:188, 863, 649, 166, 163
track:189, 859, 645, 174, 171
track:190, 857, 645, 174, 171
track:191, 857, 642, 174, 171
track:192, 860, 641, 166, 163
track:193, 860, 640, 166, 163
track:194, 859, 639, 166, 163
track:195, 860, 638, 166, 163
track:196, 861, 637, 166, 163
track:197, 861, 635, 166, 163
track:198, 859, 636, 166, 163
track:199, 859, 636, 166, 163
track:200, 856, 637, 166, 163
track:201, 855, 638, 166, 163
track:202, 854, 636, 166, 163
track:203, 854, 632, 166, 163
track:204, 854, 633, 166, 163
track:205, 856, 629, 166, 163
track:206, 855, 630, 166, 163
track:207, 856, 630, 158, 155
track:208, 856, 630, 158, 155
track:209, 854, 629, 158, 155
track:210, 853, 624, 158, 155
track:211, 852, 621, 158, 155
track:212, 852, 619, 158, 155
track:213, 852, 618, 158, 155
track:214, 852, 617, 158, 155
track:215, 851, 616, 158, 155
track:216, 852, 615, 158, 155
track:217, 854, 619, 151, 148
track:218, 854, 620, 151, 148
track:219, 855, 621, 151, 148
track:220, 859, 629, 143, 141
track:221, 857, 631, 143, 141
track:222, 857, 633, 143, 141
track:223, 857, 633, 143, 141
track:224, 857, 635, 143, 141
track:225, 857, 635, 143, 141
track:226, 858, 637, 143, 141
track:227, 857, 638, 143, 141
track:228, 857, 638, 143, 141
track:229, 860, 642, 137, 134
track:230, 860, 641, 137, 134
track:231, 859, 641, 137, 134
track:232, 858, 637, 137, 134
track:233, 858, 637, 137, 134
track:234, 857, 635, 137, 134
track:235, 857, 635, 137, 134
track:236, 861, 637, 130, 128
track:237, 863, 638, 130, 128
track:238, 864, 638, 130, 128
track:239, 865, 639, 130, 128
track:240, 865, 641, 130, 128
track:241, 866, 642, 130, 128
track:242, 866, 642, 130, 128
track:243, 866, 641, 130, 128
track:244, 866, 641, 130, 128
track:245, 865, 643, 130, 128
track:246, 866, 643, 130, 128
track:247, 866, 643, 130, 128
track:248, 867, 643, 130, 128
track:249, 866, 643, 130, 128
track:250, 869, 648, 124, 122
track:251, 869, 650, 124, 122
track:252, 870, 652, 124, 122
track:253, 869, 652, 124, 122
track:254, 870, 655, 124, 122
track:255, 871, 658, 124, 122
track:256, 870, 659, 124, 122
track:257, 872, 663, 124, 122
track:258, 872, 663, 124, 122
track:259, 873, 664, 124, 122
track:260, 873, 666, 124, 122
track:261, 873, 667, 124, 122
track:262, 873, 668, 124, 122
track:263, 872, 668, 124, 122
track:264, 872, 671, 124, 122
track:265, 872, 672, 124, 122
track:266, 873, 673, 124, 122
track:267, 872, 675, 124, 122
track:268, 872, 675, 124, 122
track:269, 872, 676, 124, 122
track:270, 873, 679, 124, 122
track:271, 874, 682, 124, 122
track:272, 875, 684, 124, 122
track:273, 875, 685, 124, 122
track:274, 875, 688, 124, 122
track:275, 876, 689, 124, 122
track:276, 876, 692, 124, 122
track:277, 878, 695, 124, 122
track:278, 877, 696, 124, 122
track:279, 876, 693, 130, 128
init :280, 867, 690, 138, 119
track:281, 868, 690, 138, 119
track:282, 870, 692, 138, 119
track:283, 866, 689, 145, 125
track:284, 869, 692, 145, 125
track:285, 870, 693, 145, 125
track:286, 872, 693, 145, 125
track:287, 874, 689, 145, 125
track:288, 870, 686, 152, 131
track:289, 870, 683, 152, 131
track:290, 867, 676, 160, 138
track:291, 863, 665, 168, 145
track:292, 864, 660, 168, 145
track:293, 860, 655, 176, 152
track:294, 861, 654, 176, 152
track:295, 863, 651, 176, 152
track:296, 860, 647, 185, 159
track:297, 859, 649, 185, 159
track:298, 855, 646, 194, 167
track:299, 850, 642, 204, 176
track:300, 848, 644, 204, 176
track:301, 846, 645, 204, 176
track:302, 839, 645, 214, 185
track:303, 838, 646, 214, 185
track:304, 832, 645, 225, 194
track:305, 830, 646, 225, 194
track:306, 830, 646, 225, 194
track:307, 824, 640, 236, 204
track:308, 818, 633, 248, 214
track:309, 817, 631, 248, 214
track:310, 815, 624, 248, 214
track:311, 815, 613, 248, 214
track:312, 815, 601, 248, 214
track:313, 816, 600, 248, 214
track:314, 817, 594, 248, 214
track:315, 817, 584, 248, 214
track:316, 817, 575, 248, 214
track:317, 824, 575, 236, 204
track:318, 825, 574, 236, 204
track:319, 826, 572, 236, 204
track:320, 833, 561, 236, 204
track:321, 836, 557, 236, 204
track:322, 835, 554, 236, 204
track:323, 840, 559, 225, 194
track:324, 840, 563, 225, 194
track:325, 840, 561, 225, 194
track:326, 840, 552, 225, 194
track:327, 837, 550, 225, 194
track:328, 837, 551, 225, 194
track:329, 833, 560, 225, 194
track:330, 836, 572, 214, 185
track:331, 835, 574, 214, 185
track:332, 833, 579, 214, 185
track:333, 834, 579, 214, 185
track:334, 833, 580, 214, 185
track:335, 831, 582, 214, 185
track:336, 837, 588, 204, 176
track:337, 838, 590, 204, 176
track:338, 838, 590, 204, 176
track:339, 838, 586, 204, 176
track:340, 840, 582, 204, 176
track:341, 845, 588, 194, 167
track:342, 850, 591, 185, 159
track:343, 849, 589, 185, 159
track:344, 850, 588, 185, 159
track:345, 853, 590, 176, 152
track:346, 853, 591, 176, 152
track:347, 857, 595, 168, 145
track:348, 858, 596, 168, 145
track:349, 860, 600, 168, 145
track:350, 859, 604, 168, 145
track:351, 860, 607, 168, 145
track:352, 861, 611, 168, 145
track:353, 865, 615, 160, 138
track:354, 865, 616, 160, 138
track:355, 864, 617, 160, 138
track:356, 864, 618, 160, 138
track:357, 868, 622, 152, 131
track:358, 868, 622, 152, 131
track:359, 867, 622, 152, 131
track:360, 865, 621, 152, 131
track:361, 865, 622, 152, 131
track:362, 868, 625, 145, 125
track:363, 868, 624, 145, 125
track:364, 867, 626, 145, 125
track:365, 870, 628, 138, 119
track:366, 869, 630, 138, 119
track:367, 872, 633, 131, 113
track:368, 871, 633, 131, 113
track:369, 871, 633, 131, 113
track:370, 870, 640, 131, 113
track:371, 869, 645, 131, 113
track:372, 868, 649, 131, 113
init :373, 876, 659, 120, 101
track:374, 877, 660, 120, 101
track:375, 875, 661, 120, 101
track:376, 873, 662, 120, 101
track:377, 871, 662, 120, 101
track:378, 871, 663, 120, 101
track:379, 870, 664, 120, 101
track:380, 871, 663, 120, 101
track:381, 870, 663, 120, 101
track:382, 868, 664, 120, 101
track:383, 868, 663, 120, 101
track:384, 866, 662, 120, 101
track:385, 866, 661, 120, 101
track:386, 866, 661, 120, 101
track:387, 866, 660, 120, 101
track:388, 866, 661, 120, 101
track:389, 865, 659, 120, 101
track:390, 864, 660, 120, 101
track:391, 865, 662, 120, 101
track:392, 868, 667, 114, 96
track:393, 868, 668, 114, 96
track:394, 868, 668, 114, 96
track:395, 869, 674, 114, 96
track:396, 872, 679, 109, 92
track:397, 874, 682, 109, 92
track:398, 875, 683, 109, 92
track:399, 872, 686, 114, 96
track:400, 877, 692, 109, 92
track:401, 878, 698, 109, 92
track:402, 879, 701, 109, 92
track:403, 879, 701, 109, 92
track:404, 880, 704, 109, 92
track:405, 881, 703, 109, 92
track:406, 880, 703, 109, 92
track:407, 882, 703, 109, 92
track:408, 882, 703, 109, 92
track:409, 883, 702, 109, 92
track:410, 882, 700, 109, 92
track:411, 885, 699, 104, 87
track:412, 883, 695, 109, 92
track:413, 884, 695, 109, 92
track:414, 884, 694, 109, 92
track:415, 887, 697, 104, 87
track:416, 887, 699, 104, 87
track:417, 888, 700, 104, 87
track:418, 888, 700, 104, 87
track:419, 888, 700, 104, 87
track:420, 886, 701, 104, 87
track:421, 885, 701, 104, 87
track:422, 884, 699, 104, 87
track:423, 884, 699, 104, 87
track:424, 884, 696, 104, 87
track:425, 883, 694, 104, 87
track:426, 883, 692, 104, 87
track:427, 881, 691, 104, 87
track:428, 881, 691, 104, 87
track:429, 881, 690, 104, 87
track:430, 880, 691, 104, 87
track:431, 880, 691, 104, 87
track:432, 879, 691, 104, 87
track:433, 879, 690, 104, 87
track:434, 879, 691, 104, 87
track:435, 876, 691, 104, 87
track:436, 876, 692, 104, 87
track:437, 877, 694, 104, 87
track:438, 876, 694, 104, 87
track:439, 875, 693, 109, 92
track:440, 875, 694, 109, 92
track:441, 876, 694, 109, 92
track:442, 877, 694, 109, 92
track:443, 877, 694, 109, 92
track:444, 876, 694, 109, 92
track:445, 876, 695, 109, 92
track:446, 876, 696, 109, 92
track:447, 877, 696, 109, 92
track:448, 876, 695, 109, 92
track:449, 877, 694, 109, 92
track:450, 877, 693, 109, 92
track:451, 877, 694, 109, 92
track:452, 876, 694, 114, 96
track:453, 876, 695, 114, 96
track:454, 877, 695, 114, 96
track:455, 876, 693, 120, 101
track:456, 877, 694, 120, 101
track:457, 875, 693, 120, 101
track:458, 876, 694, 120, 101
track:459, 872, 690, 126, 106
track:460, 872, 689, 126, 106
track:461, 873, 689, 126, 106
track:462, 873, 690, 126, 106
track:463, 873, 688, 126, 106
track:464, 872, 686, 126, 106
track:465, 872, 684, 126, 106
init :466, 863, 685, 129, 109
track:467, 863, 685, 129, 109
track:468, 863, 685, 129, 109
track:469, 864, 686, 129, 109
track:470, 864, 688, 129, 109
track:471, 866, 689, 129, 109
track:472, 863, 687, 135, 114
track:473, 863, 689, 135, 114
track:474, 864, 691, 135, 114
track:475, 865, 692, 135, 114
track:476, 867, 691, 135, 114
track:477, 868, 690, 135, 114
track:478, 868, 690, 135, 114
track:479, 870, 688, 135, 114
track:480, 873, 679, 135, 114
track:481, 874, 677, 135, 114
track:482, 870, 673, 142, 120
track:483, 873, 666, 142, 120
track:484, 875, 664, 142, 120
track:485, 877, 664, 142, 120
track:486, 877, 669, 142, 120
track:487, 873, 667, 149, 126
track:488, 869, 669, 157, 132
track:490, 867, 672, 157, 132
track:491, 860, 671, 165, 139
track:492, 854, 668, 173, 146
track:493, 853, 667, 173, 146
track:494, 851, 668, 173, 146
track:495, 848, 661, 173, 146
track:496, 843, 651, 182, 153
track:497, 841, 651, 182, 153
track:498, 839, 649, 182, 153
track:499, 838, 644, 182, 153
track:500, 837, 639, 182, 153
track:501, 841, 639, 173, 146
track:502, 841, 638, 173, 146
track:503, 846, 640, 165, 139
track:504, 846, 638, 165, 139
track:505, 845, 637, 165, 139
track:506, 845, 635, 165, 139
track:507, 844, 635, 165, 139
track:508, 844, 635, 165, 139
track:509, 844, 631, 165, 139
track:510, 843, 628, 165, 139
track:511, 843, 626, 165, 139
track:512, 843, 625, 165, 139
track:513, 842, 626, 165, 139
track:514, 843, 626, 165, 139
track:515, 844, 627, 165, 139
track:516, 843, 626, 165, 139
track:517, 843, 626, 165, 139
track:518, 847, 627, 157, 132
track:519, 848, 626, 157, 132
track:520, 850, 624, 157, 132
track:521, 848, 624, 157, 132
track:522, 849, 623, 157, 132
track:523, 849, 625, 157, 132
track:524, 853, 630, 149, 126
track:525, 855, 632, 149, 126
track:526, 859, 635, 142, 120
track:527, 859, 635, 142, 120
track:528, 860, 635, 142, 120
track:529, 860, 633, 142, 120
track:530, 861, 631, 142, 120
track:531, 861, 631, 142, 120
track:532, 861, 631, 142, 120
track:533, 863, 631, 142, 120
track:534, 863, 631, 142, 120
track:535, 866, 635, 135, 114
track:536, 865, 636, 135, 114
track:537, 868, 639, 129, 109
track:538, 870, 641, 129, 109
track:539, 870, 643, 129, 109
track:540, 870, 642, 129, 109
track:543, 871, 646, 123, 104
track:544, 871, 646, 123, 104
track:546, 871, 654, 117, 99
track:547, 872, 655, 117, 99
track:548, 870, 657, 117, 99
track:549, 869, 658, 117, 99
track:550, 869, 661, 117, 99
track:551, 867, 662, 117, 99
track:552, 867, 662, 117, 99
track:553, 867, 662, 117, 99
track:554, 866, 662, 117, 99
track:555, 866, 661, 117, 99
track:556, 867, 664, 111, 94
track:557, 868, 665, 111, 94
track:558, 866, 670, 111, 94
init :559, 876, 677, 96, 80
track:560, 876, 679, 96, 80
track:561, 876, 683, 96, 80
track:562, 876, 684, 96, 80
track:563, 876, 686, 96, 80
track:564, 876, 688, 96, 80
track:565, 876, 690, 96, 80
track:566, 876, 692, 96, 80
track:567, 876, 693, 96, 80
track:568, 877, 695, 96, 80
track:569, 878, 696, 96, 80
track:570, 877, 699, 96, 80
track:571, 877, 702, 96, 80
track:572, 877, 702, 96, 80
track:573, 878, 705, 96, 80
track:574, 879, 706, 96, 80
track:575, 879, 705, 96, 80
track:576, 878, 703, 96, 80
track:577, 878, 702, 96, 80
track:578, 878, 700, 96, 80
track:579, 879, 698, 96, 80
track:580, 881, 698, 96, 80
track:581, 881, 698, 96, 80
track:582, 881, 698, 96, 80
track:583, 880, 701, 96, 80
track:584, 880, 702, 96, 80
track:585, 880, 702, 96, 80
track:586, 880, 702, 96, 80
track:587, 880, 703, 96, 80
track:588, 881, 703, 96, 80
track:589, 881, 702, 96, 80
track:590, 880, 702, 96, 80
track:591, 875, 701, 101, 84
track:592, 875, 701, 101, 84
track:593, 872, 698, 106, 88
track:594, 872, 697, 106, 88
track:595, 872, 688, 106, 88
track:596, 871, 686, 106, 88
track:597, 871, 686, 106, 88
track:598, 870, 681, 106, 88
track:599, 869, 675, 106, 88
track:600, 867, 670, 111, 93
track:601, 868, 670, 111, 93
track:602, 868, 669, 111, 93
track:603, 868, 668, 111, 93
track:604, 867, 664, 111, 93
track:605, 866, 661, 111, 93
track:606, 866, 660, 111, 93
track:607, 866, 660, 111, 93
track:608, 867, 660, 111, 93
track:609, 867, 659, 111, 93
track:610, 868, 660, 111, 93
track:611, 867, 665, 111, 93
track:612, 867, 665, 111, 93
track:613, 864, 665, 117, 97
track:614, 865, 667, 117, 97
track:615, 865, 669, 117, 97
track:616, 864, 672, 117, 97
track:617, 864, 673, 117, 97
track:618, 861, 670, 123, 102
track:619, 861, 670, 123, 102
track:620, 862, 669, 123, 102
track:621, 862, 668, 123, 102
track:622, 863, 667, 123, 102
track:623, 862, 667, 123, 102
track:624, 861, 666, 123, 102
track:625, 862, 666, 123, 102
track:626, 864, 667, 123, 102
track:627, 864, 667, 123, 102
track:628, 864, 668, 123, 102
track:629, 863, 667, 123, 102
track:630, 863, 665, 123, 102
track:631, 863, 665, 123, 102
track:632, 860, 662, 129, 107
track:633, 863, 666, 129, 107
track:634, 862, 668, 129, 107
track:635, 862, 671, 129, 107
track:636, 864, 672, 129, 107
track:637, 864, 673, 129, 107
track:638, 862, 670, 135, 113
track:639, 863, 671, 135, 113
track:640, 863, 670, 135, 113
track:641, 863, 668, 135, 113
track:642, 863, 668, 135, 113
track:643, 863, 666, 135, 113
track:644, 864, 665, 135, 113
track:645, 863, 656, 135, 113
track:646, 864, 655, 135, 113
track:647, 865, 655, 135, 113
track:648, 864, 654, 135, 113
track:649, 864, 654, 135, 113
track:650, 866, 654, 135, 113
track:651, 869, 655, 135, 113
init :652, 872, 651, 143, 122
track:653, 873, 651, 143, 122
track:654, 873, 653, 143, 122
track:655, 871, 653, 150, 128
track:656, 871, 656, 150, 128
track:657, 871, 657, 150, 128
track:658, 873, 659, 150, 128
track:659, 875, 659, 150, 128
track:660, 875, 659, 150, 128
track:661, 876, 659, 150, 128
track:662, 876, 659, 150, 128
track:663, 877, 659, 150, 128
track:664, 877, 657, 150, 128
track:665, 879, 655, 150, 128
track:666, 879, 652, 150, 128
track:667, 879, 653, 150, 128
track:668, 880, 650, 150, 128
track:669, 880, 650, 150, 128
track:670, 880, 649, 150, 128
track:671, 877, 649, 150, 128
track:672, 876, 649, 150, 128
track:673, 875, 649, 150, 128
track:674, 874, 648, 150, 128
track:675, 874, 647, 150, 128
track:676, 872, 648, 150, 128
track:677, 872, 648, 150, 128
track:678, 871, 650, 150, 128
track:679, 871, 660, 150, 128
track:680, 870, 667, 150, 128
track:681, 870, 668, 150, 128
track:682, 871, 668, 150, 128
track:683, 869, 668, 150, 128
track:684, 867, 667, 150, 128
track:685, 863, 666, 158, 135
track:686, 864, 669, 158, 135
track:687, 864, 670, 158, 135
track:688, 864, 670, 158, 135
track:689, 862, 668, 158, 135
track:690, 862, 667, 158, 135
track:691, 861, 665, 158, 135
track:692, 861, 664, 158, 135
track:693, 861, 663, 158, 135
track:694, 860, 662, 158, 135
track:695, 861, 661, 158, 135
track:696, 860, 661, 158, 135
track:697, 860, 660, 158, 135
track:698, 858, 659, 158, 135
track:699, 855, 658, 158, 135
track:700, 854, 660, 158, 135
track:701, 856, 661, 158, 135
track:702, 855, 662, 158, 135
track:703, 855, 664, 158, 135
track:704, 854, 670, 158, 135
track:705, 853, 674, 158, 135
track:706, 851, 675, 158, 135
track:707, 851, 676, 158, 135
track:708, 851, 677, 158, 135
track:709, 851, 678, 158, 135
track:710, 851, 677, 158, 135
track:711, 851, 676, 158, 135
track:712, 850, 674, 158, 135
track:713, 850, 673, 158, 135
track:714, 849, 673, 158, 135
track:715, 849, 674, 158, 135
track:716, 849, 674, 158, 135
track:717, 849, 675, 158, 135
track:718, 850, 675, 158, 135
track:719, 850, 675, 158, 135
track:720, 848, 673, 166, 141
track:721, 847, 674, 166, 141
track:722, 845, 670, 174, 148
track:723, 845, 669, 174, 148
track:724, 845, 666, 174, 148
track:725, 846, 662, 174, 148
track:726, 846, 662, 174, 148
track:727, 842, 656, 183, 156
track:728, 842, 653, 183, 156
track:729, 842, 649, 183, 156
track:730, 844, 647, 183, 156
track:731, 842, 646, 183, 156
track:732, 843, 646, 183, 156
track:733, 843, 646, 183, 156
track:734, 843, 641, 183, 156
track:735, 845, 638, 183, 156
track:736, 845, 637, 183, 156
track:737, 844, 635, 183, 156
track:738, 844, 634, 183, 156
track:739, 843, 634, 183, 156
track:740, 844, 635, 183, 156
track:741, 845, 635, 183, 156
track:742, 845, 637, 183, 156
track:743, 844, 636, 183, 156
track:744, 843, 636, 183, 156
init :745, 853, 636, 156, 129
track:746, 853, 636, 156, 129
track:747, 854, 635, 156, 129
track:748, 854, 625, 156, 129
track:749, 853, 622, 156, 129
track:750, 852, 621, 156, 129
track:751, 851, 622, 156, 129
track:752, 850, 624, 156, 129
track:753, 855, 627, 149, 123
track:754, 857, 627, 149, 123
track:755, 860, 626, 149, 123
track:756, 861, 626, 149, 123
track:757, 862, 626, 149, 123
track:758, 861, 623, 149, 123
track:759, 860, 625, 149, 123
track:760, 860, 629, 149, 123
track:761, 860, 631, 149, 123
track:762, 862, 631, 149, 123
track:763, 864, 631, 149, 123
track:764, 866, 631, 149, 123
track:765, 864, 631, 149, 123
track:766, 867, 634, 141, 117
track:767, 866, 634, 141, 117
track:768, 866, 636, 141, 117
track:769, 867, 637, 141, 117
track:770, 870, 647, 141, 117
track:771, 871, 647, 141, 117
track:772, 871, 647, 141, 117
track:773, 872, 645, 141, 117
track:774, 873, 646, 141, 117
track:775, 874, 646, 141, 117
track:776, 874, 645, 141, 117
track:777, 879, 647, 135, 111
track:778, 879, 646, 135, 111
track:779, 881, 646, 135, 111
track:780, 881, 646, 135, 111
track:781, 881, 646, 135, 111
track:782, 884, 648, 128, 106
track:783, 884, 648, 128, 106
track:784, 883, 647, 128, 106
track:785, 882, 648, 128, 106
track:786, 882, 648, 128, 106
track:787, 882, 649, 128, 106
track:788, 884, 652, 122, 101
track:789, 883, 652, 122, 101
track:790, 882, 652, 122, 101
track:791, 883, 652, 122, 101
track:792, 883, 651, 122, 101
track:793, 883, 651, 122, 101
track:794, 879, 650, 128, 106
track:795, 879, 654, 128, 106
track:796, 879, 656, 128, 106
track:797, 880, 655, 128, 106
track:798, 880, 654, 128, 106
track:799, 880, 654, 128, 106
track:800, 879, 656, 128, 106
track:801, 880, 656, 128, 106
track:802, 879, 657, 128, 106
track:803, 879, 658, 128, 106
track:804, 879, 658, 128, 106
track:805, 879, 658, 128, 106
track:806, 879, 658, 128, 106
track:807, 877, 658, 128, 106
track:808, 877, 659, 128, 106
track:809, 877, 660, 128, 106
track:810, 877, 662, 128, 106
track:811, 877, 663, 128, 106
track:812, 876, 664, 128, 106
track:813, 874, 665, 128, 106
track:814, 872, 665, 128, 106
track:815, 872, 664, 128, 106
track:816, 872, 664, 128, 106
track:817, 872, 666, 128, 106
track:818, 871, 674, 128, 106
track:819, 868, 673, 135, 111
track:820, 866, 684, 135, 111
track:821, 865, 684, 135, 111
track:822, 864, 685, 135, 111
track:823, 865, 684, 135, 111
track:824, 860, 680, 141, 117
track:825, 859, 681, 141, 117
track:826, 855, 678, 149, 123
track:827, 855, 682, 149, 123
track:828, 855, 687, 149, 123
track:829, 856, 689, 149, 123
track:830, 858, 690, 149, 123
track:831, 858, 691, 149, 123
track:832, 859, 691, 149, 123
track:833, 862, 690, 149, 123
track:834, 860, 679, 156, 129
track:835, 860, 672, 156, 129
track:836, 860, 671, 156, 129
track:837, 859, 665, 156, 129
init :838, 853, 656, 166, 158
track:839, 852, 653, 166, 158
track:840, 852, 648, 166, 158
track:841, 851, 648, 166, 158
track:842, 849, 647, 166, 158
track:843, 846, 642, 166, 158
track:844, 844, 639, 166, 158
track:845, 838, 627, 166, 158
track:846, 837, 626, 166, 158
track:847, 834, 616, 174, 166
track:848, 835, 610, 174, 166
track:849, 828, 604, 183, 174
track:850, 827, 602, 183, 174
track:851, 827, 602, 183, 174
track:852, 831, 597, 183, 174
track:853, 835, 594, 183, 174
track:854, 836, 594, 183, 174
track:855, 836, 599, 183, 174
track:856, 836, 599, 183, 174
track:857, 837, 600, 183, 174
track:858, 837, 597, 183, 174
track:859, 839, 594, 183, 174
track:860, 838, 592, 183, 174
track:861, 839, 590, 183, 174
track:862, 837, 594, 183, 174
track:863, 838, 598, 183, 174
track:864, 838, 602, 183, 174
track:865, 840, 610, 183, 174
track:866, 840, 610, 183, 174
track:867, 845, 621, 174, 166
track:868, 846, 622, 174, 166
track:869, 846, 622, 174, 166
track:870, 845, 627, 174, 166
track:871, 845, 627, 174, 166
track:872, 850, 632, 166, 158
track:873, 851, 631, 166, 158
track:874, 852, 631, 166, 158
track:875, 856, 635, 158, 150
track:876, 857, 635, 158, 150
track:877, 858, 636, 158, 150
track:878, 860, 636, 158, 150
track:879, 861, 636, 158, 150
track:880, 861, 635, 158, 150
track:881, 861, 635, 158, 150
track:882, 861, 635, 158, 150
track:883, 867, 638, 151, 143
track:884, 868, 637, 151, 143
track:885, 874, 640, 143, 136
track:886, 875, 639, 143, 136
track:887, 879, 644, 137, 130
track:888, 880, 644, 137, 130
track:889, 879, 642, 137, 130
track:890, 882, 641, 137, 130
track:891, 881, 640, 137, 130
track:892, 884, 640, 137, 130
track:893, 884, 639, 137, 130
track:894, 885, 638, 137, 130
track:895, 886, 638, 137, 130
track:896, 887, 638, 137, 130
track:897, 886, 638, 137, 130
track:898, 887, 640, 130, 124
track:899, 885, 640, 130, 124
track:900, 887, 644, 124, 118
track:901, 887, 644, 124, 118
track:902, 886, 646, 124, 118
track:903, 885, 646, 124, 118
track:904, 885, 646, 124, 118
track:905, 886, 646, 124, 118
track:906, 886, 646, 124, 118
track:907, 905, 631, 124, 118
track:908, 916, 635, 124, 118
track:909, 916, 642, 124, 118
track:910, 921, 650, 118, 112
track:911, 920, 650, 118, 112
track:912, 920, 659, 118, 112
track:913, 920, 661, 118, 112
track:914, 924, 662, 118, 112
track:915, 927, 667, 112, 107
track:916, 928, 669, 112, 107
track:917, 929, 670, 112, 107
track:918, 931, 673, 107, 102
track:919, 931, 674, 107, 102
track:920, 928, 675, 107, 102
track:921, 929, 675, 107, 102
track:922, 924, 672, 112, 107
track:923, 915, 672, 112, 107
track:924, 909, 671, 112, 107
track:925, 901, 671, 112, 107
track:926, 901, 671, 112, 107
track:927, 898, 671, 112, 107
track:928, 888, 671, 112, 107
track:929, 881, 670, 112, 107
track:930, 877, 669, 112, 107
init :931, 770, 581, 304, 249
track:932, 771, 579, 304, 249
track:933, 772, 576, 304, 249
track:934, 772, 573, 304, 249
track:935, 773, 571, 304, 249
track:936, 775, 570, 304, 249
track:937, 776, 569, 304, 249
track:938, 775, 567, 304, 249
track:939, 776, 565, 304, 249
track:940, 777, 563, 304, 249
track:941, 780, 562, 304, 249
track:942, 778, 561, 304, 249
track:943, 777, 560, 304, 249
track:944, 773, 561, 304, 249
track:945, 776, 559, 304, 249
track:946, 775, 559, 304, 249
track:947, 772, 556, 304, 249
track:948, 767, 562, 304, 249
track:949, 764, 560, 304, 249
track:950, 762, 563, 304, 249
track:951, 758, 563, 304, 249
track:952, 758, 563, 304, 249
track:953, 758, 567, 304, 249
track:954, 750, 568, 304, 249
track:955, 747, 569, 304, 249
track:956, 747, 569, 304, 249
track:957, 746, 570, 304, 249
track:958, 745, 570, 304, 249
track:959, 752, 578, 290, 237
track:960, 753, 579, 290, 237
track:961, 749, 579, 290, 237
track:962, 752, 581, 290, 237
track:963, 747, 581, 290, 237
track:964, 741, 582, 290, 237
track:965, 742, 582, 290, 237
track:966, 739, 582, 290, 237
track:967, 737, 581, 290, 237
track:968, 734, 583, 290, 237
track:969, 727, 585, 290, 237
track:970, 725, 585, 290, 237
track:971, 721, 584, 290, 237
track:972, 713, 585, 290, 237
track:973, 707, 585, 290, 237
track:974, 704, 587, 290, 237
track:975, 704, 587, 290, 237
track:976, 698, 581, 304, 249
track:977, 700, 586, 290, 237
track:978, 700, 587, 290, 237
track:979, 700, 587, 290, 237
track:980, 701, 588, 290, 237
track:981, 699, 587, 290, 237
track:982, 699, 589, 290, 237
track:983, 699, 588, 290, 237
track:984, 701, 590, 290, 237
track:985, 700, 589, 290, 237
track:986, 701, 590, 290, 237
track:987, 702, 591, 290, 237
track:988, 705, 589, 290, 237
track:989, 705, 589, 290, 237
track:990, 705, 589, 290, 237
track:991, 707, 589, 290, 237
track:992, 709, 589, 290, 237
track:993, 710, 587, 290, 237
track:994, 709, 585, 290, 237
track:995, 707, 586, 290, 237
track:996, 710, 584, 290, 237
track:997, 712, 581, 290, 237
track:998, 716, 579, 290, 237
track:999, 721, 577, 290, 237
track:1000, 728, 583, 276, 226
track:1001, 734, 586, 263, 215
track:1002, 737, 585, 263, 215
track:1003, 743, 581, 263, 215
track:1004, 749, 576, 263, 215
track:1005, 750, 576, 263, 215
track:1006, 759, 578, 250, 205
track:1007, 761, 577, 250, 205
track:1008, 760, 573, 250, 205
track:1009, 764, 576, 238, 195
track:1010, 761, 577, 238, 195
track:1011, 762, 575, 238, 195
track:1012, 760, 571, 238, 195
track:1013, 761, 576, 227, 186
track:1014, 760, 573, 227, 186
track:1015, 757, 574, 227, 186
track:1016, 755, 573, 227, 186
track:1017, 753, 571, 227, 186
track:1018, 755, 575, 216, 177
track:1019, 756, 576, 216, 177
track:1020, 759, 580, 206, 169
track:1021, 758, 580, 206, 169
track:1022, 756, 580, 206, 169
track:1023, 755, 579, 206, 169
init :1024, 756, 578, 447, 176
track:1025, 756, 578, 447, 176
track:1026, 755, 579, 447, 176
track:1027, 752, 580, 447, 176
track:1028, 748, 581, 447, 176
track:1029, 745, 581, 447, 176
track:1030, 733, 579, 469, 185
track:1031, 728, 580, 469, 185
track:1032, 722, 583, 469, 185
track:1033, 727, 587, 447, 176
track:1034, 723, 588, 447, 176
track:1035, 722, 589, 447, 176
track:1036, 723, 591, 447, 176
track:1037, 721, 592, 447, 176
track:1038, 721, 593, 447, 176
track:1039, 709, 591, 469, 185
track:1040, 719, 596, 447, 176
track:1041, 717, 597, 447, 176
track:1042, 714, 600, 447, 176
track:1043, 713, 601, 447, 176
track:1044, 725, 608, 426, 168
track:1045, 732, 614, 405, 160
track:1046, 736, 616, 405, 160
track:1047, 736, 617, 405, 160
track:1048, 730, 614, 426, 168
track:1049, 735, 611, 426, 168
track:1050, 728, 608, 447, 176
track:1051, 719, 604, 469, 185
track:1052, 727, 601, 469, 185
track:1053, 720, 596, 493, 194
track:1054, 743, 600, 469, 185
track:1055, 745, 601, 469, 185
track:1056, 745, 601, 469, 185
track:1057, 763, 605, 447, 176
track:1058, 775, 609, 426, 168
track:1059, 782, 614, 405, 160
track:1060, 779, 614, 405, 160
track:1061, 779, 613, 405, 160
track:1062, 779, 615, 405, 160
track:1063, 776, 616, 405, 160
track:1064, 767, 612, 426, 168
track:1065, 768, 611, 426, 168
track:1066, 760, 612, 426, 168
track:1067, 751, 612, 426, 168
track:1068, 745, 610, 426, 168
track:1069, 738, 614, 405, 160
track:1070, 733, 614, 405, 160
track:1071, 731, 615, 405, 160
track:1072, 714, 617, 405, 160
track:1073, 704, 618, 405, 160
track:1074, 687, 620, 405, 160
track:1075, 679, 614, 426, 168
track:1076, 663, 614, 426, 168
track:1077, 660, 613, 426, 168
track:1078, 645, 617, 426, 168
track:1079, 635, 617, 426, 168
track:1080, 634, 617, 426, 168
track:1081, 632, 617, 426, 168
track:1082, 630, 622, 405, 160
track:1083, 627, 622, 405, 160
track:1084, 622, 622, 405, 160
track:1085, 617, 623, 405, 160
track:1086, 626, 619, 405, 160
track:1087, 620, 619, 405, 160
track:1088, 615, 617, 405, 160
track:1089, 609, 613, 426, 168
track:1090, 607, 616, 426, 168
track:1091, 612, 614, 426, 168
track:1092, 613, 615, 426, 168
track:1093, 627, 620, 405, 160
track:1094, 632, 623, 386, 152
track:1095, 638, 627, 368, 145
track:1096, 630, 622, 386, 152
track:1097, 633, 623, 386, 152
track:1098, 636, 623, 386, 152
track:1099, 639, 623, 386, 152
track:1100, 636, 623, 386, 152
track:1101, 636, 623, 386, 152
track:1102, 638, 622, 386, 152
track:1103, 638, 622, 386, 152
track:1104, 635, 622, 386, 152
track:1105, 633, 623, 386, 152
track:1106, 633, 625, 386, 152
track:1107, 633, 624, 386, 152
track:1108, 632, 625, 386, 152
track:1109, 625, 627, 386, 152
track:1110, 623, 629, 386, 152
track:1111, 620, 629, 386, 152
track:1112, 603, 625, 405, 160
track:1113, 595, 628, 405, 160
track:1114, 592, 629, 405, 160
track:1115, 598, 631, 405, 160
track:1116, 585, 633, 405, 160
init :1117, 701, 633, 415, 168
track:1118, 699, 633, 415, 168
track:1119, 695, 632, 415, 168
track:1120, 694, 632, 415, 168
track:1121, 692, 632, 415, 168
track:1122, 698, 637, 395, 160
track:1123, 696, 637, 395, 160
track:1124, 696, 636, 395, 160
track:1125, 696, 636, 395, 160
track:1126, 694, 637, 395, 160
track:1127, 690, 638, 395, 160
track:1128, 703, 639, 395, 160
track:1129, 715, 642, 376, 152
track:1130, 719, 643, 376, 152
track:1131, 718, 645, 376, 152
track:1132, 716, 650, 376, 152
track:1133, 729, 646, 376, 152
track:1134, 724, 644, 376, 152
track:1135, 729, 646, 358, 145
track:1136, 727, 649, 358, 145
track:1137, 726, 647, 358, 145
track:1138, 721, 647, 358, 145
track:1139, 694, 639, 376, 152
track:1140, 700, 636, 376, 152
track:1141, 697, 637, 376, 152
track:1142, 685, 649, 358, 145
track:1143, 652, 647, 376, 152
track:1144, 648, 648, 376, 152
track:1145, 654, 655, 358, 145
track:1146, 652, 660, 358, 145
track:1147, 649, 665, 358, 145
track:1148, 652, 667, 358, 145
track:1149, 637, 671, 358, 145
track:1150, 648, 669, 358, 145
track:1151, 629, 665, 376, 152
track:1152, 632, 662, 376, 152
track:1153, 627, 664, 376, 152
track:1154, 617, 664, 376, 152
track:1155, 616, 663, 376, 152
track:1156, 623, 669, 358, 145
track:1157, 627, 667, 358, 145
track:1158, 637, 673, 341, 138
track:1159, 642, 674, 341, 138
track:1160, 652, 676, 325, 132
track:1161, 641, 674, 341, 138
track:1162, 642, 675, 341, 138
track:1163, 642, 673, 341, 138
track:1164, 640, 672, 341, 138
track:1165, 629, 668, 358, 145
track:1166, 626, 667, 358, 145
track:1167, 630, 670, 341, 138
track:1168, 635, 674, 325, 132
track:1169, 639, 675, 325, 132
track:1170, 637, 674, 325, 132
track:1171, 634, 674, 325, 132
track:1172, 630, 677, 325, 132
track:1173, 630, 679, 310, 125
track:1174, 628, 678, 310, 125
track:1175, 629, 679, 310, 125
track:1176, 633, 680, 310, 125
track:1177, 632, 675, 310, 125
track:1178, 634, 671, 310, 125
track:1179, 636, 670, 310, 125
track:1180, 635, 669, 310, 125
track:1181, 640, 666, 310, 125
track:1182, 639, 665, 310, 125
track:1183, 639, 662, 310, 125
track:1184, 642, 661, 310, 125
track:1185, 649, 663, 295, 119
track:1186, 652, 661, 295, 119
track:1187, 652, 662, 295, 119
track:1188, 654, 658, 295, 119
track:1189, 667, 660, 281, 114
track:1190, 673, 664, 268, 108
track:1191, 675, 661, 268, 108
track:1192, 681, 657, 268, 108
track:1193, 686, 659, 255, 103
track:1194, 690, 659, 243, 98
track:1195, 696, 660, 231, 94
track:1196, 701, 660, 220, 89
track:1197, 699, 659, 220, 89
track:1198, 701, 656, 220, 89
track:1199, 703, 655, 220, 89
track:1200, 708, 657, 210, 85
track:1201, 708, 656, 210, 85
track:1202, 711, 656, 210, 85
track:1203, 716, 656, 210, 85
track:1204, 723, 655, 210, 85
track:1205, 724, 654, 210, 85
track:1206, 731, 653, 210, 85
track:1207, 742, 655, 200, 81
track:1208, 751, 659, 190, 77
track:1209, 757, 661, 181, 73
init :1210, 853, 636, 341, 101
track:1211, 855, 636, 341, 101
track:1212, 863, 639, 325, 96
track:1213, 856, 637, 341, 101
track:1214, 866, 641, 325, 96
track:1215, 865, 641, 325, 96
track:1216, 868, 642, 325, 96
track:1217, 866, 643, 325, 96
track:1218, 872, 646, 309, 92
track:1219, 871, 645, 309, 92
track:1220, 870, 647, 309, 92
track:1221, 868, 648, 309, 92
track:1222, 875, 651, 295, 87
track:1223, 874, 653, 295, 87
track:1224, 873, 653, 295, 87
track:1225, 872, 653, 295, 87
track:1226, 879, 657, 281, 83
track:1227, 879, 657, 281, 83
track:1228, 884, 660, 267, 79
track:1229, 885, 661, 267, 79
track:1230, 885, 661, 267, 79
track:1231, 888, 662, 267, 79
track:1232, 884, 662, 267, 79
track:1233, 881, 663, 267, 79
track:1234, 883, 664, 267, 79
track:1235, 877, 662, 267, 79
track:1236, 881, 666, 254, 75
track:1237, 886, 668, 242, 72
track:1238, 892, 671, 231, 68
track:1239, 896, 669, 231, 68
track:1240, 890, 669, 231, 68
track:1241, 893, 670, 231, 68
track:1242, 896, 669, 220, 65
track:1243, 909, 673, 209, 62
track:1244, 905, 672, 209, 62
track:1245, 906, 671, 209, 62
track:1246, 906, 671, 209, 62
track:1247, 896, 671, 220, 65
track:1248, 902, 676, 220, 65
track:1249, 950, 679, 209, 62
track:1250, 946, 676, 220, 65
track:1251, 945, 676, 220, 65
track:1252, 930, 679, 220, 65
track:1253, 933, 678, 220, 65
track:1254, 929, 677, 220, 65
track:1255, 928, 676, 220, 65
track:1256, 913, 678, 220, 65
track:1257, 911, 679, 220, 65
track:1258, 909, 679, 220, 65
track:1259, 914, 681, 209, 62
track:1260, 908, 681, 209, 62
track:1261, 907, 681, 209, 62
track:1262, 899, 681, 209, 62
track:1263, 898, 681, 209, 62
track:1264, 897, 680, 209, 62
track:1265, 897, 680, 209, 62
track:1266, 900, 680, 209, 62
track:1267, 902, 679, 209, 62
track:1268, 899, 679, 209, 62
track:1269, 900, 679, 209, 62
track:1270, 897, 678, 209, 62
track:1271, 900, 678, 199, 59
track:1272, 893, 675, 209, 62
track:1273, 892, 675, 199, 59
track:1274, 892, 673, 199, 59
track:1275, 890, 672, 199, 59
track:1276, 885, 672, 199, 59
track:1277, 876, 672, 199, 59
track:1278, 870, 669, 209, 62
track:1279, 875, 670, 199, 59
track:1280, 861, 670, 199, 59
track:1281, 851, 672, 190, 56
track:1282, 848, 672, 190, 56
track:1283, 844, 671, 190, 56
track:1284, 843, 671, 190, 56
track:1285, 840, 670, 199, 59
track:1286, 823, 671, 199, 59
track:1287, 830, 673, 190, 56
track:1288, 831, 672, 190, 56
track:1289, 830, 670, 190, 56
track:1290, 828, 669, 190, 56
track:1291, 826, 669, 190, 56
track:1292, 825, 668, 190, 56
track:1293, 823, 668, 190, 56
track:1294, 825, 668, 190, 56
track:1295, 824, 667, 190, 56
track:1296, 824, 665, 190, 56
track:1297, 828, 666, 181, 54
track:1298, 825, 664, 190, 56
track:1299, 829, 664, 181, 54
track:1300, 830, 664, 181, 54
track:1301, 833, 663, 181, 54
track:1302, 828, 662, 190, 56
init :1303, 863, 662, 152, 64
track:1304, 863, 662, 152, 64
track:1305, 863, 662, 152, 64
track:1306, 865, 663, 152, 64
track:1307, 866, 663, 152, 64
track:1308, 866, 664, 152, 64
track:1309, 870, 666, 145, 61
track:1310, 871, 666, 145, 61
track:1311, 871, 666, 145, 61
track:1312, 872, 667, 145, 61
track:1313, 870, 667, 145, 61
track:1314, 871, 667, 145, 61
track:1315, 870, 668, 145, 61
track:1316, 864, 667, 152, 64
track:1317, 863, 667, 152, 64
track:1318, 861, 668, 152, 64
track:1319, 860, 668, 152, 64
track:1320, 860, 668, 152, 64
track:1321, 859, 668, 152, 64
track:1322, 860, 669, 152, 64
track:1323, 860, 670, 152, 64
track:1324, 861, 671, 152, 64
track:1325, 862, 671, 152, 64
track:1326, 864, 672, 152, 64
track:1327, 866, 674, 152, 64
track:1328, 868, 674, 152, 64
track:1329, 868, 674, 152, 64
track:1330, 868, 674, 152, 64
track:1331, 867, 674, 152, 64
track:1332, 863, 674, 152, 64
track:1333, 863, 676, 145, 61
track:1334, 862, 675, 145, 61
track:1335, 858, 676, 145, 61
track:1336, 852, 676, 145, 61
track:1337, 845, 675, 152, 64
track:1338, 843, 675, 152, 64
track:1339, 846, 677, 145, 61
track:1340, 845, 676, 145, 61
track:1341, 845, 677, 145, 61
track:1342, 844, 677, 145, 61
track:1343, 844, 677, 145, 61
track:1344, 844, 677, 145, 61
track:1345, 844, 677, 145, 61
track:1346, 844, 677, 145, 61
track:1347, 844, 677, 145, 61
track:1348, 844, 678, 145, 61
track:1349, 843, 679, 145, 61
track:1350, 842, 679, 145, 61
track:1351, 842, 679, 145, 61
track:1352, 839, 680, 145, 61
track:1353, 838, 679, 145, 61
track:1354, 839, 680, 145, 61
track:1355, 839, 680, 145, 61
track:1356, 843, 682, 138, 58
track:1357, 842, 682, 138, 58
track:1358, 842, 683, 138, 58
track:1359, 842, 682, 138, 58
track:1360, 841, 683, 138, 58
track:1361, 843, 683, 138, 58
track:1362, 842, 684, 138, 58
track:1363, 843, 685, 138, 58
track:1364, 844, 686, 138, 58
track:1365, 841, 686, 138, 58
track:1366, 841, 686, 138, 58
track:1367, 842, 685, 138, 58
track:1368, 840, 686, 138, 58
track:1369, 841, 686, 138, 58
track:1370, 839, 688, 138, 58
track:1371, 836, 690, 138, 58
track:1372, 835, 691, 138, 58
track:1373, 831, 692, 138, 58
track:1374, 832, 692, 138, 58
track:1375, 830, 692, 138, 58
track:1376, 824, 690, 145, 61
track:1377, 824, 690, 145, 61
track:1378, 820, 693, 145, 61
track:1379, 819, 692, 145, 61
track:1380, 814, 693, 145, 61
track:1381, 811, 694, 145, 61
track:1382, 809, 695, 145, 61
track:1383, 804, 696, 145, 61
track:1384, 805, 696, 145, 61
track:1385, 802, 696, 145, 61
track:1386, 803, 698, 145, 61
track:1387, 808, 701, 138, 58
track:1388, 810, 701, 138, 58
track:1389, 810, 702, 138, 58
track:1390, 813, 702, 138, 58
track:1391, 818, 703, 138, 58
track:1392, 822, 705, 138, 58
track:1393, 826, 706, 138, 58
track:1394, 827, 706, 138, 58
track:1395, 829, 707, 138, 58
init :1396, 840, 708, 198, 64
track:1397, 844, 709, 189, 61
track:1398, 842, 709, 189, 61
track:1399, 841, 709, 189, 61
track:1400, 833, 708, 198, 64
track:1401, 831, 709, 198, 64
track:1402, 820, 708, 208, 67
track:1403, 817, 710, 208, 67
track:1404, 812, 710, 208, 67
track:1405, 809, 710, 208, 67
track:1406, 812, 712, 198, 64
track:1407, 809, 712, 198, 64
track:1408, 802, 711, 208, 67
track:1409, 801, 711, 208, 67
track:1410, 795, 710, 218, 71
track:1411, 795, 711, 218, 71
track:1412, 797, 712, 218, 71
track:1413, 797, 713, 218, 71
track:1414, 797, 713, 218, 71
track:1415, 799, 713, 218, 71
track:1416, 799, 714, 218, 71
track:1417, 798, 715, 218, 71
track:1418, 797, 716, 218, 71
track:1419, 796, 716, 218, 71
track:1420, 796, 717, 218, 71
track:1421, 794, 717, 218, 71
track:1422, 787, 716, 229, 74
track:1423, 792, 718, 218, 71
track:1424, 792, 719, 218, 71
track:1425, 794, 719, 218, 71
track:1426, 793, 720, 218, 71
track:1427, 793, 720, 218, 71
track:1428, 792, 721, 218, 71
track:1429, 792, 721, 218, 71
track:1430, 790, 721, 218, 71
track:1431, 793, 724, 208, 67
track:1432, 790, 725, 208, 67
track:1433, 789, 725, 208, 67
track:1434, 789, 726, 208, 67
track:1435, 789, 727, 208, 67
track:1436, 786, 727, 208, 67
track:1437, 785, 727, 208, 67
track:1438, 783, 728, 208, 67
track:1439, 783, 728, 208, 67
track:1440, 781, 729, 208, 67
track:1441, 782, 731, 198, 64
track:1442, 774, 730, 208, 67
track:1443, 766, 729, 218, 71
track:1444, 764, 728, 218, 71
track:1445, 760, 726, 229, 74
track:1446, 754, 727, 229, 74
track:1447, 747, 730, 218, 71
track:1448, 748, 730, 218, 71
track:1449, 749, 729, 218, 71
track:1450, 748, 726, 229, 74
track:1451, 752, 727, 218, 71
track:1452, 751, 727, 218, 71
track:1453, 763, 729, 208, 67
track:1454, 768, 731, 198, 64
track:1455, 771, 731, 198, 64
track:1456, 780, 733, 189, 61
track:1457, 785, 736, 180, 58
track:1458, 792, 739, 180, 58
track:1459, 796, 741, 171, 55
track:1460, 797, 743, 171, 55
track:1461, 803, 746, 163, 53
track:1462, 804, 746, 163, 53
track:1463, 805, 746, 163, 53
track:1464, 809, 749, 155, 50
track:1465, 858, 748, 155, 50
track:1466, 858, 747, 155, 50
track:1467, 862, 746, 148, 48
track:1468, 859, 744, 155, 50
track:1469, 860, 743, 155, 50
track:1470, 851, 743, 148, 48
track:1471, 861, 741, 155, 50
track:1472, 849, 739, 148, 48
track:1473, 846, 736, 148, 48
track:1474, 844, 734, 148, 48
track:1475, 843, 731, 148, 48
track:1476, 835, 727, 155, 50
track:1477, 840, 725, 155, 50
track:1478, 845, 725, 155, 50
track:1479, 843, 722, 155, 50
track:1480, 843, 721, 155, 50
track:1481, 850, 720, 155, 50
track:1482, 849, 717, 155, 50
track:1483, 850, 716, 155, 50
track:1484, 859, 714, 155, 50
track:1485, 864, 713, 155, 50
track:1486, 867, 712, 155, 50
track:1487, 881, 710, 155, 50
track:1488, 874, 708, 155, 50
init :1489, 867, 651, 244, 168
track:1490, 867, 650, 244, 168
track:1491, 871, 648, 244, 168
track:1492, 871, 646, 244, 168
track:1493, 872, 646, 244, 168
track:1494, 873, 643, 244, 168
track:1495, 869, 639, 244, 168
track:1496, 866, 636, 244, 168
track:1497, 863, 630, 244, 168
track:1498, 865, 634, 232, 160
track:1499, 864, 633, 232, 160
track:1500, 853, 627, 232, 160
track:1501, 845, 622, 244, 168
track:1502, 837, 614, 256, 176
track:1503, 843, 618, 244, 168
track:1504, 843, 615, 244, 168
track:1505, 834, 609, 256, 176
track:1506, 841, 605, 256, 176
track:1507, 838, 605, 256, 176
track:1508, 843, 602, 256, 176
track:1509, 834, 597, 269, 185
track:1510, 840, 596, 269, 185
track:1511, 838, 590, 269, 185
track:1512, 839, 596, 256, 176
track:1513, 841, 591, 256, 176
track:1514, 813, 586, 269, 185
track:1515, 799, 592, 256, 176
track:1516, 783, 596, 256, 176
track:1517, 766, 599, 244, 168
track:1518, 768, 601, 232, 160
track:1519, 749, 602, 232, 160
track:1520, 741, 603, 232, 160
track:1521, 719, 601, 232, 160
track:1522, 701, 605, 232, 160
track:1523, 690, 604, 244, 168
track:1524, 682, 605, 232, 160
track:1525, 685, 602, 244, 168
track:1526, 689, 607, 244, 168
track:1527, 703, 601, 244, 168
track:1528, 700, 603, 244, 168
track:1529, 726, 600, 244, 168
track:1530, 746, 604, 244, 168
track:1531, 772, 600, 244, 168
track:1532, 796, 599, 244, 168
track:1533, 797, 601, 244, 168
track:1534, 815, 595, 256, 176
track:1535, 841, 600, 256, 176
track:1536, 866, 605, 244, 168
track:1537, 890, 606, 232, 160
track:1538, 889, 608, 232, 160
track:1539, 901, 606, 232, 160
track:1540, 920, 612, 221, 152
track:1541, 925, 617, 211, 145
track:1542, 927, 619, 211, 145
track:1543, 925, 618, 211, 145
track:1544, 918, 617, 221, 152
track:1545, 915, 614, 221, 152
track:1546, 919, 620, 211, 145
track:1547, 911, 628, 201, 138
track:1548, 905, 624, 211, 145
track:1549, 900, 626, 211, 145
track:1550, 891, 627, 211, 145
track:1551, 889, 630, 211, 145
track:1552, 881, 635, 201, 138
track:1553, 882, 636, 201, 138
track:1554, 880, 637, 201, 138
track:1555, 884, 639, 191, 132
track:1556, 883, 640, 191, 132
track:1557, 885, 642, 191, 132
track:1558, 884, 641, 191, 132
track:1559, 888, 642, 191, 132
track:1560, 893, 640, 191, 132
track:1561, 895, 641, 191, 132
track:1562, 896, 643, 191, 132
track:1563, 897, 643, 191, 132
track:1564, 897, 644, 191, 132
track:1565, 903, 648, 182, 125
track:1566, 901, 647, 182, 125
track:1567, 902, 648, 182, 125
track:1568, 901, 648, 182, 125
track:1569, 901, 649, 182, 125
track:1570, 901, 651, 173, 119
track:1571, 900, 651, 173, 119
track:1572, 902, 653, 165, 114
track:1573, 907, 657, 157, 108
track:1574, 905, 657, 157, 108
track:1575, 901, 658, 157, 108
track:1576, 899, 658, 157, 108
track:1577, 896, 656, 157, 108
track:1578, 899, 660, 150, 103
track:1579, 894, 657, 157, 108
track:1580, 889, 659, 157, 108
track:1581, 893, 661, 150, 103
init :1582, 904, 677, 138, 72
track:1583, 904, 677, 138, 72
track:1584, 904, 677, 138, 72
track:1585, 903, 678, 138, 72
track:1586, 902, 678, 138, 72
track:1587, 905, 680, 131, 69
track:1588, 904, 681, 131, 69
track:1589, 905, 681, 131, 69
track:1590, 904, 682, 131, 69
track:1591, 903, 681, 131, 69
track:1592, 902, 682, 131, 69
track:1593, 901, 682, 131, 69
track:1594, 900, 683, 131, 69
track:1595, 898, 683, 131, 69
track:1596, 900, 685, 125, 65
track:1599, 901, 688, 119, 62
track:1600, 898, 686, 125, 65
track:1601, 893, 686, 125, 65
track:1602, 891, 685, 125, 65
track:1603, 890, 685, 125, 65
track:1604, 885, 686, 125, 65
track:1605, 880, 683, 131, 69
track:1606, 876, 683, 131, 69
track:1607, 875, 684, 131, 69
track:1608, 878, 686, 125, 65
elapseTime: 16.221
