init :7, 821, 630, 235, 197
track:8, 821, 630, 235, 197
track:9, 822, 630, 235, 197
track:10, 821, 631, 235, 197
track:11, 823, 630, 235, 197
track:12, 823, 630, 235, 197
track:13, 824, 630, 235, 197
track:14, 824, 630, 235, 197
track:15, 824, 630, 235, 197
track:16, 825, 630, 235, 197
track:17, 826, 630, 235, 197
track:18, 825, 630, 235, 197
track:19, 825, 629, 235, 197
track:20, 821, 626, 247, 207
track:21, 820, 626, 247, 207
track:22, 827, 631, 235, 197
track:23, 828, 631, 235, 197
track:24, 827, 631, 235, 197
track:25, 828, 630, 235, 197
track:26, 829, 631, 235, 197
track:27, 829, 631, 235, 197
track:28, 829, 631, 235, 197
track:29, 829, 630, 235, 197
track:30, 829, 630, 235, 197
track:31, 830, 629, 235, 197
track:32, 831, 631, 235, 197
track:33, 829, 630, 235, 197
track:34, 830, 631, 235, 197
track:35, 830, 630, 235, 197
track:36, 830, 631, 235, 197
track:37, 829, 630, 235, 197
track:38, 831, 630, 235, 197
track:39, 830, 630, 235, 197
track:40, 830, 630, 235, 197
track:41, 831, 629, 235, 197
track:42, 830, 631, 235, 197
init :43, 826, 630, 240, 197
track:44, 826, 630, 240, 197
track:45, 826, 630, 240, 197
track:46, 826, 630, 240, 197
track:48, 827, 629, 240, 197
track:49, 826, 629, 240, 197
track:50, 827, 629, 240, 197
track:51, 827, 628, 240, 197
track:52, 827, 628, 240, 197
track:53, 827, 628, 240, 197
track:54, 827, 628, 240, 197
track:55, 827, 628, 240, 197
track:56, 827, 628, 240, 197
track:57, 827, 628, 240, 197
track:58, 827, 627, 240, 197
track:59, 827, 628, 240, 197
track:60, 827, 628, 240, 197
track:61, 827, 627, 240, 197
track:62, 826, 628, 240, 197
track:63, 826, 628, 240, 197
track:64, 826, 628, 240, 197
track:65, 826, 628, 240, 197
track:66, 825, 627, 240, 197
track:67, 825, 628, 240, 197
track:68, 825, 628, 240, 197
track:69, 825, 628, 240, 197
track:70, 825, 628, 240, 197
track:71, 825, 628, 240, 197
track:72, 824, 628, 240, 197
track:73, 824, 629, 240, 197
track:74, 825, 628, 240, 197
track:75, 824, 628, 240, 197
track:76, 824, 628, 240, 197
track:77, 824, 628, 240, 197
track:78, 824, 628, 240, 197
track:79, 824, 629, 240, 197
track:80, 825, 628, 240, 197
track:81, 825, 628, 240, 197
track:82, 825, 629, 240, 197
track:83, 825, 628, 240, 197
track:84, 824, 629, 240, 197
init :85, 826, 630, 240, 197
track:86, 826, 630, 240, 197
track:87, 826, 630, 240, 197
track:88, 826, 630, 240, 197
track:89, 827, 631, 240, 197
track:90, 827, 632, 240, 197
track:91, 827, 633, 240, 197
track:92, 831, 638, 229, 188
track:93, 826, 633, 240, 197
track:94, 832, 638, 229, 188
track:95, 832, 638, 229, 188
track:96, 833, 637, 229, 188
track:97, 828, 632, 240, 197
track:98, 828, 632, 240, 197
track:99, 827, 632, 240, 197
track:100, 829, 632, 240, 197
track:101, 829, 630, 240, 197
track:102, 830, 630, 240, 197
track:103, 831, 629, 240, 197
track:104, 831, 629, 240, 197
track:105, 831, 628, 240, 197
track:106, 832, 627, 240, 197
track:107, 833, 626, 240, 197
track:108, 833, 624, 240, 197
track:109, 832, 624, 240, 197
track:110, 834, 621, 240, 197
track:111, 835, 620, 240, 197
track:112, 835, 618, 240, 197
track:113, 835, 616, 240, 197
track:114, 835, 616, 240, 197
track:115, 836, 615, 240, 197
track:116, 843, 617, 229, 188
track:117, 845, 615, 229, 188
track:120, 845, 612, 229, 188
track:121, 852, 614, 218, 179
track:122, 853, 611, 218, 179
track:123, 853, 610, 218, 179
track:124, 853, 609, 218, 179
track:125, 851, 608, 218, 179
track:126, 849, 603, 218, 179
init :127, 858, 607, 184, 168
track:128, 858, 607, 184, 168
track:129, 858, 607, 184, 168
track:130, 857, 608, 184, 168
track:131, 857, 609, 184, 168
track:132, 860, 614, 184, 168
track:133, 861, 615, 184, 168
track:134, 856, 612, 193, 176
track:135, 856, 613, 193, 176
track:136, 857, 614, 193, 176
track:137, 857, 617, 193, 176
track:138, 859, 619, 193, 176
track:139, 865, 623, 184, 168
track:140, 869, 625, 175, 160
track:141, 869, 623, 175, 160
track:142, 867, 624, 175, 160
track:143, 866, 624, 175, 160
track:144, 865, 624, 175, 160
track:145, 863, 629, 175, 160
track:146, 861, 630, 175, 160
track:147, 862, 630, 175, 160
track:148, 863, 632, 175, 160
track:149, 863, 633, 175, 160
track:150, 863, 636, 175, 160
track:151, 863, 640, 175, 160
track:152, 864, 642, 175, 160
track:153, 864, 645, 175, 160
track:154, 864, 645, 175, 160
track:155, 865, 648, 175, 160
track:156, 865, 648, 175, 160
track:157, 867, 648, 175, 160
track:158, 866, 649, 175, 160
track:159, 867, 650, 175, 160
track:160, 866, 650, 175, 160
track:161, 864, 651, 175, 160
track:162, 867, 654, 167, 152
track:163, 865, 656, 167, 152
track:164, 865, 654, 167, 152
track:165, 865, 655, 167, 152
track:166, 866, 655, 167, 152
track:167, 865, 655, 167, 152
track:168, 865, 656, 167, 152
init :169, 863, 659, 166, 150
track:170, 863, 659, 166, 150
track:171, 866, 658, 166, 150
track:172, 868, 657, 166, 150
track:173, 867, 657, 166, 150
track:174, 866, 656, 166, 150
track:175, 864, 657, 166, 150
track:176, 862, 657, 166, 150
track:177, 862, 657, 166, 150
track:178, 864, 658, 166, 150
track:179, 864, 658, 166, 150
track:180, 865, 660, 166, 150
track:181, 866, 662, 166, 150
track:182, 866, 663, 166, 150
track:183, 868, 666, 166, 150
track:184, 870, 667, 166, 150
track:185, 871, 669, 166, 150
track:186, 870, 668, 166, 150
track:187, 866, 659, 166, 150
track:188, 865, 661, 158, 143
track:189, 866, 660, 158, 143
track:190, 859, 656, 166, 150
track:191, 858, 653, 166, 150
track:192, 858, 649, 166, 150
track:193, 857, 647, 166, 150
track:194, 857, 647, 166, 150
track:195, 859, 645, 166, 150
track:196, 859, 644, 166, 150
track:197, 859, 643, 166, 150
track:198, 857, 643, 166, 150
track:199, 857, 643, 166, 150
track:200, 855, 645, 166, 150
track:201, 853, 645, 166, 150
track:202, 850, 643, 166, 150
track:203, 851, 642, 166, 150
track:204, 852, 641, 166, 150
track:205, 853, 637, 166, 150
track:206, 854, 637, 166, 150
track:207, 851, 635, 166, 150
track:208, 850, 635, 166, 150
track:209, 848, 632, 166, 150
track:210, 847, 629, 166, 150
init :211, 849, 630, 152, 129
track:212, 848, 629, 152, 129
track:213, 849, 629, 152, 129
track:214, 849, 628, 152, 129
track:215, 850, 627, 152, 129
track:216, 850, 627, 152, 129
track:217, 850, 628, 152, 129
track:218, 850, 628, 152, 129
track:219, 849, 629, 152, 129
track:220, 849, 632, 152, 129
track:221, 850, 635, 152, 129
track:222, 853, 639, 145, 123
track:223, 853, 638, 145, 123
track:224, 852, 640, 145, 123
track:225, 853, 642, 145, 123
track:226, 853, 643, 145, 123
track:227, 853, 644, 145, 123
track:228, 852, 643, 145, 123
track:229, 853, 644, 145, 123
track:230, 853, 644, 145, 123
track:231, 855, 647, 138, 117
track:232, 854, 642, 138, 117
track:233, 854, 642, 138, 117
track:234, 853, 642, 138, 117
track:235, 856, 644, 131, 111
track:236, 857, 643, 131, 111
track:237, 859, 643, 131, 111
track:238, 859, 643, 131, 111
track:239, 860, 645, 131, 111
track:240, 861, 647, 131, 111
track:241, 862, 649, 131, 111
track:242, 863, 649, 131, 111
track:243, 862, 648, 131, 111
track:244, 862, 648, 131, 111
track:245, 865, 653, 125, 106
track:246, 865, 653, 125, 106
track:247, 865, 652, 125, 106
track:248, 865, 652, 125, 106
track:249, 865, 653, 125, 106
track:250, 865, 654, 125, 106
track:251, 866, 656, 125, 106
track:252, 866, 658, 125, 106
init :253, 867, 659, 120, 101
track:254, 868, 662, 120, 101
track:255, 869, 665, 120, 101
track:256, 868, 666, 120, 101
track:257, 870, 670, 120, 101
track:258, 870, 671, 120, 101
track:259, 871, 673, 120, 101
track:260, 871, 674, 120, 101
track:261, 871, 675, 120, 101
track:262, 871, 675, 120, 101
track:263, 871, 676, 120, 101
track:264, 871, 678, 120, 101
track:265, 871, 679, 120, 101
track:266, 871, 680, 120, 101
track:267, 871, 682, 120, 101
track:268, 870, 682, 120, 101
track:269, 870, 683, 120, 101
track:270, 871, 685, 120, 101
track:271, 872, 689, 120, 101
track:272, 873, 692, 120, 101
track:273, 873, 693, 120, 101
track:274, 873, 694, 120, 101
track:275, 870, 693, 126, 106
track:276, 871, 696, 126, 106
track:277, 873, 700, 126, 106
track:278, 870, 698, 132, 111
track:279, 868, 695, 139, 117
track:280, 870, 694, 139, 117
track:281, 871, 693, 139, 117
track:282, 869, 691, 146, 123
track:283, 868, 692, 146, 123
track:284, 870, 695, 146, 123
track:285, 872, 697, 146, 123
track:286, 874, 696, 146, 123
track:287, 875, 693, 146, 123
track:288, 873, 689, 153, 129
track:289, 869, 683, 161, 135
track:290, 866, 677, 169, 142
track:291, 866, 670, 169, 142
track:292, 866, 664, 169, 142
track:293, 867, 663, 169, 142
track:294, 868, 661, 169, 142
init :295, 867, 643, 184, 179
track:296, 868, 644, 184, 179
track:297, 867, 645, 184, 179
track:298, 867, 645, 184, 179
track:299, 861, 643, 193, 188
track:300, 858, 644, 193, 188
track:301, 851, 643, 203, 197
track:302, 850, 647, 203, 197
track:303, 845, 643, 213, 207
track:304, 843, 648, 213, 207
track:305, 836, 645, 224, 218
track:306, 837, 645, 224, 218
track:307, 829, 636, 235, 228
track:308, 830, 637, 235, 228
track:309, 831, 634, 235, 228
track:310, 822, 624, 247, 240
track:311, 823, 607, 247, 240
track:312, 829, 603, 235, 228
track:313, 833, 606, 224, 218
track:314, 835, 599, 224, 218
track:315, 834, 592, 224, 218
track:316, 838, 587, 213, 207
track:317, 842, 580, 213, 207
track:318, 841, 578, 213, 207
track:319, 844, 578, 213, 207
track:320, 851, 567, 213, 207
track:321, 853, 560, 213, 207
track:322, 857, 564, 203, 197
track:323, 858, 565, 203, 197
track:324, 856, 568, 203, 197
track:325, 854, 567, 203, 197
track:326, 858, 560, 193, 188
track:327, 857, 562, 193, 188
track:328, 857, 563, 193, 188
track:329, 854, 569, 193, 188
track:330, 852, 576, 193, 188
track:331, 850, 579, 193, 188
track:332, 848, 581, 193, 188
track:333, 849, 583, 193, 188
track:334, 848, 585, 193, 188
track:335, 848, 587, 193, 188
track:336, 847, 589, 193, 188
init :337, 853, 599, 184, 168
track:338, 853, 599, 184, 168
track:339, 853, 595, 184, 168
track:340, 854, 594, 184, 168
track:341, 854, 594, 184, 168
track:342, 855, 593, 184, 168
track:343, 855, 593, 184, 168
track:344, 854, 591, 184, 168
track:345, 860, 592, 175, 160
track:346, 860, 593, 175, 160
track:347, 859, 595, 175, 160
track:348, 859, 595, 175, 160
track:349, 864, 602, 167, 152
track:350, 867, 609, 159, 145
track:351, 868, 612, 159, 145
track:352, 872, 619, 151, 138
track:353, 873, 619, 151, 138
track:354, 872, 621, 151, 138
track:355, 872, 622, 151, 138
track:356, 872, 622, 151, 138
track:357, 871, 623, 151, 138
track:358, 870, 624, 151, 138
track:359, 874, 628, 144, 132
track:360, 876, 630, 137, 125
track:361, 875, 629, 137, 125
track:362, 875, 630, 137, 125
track:363, 874, 629, 137, 125
track:364, 874, 631, 137, 125
track:365, 873, 631, 137, 125
track:366, 872, 631, 137, 125
track:367, 872, 633, 137, 125
track:368, 872, 632, 137, 125
track:369, 871, 634, 137, 125
track:370, 870, 638, 137, 125
track:371, 870, 644, 137, 125
track:372, 870, 648, 137, 125
track:373, 869, 649, 137, 125
track:374, 869, 649, 137, 125
track:375, 867, 650, 137, 125
track:376, 864, 651, 137, 125
track:377, 866, 653, 131, 119
track:378, 866, 654, 131, 119
init :379, 867, 662, 115, 98
track:380, 867, 661, 115, 98
track:381, 867, 661, 115, 98
track:382, 865, 662, 115, 98
track:383, 864, 662, 115, 98
track:384, 864, 662, 115, 98
track:385, 863, 661, 115, 98
track:386, 863, 661, 115, 98
track:387, 862, 661, 115, 98
track:388, 863, 661, 115, 98
track:389, 862, 660, 115, 98
track:390, 862, 660, 115, 98
track:391, 862, 662, 115, 98
track:392, 862, 665, 115, 98
track:393, 863, 666, 115, 98
track:394, 862, 666, 115, 98
track:395, 864, 672, 115, 98
track:396, 864, 675, 115, 98
track:397, 866, 679, 115, 98
track:398, 869, 682, 110, 93
track:399, 870, 686, 110, 93
track:400, 874, 692, 104, 89
track:401, 875, 698, 104, 89
track:402, 876, 702, 104, 89
track:403, 876, 702, 104, 89
track:404, 876, 704, 104, 89
track:405, 877, 704, 104, 89
track:406, 877, 703, 104, 89
track:407, 879, 704, 104, 89
track:408, 879, 703, 104, 89
track:409, 879, 702, 104, 89
track:410, 879, 701, 104, 89
track:411, 880, 697, 104, 89
track:412, 881, 695, 104, 89
track:413, 881, 695, 104, 89
track:414, 881, 695, 104, 89
track:415, 881, 695, 104, 89
track:416, 882, 697, 104, 89
track:417, 882, 698, 104, 89
track:418, 882, 698, 104, 89
track:419, 882, 698, 104, 89
track:420, 880, 699, 104, 89
init :421, 876, 700, 110, 83
track:422, 876, 699, 110, 83
track:423, 876, 697, 110, 83
track:424, 876, 695, 110, 83
track:425, 876, 694, 110, 83
track:426, 875, 692, 110, 83
track:427, 874, 690, 110, 83
track:428, 873, 690, 110, 83
track:429, 873, 690, 110, 83
track:430, 873, 690, 110, 83
track:431, 873, 691, 110, 83
track:432, 872, 690, 110, 83
track:433, 872, 690, 110, 83
track:434, 871, 690, 110, 83
track:435, 870, 690, 110, 83
track:436, 869, 691, 110, 83
track:437, 869, 692, 110, 83
track:438, 869, 693, 110, 83
track:439, 870, 694, 110, 83
track:440, 868, 694, 115, 87
track:441, 868, 693, 115, 87
track:442, 866, 691, 121, 92
track:443, 867, 691, 121, 92
track:444, 867, 692, 121, 92
track:445, 866, 692, 121, 92
track:446, 867, 694, 121, 92
track:447, 867, 692, 121, 92
track:448, 867, 693, 121, 92
track:449, 867, 691, 121, 92
track:450, 868, 691, 121, 92
track:451, 867, 692, 121, 92
track:452, 869, 694, 121, 92
track:453, 869, 694, 121, 92
track:454, 870, 694, 121, 92
track:455, 871, 695, 121, 92
track:456, 872, 695, 121, 92
track:457, 871, 695, 121, 92
track:458, 871, 695, 121, 92
track:459, 870, 694, 121, 92
track:460, 871, 692, 121, 92
track:461, 871, 692, 121, 92
track:462, 871, 691, 121, 92
init :463, 867, 687, 124, 101
track:464, 866, 685, 124, 101
track:465, 866, 682, 124, 101
track:466, 867, 683, 124, 101
track:467, 867, 683, 124, 101
track:468, 866, 684, 124, 101
track:469, 866, 685, 124, 101
track:470, 868, 687, 124, 101
track:471, 866, 684, 130, 106
track:472, 866, 684, 130, 106
track:473, 867, 687, 130, 106
track:474, 867, 689, 130, 106
track:475, 869, 689, 130, 106
track:476, 867, 686, 137, 111
track:477, 864, 683, 144, 117
track:478, 866, 682, 144, 117
track:479, 867, 679, 144, 117
track:480, 866, 671, 151, 123
track:481, 868, 667, 151, 123
track:482, 868, 666, 151, 123
track:483, 870, 658, 151, 123
track:484, 873, 657, 151, 123
track:485, 877, 658, 144, 117
track:486, 878, 663, 144, 117
track:487, 878, 663, 144, 117
track:488, 876, 667, 144, 117
track:490, 871, 667, 151, 123
track:491, 867, 669, 151, 123
track:492, 867, 669, 151, 123
track:493, 861, 667, 158, 129
track:494, 860, 666, 158, 129
track:495, 857, 658, 158, 129
track:496, 851, 652, 166, 135
track:497, 850, 651, 166, 135
track:498, 845, 646, 174, 142
track:499, 848, 645, 166, 135
track:500, 847, 641, 166, 135
track:501, 847, 636, 166, 135
track:502, 847, 636, 166, 135
track:503, 847, 633, 166, 135
track:504, 847, 632, 166, 135
init :505, 853, 630, 156, 140
track:506, 852, 630, 156, 140
track:507, 853, 630, 156, 140
track:508, 848, 625, 164, 147
track:509, 848, 622, 164, 147
track:510, 848, 620, 164, 147
track:511, 848, 618, 164, 147
track:512, 851, 620, 156, 140
track:513, 851, 619, 156, 140
track:514, 851, 621, 156, 140
track:515, 852, 622, 156, 140
track:516, 851, 621, 156, 140
track:517, 855, 624, 149, 133
track:518, 855, 621, 149, 133
track:519, 855, 620, 149, 133
track:520, 855, 619, 149, 133
track:521, 855, 618, 149, 133
track:522, 856, 618, 149, 133
track:523, 858, 623, 141, 127
track:524, 859, 625, 141, 127
track:525, 861, 627, 141, 127
track:526, 862, 627, 141, 127
track:527, 866, 631, 135, 121
track:528, 866, 630, 135, 121
track:529, 865, 629, 135, 121
track:530, 870, 630, 128, 115
track:531, 869, 629, 128, 115
track:532, 870, 628, 128, 115
track:533, 872, 629, 128, 115
track:534, 872, 630, 128, 115
track:535, 872, 631, 128, 115
track:536, 875, 636, 122, 110
track:537, 875, 636, 122, 110
track:538, 876, 638, 122, 110
track:539, 877, 639, 122, 110
track:540, 880, 641, 116, 104
track:543, 881, 645, 111, 99
track:544, 879, 645, 111, 99
track:546, 878, 651, 111, 99
init :547, 872, 656, 115, 83
track:548, 871, 658, 115, 83
track:549, 871, 661, 115, 83
track:550, 870, 663, 115, 83
track:551, 868, 664, 115, 83
track:552, 868, 664, 115, 83
track:553, 868, 664, 115, 83
track:554, 868, 664, 115, 83
track:555, 867, 665, 115, 83
track:556, 867, 665, 115, 83
track:557, 867, 665, 115, 83
track:558, 869, 671, 110, 79
track:559, 871, 675, 104, 75
track:560, 871, 678, 104, 75
track:561, 871, 682, 104, 75
track:562, 871, 682, 104, 75
track:563, 871, 684, 104, 75
track:564, 871, 686, 104, 75
track:565, 871, 687, 104, 75
track:566, 871, 689, 104, 75
track:567, 870, 690, 104, 75
track:568, 872, 692, 104, 75
track:569, 873, 693, 104, 75
track:570, 872, 696, 104, 75
track:571, 872, 698, 104, 75
track:572, 872, 699, 104, 75
track:573, 873, 701, 104, 75
track:574, 874, 702, 104, 75
track:575, 875, 702, 104, 75
track:576, 874, 700, 104, 75
track:577, 873, 700, 104, 75
track:578, 873, 697, 104, 75
track:579, 873, 695, 104, 75
track:580, 874, 695, 104, 75
track:581, 875, 696, 104, 75
track:582, 876, 696, 104, 75
track:583, 874, 698, 104, 75
track:584, 874, 699, 104, 75
track:585, 874, 700, 104, 75
track:586, 873, 700, 104, 75
track:587, 874, 701, 104, 75
track:588, 874, 700, 104, 75
init :589, 876, 698, 106, 83
track:590, 875, 698, 106, 83
track:591, 874, 699, 106, 83
track:592, 874, 699, 106, 83
track:593, 873, 698, 106, 83
track:594, 873, 696, 106, 83
track:595, 871, 686, 111, 87
track:596, 870, 682, 111, 87
track:597, 869, 683, 111, 87
track:598, 867, 677, 117, 92
track:599, 866, 670, 117, 92
track:600, 866, 667, 117, 92
track:601, 867, 666, 117, 92
track:602, 867, 666, 117, 92
track:603, 867, 665, 117, 92
track:604, 865, 661, 117, 92
track:605, 866, 658, 117, 92
track:606, 865, 657, 117, 92
track:607, 866, 657, 117, 92
track:608, 867, 657, 117, 92
track:609, 867, 656, 117, 92
track:610, 866, 658, 117, 92
track:611, 866, 661, 117, 92
track:612, 867, 662, 117, 92
track:613, 866, 665, 117, 92
track:614, 867, 666, 117, 92
track:615, 867, 668, 117, 92
track:616, 866, 671, 117, 92
track:617, 866, 672, 117, 92
track:618, 863, 669, 123, 96
track:619, 864, 668, 123, 96
track:620, 864, 667, 123, 96
track:621, 865, 666, 123, 96
track:622, 865, 666, 123, 96
track:623, 864, 666, 123, 96
track:624, 864, 664, 123, 96
track:625, 864, 664, 123, 96
track:626, 865, 665, 123, 96
track:627, 865, 665, 123, 96
track:628, 865, 666, 123, 96
track:629, 865, 666, 123, 96
track:630, 862, 662, 129, 101
init :631, 858, 656, 143, 114
track:632, 858, 656, 143, 114
track:633, 860, 660, 143, 114
track:634, 857, 662, 150, 120
track:635, 857, 664, 150, 120
track:636, 859, 665, 150, 120
track:637, 859, 666, 150, 120
track:638, 860, 667, 150, 120
track:639, 861, 667, 150, 120
track:640, 862, 666, 150, 120
track:641, 861, 665, 150, 120
track:642, 861, 664, 150, 120
track:643, 861, 663, 150, 120
track:644, 862, 662, 150, 120
track:645, 864, 654, 143, 114
track:646, 866, 653, 143, 114
track:647, 865, 652, 143, 114
track:648, 866, 652, 143, 114
track:649, 865, 652, 143, 114
track:650, 867, 653, 143, 114
track:651, 869, 652, 143, 114
track:652, 870, 651, 143, 114
track:653, 871, 651, 143, 114
track:654, 871, 652, 143, 114
track:655, 871, 657, 143, 114
track:656, 873, 660, 143, 114
track:657, 873, 660, 143, 114
track:658, 875, 663, 143, 114
track:659, 872, 659, 150, 120
track:660, 872, 659, 150, 120
track:661, 872, 658, 150, 120
track:662, 872, 658, 150, 120
track:663, 874, 658, 150, 120
track:664, 875, 657, 150, 120
track:665, 876, 655, 150, 120
track:666, 876, 653, 150, 120
track:667, 876, 653, 150, 120
track:668, 877, 651, 150, 120
track:669, 877, 650, 150, 120
track:670, 877, 650, 150, 120
track:671, 875, 650, 150, 120
track:672, 875, 650, 150, 120
init :673, 872, 651, 143, 116
track:674, 871, 650, 143, 116
track:675, 870, 650, 143, 116
track:676, 870, 651, 143, 116
track:677, 870, 651, 143, 116
track:678, 868, 653, 143, 116
track:679, 867, 663, 143, 116
track:680, 868, 670, 143, 116
track:681, 868, 672, 143, 116
track:682, 868, 673, 143, 116
track:683, 866, 672, 143, 116
track:684, 865, 671, 143, 116
track:685, 865, 673, 143, 116
track:686, 865, 675, 143, 116
track:687, 865, 676, 143, 116
track:688, 865, 675, 143, 116
track:689, 860, 671, 150, 122
track:690, 859, 670, 150, 122
track:691, 858, 668, 150, 122
track:692, 858, 667, 150, 122
track:693, 858, 666, 150, 122
track:694, 858, 666, 150, 122
track:695, 858, 665, 150, 122
track:696, 853, 661, 158, 128
track:697, 853, 660, 158, 128
track:698, 851, 659, 158, 128
track:699, 848, 659, 158, 128
track:700, 849, 660, 158, 128
track:701, 848, 662, 158, 128
track:702, 849, 662, 158, 128
track:703, 849, 665, 158, 128
track:704, 847, 671, 158, 128
track:705, 847, 675, 158, 128
track:706, 845, 676, 158, 128
track:707, 846, 677, 158, 128
track:708, 844, 679, 158, 128
track:709, 844, 679, 158, 128
track:710, 845, 678, 158, 128
track:711, 845, 677, 158, 128
track:712, 844, 674, 158, 128
track:713, 844, 673, 158, 128
track:714, 844, 673, 158, 128
init :715, 853, 675, 147, 119
track:716, 853, 675, 147, 119
track:717, 853, 677, 147, 119
track:718, 854, 677, 147, 119
track:719, 855, 678, 147, 119
track:720, 855, 678, 147, 119
track:721, 855, 678, 147, 119
track:722, 856, 679, 147, 119
track:723, 856, 678, 147, 119
track:724, 855, 675, 147, 119
track:725, 856, 671, 147, 119
track:726, 857, 670, 147, 119
track:727, 857, 668, 147, 119
track:728, 854, 663, 154, 125
track:729, 855, 657, 154, 125
track:730, 856, 655, 154, 125
track:731, 856, 655, 154, 125
track:732, 856, 655, 154, 125
track:733, 855, 654, 154, 125
track:734, 853, 647, 162, 131
track:735, 858, 645, 154, 125
track:736, 857, 645, 154, 125
track:737, 855, 640, 162, 131
track:738, 854, 638, 162, 131
track:739, 853, 640, 162, 131
track:740, 854, 641, 162, 131
track:741, 855, 641, 162, 131
track:742, 855, 642, 162, 131
track:743, 853, 643, 162, 131
track:744, 852, 642, 162, 131
track:745, 853, 640, 162, 131
track:746, 853, 640, 162, 131
track:747, 854, 639, 162, 131
track:748, 858, 631, 154, 125
track:749, 856, 627, 154, 125
track:750, 855, 625, 154, 125
track:751, 854, 626, 154, 125
track:752, 854, 628, 154, 125
track:753, 855, 629, 154, 125
track:754, 857, 629, 154, 125
track:755, 860, 629, 154, 125
track:756, 860, 628, 154, 125
init :757, 853, 633, 161, 111
track:758, 852, 632, 161, 111
track:759, 852, 635, 161, 111
track:760, 851, 638, 161, 111
track:761, 852, 639, 161, 111
track:762, 854, 640, 161, 111
track:763, 858, 639, 161, 111
track:764, 858, 639, 161, 111
track:765, 856, 640, 161, 111
track:766, 856, 640, 161, 111
track:767, 855, 640, 161, 111
track:768, 855, 642, 161, 111
track:769, 856, 643, 161, 111
track:770, 858, 653, 161, 111
track:771, 859, 653, 161, 111
track:772, 860, 653, 161, 111
track:773, 864, 654, 153, 106
track:774, 866, 653, 153, 106
track:775, 866, 654, 153, 106
track:776, 867, 653, 153, 106
track:777, 867, 652, 153, 106
track:778, 868, 652, 153, 106
track:779, 869, 652, 153, 106
track:780, 869, 653, 153, 106
track:781, 869, 653, 153, 106
track:782, 869, 653, 153, 106
track:783, 869, 652, 153, 106
track:784, 873, 653, 146, 101
track:785, 872, 653, 146, 101
track:786, 872, 653, 146, 101
track:787, 871, 655, 146, 101
track:788, 874, 657, 139, 96
track:789, 873, 658, 139, 96
track:790, 873, 657, 139, 96
track:791, 873, 657, 139, 96
track:792, 872, 656, 139, 96
track:793, 872, 658, 139, 96
track:794, 872, 659, 139, 96
track:795, 872, 663, 139, 96
track:796, 873, 663, 139, 96
track:797, 873, 663, 139, 96
track:798, 873, 662, 139, 96
init :799, 876, 656, 133, 106
track:800, 875, 657, 133, 106
track:801, 875, 658, 133, 106
track:802, 875, 659, 133, 106
track:803, 874, 659, 133, 106
track:804, 875, 661, 133, 106
track:805, 874, 660, 133, 106
track:806, 874, 660, 133, 106
track:807, 873, 660, 133, 106
track:808, 872, 661, 133, 106
track:809, 872, 662, 133, 106
track:810, 874, 664, 133, 106
track:811, 873, 665, 133, 106
track:812, 872, 667, 133, 106
track:813, 871, 667, 133, 106
track:814, 869, 667, 133, 106
track:815, 867, 667, 133, 106
track:816, 868, 667, 133, 106
track:817, 867, 669, 133, 106
track:818, 867, 674, 133, 106
track:819, 866, 677, 133, 106
track:820, 865, 688, 133, 106
track:821, 865, 688, 133, 106
track:822, 860, 687, 140, 111
track:823, 860, 686, 140, 111
track:824, 856, 682, 147, 117
track:825, 855, 682, 147, 117
track:826, 851, 680, 154, 123
track:827, 851, 684, 154, 123
track:828, 850, 689, 154, 123
track:829, 853, 691, 154, 123
track:830, 854, 692, 154, 123
track:831, 854, 693, 154, 123
track:832, 854, 694, 154, 123
track:833, 858, 692, 154, 123
track:834, 859, 685, 154, 123
track:835, 855, 674, 162, 129
track:836, 855, 675, 162, 129
track:837, 854, 667, 162, 129
track:838, 853, 666, 162, 129
track:839, 851, 663, 162, 129
track:840, 845, 654, 170, 135
init :841, 840, 646, 180, 163
track:842, 839, 645, 180, 163
track:843, 837, 643, 180, 163
track:844, 836, 639, 180, 163
track:845, 831, 625, 180, 163
track:846, 831, 625, 180, 163
track:847, 830, 621, 180, 163
track:848, 829, 613, 180, 163
track:849, 829, 612, 180, 163
track:850, 823, 607, 189, 171
track:851, 823, 607, 189, 171
track:852, 822, 598, 198, 180
track:853, 825, 594, 198, 180
track:854, 827, 595, 198, 180
track:855, 822, 593, 208, 189
track:856, 823, 594, 208, 189
track:857, 827, 600, 198, 180
track:858, 828, 597, 198, 180
track:859, 829, 594, 198, 180
track:860, 829, 591, 198, 180
track:861, 829, 592, 198, 180
track:862, 829, 593, 198, 180
track:863, 830, 597, 198, 180
track:864, 831, 603, 198, 180
track:865, 831, 609, 198, 180
track:866, 830, 610, 198, 180
track:867, 835, 618, 189, 171
track:868, 840, 625, 180, 163
track:869, 841, 626, 180, 163
track:870, 841, 630, 180, 163
track:871, 841, 631, 180, 163
track:872, 842, 630, 180, 163
track:873, 842, 631, 180, 163
track:874, 848, 635, 171, 155
track:875, 853, 639, 163, 148
track:876, 852, 638, 163, 148
track:877, 853, 639, 163, 148
track:878, 855, 639, 163, 148
track:879, 856, 638, 163, 148
track:880, 857, 638, 163, 148
track:881, 857, 638, 163, 148
track:882, 857, 637, 163, 148
init :883, 867, 646, 143, 124
track:884, 869, 646, 143, 124
track:885, 870, 646, 143, 124
track:886, 871, 646, 143, 124
track:887, 872, 648, 143, 124
track:888, 873, 648, 143, 124
track:889, 874, 647, 143, 124
track:890, 875, 646, 143, 124
track:891, 876, 646, 143, 124
track:892, 881, 648, 136, 118
track:893, 882, 646, 136, 118
track:894, 885, 648, 130, 112
track:895, 886, 648, 130, 112
track:896, 886, 648, 130, 112
track:897, 886, 648, 130, 112
track:898, 884, 647, 130, 112
track:899, 882, 647, 130, 112
track:900, 885, 651, 124, 107
track:901, 884, 651, 124, 107
track:902, 884, 652, 124, 107
track:903, 882, 653, 124, 107
track:904, 882, 653, 124, 107
track:905, 883, 653, 124, 107
track:906, 883, 653, 124, 107
track:907, 908, 640, 124, 107
track:908, 915, 638, 124, 107
track:909, 919, 646, 118, 102
track:910, 922, 657, 112, 97
track:911, 921, 658, 112, 97
track:912, 924, 661, 112, 97
track:913, 927, 668, 107, 93
track:914, 925, 667, 112, 97
track:915, 923, 671, 112, 97
track:916, 926, 671, 112, 97
track:917, 927, 674, 112, 97
track:918, 927, 675, 112, 97
track:919, 928, 675, 112, 97
track:920, 929, 679, 107, 93
track:921, 927, 677, 107, 93
track:922, 924, 678, 107, 93
track:923, 917, 678, 107, 93
track:924, 915, 678, 102, 88
init :925, 780, 581, 300, 254
track:926, 780, 581, 300, 254
track:927, 779, 582, 300, 254
track:928, 773, 582, 300, 254
track:929, 770, 581, 300, 254
track:930, 767, 578, 300, 254
track:931, 765, 580, 300, 254
track:932, 765, 577, 300, 254
track:933, 763, 575, 300, 254
track:934, 764, 573, 300, 254
track:935, 764, 571, 300, 254
track:936, 764, 571, 300, 254
track:937, 763, 568, 300, 254
track:938, 765, 566, 300, 254
track:939, 765, 562, 300, 254
track:940, 770, 570, 286, 242
track:941, 771, 569, 286, 242
track:942, 771, 566, 286, 242
track:943, 767, 566, 286, 242
track:944, 765, 566, 286, 242
track:945, 767, 566, 286, 242
track:946, 773, 571, 272, 230
track:947, 769, 572, 272, 230
track:948, 765, 573, 272, 230
track:949, 763, 575, 272, 230
track:950, 758, 577, 272, 230
track:951, 758, 578, 272, 230
track:952, 754, 578, 272, 230
track:953, 751, 579, 272, 230
track:954, 752, 581, 272, 230
track:955, 749, 581, 272, 230
track:956, 748, 581, 272, 230
track:957, 748, 584, 272, 230
track:958, 745, 584, 272, 230
track:959, 743, 585, 272, 230
track:960, 745, 584, 272, 230
track:961, 745, 585, 272, 230
track:962, 743, 587, 272, 230
track:963, 737, 589, 272, 230
track:964, 734, 589, 272, 230
track:965, 736, 589, 272, 230
track:966, 731, 591, 272, 230
init :967, 724, 586, 415, 241
track:968, 721, 586, 415, 241
track:969, 719, 586, 415, 241
track:970, 719, 585, 415, 241
track:971, 716, 586, 415, 241
track:972, 710, 584, 415, 241
track:973, 698, 578, 436, 253
track:974, 693, 580, 436, 253
track:975, 692, 579, 436, 253
track:976, 691, 580, 436, 253
track:977, 688, 581, 436, 253
track:978, 687, 581, 436, 253
track:979, 687, 583, 436, 253
track:980, 695, 590, 415, 241
track:981, 696, 589, 415, 241
track:982, 696, 590, 415, 241
track:983, 699, 591, 415, 241
track:984, 696, 593, 415, 241
track:985, 699, 594, 415, 241
track:986, 701, 595, 415, 241
track:987, 692, 587, 436, 253
track:988, 682, 581, 458, 266
track:989, 689, 582, 458, 266
track:990, 688, 580, 458, 266
track:991, 687, 581, 458, 266
track:992, 680, 574, 480, 279
track:993, 690, 579, 458, 266
track:994, 690, 578, 458, 266
track:995, 691, 577, 458, 266
track:996, 694, 575, 458, 266
track:997, 696, 575, 458, 266
track:998, 694, 572, 458, 266
track:999, 702, 571, 458, 266
track:1000, 700, 570, 458, 266
track:1001, 704, 568, 458, 266
track:1002, 712, 565, 458, 266
track:1003, 723, 559, 458, 266
track:1004, 720, 559, 458, 266
track:1005, 729, 562, 436, 253
track:1006, 742, 565, 415, 241
track:1007, 745, 568, 395, 230
track:1008, 749, 565, 395, 230
init :1009, 761, 573, 489, 199
track:1010, 761, 573, 489, 199
track:1011, 771, 578, 466, 190
track:1012, 768, 577, 466, 190
track:1013, 761, 578, 466, 190
track:1014, 757, 578, 466, 190
track:1015, 757, 577, 466, 190
track:1016, 753, 576, 466, 190
track:1017, 751, 575, 466, 190
track:1018, 747, 576, 466, 190
track:1019, 731, 571, 489, 199
track:1020, 729, 569, 489, 199
track:1021, 731, 570, 489, 199
track:1022, 742, 574, 466, 190
track:1023, 740, 574, 466, 190
track:1024, 736, 575, 466, 190
track:1025, 738, 575, 466, 190
track:1026, 736, 575, 466, 190
track:1027, 731, 577, 466, 190
track:1028, 740, 579, 444, 180
track:1029, 736, 579, 444, 180
track:1030, 731, 580, 444, 180
track:1031, 728, 581, 444, 180
track:1032, 726, 584, 444, 180
track:1033, 722, 585, 444, 180
track:1034, 719, 586, 444, 180
track:1035, 717, 588, 444, 180
track:1036, 714, 589, 444, 180
track:1037, 713, 592, 444, 180
track:1038, 710, 595, 444, 180
track:1039, 714, 598, 444, 180
track:1040, 712, 600, 444, 180
track:1041, 712, 601, 444, 180
track:1042, 716, 607, 422, 172
track:1043, 714, 607, 422, 172
track:1044, 717, 608, 422, 172
track:1045, 716, 610, 422, 172
track:1046, 723, 615, 402, 164
track:1047, 728, 616, 402, 164
track:1048, 724, 614, 422, 172
track:1049, 730, 612, 422, 172
track:1050, 733, 610, 422, 172
init :1051, 756, 610, 452, 150
track:1052, 761, 607, 452, 150
track:1053, 768, 607, 452, 150
track:1054, 773, 608, 452, 150
track:1055, 777, 608, 452, 150
track:1056, 780, 607, 452, 150
track:1057, 785, 608, 452, 150
track:1058, 788, 609, 452, 150
track:1059, 790, 610, 452, 150
track:1060, 789, 611, 452, 150
track:1061, 781, 608, 475, 158
track:1062, 766, 604, 498, 165
track:1063, 777, 609, 475, 158
track:1064, 773, 608, 475, 158
track:1065, 782, 612, 452, 150
track:1066, 776, 611, 452, 150
track:1067, 767, 611, 452, 150
track:1068, 762, 613, 452, 150
track:1069, 751, 613, 452, 150
track:1070, 751, 612, 452, 150
track:1071, 732, 610, 475, 158
track:1072, 715, 610, 475, 158
track:1073, 693, 605, 498, 165
track:1074, 681, 605, 498, 165
track:1075, 673, 604, 498, 165
track:1076, 664, 605, 498, 165
track:1077, 655, 607, 498, 165
track:1078, 639, 607, 498, 165
track:1079, 629, 606, 498, 165
track:1080, 640, 610, 475, 158
track:1081, 631, 609, 475, 158
track:1082, 639, 614, 452, 150
track:1083, 646, 619, 430, 143
track:1084, 644, 621, 430, 143
track:1085, 640, 621, 430, 143
track:1086, 646, 622, 410, 136
track:1087, 644, 621, 410, 136
track:1088, 642, 620, 410, 136
track:1089, 638, 620, 410, 136
track:1090, 644, 622, 390, 130
track:1091, 653, 625, 372, 123
track:1092, 650, 623, 372, 123
init :1093, 673, 628, 456, 140
track:1094, 673, 628, 456, 140
track:1095, 673, 628, 456, 140
track:1096, 675, 629, 456, 140
track:1097, 679, 629, 456, 140
track:1098, 680, 631, 456, 140
track:1099, 681, 631, 456, 140
track:1100, 683, 631, 456, 140
track:1101, 672, 627, 479, 147
track:1102, 684, 629, 456, 140
track:1103, 680, 629, 456, 140
track:1104, 685, 629, 456, 140
track:1105, 683, 631, 456, 140
track:1106, 684, 631, 456, 140
track:1107, 690, 632, 456, 140
track:1108, 687, 634, 456, 140
track:1109, 678, 635, 456, 140
track:1110, 680, 636, 456, 140
track:1111, 674, 637, 456, 140
track:1112, 657, 632, 479, 147
track:1113, 665, 636, 456, 140
track:1114, 664, 636, 456, 140
track:1115, 663, 636, 456, 140
track:1116, 658, 637, 456, 140
track:1117, 649, 638, 456, 140
track:1118, 678, 641, 434, 133
track:1119, 676, 644, 434, 133
track:1120, 677, 645, 414, 127
track:1121, 672, 641, 434, 133
track:1122, 661, 640, 456, 140
track:1123, 663, 642, 456, 140
track:1124, 661, 641, 456, 140
track:1125, 654, 642, 456, 140
track:1126, 652, 643, 456, 140
track:1127, 653, 646, 456, 140
track:1128, 786, 650, 456, 140
track:1129, 788, 658, 434, 133
track:1130, 663, 653, 434, 133
track:1131, 791, 655, 434, 133
track:1132, 802, 662, 414, 127
track:1133, 811, 667, 394, 121
track:1134, 797, 666, 414, 127
init :1135, 803, 630, 276, 179
track:1136, 803, 631, 276, 179
track:1137, 805, 628, 276, 179
track:1138, 804, 627, 276, 179
track:1139, 799, 628, 276, 179
track:1140, 797, 629, 276, 179
track:1141, 791, 630, 276, 179
track:1142, 785, 631, 276, 179
track:1143, 777, 631, 276, 179
track:1144, 757, 631, 276, 179
track:1145, 766, 638, 263, 170
track:1146, 761, 637, 263, 170
track:1147, 751, 638, 263, 170
track:1148, 745, 635, 276, 179
track:1149, 748, 639, 263, 170
track:1150, 747, 639, 263, 170
track:1151, 744, 641, 263, 170
track:1152, 733, 638, 276, 179
track:1153, 733, 641, 276, 179
track:1154, 730, 638, 276, 179
track:1155, 728, 637, 276, 179
track:1156, 733, 643, 276, 179
track:1157, 732, 640, 276, 179
track:1158, 733, 639, 276, 179
track:1159, 740, 639, 276, 179
track:1160, 744, 638, 276, 179
track:1161, 743, 637, 276, 179
track:1162, 753, 637, 276, 179
track:1163, 752, 638, 276, 179
track:1164, 751, 638, 276, 179
track:1165, 750, 638, 276, 179
track:1166, 749, 639, 276, 179
track:1167, 753, 639, 276, 179
track:1168, 747, 637, 276, 179
track:1169, 736, 636, 276, 179
track:1170, 740, 637, 276, 179
track:1171, 746, 642, 263, 170
track:1172, 740, 641, 263, 170
track:1173, 736, 640, 263, 170
track:1174, 745, 644, 250, 162
track:1175, 738, 639, 263, 170
track:1176, 722, 639, 263, 170
init :1177, 761, 638, 369, 155
track:1178, 772, 641, 351, 148
track:1179, 768, 636, 369, 155
track:1180, 767, 635, 369, 155
track:1181, 770, 634, 369, 155
track:1182, 763, 628, 387, 163
track:1183, 777, 632, 369, 155
track:1184, 775, 630, 369, 155
track:1185, 786, 634, 351, 148
track:1186, 787, 632, 351, 148
track:1187, 790, 630, 351, 148
track:1188, 789, 629, 351, 148
track:1189, 788, 626, 351, 148
track:1190, 786, 623, 369, 155
track:1191, 787, 624, 369, 155
track:1192, 783, 623, 369, 155
track:1193, 778, 619, 369, 155
track:1194, 780, 618, 369, 155
track:1195, 778, 617, 369, 155
track:1196, 782, 618, 369, 155
track:1197, 772, 612, 369, 155
track:1198, 781, 616, 351, 148
track:1199, 775, 616, 351, 148
track:1200, 776, 615, 351, 148
track:1201, 783, 614, 351, 148
track:1202, 794, 614, 351, 148
track:1203, 793, 612, 351, 148
track:1204, 797, 615, 335, 141
track:1205, 803, 616, 335, 141
track:1206, 799, 617, 335, 141
track:1207, 817, 623, 319, 134
track:1208, 825, 621, 319, 134
track:1209, 821, 621, 319, 134
track:1210, 836, 623, 319, 134
track:1211, 834, 625, 319, 134
track:1212, 829, 625, 319, 134
track:1213, 837, 629, 319, 134
track:1214, 829, 627, 335, 141
track:1215, 824, 626, 335, 141
track:1216, 835, 626, 335, 141
track:1217, 834, 626, 335, 141
track:1218, 823, 626, 335, 141
init :1219, 876, 649, 318, 101
track:1220, 874, 649, 318, 101
track:1221, 879, 653, 303, 96
track:1222, 878, 653, 303, 96
track:1223, 883, 658, 288, 92
track:1224, 883, 658, 288, 92
track:1225, 885, 659, 288, 92
track:1226, 884, 660, 288, 92
track:1227, 883, 660, 288, 92
track:1228, 882, 660, 288, 92
track:1229, 880, 661, 288, 92
track:1230, 889, 664, 275, 87
track:1231, 888, 664, 275, 87
track:1232, 896, 667, 262, 83
track:1233, 893, 667, 262, 83
track:1234, 899, 669, 249, 79
track:1235, 893, 670, 249, 79
track:1236, 892, 669, 249, 79
track:1237, 887, 669, 249, 79
track:1238, 895, 673, 237, 75
track:1239, 898, 674, 226, 72
track:1240, 903, 673, 226, 72
track:1241, 904, 673, 226, 72
track:1242, 901, 674, 226, 72
track:1243, 897, 673, 226, 72
track:1244, 900, 674, 226, 72
track:1245, 901, 676, 226, 72
track:1246, 902, 678, 215, 68
track:1247, 901, 680, 215, 68
track:1248, 904, 683, 205, 65
track:1249, 963, 680, 215, 68
track:1250, 962, 679, 215, 68
track:1251, 960, 679, 215, 68
track:1252, 954, 677, 215, 68
track:1253, 947, 676, 215, 68
track:1254, 947, 675, 215, 68
track:1255, 934, 674, 215, 68
track:1256, 935, 674, 205, 65
track:1257, 928, 671, 215, 68
track:1258, 915, 669, 226, 72
track:1259, 916, 670, 226, 72
track:1260, 914, 670, 226, 72
init :1261, 793, 589, 73, 51
track:1262, 820, 590, 73, 51
track:1263, 846, 588, 77, 54
track:1264, 847, 588, 77, 54
track:1265, 861, 589, 77, 54
track:1266, 894, 589, 77, 54
track:1267, 918, 589, 77, 54
track:1268, 917, 583, 73, 51
track:1269, 919, 584, 70, 49
track:1270, 940, 586, 70, 49
track:1271, 954, 584, 66, 46
track:1272, 969, 582, 66, 46
track:1273, 971, 587, 66, 46
track:1274, 949, 582, 66, 46
track:1275, 942, 589, 66, 46
track:1276, 950, 593, 66, 46
track:1277, 954, 592, 70, 49
track:1278, 963, 587, 70, 49
track:1279, 962, 588, 70, 49
track:1280, 977, 588, 70, 49
track:1281, 988, 589, 73, 51
track:1282, 965, 588, 77, 54
track:1283, 963, 588, 77, 54
track:1284, 960, 588, 80, 56
track:1285, 951, 586, 85, 59
track:1286, 931, 586, 85, 59
track:1287, 924, 587, 85, 59
track:1288, 930, 589, 80, 56
track:1289, 930, 593, 77, 54
track:1290, 946, 595, 73, 51
track:1291, 959, 597, 73, 51
track:1292, 949, 596, 73, 51
track:1293, 957, 599, 70, 49
track:1294, 956, 596, 73, 51
track:1295, 973, 599, 77, 54
track:1296, 983, 603, 80, 56
track:1297, 1002, 610, 80, 56
track:1298, 1015, 610, 80, 56
track:1299, 1017, 611, 77, 54
track:1300, 1023, 612, 77, 54
track:1301, 1022, 610, 77, 54
track:1302, 1028, 611, 77, 54
init :1303, 863, 662, 152, 64
track:1304, 863, 662, 152, 64
track:1305, 863, 662, 152, 64
track:1306, 865, 663, 152, 64
track:1307, 866, 663, 152, 64
track:1308, 866, 664, 152, 64
track:1309, 870, 666, 145, 61
track:1310, 871, 666, 145, 61
track:1311, 871, 666, 145, 61
track:1312, 872, 667, 145, 61
track:1313, 870, 667, 145, 61
track:1314, 871, 667, 145, 61
track:1315, 870, 668, 145, 61
track:1316, 864, 667, 152, 64
track:1317, 863, 667, 152, 64
track:1318, 861, 668, 152, 64
track:1319, 860, 668, 152, 64
track:1320, 860, 668, 152, 64
track:1321, 859, 668, 152, 64
track:1322, 860, 669, 152, 64
track:1323, 860, 670, 152, 64
track:1324, 861, 671, 152, 64
track:1325, 862, 671, 152, 64
track:1326, 864, 672, 152, 64
track:1327, 866, 674, 152, 64
track:1328, 868, 674, 152, 64
track:1329, 868, 674, 152, 64
track:1330, 868, 674, 152, 64
track:1331, 867, 674, 152, 64
track:1332, 863, 674, 152, 64
track:1333, 863, 676, 145, 61
track:1334, 862, 675, 145, 61
track:1335, 858, 676, 145, 61
track:1336, 852, 676, 145, 61
track:1337, 845, 675, 152, 64
track:1338, 843, 675, 152, 64
track:1339, 846, 677, 145, 61
track:1340, 845, 676, 145, 61
track:1341, 845, 677, 145, 61
track:1342, 844, 677, 145, 61
track:1343, 844, 677, 145, 61
track:1344, 844, 677, 145, 61
init :1345, 849, 680, 170, 49
track:1346, 849, 680, 170, 49
track:1347, 849, 680, 170, 49
track:1348, 848, 681, 170, 49
track:1349, 849, 681, 170, 49
track:1350, 848, 681, 170, 49
track:1351, 847, 682, 170, 49
track:1352, 845, 682, 170, 49
track:1353, 844, 682, 170, 49
track:1354, 843, 682, 170, 49
track:1355, 844, 683, 170, 49
track:1356, 844, 683, 170, 49
track:1357, 845, 684, 170, 49
track:1358, 846, 684, 170, 49
track:1359, 846, 683, 170, 49
track:1360, 846, 684, 170, 49
track:1361, 845, 684, 170, 49
track:1362, 842, 684, 178, 51
track:1363, 843, 686, 178, 51
track:1364, 842, 686, 178, 51
track:1365, 842, 686, 178, 51
track:1366, 846, 687, 170, 49
track:1367, 846, 686, 170, 49
track:1368, 842, 686, 178, 51
track:1369, 840, 687, 178, 51
track:1370, 839, 687, 178, 51
track:1371, 842, 689, 170, 49
track:1372, 841, 690, 170, 49
track:1373, 835, 690, 178, 51
track:1374, 834, 690, 178, 51
track:1375, 830, 690, 178, 51
track:1376, 824, 689, 187, 54
track:1377, 828, 691, 178, 51
track:1378, 826, 692, 178, 51
track:1379, 828, 694, 170, 49
track:1380, 821, 694, 170, 49
track:1381, 816, 694, 178, 51
track:1382, 813, 695, 178, 51
track:1383, 807, 694, 187, 54
track:1384, 806, 696, 187, 54
track:1385, 805, 696, 187, 54
track:1386, 805, 697, 187, 54
init :1387, 812, 700, 198, 62
track:1388, 813, 700, 198, 62
track:1389, 814, 701, 198, 62
track:1390, 816, 701, 198, 62
track:1391, 831, 703, 198, 62
track:1392, 829, 704, 198, 62
track:1393, 832, 705, 198, 62
track:1394, 833, 705, 198, 62
track:1395, 834, 706, 198, 62
track:1396, 835, 706, 198, 62
track:1397, 835, 707, 198, 62
track:1398, 835, 708, 198, 62
track:1399, 835, 708, 198, 62
track:1400, 831, 708, 198, 62
track:1401, 821, 709, 208, 65
track:1402, 818, 710, 208, 65
track:1403, 807, 710, 218, 68
track:1404, 805, 711, 218, 68
track:1405, 801, 711, 218, 68
track:1406, 799, 711, 218, 68
track:1407, 800, 713, 208, 65
track:1408, 797, 712, 208, 65
track:1409, 796, 712, 208, 65
track:1410, 794, 712, 208, 65
track:1411, 795, 713, 208, 65
track:1412, 796, 715, 208, 65
track:1413, 797, 715, 208, 65
track:1414, 797, 716, 208, 65
track:1415, 799, 716, 208, 65
track:1416, 799, 716, 208, 65
track:1417, 798, 717, 208, 65
track:1418, 791, 717, 218, 68
track:1419, 787, 715, 229, 72
track:1420, 786, 716, 229, 72
track:1421, 787, 719, 218, 68
track:1422, 786, 719, 218, 68
track:1423, 785, 720, 218, 68
track:1424, 785, 720, 218, 68
track:1425, 787, 720, 218, 68
track:1426, 783, 718, 229, 72
track:1427, 782, 719, 229, 72
track:1428, 783, 720, 229, 72
init :1429, 789, 719, 249, 90
track:1430, 788, 719, 249, 90
track:1431, 786, 720, 249, 90
track:1432, 785, 721, 249, 90
track:1433, 785, 721, 249, 90
track:1434, 785, 723, 249, 90
track:1435, 784, 724, 249, 90
track:1436, 786, 726, 249, 90
track:1437, 785, 728, 237, 86
track:1438, 784, 729, 237, 86
track:1439, 788, 730, 226, 82
track:1440, 782, 729, 237, 86
track:1441, 777, 731, 237, 86
track:1442, 775, 732, 237, 86
track:1443, 764, 730, 249, 90
track:1444, 765, 729, 249, 90
track:1445, 755, 728, 261, 94
track:1446, 753, 730, 249, 90
track:1447, 750, 729, 249, 90
track:1448, 749, 727, 249, 90
track:1449, 750, 728, 249, 90
track:1450, 744, 724, 261, 94
track:1451, 746, 724, 261, 94
track:1452, 750, 723, 261, 94
track:1453, 754, 722, 261, 94
track:1454, 754, 722, 261, 94
track:1455, 761, 724, 261, 94
track:1456, 772, 724, 249, 90
track:1457, 780, 721, 249, 90
track:1458, 794, 722, 237, 86
track:1459, 790, 721, 237, 86
track:1460, 801, 722, 226, 82
track:1461, 804, 718, 226, 82
track:1462, 809, 715, 237, 86
track:1463, 811, 716, 237, 86
track:1464, 819, 714, 226, 82
track:1465, 824, 709, 237, 86
track:1466, 841, 706, 249, 90
track:1467, 841, 692, 249, 90
track:1468, 836, 686, 261, 94
track:1469, 837, 687, 261, 94
track:1470, 840, 687, 249, 90
init :1471, 853, 693, 161, 163
track:1472, 851, 690, 161, 163
track:1473, 850, 689, 161, 163
track:1474, 846, 687, 161, 163
track:1475, 843, 684, 161, 163
track:1476, 841, 683, 161, 163
track:1477, 841, 681, 161, 163
track:1478, 844, 681, 161, 163
track:1479, 842, 678, 161, 163
track:1480, 842, 675, 161, 163
track:1481, 841, 671, 161, 163
track:1482, 847, 669, 161, 163
track:1483, 843, 664, 169, 171
track:1484, 849, 663, 169, 171
track:1485, 851, 661, 169, 171
track:1486, 864, 664, 161, 163
track:1487, 870, 665, 153, 155
track:1488, 871, 664, 153, 155
track:1489, 872, 659, 161, 163
track:1490, 874, 659, 161, 163
track:1491, 880, 658, 153, 155
track:1492, 879, 653, 161, 163
track:1493, 879, 652, 161, 163
track:1494, 870, 648, 161, 163
track:1495, 871, 645, 161, 163
track:1496, 864, 641, 161, 163
track:1497, 855, 635, 161, 163
track:1498, 848, 636, 161, 163
track:1499, 846, 627, 169, 171
track:1500, 841, 627, 161, 163
track:1501, 843, 624, 161, 163
track:1502, 833, 618, 161, 163
track:1503, 830, 619, 161, 163
track:1504, 834, 614, 161, 163
track:1505, 826, 609, 161, 163
track:1506, 822, 609, 161, 163
track:1507, 820, 606, 161, 163
track:1508, 822, 604, 161, 163
track:1509, 819, 602, 161, 163
track:1510, 820, 603, 153, 155
track:1511, 823, 602, 146, 148
track:1512, 815, 602, 139, 141
init :1513, 821, 620, 304, 116
track:1514, 806, 620, 304, 116
track:1515, 783, 620, 304, 116
track:1516, 766, 622, 290, 110
track:1517, 732, 620, 304, 116
track:1518, 741, 623, 290, 110
track:1519, 714, 623, 290, 110
track:1520, 690, 623, 290, 110
track:1521, 671, 624, 290, 110
track:1522, 659, 625, 290, 110
track:1523, 657, 624, 290, 110
track:1524, 651, 627, 290, 110
track:1525, 646, 626, 290, 110
track:1526, 657, 628, 276, 105
track:1527, 666, 630, 263, 100
track:1528, 666, 629, 263, 100
track:1529, 697, 631, 250, 95
track:1530, 718, 630, 250, 95
track:1531, 745, 630, 250, 95
track:1532, 769, 629, 250, 95
track:1533, 775, 632, 238, 91
track:1534, 800, 631, 238, 91
track:1535, 826, 631, 238, 91
track:1536, 848, 632, 238, 91
track:1537, 862, 630, 250, 95
track:1538, 862, 631, 250, 95
track:1539, 874, 633, 238, 91
track:1540, 888, 634, 227, 87
track:1541, 895, 636, 227, 87
track:1542, 896, 637, 227, 87
track:1543, 896, 638, 227, 87
track:1544, 900, 641, 216, 82
track:1545, 894, 640, 227, 87
track:1546, 882, 642, 227, 87
track:1547, 879, 645, 227, 87
track:1548, 877, 644, 227, 87
track:1549, 879, 648, 216, 82
track:1550, 871, 648, 216, 82
track:1551, 855, 650, 216, 82
track:1552, 853, 651, 216, 82
track:1553, 852, 651, 216, 82
track:1554, 854, 654, 206, 79
init :1555, 872, 664, 207, 72
track:1556, 872, 663, 207, 72
track:1557, 872, 664, 207, 72
track:1558, 872, 664, 207, 72
track:1559, 874, 665, 207, 72
track:1560, 883, 666, 197, 69
track:1561, 886, 667, 197, 69
track:1562, 889, 668, 197, 69
track:1563, 890, 668, 197, 69
track:1564, 896, 670, 188, 65
track:1565, 898, 671, 188, 65
track:1566, 898, 671, 188, 65
track:1567, 901, 673, 179, 62
track:1568, 901, 673, 179, 62
track:1569, 901, 674, 179, 62
track:1570, 898, 674, 179, 62
track:1571, 895, 674, 179, 62
track:1572, 898, 676, 170, 59
track:1573, 897, 676, 170, 59
track:1574, 896, 677, 170, 59
track:1575, 891, 676, 170, 59
track:1576, 894, 677, 162, 56
track:1577, 894, 679, 154, 54
track:1578, 892, 679, 154, 54
track:1579, 890, 679, 154, 54
track:1580, 889, 680, 154, 54
track:1581, 886, 680, 154, 54
track:1582, 887, 680, 147, 51
track:1583, 888, 682, 140, 49
track:1584, 891, 684, 133, 46
track:1585, 891, 684, 133, 46
track:1586, 889, 684, 133, 46
track:1587, 891, 683, 133, 46
track:1588, 892, 683, 133, 46
track:1589, 891, 683, 133, 46
track:1590, 890, 684, 133, 46
track:1591, 891, 684, 133, 46
track:1592, 890, 686, 133, 46
track:1593, 899, 687, 127, 44
track:1594, 901, 688, 121, 42
track:1595, 895, 687, 121, 42
track:1596, 895, 688, 121, 42
init :1599, 913, 680, 101, 72
track:1600, 912, 680, 101, 72
track:1601, 911, 680, 101, 72
track:1602, 910, 680, 101, 72
track:1603, 909, 679, 101, 72
track:1604, 905, 679, 101, 72
track:1605, 906, 681, 96, 69
track:1606, 903, 681, 96, 69
track:1607, 901, 682, 96, 69
track:1608, 900, 682, 96, 69
elapseTime: 16.737
