init :7, 821, 630, 235, 197
track:8, 821, 630, 235, 197
track:9, 822, 630, 235, 197
track:10, 821, 631, 235, 197
track:11, 823, 630, 235, 197
track:12, 823, 630, 235, 197
track:13, 824, 630, 235, 197
track:14, 824, 630, 235, 197
track:15, 824, 630, 235, 197
track:16, 825, 630, 235, 197
track:17, 826, 630, 235, 197
track:18, 825, 630, 235, 197
track:19, 825, 629, 235, 197
track:20, 821, 626, 247, 207
track:21, 820, 626, 247, 207
track:22, 827, 631, 235, 197
track:23, 828, 631, 235, 197
track:24, 827, 631, 235, 197
track:25, 828, 630, 235, 197
track:26, 829, 631, 235, 197
track:27, 829, 631, 235, 197
track:28, 829, 631, 235, 197
track:29, 829, 630, 235, 197
track:30, 829, 630, 235, 197
track:31, 830, 629, 235, 197
track:32, 831, 631, 235, 197
track:33, 829, 630, 235, 197
track:34, 830, 631, 235, 197
track:35, 830, 630, 235, 197
track:36, 830, 631, 235, 197
track:37, 829, 630, 235, 197
track:38, 831, 630, 235, 197
track:39, 830, 630, 235, 197
track:40, 830, 630, 235, 197
track:41, 831, 629, 235, 197
track:42, 830, 631, 235, 197
track:43, 831, 630, 235, 197
track:44, 830, 631, 235, 197
track:45, 832, 630, 235, 197
track:46, 830, 631, 235, 197
track:48, 832, 630, 235, 197
track:49, 830, 630, 235, 197
track:50, 831, 629, 235, 197
track:51, 832, 629, 235, 197
track:52, 831, 628, 235, 197
track:53, 832, 629, 235, 197
track:54, 831, 629, 235, 197
track:55, 832, 629, 235, 197
track:56, 831, 629, 235, 197
track:57, 831, 628, 235, 197
track:58, 831, 629, 235, 197
track:59, 830, 628, 235, 197
track:60, 832, 628, 235, 197
track:61, 831, 630, 235, 197
track:62, 830, 629, 235, 197
track:63, 829, 629, 235, 197
track:64, 830, 629, 235, 197
track:65, 829, 629, 235, 197
track:66, 828, 629, 235, 197
track:67, 829, 628, 235, 197
track:68, 829, 629, 235, 197
track:69, 828, 629, 235, 197
track:70, 829, 628, 235, 197
track:71, 829, 629, 235, 197
track:72, 828, 629, 235, 197
track:73, 828, 629, 235, 197
track:74, 828, 628, 235, 197
track:75, 828, 629, 235, 197
track:76, 828, 629, 235, 197
track:77, 827, 629, 235, 197
track:78, 828, 628, 235, 197
track:79, 828, 629, 235, 197
track:80, 828, 629, 235, 197
track:81, 828, 628, 235, 197
init :82, 826, 633, 235, 197
track:83, 825, 633, 235, 197
track:84, 826, 634, 235, 197
track:85, 825, 634, 235, 197
track:86, 826, 635, 235, 197
track:87, 826, 633, 235, 197
track:88, 826, 634, 235, 197
track:89, 826, 635, 235, 197
track:90, 826, 633, 235, 197
track:91, 825, 634, 235, 197
track:92, 825, 634, 235, 197
track:93, 826, 635, 235, 197
track:94, 825, 635, 235, 197
track:95, 826, 634, 235, 197
track:96, 826, 634, 235, 197
track:97, 826, 633, 235, 197
track:98, 829, 633, 235, 197
track:99, 828, 633, 235, 197
track:100, 828, 632, 235, 197
track:101, 830, 631, 235, 197
track:102, 830, 631, 235, 197
track:103, 830, 630, 235, 197
track:104, 830, 630, 235, 197
track:105, 830, 628, 235, 197
track:106, 832, 629, 235, 197
track:107, 833, 628, 235, 197
track:108, 831, 627, 235, 197
track:109, 833, 626, 235, 197
track:110, 832, 624, 235, 197
track:111, 831, 622, 235, 197
track:112, 832, 619, 235, 197
track:113, 834, 618, 235, 197
track:114, 834, 619, 235, 197
track:115, 835, 616, 235, 197
track:116, 836, 614, 235, 197
track:117, 844, 617, 224, 188
track:120, 845, 614, 224, 188
track:121, 846, 611, 224, 188
track:122, 848, 609, 224, 188
track:123, 853, 612, 213, 179
track:124, 859, 616, 203, 170
track:125, 857, 614, 203, 170
track:126, 855, 610, 203, 170
track:127, 853, 608, 203, 170
track:128, 852, 609, 203, 170
track:129, 852, 609, 203, 170
track:130, 850, 610, 203, 170
track:131, 851, 610, 203, 170
track:132, 854, 614, 203, 170
track:133, 855, 617, 203, 170
track:134, 855, 617, 203, 170
track:135, 855, 618, 203, 170
track:136, 857, 618, 203, 170
track:137, 857, 620, 203, 170
track:138, 859, 621, 203, 170
track:139, 859, 621, 203, 170
track:140, 859, 621, 203, 170
track:141, 857, 619, 203, 170
track:142, 856, 621, 203, 170
track:143, 856, 621, 203, 170
track:144, 855, 622, 203, 170
track:145, 852, 625, 203, 170
track:146, 852, 627, 203, 170
track:147, 852, 627, 203, 170
track:148, 852, 628, 203, 170
track:149, 853, 627, 203, 170
track:150, 853, 631, 203, 170
track:151, 853, 634, 203, 170
track:152, 854, 638, 203, 170
track:153, 854, 641, 203, 170
track:154, 854, 641, 203, 170
track:155, 853, 643, 203, 170
track:156, 855, 644, 203, 170
track:157, 857, 644, 203, 170
track:158, 856, 645, 203, 170
track:159, 856, 644, 203, 170
track:160, 856, 646, 203, 170
track:161, 859, 650, 193, 162
track:162, 856, 649, 193, 162
init :163, 863, 656, 170, 150
track:164, 863, 656, 170, 150
track:165, 863, 656, 170, 150
track:166, 863, 657, 170, 150
track:167, 863, 657, 170, 150
track:168, 864, 658, 170, 150
track:169, 864, 658, 170, 150
track:170, 865, 657, 170, 150
track:171, 867, 655, 170, 150
track:172, 867, 654, 170, 150
track:173, 867, 654, 170, 150
track:174, 866, 654, 170, 150
track:175, 864, 654, 170, 150
track:176, 863, 655, 170, 150
track:177, 862, 655, 170, 150
track:178, 864, 656, 170, 150
track:179, 865, 656, 170, 150
track:180, 865, 658, 170, 150
track:181, 866, 659, 170, 150
track:182, 867, 661, 170, 150
track:183, 869, 663, 170, 150
track:184, 869, 664, 170, 150
track:185, 871, 666, 170, 150
track:186, 869, 665, 170, 150
track:187, 866, 659, 170, 150
track:188, 860, 655, 170, 150
track:189, 859, 655, 170, 150
track:190, 858, 654, 170, 150
track:191, 858, 652, 170, 150
track:192, 857, 648, 170, 150
track:193, 857, 646, 170, 150
track:194, 856, 646, 170, 150
track:195, 856, 645, 170, 150
track:196, 858, 643, 170, 150
track:197, 859, 641, 170, 150
track:198, 857, 642, 170, 150
track:199, 856, 642, 170, 150
track:200, 854, 643, 170, 150
track:201, 852, 643, 170, 150
track:202, 851, 640, 170, 150
track:203, 851, 638, 170, 150
track:204, 851, 638, 170, 150
track:205, 850, 636, 170, 150
track:206, 851, 635, 170, 150
track:207, 850, 633, 170, 150
track:208, 850, 633, 170, 150
track:209, 848, 631, 170, 150
track:210, 847, 627, 170, 150
track:211, 846, 624, 170, 150
track:212, 845, 622, 170, 150
track:213, 849, 626, 162, 143
track:214, 848, 624, 162, 143
track:215, 849, 624, 162, 143
track:216, 852, 626, 154, 136
track:217, 852, 627, 154, 136
track:218, 851, 626, 154, 136
track:219, 852, 628, 154, 136
track:220, 852, 632, 154, 136
track:221, 852, 634, 154, 136
track:222, 855, 639, 147, 130
track:223, 855, 639, 147, 130
track:224, 855, 641, 147, 130
track:225, 855, 643, 147, 130
track:226, 857, 646, 140, 123
track:227, 858, 646, 140, 123
track:228, 858, 646, 140, 123
track:229, 857, 647, 140, 123
track:230, 858, 646, 140, 123
track:231, 858, 646, 140, 123
track:232, 857, 643, 140, 123
track:233, 857, 642, 140, 123
track:234, 855, 642, 140, 123
track:235, 859, 644, 133, 118
track:236, 859, 643, 133, 118
track:237, 864, 646, 127, 112
track:238, 864, 646, 127, 112
track:239, 865, 647, 127, 112
track:240, 865, 649, 127, 112
track:241, 866, 651, 127, 112
track:242, 867, 651, 127, 112
track:243, 866, 651, 127, 112
init :244, 863, 651, 120, 96
track:245, 863, 653, 120, 96
track:246, 863, 654, 120, 96
track:247, 863, 654, 120, 96
track:248, 863, 654, 120, 96
track:249, 863, 655, 120, 96
track:250, 863, 657, 120, 96
track:251, 863, 658, 120, 96
track:252, 863, 660, 120, 96
track:253, 864, 661, 120, 96
track:254, 865, 664, 120, 96
track:255, 866, 667, 120, 96
track:256, 866, 669, 120, 96
track:257, 867, 671, 120, 96
track:258, 867, 672, 120, 96
track:259, 867, 673, 120, 96
track:260, 868, 674, 120, 96
track:261, 867, 675, 120, 96
track:262, 867, 675, 120, 96
track:263, 867, 676, 120, 96
track:264, 867, 678, 120, 96
track:265, 864, 678, 126, 101
track:266, 864, 679, 126, 101
track:267, 865, 680, 126, 101
track:268, 864, 681, 126, 101
track:269, 864, 681, 126, 101
track:270, 865, 684, 126, 101
track:271, 866, 686, 126, 101
track:272, 866, 691, 126, 101
track:273, 866, 691, 126, 101
track:274, 867, 692, 126, 101
track:275, 868, 694, 126, 101
track:276, 868, 697, 126, 101
track:277, 869, 700, 126, 101
track:278, 869, 700, 126, 101
track:279, 867, 698, 132, 106
track:280, 865, 695, 139, 111
track:281, 863, 691, 146, 117
track:282, 865, 693, 146, 117
track:283, 864, 693, 146, 117
track:284, 866, 694, 146, 117
track:285, 869, 697, 146, 117
track:286, 871, 695, 146, 117
track:287, 868, 690, 153, 123
track:288, 864, 686, 161, 129
track:289, 865, 684, 161, 129
track:290, 865, 679, 161, 129
track:291, 861, 669, 169, 135
track:292, 858, 660, 177, 142
track:293, 859, 659, 177, 142
track:294, 860, 658, 177, 142
track:295, 858, 652, 186, 149
track:296, 859, 652, 186, 149
track:297, 853, 648, 195, 156
track:298, 852, 648, 195, 156
track:299, 852, 649, 195, 156
track:300, 846, 648, 205, 164
track:301, 839, 645, 216, 172
track:302, 832, 646, 226, 181
track:303, 832, 647, 226, 181
track:304, 824, 648, 238, 190
track:305, 817, 644, 249, 200
track:306, 816, 641, 249, 200
track:307, 816, 639, 249, 200
track:308, 816, 640, 249, 200
track:309, 814, 637, 249, 200
track:310, 807, 627, 262, 210
track:311, 808, 611, 262, 210
track:312, 813, 607, 249, 200
track:313, 814, 606, 249, 200
track:314, 815, 599, 249, 200
track:315, 814, 592, 249, 200
track:316, 812, 581, 249, 200
track:317, 821, 581, 238, 190
track:318, 829, 583, 226, 181
track:319, 830, 582, 226, 181
track:320, 836, 575, 226, 181
track:321, 843, 570, 216, 172
track:322, 844, 570, 216, 172
track:323, 845, 570, 216, 172
track:324, 844, 574, 216, 172
init :325, 853, 573, 198, 166
track:326, 853, 568, 198, 166
track:327, 852, 568, 198, 166
track:328, 851, 567, 198, 166
track:329, 853, 578, 189, 158
track:330, 850, 584, 189, 158
track:331, 845, 582, 198, 166
track:332, 843, 586, 198, 166
track:333, 844, 586, 198, 166
track:334, 842, 588, 198, 166
track:335, 842, 590, 198, 166
track:336, 842, 592, 198, 166
track:337, 842, 593, 198, 166
track:338, 842, 593, 198, 166
track:339, 848, 596, 189, 158
track:340, 849, 592, 189, 158
track:341, 850, 593, 189, 158
track:342, 849, 591, 189, 158
track:343, 853, 593, 180, 151
track:344, 853, 593, 180, 151
track:345, 853, 589, 180, 151
track:346, 854, 591, 180, 151
track:347, 857, 596, 171, 143
track:348, 856, 596, 171, 143
track:349, 857, 599, 171, 143
track:350, 862, 608, 163, 137
track:351, 863, 611, 163, 137
track:352, 864, 613, 163, 137
track:353, 864, 614, 163, 137
track:354, 864, 616, 163, 137
track:355, 863, 617, 163, 137
track:356, 867, 621, 155, 130
track:357, 867, 622, 155, 130
track:358, 866, 622, 155, 130
track:359, 866, 622, 155, 130
track:360, 868, 625, 148, 124
track:361, 867, 626, 148, 124
track:362, 867, 626, 148, 124
track:363, 866, 625, 148, 124
track:364, 867, 627, 148, 124
track:365, 869, 629, 141, 118
track:366, 868, 629, 141, 118
track:367, 867, 631, 141, 118
track:368, 867, 631, 141, 118
track:369, 866, 632, 141, 118
track:370, 870, 640, 134, 112
track:371, 869, 645, 134, 112
track:372, 868, 650, 134, 112
track:373, 868, 650, 134, 112
track:374, 868, 651, 134, 112
track:375, 870, 654, 128, 107
track:376, 867, 656, 128, 107
track:377, 864, 656, 128, 107
track:378, 864, 656, 128, 107
track:379, 864, 657, 128, 107
track:380, 864, 657, 128, 107
track:381, 864, 656, 128, 107
track:382, 861, 655, 128, 107
track:383, 861, 656, 128, 107
track:384, 859, 655, 128, 107
track:385, 859, 654, 128, 107
track:386, 860, 653, 128, 107
track:387, 860, 654, 128, 107
track:388, 859, 653, 128, 107
track:389, 859, 654, 128, 107
track:390, 861, 656, 122, 102
track:391, 862, 659, 122, 102
track:392, 862, 661, 122, 102
track:393, 861, 661, 122, 102
track:394, 861, 662, 122, 102
track:395, 862, 667, 122, 102
track:396, 863, 672, 122, 102
track:397, 864, 676, 122, 102
track:398, 865, 676, 122, 102
track:399, 865, 680, 122, 102
track:400, 870, 686, 116, 97
track:401, 871, 690, 116, 97
track:402, 873, 695, 116, 97
track:403, 873, 696, 116, 97
track:404, 873, 698, 116, 97
track:405, 874, 698, 116, 97
init :406, 876, 706, 106, 85
track:407, 877, 706, 106, 85
track:408, 877, 706, 106, 85
track:409, 878, 704, 106, 85
track:410, 878, 703, 106, 85
track:411, 878, 700, 106, 85
track:412, 879, 698, 106, 85
track:413, 879, 697, 106, 85
track:414, 879, 697, 106, 85
track:415, 879, 698, 106, 85
track:416, 879, 699, 106, 85
track:417, 880, 700, 106, 85
track:418, 877, 698, 111, 89
track:419, 877, 697, 111, 89
track:420, 875, 700, 111, 89
track:421, 874, 698, 111, 89
track:422, 874, 697, 111, 89
track:423, 874, 696, 111, 89
track:424, 874, 693, 111, 89
track:425, 874, 691, 111, 89
track:426, 872, 689, 111, 89
track:427, 871, 688, 111, 89
track:428, 872, 688, 111, 89
track:429, 871, 688, 111, 89
track:430, 870, 688, 111, 89
track:431, 870, 689, 111, 89
track:432, 870, 688, 111, 89
track:433, 869, 688, 111, 89
track:434, 869, 688, 111, 89
track:435, 868, 688, 111, 89
track:436, 867, 690, 111, 89
track:437, 867, 691, 111, 89
track:438, 867, 691, 111, 89
track:439, 868, 693, 111, 89
track:440, 868, 693, 111, 89
track:441, 869, 693, 111, 89
track:442, 868, 693, 111, 89
track:443, 868, 693, 111, 89
track:444, 869, 694, 111, 89
track:445, 869, 695, 111, 89
track:446, 869, 696, 111, 89
track:447, 869, 694, 111, 89
track:448, 870, 694, 111, 89
track:449, 870, 693, 111, 89
track:450, 869, 693, 111, 89
track:451, 870, 694, 111, 89
track:452, 869, 694, 117, 94
track:453, 869, 694, 117, 94
track:454, 870, 694, 117, 94
track:455, 871, 695, 117, 94
track:456, 872, 695, 117, 94
track:457, 871, 695, 117, 94
track:458, 871, 694, 117, 94
track:459, 870, 694, 117, 94
track:460, 868, 690, 123, 98
track:461, 866, 688, 129, 103
track:462, 866, 689, 129, 103
track:463, 866, 688, 129, 103
track:464, 865, 685, 129, 103
track:465, 866, 683, 129, 103
track:466, 866, 683, 129, 103
track:467, 865, 682, 129, 103
track:468, 865, 684, 129, 103
track:469, 865, 685, 129, 103
track:470, 867, 686, 129, 103
track:471, 868, 688, 129, 103
track:472, 868, 687, 129, 103
track:473, 865, 688, 135, 108
track:474, 865, 690, 135, 108
track:475, 867, 690, 135, 108
track:476, 869, 689, 135, 108
track:477, 866, 686, 142, 114
track:478, 867, 685, 142, 114
track:479, 869, 683, 142, 114
track:480, 870, 676, 142, 114
track:481, 868, 669, 149, 120
track:482, 869, 668, 149, 120
track:483, 867, 659, 157, 126
track:484, 869, 657, 157, 126
track:485, 871, 658, 157, 126
track:486, 872, 662, 157, 126
init :487, 872, 656, 161, 147
track:488, 872, 660, 161, 147
track:490, 863, 660, 169, 154
track:491, 862, 661, 169, 154
track:492, 861, 662, 169, 154
track:493, 859, 662, 169, 154
track:494, 859, 662, 169, 154
track:495, 855, 655, 169, 154
track:496, 853, 650, 169, 154
track:497, 853, 649, 169, 154
track:498, 851, 647, 169, 154
track:499, 851, 643, 169, 154
track:500, 849, 639, 169, 154
track:501, 849, 635, 169, 154
track:502, 849, 635, 169, 154
track:503, 849, 632, 169, 154
track:504, 849, 630, 169, 154
track:505, 848, 629, 169, 154
track:506, 847, 628, 169, 154
track:507, 848, 628, 169, 154
track:508, 846, 626, 169, 154
track:509, 847, 623, 169, 154
track:510, 847, 619, 169, 154
track:511, 845, 617, 169, 154
track:512, 845, 617, 169, 154
track:513, 844, 617, 169, 154
track:514, 848, 621, 161, 147
track:515, 849, 621, 161, 147
track:516, 848, 620, 161, 147
track:517, 849, 621, 161, 147
track:518, 849, 619, 161, 147
track:519, 849, 619, 161, 147
track:520, 849, 616, 161, 147
track:521, 851, 616, 161, 147
track:522, 854, 618, 153, 140
track:523, 854, 620, 153, 140
track:524, 855, 622, 153, 140
track:525, 859, 627, 146, 133
track:526, 861, 628, 146, 133
track:527, 861, 629, 146, 133
track:528, 864, 631, 139, 127
track:529, 865, 630, 139, 127
track:530, 865, 628, 139, 127
track:531, 867, 628, 139, 127
track:532, 866, 627, 139, 127
track:533, 871, 630, 132, 121
track:534, 872, 631, 132, 121
track:535, 872, 631, 132, 121
track:536, 872, 634, 132, 121
track:537, 871, 633, 132, 121
track:538, 872, 635, 132, 121
track:539, 872, 636, 132, 121
track:540, 875, 639, 126, 115
track:543, 876, 643, 120, 110
track:544, 875, 643, 120, 110
track:546, 872, 649, 120, 110
track:547, 873, 649, 120, 110
track:548, 874, 653, 114, 104
track:549, 874, 656, 114, 104
track:550, 873, 658, 114, 104
track:551, 875, 661, 109, 99
track:552, 874, 662, 109, 99
track:553, 874, 661, 109, 99
track:554, 873, 660, 109, 99
track:555, 873, 661, 109, 99
track:556, 872, 661, 109, 99
track:557, 875, 664, 104, 95
track:558, 874, 667, 104, 95
track:559, 874, 671, 104, 95
track:560, 874, 674, 104, 95
track:561, 874, 677, 104, 95
track:562, 874, 677, 104, 95
track:563, 874, 680, 104, 95
track:564, 874, 681, 104, 95
track:565, 874, 683, 104, 95
track:566, 874, 684, 104, 95
track:567, 874, 685, 104, 95
init :568, 876, 693, 96, 77
track:569, 876, 693, 96, 77
track:570, 875, 698, 96, 77
track:571, 875, 700, 96, 77
track:572, 876, 701, 96, 77
track:573, 877, 702, 96, 77
track:574, 878, 704, 96, 77
track:575, 879, 704, 96, 77
track:576, 878, 702, 96, 77
track:577, 877, 701, 96, 77
track:578, 877, 699, 96, 77
track:579, 878, 697, 96, 77
track:580, 876, 695, 101, 81
track:581, 877, 695, 101, 81
track:582, 877, 695, 101, 81
track:583, 876, 698, 101, 81
track:584, 876, 699, 101, 81
track:585, 876, 699, 101, 81
track:586, 876, 699, 101, 81
track:587, 875, 700, 101, 81
track:588, 876, 700, 101, 81
track:589, 876, 699, 101, 81
track:590, 876, 699, 101, 81
track:591, 872, 698, 106, 85
track:592, 872, 698, 106, 85
track:593, 871, 697, 106, 85
track:594, 871, 695, 106, 85
track:595, 871, 687, 106, 85
track:596, 868, 682, 111, 89
track:597, 867, 682, 111, 89
track:598, 866, 678, 111, 89
track:599, 865, 670, 111, 89
track:600, 866, 668, 111, 89
track:601, 866, 667, 111, 89
track:602, 867, 668, 111, 89
track:603, 866, 666, 111, 89
track:604, 863, 660, 117, 94
track:605, 863, 657, 117, 94
track:606, 863, 656, 117, 94
track:607, 863, 656, 117, 94
track:608, 863, 655, 117, 94
track:609, 863, 655, 117, 94
track:610, 860, 654, 123, 98
track:611, 860, 658, 123, 98
track:612, 860, 659, 123, 98
track:613, 860, 662, 123, 98
track:614, 859, 663, 123, 98
track:615, 860, 665, 123, 98
track:616, 859, 668, 123, 98
track:617, 859, 669, 123, 98
track:618, 859, 668, 123, 98
track:619, 859, 667, 123, 98
track:620, 860, 666, 123, 98
track:621, 861, 666, 123, 98
track:622, 860, 665, 123, 98
track:623, 857, 663, 129, 103
track:624, 857, 662, 129, 103
track:625, 857, 661, 129, 103
track:626, 855, 660, 135, 108
track:627, 855, 660, 135, 108
track:628, 856, 661, 135, 108
track:629, 854, 660, 135, 108
track:630, 855, 658, 135, 108
track:631, 855, 657, 135, 108
track:632, 854, 657, 135, 108
track:633, 856, 660, 135, 108
track:634, 857, 663, 135, 108
track:635, 857, 665, 135, 108
track:636, 859, 666, 135, 108
track:637, 859, 668, 135, 108
track:638, 861, 668, 135, 108
track:639, 862, 668, 135, 108
track:640, 861, 667, 135, 108
track:641, 862, 666, 135, 108
track:642, 862, 666, 135, 108
track:643, 862, 664, 135, 108
track:644, 862, 663, 135, 108
track:645, 862, 655, 135, 108
track:646, 862, 652, 135, 108
track:647, 862, 652, 135, 108
track:648, 862, 651, 135, 108
init :649, 863, 651, 143, 119
track:650, 865, 652, 143, 119
track:651, 867, 652, 143, 119
track:652, 867, 652, 143, 119
track:653, 869, 652, 143, 119
track:654, 868, 653, 143, 119
track:655, 870, 656, 143, 119
track:656, 871, 659, 143, 119
track:657, 872, 660, 143, 119
track:658, 870, 661, 150, 125
track:659, 874, 662, 143, 119
track:660, 874, 662, 143, 119
track:661, 874, 661, 143, 119
track:662, 876, 660, 143, 119
track:663, 876, 660, 143, 119
track:664, 876, 659, 143, 119
track:665, 878, 656, 143, 119
track:666, 878, 656, 143, 119
track:667, 879, 655, 143, 119
track:668, 879, 653, 143, 119
track:669, 879, 652, 143, 119
track:670, 878, 653, 143, 119
track:671, 877, 652, 143, 119
track:672, 876, 652, 143, 119
track:673, 875, 652, 143, 119
track:674, 873, 650, 143, 119
track:675, 873, 649, 143, 119
track:676, 871, 650, 143, 119
track:677, 872, 650, 143, 119
track:678, 869, 653, 143, 119
track:679, 869, 663, 143, 119
track:680, 870, 670, 143, 119
track:681, 870, 671, 143, 119
track:682, 870, 672, 143, 119
track:683, 865, 668, 150, 125
track:684, 864, 667, 150, 125
track:685, 863, 670, 150, 125
track:686, 863, 672, 150, 125
track:687, 864, 673, 150, 125
track:688, 864, 672, 150, 125
track:689, 862, 671, 150, 125
track:690, 860, 670, 150, 125
track:691, 860, 667, 150, 125
track:692, 860, 667, 150, 125
track:693, 860, 666, 150, 125
track:694, 860, 665, 150, 125
track:695, 861, 664, 150, 125
track:696, 859, 663, 150, 125
track:697, 858, 663, 150, 125
track:698, 856, 662, 150, 125
track:699, 854, 661, 150, 125
track:700, 854, 663, 150, 125
track:701, 855, 664, 150, 125
track:702, 854, 665, 150, 125
track:703, 850, 664, 158, 131
track:704, 849, 671, 158, 131
track:705, 849, 674, 158, 131
track:706, 847, 677, 158, 131
track:707, 847, 677, 158, 131
track:708, 846, 678, 158, 131
track:709, 846, 678, 158, 131
track:710, 847, 677, 158, 131
track:711, 847, 677, 158, 131
track:712, 846, 674, 158, 131
track:713, 846, 672, 158, 131
track:714, 845, 672, 158, 131
track:715, 845, 673, 158, 131
track:716, 845, 674, 158, 131
track:717, 845, 675, 158, 131
track:718, 846, 675, 158, 131
track:719, 847, 675, 158, 131
track:720, 848, 677, 158, 131
track:721, 847, 676, 158, 131
track:722, 848, 676, 158, 131
track:723, 847, 675, 158, 131
track:724, 848, 673, 158, 131
track:725, 849, 670, 158, 131
track:726, 848, 669, 158, 131
track:727, 849, 667, 158, 131
track:728, 849, 665, 158, 131
track:729, 849, 659, 158, 131
init :730, 858, 651, 152, 135
track:731, 858, 651, 152, 135
track:732, 859, 651, 152, 135
track:733, 859, 649, 152, 135
track:734, 859, 645, 152, 135
track:735, 860, 640, 152, 135
track:736, 861, 640, 152, 135
track:737, 861, 638, 152, 135
track:738, 860, 637, 152, 135
track:739, 859, 638, 152, 135
track:740, 860, 638, 152, 135
track:741, 861, 639, 152, 135
track:742, 860, 639, 152, 135
track:743, 859, 640, 152, 135
track:744, 859, 639, 152, 135
track:745, 859, 637, 152, 135
track:746, 860, 637, 152, 135
track:747, 860, 635, 152, 135
track:748, 860, 628, 152, 135
track:749, 862, 625, 145, 129
track:750, 861, 624, 145, 129
track:751, 860, 624, 145, 129
track:752, 861, 626, 145, 129
track:753, 863, 626, 145, 129
track:754, 864, 627, 145, 129
track:755, 867, 626, 145, 129
track:756, 867, 625, 145, 129
track:757, 868, 626, 145, 129
track:758, 867, 623, 145, 129
track:759, 866, 625, 145, 129
track:760, 866, 631, 145, 129
track:761, 867, 631, 145, 129
track:762, 868, 631, 145, 129
track:763, 871, 630, 145, 129
track:764, 872, 631, 145, 129
track:765, 871, 632, 145, 129
track:766, 871, 632, 145, 129
track:767, 869, 631, 145, 129
track:768, 872, 636, 138, 122
track:769, 873, 637, 138, 122
track:770, 876, 647, 138, 122
track:771, 876, 647, 138, 122
track:772, 877, 647, 138, 122
track:773, 878, 645, 138, 122
track:774, 879, 645, 138, 122
track:775, 879, 645, 138, 122
track:776, 879, 644, 138, 122
track:777, 879, 643, 138, 122
track:778, 880, 643, 138, 122
track:779, 883, 643, 138, 122
track:780, 887, 646, 131, 117
track:781, 886, 646, 131, 117
track:782, 886, 647, 131, 117
track:783, 889, 649, 125, 111
track:784, 889, 647, 125, 111
track:785, 889, 648, 125, 111
track:786, 888, 648, 125, 111
track:787, 888, 649, 125, 111
track:788, 887, 649, 125, 111
track:789, 886, 650, 125, 111
track:790, 886, 649, 125, 111
track:791, 886, 650, 125, 111
track:792, 886, 648, 125, 111
track:793, 888, 651, 119, 106
track:794, 887, 653, 119, 106
track:795, 887, 659, 119, 106
track:796, 888, 659, 119, 106
track:797, 888, 658, 119, 106
track:798, 888, 657, 119, 106
track:799, 888, 658, 119, 106
track:800, 889, 659, 119, 106
track:801, 888, 659, 119, 106
track:802, 887, 660, 119, 106
track:803, 887, 660, 119, 106
track:804, 888, 661, 119, 106
track:805, 887, 662, 119, 106
track:806, 887, 662, 119, 106
track:807, 886, 661, 119, 106
track:808, 885, 662, 119, 106
track:809, 885, 664, 119, 106
track:810, 884, 663, 125, 111
init :811, 872, 662, 138, 106
track:812, 870, 663, 138, 106
track:813, 869, 663, 138, 106
track:814, 868, 663, 138, 106
track:815, 864, 662, 145, 111
track:816, 864, 661, 145, 111
track:817, 865, 664, 145, 111
track:818, 866, 672, 138, 106
track:819, 865, 673, 138, 106
track:820, 861, 682, 145, 111
track:821, 860, 683, 145, 111
track:822, 860, 683, 145, 111
track:823, 859, 682, 145, 111
track:824, 859, 681, 145, 111
track:825, 857, 681, 145, 111
track:826, 857, 681, 145, 111
track:827, 857, 685, 145, 111
track:828, 854, 690, 152, 117
track:829, 854, 691, 152, 117
track:830, 852, 688, 160, 123
track:831, 853, 689, 160, 123
track:832, 853, 690, 160, 123
track:833, 852, 685, 168, 129
track:834, 849, 678, 176, 135
track:835, 847, 668, 176, 135
track:836, 848, 668, 176, 135
track:837, 847, 661, 176, 135
track:838, 845, 660, 176, 135
track:839, 845, 657, 176, 135
track:840, 842, 651, 176, 135
track:841, 842, 651, 176, 135
track:842, 840, 649, 176, 135
track:843, 837, 646, 176, 135
track:844, 836, 642, 176, 135
track:845, 830, 627, 176, 135
track:846, 829, 627, 176, 135
track:847, 824, 617, 185, 142
track:848, 821, 609, 194, 149
track:849, 819, 606, 194, 149
track:850, 818, 605, 194, 149
track:851, 818, 605, 194, 149
track:852, 822, 600, 194, 149
track:853, 826, 597, 194, 149
track:854, 828, 597, 194, 149
track:855, 827, 600, 194, 149
track:856, 827, 602, 194, 149
track:857, 828, 603, 194, 149
track:858, 830, 601, 194, 149
track:859, 835, 600, 185, 142
track:860, 835, 597, 185, 142
track:861, 835, 597, 185, 142
track:862, 834, 600, 185, 142
track:863, 835, 603, 185, 142
track:864, 836, 609, 185, 142
track:865, 836, 616, 185, 142
track:866, 837, 616, 185, 142
track:867, 836, 623, 185, 142
track:868, 840, 628, 176, 135
track:869, 840, 628, 176, 135
track:870, 842, 632, 176, 135
track:871, 847, 636, 168, 129
track:872, 848, 638, 168, 129
track:873, 849, 637, 168, 129
track:874, 849, 636, 168, 129
track:875, 850, 638, 168, 129
track:876, 854, 642, 160, 123
track:877, 855, 643, 160, 123
track:878, 857, 642, 160, 123
track:879, 859, 642, 160, 123
track:880, 859, 642, 160, 123
track:881, 859, 642, 160, 123
track:882, 859, 642, 160, 123
track:883, 860, 640, 160, 123
track:884, 866, 642, 152, 117
track:885, 868, 643, 152, 117
track:886, 872, 645, 145, 111
track:887, 873, 646, 145, 111
track:888, 873, 646, 145, 111
track:889, 877, 647, 138, 106
track:890, 879, 646, 138, 106
track:891, 879, 646, 138, 106
init :892, 886, 649, 129, 114
track:893, 886, 648, 129, 114
track:894, 886, 649, 129, 114
track:895, 887, 649, 129, 114
track:896, 888, 649, 129, 114
track:897, 887, 649, 129, 114
track:898, 889, 651, 123, 109
track:899, 886, 650, 123, 109
track:900, 886, 651, 123, 109
track:901, 885, 652, 123, 109
track:902, 884, 654, 123, 109
track:903, 884, 655, 123, 109
track:904, 883, 654, 123, 109
track:905, 884, 654, 123, 109
track:906, 883, 653, 123, 109
track:907, 862, 641, 117, 103
track:908, 856, 639, 123, 109
track:909, 862, 649, 117, 103
track:910, 865, 660, 111, 98
track:911, 865, 660, 111, 98
track:912, 865, 665, 106, 94
track:913, 867, 670, 106, 94
track:914, 866, 673, 106, 94
track:915, 867, 676, 106, 94
track:916, 869, 676, 106, 94
track:917, 872, 681, 101, 89
track:918, 874, 682, 101, 89
track:919, 873, 684, 101, 89
track:920, 870, 683, 101, 89
track:921, 871, 683, 101, 89
track:922, 868, 683, 101, 89
track:923, 861, 683, 101, 89
track:924, 858, 684, 96, 85
track:925, 850, 683, 96, 85
track:926, 849, 683, 96, 85
track:927, 847, 683, 96, 85
track:928, 838, 684, 96, 85
track:929, 832, 683, 96, 85
track:930, 828, 681, 96, 85
track:931, 829, 684, 92, 81
track:932, 826, 681, 92, 81
track:933, 822, 677, 96, 85
track:934, 821, 675, 96, 85
track:935, 819, 669, 101, 89
track:936, 821, 671, 96, 85
track:937, 821, 668, 96, 85
track:938, 822, 666, 96, 85
track:939, 821, 663, 96, 85
track:940, 821, 662, 96, 85
track:941, 821, 662, 96, 85
track:942, 822, 663, 92, 81
track:943, 819, 659, 96, 85
track:944, 818, 659, 96, 85
track:945, 817, 659, 96, 85
track:946, 816, 659, 96, 85
track:947, 812, 660, 92, 81
track:948, 808, 660, 96, 85
track:949, 804, 663, 92, 81
track:950, 799, 664, 92, 81
track:951, 799, 664, 92, 81
track:952, 795, 663, 96, 85
track:953, 790, 665, 96, 85
track:954, 790, 666, 96, 85
track:955, 788, 667, 96, 85
track:956, 787, 667, 96, 85
track:957, 788, 670, 92, 81
track:958, 787, 671, 92, 81
track:959, 785, 671, 92, 81
track:960, 785, 672, 92, 81
track:961, 783, 672, 92, 81
track:962, 779, 673, 92, 81
track:963, 777, 674, 92, 81
track:964, 774, 673, 92, 81
track:965, 774, 674, 92, 81
track:966, 770, 674, 92, 81
track:967, 765, 675, 92, 81
track:968, 761, 675, 92, 81
track:969, 755, 675, 92, 81
track:970, 755, 676, 92, 81
track:971, 749, 676, 92, 81
track:972, 743, 675, 92, 81
init :973, 696, 584, 443, 246
track:974, 696, 585, 443, 246
track:975, 696, 586, 443, 246
track:976, 694, 585, 443, 246
track:977, 692, 586, 443, 246
track:978, 693, 586, 443, 246
track:979, 691, 586, 443, 246
track:980, 692, 588, 443, 246
track:981, 690, 588, 443, 246
track:982, 679, 582, 465, 258
track:983, 680, 583, 465, 258
track:984, 682, 582, 465, 258
track:985, 680, 582, 465, 258
track:986, 684, 583, 465, 258
track:987, 676, 578, 488, 271
track:988, 677, 577, 488, 271
track:989, 678, 578, 488, 271
track:990, 682, 577, 488, 271
track:991, 683, 579, 488, 271
track:992, 684, 576, 488, 271
track:993, 684, 577, 488, 271
track:994, 684, 573, 488, 271
track:995, 685, 574, 488, 271
track:996, 695, 579, 465, 258
track:997, 698, 578, 465, 258
track:998, 700, 576, 465, 258
track:999, 702, 574, 465, 258
track:1000, 702, 571, 465, 258
track:1001, 717, 578, 443, 246
track:1002, 721, 574, 443, 246
track:1003, 727, 568, 443, 246
track:1004, 727, 568, 443, 246
track:1005, 727, 567, 443, 246
track:1006, 735, 561, 443, 246
track:1007, 735, 560, 443, 246
track:1008, 740, 555, 443, 246
track:1009, 730, 558, 443, 246
track:1010, 738, 554, 443, 246
track:1011, 739, 553, 443, 246
track:1012, 733, 555, 443, 246
track:1013, 734, 558, 422, 234
track:1014, 733, 557, 422, 234
track:1015, 731, 557, 422, 234
track:1016, 731, 555, 422, 234
track:1017, 727, 552, 422, 234
track:1018, 726, 552, 422, 234
track:1019, 721, 553, 422, 234
track:1020, 721, 554, 422, 234
track:1021, 726, 557, 402, 223
track:1022, 730, 556, 402, 223
track:1023, 732, 560, 402, 223
track:1024, 727, 556, 402, 223
track:1025, 719, 551, 422, 234
track:1026, 720, 549, 422, 234
track:1027, 715, 551, 422, 234
track:1028, 711, 549, 422, 234
track:1029, 708, 554, 422, 234
track:1030, 705, 559, 422, 234
track:1031, 723, 560, 422, 234
track:1032, 697, 558, 422, 234
track:1033, 690, 565, 422, 234
track:1034, 696, 560, 422, 234
track:1035, 703, 567, 402, 223
track:1036, 700, 569, 402, 223
track:1037, 703, 575, 383, 213
track:1038, 708, 580, 364, 202
track:1039, 715, 584, 364, 202
track:1040, 709, 586, 364, 202
track:1041, 702, 587, 364, 202
track:1042, 712, 591, 347, 193
track:1043, 719, 596, 331, 184
track:1044, 718, 597, 331, 184
track:1045, 723, 598, 331, 184
track:1046, 719, 599, 331, 184
track:1047, 723, 602, 331, 184
track:1048, 732, 600, 331, 184
track:1049, 732, 600, 331, 184
track:1050, 733, 599, 331, 184
track:1051, 746, 602, 315, 175
track:1052, 749, 601, 315, 175
track:1053, 752, 599, 315, 175
init :1054, 784, 610, 443, 140
track:1055, 784, 610, 443, 140
track:1056, 775, 605, 465, 147
track:1057, 781, 606, 465, 147
track:1058, 785, 608, 465, 147
track:1059, 787, 608, 465, 147
track:1060, 787, 609, 465, 147
track:1061, 785, 610, 465, 147
track:1062, 785, 610, 465, 147
track:1063, 791, 614, 443, 140
track:1064, 786, 615, 443, 140
track:1065, 784, 615, 443, 140
track:1066, 780, 616, 443, 140
track:1067, 774, 616, 443, 140
track:1068, 764, 616, 443, 140
track:1069, 753, 615, 443, 140
track:1070, 750, 616, 443, 140
track:1071, 743, 616, 443, 140
track:1072, 717, 612, 465, 147
track:1073, 711, 612, 465, 147
track:1074, 697, 613, 465, 147
track:1075, 696, 613, 465, 147
track:1076, 682, 612, 465, 147
track:1077, 687, 614, 443, 140
track:1078, 670, 617, 422, 133
track:1079, 657, 614, 443, 140
track:1080, 655, 614, 443, 140
track:1081, 639, 611, 465, 147
track:1082, 636, 614, 465, 147
track:1083, 634, 615, 465, 147
track:1084, 633, 613, 465, 147
track:1085, 632, 614, 465, 147
track:1086, 632, 612, 465, 147
track:1087, 630, 612, 465, 147
track:1088, 629, 613, 465, 147
track:1089, 628, 613, 465, 147
track:1090, 636, 617, 443, 140
track:1091, 634, 617, 443, 140
track:1092, 623, 616, 465, 147
track:1093, 629, 618, 465, 147
track:1094, 632, 620, 465, 147
track:1095, 642, 623, 443, 140
track:1096, 641, 622, 443, 140
track:1097, 640, 623, 443, 140
track:1098, 642, 623, 443, 140
track:1099, 642, 623, 443, 140
track:1100, 644, 624, 443, 140
track:1101, 646, 625, 443, 140
track:1102, 642, 623, 443, 140
track:1103, 644, 623, 443, 140
track:1104, 643, 623, 443, 140
track:1105, 644, 623, 443, 140
track:1106, 628, 622, 465, 147
track:1107, 629, 621, 465, 147
track:1108, 636, 625, 443, 140
track:1109, 634, 626, 443, 140
track:1110, 631, 626, 443, 140
track:1111, 639, 629, 422, 133
track:1112, 636, 628, 422, 133
track:1113, 627, 629, 422, 133
track:1114, 625, 629, 422, 133
track:1115, 623, 629, 422, 133
track:1116, 622, 628, 422, 133
track:1117, 630, 630, 402, 127
track:1118, 631, 628, 402, 127
track:1119, 615, 624, 422, 133
track:1120, 625, 627, 402, 127
track:1121, 612, 624, 422, 133
track:1122, 610, 624, 422, 133
track:1123, 607, 624, 422, 133
track:1124, 618, 628, 402, 127
track:1125, 625, 629, 402, 127
track:1126, 620, 628, 422, 133
track:1127, 609, 630, 443, 140
track:1128, 616, 631, 465, 147
track:1129, 703, 629, 465, 147
track:1130, 667, 629, 465, 147
track:1131, 693, 626, 465, 147
track:1132, 711, 622, 465, 147
track:1133, 702, 618, 488, 154
track:1134, 705, 620, 488, 154
init :1135, 803, 630, 276, 179
track:1136, 803, 631, 276, 179
track:1137, 805, 628, 276, 179
track:1138, 804, 627, 276, 179
track:1139, 799, 628, 276, 179
track:1140, 797, 629, 276, 179
track:1141, 791, 630, 276, 179
track:1142, 785, 631, 276, 179
track:1143, 777, 631, 276, 179
track:1144, 757, 631, 276, 179
track:1145, 766, 638, 263, 170
track:1146, 761, 637, 263, 170
track:1147, 751, 638, 263, 170
track:1148, 745, 635, 276, 179
track:1149, 748, 639, 263, 170
track:1150, 747, 639, 263, 170
track:1151, 744, 641, 263, 170
track:1152, 733, 638, 276, 179
track:1153, 733, 641, 276, 179
track:1154, 730, 638, 276, 179
track:1155, 728, 637, 276, 179
track:1156, 733, 643, 276, 179
track:1157, 732, 640, 276, 179
track:1158, 733, 639, 276, 179
track:1159, 740, 639, 276, 179
track:1160, 744, 638, 276, 179
track:1161, 743, 637, 276, 179
track:1162, 753, 637, 276, 179
track:1163, 752, 638, 276, 179
track:1164, 751, 638, 276, 179
track:1165, 750, 638, 276, 179
track:1166, 749, 639, 276, 179
track:1167, 753, 639, 276, 179
track:1168, 747, 637, 276, 179
track:1169, 736, 636, 276, 179
track:1170, 740, 637, 276, 179
track:1171, 746, 642, 263, 170
track:1172, 740, 641, 263, 170
track:1173, 736, 640, 263, 170
track:1174, 745, 644, 250, 162
track:1175, 738, 639, 263, 170
track:1176, 722, 639, 263, 170
track:1177, 724, 639, 263, 170
track:1178, 728, 636, 263, 170
track:1179, 728, 633, 263, 170
track:1180, 716, 627, 276, 179
track:1181, 720, 629, 263, 170
track:1182, 723, 628, 263, 170
track:1183, 732, 631, 250, 162
track:1184, 726, 627, 250, 162
track:1185, 721, 626, 250, 162
track:1186, 721, 625, 250, 162
track:1187, 730, 629, 238, 155
track:1188, 736, 629, 238, 155
track:1189, 744, 633, 227, 147
track:1190, 742, 632, 227, 147
track:1191, 741, 629, 227, 147
track:1192, 749, 629, 216, 140
track:1193, 745, 627, 216, 140
track:1194, 744, 625, 216, 140
track:1195, 743, 624, 216, 140
track:1196, 748, 627, 206, 134
track:1197, 749, 629, 196, 127
track:1198, 749, 626, 196, 127
track:1199, 749, 626, 196, 127
track:1200, 752, 625, 196, 127
track:1201, 750, 624, 196, 127
track:1202, 757, 626, 187, 121
track:1203, 760, 627, 187, 121
track:1204, 770, 630, 178, 115
track:1205, 776, 634, 169, 110
track:1206, 780, 633, 169, 110
track:1207, 790, 634, 169, 110
track:1208, 793, 633, 169, 110
track:1209, 794, 633, 169, 110
track:1210, 805, 635, 169, 110
track:1211, 810, 637, 169, 110
track:1212, 816, 638, 169, 110
track:1213, 818, 639, 169, 110
track:1214, 820, 639, 169, 110
track:1215, 826, 643, 161, 105
init :1216, 876, 643, 323, 101
track:1217, 875, 642, 323, 101
track:1218, 873, 642, 323, 101
track:1219, 880, 644, 308, 96
track:1220, 878, 645, 308, 96
track:1221, 875, 646, 308, 96
track:1222, 873, 647, 308, 96
track:1223, 878, 650, 293, 92
track:1224, 877, 650, 293, 92
track:1225, 879, 651, 293, 92
track:1226, 882, 653, 279, 87
track:1227, 890, 655, 266, 83
track:1228, 888, 656, 266, 83
track:1229, 888, 656, 266, 83
track:1230, 890, 658, 266, 83
track:1231, 889, 658, 266, 83
track:1232, 887, 659, 266, 83
track:1233, 893, 662, 253, 79
track:1234, 893, 663, 253, 79
track:1235, 887, 663, 253, 79
track:1236, 877, 661, 266, 83
track:1237, 874, 662, 266, 83
track:1238, 873, 664, 266, 83
track:1239, 883, 666, 253, 79
track:1240, 877, 667, 253, 79
track:1241, 872, 667, 253, 79
track:1242, 881, 670, 241, 75
track:1243, 885, 669, 241, 75
track:1244, 881, 669, 241, 75
track:1245, 889, 671, 230, 72
track:1246, 889, 670, 230, 72
track:1247, 893, 674, 219, 68
track:1248, 891, 673, 219, 68
track:1249, 954, 672, 219, 68
track:1250, 954, 671, 219, 68
track:1251, 947, 669, 219, 68
track:1252, 943, 667, 219, 68
track:1253, 939, 665, 219, 68
track:1254, 944, 666, 208, 65
track:1255, 939, 666, 208, 65
track:1256, 937, 667, 198, 62
track:1257, 936, 666, 198, 62
track:1258, 938, 668, 189, 59
track:1259, 942, 667, 180, 56
track:1260, 932, 666, 180, 56
track:1261, 924, 666, 180, 56
track:1262, 926, 667, 171, 54
track:1263, 922, 666, 180, 56
track:1264, 924, 667, 171, 54
track:1265, 926, 668, 171, 54
track:1266, 926, 666, 180, 56
track:1267, 923, 664, 180, 56
track:1268, 916, 662, 189, 59
track:1269, 914, 660, 189, 59
track:1270, 916, 659, 189, 59
track:1271, 912, 659, 189, 59
track:1272, 910, 658, 189, 59
track:1273, 909, 657, 189, 59
track:1274, 903, 655, 198, 62
track:1275, 892, 654, 208, 65
track:1276, 888, 653, 208, 65
track:1277, 874, 654, 198, 62
track:1278, 870, 655, 198, 62
track:1279, 871, 655, 198, 62
track:1280, 866, 652, 208, 65
track:1281, 855, 651, 208, 65
track:1282, 858, 652, 208, 65
track:1283, 847, 650, 219, 68
track:1284, 842, 650, 219, 68
track:1285, 840, 650, 208, 65
track:1286, 825, 651, 208, 65
track:1287, 832, 648, 208, 65
track:1288, 831, 648, 208, 65
track:1289, 833, 646, 208, 65
track:1290, 833, 646, 208, 65
track:1291, 836, 645, 208, 65
track:1292, 836, 645, 208, 65
track:1293, 837, 645, 208, 65
track:1294, 843, 646, 198, 62
track:1295, 836, 649, 189, 59
track:1296, 840, 648, 189, 59
init :1297, 867, 656, 147, 70
track:1298, 868, 656, 147, 70
track:1299, 867, 657, 147, 70
track:1300, 867, 658, 147, 70
track:1301, 861, 657, 154, 74
track:1302, 865, 659, 147, 70
track:1303, 860, 657, 154, 74
track:1304, 857, 655, 162, 77
track:1305, 857, 656, 162, 77
track:1306, 859, 657, 162, 77
track:1307, 860, 657, 162, 77
track:1308, 863, 660, 154, 74
track:1309, 863, 660, 154, 74
track:1310, 863, 660, 154, 74
track:1311, 865, 660, 154, 74
track:1312, 868, 662, 147, 70
track:1313, 864, 661, 154, 74
track:1314, 864, 662, 154, 74
track:1315, 868, 664, 147, 70
track:1316, 867, 664, 147, 70
track:1317, 860, 663, 154, 74
track:1318, 859, 664, 154, 74
track:1319, 860, 663, 154, 74
track:1320, 862, 665, 147, 70
track:1321, 860, 665, 147, 70
track:1322, 862, 665, 147, 70
track:1323, 866, 667, 140, 67
track:1324, 866, 668, 140, 67
track:1325, 867, 668, 140, 67
track:1326, 869, 670, 140, 67
track:1327, 871, 670, 140, 67
track:1328, 872, 670, 140, 67
track:1329, 872, 671, 140, 67
track:1330, 872, 671, 140, 67
track:1331, 871, 672, 140, 67
track:1332, 868, 671, 140, 67
track:1333, 862, 672, 140, 67
track:1334, 863, 672, 140, 67
track:1335, 856, 671, 147, 70
track:1336, 849, 671, 147, 70
track:1337, 846, 671, 147, 70
track:1338, 846, 672, 147, 70
track:1339, 842, 670, 154, 74
track:1340, 842, 670, 154, 74
track:1341, 838, 671, 154, 74
track:1342, 839, 671, 154, 74
track:1343, 841, 671, 147, 70
track:1344, 841, 672, 147, 70
track:1345, 838, 670, 154, 74
track:1346, 840, 671, 154, 74
track:1347, 840, 672, 154, 74
track:1348, 839, 672, 154, 74
track:1349, 839, 672, 154, 74
track:1350, 843, 675, 147, 70
track:1351, 841, 674, 147, 70
track:1352, 837, 674, 147, 70
track:1353, 835, 673, 154, 74
track:1354, 834, 673, 154, 74
track:1355, 836, 674, 154, 74
track:1356, 835, 674, 154, 74
track:1357, 831, 673, 162, 77
track:1358, 831, 674, 162, 77
track:1359, 836, 675, 154, 74
track:1360, 840, 677, 147, 70
track:1361, 838, 678, 147, 70
track:1362, 839, 678, 147, 70
track:1363, 839, 679, 147, 70
track:1364, 840, 678, 147, 70
track:1365, 838, 679, 147, 70
track:1366, 837, 677, 147, 70
track:1367, 837, 678, 147, 70
track:1368, 833, 678, 154, 74
track:1369, 833, 679, 154, 74
track:1370, 833, 680, 154, 74
track:1371, 830, 681, 154, 74
track:1372, 828, 682, 154, 74
track:1373, 822, 682, 162, 77
track:1374, 822, 682, 162, 77
track:1375, 818, 684, 162, 77
track:1376, 818, 683, 162, 77
track:1377, 817, 684, 162, 77
init :1378, 830, 693, 189, 62
track:1379, 830, 693, 189, 62
track:1380, 826, 693, 189, 62
track:1381, 817, 692, 198, 65
track:1382, 815, 694, 198, 65
track:1383, 813, 695, 198, 65
track:1384, 811, 695, 198, 65
track:1385, 809, 696, 198, 65
track:1386, 811, 698, 198, 65
track:1387, 816, 700, 189, 62
track:1388, 819, 701, 189, 62
track:1389, 818, 702, 189, 62
track:1390, 817, 701, 198, 65
track:1391, 822, 702, 198, 65
track:1392, 827, 703, 198, 65
track:1393, 832, 704, 198, 65
track:1394, 833, 705, 198, 65
track:1395, 835, 706, 198, 65
track:1396, 836, 706, 198, 65
track:1397, 830, 705, 208, 68
track:1398, 830, 706, 208, 68
track:1399, 830, 707, 208, 68
track:1400, 827, 708, 208, 68
track:1401, 818, 708, 219, 72
track:1402, 811, 709, 219, 72
track:1403, 806, 709, 219, 72
track:1404, 805, 710, 219, 72
track:1405, 807, 712, 208, 68
track:1406, 805, 712, 208, 68
track:1407, 801, 712, 208, 68
track:1408, 798, 712, 208, 68
track:1409, 795, 712, 208, 68
track:1410, 796, 712, 208, 68
track:1411, 799, 713, 208, 68
track:1412, 797, 714, 208, 68
track:1413, 798, 715, 208, 68
track:1414, 797, 715, 208, 68
track:1415, 798, 715, 208, 68
track:1416, 798, 716, 208, 68
track:1417, 798, 716, 208, 68
track:1418, 795, 716, 208, 68
track:1419, 794, 717, 208, 68
track:1420, 792, 717, 208, 68
track:1421, 789, 717, 208, 68
track:1422, 790, 718, 208, 68
track:1423, 789, 718, 208, 68
track:1424, 790, 719, 208, 68
track:1425, 790, 719, 208, 68
track:1426, 789, 719, 208, 68
track:1427, 789, 720, 208, 68
track:1428, 787, 720, 208, 68
track:1429, 787, 720, 208, 68
track:1430, 786, 720, 208, 68
track:1431, 782, 721, 208, 68
track:1432, 787, 723, 198, 65
track:1433, 785, 724, 198, 65
track:1434, 784, 724, 198, 65
track:1435, 782, 725, 198, 65
track:1436, 780, 725, 198, 65
track:1437, 779, 724, 198, 65
track:1438, 782, 727, 189, 62
track:1439, 778, 725, 198, 65
track:1440, 775, 725, 208, 68
track:1441, 771, 725, 208, 68
track:1442, 770, 726, 208, 68
track:1443, 760, 726, 208, 68
track:1444, 757, 724, 219, 72
track:1445, 753, 725, 219, 72
track:1446, 743, 724, 219, 72
track:1447, 742, 724, 219, 72
track:1448, 736, 724, 219, 72
track:1449, 736, 725, 219, 72
track:1450, 740, 724, 219, 72
track:1451, 747, 724, 208, 68
track:1452, 750, 723, 208, 68
track:1453, 760, 725, 198, 65
track:1454, 758, 723, 208, 68
track:1455, 766, 722, 208, 68
track:1456, 774, 721, 208, 68
track:1457, 781, 720, 208, 68
track:1458, 790, 717, 208, 68
init :1459, 821, 708, 212, 142
track:1460, 825, 708, 212, 142
track:1461, 830, 709, 212, 142
track:1462, 830, 710, 212, 142
track:1463, 831, 711, 212, 142
track:1464, 831, 711, 212, 142
track:1465, 834, 714, 212, 142
track:1466, 832, 712, 212, 142
track:1467, 829, 712, 212, 142
track:1468, 832, 713, 212, 142
track:1469, 831, 712, 212, 142
track:1470, 820, 707, 212, 142
track:1471, 821, 707, 212, 142
track:1472, 814, 706, 212, 142
track:1473, 823, 709, 202, 135
track:1474, 814, 706, 202, 135
track:1475, 810, 703, 202, 135
track:1476, 807, 707, 192, 129
track:1477, 813, 709, 183, 123
track:1478, 815, 705, 192, 129
track:1479, 814, 704, 192, 129
track:1480, 815, 699, 192, 129
track:1481, 819, 700, 183, 123
track:1482, 818, 698, 183, 123
track:1483, 817, 696, 192, 129
track:1484, 822, 696, 192, 129
track:1485, 828, 695, 192, 129
track:1486, 821, 691, 192, 129
track:1487, 829, 691, 192, 129
track:1488, 835, 691, 192, 129
track:1489, 836, 693, 192, 129
track:1490, 840, 691, 192, 129
track:1491, 840, 686, 192, 129
track:1492, 842, 686, 183, 123
track:1493, 845, 686, 183, 123
track:1494, 839, 682, 183, 123
track:1495, 843, 683, 174, 117
track:1496, 829, 677, 174, 117
track:1497, 828, 674, 174, 117
track:1498, 827, 672, 174, 117
track:1499, 821, 671, 166, 111
track:1500, 816, 670, 158, 106
track:1501, 807, 665, 158, 106
track:1502, 811, 660, 158, 106
track:1503, 810, 661, 158, 106
track:1504, 809, 659, 158, 106
track:1505, 803, 653, 158, 106
track:1506, 799, 648, 158, 106
track:1507, 800, 649, 151, 101
track:1508, 799, 648, 151, 101
track:1509, 799, 647, 151, 101
track:1510, 800, 641, 151, 101
track:1511, 800, 637, 151, 101
track:1512, 788, 632, 151, 101
track:1513, 788, 633, 151, 101
track:1514, 774, 631, 151, 101
track:1515, 757, 631, 151, 101
track:1516, 730, 629, 151, 101
track:1517, 710, 633, 143, 96
track:1518, 713, 633, 143, 96
track:1519, 687, 633, 143, 96
track:1520, 665, 634, 143, 96
track:1521, 640, 634, 143, 96
track:1522, 633, 637, 137, 92
track:1523, 637, 640, 130, 87
track:1524, 630, 642, 124, 83
track:1525, 629, 642, 124, 83
track:1526, 638, 644, 118, 79
track:1527, 645, 643, 118, 79
track:1528, 646, 642, 118, 79
track:1529, 677, 644, 112, 75
track:1530, 702, 645, 107, 72
track:1531, 727, 644, 107, 72
track:1532, 754, 642, 107, 72
track:1533, 757, 642, 107, 72
track:1534, 783, 641, 107, 72
track:1535, 810, 643, 102, 68
track:1536, 835, 643, 102, 68
track:1537, 853, 646, 102, 68
track:1538, 854, 646, 102, 68
track:1539, 868, 646, 102, 68
init :1540, 900, 643, 235, 77
track:1541, 897, 642, 247, 81
track:1542, 898, 643, 247, 81
track:1543, 898, 643, 247, 81
track:1544, 898, 643, 247, 81
track:1545, 899, 647, 235, 77
track:1546, 895, 648, 235, 77
track:1547, 891, 650, 235, 77
track:1548, 888, 650, 235, 77
track:1549, 870, 652, 235, 77
track:1550, 867, 653, 235, 77
track:1551, 861, 655, 235, 77
track:1552, 861, 658, 224, 73
track:1553, 860, 658, 224, 73
track:1554, 863, 661, 213, 70
track:1555, 863, 662, 213, 70
track:1556, 867, 664, 203, 67
track:1557, 873, 667, 193, 63
track:1558, 873, 667, 193, 63
track:1559, 875, 668, 193, 63
track:1560, 882, 670, 184, 60
track:1561, 885, 669, 184, 60
track:1562, 890, 670, 184, 60
track:1563, 891, 671, 184, 60
track:1564, 897, 672, 175, 57
track:1565, 897, 672, 175, 57
track:1566, 898, 672, 175, 57
track:1567, 900, 673, 167, 55
track:1568, 903, 675, 159, 52
track:1569, 906, 677, 151, 50
track:1570, 908, 678, 144, 47
track:1571, 906, 678, 144, 47
track:1572, 902, 676, 151, 50
track:1573, 900, 676, 151, 50
track:1574, 898, 677, 151, 50
track:1575, 893, 676, 151, 50
track:1576, 895, 678, 144, 47
track:1577, 891, 678, 144, 47
track:1578, 894, 680, 137, 45
track:1579, 893, 680, 137, 45
track:1580, 893, 681, 131, 43
track:1581, 891, 683, 125, 41
track:1582, 892, 684, 119, 39
track:1583, 894, 686, 113, 37
track:1584, 895, 687, 108, 35
track:1585, 896, 688, 108, 35
track:1586, 897, 688, 103, 34
track:1587, 894, 687, 108, 35
track:1588, 894, 687, 108, 35
track:1589, 895, 687, 108, 35
track:1590, 895, 688, 103, 34
track:1591, 895, 689, 103, 34
track:1592, 895, 689, 103, 34
track:1593, 893, 689, 103, 34
track:1594, 891, 690, 103, 34
track:1595, 889, 692, 103, 34
track:1596, 892, 693, 98, 32
track:1599, 891, 695, 98, 32
track:1600, 891, 696, 93, 30
track:1601, 881, 696, 93, 30
track:1602, 881, 696, 93, 30
track:1603, 881, 696, 93, 30
track:1604, 879, 696, 93, 30
track:1605, 908, 697, 89, 29
track:1606, 910, 697, 84, 28
track:1607, 926, 696, 89, 29
track:1608, 924, 695, 93, 30
elapseTime: 16.075
