init :7, 821, 630, 235, 197
track:8, 821, 630, 235, 197
track:9, 822, 630, 235, 197
track:10, 821, 631, 235, 197
track:11, 823, 630, 235, 197
track:12, 823, 630, 235, 197
track:13, 824, 630, 235, 197
track:14, 824, 630, 235, 197
track:15, 824, 630, 235, 197
track:16, 825, 630, 235, 197
track:17, 826, 630, 235, 197
track:18, 825, 630, 235, 197
track:19, 825, 629, 235, 197
track:20, 821, 626, 247, 207
track:21, 820, 626, 247, 207
track:22, 827, 631, 235, 197
track:23, 828, 631, 235, 197
track:24, 827, 631, 235, 197
init :25, 821, 633, 240, 197
track:26, 821, 634, 240, 197
track:27, 822, 634, 240, 197
track:28, 822, 634, 240, 197
track:29, 823, 633, 240, 197
track:30, 823, 634, 240, 197
track:31, 821, 632, 240, 197
track:32, 821, 633, 240, 197
track:33, 823, 634, 240, 197
track:34, 823, 635, 240, 197
track:35, 823, 634, 240, 197
track:36, 823, 633, 240, 197
track:37, 824, 633, 240, 197
track:38, 824, 633, 240, 197
track:39, 823, 632, 240, 197
track:40, 823, 632, 240, 197
track:41, 823, 633, 240, 197
track:42, 824, 633, 240, 197
track:43, 824, 633, 240, 197
track:44, 824, 633, 240, 197
track:45, 824, 633, 240, 197
track:46, 824, 633, 240, 197
track:48, 825, 632, 240, 197
init :49, 826, 630, 235, 197
track:50, 827, 630, 235, 197
track:51, 827, 630, 235, 197
track:52, 826, 629, 235, 197
track:53, 826, 629, 235, 197
track:54, 826, 630, 235, 197
track:55, 828, 629, 235, 197
track:56, 826, 630, 235, 197
track:57, 828, 629, 235, 197
track:58, 827, 630, 235, 197
track:59, 826, 630, 235, 197
track:60, 827, 629, 235, 197
track:61, 826, 630, 235, 197
track:62, 825, 629, 235, 197
track:63, 824, 629, 235, 197
track:64, 824, 629, 235, 197
track:65, 823, 630, 235, 197
track:66, 825, 630, 235, 197
track:67, 825, 629, 235, 197
track:68, 823, 630, 235, 197
track:69, 825, 629, 235, 197
track:70, 824, 630, 235, 197
track:71, 823, 630, 235, 197
track:72, 824, 629, 235, 197
init :73, 826, 630, 235, 197
track:74, 826, 630, 235, 197
track:75, 826, 630, 235, 197
track:76, 825, 631, 235, 197
track:77, 826, 631, 235, 197
track:78, 824, 631, 235, 197
track:79, 825, 631, 235, 197
track:80, 826, 631, 235, 197
track:81, 824, 631, 235, 197
track:82, 825, 630, 235, 197
track:83, 826, 631, 235, 197
track:84, 825, 631, 235, 197
track:85, 825, 631, 235, 197
track:86, 825, 632, 235, 197
track:87, 825, 631, 235, 197
track:88, 825, 632, 235, 197
track:89, 825, 631, 235, 197
track:90, 825, 632, 235, 197
track:91, 826, 630, 235, 197
track:92, 826, 630, 235, 197
track:93, 825, 631, 235, 197
track:94, 827, 631, 235, 197
track:95, 827, 630, 235, 197
track:96, 826, 630, 235, 197
init :97, 826, 628, 240, 197
track:98, 827, 627, 240, 197
track:99, 827, 628, 240, 197
track:100, 829, 628, 240, 197
track:101, 829, 627, 240, 197
track:102, 830, 627, 240, 197
track:103, 831, 626, 240, 197
track:104, 830, 626, 240, 197
track:105, 832, 625, 240, 197
track:106, 837, 629, 229, 188
track:107, 832, 622, 240, 197
track:108, 832, 621, 240, 197
track:109, 833, 620, 240, 197
track:110, 832, 619, 240, 197
track:111, 833, 618, 240, 197
track:112, 834, 614, 240, 197
track:113, 834, 613, 240, 197
track:114, 833, 614, 240, 197
track:115, 834, 612, 240, 197
track:116, 836, 609, 240, 197
track:117, 837, 608, 240, 197
track:120, 837, 604, 240, 197
init :121, 853, 615, 198, 160
track:122, 854, 615, 198, 160
track:123, 853, 613, 198, 160
track:124, 853, 614, 198, 160
track:125, 856, 615, 189, 152
track:126, 855, 613, 189, 152
track:127, 852, 611, 189, 152
track:128, 851, 611, 189, 152
track:129, 851, 611, 189, 152
track:130, 856, 616, 180, 145
track:131, 856, 617, 180, 145
track:132, 859, 620, 180, 145
track:133, 856, 619, 189, 152
track:134, 855, 620, 189, 152
track:135, 855, 621, 189, 152
track:136, 856, 621, 189, 152
track:137, 862, 626, 180, 145
track:138, 863, 628, 180, 145
track:139, 864, 628, 180, 145
track:140, 863, 627, 180, 145
track:141, 861, 625, 180, 145
track:142, 860, 627, 180, 145
track:143, 860, 627, 180, 145
track:144, 860, 628, 180, 145
init :145, 858, 625, 180, 150
track:146, 858, 625, 180, 150
track:147, 859, 627, 180, 150
track:148, 860, 629, 180, 150
track:149, 864, 633, 171, 143
track:150, 864, 636, 171, 143
track:151, 865, 639, 171, 143
track:152, 865, 642, 171, 143
track:153, 865, 644, 171, 143
track:154, 860, 641, 180, 150
track:155, 861, 642, 180, 150
track:156, 861, 644, 180, 150
track:157, 862, 645, 180, 150
track:158, 862, 646, 180, 150
track:159, 862, 646, 180, 150
track:160, 862, 646, 180, 150
track:161, 860, 647, 180, 150
track:162, 856, 647, 180, 150
track:163, 861, 649, 171, 143
track:164, 861, 650, 171, 143
track:165, 861, 651, 171, 143
track:166, 861, 651, 171, 143
track:167, 866, 654, 163, 136
track:168, 866, 654, 163, 136
init :169, 863, 659, 166, 150
track:170, 863, 659, 166, 150
track:171, 866, 658, 166, 150
track:172, 868, 657, 166, 150
track:173, 867, 657, 166, 150
track:174, 866, 656, 166, 150
track:175, 864, 657, 166, 150
track:176, 862, 657, 166, 150
track:177, 862, 657, 166, 150
track:178, 864, 658, 166, 150
track:179, 864, 658, 166, 150
track:180, 865, 660, 166, 150
track:181, 866, 662, 166, 150
track:182, 866, 663, 166, 150
track:183, 868, 666, 166, 150
track:184, 870, 667, 166, 150
track:185, 871, 669, 166, 150
track:186, 870, 668, 166, 150
track:187, 866, 659, 166, 150
track:188, 865, 661, 158, 143
track:189, 866, 660, 158, 143
track:190, 859, 656, 166, 150
track:191, 858, 653, 166, 150
track:192, 858, 649, 166, 150
init :193, 858, 643, 161, 150
track:194, 858, 643, 161, 150
track:195, 860, 642, 161, 150
track:196, 861, 641, 161, 150
track:197, 860, 639, 161, 150
track:198, 858, 640, 161, 150
track:199, 858, 640, 161, 150
track:200, 857, 643, 161, 150
track:201, 854, 643, 161, 150
track:202, 854, 641, 161, 150
track:203, 853, 639, 161, 150
track:204, 853, 639, 161, 150
track:205, 854, 636, 161, 150
track:206, 855, 635, 161, 150
track:207, 852, 634, 161, 150
track:208, 852, 633, 161, 150
track:209, 850, 631, 161, 150
track:210, 852, 631, 153, 143
track:211, 852, 628, 153, 143
track:212, 851, 625, 153, 143
track:213, 851, 626, 153, 143
track:214, 854, 627, 146, 136
track:215, 854, 626, 146, 136
track:216, 855, 625, 146, 136
init :217, 849, 630, 147, 124
track:218, 849, 630, 147, 124
track:219, 849, 631, 147, 124
track:220, 849, 636, 147, 124
track:221, 848, 638, 147, 124
track:222, 848, 640, 147, 124
track:223, 848, 641, 147, 124
track:224, 848, 643, 147, 124
track:225, 848, 644, 147, 124
track:226, 848, 645, 147, 124
track:227, 852, 648, 140, 118
track:228, 852, 648, 140, 118
track:229, 851, 649, 140, 118
track:230, 852, 649, 140, 118
track:231, 852, 648, 140, 118
track:232, 851, 645, 140, 118
track:233, 850, 645, 140, 118
track:234, 853, 647, 133, 112
track:235, 853, 647, 133, 112
track:236, 853, 645, 133, 112
track:237, 856, 645, 133, 112
track:238, 855, 645, 133, 112
track:239, 857, 647, 133, 112
track:240, 858, 648, 133, 112
init :241, 863, 651, 120, 101
track:242, 864, 651, 120, 101
track:243, 864, 651, 120, 101
track:244, 864, 652, 120, 101
track:245, 864, 652, 120, 101
track:246, 864, 653, 120, 101
track:247, 864, 654, 120, 101
track:248, 865, 654, 120, 101
track:249, 864, 655, 120, 101
track:250, 864, 655, 120, 101
track:251, 865, 658, 120, 101
track:252, 866, 659, 120, 101
track:253, 866, 659, 120, 101
track:254, 867, 663, 120, 101
track:255, 866, 664, 120, 101
track:256, 867, 666, 120, 101
track:257, 869, 670, 120, 101
track:258, 868, 670, 120, 101
track:259, 869, 671, 120, 101
track:260, 869, 673, 120, 101
track:261, 869, 674, 120, 101
track:262, 869, 674, 120, 101
track:263, 869, 674, 120, 101
track:264, 869, 676, 120, 101
init :265, 867, 680, 124, 96
track:266, 867, 681, 124, 96
track:267, 868, 683, 124, 96
track:268, 868, 684, 124, 96
track:269, 868, 685, 124, 96
track:270, 868, 687, 124, 96
track:271, 866, 688, 130, 101
track:272, 867, 691, 130, 101
track:273, 867, 692, 130, 101
track:274, 868, 694, 130, 101
track:275, 868, 696, 130, 101
track:276, 865, 697, 137, 106
track:277, 868, 700, 137, 106
track:278, 864, 697, 144, 111
track:279, 864, 697, 144, 111
track:280, 863, 694, 151, 117
track:281, 862, 693, 151, 117
track:282, 865, 694, 151, 117
track:283, 866, 695, 151, 117
track:284, 868, 697, 151, 117
track:285, 869, 698, 151, 117
track:286, 871, 697, 151, 117
track:287, 869, 691, 158, 123
track:288, 869, 691, 158, 123
init :289, 872, 677, 161, 150
track:290, 872, 673, 161, 150
track:291, 872, 667, 161, 150
track:292, 870, 659, 169, 158
track:293, 871, 659, 169, 158
track:294, 871, 657, 169, 158
track:295, 869, 650, 178, 165
track:296, 871, 650, 178, 165
track:297, 866, 647, 186, 174
track:298, 861, 643, 196, 182
track:299, 859, 644, 196, 182
track:300, 858, 645, 196, 182
track:301, 855, 647, 196, 182
track:302, 850, 648, 205, 191
track:303, 845, 646, 216, 201
track:304, 843, 649, 216, 201
track:305, 837, 645, 227, 211
track:306, 831, 641, 238, 222
track:307, 830, 639, 238, 222
track:308, 831, 638, 238, 222
track:309, 825, 631, 250, 233
track:310, 823, 624, 250, 233
track:311, 822, 607, 250, 233
track:312, 824, 599, 250, 233
init :313, 812, 607, 263, 218
track:314, 813, 601, 263, 218
track:315, 813, 593, 263, 218
track:316, 813, 586, 263, 218
track:317, 822, 584, 250, 208
track:318, 822, 582, 250, 208
track:319, 823, 581, 250, 208
track:320, 827, 570, 250, 208
track:321, 836, 569, 239, 198
track:322, 838, 567, 239, 198
track:323, 836, 567, 239, 198
track:324, 834, 572, 239, 198
track:325, 841, 574, 227, 188
track:326, 839, 566, 227, 188
track:327, 838, 565, 227, 188
track:328, 838, 566, 227, 188
track:329, 840, 576, 216, 179
track:330, 838, 583, 216, 179
track:331, 837, 586, 216, 179
track:332, 834, 588, 216, 179
track:333, 834, 590, 216, 179
track:334, 834, 592, 216, 179
track:335, 833, 593, 216, 179
track:336, 834, 596, 216, 179
init :337, 853, 599, 184, 168
track:338, 853, 599, 184, 168
track:339, 853, 595, 184, 168
track:340, 854, 594, 184, 168
track:341, 854, 594, 184, 168
track:342, 855, 593, 184, 168
track:343, 855, 593, 184, 168
track:344, 854, 591, 184, 168
track:345, 860, 592, 175, 160
track:346, 860, 593, 175, 160
track:347, 859, 595, 175, 160
track:348, 859, 595, 175, 160
track:349, 864, 602, 167, 152
track:350, 867, 609, 159, 145
track:351, 868, 612, 159, 145
track:352, 872, 619, 151, 138
track:353, 873, 619, 151, 138
track:354, 872, 621, 151, 138
track:355, 872, 622, 151, 138
track:356, 872, 622, 151, 138
track:357, 871, 623, 151, 138
track:358, 870, 624, 151, 138
track:359, 874, 628, 144, 132
track:360, 876, 630, 137, 125
init :361, 872, 636, 138, 98
track:362, 871, 636, 138, 98
track:363, 871, 636, 138, 98
track:364, 871, 637, 138, 98
track:365, 871, 638, 138, 98
track:366, 871, 639, 138, 98
track:367, 871, 640, 138, 98
track:368, 871, 641, 138, 98
track:369, 870, 641, 138, 98
track:370, 869, 647, 138, 98
track:371, 868, 652, 138, 98
track:372, 871, 658, 131, 93
track:373, 870, 659, 131, 93
track:374, 870, 661, 131, 93
track:375, 868, 661, 131, 93
track:376, 866, 662, 131, 93
track:377, 865, 663, 131, 93
track:378, 864, 663, 131, 93
track:379, 864, 664, 131, 93
track:380, 864, 663, 131, 93
track:381, 864, 662, 131, 93
track:382, 861, 662, 131, 93
track:383, 860, 662, 131, 93
track:384, 862, 664, 125, 89
init :385, 863, 662, 110, 93
track:386, 863, 662, 110, 93
track:387, 864, 663, 110, 93
track:388, 864, 663, 110, 93
track:389, 863, 662, 110, 93
track:390, 863, 662, 110, 93
track:391, 863, 665, 110, 93
track:392, 863, 668, 110, 93
track:393, 863, 668, 110, 93
track:394, 863, 669, 110, 93
track:395, 864, 674, 110, 93
track:396, 865, 678, 110, 93
track:397, 867, 682, 110, 93
track:398, 868, 683, 110, 93
track:399, 869, 687, 110, 93
track:400, 870, 692, 110, 93
track:401, 871, 697, 110, 93
track:402, 872, 700, 110, 93
track:403, 872, 702, 110, 93
track:404, 872, 703, 110, 93
track:405, 873, 703, 110, 93
track:406, 874, 703, 110, 93
track:407, 876, 703, 110, 93
track:408, 876, 703, 110, 93
init :409, 876, 700, 106, 83
track:410, 876, 698, 106, 83
track:411, 877, 696, 106, 83
track:412, 878, 694, 106, 83
track:413, 878, 694, 106, 83
track:414, 878, 693, 106, 83
track:415, 878, 694, 106, 83
track:416, 878, 696, 106, 83
track:417, 879, 695, 106, 83
track:418, 880, 696, 106, 83
track:419, 879, 696, 106, 83
track:420, 877, 696, 106, 83
track:421, 876, 697, 106, 83
track:422, 876, 695, 106, 83
track:423, 876, 694, 106, 83
track:424, 876, 691, 106, 83
track:425, 875, 689, 106, 83
track:426, 874, 688, 106, 83
track:427, 873, 687, 106, 83
track:428, 873, 686, 106, 83
track:429, 873, 686, 106, 83
track:430, 872, 687, 106, 83
track:431, 872, 687, 106, 83
track:432, 870, 686, 106, 83
init :433, 872, 690, 110, 83
track:434, 871, 690, 110, 83
track:435, 871, 691, 110, 83
track:436, 871, 691, 110, 83
track:437, 870, 693, 110, 83
track:438, 870, 694, 110, 83
track:439, 871, 695, 110, 83
track:440, 872, 696, 110, 83
track:441, 872, 696, 110, 83
track:442, 872, 695, 110, 83
track:443, 873, 696, 110, 83
track:444, 873, 696, 110, 83
track:445, 873, 697, 110, 83
track:446, 874, 698, 110, 83
track:447, 873, 697, 110, 83
track:448, 873, 696, 110, 83
track:449, 873, 695, 110, 83
track:450, 873, 695, 110, 83
track:451, 874, 696, 110, 83
track:452, 875, 698, 110, 83
track:453, 876, 699, 110, 83
track:454, 877, 699, 110, 83
track:455, 877, 699, 110, 83
track:456, 877, 700, 110, 83
init :457, 872, 693, 124, 93
track:458, 872, 693, 124, 93
track:459, 872, 693, 124, 93
track:460, 872, 691, 124, 93
track:461, 872, 691, 124, 93
track:462, 873, 692, 124, 93
track:463, 873, 690, 124, 93
track:464, 870, 686, 130, 98
track:465, 869, 684, 130, 98
track:466, 869, 685, 130, 98
track:467, 869, 685, 130, 98
track:468, 869, 685, 130, 98
track:469, 866, 682, 137, 103
track:470, 868, 684, 137, 103
track:471, 869, 685, 137, 103
track:472, 870, 685, 137, 103
track:473, 870, 687, 137, 103
track:474, 871, 690, 137, 103
track:475, 873, 690, 137, 103
track:476, 874, 689, 137, 103
track:477, 874, 689, 137, 103
track:478, 875, 688, 137, 103
track:479, 874, 683, 144, 108
track:480, 876, 674, 144, 108
init :481, 872, 669, 147, 124
track:482, 872, 669, 147, 124
track:483, 875, 663, 147, 124
track:484, 876, 662, 147, 124
track:485, 874, 658, 154, 130
track:486, 875, 663, 154, 130
track:487, 875, 663, 154, 130
track:488, 873, 667, 154, 130
track:490, 871, 671, 154, 130
track:491, 868, 672, 154, 130
track:492, 863, 670, 162, 137
track:493, 861, 670, 162, 137
track:494, 861, 669, 162, 137
track:495, 854, 660, 170, 144
track:496, 852, 655, 170, 144
track:497, 851, 654, 170, 144
track:498, 850, 651, 170, 144
track:499, 849, 648, 170, 144
track:500, 847, 642, 170, 144
track:501, 848, 638, 170, 144
track:502, 848, 638, 170, 144
track:503, 846, 636, 170, 144
track:504, 847, 634, 170, 144
init :505, 853, 630, 156, 140
track:506, 852, 630, 156, 140
track:507, 853, 630, 156, 140
track:508, 848, 625, 164, 147
track:509, 848, 622, 164, 147
track:510, 848, 620, 164, 147
track:511, 848, 618, 164, 147
track:512, 851, 620, 156, 140
track:513, 851, 619, 156, 140
track:514, 851, 621, 156, 140
track:515, 852, 622, 156, 140
track:516, 851, 621, 156, 140
track:517, 855, 624, 149, 133
track:518, 855, 621, 149, 133
track:519, 855, 620, 149, 133
track:520, 855, 619, 149, 133
track:521, 855, 618, 149, 133
track:522, 856, 618, 149, 133
track:523, 858, 623, 141, 127
track:524, 859, 625, 141, 127
track:525, 861, 627, 141, 127
track:526, 862, 627, 141, 127
track:527, 866, 631, 135, 121
track:528, 866, 630, 135, 121
init :529, 867, 636, 138, 98
track:530, 868, 635, 138, 98
track:531, 868, 634, 138, 98
track:532, 869, 635, 138, 98
track:533, 870, 637, 138, 98
track:534, 871, 637, 138, 98
track:535, 870, 638, 138, 98
track:536, 870, 641, 138, 98
track:537, 871, 641, 138, 98
track:538, 874, 644, 131, 93
track:539, 877, 648, 125, 89
track:540, 877, 648, 125, 89
track:543, 875, 649, 125, 89
track:544, 874, 649, 125, 89
track:546, 875, 655, 119, 85
track:547, 876, 656, 119, 85
track:548, 874, 659, 119, 85
track:549, 873, 661, 119, 85
track:550, 873, 663, 119, 85
track:551, 871, 664, 119, 85
track:552, 870, 664, 119, 85
init :553, 881, 664, 101, 83
track:554, 881, 664, 101, 83
track:555, 881, 664, 101, 83
track:556, 880, 665, 101, 83
track:557, 880, 665, 101, 83
track:558, 880, 670, 101, 83
track:559, 879, 672, 101, 83
track:560, 879, 676, 101, 83
track:561, 882, 680, 96, 79
track:562, 881, 680, 96, 79
track:563, 882, 682, 96, 79
track:564, 881, 685, 96, 79
track:565, 881, 686, 96, 79
track:566, 881, 688, 96, 79
track:567, 881, 688, 96, 79
track:568, 882, 691, 96, 79
track:569, 883, 692, 96, 79
track:570, 881, 695, 96, 79
track:571, 882, 697, 96, 79
track:572, 882, 697, 96, 79
track:573, 883, 700, 96, 79
track:574, 884, 702, 96, 79
track:575, 885, 701, 96, 79
track:576, 884, 699, 96, 79
init :577, 872, 700, 101, 75
track:578, 872, 699, 101, 75
track:579, 873, 696, 101, 75
track:580, 874, 697, 101, 75
track:581, 874, 696, 101, 75
track:582, 874, 697, 101, 75
track:583, 874, 699, 101, 75
track:584, 874, 701, 101, 75
track:585, 874, 700, 101, 75
track:586, 873, 701, 101, 75
track:587, 871, 700, 106, 79
track:588, 871, 701, 106, 79
track:589, 872, 699, 106, 79
track:590, 871, 699, 106, 79
track:591, 870, 700, 106, 79
track:592, 869, 700, 106, 79
track:593, 868, 699, 106, 79
track:594, 868, 697, 106, 79
track:595, 865, 687, 111, 83
track:596, 864, 684, 111, 83
track:597, 864, 684, 111, 83
track:598, 864, 680, 111, 83
track:599, 863, 673, 111, 83
track:600, 863, 670, 111, 83
init :601, 867, 664, 115, 103
track:602, 867, 664, 115, 103
track:603, 867, 663, 115, 103
track:604, 865, 660, 115, 103
track:605, 865, 657, 115, 103
track:606, 866, 656, 115, 103
track:607, 865, 656, 115, 103
track:608, 866, 656, 115, 103
track:609, 867, 655, 115, 103
track:610, 867, 656, 115, 103
track:611, 867, 660, 115, 103
track:612, 864, 659, 121, 108
track:613, 863, 661, 121, 108
track:614, 864, 663, 121, 108
track:615, 865, 666, 121, 108
track:616, 864, 669, 121, 108
track:617, 861, 667, 127, 114
track:618, 861, 667, 127, 114
track:619, 860, 665, 127, 114
track:620, 861, 664, 127, 114
track:621, 862, 664, 127, 114
track:622, 862, 664, 127, 114
track:623, 861, 663, 127, 114
track:624, 860, 661, 127, 114
init :625, 858, 656, 133, 114
track:626, 862, 659, 127, 109
track:627, 863, 659, 127, 109
track:628, 864, 660, 127, 109
track:629, 864, 660, 127, 109
track:630, 864, 659, 127, 109
track:631, 860, 656, 133, 114
track:632, 859, 656, 133, 114
track:633, 861, 659, 133, 114
track:634, 859, 659, 140, 120
track:635, 859, 661, 140, 120
track:636, 860, 663, 140, 120
track:637, 860, 662, 140, 120
track:638, 862, 663, 140, 120
track:639, 862, 664, 140, 120
track:640, 863, 663, 140, 120
track:641, 860, 658, 147, 126
track:642, 860, 658, 147, 126
track:643, 860, 656, 147, 126
track:644, 860, 655, 147, 126
track:645, 860, 645, 147, 126
track:646, 861, 644, 147, 126
track:647, 861, 643, 147, 126
track:648, 861, 643, 147, 126
init :649, 863, 651, 143, 119
track:650, 865, 652, 143, 119
track:651, 867, 652, 143, 119
track:652, 867, 652, 143, 119
track:653, 869, 652, 143, 119
track:654, 868, 653, 143, 119
track:655, 870, 656, 143, 119
track:656, 871, 659, 143, 119
track:657, 872, 660, 143, 119
track:658, 870, 661, 150, 125
track:659, 874, 662, 143, 119
track:660, 874, 662, 143, 119
track:661, 874, 661, 143, 119
track:662, 876, 660, 143, 119
track:663, 876, 660, 143, 119
track:664, 876, 659, 143, 119
track:665, 878, 656, 143, 119
track:666, 878, 656, 143, 119
track:667, 879, 655, 143, 119
track:668, 879, 653, 143, 119
track:669, 879, 652, 143, 119
track:670, 878, 653, 143, 119
track:671, 877, 652, 143, 119
track:672, 876, 652, 143, 119
init :673, 872, 651, 143, 116
track:674, 871, 650, 143, 116
track:675, 870, 650, 143, 116
track:676, 870, 651, 143, 116
track:677, 870, 651, 143, 116
track:678, 868, 653, 143, 116
track:679, 867, 663, 143, 116
track:680, 868, 670, 143, 116
track:681, 868, 672, 143, 116
track:682, 868, 673, 143, 116
track:683, 866, 672, 143, 116
track:684, 865, 671, 143, 116
track:685, 865, 673, 143, 116
track:686, 865, 675, 143, 116
track:687, 865, 676, 143, 116
track:688, 865, 675, 143, 116
track:689, 860, 671, 150, 122
track:690, 859, 670, 150, 122
track:691, 858, 668, 150, 122
track:692, 858, 667, 150, 122
track:693, 858, 666, 150, 122
track:694, 858, 666, 150, 122
track:695, 858, 665, 150, 122
track:696, 853, 661, 158, 128
init :697, 863, 662, 143, 111
track:698, 861, 661, 143, 111
track:699, 860, 662, 143, 111
track:700, 860, 664, 143, 111
track:701, 860, 664, 143, 111
track:702, 860, 664, 143, 111
track:703, 861, 668, 143, 111
track:704, 858, 673, 143, 111
track:705, 858, 678, 143, 111
track:706, 857, 678, 143, 111
track:707, 857, 679, 143, 111
track:708, 852, 679, 150, 117
track:709, 853, 679, 150, 117
track:710, 854, 677, 150, 117
track:711, 853, 677, 150, 117
track:712, 852, 674, 150, 117
track:713, 852, 672, 150, 117
track:714, 851, 672, 150, 117
track:715, 852, 674, 150, 117
track:716, 851, 674, 150, 117
track:717, 851, 675, 150, 117
track:718, 852, 676, 150, 117
track:719, 853, 676, 150, 117
track:720, 854, 677, 150, 117
init :721, 853, 675, 147, 124
track:722, 853, 675, 147, 124
track:723, 853, 675, 147, 124
track:724, 854, 671, 147, 124
track:725, 854, 668, 147, 124
track:726, 854, 668, 147, 124
track:727, 854, 666, 147, 124
track:728, 855, 663, 147, 124
track:729, 852, 654, 154, 130
track:730, 852, 652, 154, 130
track:731, 853, 651, 154, 130
track:732, 853, 653, 154, 130
track:733, 852, 651, 154, 130
track:734, 853, 647, 154, 130
track:735, 854, 643, 154, 130
track:736, 855, 641, 154, 130
track:737, 854, 640, 154, 130
track:738, 853, 638, 154, 130
track:739, 850, 636, 162, 137
track:740, 852, 638, 162, 137
track:741, 852, 638, 162, 137
track:742, 853, 639, 162, 137
track:743, 851, 639, 162, 137
track:744, 850, 640, 162, 137
init :745, 853, 636, 156, 129
track:746, 853, 636, 156, 129
track:747, 854, 635, 156, 129
track:748, 854, 625, 156, 129
track:749, 853, 622, 156, 129
track:750, 852, 621, 156, 129
track:751, 851, 622, 156, 129
track:752, 850, 624, 156, 129
track:753, 855, 627, 149, 123
track:754, 857, 627, 149, 123
track:755, 860, 626, 149, 123
track:756, 861, 626, 149, 123
track:757, 862, 626, 149, 123
track:758, 861, 623, 149, 123
track:759, 860, 625, 149, 123
track:760, 860, 629, 149, 123
track:761, 860, 631, 149, 123
track:762, 862, 631, 149, 123
track:763, 864, 631, 149, 123
track:764, 866, 631, 149, 123
track:765, 864, 631, 149, 123
track:766, 867, 634, 141, 117
track:767, 866, 634, 141, 117
track:768, 866, 636, 141, 117
init :769, 863, 638, 147, 122
track:770, 865, 647, 147, 122
track:771, 866, 648, 147, 122
track:772, 867, 647, 147, 122
track:773, 867, 646, 147, 122
track:774, 869, 646, 147, 122
track:775, 868, 646, 147, 122
track:776, 868, 647, 147, 122
track:777, 869, 647, 147, 122
track:778, 870, 646, 147, 122
track:779, 871, 646, 147, 122
track:780, 872, 646, 147, 122
track:781, 876, 648, 140, 116
track:782, 876, 648, 140, 116
track:783, 880, 650, 133, 111
track:784, 879, 649, 133, 111
track:785, 878, 650, 133, 111
track:786, 881, 653, 127, 105
track:787, 880, 653, 127, 105
track:788, 879, 654, 127, 105
track:789, 879, 654, 127, 105
track:790, 875, 650, 133, 111
track:791, 876, 651, 133, 111
track:792, 875, 649, 133, 111
init :793, 876, 654, 133, 93
track:794, 876, 655, 133, 93
track:795, 876, 658, 133, 93
track:796, 876, 659, 133, 93
track:797, 877, 659, 133, 93
track:798, 876, 659, 133, 93
track:799, 876, 660, 133, 93
track:800, 876, 661, 133, 93
track:801, 876, 661, 133, 93
track:802, 875, 662, 133, 93
track:803, 875, 663, 133, 93
track:804, 876, 663, 133, 93
track:805, 874, 663, 133, 93
track:806, 874, 664, 133, 93
track:807, 873, 663, 133, 93
track:808, 873, 664, 133, 93
track:809, 873, 665, 133, 93
track:810, 874, 667, 133, 93
track:811, 874, 668, 133, 93
track:812, 873, 669, 133, 93
track:813, 871, 670, 133, 93
track:814, 869, 670, 133, 93
track:815, 869, 670, 133, 93
track:816, 868, 670, 133, 93
init :817, 863, 669, 147, 109
track:818, 862, 675, 147, 109
track:819, 862, 676, 147, 109
track:820, 860, 687, 147, 109
track:821, 859, 688, 147, 109
track:822, 859, 688, 147, 109
track:823, 858, 687, 147, 109
track:824, 855, 684, 154, 114
track:825, 854, 685, 154, 114
track:826, 853, 685, 154, 114
track:827, 849, 686, 162, 120
track:828, 850, 693, 162, 120
track:829, 846, 692, 170, 126
track:830, 847, 693, 170, 126
track:831, 848, 693, 170, 126
track:832, 848, 694, 170, 126
track:833, 847, 690, 179, 132
track:834, 847, 682, 179, 132
track:835, 847, 675, 179, 132
track:836, 847, 674, 179, 132
track:837, 850, 671, 179, 132
track:838, 846, 667, 179, 132
track:839, 844, 663, 179, 132
track:840, 839, 656, 188, 139
init :841, 840, 646, 180, 163
track:842, 839, 645, 180, 163
track:843, 837, 643, 180, 163
track:844, 836, 639, 180, 163
track:845, 831, 625, 180, 163
track:846, 831, 625, 180, 163
track:847, 830, 621, 180, 163
track:848, 829, 613, 180, 163
track:849, 829, 612, 180, 163
track:850, 823, 607, 189, 171
track:851, 823, 607, 189, 171
track:852, 822, 598, 198, 180
track:853, 825, 594, 198, 180
track:854, 827, 595, 198, 180
track:855, 822, 593, 208, 189
track:856, 823, 594, 208, 189
track:857, 827, 600, 198, 180
track:858, 828, 597, 198, 180
track:859, 829, 594, 198, 180
track:860, 829, 591, 198, 180
track:861, 829, 592, 198, 180
track:862, 829, 593, 198, 180
track:863, 830, 597, 198, 180
track:864, 831, 603, 198, 180
init :865, 844, 623, 175, 147
track:866, 844, 623, 175, 147
track:867, 844, 628, 175, 147
track:868, 844, 630, 175, 147
track:869, 844, 631, 175, 147
track:870, 845, 635, 175, 147
track:871, 850, 638, 167, 140
track:872, 851, 640, 167, 140
track:873, 851, 639, 167, 140
track:874, 852, 639, 167, 140
track:875, 855, 642, 159, 133
track:876, 856, 643, 159, 133
track:877, 856, 643, 159, 133
track:878, 857, 644, 159, 133
track:879, 860, 643, 159, 133
track:880, 859, 643, 159, 133
track:881, 859, 642, 159, 133
track:882, 860, 642, 159, 133
track:883, 861, 641, 159, 133
track:884, 868, 644, 151, 127
track:885, 870, 643, 151, 127
track:886, 870, 643, 151, 127
track:887, 874, 647, 144, 121
track:888, 875, 647, 144, 121
init :889, 876, 649, 133, 119
track:890, 878, 649, 133, 119
track:891, 878, 649, 133, 119
track:892, 880, 648, 133, 119
track:893, 881, 648, 133, 119
track:894, 881, 647, 133, 119
track:895, 882, 648, 133, 119
track:896, 882, 648, 133, 119
track:897, 882, 648, 133, 119
track:898, 881, 647, 133, 119
track:899, 878, 646, 133, 119
track:900, 881, 649, 127, 113
track:901, 880, 649, 127, 113
track:902, 883, 654, 121, 108
track:903, 885, 656, 115, 103
track:904, 882, 654, 121, 108
track:905, 883, 654, 121, 108
track:906, 882, 654, 121, 108
track:907, 856, 635, 121, 108
track:908, 853, 638, 115, 103
track:909, 856, 651, 109, 98
track:910, 856, 656, 109, 98
track:911, 856, 653, 115, 103
track:912, 851, 655, 121, 108
init :913, 807, 565, 286, 259
track:914, 809, 566, 286, 259
track:915, 811, 570, 286, 259
track:916, 810, 570, 286, 259
track:917, 812, 571, 286, 259
track:918, 819, 579, 272, 247
track:919, 819, 580, 272, 247
track:920, 817, 581, 272, 247
track:921, 809, 575, 286, 259
track:922, 805, 575, 286, 259
track:923, 800, 575, 286, 259
track:924, 795, 572, 286, 259
track:925, 789, 572, 286, 259
track:926, 788, 572, 286, 259
track:927, 787, 573, 286, 259
track:928, 779, 573, 286, 259
track:929, 773, 573, 286, 259
track:930, 770, 571, 286, 259
track:931, 771, 571, 286, 259
track:932, 773, 576, 272, 247
track:933, 771, 573, 272, 247
track:934, 772, 572, 272, 247
track:935, 772, 569, 272, 247
track:936, 772, 568, 272, 247
init :937, 775, 565, 313, 249
track:938, 775, 565, 313, 249
track:939, 777, 565, 313, 249
track:940, 779, 563, 313, 249
track:941, 788, 570, 298, 237
track:942, 781, 562, 313, 249
track:943, 780, 561, 313, 249
track:944, 779, 560, 313, 249
track:945, 779, 560, 313, 249
track:946, 780, 559, 313, 249
track:947, 775, 561, 313, 249
track:948, 772, 561, 313, 249
track:949, 767, 563, 313, 249
track:950, 763, 565, 313, 249
track:951, 762, 567, 313, 249
track:952, 760, 567, 313, 249
track:953, 758, 568, 313, 249
track:954, 756, 568, 313, 249
track:955, 760, 577, 298, 237
track:956, 753, 572, 313, 249
track:957, 753, 574, 313, 249
track:958, 752, 574, 313, 249
track:959, 743, 567, 329, 261
track:960, 750, 577, 313, 249
init :961, 747, 584, 383, 236
track:962, 746, 585, 383, 236
track:963, 744, 587, 383, 236
track:964, 744, 587, 383, 236
track:965, 743, 587, 383, 236
track:966, 741, 588, 383, 236
track:967, 739, 589, 383, 236
track:968, 737, 589, 383, 236
track:969, 729, 590, 383, 236
track:970, 729, 589, 383, 236
track:971, 728, 590, 383, 236
track:972, 721, 593, 383, 236
track:973, 718, 591, 383, 236
track:974, 711, 592, 383, 236
track:975, 719, 597, 365, 225
track:976, 715, 597, 365, 225
track:977, 712, 598, 365, 225
track:978, 711, 598, 365, 225
track:979, 708, 597, 365, 225
track:980, 702, 594, 383, 236
track:981, 703, 593, 383, 236
track:982, 701, 594, 383, 236
track:983, 702, 595, 383, 236
track:984, 704, 594, 383, 236
init :985, 692, 586, 484, 246
track:986, 692, 586, 484, 246
track:987, 693, 587, 484, 246
track:988, 710, 593, 461, 234
track:989, 711, 594, 461, 234
track:990, 713, 594, 461, 234
track:991, 710, 593, 461, 234
track:992, 714, 594, 461, 234
track:993, 712, 594, 461, 234
track:994, 715, 591, 461, 234
track:995, 712, 592, 461, 234
track:996, 716, 588, 461, 234
track:997, 716, 588, 461, 234
track:998, 719, 586, 461, 234
track:999, 719, 585, 461, 234
track:1000, 719, 585, 461, 234
track:1001, 727, 580, 461, 234
track:1002, 730, 580, 461, 234
track:1003, 734, 575, 461, 234
track:1004, 739, 573, 461, 234
track:1005, 743, 573, 461, 234
track:1006, 753, 574, 439, 223
track:1007, 755, 573, 439, 223
track:1008, 756, 570, 439, 223
init :1009, 761, 573, 489, 199
track:1010, 761, 573, 489, 199
track:1011, 771, 578, 466, 190
track:1012, 768, 577, 466, 190
track:1013, 761, 578, 466, 190
track:1014, 757, 578, 466, 190
track:1015, 757, 577, 466, 190
track:1016, 753, 576, 466, 190
track:1017, 751, 575, 466, 190
track:1018, 747, 576, 466, 190
track:1019, 731, 571, 489, 199
track:1020, 729, 569, 489, 199
track:1021, 731, 570, 489, 199
track:1022, 742, 574, 466, 190
track:1023, 740, 574, 466, 190
track:1024, 736, 575, 466, 190
track:1025, 738, 575, 466, 190
track:1026, 736, 575, 466, 190
track:1027, 731, 577, 466, 190
track:1028, 740, 579, 444, 180
track:1029, 736, 579, 444, 180
track:1030, 731, 580, 444, 180
track:1031, 728, 581, 444, 180
track:1032, 726, 584, 444, 180
init :1033, 743, 586, 433, 163
track:1034, 743, 587, 433, 163
track:1035, 742, 586, 433, 163
track:1036, 739, 587, 433, 163
track:1037, 739, 589, 433, 163
track:1038, 739, 592, 433, 163
track:1039, 744, 597, 412, 155
track:1040, 736, 596, 433, 163
track:1041, 733, 601, 433, 163
track:1042, 733, 601, 433, 163
track:1043, 731, 603, 433, 163
track:1044, 730, 603, 433, 163
track:1045, 731, 604, 433, 163
track:1046, 733, 606, 433, 163
track:1047, 737, 610, 433, 163
track:1048, 738, 609, 433, 163
track:1049, 742, 607, 433, 163
track:1050, 754, 609, 412, 155
track:1051, 748, 602, 433, 163
track:1052, 751, 600, 433, 163
track:1053, 756, 600, 433, 163
track:1054, 759, 597, 455, 171
track:1055, 763, 598, 455, 171
track:1056, 767, 599, 455, 171
init :1057, 789, 610, 452, 145
track:1058, 789, 610, 452, 145
track:1059, 790, 611, 452, 145
track:1060, 791, 611, 452, 145
track:1061, 791, 611, 452, 145
track:1062, 790, 612, 452, 145
track:1063, 788, 613, 452, 145
track:1064, 784, 614, 452, 145
track:1065, 784, 614, 452, 145
track:1066, 777, 613, 452, 145
track:1067, 770, 613, 452, 145
track:1068, 752, 610, 475, 152
track:1069, 753, 613, 452, 145
track:1070, 750, 613, 452, 145
track:1071, 731, 609, 475, 152
track:1072, 718, 608, 475, 152
track:1073, 702, 609, 475, 152
track:1074, 702, 611, 452, 145
track:1075, 699, 611, 452, 145
track:1076, 691, 611, 452, 145
track:1077, 684, 611, 452, 145
track:1078, 666, 611, 452, 145
track:1079, 650, 609, 475, 152
track:1080, 657, 613, 452, 145
init :1081, 673, 625, 443, 135
track:1082, 667, 626, 443, 135
track:1083, 663, 628, 443, 135
track:1084, 662, 629, 443, 135
track:1085, 662, 629, 443, 135
track:1086, 664, 629, 443, 135
track:1087, 666, 630, 443, 135
track:1088, 655, 627, 465, 142
track:1089, 655, 628, 465, 142
track:1090, 645, 625, 488, 149
track:1091, 659, 628, 465, 142
track:1092, 656, 629, 465, 142
track:1093, 658, 631, 465, 142
track:1094, 659, 631, 465, 142
track:1095, 661, 631, 465, 142
track:1096, 659, 632, 465, 142
track:1097, 662, 634, 465, 142
track:1098, 664, 634, 465, 142
track:1099, 664, 634, 465, 142
track:1100, 665, 634, 465, 142
track:1101, 666, 634, 465, 142
track:1102, 658, 633, 488, 149
track:1103, 655, 633, 488, 149
track:1104, 656, 635, 488, 149
init :1105, 692, 628, 466, 163
track:1106, 691, 629, 466, 163
track:1107, 691, 628, 466, 163
track:1108, 688, 628, 466, 163
track:1109, 685, 630, 466, 163
track:1110, 685, 630, 466, 163
track:1111, 681, 631, 466, 163
track:1112, 679, 633, 466, 163
track:1113, 671, 634, 466, 163
track:1114, 671, 635, 466, 163
track:1115, 667, 636, 466, 163
track:1116, 675, 638, 444, 155
track:1117, 675, 641, 444, 155
track:1118, 670, 640, 444, 155
track:1119, 669, 639, 444, 155
track:1120, 667, 640, 444, 155
track:1121, 667, 640, 444, 155
track:1122, 672, 640, 444, 155
track:1123, 657, 637, 466, 163
track:1124, 655, 639, 466, 163
track:1125, 658, 642, 466, 163
track:1126, 658, 642, 466, 163
track:1127, 642, 646, 466, 163
track:1128, 650, 645, 466, 163
init :1129, 756, 628, 332, 173
track:1130, 756, 628, 332, 173
track:1131, 765, 632, 316, 165
track:1132, 771, 632, 316, 165
track:1133, 780, 638, 301, 157
track:1134, 784, 638, 301, 157
track:1135, 792, 641, 287, 149
track:1136, 791, 642, 287, 149
track:1137, 802, 644, 273, 142
track:1138, 798, 644, 273, 142
track:1139, 794, 643, 273, 142
track:1140, 791, 643, 273, 142
track:1141, 779, 643, 287, 149
track:1142, 774, 643, 287, 149
track:1143, 755, 642, 287, 149
track:1144, 718, 636, 301, 157
track:1145, 715, 632, 316, 165
track:1146, 712, 633, 316, 165
track:1147, 722, 640, 301, 157
track:1148, 728, 648, 287, 149
track:1149, 727, 656, 273, 142
track:1150, 721, 654, 273, 142
track:1151, 717, 653, 273, 142
track:1152, 711, 655, 273, 142
init :1153, 784, 636, 216, 176
track:1154, 784, 637, 216, 176
track:1155, 784, 638, 216, 176
track:1156, 785, 639, 216, 176
track:1157, 786, 640, 216, 176
track:1158, 788, 640, 216, 176
track:1159, 788, 639, 216, 176
track:1160, 788, 639, 216, 176
track:1161, 783, 634, 227, 185
track:1162, 791, 638, 216, 176
track:1163, 798, 642, 206, 168
track:1164, 802, 643, 206, 168
track:1165, 800, 643, 206, 168
track:1166, 797, 646, 206, 168
track:1167, 799, 647, 206, 168
track:1168, 792, 647, 206, 168
track:1169, 784, 648, 206, 168
track:1170, 786, 647, 206, 168
track:1171, 787, 646, 206, 168
track:1172, 785, 649, 196, 160
track:1173, 785, 650, 196, 160
track:1174, 787, 652, 187, 152
track:1175, 784, 653, 187, 152
track:1176, 784, 653, 187, 152
init :1177, 761, 638, 369, 155
track:1178, 772, 641, 351, 148
track:1179, 768, 636, 369, 155
track:1180, 767, 635, 369, 155
track:1181, 770, 634, 369, 155
track:1182, 763, 628, 387, 163
track:1183, 777, 632, 369, 155
track:1184, 775, 630, 369, 155
track:1185, 786, 634, 351, 148
track:1186, 787, 632, 351, 148
track:1187, 790, 630, 351, 148
track:1188, 789, 629, 351, 148
track:1189, 788, 626, 351, 148
track:1190, 786, 623, 369, 155
track:1191, 787, 624, 369, 155
track:1192, 783, 623, 369, 155
track:1193, 778, 619, 369, 155
track:1194, 780, 618, 369, 155
track:1195, 778, 617, 369, 155
track:1196, 782, 618, 369, 155
track:1197, 772, 612, 369, 155
track:1198, 781, 616, 351, 148
track:1199, 775, 616, 351, 148
track:1200, 776, 615, 351, 148
init :1201, 798, 630, 364, 109
track:1202, 798, 630, 364, 109
track:1203, 799, 630, 364, 109
track:1204, 813, 633, 347, 104
track:1205, 813, 633, 347, 104
track:1206, 818, 633, 347, 104
track:1207, 822, 634, 347, 104
track:1208, 826, 634, 347, 104
track:1209, 826, 634, 347, 104
track:1210, 833, 634, 347, 104
track:1211, 840, 635, 347, 104
track:1212, 834, 633, 364, 109
track:1213, 833, 633, 364, 109
track:1214, 836, 634, 364, 109
track:1215, 845, 638, 347, 104
track:1216, 846, 639, 347, 104
track:1217, 848, 639, 347, 104
track:1218, 857, 642, 330, 99
track:1219, 856, 641, 330, 99
track:1220, 852, 642, 330, 99
track:1221, 850, 643, 330, 99
track:1222, 852, 644, 330, 99
track:1223, 849, 645, 330, 99
track:1224, 851, 645, 330, 99
init :1225, 895, 654, 295, 96
track:1226, 896, 654, 295, 96
track:1227, 897, 654, 295, 96
track:1228, 895, 656, 295, 96
track:1229, 894, 656, 295, 96
track:1230, 894, 658, 295, 96
track:1231, 900, 659, 281, 91
track:1232, 899, 660, 281, 91
track:1233, 903, 664, 268, 87
track:1234, 902, 665, 268, 87
track:1235, 904, 667, 255, 83
track:1236, 900, 668, 255, 83
track:1237, 905, 671, 243, 79
track:1238, 902, 671, 243, 79
track:1239, 909, 672, 231, 75
track:1240, 906, 673, 231, 75
track:1241, 911, 674, 231, 75
track:1242, 905, 672, 231, 75
track:1243, 913, 675, 231, 75
track:1244, 913, 676, 220, 72
track:1245, 901, 675, 220, 72
track:1246, 903, 675, 220, 72
track:1247, 884, 677, 220, 72
track:1248, 867, 675, 220, 72
init :1249, 950, 669, 170, 93
track:1250, 947, 669, 170, 93
track:1251, 943, 667, 170, 93
track:1252, 936, 666, 170, 93
track:1253, 932, 665, 170, 93
track:1254, 934, 666, 162, 89
track:1255, 932, 667, 154, 84
track:1256, 924, 665, 154, 84
track:1257, 918, 663, 154, 84
track:1258, 919, 664, 147, 80
track:1259, 923, 665, 140, 77
track:1260, 911, 660, 147, 80
track:1261, 910, 658, 147, 80
track:1262, 901, 659, 147, 80
track:1263, 894, 657, 147, 80
track:1264, 898, 660, 140, 77
track:1265, 897, 660, 147, 80
track:1266, 897, 660, 147, 80
track:1267, 896, 656, 147, 80
track:1268, 897, 656, 147, 80
track:1269, 894, 656, 147, 80
track:1270, 896, 655, 147, 80
track:1271, 895, 654, 147, 80
track:1272, 892, 652, 147, 80
init :1273, 932, 656, 115, 77
track:1274, 932, 656, 115, 77
track:1275, 927, 655, 115, 77
track:1276, 924, 655, 115, 77
track:1277, 917, 657, 115, 77
track:1278, 910, 658, 115, 77
track:1279, 911, 658, 115, 77
track:1280, 902, 659, 115, 77
track:1281, 895, 659, 115, 77
track:1282, 887, 660, 115, 77
track:1283, 884, 660, 115, 77
track:1284, 884, 660, 115, 77
track:1285, 877, 662, 110, 73
track:1286, 872, 661, 110, 73
track:1287, 870, 660, 110, 73
track:1288, 871, 662, 104, 70
track:1289, 871, 662, 104, 70
track:1290, 870, 662, 104, 70
track:1291, 867, 661, 104, 70
track:1292, 865, 661, 104, 70
track:1293, 863, 662, 104, 70
track:1294, 863, 662, 104, 70
track:1295, 863, 664, 99, 67
track:1296, 862, 662, 99, 67
init :1297, 867, 656, 147, 70
track:1298, 868, 656, 147, 70
track:1299, 867, 657, 147, 70
track:1300, 867, 658, 147, 70
track:1301, 861, 657, 154, 74
track:1302, 865, 659, 147, 70
track:1303, 860, 657, 154, 74
track:1304, 857, 655, 162, 77
track:1305, 857, 656, 162, 77
track:1306, 859, 657, 162, 77
track:1307, 860, 657, 162, 77
track:1308, 863, 660, 154, 74
track:1309, 863, 660, 154, 74
track:1310, 863, 660, 154, 74
track:1311, 865, 660, 154, 74
track:1312, 868, 662, 147, 70
track:1313, 864, 661, 154, 74
track:1314, 864, 662, 154, 74
track:1315, 868, 664, 147, 70
track:1316, 867, 664, 147, 70
track:1317, 860, 663, 154, 74
track:1318, 859, 664, 154, 74
track:1319, 860, 663, 154, 74
track:1320, 862, 665, 147, 70
init :1321, 858, 672, 166, 54
track:1322, 859, 672, 166, 54
track:1323, 864, 674, 166, 54
track:1324, 867, 675, 158, 51
track:1325, 867, 676, 158, 51
track:1326, 868, 676, 158, 51
track:1327, 867, 676, 166, 54
track:1328, 872, 678, 158, 51
track:1329, 872, 679, 158, 51
track:1330, 871, 679, 158, 51
track:1331, 871, 679, 158, 51
track:1332, 867, 679, 158, 51
track:1333, 863, 679, 158, 51
track:1334, 862, 679, 158, 51
track:1335, 858, 679, 158, 51
track:1336, 854, 679, 158, 51
track:1337, 850, 679, 158, 51
track:1338, 848, 678, 158, 51
track:1339, 847, 678, 158, 51
track:1340, 847, 679, 158, 51
track:1341, 847, 679, 158, 51
track:1342, 846, 679, 158, 51
track:1343, 843, 679, 166, 54
track:1344, 843, 679, 166, 54
init :1345, 849, 680, 170, 49
track:1346, 849, 680, 170, 49
track:1347, 849, 680, 170, 49
track:1348, 848, 681, 170, 49
track:1349, 849, 681, 170, 49
track:1350, 848, 681, 170, 49
track:1351, 847, 682, 170, 49
track:1352, 845, 682, 170, 49
track:1353, 844, 682, 170, 49
track:1354, 843, 682, 170, 49
track:1355, 844, 683, 170, 49
track:1356, 844, 683, 170, 49
track:1357, 845, 684, 170, 49
track:1358, 846, 684, 170, 49
track:1359, 846, 683, 170, 49
track:1360, 846, 684, 170, 49
track:1361, 845, 684, 170, 49
track:1362, 842, 684, 178, 51
track:1363, 843, 686, 178, 51
track:1364, 842, 686, 178, 51
track:1365, 842, 686, 178, 51
track:1366, 846, 687, 170, 49
track:1367, 846, 686, 170, 49
track:1368, 842, 686, 178, 51
init :1369, 844, 687, 184, 57
track:1370, 843, 687, 184, 57
track:1371, 847, 689, 175, 54
track:1372, 841, 688, 184, 57
track:1373, 839, 689, 184, 57
track:1374, 843, 691, 175, 54
track:1375, 836, 690, 184, 57
track:1376, 834, 690, 184, 57
track:1377, 832, 690, 184, 57
track:1378, 831, 691, 184, 57
track:1379, 829, 691, 184, 57
track:1380, 825, 692, 184, 57
track:1381, 816, 691, 193, 60
track:1382, 810, 691, 203, 63
track:1383, 801, 690, 213, 66
track:1384, 800, 691, 213, 66
track:1385, 798, 692, 213, 66
track:1386, 800, 693, 213, 66
track:1387, 803, 694, 213, 66
track:1388, 805, 695, 213, 66
track:1389, 810, 698, 203, 63
track:1390, 812, 699, 203, 63
track:1391, 815, 700, 203, 63
track:1392, 825, 703, 193, 60
init :1393, 835, 708, 198, 59
track:1394, 835, 708, 198, 59
track:1395, 841, 710, 189, 56
track:1396, 842, 710, 189, 56
track:1397, 844, 711, 189, 56
track:1398, 845, 712, 189, 56
track:1399, 843, 712, 189, 56
track:1400, 838, 713, 189, 56
track:1401, 834, 714, 189, 56
track:1402, 825, 713, 198, 59
track:1403, 821, 713, 198, 59
track:1404, 820, 713, 198, 59
track:1405, 817, 713, 198, 59
track:1406, 810, 712, 208, 62
track:1407, 804, 712, 208, 62
track:1408, 801, 713, 208, 62
track:1409, 801, 714, 208, 62
track:1410, 800, 714, 208, 62
track:1411, 800, 715, 208, 62
track:1412, 796, 714, 218, 65
track:1413, 802, 716, 208, 62
track:1414, 803, 716, 208, 62
track:1415, 799, 715, 218, 65
track:1416, 800, 716, 218, 65
init :1417, 793, 719, 244, 77
track:1418, 785, 717, 256, 81
track:1419, 790, 720, 244, 77
track:1420, 788, 719, 244, 77
track:1421, 788, 720, 244, 77
track:1422, 788, 721, 244, 77
track:1423, 789, 721, 244, 77
track:1424, 789, 722, 244, 77
track:1425, 790, 722, 244, 77
track:1426, 789, 722, 244, 77
track:1427, 789, 723, 244, 77
track:1428, 788, 723, 244, 77
track:1429, 783, 722, 256, 81
track:1430, 780, 723, 256, 81
track:1431, 780, 724, 256, 81
track:1432, 785, 728, 244, 77
track:1433, 783, 728, 244, 77
track:1434, 784, 728, 244, 77
track:1435, 780, 730, 244, 77
track:1436, 777, 731, 244, 77
track:1437, 776, 731, 244, 77
track:1438, 778, 731, 244, 77
track:1439, 778, 732, 244, 77
track:1440, 769, 733, 256, 81
init :1441, 784, 724, 244, 109
track:1442, 780, 724, 244, 109
track:1443, 778, 724, 244, 109
track:1444, 777, 724, 244, 109
track:1445, 772, 724, 244, 109
track:1446, 765, 725, 244, 109
track:1447, 762, 724, 244, 109
track:1448, 760, 724, 244, 109
track:1449, 759, 724, 244, 109
track:1450, 760, 722, 244, 109
track:1451, 762, 721, 244, 109
track:1452, 768, 723, 232, 104
track:1453, 769, 719, 244, 109
track:1454, 768, 721, 244, 109
track:1455, 774, 721, 244, 109
track:1456, 780, 721, 244, 109
track:1457, 790, 723, 244, 109
track:1458, 790, 723, 244, 109
track:1459, 791, 723, 244, 109
track:1460, 799, 725, 244, 109
track:1461, 809, 730, 232, 104
track:1462, 821, 735, 221, 99
track:1463, 821, 733, 221, 99
track:1464, 830, 738, 211, 94
init :1465, 844, 706, 193, 158
track:1466, 845, 706, 193, 158
track:1467, 844, 706, 193, 158
track:1468, 843, 705, 193, 158
track:1469, 841, 705, 193, 158
track:1470, 834, 704, 193, 158
track:1471, 834, 702, 193, 158
track:1472, 826, 697, 193, 158
track:1473, 826, 697, 193, 158
track:1474, 820, 695, 193, 158
track:1475, 819, 690, 193, 158
track:1476, 818, 690, 193, 158
track:1477, 811, 685, 193, 158
track:1478, 813, 684, 193, 158
track:1479, 811, 682, 193, 158
track:1480, 809, 679, 193, 158
track:1481, 811, 680, 184, 150
track:1482, 820, 684, 175, 143
track:1483, 819, 685, 175, 143
track:1484, 822, 684, 175, 143
track:1485, 823, 682, 175, 143
track:1486, 824, 679, 175, 143
track:1487, 831, 679, 175, 143
track:1488, 831, 674, 184, 150
init :1489, 867, 651, 244, 168
track:1490, 867, 650, 244, 168
track:1491, 871, 648, 244, 168
track:1492, 871, 646, 244, 168
track:1493, 872, 646, 244, 168
track:1494, 873, 643, 244, 168
track:1495, 869, 639, 244, 168
track:1496, 866, 636, 244, 168
track:1497, 863, 630, 244, 168
track:1498, 865, 634, 232, 160
track:1499, 864, 633, 232, 160
track:1500, 853, 627, 232, 160
track:1501, 845, 622, 244, 168
track:1502, 837, 614, 256, 176
track:1503, 843, 618, 244, 168
track:1504, 843, 615, 244, 168
track:1505, 834, 609, 256, 176
track:1506, 841, 605, 256, 176
track:1507, 838, 605, 256, 176
track:1508, 843, 602, 256, 176
track:1509, 834, 597, 269, 185
track:1510, 840, 596, 269, 185
track:1511, 838, 590, 269, 185
track:1512, 839, 596, 256, 176
init :1513, 821, 620, 304, 116
track:1514, 806, 620, 304, 116
track:1515, 783, 620, 304, 116
track:1516, 766, 622, 290, 110
track:1517, 732, 620, 304, 116
track:1518, 741, 623, 290, 110
track:1519, 714, 623, 290, 110
track:1520, 690, 623, 290, 110
track:1521, 671, 624, 290, 110
track:1522, 659, 625, 290, 110
track:1523, 657, 624, 290, 110
track:1524, 651, 627, 290, 110
track:1525, 646, 626, 290, 110
track:1526, 657, 628, 276, 105
track:1527, 666, 630, 263, 100
track:1528, 666, 629, 263, 100
track:1529, 697, 631, 250, 95
track:1530, 718, 630, 250, 95
track:1531, 745, 630, 250, 95
track:1532, 769, 629, 250, 95
track:1533, 775, 632, 238, 91
track:1534, 800, 631, 238, 91
track:1535, 826, 631, 238, 91
track:1536, 848, 632, 238, 91
init :1537, 876, 638, 240, 77
track:1538, 876, 638, 240, 77
track:1539, 892, 637, 240, 77
track:1540, 901, 641, 229, 73
track:1541, 904, 642, 229, 73
track:1542, 907, 642, 229, 73
track:1543, 912, 644, 218, 70
track:1544, 911, 644, 218, 70
track:1545, 903, 644, 229, 73
track:1546, 898, 645, 229, 73
track:1547, 895, 648, 218, 70
track:1548, 893, 649, 218, 70
track:1549, 880, 649, 229, 73
track:1550, 872, 651, 229, 73
track:1551, 871, 653, 218, 70
track:1552, 866, 654, 218, 70
track:1553, 869, 658, 207, 67
track:1554, 872, 660, 197, 63
track:1555, 869, 661, 197, 63
track:1556, 869, 661, 197, 63
track:1557, 871, 663, 197, 63
track:1558, 875, 665, 188, 60
track:1559, 877, 665, 188, 60
track:1560, 883, 666, 179, 57
init :1561, 900, 667, 189, 70
track:1562, 900, 668, 189, 70
track:1563, 901, 669, 189, 70
track:1564, 902, 669, 189, 70
track:1565, 903, 669, 189, 70
track:1566, 907, 670, 180, 67
track:1567, 906, 671, 180, 67
track:1568, 906, 671, 180, 67
track:1569, 909, 672, 171, 63
track:1570, 907, 673, 171, 63
track:1571, 907, 674, 163, 60
track:1572, 905, 675, 163, 60
track:1573, 905, 675, 163, 60
track:1574, 902, 675, 163, 60
track:1575, 902, 677, 155, 58
track:1576, 900, 677, 155, 58
track:1577, 900, 678, 148, 55
track:1578, 899, 679, 148, 55
track:1579, 896, 678, 148, 55
track:1580, 898, 680, 141, 52
track:1581, 895, 682, 134, 50
track:1582, 893, 681, 134, 50
track:1583, 892, 682, 134, 50
track:1584, 892, 681, 134, 50
init :1585, 900, 677, 138, 72
track:1586, 900, 677, 138, 72
track:1587, 902, 679, 131, 69
track:1588, 902, 678, 131, 69
track:1589, 899, 677, 138, 72
track:1590, 899, 678, 138, 72
track:1591, 902, 679, 131, 69
track:1592, 901, 680, 131, 69
track:1593, 900, 679, 131, 69
track:1594, 900, 680, 131, 69
track:1595, 897, 680, 131, 69
track:1596, 894, 681, 131, 69
track:1599, 893, 682, 131, 69
track:1600, 890, 681, 131, 69
track:1601, 893, 683, 125, 65
track:1602, 892, 684, 125, 65
track:1603, 892, 684, 125, 65
track:1604, 892, 685, 119, 62
track:1605, 890, 687, 114, 59
track:1606, 884, 686, 119, 62
track:1607, 881, 686, 119, 62
track:1608, 881, 686, 119, 62
elapseTime: 17.714
