init :7, 821, 630, 235, 197
track:8, 821, 630, 235, 197
track:9, 822, 630, 235, 197
track:10, 821, 631, 235, 197
track:11, 823, 630, 235, 197
track:12, 823, 630, 235, 197
track:13, 824, 630, 235, 197
track:14, 824, 630, 235, 197
track:15, 824, 630, 235, 197
track:16, 825, 630, 235, 197
track:17, 826, 630, 235, 197
track:18, 825, 630, 235, 197
track:19, 825, 629, 235, 197
track:20, 821, 626, 247, 207
track:21, 820, 626, 247, 207
track:22, 827, 631, 235, 197
track:23, 828, 631, 235, 197
track:24, 827, 631, 235, 197
track:25, 828, 630, 235, 197
track:26, 829, 631, 235, 197
track:27, 829, 631, 235, 197
track:28, 829, 631, 235, 197
track:29, 829, 630, 235, 197
track:30, 829, 630, 235, 197
track:31, 830, 629, 235, 197
track:32, 831, 631, 235, 197
track:33, 829, 630, 235, 197
track:34, 830, 631, 235, 197
track:35, 830, 630, 235, 197
track:36, 830, 631, 235, 197
track:37, 829, 630, 235, 197
track:38, 831, 630, 235, 197
track:39, 830, 630, 235, 197
track:40, 830, 630, 235, 197
track:41, 831, 629, 235, 197
track:42, 830, 631, 235, 197
track:43, 831, 630, 235, 197
track:44, 830, 631, 235, 197
track:45, 832, 630, 235, 197
track:46, 830, 631, 235, 197
track:48, 832, 630, 235, 197
track:49, 830, 630, 235, 197
track:50, 831, 629, 235, 197
track:51, 832, 629, 235, 197
track:52, 831, 628, 235, 197
track:53, 832, 629, 235, 197
track:54, 831, 629, 235, 197
track:55, 832, 629, 235, 197
track:56, 831, 629, 235, 197
track:57, 831, 628, 235, 197
track:58, 831, 629, 235, 197
track:59, 830, 628, 235, 197
track:60, 832, 628, 235, 197
track:61, 831, 630, 235, 197
track:62, 830, 629, 235, 197
track:63, 829, 629, 235, 197
track:64, 830, 629, 235, 197
track:65, 829, 629, 235, 197
track:66, 828, 629, 235, 197
track:67, 829, 628, 235, 197
track:68, 829, 629, 235, 197
track:69, 828, 629, 235, 197
track:70, 829, 628, 235, 197
track:71, 829, 629, 235, 197
track:72, 828, 629, 235, 197
track:73, 828, 629, 235, 197
track:74, 828, 628, 235, 197
track:75, 828, 629, 235, 197
track:76, 828, 629, 235, 197
track:77, 827, 629, 235, 197
track:78, 828, 628, 235, 197
track:79, 828, 629, 235, 197
track:80, 828, 629, 235, 197
track:81, 828, 628, 235, 197
track:82, 827, 629, 235, 197
track:83, 828, 630, 235, 197
track:84, 827, 629, 235, 197
track:85, 828, 629, 235, 197
track:86, 827, 630, 235, 197
track:87, 827, 629, 235, 197
track:88, 828, 629, 235, 197
track:89, 827, 630, 235, 197
track:90, 827, 630, 235, 197
init :91, 821, 633, 240, 197
track:92, 821, 633, 240, 197
track:93, 821, 633, 240, 197
track:94, 821, 634, 240, 197
track:95, 821, 633, 240, 197
track:96, 823, 633, 240, 197
track:97, 824, 633, 240, 197
track:98, 824, 632, 240, 197
track:99, 823, 631, 240, 197
track:100, 825, 631, 240, 197
track:101, 826, 631, 240, 197
track:102, 827, 629, 240, 197
track:103, 827, 629, 240, 197
track:104, 827, 629, 240, 197
track:105, 826, 628, 240, 197
track:106, 827, 627, 240, 197
track:107, 828, 628, 240, 197
track:108, 829, 626, 240, 197
track:109, 829, 624, 240, 197
track:110, 828, 622, 240, 197
track:111, 828, 621, 240, 197
track:112, 829, 619, 240, 197
track:113, 830, 617, 240, 197
track:114, 836, 622, 229, 188
track:115, 837, 620, 229, 188
track:116, 837, 618, 229, 188
track:117, 839, 615, 229, 188
track:120, 840, 613, 229, 188
track:121, 842, 610, 229, 188
track:122, 842, 609, 229, 188
track:123, 841, 607, 229, 188
track:124, 844, 607, 229, 188
track:125, 841, 604, 229, 188
track:126, 839, 601, 229, 188
track:127, 838, 599, 229, 188
track:128, 837, 599, 229, 188
track:129, 837, 599, 229, 188
track:130, 842, 605, 218, 179
track:131, 841, 606, 218, 179
track:132, 845, 609, 218, 179
track:133, 844, 610, 218, 179
track:134, 850, 615, 207, 170
track:135, 852, 617, 207, 170
track:136, 852, 617, 207, 170
track:137, 853, 618, 207, 170
track:138, 855, 619, 207, 170
track:139, 856, 620, 207, 170
track:140, 855, 620, 207, 170
track:141, 854, 618, 207, 170
track:142, 851, 619, 207, 170
track:143, 845, 615, 218, 179
track:144, 845, 615, 218, 179
track:145, 843, 619, 218, 179
track:146, 841, 620, 218, 179
track:147, 847, 624, 207, 170
track:148, 848, 626, 207, 170
track:149, 854, 631, 197, 162
track:150, 855, 635, 197, 162
track:151, 855, 638, 197, 162
track:152, 855, 640, 197, 162
track:153, 855, 642, 197, 162
track:154, 855, 643, 197, 162
track:155, 856, 645, 197, 162
track:156, 856, 645, 197, 162
track:157, 857, 647, 197, 162
track:158, 858, 648, 197, 162
track:159, 858, 647, 197, 162
track:160, 857, 648, 197, 162
track:161, 855, 648, 197, 162
track:162, 854, 647, 197, 162
track:163, 852, 648, 197, 162
track:164, 852, 648, 197, 162
track:165, 852, 648, 197, 162
track:166, 852, 648, 197, 162
track:167, 852, 648, 197, 162
track:168, 852, 648, 197, 162
track:169, 852, 648, 197, 162
track:170, 853, 648, 197, 162
track:171, 854, 647, 197, 162
track:172, 856, 645, 197, 162
track:173, 860, 649, 188, 154
track:174, 859, 650, 188, 154
track:175, 858, 650, 188, 154
track:176, 856, 649, 188, 154
track:177, 856, 650, 188, 154
track:178, 851, 647, 197, 162
track:179, 852, 647, 197, 162
track:180, 855, 648, 197, 162
init :181, 867, 656, 161, 150
track:182, 867, 658, 161, 150
track:183, 869, 661, 161, 150
track:184, 869, 661, 161, 150
track:185, 870, 664, 161, 150
track:186, 864, 659, 169, 158
track:187, 860, 654, 169, 158
track:188, 857, 652, 169, 158
track:189, 855, 652, 169, 158
track:190, 858, 654, 161, 150
track:191, 857, 651, 161, 150
track:192, 857, 646, 161, 150
track:193, 856, 646, 161, 150
track:194, 856, 644, 161, 150
track:195, 857, 643, 161, 150
track:196, 858, 642, 161, 150
track:197, 859, 640, 161, 150
track:198, 857, 641, 161, 150
track:199, 855, 642, 161, 150
track:200, 853, 642, 161, 150
track:201, 852, 642, 161, 150
track:202, 850, 641, 161, 150
track:203, 851, 638, 161, 150
track:204, 851, 638, 161, 150
track:205, 851, 636, 161, 150
track:206, 852, 634, 161, 150
track:207, 851, 632, 161, 150
track:208, 854, 636, 153, 143
track:209, 852, 633, 153, 143
track:210, 851, 629, 153, 143
track:211, 849, 627, 153, 143
track:212, 849, 625, 153, 143
track:213, 850, 624, 153, 143
track:214, 853, 627, 146, 136
track:215, 853, 626, 146, 136
track:216, 852, 624, 146, 136
track:217, 852, 626, 146, 136
track:218, 852, 626, 146, 136
track:219, 851, 627, 146, 136
track:220, 852, 631, 146, 136
track:221, 852, 633, 146, 136
track:222, 851, 634, 146, 136
track:223, 851, 635, 146, 136
track:224, 851, 637, 146, 136
track:225, 855, 641, 139, 130
track:226, 855, 641, 139, 130
track:227, 855, 642, 139, 130
track:228, 855, 642, 139, 130
track:229, 855, 643, 139, 130
track:230, 855, 643, 139, 130
track:231, 858, 645, 132, 123
track:232, 857, 642, 132, 123
track:233, 855, 641, 132, 123
track:234, 855, 641, 132, 123
track:235, 856, 640, 132, 123
track:236, 856, 638, 132, 123
track:237, 858, 640, 132, 123
track:238, 859, 640, 132, 123
track:239, 860, 641, 132, 123
track:240, 860, 643, 132, 123
track:241, 861, 644, 132, 123
track:242, 864, 647, 126, 118
track:243, 864, 647, 126, 118
track:244, 864, 646, 126, 118
track:245, 864, 648, 126, 118
track:246, 864, 648, 126, 118
track:247, 863, 648, 126, 118
track:248, 863, 648, 126, 118
track:249, 863, 649, 126, 118
track:250, 863, 651, 126, 118
track:251, 865, 652, 126, 118
track:252, 865, 654, 126, 118
track:253, 865, 655, 126, 118
track:254, 866, 657, 126, 118
track:255, 866, 659, 126, 118
track:256, 866, 661, 126, 118
track:257, 867, 664, 126, 118
track:258, 867, 665, 126, 118
track:259, 868, 667, 126, 118
track:260, 869, 669, 126, 118
track:261, 868, 669, 126, 118
track:262, 868, 670, 126, 118
track:263, 868, 670, 126, 118
track:264, 868, 672, 126, 118
track:265, 868, 674, 126, 118
track:266, 868, 675, 126, 118
track:267, 868, 677, 126, 118
track:268, 868, 678, 126, 118
track:269, 868, 678, 126, 118
track:270, 869, 680, 126, 118
init :271, 867, 687, 124, 101
track:272, 868, 690, 124, 101
track:273, 868, 690, 124, 101
track:274, 868, 692, 124, 101
track:275, 869, 694, 124, 101
track:276, 869, 697, 124, 101
track:277, 871, 699, 124, 101
track:278, 872, 700, 124, 101
track:279, 870, 697, 130, 106
track:280, 867, 694, 137, 111
track:281, 869, 693, 137, 111
track:282, 870, 695, 137, 111
track:283, 871, 696, 137, 111
track:284, 872, 698, 137, 111
track:285, 871, 695, 144, 117
track:286, 873, 695, 144, 117
track:287, 870, 690, 151, 123
track:288, 870, 689, 151, 123
track:289, 867, 684, 158, 129
track:290, 868, 678, 158, 129
track:291, 864, 668, 166, 135
track:292, 866, 663, 166, 135
track:293, 866, 662, 166, 135
track:294, 866, 661, 166, 135
track:295, 864, 655, 174, 142
track:296, 861, 652, 183, 149
track:297, 862, 653, 183, 149
track:298, 861, 652, 183, 149
track:299, 855, 649, 192, 157
track:300, 849, 647, 202, 165
track:301, 848, 648, 202, 165
track:302, 841, 649, 212, 173
track:303, 835, 646, 223, 181
track:304, 833, 650, 223, 181
track:305, 831, 651, 223, 181
track:306, 832, 651, 223, 181
track:307, 828, 649, 223, 181
track:308, 830, 648, 223, 181
track:309, 827, 647, 223, 181
track:310, 828, 638, 223, 181
track:311, 828, 623, 223, 181
track:312, 828, 614, 223, 181
track:313, 829, 613, 223, 181
track:314, 830, 606, 223, 181
track:315, 824, 595, 234, 190
track:316, 823, 585, 234, 190
track:317, 830, 583, 223, 181
track:318, 831, 582, 223, 181
track:319, 832, 581, 223, 181
track:320, 839, 573, 223, 181
track:321, 846, 568, 212, 173
track:322, 846, 568, 212, 173
track:323, 846, 568, 212, 173
track:324, 846, 573, 212, 173
track:325, 846, 570, 212, 173
track:326, 846, 558, 212, 173
track:327, 843, 560, 212, 173
track:328, 848, 564, 202, 165
track:329, 846, 574, 202, 165
track:330, 843, 581, 202, 165
track:331, 841, 583, 202, 165
track:332, 845, 590, 192, 157
track:333, 844, 590, 192, 157
track:334, 843, 593, 192, 157
track:335, 842, 593, 192, 157
track:336, 843, 597, 192, 157
track:337, 844, 598, 192, 157
track:338, 843, 599, 192, 157
track:339, 844, 595, 192, 157
track:340, 850, 595, 183, 149
track:341, 850, 595, 183, 149
track:342, 850, 594, 183, 149
track:343, 851, 594, 183, 149
track:344, 850, 593, 183, 149
track:345, 851, 589, 183, 149
track:346, 857, 593, 174, 142
track:347, 857, 595, 174, 142
track:348, 855, 595, 174, 142
track:349, 860, 602, 166, 135
track:350, 860, 607, 166, 135
track:351, 860, 610, 166, 135
track:352, 862, 613, 166, 135
track:353, 862, 614, 166, 135
track:354, 862, 617, 166, 135
track:355, 862, 617, 166, 135
track:356, 861, 618, 166, 135
track:357, 863, 622, 158, 129
track:358, 864, 621, 158, 129
track:359, 864, 621, 158, 129
track:360, 867, 625, 151, 123
init :361, 872, 636, 138, 98
track:362, 871, 636, 138, 98
track:363, 871, 636, 138, 98
track:364, 871, 637, 138, 98
track:365, 871, 638, 138, 98
track:366, 871, 639, 138, 98
track:367, 871, 640, 138, 98
track:368, 871, 641, 138, 98
track:369, 870, 641, 138, 98
track:370, 869, 647, 138, 98
track:371, 868, 652, 138, 98
track:372, 871, 658, 131, 93
track:373, 870, 659, 131, 93
track:374, 870, 661, 131, 93
track:375, 868, 661, 131, 93
track:376, 866, 662, 131, 93
track:377, 865, 663, 131, 93
track:378, 864, 663, 131, 93
track:379, 864, 664, 131, 93
track:380, 864, 663, 131, 93
track:381, 864, 662, 131, 93
track:382, 861, 662, 131, 93
track:383, 860, 662, 131, 93
track:384, 862, 664, 125, 89
track:385, 861, 662, 125, 89
track:386, 864, 663, 119, 85
track:387, 864, 663, 119, 85
track:388, 864, 664, 119, 85
track:389, 863, 663, 119, 85
track:390, 863, 663, 119, 85
track:391, 864, 665, 119, 85
track:392, 863, 668, 119, 85
track:393, 863, 669, 119, 85
track:394, 863, 669, 119, 85
track:395, 866, 677, 114, 81
track:396, 867, 680, 114, 81
track:397, 869, 684, 114, 81
track:398, 870, 685, 114, 81
track:399, 870, 689, 114, 81
track:400, 872, 693, 114, 81
track:401, 871, 698, 119, 85
track:402, 871, 700, 119, 85
track:403, 871, 702, 119, 85
track:404, 875, 706, 114, 81
track:405, 875, 706, 114, 81
track:406, 876, 706, 114, 81
track:407, 876, 706, 114, 81
track:408, 877, 706, 114, 81
track:409, 878, 705, 114, 81
track:410, 880, 704, 108, 77
track:411, 881, 701, 108, 77
track:412, 882, 700, 108, 77
track:413, 882, 700, 108, 77
track:414, 882, 698, 108, 77
track:415, 882, 700, 108, 77
track:416, 879, 700, 114, 81
track:417, 879, 700, 114, 81
track:418, 879, 700, 114, 81
track:419, 880, 700, 114, 81
track:420, 878, 701, 114, 81
track:421, 877, 701, 114, 81
track:422, 876, 699, 114, 81
track:423, 876, 699, 114, 81
track:424, 876, 696, 114, 81
track:425, 875, 694, 114, 81
track:426, 874, 692, 114, 81
track:427, 873, 690, 114, 81
track:428, 873, 690, 114, 81
track:429, 873, 690, 114, 81
track:430, 872, 691, 114, 81
track:431, 873, 691, 114, 81
track:432, 872, 690, 114, 81
track:433, 872, 690, 114, 81
track:434, 870, 690, 114, 81
track:435, 869, 691, 114, 81
track:436, 869, 692, 114, 81
track:437, 869, 693, 114, 81
track:438, 869, 694, 114, 81
track:439, 869, 695, 114, 81
track:440, 869, 696, 114, 81
track:441, 870, 695, 114, 81
track:442, 871, 696, 114, 81
track:443, 871, 697, 114, 81
track:444, 870, 696, 114, 81
track:445, 870, 698, 114, 81
track:446, 871, 698, 114, 81
track:447, 871, 697, 114, 81
track:448, 871, 697, 114, 81
track:449, 872, 695, 114, 81
track:450, 872, 695, 114, 81
init :451, 872, 693, 115, 93
track:452, 873, 695, 115, 93
track:453, 872, 695, 115, 93
track:454, 874, 695, 115, 93
track:455, 875, 696, 115, 93
track:456, 876, 696, 115, 93
track:457, 875, 696, 115, 93
track:458, 875, 696, 115, 93
track:459, 875, 695, 115, 93
track:460, 874, 693, 115, 93
track:461, 876, 693, 115, 93
track:462, 876, 693, 115, 93
track:463, 873, 691, 121, 98
track:464, 872, 688, 121, 98
track:465, 872, 685, 121, 98
track:466, 873, 686, 121, 98
track:467, 872, 686, 121, 98
track:468, 872, 687, 121, 98
track:469, 872, 687, 121, 98
track:470, 873, 688, 121, 98
track:471, 874, 690, 121, 98
track:472, 871, 688, 127, 103
track:473, 872, 691, 127, 103
track:474, 869, 691, 133, 108
track:475, 871, 692, 133, 108
track:476, 873, 690, 133, 108
track:477, 873, 690, 133, 108
track:478, 875, 689, 133, 108
track:479, 877, 688, 133, 108
track:480, 876, 675, 140, 113
track:481, 877, 673, 140, 113
track:482, 878, 673, 140, 113
track:483, 881, 664, 140, 113
track:484, 881, 663, 140, 113
track:485, 884, 664, 140, 113
track:486, 881, 664, 147, 119
track:487, 880, 665, 147, 119
track:488, 880, 669, 147, 119
track:490, 877, 672, 147, 119
track:491, 872, 671, 154, 125
track:492, 867, 669, 162, 131
track:493, 865, 669, 162, 131
track:494, 859, 666, 170, 137
track:495, 857, 659, 170, 137
track:496, 854, 653, 170, 137
track:497, 853, 652, 170, 137
track:498, 853, 650, 170, 137
track:499, 852, 646, 170, 137
track:500, 851, 641, 170, 137
track:501, 851, 638, 170, 137
track:502, 851, 637, 170, 137
track:503, 850, 634, 170, 137
track:504, 850, 634, 170, 137
track:505, 849, 633, 170, 137
track:506, 848, 632, 170, 137
track:507, 848, 633, 170, 137
track:508, 848, 630, 170, 137
track:509, 847, 626, 170, 137
track:510, 847, 624, 170, 137
track:511, 851, 625, 162, 131
track:512, 851, 624, 162, 131
track:513, 851, 623, 162, 131
track:514, 850, 626, 162, 131
track:515, 850, 626, 162, 131
track:516, 850, 625, 162, 131
track:517, 850, 624, 162, 131
track:518, 850, 622, 162, 131
track:519, 850, 621, 162, 131
track:520, 855, 624, 154, 125
track:521, 855, 623, 154, 125
track:522, 856, 622, 154, 125
track:523, 855, 624, 154, 125
track:524, 856, 626, 154, 125
track:525, 861, 631, 147, 119
track:526, 862, 632, 147, 119
track:527, 861, 632, 147, 119
track:528, 865, 634, 140, 113
track:529, 865, 634, 140, 113
track:530, 866, 632, 140, 113
track:531, 867, 631, 140, 113
track:532, 866, 631, 140, 113
track:533, 868, 633, 140, 113
track:534, 872, 634, 133, 108
track:535, 871, 635, 133, 108
track:536, 872, 638, 133, 108
track:537, 871, 638, 133, 108
track:538, 872, 639, 133, 108
track:539, 871, 641, 133, 108
track:540, 871, 640, 133, 108
init :543, 876, 649, 120, 90
track:544, 876, 649, 120, 90
track:546, 875, 656, 120, 90
track:547, 874, 656, 120, 90
track:548, 873, 659, 120, 90
track:549, 873, 661, 120, 90
track:550, 872, 662, 120, 90
track:551, 874, 666, 114, 86
track:552, 874, 666, 114, 86
track:553, 873, 666, 114, 86
track:554, 872, 665, 114, 86
track:555, 872, 665, 114, 86
track:556, 871, 666, 114, 86
track:557, 871, 666, 114, 86
track:558, 870, 671, 114, 86
track:559, 873, 675, 109, 82
track:560, 874, 678, 109, 82
track:561, 876, 683, 104, 78
track:562, 876, 683, 104, 78
track:563, 876, 685, 104, 78
track:564, 876, 687, 104, 78
track:565, 875, 688, 104, 78
track:566, 877, 691, 99, 74
track:567, 877, 692, 99, 74
track:568, 878, 695, 99, 74
track:569, 879, 695, 99, 74
track:570, 878, 698, 99, 74
track:571, 878, 701, 99, 74
track:572, 878, 701, 99, 74
track:573, 879, 704, 99, 74
track:574, 880, 706, 99, 74
track:575, 881, 705, 99, 74
track:576, 877, 701, 104, 78
track:577, 878, 701, 104, 78
track:578, 878, 698, 104, 78
track:579, 878, 697, 104, 78
track:580, 880, 696, 104, 78
track:581, 881, 696, 104, 78
track:582, 880, 697, 104, 78
track:583, 879, 699, 104, 78
track:584, 880, 701, 104, 78
track:585, 879, 701, 104, 78
track:586, 879, 701, 104, 78
track:587, 880, 701, 104, 78
track:588, 880, 702, 104, 78
track:589, 878, 699, 109, 82
track:590, 877, 699, 109, 82
track:591, 875, 701, 109, 82
track:592, 875, 701, 109, 82
track:593, 873, 700, 109, 82
track:594, 874, 698, 109, 82
track:595, 875, 689, 109, 82
track:596, 874, 687, 109, 82
track:597, 873, 687, 109, 82
track:598, 873, 683, 109, 82
track:599, 872, 676, 109, 82
track:600, 872, 673, 109, 82
track:601, 873, 672, 109, 82
track:602, 873, 672, 109, 82
track:603, 873, 671, 109, 82
track:604, 869, 665, 114, 86
track:605, 868, 662, 114, 86
track:606, 869, 661, 114, 86
track:607, 869, 660, 114, 86
track:608, 870, 660, 114, 86
track:609, 867, 658, 120, 90
track:610, 867, 660, 120, 90
track:611, 867, 664, 120, 90
track:612, 867, 664, 120, 90
track:613, 867, 667, 120, 90
track:614, 864, 667, 126, 94
track:615, 864, 670, 126, 94
track:616, 861, 669, 132, 99
track:617, 861, 669, 132, 99
track:618, 861, 668, 132, 99
track:619, 862, 668, 132, 99
track:620, 863, 667, 132, 99
track:621, 863, 666, 132, 99
track:622, 863, 666, 132, 99
track:623, 862, 665, 132, 99
track:624, 861, 664, 132, 99
track:625, 861, 664, 132, 99
track:626, 863, 665, 132, 99
track:627, 864, 666, 132, 99
track:628, 864, 667, 132, 99
track:629, 864, 667, 132, 99
track:630, 863, 664, 132, 99
init :631, 858, 656, 143, 114
track:632, 858, 656, 143, 114
track:633, 860, 660, 143, 114
track:634, 857, 662, 150, 120
track:635, 857, 664, 150, 120
track:636, 859, 665, 150, 120
track:637, 859, 666, 150, 120
track:638, 860, 667, 150, 120
track:639, 861, 667, 150, 120
track:640, 862, 666, 150, 120
track:641, 861, 665, 150, 120
track:642, 861, 664, 150, 120
track:643, 861, 663, 150, 120
track:644, 862, 662, 150, 120
track:645, 864, 654, 143, 114
track:646, 866, 653, 143, 114
track:647, 865, 652, 143, 114
track:648, 866, 652, 143, 114
track:649, 865, 652, 143, 114
track:650, 867, 653, 143, 114
track:651, 869, 652, 143, 114
track:652, 870, 651, 143, 114
track:653, 871, 651, 143, 114
track:654, 871, 652, 143, 114
track:655, 871, 657, 143, 114
track:656, 873, 660, 143, 114
track:657, 873, 660, 143, 114
track:658, 875, 663, 143, 114
track:659, 872, 659, 150, 120
track:660, 872, 659, 150, 120
track:661, 872, 658, 150, 120
track:662, 872, 658, 150, 120
track:663, 874, 658, 150, 120
track:664, 875, 657, 150, 120
track:665, 876, 655, 150, 120
track:666, 876, 653, 150, 120
track:667, 876, 653, 150, 120
track:668, 877, 651, 150, 120
track:669, 877, 650, 150, 120
track:670, 877, 650, 150, 120
track:671, 875, 650, 150, 120
track:672, 875, 650, 150, 120
track:673, 873, 650, 150, 120
track:674, 872, 649, 150, 120
track:675, 872, 648, 150, 120
track:676, 871, 648, 150, 120
track:677, 871, 649, 150, 120
track:678, 868, 651, 150, 120
track:679, 868, 660, 150, 120
track:680, 868, 667, 150, 120
track:681, 869, 670, 150, 120
track:682, 869, 670, 150, 120
track:683, 867, 668, 150, 120
track:684, 865, 668, 150, 120
track:685, 865, 671, 150, 120
track:686, 865, 672, 150, 120
track:687, 865, 673, 150, 120
track:688, 865, 672, 150, 120
track:689, 864, 671, 150, 120
track:690, 863, 670, 150, 120
track:691, 862, 667, 150, 120
track:692, 862, 667, 150, 120
track:693, 862, 665, 150, 120
track:694, 862, 665, 150, 120
track:695, 862, 664, 150, 120
track:696, 861, 663, 150, 120
track:697, 861, 663, 150, 120
track:698, 858, 662, 150, 120
track:699, 857, 662, 150, 120
track:700, 856, 663, 150, 120
track:701, 857, 664, 150, 120
track:702, 857, 665, 150, 120
track:703, 856, 668, 150, 120
track:704, 855, 674, 150, 120
track:705, 853, 678, 150, 120
track:706, 853, 680, 150, 120
track:707, 852, 681, 150, 120
track:708, 851, 682, 150, 120
track:709, 852, 682, 150, 120
track:710, 852, 680, 150, 120
track:711, 852, 680, 150, 120
track:712, 852, 678, 150, 120
track:713, 852, 675, 150, 120
track:714, 851, 676, 150, 120
track:715, 851, 677, 150, 120
track:716, 851, 677, 150, 120
track:717, 851, 679, 150, 120
track:718, 851, 679, 150, 120
track:719, 853, 679, 150, 120
track:720, 853, 680, 150, 120
init :721, 853, 675, 147, 124
track:722, 853, 675, 147, 124
track:723, 853, 675, 147, 124
track:724, 854, 671, 147, 124
track:725, 854, 668, 147, 124
track:726, 854, 668, 147, 124
track:727, 854, 666, 147, 124
track:728, 855, 663, 147, 124
track:729, 852, 654, 154, 130
track:730, 852, 652, 154, 130
track:731, 853, 651, 154, 130
track:732, 853, 653, 154, 130
track:733, 852, 651, 154, 130
track:734, 853, 647, 154, 130
track:735, 854, 643, 154, 130
track:736, 855, 641, 154, 130
track:737, 854, 640, 154, 130
track:738, 853, 638, 154, 130
track:739, 850, 636, 162, 137
track:740, 852, 638, 162, 137
track:741, 852, 638, 162, 137
track:742, 853, 639, 162, 137
track:743, 851, 639, 162, 137
track:744, 850, 640, 162, 137
track:745, 851, 638, 162, 137
track:746, 851, 637, 162, 137
track:747, 851, 635, 162, 137
track:748, 852, 626, 162, 137
track:749, 851, 621, 162, 137
track:750, 848, 621, 162, 137
track:751, 848, 620, 162, 137
track:752, 848, 622, 162, 137
track:753, 850, 624, 162, 137
track:754, 852, 624, 162, 137
track:755, 855, 623, 162, 137
track:756, 855, 623, 162, 137
track:757, 856, 622, 162, 137
track:758, 855, 619, 162, 137
track:759, 853, 623, 162, 137
track:760, 855, 626, 162, 137
track:761, 854, 627, 162, 137
track:762, 856, 628, 162, 137
track:763, 859, 627, 162, 137
track:764, 860, 627, 162, 137
track:765, 859, 628, 162, 137
track:766, 859, 627, 162, 137
track:767, 857, 627, 162, 137
track:768, 861, 632, 154, 130
track:769, 861, 633, 154, 130
track:770, 864, 644, 154, 130
track:771, 865, 643, 154, 130
track:772, 866, 643, 154, 130
track:773, 866, 641, 154, 130
track:774, 871, 644, 147, 124
track:775, 872, 644, 147, 124
track:776, 872, 644, 147, 124
track:777, 872, 643, 147, 124
track:778, 874, 643, 147, 124
track:779, 875, 642, 147, 124
track:780, 874, 642, 147, 124
track:781, 875, 643, 147, 124
track:782, 875, 643, 147, 124
track:783, 879, 645, 140, 118
track:784, 878, 644, 140, 118
track:785, 881, 647, 133, 112
track:786, 881, 647, 133, 112
track:787, 880, 648, 133, 112
track:788, 880, 648, 133, 112
track:789, 879, 650, 133, 112
track:790, 878, 649, 133, 112
track:791, 878, 648, 133, 112
track:792, 878, 647, 133, 112
track:793, 877, 648, 133, 112
track:794, 877, 649, 133, 112
track:795, 878, 654, 133, 112
track:796, 877, 655, 133, 112
track:797, 877, 654, 133, 112
track:798, 878, 653, 133, 112
track:799, 878, 654, 133, 112
track:800, 877, 655, 133, 112
track:801, 877, 655, 133, 112
track:802, 877, 656, 133, 112
track:803, 876, 656, 133, 112
track:804, 876, 658, 133, 112
track:805, 875, 658, 133, 112
track:806, 876, 658, 133, 112
track:807, 875, 657, 133, 112
track:808, 874, 658, 133, 112
track:809, 875, 660, 133, 112
track:810, 875, 662, 133, 112
init :811, 872, 662, 138, 106
track:812, 870, 663, 138, 106
track:813, 869, 663, 138, 106
track:814, 868, 663, 138, 106
track:815, 864, 662, 145, 111
track:816, 864, 661, 145, 111
track:817, 865, 664, 145, 111
track:818, 866, 672, 138, 106
track:819, 865, 673, 138, 106
track:820, 861, 682, 145, 111
track:821, 860, 683, 145, 111
track:822, 860, 683, 145, 111
track:823, 859, 682, 145, 111
track:824, 859, 681, 145, 111
track:825, 857, 681, 145, 111
track:826, 857, 681, 145, 111
track:827, 857, 685, 145, 111
track:828, 854, 690, 152, 117
track:829, 854, 691, 152, 117
track:830, 852, 688, 160, 123
track:831, 853, 689, 160, 123
track:832, 853, 690, 160, 123
track:833, 852, 685, 168, 129
track:834, 849, 678, 176, 135
track:835, 847, 668, 176, 135
track:836, 848, 668, 176, 135
track:837, 847, 661, 176, 135
track:838, 845, 660, 176, 135
track:839, 845, 657, 176, 135
track:840, 842, 651, 176, 135
track:841, 842, 651, 176, 135
track:842, 840, 649, 176, 135
track:843, 837, 646, 176, 135
track:844, 836, 642, 176, 135
track:845, 830, 627, 176, 135
track:846, 829, 627, 176, 135
track:847, 824, 617, 185, 142
track:848, 821, 609, 194, 149
track:849, 819, 606, 194, 149
track:850, 818, 605, 194, 149
track:851, 818, 605, 194, 149
track:852, 822, 600, 194, 149
track:853, 826, 597, 194, 149
track:854, 828, 597, 194, 149
track:855, 827, 600, 194, 149
track:856, 827, 602, 194, 149
track:857, 828, 603, 194, 149
track:858, 830, 601, 194, 149
track:859, 835, 600, 185, 142
track:860, 835, 597, 185, 142
track:861, 835, 597, 185, 142
track:862, 834, 600, 185, 142
track:863, 835, 603, 185, 142
track:864, 836, 609, 185, 142
track:865, 836, 616, 185, 142
track:866, 837, 616, 185, 142
track:867, 836, 623, 185, 142
track:868, 840, 628, 176, 135
track:869, 840, 628, 176, 135
track:870, 842, 632, 176, 135
track:871, 847, 636, 168, 129
track:872, 848, 638, 168, 129
track:873, 849, 637, 168, 129
track:874, 849, 636, 168, 129
track:875, 850, 638, 168, 129
track:876, 854, 642, 160, 123
track:877, 855, 643, 160, 123
track:878, 857, 642, 160, 123
track:879, 859, 642, 160, 123
track:880, 859, 642, 160, 123
track:881, 859, 642, 160, 123
track:882, 859, 642, 160, 123
track:883, 860, 640, 160, 123
track:884, 866, 642, 152, 117
track:885, 868, 643, 152, 117
track:886, 872, 645, 145, 111
track:887, 873, 646, 145, 111
track:888, 873, 646, 145, 111
track:889, 877, 647, 138, 106
track:890, 879, 646, 138, 106
track:891, 879, 646, 138, 106
track:892, 881, 645, 138, 106
track:893, 881, 644, 138, 106
track:894, 882, 644, 138, 106
track:895, 884, 645, 138, 106
track:896, 887, 647, 131, 101
track:897, 887, 646, 131, 101
track:898, 885, 646, 131, 101
track:899, 886, 648, 125, 96
track:900, 885, 649, 125, 96
init :901, 881, 651, 124, 93
track:902, 880, 652, 124, 93
track:903, 880, 653, 124, 93
track:904, 881, 653, 124, 93
track:905, 880, 654, 124, 93
track:906, 881, 654, 124, 93
track:907, 856, 634, 124, 93
track:908, 847, 634, 124, 93
track:909, 849, 641, 124, 93
track:910, 842, 642, 124, 93
track:911, 844, 643, 124, 93
track:912, 840, 645, 130, 98
track:913, 837, 644, 137, 103
track:914, 833, 646, 137, 103
track:915, 831, 644, 144, 108
track:916, 831, 643, 144, 108
track:917, 830, 645, 144, 108
track:918, 831, 645, 144, 108
track:919, 826, 644, 151, 113
track:920, 821, 641, 158, 119
track:921, 819, 640, 158, 119
track:922, 815, 640, 158, 119
track:923, 810, 640, 158, 119
track:924, 805, 641, 158, 119
track:925, 796, 637, 166, 125
track:926, 796, 635, 166, 125
track:927, 791, 635, 166, 125
track:928, 783, 638, 166, 125
track:929, 777, 637, 166, 125
track:930, 774, 635, 166, 125
track:931, 774, 634, 166, 125
track:932, 770, 632, 166, 125
track:933, 771, 631, 166, 125
track:934, 771, 628, 166, 125
track:935, 771, 625, 166, 125
track:936, 771, 624, 166, 125
track:937, 771, 622, 166, 125
track:938, 771, 619, 166, 125
track:939, 773, 620, 166, 125
track:940, 772, 616, 166, 125
track:941, 772, 617, 166, 125
track:942, 773, 616, 166, 125
track:943, 773, 616, 166, 125
track:944, 772, 615, 166, 125
track:945, 771, 614, 166, 125
track:946, 771, 615, 166, 125
track:947, 768, 619, 158, 119
track:948, 762, 616, 166, 125
track:949, 758, 617, 166, 125
track:950, 756, 618, 166, 125
track:951, 755, 619, 166, 125
track:952, 754, 620, 166, 125
track:953, 748, 622, 166, 125
track:954, 747, 623, 166, 125
track:955, 746, 624, 166, 125
track:956, 747, 625, 166, 125
track:957, 748, 625, 166, 125
track:958, 744, 627, 166, 125
track:959, 744, 628, 166, 125
track:960, 745, 628, 166, 125
track:961, 739, 629, 166, 125
track:962, 739, 630, 166, 125
track:963, 734, 631, 166, 125
track:964, 736, 634, 158, 119
track:965, 736, 634, 158, 119
track:966, 732, 635, 158, 119
track:967, 730, 635, 158, 119
track:968, 721, 635, 158, 119
track:969, 719, 636, 158, 119
track:970, 719, 636, 158, 119
track:971, 715, 637, 158, 119
track:972, 709, 639, 151, 113
track:973, 705, 640, 151, 113
track:974, 701, 640, 151, 113
track:975, 702, 640, 151, 113
track:976, 699, 640, 151, 113
track:977, 697, 640, 151, 113
track:978, 697, 641, 151, 113
track:979, 695, 641, 151, 113
track:980, 694, 642, 151, 113
track:981, 694, 641, 151, 113
track:982, 693, 642, 151, 113
track:983, 693, 642, 151, 113
track:984, 694, 642, 151, 113
track:985, 694, 641, 151, 113
track:986, 695, 643, 151, 113
track:987, 698, 642, 151, 113
track:988, 700, 642, 151, 113
track:989, 701, 642, 151, 113
track:990, 703, 642, 151, 113
init :991, 701, 586, 507, 249
track:992, 702, 587, 507, 249
track:993, 703, 586, 507, 249
track:994, 705, 585, 507, 249
track:995, 704, 585, 507, 249
track:996, 705, 584, 507, 249
track:997, 721, 589, 483, 237
track:998, 721, 587, 483, 237
track:999, 713, 581, 507, 249
track:1000, 713, 579, 507, 249
track:1001, 728, 581, 483, 237
track:1002, 734, 580, 483, 237
track:1003, 750, 583, 460, 226
track:1004, 764, 586, 438, 215
track:1005, 754, 581, 460, 226
track:1006, 761, 578, 460, 226
track:1007, 762, 576, 460, 226
track:1008, 762, 574, 460, 226
track:1009, 755, 573, 460, 226
track:1010, 753, 574, 460, 226
track:1011, 756, 572, 460, 226
track:1012, 738, 567, 483, 237
track:1013, 747, 568, 460, 226
track:1014, 740, 567, 460, 226
track:1015, 745, 567, 460, 226
track:1016, 738, 566, 460, 226
track:1017, 734, 565, 460, 226
track:1018, 740, 572, 438, 215
track:1019, 738, 568, 438, 215
track:1020, 736, 571, 438, 215
track:1021, 734, 568, 438, 215
track:1022, 735, 569, 438, 215
track:1023, 731, 566, 438, 215
track:1024, 734, 565, 438, 215
track:1025, 727, 569, 438, 215
track:1026, 729, 568, 438, 215
track:1027, 737, 573, 417, 205
track:1028, 736, 575, 417, 205
track:1029, 733, 574, 417, 205
track:1030, 729, 576, 417, 205
track:1031, 723, 576, 417, 205
track:1032, 716, 577, 417, 205
track:1033, 723, 584, 397, 195
track:1034, 719, 584, 397, 195
track:1035, 729, 590, 378, 186
track:1036, 724, 591, 378, 186
track:1037, 729, 596, 360, 177
track:1038, 724, 598, 360, 177
track:1039, 723, 599, 360, 177
track:1040, 725, 600, 360, 177
track:1041, 723, 602, 360, 177
track:1042, 723, 605, 360, 177
track:1043, 725, 606, 360, 177
track:1044, 722, 607, 360, 177
track:1045, 724, 608, 360, 177
track:1046, 731, 613, 343, 169
track:1047, 735, 615, 343, 169
track:1048, 737, 613, 343, 169
track:1049, 743, 612, 343, 169
track:1050, 744, 612, 343, 169
track:1051, 741, 606, 360, 177
track:1052, 746, 604, 360, 177
track:1053, 751, 603, 360, 177
track:1054, 762, 602, 360, 177
track:1055, 762, 603, 360, 177
track:1056, 766, 603, 360, 177
track:1057, 769, 604, 360, 177
track:1058, 771, 604, 360, 177
track:1059, 772, 606, 360, 177
track:1060, 774, 606, 360, 177
track:1061, 770, 608, 360, 177
track:1062, 768, 608, 360, 177
track:1063, 763, 607, 360, 177
track:1064, 771, 610, 343, 169
track:1065, 771, 610, 343, 169
track:1066, 756, 608, 360, 177
track:1067, 755, 611, 343, 169
track:1068, 748, 609, 343, 169
track:1069, 736, 610, 343, 169
track:1070, 736, 610, 343, 169
track:1071, 723, 611, 343, 169
track:1072, 711, 612, 343, 169
track:1073, 703, 617, 327, 161
track:1074, 693, 615, 327, 161
track:1075, 692, 615, 327, 161
track:1076, 673, 612, 343, 169
track:1077, 669, 613, 343, 169
track:1078, 648, 613, 343, 169
track:1079, 643, 614, 343, 169
track:1080, 630, 611, 360, 177
init :1081, 673, 625, 443, 135
track:1082, 667, 626, 443, 135
track:1083, 663, 628, 443, 135
track:1084, 662, 629, 443, 135
track:1085, 662, 629, 443, 135
track:1086, 664, 629, 443, 135
track:1087, 666, 630, 443, 135
track:1088, 655, 627, 465, 142
track:1089, 655, 628, 465, 142
track:1090, 645, 625, 488, 149
track:1091, 659, 628, 465, 142
track:1092, 656, 629, 465, 142
track:1093, 658, 631, 465, 142
track:1094, 659, 631, 465, 142
track:1095, 661, 631, 465, 142
track:1096, 659, 632, 465, 142
track:1097, 662, 634, 465, 142
track:1098, 664, 634, 465, 142
track:1099, 664, 634, 465, 142
track:1100, 665, 634, 465, 142
track:1101, 666, 634, 465, 142
track:1102, 658, 633, 488, 149
track:1103, 655, 633, 488, 149
track:1104, 656, 635, 488, 149
track:1105, 655, 635, 488, 149
track:1106, 648, 635, 488, 149
track:1107, 662, 639, 465, 142
track:1108, 646, 635, 488, 149
track:1109, 650, 637, 488, 149
track:1110, 645, 638, 488, 149
track:1111, 639, 639, 488, 149
track:1112, 625, 635, 513, 156
track:1113, 626, 637, 513, 156
track:1114, 599, 640, 538, 164
track:1115, 613, 644, 513, 156
track:1116, 632, 646, 488, 149
track:1117, 612, 643, 513, 156
track:1118, 620, 646, 488, 149
track:1119, 621, 647, 488, 149
track:1120, 630, 650, 465, 142
track:1121, 637, 650, 465, 142
track:1122, 635, 651, 465, 142
track:1123, 643, 655, 443, 135
track:1124, 626, 656, 465, 142
track:1125, 632, 655, 465, 142
track:1126, 640, 653, 465, 142
track:1127, 640, 654, 465, 142
track:1128, 638, 653, 465, 142
track:1129, 645, 649, 465, 142
track:1130, 644, 649, 465, 142
track:1131, 664, 651, 443, 135
track:1132, 747, 647, 465, 142
track:1133, 758, 652, 443, 135
track:1134, 748, 654, 443, 135
track:1135, 762, 649, 443, 135
track:1136, 766, 652, 422, 129
track:1137, 759, 648, 443, 135
track:1138, 763, 649, 443, 135
track:1139, 762, 649, 443, 135
track:1140, 765, 647, 443, 135
track:1141, 759, 652, 443, 135
track:1142, 764, 654, 443, 135
track:1143, 759, 659, 443, 135
track:1144, 733, 662, 465, 142
track:1145, 734, 664, 465, 142
track:1146, 727, 668, 465, 142
track:1147, 722, 669, 465, 142
track:1148, 710, 670, 465, 142
track:1149, 691, 667, 488, 149
track:1150, 696, 665, 488, 149
track:1151, 690, 665, 488, 149
track:1152, 687, 662, 488, 149
track:1153, 672, 654, 513, 156
track:1154, 655, 647, 538, 164
track:1155, 666, 651, 513, 156
track:1156, 665, 655, 513, 156
track:1157, 664, 659, 513, 156
track:1158, 667, 659, 513, 156
track:1159, 671, 662, 513, 156
track:1160, 689, 668, 488, 149
track:1161, 699, 671, 488, 149
track:1162, 685, 667, 513, 156
track:1163, 694, 668, 513, 156
track:1164, 705, 669, 488, 149
track:1165, 699, 668, 488, 149
track:1166, 706, 664, 513, 156
track:1167, 703, 661, 513, 156
track:1168, 705, 654, 538, 164
track:1169, 701, 654, 538, 164
track:1170, 683, 652, 538, 164
init :1171, 761, 638, 346, 168
track:1172, 761, 639, 346, 168
track:1173, 761, 639, 346, 168
track:1174, 762, 639, 346, 168
track:1175, 763, 639, 346, 168
track:1176, 766, 636, 346, 168
track:1177, 767, 636, 346, 168
track:1178, 765, 636, 346, 168
track:1179, 763, 633, 346, 168
track:1180, 768, 631, 346, 168
track:1181, 765, 631, 346, 168
track:1182, 766, 628, 346, 168
track:1183, 761, 627, 346, 168
track:1184, 774, 629, 330, 160
track:1185, 771, 625, 346, 168
track:1186, 756, 620, 363, 176
track:1187, 752, 618, 363, 176
track:1188, 764, 615, 363, 176
track:1189, 781, 616, 363, 176
track:1190, 787, 613, 381, 185
track:1191, 768, 616, 381, 185
track:1192, 771, 617, 381, 185
track:1193, 763, 612, 401, 194
track:1194, 754, 615, 401, 194
track:1195, 785, 609, 401, 194
track:1196, 774, 614, 401, 194
track:1197, 773, 619, 381, 185
track:1198, 776, 625, 381, 185
track:1199, 788, 618, 363, 176
track:1200, 766, 612, 381, 185
track:1201, 736, 609, 381, 185
track:1202, 762, 610, 381, 185
track:1203, 765, 612, 363, 176
track:1204, 810, 613, 363, 176
track:1205, 808, 615, 363, 176
track:1206, 782, 618, 363, 176
track:1207, 815, 614, 363, 176
track:1208, 826, 617, 363, 176
track:1209, 819, 617, 363, 176
track:1210, 807, 614, 381, 185
track:1211, 827, 613, 381, 185
track:1212, 851, 611, 381, 185
track:1213, 855, 614, 381, 185
track:1214, 850, 612, 381, 185
track:1215, 855, 618, 381, 185
track:1216, 855, 626, 363, 176
track:1217, 855, 625, 363, 176
track:1218, 855, 626, 363, 176
track:1219, 854, 625, 363, 176
track:1220, 861, 628, 346, 168
track:1221, 872, 632, 330, 160
track:1222, 869, 633, 330, 160
track:1223, 868, 632, 330, 160
track:1224, 869, 633, 330, 160
track:1225, 881, 637, 314, 152
track:1226, 886, 641, 299, 145
track:1227, 886, 640, 299, 145
track:1228, 889, 642, 299, 145
track:1229, 887, 641, 299, 145
track:1230, 895, 646, 285, 138
track:1231, 894, 647, 285, 138
track:1232, 895, 648, 285, 138
track:1233, 901, 651, 271, 132
track:1234, 907, 655, 258, 125
track:1235, 898, 651, 271, 132
track:1236, 900, 654, 258, 125
track:1237, 900, 653, 258, 125
track:1238, 903, 652, 258, 125
track:1239, 901, 652, 258, 125
track:1240, 899, 653, 258, 125
track:1241, 905, 655, 246, 119
track:1242, 904, 655, 246, 119
track:1243, 910, 659, 234, 114
track:1244, 911, 659, 234, 114
track:1245, 910, 660, 234, 114
track:1246, 911, 660, 234, 114
track:1247, 913, 665, 223, 108
track:1248, 911, 671, 212, 103
track:1249, 912, 671, 212, 103
track:1250, 909, 671, 212, 103
track:1251, 907, 669, 212, 103
track:1252, 893, 665, 212, 103
track:1253, 897, 665, 212, 103
track:1254, 897, 664, 212, 103
track:1255, 885, 662, 212, 103
track:1256, 883, 662, 212, 103
track:1257, 876, 662, 212, 103
track:1258, 871, 661, 212, 103
track:1259, 873, 660, 212, 103
track:1260, 872, 658, 212, 103
init :1261, 793, 589, 73, 51
track:1262, 820, 590, 73, 51
track:1263, 846, 588, 77, 54
track:1264, 847, 588, 77, 54
track:1265, 861, 589, 77, 54
track:1266, 894, 589, 77, 54
track:1267, 918, 589, 77, 54
track:1268, 917, 583, 73, 51
track:1269, 919, 584, 70, 49
track:1270, 940, 586, 70, 49
track:1271, 954, 584, 66, 46
track:1272, 969, 582, 66, 46
track:1273, 971, 587, 66, 46
track:1274, 949, 582, 66, 46
track:1275, 942, 589, 66, 46
track:1276, 950, 593, 66, 46
track:1277, 954, 592, 70, 49
track:1278, 963, 587, 70, 49
track:1279, 962, 588, 70, 49
track:1280, 977, 588, 70, 49
track:1281, 988, 589, 73, 51
track:1282, 965, 588, 77, 54
track:1283, 963, 588, 77, 54
track:1284, 960, 588, 80, 56
track:1285, 951, 586, 85, 59
track:1286, 931, 586, 85, 59
track:1287, 924, 587, 85, 59
track:1288, 930, 589, 80, 56
track:1289, 930, 593, 77, 54
track:1290, 946, 595, 73, 51
track:1291, 959, 597, 73, 51
track:1292, 949, 596, 73, 51
track:1293, 957, 599, 70, 49
track:1294, 956, 596, 73, 51
track:1295, 973, 599, 77, 54
track:1296, 983, 603, 80, 56
track:1297, 1002, 610, 80, 56
track:1298, 1015, 610, 80, 56
track:1299, 1017, 611, 77, 54
track:1300, 1023, 612, 77, 54
track:1301, 1022, 610, 77, 54
track:1302, 1028, 611, 77, 54
track:1303, 1011, 602, 80, 56
track:1304, 1003, 595, 85, 59
track:1305, 982, 596, 89, 62
track:1306, 991, 595, 89, 62
track:1307, 1007, 595, 89, 62
track:1308, 1016, 596, 89, 62
track:1309, 1017, 594, 89, 62
track:1310, 1027, 595, 89, 62
track:1311, 1034, 597, 93, 65
track:1312, 1049, 600, 93, 65
track:1313, 1060, 603, 93, 65
track:1314, 1067, 603, 93, 65
track:1315, 1079, 603, 93, 65
track:1316, 1101, 605, 93, 65
track:1317, 1102, 604, 98, 68
track:1318, 1119, 609, 93, 65
track:1319, 1118, 605, 89, 62
track:1320, 1127, 606, 89, 62
track:1321, 1135, 609, 89, 62
track:1322, 1123, 618, 85, 59
track:1323, 1123, 618, 85, 59
track:1324, 1123, 618, 85, 59
track:1325, 1101, 613, 89, 62
track:1326, 1104, 612, 93, 65
track:1327, 1105, 613, 93, 65
track:1328, 1117, 615, 93, 65
track:1329, 1117, 615, 93, 65
track:1330, 1127, 619, 89, 62
track:1331, 1137, 619, 89, 62
track:1332, 1143, 620, 89, 62
track:1333, 1145, 619, 89, 62
track:1334, 1146, 619, 93, 65
track:1335, 1142, 619, 98, 68
track:1336, 1144, 620, 93, 65
track:1337, 1138, 621, 93, 65
track:1338, 1133, 621, 98, 68
track:1339, 1135, 623, 93, 65
track:1340, 1134, 624, 93, 65
track:1341, 1132, 623, 98, 68
track:1342, 1132, 624, 98, 68
track:1343, 1132, 625, 98, 68
track:1344, 1136, 625, 98, 68
track:1345, 1146, 627, 93, 65
track:1346, 1146, 625, 98, 68
track:1347, 1148, 625, 98, 68
track:1348, 1152, 625, 103, 72
track:1349, 1156, 626, 103, 72
track:1350, 1155, 627, 103, 72
init :1351, 849, 680, 175, 49
track:1352, 848, 680, 175, 49
track:1353, 848, 680, 175, 49
track:1354, 848, 680, 175, 49
track:1355, 848, 680, 175, 49
track:1356, 853, 682, 167, 47
track:1357, 857, 683, 159, 44
track:1358, 856, 683, 159, 44
track:1359, 859, 684, 151, 42
track:1360, 858, 684, 151, 42
track:1361, 858, 684, 151, 42
track:1362, 855, 683, 159, 44
track:1363, 852, 683, 167, 47
track:1364, 853, 685, 167, 47
track:1365, 853, 685, 167, 47
track:1366, 853, 685, 167, 47
track:1367, 849, 684, 175, 49
track:1368, 849, 685, 175, 49
track:1369, 854, 686, 167, 47
track:1370, 851, 687, 167, 47
track:1371, 845, 686, 175, 49
track:1372, 840, 687, 184, 51
track:1373, 837, 687, 184, 51
track:1374, 838, 687, 184, 51
track:1375, 836, 687, 184, 51
track:1376, 834, 687, 184, 51
track:1377, 832, 688, 184, 51
track:1378, 827, 689, 184, 51
track:1379, 828, 689, 184, 51
track:1380, 827, 691, 175, 49
track:1381, 821, 692, 175, 49
track:1382, 818, 693, 175, 49
track:1383, 815, 693, 175, 49
track:1384, 814, 694, 175, 49
track:1385, 813, 694, 175, 49
track:1386, 814, 695, 175, 49
track:1387, 819, 697, 167, 47
track:1388, 824, 699, 159, 44
track:1389, 825, 699, 159, 44
track:1390, 827, 699, 159, 44
track:1391, 831, 700, 159, 44
track:1392, 834, 700, 167, 47
track:1393, 838, 700, 167, 47
track:1394, 838, 702, 167, 47
track:1395, 840, 702, 167, 47
track:1396, 840, 703, 167, 47
track:1397, 842, 704, 167, 47
track:1398, 836, 704, 175, 49
track:1399, 838, 705, 175, 49
track:1400, 832, 706, 175, 49
track:1401, 828, 707, 175, 49
track:1402, 820, 708, 175, 49
track:1403, 817, 707, 175, 49
track:1404, 812, 708, 184, 51
track:1405, 811, 708, 184, 51
track:1406, 808, 708, 184, 51
track:1407, 799, 707, 193, 54
track:1408, 797, 707, 193, 54
track:1409, 796, 707, 193, 54
track:1410, 796, 707, 193, 54
track:1411, 801, 710, 184, 51
track:1412, 798, 709, 193, 54
track:1413, 803, 711, 184, 51
track:1414, 802, 711, 184, 51
track:1415, 804, 711, 184, 51
track:1416, 803, 712, 184, 51
track:1417, 802, 712, 184, 51
track:1418, 800, 712, 184, 51
track:1419, 796, 711, 193, 54
track:1420, 794, 712, 193, 54
track:1421, 797, 714, 184, 51
track:1422, 797, 714, 184, 51
track:1423, 796, 715, 184, 51
track:1424, 795, 715, 184, 51
track:1425, 796, 715, 184, 51
track:1426, 794, 715, 184, 51
track:1427, 794, 716, 184, 51
track:1428, 793, 716, 184, 51
track:1429, 792, 716, 184, 51
track:1430, 792, 716, 184, 51
track:1431, 791, 717, 184, 51
track:1432, 790, 717, 184, 51
track:1433, 788, 718, 184, 51
track:1434, 787, 718, 184, 51
track:1435, 785, 718, 184, 51
track:1436, 784, 718, 184, 51
track:1437, 782, 719, 184, 51
track:1438, 782, 719, 184, 51
track:1439, 786, 721, 175, 49
track:1440, 784, 722, 175, 49
init :1441, 784, 724, 244, 109
track:1442, 780, 724, 244, 109
track:1443, 778, 724, 244, 109
track:1444, 777, 724, 244, 109
track:1445, 772, 724, 244, 109
track:1446, 765, 725, 244, 109
track:1447, 762, 724, 244, 109
track:1448, 760, 724, 244, 109
track:1449, 759, 724, 244, 109
track:1450, 760, 722, 244, 109
track:1451, 762, 721, 244, 109
track:1452, 768, 723, 232, 104
track:1453, 769, 719, 244, 109
track:1454, 768, 721, 244, 109
track:1455, 774, 721, 244, 109
track:1456, 780, 721, 244, 109
track:1457, 790, 723, 244, 109
track:1458, 790, 723, 244, 109
track:1459, 791, 723, 244, 109
track:1460, 799, 725, 244, 109
track:1461, 809, 730, 232, 104
track:1462, 821, 735, 221, 99
track:1463, 821, 733, 221, 99
track:1464, 830, 738, 211, 94
track:1465, 839, 736, 211, 94
track:1466, 848, 743, 201, 90
track:1467, 844, 742, 211, 94
track:1468, 844, 743, 211, 94
track:1469, 844, 745, 211, 94
track:1470, 842, 746, 211, 94
track:1471, 840, 745, 211, 94
track:1472, 834, 742, 221, 99
track:1473, 831, 740, 221, 99
track:1474, 826, 733, 221, 99
track:1475, 820, 731, 232, 104
track:1476, 819, 732, 232, 104
track:1477, 828, 735, 221, 99
track:1478, 820, 732, 232, 104
track:1479, 819, 733, 232, 104
track:1480, 822, 734, 232, 104
track:1481, 822, 733, 232, 104
track:1482, 825, 737, 232, 104
track:1483, 822, 734, 232, 104
track:1484, 828, 732, 232, 104
track:1485, 830, 731, 221, 99
track:1486, 832, 727, 221, 99
track:1487, 840, 729, 221, 99
track:1488, 840, 728, 221, 99
track:1489, 848, 729, 211, 94
track:1490, 843, 727, 211, 94
track:1491, 848, 728, 201, 90
track:1492, 847, 725, 201, 90
track:1493, 851, 725, 191, 85
track:1494, 850, 724, 191, 85
track:1495, 846, 719, 191, 85
track:1496, 845, 717, 191, 85
track:1497, 835, 713, 182, 81
track:1498, 835, 711, 182, 81
track:1499, 833, 708, 182, 81
track:1500, 828, 706, 173, 77
track:1501, 824, 702, 173, 77
track:1502, 817, 698, 173, 77
track:1503, 815, 697, 173, 77
track:1504, 818, 695, 165, 74
track:1505, 817, 691, 157, 70
track:1506, 815, 687, 157, 70
track:1507, 813, 684, 157, 70
track:1508, 812, 683, 157, 70
track:1509, 812, 683, 157, 70
track:1510, 810, 679, 157, 70
track:1511, 811, 677, 157, 70
track:1512, 801, 673, 157, 70
track:1513, 803, 673, 157, 70
track:1514, 791, 671, 157, 70
track:1515, 776, 672, 150, 67
track:1516, 756, 668, 150, 67
track:1517, 732, 668, 150, 67
track:1518, 732, 668, 150, 67
track:1519, 712, 666, 150, 67
track:1520, 689, 665, 150, 67
track:1521, 669, 666, 150, 67
track:1522, 657, 666, 150, 67
track:1523, 657, 668, 150, 67
track:1524, 647, 666, 150, 67
track:1525, 648, 666, 150, 67
track:1526, 655, 667, 143, 64
track:1527, 663, 668, 136, 61
track:1528, 664, 669, 136, 61
track:1529, 693, 667, 136, 61
track:1530, 716, 667, 136, 61
init :1531, 761, 633, 249, 85
track:1532, 787, 633, 249, 85
track:1533, 787, 633, 249, 85
track:1534, 818, 635, 237, 81
track:1535, 841, 635, 237, 81
track:1536, 865, 635, 237, 81
track:1537, 881, 635, 237, 81
track:1538, 881, 636, 237, 81
track:1539, 890, 637, 237, 81
track:1540, 892, 636, 249, 85
track:1541, 901, 640, 237, 81
track:1542, 903, 642, 237, 81
track:1543, 910, 644, 226, 77
track:1544, 908, 644, 226, 77
track:1545, 906, 644, 226, 77
track:1546, 903, 645, 226, 77
track:1547, 895, 647, 226, 77
track:1548, 893, 649, 226, 77
track:1549, 889, 651, 226, 77
track:1550, 878, 654, 215, 73
track:1551, 880, 658, 205, 70
track:1552, 875, 658, 205, 70
track:1553, 874, 658, 205, 70
track:1554, 875, 661, 195, 67
track:1555, 873, 663, 195, 67
track:1556, 877, 665, 186, 63
track:1557, 883, 667, 177, 60
track:1558, 882, 667, 177, 60
track:1559, 886, 667, 177, 60
track:1560, 890, 669, 177, 60
track:1561, 893, 669, 177, 60
track:1562, 899, 671, 169, 58
track:1563, 900, 671, 169, 58
track:1564, 901, 671, 169, 58
track:1565, 904, 673, 161, 55
track:1566, 906, 674, 153, 52
track:1567, 909, 676, 146, 50
track:1568, 907, 675, 146, 50
track:1569, 907, 675, 146, 50
track:1570, 906, 676, 146, 50
track:1571, 904, 675, 146, 50
track:1572, 906, 676, 139, 47
track:1573, 906, 676, 139, 47
track:1574, 904, 675, 139, 47
track:1575, 900, 676, 139, 47
track:1576, 901, 677, 132, 45
track:1577, 898, 675, 132, 45
track:1578, 897, 677, 132, 45
track:1579, 894, 676, 132, 45
track:1580, 895, 679, 126, 43
track:1581, 895, 680, 120, 41
track:1582, 895, 682, 114, 39
track:1583, 894, 682, 114, 39
track:1584, 895, 683, 109, 37
track:1585, 897, 683, 103, 35
track:1586, 898, 684, 99, 34
track:1587, 899, 684, 99, 34
track:1588, 899, 684, 99, 34
track:1589, 900, 684, 94, 32
track:1590, 899, 685, 94, 32
track:1591, 902, 687, 89, 31
track:1592, 902, 687, 89, 31
track:1593, 901, 687, 89, 31
track:1594, 900, 687, 89, 31
track:1595, 901, 689, 85, 29
track:1596, 899, 689, 85, 29
track:1599, 896, 689, 85, 29
track:1600, 898, 690, 81, 28
track:1601, 901, 690, 77, 26
track:1602, 898, 689, 77, 26
track:1603, 900, 689, 74, 25
track:1604, 896, 688, 74, 25
track:1605, 896, 689, 70, 24
track:1606, 892, 689, 70, 24
track:1607, 894, 689, 67, 23
track:1608, 894, 689, 67, 23
elapseTime: 15.773
