init :7, 821, 630, 235, 197
track:8, 821, 630, 235, 197
track:9, 822, 630, 235, 197
track:10, 821, 631, 235, 197
track:11, 823, 630, 235, 197
track:12, 823, 630, 235, 197
track:13, 824, 630, 235, 197
track:14, 824, 630, 235, 197
track:15, 824, 630, 235, 197
track:16, 825, 630, 235, 197
track:17, 826, 630, 235, 197
track:18, 825, 630, 235, 197
track:19, 825, 629, 235, 197
track:20, 821, 626, 247, 207
track:21, 820, 626, 247, 207
track:22, 827, 631, 235, 197
track:23, 828, 631, 235, 197
track:24, 827, 631, 235, 197
track:25, 828, 630, 235, 197
track:26, 829, 631, 235, 197
track:27, 829, 631, 235, 197
track:28, 829, 631, 235, 197
track:29, 829, 630, 235, 197
track:30, 829, 630, 235, 197
init :31, 826, 633, 240, 194
track:32, 826, 633, 240, 194
track:33, 827, 633, 240, 194
track:34, 827, 632, 240, 194
track:35, 827, 632, 240, 194
track:36, 827, 632, 240, 194
track:37, 826, 631, 240, 194
track:38, 820, 627, 252, 204
track:39, 821, 628, 252, 204
track:40, 826, 632, 240, 194
track:41, 825, 632, 240, 194
track:42, 826, 632, 240, 194
track:43, 821, 628, 252, 204
track:44, 821, 628, 252, 204
track:45, 821, 629, 252, 204
track:46, 827, 633, 240, 194
track:48, 828, 633, 240, 194
track:49, 828, 634, 240, 194
track:50, 827, 633, 240, 194
track:51, 827, 632, 240, 194
track:52, 827, 632, 240, 194
track:53, 827, 632, 240, 194
track:54, 828, 631, 240, 194
track:55, 822, 627, 252, 204
track:56, 827, 632, 240, 194
track:57, 827, 631, 240, 194
track:58, 827, 631, 240, 194
track:59, 827, 631, 240, 194
track:60, 827, 631, 240, 194
init :61, 826, 630, 235, 199
track:62, 826, 630, 235, 199
track:63, 825, 630, 235, 199
track:64, 825, 630, 235, 199
track:65, 825, 629, 235, 199
track:66, 825, 629, 235, 199
track:67, 825, 629, 235, 199
track:68, 824, 629, 235, 199
track:69, 824, 629, 235, 199
track:70, 825, 629, 235, 199
track:71, 824, 629, 235, 199
track:72, 824, 629, 235, 199
track:73, 824, 629, 235, 199
track:74, 823, 628, 235, 199
track:75, 823, 629, 235, 199
track:76, 824, 629, 235, 199
track:77, 824, 629, 235, 199
track:78, 824, 629, 235, 199
track:79, 824, 629, 235, 199
track:80, 824, 629, 235, 199
track:81, 824, 629, 235, 199
track:82, 824, 629, 235, 199
track:83, 824, 629, 235, 199
track:84, 825, 629, 235, 199
track:85, 824, 629, 235, 199
track:86, 825, 629, 235, 199
track:87, 824, 629, 235, 199
track:88, 825, 629, 235, 199
track:89, 825, 629, 235, 199
track:90, 824, 629, 235, 199
init :91, 821, 633, 240, 197
track:92, 821, 633, 240, 197
track:93, 821, 633, 240, 197
track:94, 821, 634, 240, 197
track:95, 821, 633, 240, 197
track:96, 823, 633, 240, 197
track:97, 824, 633, 240, 197
track:98, 824, 632, 240, 197
track:99, 823, 631, 240, 197
track:100, 825, 631, 240, 197
track:101, 826, 631, 240, 197
track:102, 827, 629, 240, 197
track:103, 827, 629, 240, 197
track:104, 827, 629, 240, 197
track:105, 826, 628, 240, 197
track:106, 827, 627, 240, 197
track:107, 828, 628, 240, 197
track:108, 829, 626, 240, 197
track:109, 829, 624, 240, 197
track:110, 828, 622, 240, 197
track:111, 828, 621, 240, 197
track:112, 829, 619, 240, 197
track:113, 830, 617, 240, 197
track:114, 836, 622, 229, 188
track:115, 837, 620, 229, 188
track:116, 837, 618, 229, 188
track:117, 839, 615, 229, 188
track:120, 840, 613, 229, 188
init :121, 853, 615, 198, 160
track:122, 854, 615, 198, 160
track:123, 853, 613, 198, 160
track:124, 853, 614, 198, 160
track:125, 856, 615, 189, 152
track:126, 855, 613, 189, 152
track:127, 852, 611, 189, 152
track:128, 851, 611, 189, 152
track:129, 851, 611, 189, 152
track:130, 856, 616, 180, 145
track:131, 856, 617, 180, 145
track:132, 859, 620, 180, 145
track:133, 856, 619, 189, 152
track:134, 855, 620, 189, 152
track:135, 855, 621, 189, 152
track:136, 856, 621, 189, 152
track:137, 862, 626, 180, 145
track:138, 863, 628, 180, 145
track:139, 864, 628, 180, 145
track:140, 863, 627, 180, 145
track:141, 861, 625, 180, 145
track:142, 860, 627, 180, 145
track:143, 860, 627, 180, 145
track:144, 860, 628, 180, 145
track:145, 857, 632, 180, 145
track:146, 855, 632, 180, 145
track:147, 856, 634, 180, 145
track:148, 857, 635, 180, 145
track:149, 858, 635, 180, 145
track:150, 859, 638, 180, 145
init :151, 858, 633, 175, 160
track:152, 858, 634, 175, 160
track:153, 859, 638, 175, 160
track:154, 858, 639, 175, 160
track:155, 857, 641, 175, 160
track:156, 858, 641, 175, 160
track:157, 859, 642, 175, 160
track:158, 860, 643, 175, 160
track:159, 860, 643, 175, 160
track:160, 859, 644, 175, 160
track:161, 857, 644, 175, 160
track:162, 855, 644, 175, 160
track:163, 854, 644, 175, 160
track:164, 853, 645, 175, 160
track:165, 853, 646, 175, 160
track:166, 854, 646, 175, 160
track:167, 853, 646, 175, 160
track:168, 853, 645, 175, 160
track:169, 852, 645, 175, 160
track:170, 855, 645, 175, 160
track:171, 856, 643, 175, 160
track:172, 853, 639, 184, 168
track:173, 857, 642, 175, 160
track:174, 856, 642, 175, 160
track:175, 854, 642, 175, 160
track:176, 851, 644, 175, 160
track:177, 854, 644, 175, 160
track:178, 854, 644, 175, 160
track:179, 855, 644, 175, 160
track:180, 863, 648, 167, 152
init :181, 867, 656, 161, 150
track:182, 867, 658, 161, 150
track:183, 869, 661, 161, 150
track:184, 869, 661, 161, 150
track:185, 870, 664, 161, 150
track:186, 864, 659, 169, 158
track:187, 860, 654, 169, 158
track:188, 857, 652, 169, 158
track:189, 855, 652, 169, 158
track:190, 858, 654, 161, 150
track:191, 857, 651, 161, 150
track:192, 857, 646, 161, 150
track:193, 856, 646, 161, 150
track:194, 856, 644, 161, 150
track:195, 857, 643, 161, 150
track:196, 858, 642, 161, 150
track:197, 859, 640, 161, 150
track:198, 857, 641, 161, 150
track:199, 855, 642, 161, 150
track:200, 853, 642, 161, 150
track:201, 852, 642, 161, 150
track:202, 850, 641, 161, 150
track:203, 851, 638, 161, 150
track:204, 851, 638, 161, 150
track:205, 851, 636, 161, 150
track:206, 852, 634, 161, 150
track:207, 851, 632, 161, 150
track:208, 854, 636, 153, 143
track:209, 852, 633, 153, 143
track:210, 851, 629, 153, 143
init :211, 849, 630, 152, 129
track:212, 848, 629, 152, 129
track:213, 849, 629, 152, 129
track:214, 849, 628, 152, 129
track:215, 850, 627, 152, 129
track:216, 850, 627, 152, 129
track:217, 850, 628, 152, 129
track:218, 850, 628, 152, 129
track:219, 849, 629, 152, 129
track:220, 849, 632, 152, 129
track:221, 850, 635, 152, 129
track:222, 853, 639, 145, 123
track:223, 853, 638, 145, 123
track:224, 852, 640, 145, 123
track:225, 853, 642, 145, 123
track:226, 853, 643, 145, 123
track:227, 853, 644, 145, 123
track:228, 852, 643, 145, 123
track:229, 853, 644, 145, 123
track:230, 853, 644, 145, 123
track:231, 855, 647, 138, 117
track:232, 854, 642, 138, 117
track:233, 854, 642, 138, 117
track:234, 853, 642, 138, 117
track:235, 856, 644, 131, 111
track:236, 857, 643, 131, 111
track:237, 859, 643, 131, 111
track:238, 859, 643, 131, 111
track:239, 860, 645, 131, 111
track:240, 861, 647, 131, 111
init :241, 863, 651, 120, 101
track:242, 864, 651, 120, 101
track:243, 864, 651, 120, 101
track:244, 864, 652, 120, 101
track:245, 864, 652, 120, 101
track:246, 864, 653, 120, 101
track:247, 864, 654, 120, 101
track:248, 865, 654, 120, 101
track:249, 864, 655, 120, 101
track:250, 864, 655, 120, 101
track:251, 865, 658, 120, 101
track:252, 866, 659, 120, 101
track:253, 866, 659, 120, 101
track:254, 867, 663, 120, 101
track:255, 866, 664, 120, 101
track:256, 867, 666, 120, 101
track:257, 869, 670, 120, 101
track:258, 868, 670, 120, 101
track:259, 869, 671, 120, 101
track:260, 869, 673, 120, 101
track:261, 869, 674, 120, 101
track:262, 869, 674, 120, 101
track:263, 869, 674, 120, 101
track:264, 869, 676, 120, 101
track:265, 869, 678, 120, 101
track:266, 869, 679, 120, 101
track:267, 869, 681, 120, 101
track:268, 870, 681, 120, 101
track:269, 869, 682, 120, 101
track:270, 870, 685, 120, 101
init :271, 867, 687, 124, 101
track:272, 868, 690, 124, 101
track:273, 868, 690, 124, 101
track:274, 868, 692, 124, 101
track:275, 869, 694, 124, 101
track:276, 869, 697, 124, 101
track:277, 871, 699, 124, 101
track:278, 872, 700, 124, 101
track:279, 870, 697, 130, 106
track:280, 867, 694, 137, 111
track:281, 869, 693, 137, 111
track:282, 870, 695, 137, 111
track:283, 871, 696, 137, 111
track:284, 872, 698, 137, 111
track:285, 871, 695, 144, 117
track:286, 873, 695, 144, 117
track:287, 870, 690, 151, 123
track:288, 870, 689, 151, 123
track:289, 867, 684, 158, 129
track:290, 868, 678, 158, 129
track:291, 864, 668, 166, 135
track:292, 866, 663, 166, 135
track:293, 866, 662, 166, 135
track:294, 866, 661, 166, 135
track:295, 864, 655, 174, 142
track:296, 861, 652, 183, 149
track:297, 862, 653, 183, 149
track:298, 861, 652, 183, 149
track:299, 855, 649, 192, 157
track:300, 849, 647, 202, 165
init :301, 835, 638, 244, 205
track:302, 834, 641, 244, 205
track:303, 834, 642, 244, 205
track:304, 833, 647, 244, 205
track:305, 832, 647, 244, 205
track:306, 824, 642, 256, 215
track:307, 818, 635, 269, 226
track:308, 816, 636, 269, 226
track:309, 816, 633, 269, 226
track:310, 815, 628, 269, 226
track:311, 813, 611, 269, 226
track:312, 820, 607, 256, 215
track:313, 813, 602, 269, 226
track:314, 814, 595, 269, 226
track:315, 814, 586, 269, 226
track:316, 814, 579, 269, 226
track:317, 816, 568, 269, 226
track:318, 822, 572, 256, 215
track:319, 825, 573, 256, 215
track:320, 836, 566, 244, 205
track:321, 839, 562, 244, 205
track:322, 843, 565, 232, 195
track:323, 844, 563, 232, 195
track:324, 843, 566, 232, 195
track:325, 846, 569, 221, 186
track:326, 845, 562, 221, 186
track:327, 844, 562, 221, 186
track:328, 844, 562, 221, 186
track:329, 843, 569, 221, 186
track:330, 840, 577, 221, 186
init :331, 849, 589, 198, 176
track:332, 852, 596, 189, 168
track:333, 852, 596, 189, 168
track:334, 846, 594, 198, 176
track:335, 846, 596, 198, 176
track:336, 845, 598, 198, 176
track:337, 846, 599, 198, 176
track:338, 847, 599, 198, 176
track:339, 847, 595, 198, 176
track:340, 853, 597, 189, 168
track:341, 853, 597, 189, 168
track:342, 853, 596, 189, 168
track:343, 853, 596, 189, 168
track:344, 852, 595, 189, 168
track:345, 858, 595, 180, 160
track:346, 857, 596, 180, 160
track:347, 859, 597, 180, 160
track:348, 857, 598, 180, 160
track:349, 861, 603, 171, 152
track:350, 862, 607, 171, 152
track:351, 862, 610, 171, 152
track:352, 868, 617, 163, 145
track:353, 872, 622, 155, 138
track:354, 871, 623, 155, 138
track:355, 870, 624, 155, 138
track:356, 871, 625, 155, 138
track:357, 869, 625, 155, 138
track:358, 870, 626, 155, 138
track:359, 872, 629, 148, 131
track:360, 872, 630, 148, 131
init :361, 872, 636, 138, 98
track:362, 871, 636, 138, 98
track:363, 871, 636, 138, 98
track:364, 871, 637, 138, 98
track:365, 871, 638, 138, 98
track:366, 871, 639, 138, 98
track:367, 871, 640, 138, 98
track:368, 871, 641, 138, 98
track:369, 870, 641, 138, 98
track:370, 869, 647, 138, 98
track:371, 868, 652, 138, 98
track:372, 871, 658, 131, 93
track:373, 870, 659, 131, 93
track:374, 870, 661, 131, 93
track:375, 868, 661, 131, 93
track:376, 866, 662, 131, 93
track:377, 865, 663, 131, 93
track:378, 864, 663, 131, 93
track:379, 864, 664, 131, 93
track:380, 864, 663, 131, 93
track:381, 864, 662, 131, 93
track:382, 861, 662, 131, 93
track:383, 860, 662, 131, 93
track:384, 862, 664, 125, 89
track:385, 861, 662, 125, 89
track:386, 864, 663, 119, 85
track:387, 864, 663, 119, 85
track:388, 864, 664, 119, 85
track:389, 863, 663, 119, 85
track:390, 863, 663, 119, 85
init :391, 867, 667, 110, 88
track:392, 867, 669, 110, 88
track:393, 867, 670, 110, 88
track:394, 867, 671, 110, 88
track:395, 868, 678, 110, 88
track:396, 869, 680, 110, 88
track:397, 871, 684, 110, 88
track:398, 871, 684, 110, 88
track:399, 873, 690, 110, 88
track:400, 873, 694, 110, 88
track:401, 874, 699, 110, 88
track:402, 876, 704, 110, 88
track:403, 876, 704, 110, 88
track:404, 877, 706, 110, 88
track:405, 878, 706, 110, 88
track:406, 878, 706, 110, 88
track:407, 880, 706, 110, 88
track:408, 879, 706, 110, 88
track:409, 879, 705, 110, 88
track:410, 880, 702, 110, 88
track:411, 880, 699, 110, 88
track:412, 881, 697, 110, 88
track:413, 881, 697, 110, 88
track:414, 881, 696, 110, 88
track:415, 881, 697, 110, 88
track:416, 882, 700, 110, 88
track:417, 883, 700, 110, 88
track:418, 883, 700, 110, 88
track:419, 882, 699, 110, 88
track:420, 881, 701, 110, 88
init :421, 876, 700, 110, 83
track:422, 876, 699, 110, 83
track:423, 876, 697, 110, 83
track:424, 876, 695, 110, 83
track:425, 876, 694, 110, 83
track:426, 875, 692, 110, 83
track:427, 874, 690, 110, 83
track:428, 873, 690, 110, 83
track:429, 873, 690, 110, 83
track:430, 873, 690, 110, 83
track:431, 873, 691, 110, 83
track:432, 872, 690, 110, 83
track:433, 872, 690, 110, 83
track:434, 871, 690, 110, 83
track:435, 870, 690, 110, 83
track:436, 869, 691, 110, 83
track:437, 869, 692, 110, 83
track:438, 869, 693, 110, 83
track:439, 870, 694, 110, 83
track:440, 868, 694, 115, 87
track:441, 868, 693, 115, 87
track:442, 866, 691, 121, 92
track:443, 867, 691, 121, 92
track:444, 867, 692, 121, 92
track:445, 866, 692, 121, 92
track:446, 867, 694, 121, 92
track:447, 867, 692, 121, 92
track:448, 867, 693, 121, 92
track:449, 867, 691, 121, 92
track:450, 868, 691, 121, 92
init :451, 872, 693, 115, 93
track:452, 873, 695, 115, 93
track:453, 872, 695, 115, 93
track:454, 874, 695, 115, 93
track:455, 875, 696, 115, 93
track:456, 876, 696, 115, 93
track:457, 875, 696, 115, 93
track:458, 875, 696, 115, 93
track:459, 875, 695, 115, 93
track:460, 874, 693, 115, 93
track:461, 876, 693, 115, 93
track:462, 876, 693, 115, 93
track:463, 873, 691, 121, 98
track:464, 872, 688, 121, 98
track:465, 872, 685, 121, 98
track:466, 873, 686, 121, 98
track:467, 872, 686, 121, 98
track:468, 872, 687, 121, 98
track:469, 872, 687, 121, 98
track:470, 873, 688, 121, 98
track:471, 874, 690, 121, 98
track:472, 871, 688, 127, 103
track:473, 872, 691, 127, 103
track:474, 869, 691, 133, 108
track:475, 871, 692, 133, 108
track:476, 873, 690, 133, 108
track:477, 873, 690, 133, 108
track:478, 875, 689, 133, 108
track:479, 877, 688, 133, 108
track:480, 876, 675, 140, 113
init :481, 872, 669, 147, 124
track:482, 872, 669, 147, 124
track:483, 875, 663, 147, 124
track:484, 876, 662, 147, 124
track:485, 874, 658, 154, 130
track:486, 875, 663, 154, 130
track:487, 875, 663, 154, 130
track:488, 873, 667, 154, 130
track:490, 871, 671, 154, 130
track:491, 868, 672, 154, 130
track:492, 863, 670, 162, 137
track:493, 861, 670, 162, 137
track:494, 861, 669, 162, 137
track:495, 854, 660, 170, 144
track:496, 852, 655, 170, 144
track:497, 851, 654, 170, 144
track:498, 850, 651, 170, 144
track:499, 849, 648, 170, 144
track:500, 847, 642, 170, 144
track:501, 848, 638, 170, 144
track:502, 848, 638, 170, 144
track:503, 846, 636, 170, 144
track:504, 847, 634, 170, 144
track:505, 846, 633, 170, 144
track:506, 845, 632, 170, 144
track:507, 846, 632, 170, 144
track:508, 846, 631, 170, 144
track:509, 846, 627, 170, 144
track:510, 846, 623, 170, 144
init :511, 853, 623, 156, 137
track:512, 853, 623, 156, 137
track:513, 853, 623, 156, 137
track:514, 853, 624, 156, 137
track:515, 856, 628, 149, 130
track:516, 857, 628, 149, 130
track:517, 857, 628, 149, 130
track:518, 856, 625, 149, 130
track:519, 856, 624, 149, 130
track:520, 857, 624, 149, 130
track:521, 858, 623, 149, 130
track:522, 857, 623, 149, 130
track:523, 857, 624, 149, 130
track:524, 857, 626, 149, 130
track:525, 859, 628, 149, 130
track:526, 859, 629, 149, 130
track:527, 859, 629, 149, 130
track:528, 862, 632, 141, 124
track:529, 867, 633, 135, 118
track:530, 869, 631, 135, 118
track:531, 869, 630, 135, 118
track:532, 868, 630, 135, 118
track:533, 870, 631, 135, 118
track:534, 873, 634, 128, 113
track:535, 872, 634, 128, 113
track:536, 873, 637, 128, 113
track:537, 873, 637, 128, 113
track:538, 876, 641, 122, 107
track:539, 880, 645, 116, 102
track:540, 880, 645, 116, 102
init :543, 876, 649, 120, 90
track:544, 876, 649, 120, 90
track:546, 875, 656, 120, 90
track:547, 874, 656, 120, 90
track:548, 873, 659, 120, 90
track:549, 873, 661, 120, 90
track:550, 872, 662, 120, 90
track:551, 874, 666, 114, 86
track:552, 874, 666, 114, 86
track:553, 873, 666, 114, 86
track:554, 872, 665, 114, 86
track:555, 872, 665, 114, 86
track:556, 871, 666, 114, 86
track:557, 871, 666, 114, 86
track:558, 870, 671, 114, 86
track:559, 873, 675, 109, 82
track:560, 874, 678, 109, 82
track:561, 876, 683, 104, 78
track:562, 876, 683, 104, 78
track:563, 876, 685, 104, 78
track:564, 876, 687, 104, 78
track:565, 875, 688, 104, 78
track:566, 877, 691, 99, 74
track:567, 877, 692, 99, 74
track:568, 878, 695, 99, 74
track:569, 879, 695, 99, 74
track:570, 878, 698, 99, 74
init :571, 872, 700, 101, 77
track:572, 872, 700, 101, 77
track:573, 873, 702, 101, 77
track:574, 874, 704, 101, 77
track:575, 875, 704, 101, 77
track:576, 874, 702, 101, 77
track:577, 874, 702, 101, 77
track:578, 871, 697, 106, 81
track:579, 872, 696, 106, 81
track:580, 873, 695, 106, 81
track:581, 874, 696, 106, 81
track:582, 874, 695, 106, 81
track:583, 873, 699, 106, 81
track:584, 873, 699, 106, 81
track:585, 873, 699, 106, 81
track:586, 873, 700, 106, 81
track:587, 873, 700, 106, 81
track:588, 873, 700, 106, 81
track:589, 874, 700, 106, 81
track:590, 873, 699, 106, 81
track:591, 871, 700, 106, 81
track:592, 868, 698, 111, 85
track:593, 867, 697, 111, 85
track:594, 864, 693, 117, 89
track:595, 865, 684, 117, 89
track:596, 863, 682, 117, 89
track:597, 863, 681, 117, 89
track:598, 863, 677, 117, 89
track:599, 862, 671, 117, 89
track:600, 862, 668, 117, 89
init :601, 867, 664, 115, 103
track:602, 867, 664, 115, 103
track:603, 867, 663, 115, 103
track:604, 865, 660, 115, 103
track:605, 865, 657, 115, 103
track:606, 866, 656, 115, 103
track:607, 865, 656, 115, 103
track:608, 866, 656, 115, 103
track:609, 867, 655, 115, 103
track:610, 867, 656, 115, 103
track:611, 867, 660, 115, 103
track:612, 864, 659, 121, 108
track:613, 863, 661, 121, 108
track:614, 864, 663, 121, 108
track:615, 865, 666, 121, 108
track:616, 864, 669, 121, 108
track:617, 861, 667, 127, 114
track:618, 861, 667, 127, 114
track:619, 860, 665, 127, 114
track:620, 861, 664, 127, 114
track:621, 862, 664, 127, 114
track:622, 862, 664, 127, 114
track:623, 861, 663, 127, 114
track:624, 860, 661, 127, 114
track:625, 861, 661, 127, 114
track:626, 862, 662, 127, 114
track:627, 863, 663, 127, 114
track:628, 863, 664, 127, 114
track:629, 863, 663, 127, 114
track:630, 859, 658, 133, 119
init :631, 858, 656, 143, 114
track:632, 858, 656, 143, 114
track:633, 860, 660, 143, 114
track:634, 857, 662, 150, 120
track:635, 857, 664, 150, 120
track:636, 859, 665, 150, 120
track:637, 859, 666, 150, 120
track:638, 860, 667, 150, 120
track:639, 861, 667, 150, 120
track:640, 862, 666, 150, 120
track:641, 861, 665, 150, 120
track:642, 861, 664, 150, 120
track:643, 861, 663, 150, 120
track:644, 862, 662, 150, 120
track:645, 864, 654, 143, 114
track:646, 866, 653, 143, 114
track:647, 865, 652, 143, 114
track:648, 866, 652, 143, 114
track:649, 865, 652, 143, 114
track:650, 867, 653, 143, 114
track:651, 869, 652, 143, 114
track:652, 870, 651, 143, 114
track:653, 871, 651, 143, 114
track:654, 871, 652, 143, 114
track:655, 871, 657, 143, 114
track:656, 873, 660, 143, 114
track:657, 873, 660, 143, 114
track:658, 875, 663, 143, 114
track:659, 872, 659, 150, 120
track:660, 872, 659, 150, 120
init :661, 876, 662, 143, 111
track:662, 876, 662, 143, 111
track:663, 877, 662, 143, 111
track:664, 878, 660, 143, 111
track:665, 880, 659, 143, 111
track:666, 880, 657, 143, 111
track:667, 875, 654, 150, 117
track:668, 876, 652, 150, 117
track:669, 877, 652, 150, 117
track:670, 877, 652, 150, 117
track:671, 875, 652, 150, 117
track:672, 874, 653, 150, 117
track:673, 872, 653, 150, 117
track:674, 870, 651, 150, 117
track:675, 871, 650, 150, 117
track:676, 870, 650, 150, 117
track:677, 873, 651, 143, 111
track:678, 871, 654, 143, 111
track:679, 871, 664, 143, 111
track:680, 872, 671, 143, 111
track:681, 872, 673, 143, 111
track:682, 872, 673, 143, 111
track:683, 870, 671, 143, 111
track:684, 868, 671, 143, 111
track:685, 868, 673, 143, 111
track:686, 869, 676, 143, 111
track:687, 868, 677, 143, 111
track:688, 864, 674, 150, 117
track:689, 863, 672, 150, 117
track:690, 862, 670, 150, 117
init :691, 858, 667, 152, 114
track:692, 858, 667, 152, 114
track:693, 858, 665, 152, 114
track:694, 858, 665, 152, 114
track:695, 859, 665, 152, 114
track:696, 858, 663, 152, 114
track:697, 857, 663, 152, 114
track:698, 855, 663, 152, 114
track:699, 853, 664, 152, 114
track:700, 853, 665, 152, 114
track:701, 853, 666, 152, 114
track:702, 854, 666, 152, 114
track:703, 853, 669, 152, 114
track:704, 848, 671, 160, 120
track:705, 848, 677, 160, 120
track:706, 847, 678, 160, 120
track:707, 847, 678, 160, 120
track:708, 847, 679, 160, 120
track:709, 847, 679, 160, 120
track:710, 847, 678, 160, 120
track:711, 847, 677, 160, 120
track:712, 846, 675, 160, 120
track:713, 846, 673, 160, 120
track:714, 846, 672, 160, 120
track:715, 845, 674, 160, 120
track:716, 846, 674, 160, 120
track:717, 846, 675, 160, 120
track:718, 846, 676, 160, 120
track:719, 847, 677, 160, 120
track:720, 847, 678, 160, 120
init :721, 853, 675, 147, 124
track:722, 853, 675, 147, 124
track:723, 853, 675, 147, 124
track:724, 854, 671, 147, 124
track:725, 854, 668, 147, 124
track:726, 854, 668, 147, 124
track:727, 854, 666, 147, 124
track:728, 855, 663, 147, 124
track:729, 852, 654, 154, 130
track:730, 852, 652, 154, 130
track:731, 853, 651, 154, 130
track:732, 853, 653, 154, 130
track:733, 852, 651, 154, 130
track:734, 853, 647, 154, 130
track:735, 854, 643, 154, 130
track:736, 855, 641, 154, 130
track:737, 854, 640, 154, 130
track:738, 853, 638, 154, 130
track:739, 850, 636, 162, 137
track:740, 852, 638, 162, 137
track:741, 852, 638, 162, 137
track:742, 853, 639, 162, 137
track:743, 851, 639, 162, 137
track:744, 850, 640, 162, 137
track:745, 851, 638, 162, 137
track:746, 851, 637, 162, 137
track:747, 851, 635, 162, 137
track:748, 852, 626, 162, 137
track:749, 851, 621, 162, 137
track:750, 848, 621, 162, 137
init :751, 849, 625, 156, 124
track:752, 848, 627, 156, 124
track:753, 850, 628, 156, 124
track:754, 851, 629, 156, 124
track:755, 853, 628, 156, 124
track:756, 854, 628, 156, 124
track:757, 855, 628, 156, 124
track:758, 854, 627, 156, 124
track:759, 854, 629, 156, 124
track:760, 855, 632, 156, 124
track:761, 855, 633, 156, 124
track:762, 857, 634, 156, 124
track:763, 859, 633, 156, 124
track:764, 860, 633, 156, 124
track:765, 863, 636, 149, 118
track:766, 862, 636, 149, 118
track:767, 861, 636, 149, 118
track:768, 863, 638, 149, 118
track:769, 863, 640, 149, 118
track:770, 866, 648, 149, 118
track:771, 866, 649, 149, 118
track:772, 868, 649, 149, 118
track:773, 867, 647, 149, 118
track:774, 869, 647, 149, 118
track:775, 874, 650, 141, 112
track:776, 872, 649, 141, 112
track:777, 873, 649, 141, 112
track:778, 875, 648, 141, 112
track:779, 876, 648, 141, 112
track:780, 880, 650, 135, 107
init :781, 881, 651, 133, 98
track:782, 881, 651, 133, 98
track:783, 880, 652, 133, 98
track:784, 880, 652, 133, 98
track:785, 879, 653, 133, 98
track:786, 879, 653, 133, 98
track:787, 878, 653, 133, 98
track:788, 881, 655, 127, 93
track:789, 881, 656, 127, 93
track:790, 880, 656, 127, 93
track:791, 880, 656, 127, 93
track:792, 879, 655, 127, 93
track:793, 879, 656, 127, 93
track:794, 879, 657, 127, 93
track:795, 879, 661, 127, 93
track:796, 879, 662, 127, 93
track:797, 879, 661, 127, 93
track:798, 879, 660, 127, 93
track:799, 879, 662, 127, 93
track:800, 880, 663, 127, 93
track:801, 879, 663, 127, 93
track:802, 879, 664, 127, 93
track:803, 878, 664, 127, 93
track:804, 875, 663, 133, 98
track:805, 878, 665, 127, 93
track:806, 877, 666, 127, 93
track:807, 877, 665, 127, 93
track:808, 876, 666, 127, 93
track:809, 876, 668, 127, 93
track:810, 877, 669, 127, 93
init :811, 872, 662, 138, 106
track:812, 870, 663, 138, 106
track:813, 869, 663, 138, 106
track:814, 868, 663, 138, 106
track:815, 864, 662, 145, 111
track:816, 864, 661, 145, 111
track:817, 865, 664, 145, 111
track:818, 866, 672, 138, 106
track:819, 865, 673, 138, 106
track:820, 861, 682, 145, 111
track:821, 860, 683, 145, 111
track:822, 860, 683, 145, 111
track:823, 859, 682, 145, 111
track:824, 859, 681, 145, 111
track:825, 857, 681, 145, 111
track:826, 857, 681, 145, 111
track:827, 857, 685, 145, 111
track:828, 854, 690, 152, 117
track:829, 854, 691, 152, 117
track:830, 852, 688, 160, 123
track:831, 853, 689, 160, 123
track:832, 853, 690, 160, 123
track:833, 852, 685, 168, 129
track:834, 849, 678, 176, 135
track:835, 847, 668, 176, 135
track:836, 848, 668, 176, 135
track:837, 847, 661, 176, 135
track:838, 845, 660, 176, 135
track:839, 845, 657, 176, 135
track:840, 842, 651, 176, 135
init :841, 840, 646, 180, 163
track:842, 839, 645, 180, 163
track:843, 837, 643, 180, 163
track:844, 836, 639, 180, 163
track:845, 831, 625, 180, 163
track:846, 831, 625, 180, 163
track:847, 830, 621, 180, 163
track:848, 829, 613, 180, 163
track:849, 829, 612, 180, 163
track:850, 823, 607, 189, 171
track:851, 823, 607, 189, 171
track:852, 822, 598, 198, 180
track:853, 825, 594, 198, 180
track:854, 827, 595, 198, 180
track:855, 822, 593, 208, 189
track:856, 823, 594, 208, 189
track:857, 827, 600, 198, 180
track:858, 828, 597, 198, 180
track:859, 829, 594, 198, 180
track:860, 829, 591, 198, 180
track:861, 829, 592, 198, 180
track:862, 829, 593, 198, 180
track:863, 830, 597, 198, 180
track:864, 831, 603, 198, 180
track:865, 831, 609, 198, 180
track:866, 830, 610, 198, 180
track:867, 835, 618, 189, 171
track:868, 840, 625, 180, 163
track:869, 841, 626, 180, 163
track:870, 841, 630, 180, 163
init :871, 849, 636, 166, 129
track:872, 849, 637, 166, 129
track:873, 850, 638, 166, 129
track:874, 851, 638, 166, 129
track:875, 856, 641, 158, 123
track:876, 857, 641, 158, 123
track:877, 858, 643, 158, 123
track:878, 859, 643, 158, 123
track:879, 860, 642, 158, 123
track:880, 861, 642, 158, 123
track:881, 862, 642, 158, 123
track:882, 865, 644, 151, 117
track:883, 869, 645, 143, 111
track:884, 872, 645, 143, 111
track:885, 873, 645, 143, 111
track:886, 873, 645, 143, 111
track:887, 875, 646, 143, 111
track:888, 880, 649, 137, 106
track:889, 879, 648, 137, 106
track:890, 881, 647, 137, 106
track:891, 881, 647, 137, 106
track:892, 884, 646, 137, 106
track:893, 884, 645, 137, 106
track:894, 884, 645, 137, 106
track:895, 885, 645, 137, 106
track:896, 885, 645, 137, 106
track:897, 885, 645, 137, 106
track:898, 883, 644, 137, 106
track:899, 884, 646, 130, 101
track:900, 884, 648, 130, 101
init :901, 881, 651, 124, 93
track:902, 880, 652, 124, 93
track:903, 880, 653, 124, 93
track:904, 881, 653, 124, 93
track:905, 880, 654, 124, 93
track:906, 881, 654, 124, 93
track:907, 856, 634, 124, 93
track:908, 847, 634, 124, 93
track:909, 849, 641, 124, 93
track:910, 842, 642, 124, 93
track:911, 844, 643, 124, 93
track:912, 840, 645, 130, 98
track:913, 837, 644, 137, 103
track:914, 833, 646, 137, 103
track:915, 831, 644, 144, 108
track:916, 831, 643, 144, 108
track:917, 830, 645, 144, 108
track:918, 831, 645, 144, 108
track:919, 826, 644, 151, 113
track:920, 821, 641, 158, 119
track:921, 819, 640, 158, 119
track:922, 815, 640, 158, 119
track:923, 810, 640, 158, 119
track:924, 805, 641, 158, 119
track:925, 796, 637, 166, 125
track:926, 796, 635, 166, 125
track:927, 791, 635, 166, 125
track:928, 783, 638, 166, 125
track:929, 777, 637, 166, 125
track:930, 774, 635, 166, 125
init :931, 770, 581, 304, 249
track:932, 771, 579, 304, 249
track:933, 772, 576, 304, 249
track:934, 772, 573, 304, 249
track:935, 773, 571, 304, 249
track:936, 775, 570, 304, 249
track:937, 776, 569, 304, 249
track:938, 775, 567, 304, 249
track:939, 776, 565, 304, 249
track:940, 777, 563, 304, 249
track:941, 780, 562, 304, 249
track:942, 778, 561, 304, 249
track:943, 777, 560, 304, 249
track:944, 773, 561, 304, 249
track:945, 776, 559, 304, 249
track:946, 775, 559, 304, 249
track:947, 772, 556, 304, 249
track:948, 767, 562, 304, 249
track:949, 764, 560, 304, 249
track:950, 762, 563, 304, 249
track:951, 758, 563, 304, 249
track:952, 758, 563, 304, 249
track:953, 758, 567, 304, 249
track:954, 750, 568, 304, 249
track:955, 747, 569, 304, 249
track:956, 747, 569, 304, 249
track:957, 746, 570, 304, 249
track:958, 745, 570, 304, 249
track:959, 752, 578, 290, 237
track:960, 753, 579, 290, 237
init :961, 747, 584, 383, 236
track:962, 746, 585, 383, 236
track:963, 744, 587, 383, 236
track:964, 744, 587, 383, 236
track:965, 743, 587, 383, 236
track:966, 741, 588, 383, 236
track:967, 739, 589, 383, 236
track:968, 737, 589, 383, 236
track:969, 729, 590, 383, 236
track:970, 729, 589, 383, 236
track:971, 728, 590, 383, 236
track:972, 721, 593, 383, 236
track:973, 718, 591, 383, 236
track:974, 711, 592, 383, 236
track:975, 719, 597, 365, 225
track:976, 715, 597, 365, 225
track:977, 712, 598, 365, 225
track:978, 711, 598, 365, 225
track:979, 708, 597, 365, 225
track:980, 702, 594, 383, 236
track:981, 703, 593, 383, 236
track:982, 701, 594, 383, 236
track:983, 702, 595, 383, 236
track:984, 704, 594, 383, 236
track:985, 706, 594, 383, 236
track:986, 706, 596, 383, 236
track:987, 700, 589, 402, 248
track:988, 699, 590, 402, 248
track:989, 703, 587, 402, 248
track:990, 703, 588, 402, 248
init :991, 701, 586, 507, 249
track:992, 702, 587, 507, 249
track:993, 703, 586, 507, 249
track:994, 705, 585, 507, 249
track:995, 704, 585, 507, 249
track:996, 705, 584, 507, 249
track:997, 721, 589, 483, 237
track:998, 721, 587, 483, 237
track:999, 713, 581, 507, 249
track:1000, 713, 579, 507, 249
track:1001, 728, 581, 483, 237
track:1002, 734, 580, 483, 237
track:1003, 750, 583, 460, 226
track:1004, 764, 586, 438, 215
track:1005, 754, 581, 460, 226
track:1006, 761, 578, 460, 226
track:1007, 762, 576, 460, 226
track:1008, 762, 574, 460, 226
track:1009, 755, 573, 460, 226
track:1010, 753, 574, 460, 226
track:1011, 756, 572, 460, 226
track:1012, 738, 567, 483, 237
track:1013, 747, 568, 460, 226
track:1014, 740, 567, 460, 226
track:1015, 745, 567, 460, 226
track:1016, 738, 566, 460, 226
track:1017, 734, 565, 460, 226
track:1018, 740, 572, 438, 215
track:1019, 738, 568, 438, 215
track:1020, 736, 571, 438, 215
init :1021, 752, 576, 466, 184
track:1022, 751, 575, 466, 184
track:1023, 749, 573, 466, 184
track:1024, 746, 572, 466, 184
track:1025, 749, 571, 466, 184
track:1026, 745, 571, 466, 184
track:1027, 752, 576, 444, 175
track:1028, 746, 577, 444, 175
track:1029, 742, 578, 444, 175
track:1030, 753, 584, 423, 167
track:1031, 760, 587, 403, 159
track:1032, 745, 584, 423, 167
track:1033, 742, 585, 423, 167
track:1034, 739, 588, 423, 167
track:1035, 743, 590, 423, 167
track:1036, 738, 590, 423, 167
track:1037, 734, 592, 423, 167
track:1038, 721, 590, 444, 175
track:1039, 720, 593, 444, 175
track:1040, 719, 594, 444, 175
track:1041, 716, 595, 444, 175
track:1042, 717, 599, 444, 175
track:1043, 714, 600, 444, 175
track:1044, 725, 605, 423, 167
track:1045, 728, 604, 423, 167
track:1046, 728, 607, 423, 167
track:1047, 731, 610, 423, 167
track:1048, 732, 611, 423, 167
track:1049, 736, 611, 423, 167
track:1050, 739, 610, 423, 167
init :1051, 756, 610, 452, 150
track:1052, 761, 607, 452, 150
track:1053, 768, 607, 452, 150
track:1054, 773, 608, 452, 150
track:1055, 777, 608, 452, 150
track:1056, 780, 607, 452, 150
track:1057, 785, 608, 452, 150
track:1058, 788, 609, 452, 150
track:1059, 790, 610, 452, 150
track:1060, 789, 611, 452, 150
track:1061, 781, 608, 475, 158
track:1062, 766, 604, 498, 165
track:1063, 777, 609, 475, 158
track:1064, 773, 608, 475, 158
track:1065, 782, 612, 452, 150
track:1066, 776, 611, 452, 150
track:1067, 767, 611, 452, 150
track:1068, 762, 613, 452, 150
track:1069, 751, 613, 452, 150
track:1070, 751, 612, 452, 150
track:1071, 732, 610, 475, 158
track:1072, 715, 610, 475, 158
track:1073, 693, 605, 498, 165
track:1074, 681, 605, 498, 165
track:1075, 673, 604, 498, 165
track:1076, 664, 605, 498, 165
track:1077, 655, 607, 498, 165
track:1078, 639, 607, 498, 165
track:1079, 629, 606, 498, 165
track:1080, 640, 610, 475, 158
init :1081, 673, 625, 443, 135
track:1082, 667, 626, 443, 135
track:1083, 663, 628, 443, 135
track:1084, 662, 629, 443, 135
track:1085, 662, 629, 443, 135
track:1086, 664, 629, 443, 135
track:1087, 666, 630, 443, 135
track:1088, 655, 627, 465, 142
track:1089, 655, 628, 465, 142
track:1090, 645, 625, 488, 149
track:1091, 659, 628, 465, 142
track:1092, 656, 629, 465, 142
track:1093, 658, 631, 465, 142
track:1094, 659, 631, 465, 142
track:1095, 661, 631, 465, 142
track:1096, 659, 632, 465, 142
track:1097, 662, 634, 465, 142
track:1098, 664, 634, 465, 142
track:1099, 664, 634, 465, 142
track:1100, 665, 634, 465, 142
track:1101, 666, 634, 465, 142
track:1102, 658, 633, 488, 149
track:1103, 655, 633, 488, 149
track:1104, 656, 635, 488, 149
track:1105, 655, 635, 488, 149
track:1106, 648, 635, 488, 149
track:1107, 662, 639, 465, 142
track:1108, 646, 635, 488, 149
track:1109, 650, 637, 488, 149
track:1110, 645, 638, 488, 149
init :1111, 692, 633, 447, 166
track:1112, 693, 634, 447, 166
track:1113, 688, 634, 447, 166
track:1114, 683, 633, 447, 166
track:1115, 696, 638, 426, 158
track:1116, 699, 639, 426, 158
track:1117, 693, 639, 426, 158
track:1118, 700, 644, 405, 151
track:1119, 695, 644, 405, 151
track:1120, 694, 642, 405, 151
track:1121, 693, 645, 405, 151
track:1122, 688, 644, 405, 151
track:1123, 689, 646, 405, 151
track:1124, 696, 650, 386, 143
track:1125, 693, 650, 386, 143
track:1126, 699, 651, 386, 143
track:1127, 696, 652, 386, 143
track:1128, 704, 654, 368, 137
track:1129, 715, 658, 368, 137
track:1130, 705, 657, 368, 137
track:1131, 707, 659, 368, 137
track:1132, 718, 656, 368, 137
track:1133, 789, 663, 350, 130
track:1134, 798, 671, 334, 124
track:1135, 831, 671, 334, 124
track:1136, 874, 684, 318, 118
track:1137, 881, 692, 318, 118
track:1138, 903, 710, 303, 112
track:1139, 884, 705, 318, 118
track:1140, 881, 707, 318, 118
init :1141, 830, 630, 216, 181
track:1142, 826, 630, 216, 181
track:1143, 816, 630, 216, 181
track:1144, 807, 631, 216, 181
track:1145, 806, 632, 216, 181
track:1146, 798, 631, 216, 181
track:1147, 791, 631, 216, 181
track:1148, 785, 637, 206, 172
track:1149, 775, 631, 216, 181
track:1150, 777, 631, 216, 181
track:1151, 776, 631, 216, 181
track:1152, 775, 631, 216, 181
track:1153, 771, 632, 216, 181
track:1154, 775, 638, 206, 172
track:1155, 769, 639, 206, 172
track:1156, 773, 642, 206, 172
track:1157, 774, 644, 206, 172
track:1158, 774, 643, 206, 172
track:1159, 777, 640, 206, 172
track:1160, 778, 640, 206, 172
track:1161, 778, 641, 206, 172
track:1162, 784, 636, 216, 181
track:1163, 781, 637, 216, 181
track:1164, 788, 640, 216, 181
track:1165, 787, 638, 216, 181
track:1166, 780, 639, 216, 181
track:1167, 784, 644, 206, 172
track:1168, 776, 645, 206, 172
track:1169, 773, 644, 206, 172
track:1170, 772, 644, 206, 172
init :1171, 761, 638, 346, 168
track:1172, 761, 639, 346, 168
track:1173, 761, 639, 346, 168
track:1174, 762, 639, 346, 168
track:1175, 763, 639, 346, 168
track:1176, 766, 636, 346, 168
track:1177, 767, 636, 346, 168
track:1178, 765, 636, 346, 168
track:1179, 763, 633, 346, 168
track:1180, 768, 631, 346, 168
track:1181, 765, 631, 346, 168
track:1182, 766, 628, 346, 168
track:1183, 761, 627, 346, 168
track:1184, 774, 629, 330, 160
track:1185, 771, 625, 346, 168
track:1186, 756, 620, 363, 176
track:1187, 752, 618, 363, 176
track:1188, 764, 615, 363, 176
track:1189, 781, 616, 363, 176
track:1190, 787, 613, 381, 185
track:1191, 768, 616, 381, 185
track:1192, 771, 617, 381, 185
track:1193, 763, 612, 401, 194
track:1194, 754, 615, 401, 194
track:1195, 785, 609, 401, 194
track:1196, 774, 614, 401, 194
track:1197, 773, 619, 381, 185
track:1198, 776, 625, 381, 185
track:1199, 788, 618, 363, 176
track:1200, 766, 612, 381, 185
init :1201, 798, 630, 364, 109
track:1202, 798, 630, 364, 109
track:1203, 799, 630, 364, 109
track:1204, 813, 633, 347, 104
track:1205, 813, 633, 347, 104
track:1206, 818, 633, 347, 104
track:1207, 822, 634, 347, 104
track:1208, 826, 634, 347, 104
track:1209, 826, 634, 347, 104
track:1210, 833, 634, 347, 104
track:1211, 840, 635, 347, 104
track:1212, 834, 633, 364, 109
track:1213, 833, 633, 364, 109
track:1214, 836, 634, 364, 109
track:1215, 845, 638, 347, 104
track:1216, 846, 639, 347, 104
track:1217, 848, 639, 347, 104
track:1218, 857, 642, 330, 99
track:1219, 856, 641, 330, 99
track:1220, 852, 642, 330, 99
track:1221, 850, 643, 330, 99
track:1222, 852, 644, 330, 99
track:1223, 849, 645, 330, 99
track:1224, 851, 645, 330, 99
track:1225, 854, 646, 330, 99
track:1226, 861, 648, 314, 94
track:1227, 864, 648, 314, 94
track:1228, 865, 649, 314, 94
track:1229, 861, 650, 314, 94
track:1230, 867, 651, 299, 90
init :1231, 909, 659, 267, 98
track:1232, 907, 659, 267, 98
track:1233, 905, 660, 267, 98
track:1234, 911, 664, 254, 93
track:1235, 915, 668, 242, 89
track:1236, 917, 670, 231, 85
track:1237, 913, 669, 231, 85
track:1238, 917, 671, 220, 81
track:1239, 916, 670, 220, 81
track:1240, 920, 672, 209, 77
track:1241, 919, 672, 209, 77
track:1242, 919, 672, 209, 77
track:1243, 912, 670, 220, 81
track:1244, 916, 670, 220, 81
track:1245, 902, 671, 231, 85
track:1246, 901, 673, 231, 85
track:1247, 902, 677, 220, 81
track:1248, 898, 679, 220, 81
track:1249, 897, 679, 220, 81
track:1250, 897, 677, 220, 81
track:1251, 895, 678, 209, 77
track:1252, 960, 675, 209, 77
track:1253, 955, 675, 209, 77
track:1254, 948, 671, 220, 81
track:1255, 950, 675, 209, 77
track:1256, 944, 671, 220, 81
track:1257, 937, 670, 220, 81
track:1258, 934, 671, 220, 81
track:1259, 928, 668, 231, 85
track:1260, 920, 670, 231, 85
init :1261, 793, 589, 73, 51
track:1262, 820, 590, 73, 51
track:1263, 846, 588, 77, 54
track:1264, 847, 588, 77, 54
track:1265, 861, 589, 77, 54
track:1266, 894, 589, 77, 54
track:1267, 918, 589, 77, 54
track:1268, 917, 583, 73, 51
track:1269, 919, 584, 70, 49
track:1270, 940, 586, 70, 49
track:1271, 954, 584, 66, 46
track:1272, 969, 582, 66, 46
track:1273, 971, 587, 66, 46
track:1274, 949, 582, 66, 46
track:1275, 942, 589, 66, 46
track:1276, 950, 593, 66, 46
track:1277, 954, 592, 70, 49
track:1278, 963, 587, 70, 49
track:1279, 962, 588, 70, 49
track:1280, 977, 588, 70, 49
track:1281, 988, 589, 73, 51
track:1282, 965, 588, 77, 54
track:1283, 963, 588, 77, 54
track:1284, 960, 588, 80, 56
track:1285, 951, 586, 85, 59
track:1286, 931, 586, 85, 59
track:1287, 924, 587, 85, 59
track:1288, 930, 589, 80, 56
track:1289, 930, 593, 77, 54
track:1290, 946, 595, 73, 51
init :1291, 867, 659, 143, 75
track:1292, 866, 659, 143, 75
track:1293, 864, 659, 143, 75
track:1294, 864, 659, 143, 75
track:1295, 863, 659, 143, 75
track:1296, 859, 658, 150, 79
track:1297, 863, 658, 143, 75
track:1298, 862, 658, 143, 75
track:1299, 862, 657, 143, 75
track:1300, 863, 658, 143, 75
track:1301, 863, 660, 143, 75
track:1302, 861, 660, 143, 75
track:1303, 860, 661, 143, 75
track:1304, 860, 659, 143, 75
track:1305, 861, 659, 143, 75
track:1306, 861, 659, 143, 75
track:1307, 863, 660, 143, 75
track:1308, 862, 661, 143, 75
track:1309, 863, 662, 143, 75
track:1310, 863, 661, 143, 75
track:1311, 864, 661, 143, 75
track:1312, 864, 662, 143, 75
track:1313, 864, 664, 136, 71
track:1314, 863, 664, 136, 71
track:1315, 866, 665, 130, 68
track:1316, 864, 665, 130, 68
track:1317, 862, 665, 130, 68
track:1318, 861, 666, 130, 68
track:1319, 860, 667, 130, 68
track:1320, 859, 667, 130, 68
init :1321, 858, 672, 166, 54
track:1322, 859, 672, 166, 54
track:1323, 864, 674, 166, 54
track:1324, 867, 675, 158, 51
track:1325, 867, 676, 158, 51
track:1326, 868, 676, 158, 51
track:1327, 867, 676, 166, 54
track:1328, 872, 678, 158, 51
track:1329, 872, 679, 158, 51
track:1330, 871, 679, 158, 51
track:1331, 871, 679, 158, 51
track:1332, 867, 679, 158, 51
track:1333, 863, 679, 158, 51
track:1334, 862, 679, 158, 51
track:1335, 858, 679, 158, 51
track:1336, 854, 679, 158, 51
track:1337, 850, 679, 158, 51
track:1338, 848, 678, 158, 51
track:1339, 847, 678, 158, 51
track:1340, 847, 679, 158, 51
track:1341, 847, 679, 158, 51
track:1342, 846, 679, 158, 51
track:1343, 843, 679, 166, 54
track:1344, 843, 679, 166, 54
track:1345, 843, 680, 166, 54
track:1346, 839, 679, 174, 57
track:1347, 840, 680, 174, 57
track:1348, 838, 680, 174, 57
track:1349, 837, 680, 174, 57
track:1350, 837, 680, 174, 57
init :1351, 849, 680, 175, 49
track:1352, 848, 680, 175, 49
track:1353, 848, 680, 175, 49
track:1354, 848, 680, 175, 49
track:1355, 848, 680, 175, 49
track:1356, 853, 682, 167, 47
track:1357, 857, 683, 159, 44
track:1358, 856, 683, 159, 44
track:1359, 859, 684, 151, 42
track:1360, 858, 684, 151, 42
track:1361, 858, 684, 151, 42
track:1362, 855, 683, 159, 44
track:1363, 852, 683, 167, 47
track:1364, 853, 685, 167, 47
track:1365, 853, 685, 167, 47
track:1366, 853, 685, 167, 47
track:1367, 849, 684, 175, 49
track:1368, 849, 685, 175, 49
track:1369, 854, 686, 167, 47
track:1370, 851, 687, 167, 47
track:1371, 845, 686, 175, 49
track:1372, 840, 687, 184, 51
track:1373, 837, 687, 184, 51
track:1374, 838, 687, 184, 51
track:1375, 836, 687, 184, 51
track:1376, 834, 687, 184, 51
track:1377, 832, 688, 184, 51
track:1378, 827, 689, 184, 51
track:1379, 828, 689, 184, 51
track:1380, 827, 691, 175, 49
init :1381, 816, 695, 193, 62
track:1382, 814, 696, 193, 62
track:1383, 812, 696, 193, 62
track:1384, 810, 697, 193, 62
track:1385, 813, 699, 184, 59
track:1386, 809, 698, 193, 62
track:1387, 810, 699, 193, 62
track:1388, 813, 700, 193, 62
track:1389, 815, 701, 193, 62
track:1390, 817, 702, 193, 62
track:1391, 825, 704, 184, 59
track:1392, 829, 705, 184, 59
track:1393, 833, 707, 184, 59
track:1394, 834, 707, 184, 59
track:1395, 837, 707, 184, 59
track:1396, 838, 708, 184, 59
track:1397, 834, 709, 193, 62
track:1398, 829, 709, 203, 65
track:1399, 833, 710, 193, 62
track:1400, 829, 711, 193, 62
track:1401, 821, 710, 203, 65
track:1402, 816, 711, 203, 65
track:1403, 810, 712, 203, 65
track:1404, 810, 712, 203, 65
track:1405, 806, 714, 203, 65
track:1406, 804, 714, 203, 65
track:1407, 799, 715, 203, 65
track:1408, 795, 715, 203, 65
track:1409, 795, 714, 203, 65
track:1410, 796, 714, 203, 65
init :1411, 793, 713, 230, 75
track:1412, 792, 713, 230, 75
track:1413, 794, 714, 230, 75
track:1414, 794, 715, 230, 75
track:1415, 796, 715, 230, 75
track:1416, 797, 716, 230, 75
track:1417, 797, 715, 230, 75
track:1418, 793, 715, 230, 75
track:1419, 794, 716, 230, 75
track:1420, 793, 716, 230, 75
track:1421, 786, 714, 241, 79
track:1422, 785, 716, 241, 79
track:1423, 786, 717, 241, 79
track:1424, 786, 717, 241, 79
track:1425, 787, 717, 241, 79
track:1426, 787, 717, 241, 79
track:1427, 788, 717, 241, 79
track:1428, 779, 715, 254, 83
track:1429, 778, 715, 254, 83
track:1430, 776, 716, 254, 83
track:1431, 775, 717, 254, 83
track:1432, 781, 720, 254, 83
track:1433, 774, 720, 254, 83
track:1434, 773, 720, 254, 83
track:1435, 772, 721, 254, 83
track:1436, 768, 721, 254, 83
track:1437, 768, 722, 254, 83
track:1438, 763, 723, 266, 87
track:1439, 765, 723, 266, 87
track:1440, 757, 724, 280, 91
init :1441, 784, 724, 244, 109
track:1442, 780, 724, 244, 109
track:1443, 778, 724, 244, 109
track:1444, 777, 724, 244, 109
track:1445, 772, 724, 244, 109
track:1446, 765, 725, 244, 109
track:1447, 762, 724, 244, 109
track:1448, 760, 724, 244, 109
track:1449, 759, 724, 244, 109
track:1450, 760, 722, 244, 109
track:1451, 762, 721, 244, 109
track:1452, 768, 723, 232, 104
track:1453, 769, 719, 244, 109
track:1454, 768, 721, 244, 109
track:1455, 774, 721, 244, 109
track:1456, 780, 721, 244, 109
track:1457, 790, 723, 244, 109
track:1458, 790, 723, 244, 109
track:1459, 791, 723, 244, 109
track:1460, 799, 725, 244, 109
track:1461, 809, 730, 232, 104
track:1462, 821, 735, 221, 99
track:1463, 821, 733, 221, 99
track:1464, 830, 738, 211, 94
track:1465, 839, 736, 211, 94
track:1466, 848, 743, 201, 90
track:1467, 844, 742, 211, 94
track:1468, 844, 743, 211, 94
track:1469, 844, 745, 211, 94
track:1470, 842, 746, 211, 94
init :1471, 853, 693, 161, 163
track:1472, 851, 690, 161, 163
track:1473, 850, 689, 161, 163
track:1474, 846, 687, 161, 163
track:1475, 843, 684, 161, 163
track:1476, 841, 683, 161, 163
track:1477, 841, 681, 161, 163
track:1478, 844, 681, 161, 163
track:1479, 842, 678, 161, 163
track:1480, 842, 675, 161, 163
track:1481, 841, 671, 161, 163
track:1482, 847, 669, 161, 163
track:1483, 843, 664, 169, 171
track:1484, 849, 663, 169, 171
track:1485, 851, 661, 169, 171
track:1486, 864, 664, 161, 163
track:1487, 870, 665, 153, 155
track:1488, 871, 664, 153, 155
track:1489, 872, 659, 161, 163
track:1490, 874, 659, 161, 163
track:1491, 880, 658, 153, 155
track:1492, 879, 653, 161, 163
track:1493, 879, 652, 161, 163
track:1494, 870, 648, 161, 163
track:1495, 871, 645, 161, 163
track:1496, 864, 641, 161, 163
track:1497, 855, 635, 161, 163
track:1498, 848, 636, 161, 163
track:1499, 846, 627, 169, 171
track:1500, 841, 627, 161, 163
init :1501, 835, 641, 300, 132
track:1502, 833, 639, 300, 132
track:1503, 832, 638, 300, 132
track:1504, 830, 636, 300, 132
track:1505, 825, 631, 300, 132
track:1506, 823, 629, 300, 132
track:1507, 822, 626, 300, 132
track:1508, 820, 625, 300, 132
track:1509, 820, 622, 300, 132
track:1510, 819, 620, 300, 132
track:1511, 818, 618, 300, 132
track:1512, 812, 616, 300, 132
track:1513, 818, 618, 286, 126
track:1514, 800, 616, 286, 126
track:1515, 779, 615, 286, 126
track:1516, 761, 621, 272, 120
track:1517, 735, 620, 272, 120
track:1518, 734, 620, 272, 120
track:1519, 707, 620, 272, 120
track:1520, 689, 621, 272, 120
track:1521, 666, 624, 272, 120
track:1522, 643, 619, 286, 126
track:1523, 647, 619, 286, 126
track:1524, 638, 624, 272, 120
track:1525, 644, 626, 259, 114
track:1526, 637, 621, 272, 120
track:1527, 656, 624, 259, 114
track:1528, 649, 623, 259, 114
track:1529, 679, 622, 259, 114
track:1530, 694, 622, 259, 114
init :1531, 761, 633, 249, 85
track:1532, 787, 633, 249, 85
track:1533, 787, 633, 249, 85
track:1534, 818, 635, 237, 81
track:1535, 841, 635, 237, 81
track:1536, 865, 635, 237, 81
track:1537, 881, 635, 237, 81
track:1538, 881, 636, 237, 81
track:1539, 890, 637, 237, 81
track:1540, 892, 636, 249, 85
track:1541, 901, 640, 237, 81
track:1542, 903, 642, 237, 81
track:1543, 910, 644, 226, 77
track:1544, 908, 644, 226, 77
track:1545, 906, 644, 226, 77
track:1546, 903, 645, 226, 77
track:1547, 895, 647, 226, 77
track:1548, 893, 649, 226, 77
track:1549, 889, 651, 226, 77
track:1550, 878, 654, 215, 73
track:1551, 880, 658, 205, 70
track:1552, 875, 658, 205, 70
track:1553, 874, 658, 205, 70
track:1554, 875, 661, 195, 67
track:1555, 873, 663, 195, 67
track:1556, 877, 665, 186, 63
track:1557, 883, 667, 177, 60
track:1558, 882, 667, 177, 60
track:1559, 886, 667, 177, 60
track:1560, 890, 669, 177, 60
init :1561, 900, 667, 189, 70
track:1562, 900, 668, 189, 70
track:1563, 901, 669, 189, 70
track:1564, 902, 669, 189, 70
track:1565, 903, 669, 189, 70
track:1566, 907, 670, 180, 67
track:1567, 906, 671, 180, 67
track:1568, 906, 671, 180, 67
track:1569, 909, 672, 171, 63
track:1570, 907, 673, 171, 63
track:1571, 907, 674, 163, 60
track:1572, 905, 675, 163, 60
track:1573, 905, 675, 163, 60
track:1574, 902, 675, 163, 60
track:1575, 902, 677, 155, 58
track:1576, 900, 677, 155, 58
track:1577, 900, 678, 148, 55
track:1578, 899, 679, 148, 55
track:1579, 896, 678, 148, 55
track:1580, 898, 680, 141, 52
track:1581, 895, 682, 134, 50
track:1582, 893, 681, 134, 50
track:1583, 892, 682, 134, 50
track:1584, 892, 681, 134, 50
track:1585, 894, 683, 128, 47
track:1586, 892, 682, 128, 47
track:1587, 896, 683, 128, 47
track:1588, 895, 683, 128, 47
track:1589, 896, 682, 128, 47
track:1590, 900, 683, 122, 45
init :1591, 904, 680, 129, 72
track:1592, 904, 680, 129, 72
track:1593, 903, 680, 129, 72
track:1594, 902, 681, 129, 72
track:1595, 901, 682, 129, 72
track:1596, 901, 684, 123, 69
track:1599, 898, 684, 123, 69
track:1600, 897, 685, 123, 69
track:1601, 896, 685, 123, 69
track:1602, 894, 684, 123, 69
track:1603, 894, 683, 123, 69
track:1604, 890, 684, 123, 69
track:1605, 887, 683, 123, 69
track:1606, 886, 682, 123, 69
track:1607, 879, 683, 123, 69
track:1608, 875, 681, 129, 72
elapseTime: 17.254
