init :7, 821, 630, 235, 197
track:8, 821, 630, 235, 197
track:9, 822, 630, 235, 197
track:10, 821, 631, 235, 197
track:11, 823, 630, 235, 197
track:12, 823, 630, 235, 197
track:13, 824, 630, 235, 197
track:14, 824, 630, 235, 197
track:15, 824, 630, 235, 197
track:16, 825, 630, 235, 197
track:17, 826, 630, 235, 197
track:18, 825, 630, 235, 197
track:19, 825, 629, 235, 197
track:20, 821, 626, 247, 207
track:21, 820, 626, 247, 207
track:22, 827, 631, 235, 197
track:23, 828, 631, 235, 197
track:24, 827, 631, 235, 197
track:25, 828, 630, 235, 197
track:26, 829, 631, 235, 197
track:27, 829, 631, 235, 197
track:28, 829, 631, 235, 197
track:29, 829, 630, 235, 197
track:30, 829, 630, 235, 197
track:31, 830, 629, 235, 197
track:32, 831, 631, 235, 197
track:33, 829, 630, 235, 197
track:34, 830, 631, 235, 197
track:35, 830, 630, 235, 197
track:36, 830, 631, 235, 197
track:37, 829, 630, 235, 197
track:38, 831, 630, 235, 197
track:39, 830, 630, 235, 197
track:40, 830, 630, 235, 197
track:41, 831, 629, 235, 197
track:42, 830, 631, 235, 197
track:43, 831, 630, 235, 197
track:44, 830, 631, 235, 197
track:45, 832, 630, 235, 197
track:46, 830, 631, 235, 197
track:48, 832, 630, 235, 197
track:49, 830, 630, 235, 197
track:50, 831, 629, 235, 197
track:51, 832, 629, 235, 197
track:52, 831, 628, 235, 197
track:53, 832, 629, 235, 197
track:54, 831, 629, 235, 197
track:55, 832, 629, 235, 197
track:56, 831, 629, 235, 197
track:57, 831, 628, 235, 197
track:58, 831, 629, 235, 197
track:59, 830, 628, 235, 197
track:60, 832, 628, 235, 197
track:61, 831, 630, 235, 197
track:62, 830, 629, 235, 197
track:63, 829, 629, 235, 197
track:64, 830, 629, 235, 197
track:65, 829, 629, 235, 197
track:66, 828, 629, 235, 197
track:67, 829, 628, 235, 197
track:68, 829, 629, 235, 197
track:69, 828, 629, 235, 197
track:70, 829, 628, 235, 197
track:71, 829, 629, 235, 197
track:72, 828, 629, 235, 197
init :73, 826, 630, 235, 197
track:74, 826, 630, 235, 197
track:75, 826, 630, 235, 197
track:76, 825, 631, 235, 197
track:77, 826, 631, 235, 197
track:78, 824, 631, 235, 197
track:79, 825, 631, 235, 197
track:80, 826, 631, 235, 197
track:81, 824, 631, 235, 197
track:82, 825, 630, 235, 197
track:83, 826, 631, 235, 197
track:84, 825, 631, 235, 197
track:85, 825, 631, 235, 197
track:86, 825, 632, 235, 197
track:87, 825, 631, 235, 197
track:88, 825, 632, 235, 197
track:89, 825, 631, 235, 197
track:90, 825, 632, 235, 197
track:91, 826, 630, 235, 197
track:92, 826, 630, 235, 197
track:93, 825, 631, 235, 197
track:94, 827, 631, 235, 197
track:95, 827, 630, 235, 197
track:96, 826, 630, 235, 197
track:97, 827, 630, 235, 197
track:98, 829, 630, 235, 197
track:99, 828, 630, 235, 197
track:100, 829, 631, 235, 197
track:101, 828, 629, 235, 197
track:102, 830, 630, 235, 197
track:103, 829, 628, 235, 197
track:104, 830, 628, 235, 197
track:105, 831, 628, 235, 197
track:106, 831, 626, 235, 197
track:107, 833, 625, 235, 197
track:108, 834, 623, 235, 197
track:109, 833, 622, 235, 197
track:110, 833, 621, 235, 197
track:111, 833, 620, 235, 197
track:112, 834, 619, 235, 197
track:113, 834, 616, 235, 197
track:114, 834, 616, 235, 197
track:115, 841, 619, 224, 188
track:116, 842, 615, 224, 188
track:117, 843, 614, 224, 188
track:120, 845, 612, 224, 188
track:121, 846, 608, 224, 188
track:122, 847, 607, 224, 188
track:123, 845, 606, 224, 188
track:124, 846, 605, 224, 188
track:125, 844, 603, 224, 188
track:126, 842, 599, 224, 188
track:127, 842, 599, 224, 188
track:128, 840, 598, 224, 188
track:129, 839, 599, 224, 188
track:130, 840, 601, 224, 188
track:131, 840, 601, 224, 188
track:132, 844, 605, 224, 188
track:133, 845, 604, 224, 188
track:134, 845, 604, 224, 188
track:135, 845, 608, 224, 188
track:136, 847, 608, 224, 188
track:137, 853, 614, 213, 179
track:138, 854, 615, 213, 179
track:139, 854, 616, 213, 179
track:140, 854, 614, 213, 179
track:141, 857, 618, 203, 170
track:142, 855, 619, 203, 170
track:143, 855, 620, 203, 170
track:144, 855, 620, 203, 170
init :145, 858, 625, 180, 150
track:146, 858, 625, 180, 150
track:147, 859, 627, 180, 150
track:148, 860, 629, 180, 150
track:149, 864, 633, 171, 143
track:150, 864, 636, 171, 143
track:151, 865, 639, 171, 143
track:152, 865, 642, 171, 143
track:153, 865, 644, 171, 143
track:154, 860, 641, 180, 150
track:155, 861, 642, 180, 150
track:156, 861, 644, 180, 150
track:157, 862, 645, 180, 150
track:158, 862, 646, 180, 150
track:159, 862, 646, 180, 150
track:160, 862, 646, 180, 150
track:161, 860, 647, 180, 150
track:162, 856, 647, 180, 150
track:163, 861, 649, 171, 143
track:164, 861, 650, 171, 143
track:165, 861, 651, 171, 143
track:166, 861, 651, 171, 143
track:167, 866, 654, 163, 136
track:168, 866, 654, 163, 136
track:169, 866, 654, 163, 136
track:170, 867, 653, 163, 136
track:171, 868, 652, 163, 136
track:172, 869, 651, 163, 136
track:173, 869, 651, 163, 136
track:174, 869, 651, 163, 136
track:175, 867, 651, 163, 136
track:176, 863, 651, 163, 136
track:177, 864, 651, 163, 136
track:178, 866, 652, 163, 136
track:179, 867, 651, 163, 136
track:180, 869, 653, 163, 136
track:181, 869, 655, 163, 136
track:182, 870, 659, 163, 136
track:183, 872, 661, 163, 136
track:184, 872, 662, 163, 136
track:185, 874, 664, 163, 136
track:186, 873, 662, 163, 136
track:187, 869, 655, 163, 136
track:188, 864, 652, 163, 136
track:189, 863, 651, 163, 136
track:190, 861, 650, 163, 136
track:191, 860, 647, 163, 136
track:192, 859, 643, 163, 136
track:193, 858, 640, 163, 136
track:194, 858, 641, 163, 136
track:195, 860, 639, 163, 136
track:196, 862, 638, 163, 136
track:197, 861, 636, 163, 136
track:198, 859, 637, 163, 136
track:199, 859, 637, 163, 136
track:200, 857, 639, 163, 136
track:201, 855, 640, 163, 136
track:202, 853, 637, 163, 136
track:203, 854, 634, 163, 136
track:204, 855, 634, 163, 136
track:205, 855, 632, 163, 136
track:206, 855, 632, 163, 136
track:207, 853, 629, 163, 136
track:208, 853, 629, 163, 136
track:209, 850, 627, 163, 136
track:210, 849, 624, 163, 136
track:211, 849, 621, 163, 136
track:212, 848, 619, 163, 136
track:213, 849, 619, 163, 136
track:214, 848, 617, 163, 136
track:215, 849, 617, 163, 136
track:216, 849, 616, 163, 136
init :217, 849, 630, 147, 124
track:218, 849, 630, 147, 124
track:219, 849, 631, 147, 124
track:220, 849, 636, 147, 124
track:221, 848, 638, 147, 124
track:222, 848, 640, 147, 124
track:223, 848, 641, 147, 124
track:224, 848, 643, 147, 124
track:225, 848, 644, 147, 124
track:226, 848, 645, 147, 124
track:227, 852, 648, 140, 118
track:228, 852, 648, 140, 118
track:229, 851, 649, 140, 118
track:230, 852, 649, 140, 118
track:231, 852, 648, 140, 118
track:232, 851, 645, 140, 118
track:233, 850, 645, 140, 118
track:234, 853, 647, 133, 112
track:235, 853, 647, 133, 112
track:236, 853, 645, 133, 112
track:237, 856, 645, 133, 112
track:238, 855, 645, 133, 112
track:239, 857, 647, 133, 112
track:240, 858, 648, 133, 112
track:241, 858, 650, 133, 112
track:242, 862, 653, 127, 107
track:243, 862, 653, 127, 107
track:244, 861, 652, 127, 107
track:245, 861, 654, 127, 107
track:246, 862, 654, 127, 107
track:247, 862, 654, 127, 107
track:248, 863, 654, 127, 107
track:249, 861, 655, 127, 107
track:250, 862, 656, 127, 107
track:251, 862, 657, 127, 107
track:252, 863, 659, 127, 107
track:253, 863, 660, 127, 107
track:254, 864, 662, 127, 107
track:255, 864, 665, 127, 107
track:256, 864, 666, 127, 107
track:257, 866, 670, 127, 107
track:258, 865, 671, 127, 107
track:259, 866, 672, 127, 107
track:260, 866, 674, 127, 107
track:261, 867, 675, 127, 107
track:262, 865, 675, 127, 107
track:263, 866, 676, 127, 107
track:264, 865, 677, 127, 107
track:265, 866, 680, 127, 107
track:266, 866, 681, 127, 107
track:267, 865, 682, 127, 107
track:268, 866, 683, 127, 107
track:269, 866, 684, 127, 107
track:270, 866, 685, 127, 107
track:271, 867, 689, 127, 107
track:272, 865, 689, 133, 112
track:273, 866, 690, 133, 112
track:274, 865, 692, 133, 112
track:275, 866, 693, 133, 112
track:276, 866, 696, 133, 112
track:277, 868, 699, 133, 112
track:278, 868, 700, 133, 112
track:279, 869, 700, 133, 112
track:280, 870, 699, 133, 112
track:281, 867, 696, 140, 118
track:282, 866, 695, 147, 124
track:283, 866, 696, 147, 124
track:284, 867, 698, 147, 124
track:285, 869, 700, 147, 124
track:286, 870, 699, 147, 124
track:287, 869, 693, 154, 130
track:288, 866, 690, 162, 137
init :289, 872, 677, 161, 150
track:290, 872, 673, 161, 150
track:291, 872, 667, 161, 150
track:292, 870, 659, 169, 158
track:293, 871, 659, 169, 158
track:294, 871, 657, 169, 158
track:295, 869, 650, 178, 165
track:296, 871, 650, 178, 165
track:297, 866, 647, 186, 174
track:298, 861, 643, 196, 182
track:299, 859, 644, 196, 182
track:300, 858, 645, 196, 182
track:301, 855, 647, 196, 182
track:302, 850, 648, 205, 191
track:303, 845, 646, 216, 201
track:304, 843, 649, 216, 201
track:305, 837, 645, 227, 211
track:306, 831, 641, 238, 222
track:307, 830, 639, 238, 222
track:308, 831, 638, 238, 222
track:309, 825, 631, 250, 233
track:310, 823, 624, 250, 233
track:311, 822, 607, 250, 233
track:312, 824, 599, 250, 233
track:313, 828, 602, 238, 222
track:314, 830, 597, 238, 222
track:315, 828, 588, 238, 222
track:316, 830, 579, 238, 222
track:317, 832, 573, 238, 222
track:318, 833, 570, 238, 222
track:319, 834, 569, 238, 222
track:320, 844, 565, 227, 211
track:321, 847, 557, 227, 211
track:322, 853, 562, 216, 201
track:323, 853, 561, 216, 201
track:324, 852, 565, 216, 201
track:325, 854, 567, 205, 191
track:326, 859, 564, 196, 182
track:327, 856, 564, 196, 182
track:328, 856, 565, 196, 182
track:329, 853, 570, 196, 182
track:330, 851, 581, 196, 182
track:331, 850, 582, 196, 182
track:332, 853, 588, 186, 174
track:333, 853, 588, 186, 174
track:334, 852, 589, 186, 174
track:335, 851, 590, 186, 174
track:336, 852, 594, 186, 174
track:337, 852, 595, 186, 174
track:338, 851, 595, 186, 174
track:339, 853, 591, 186, 174
track:340, 854, 590, 186, 174
track:341, 859, 593, 178, 165
track:342, 859, 592, 178, 165
track:343, 858, 592, 178, 165
track:344, 858, 591, 178, 165
track:345, 859, 586, 178, 165
track:346, 859, 587, 178, 165
track:347, 863, 594, 169, 158
track:348, 863, 595, 169, 158
track:349, 863, 597, 169, 158
track:350, 862, 601, 169, 158
track:351, 864, 603, 169, 158
track:352, 865, 608, 169, 158
track:353, 869, 612, 161, 150
track:354, 868, 614, 161, 150
track:355, 868, 615, 161, 150
track:356, 868, 615, 161, 150
track:357, 867, 616, 161, 150
track:358, 867, 615, 161, 150
track:359, 868, 616, 161, 150
track:360, 870, 619, 153, 143
init :361, 872, 636, 138, 98
track:362, 871, 636, 138, 98
track:363, 871, 636, 138, 98
track:364, 871, 637, 138, 98
track:365, 871, 638, 138, 98
track:366, 871, 639, 138, 98
track:367, 871, 640, 138, 98
track:368, 871, 641, 138, 98
track:369, 870, 641, 138, 98
track:370, 869, 647, 138, 98
track:371, 868, 652, 138, 98
track:372, 871, 658, 131, 93
track:373, 870, 659, 131, 93
track:374, 870, 661, 131, 93
track:375, 868, 661, 131, 93
track:376, 866, 662, 131, 93
track:377, 865, 663, 131, 93
track:378, 864, 663, 131, 93
track:379, 864, 664, 131, 93
track:380, 864, 663, 131, 93
track:381, 864, 662, 131, 93
track:382, 861, 662, 131, 93
track:383, 860, 662, 131, 93
track:384, 862, 664, 125, 89
track:385, 861, 662, 125, 89
track:386, 864, 663, 119, 85
track:387, 864, 663, 119, 85
track:388, 864, 664, 119, 85
track:389, 863, 663, 119, 85
track:390, 863, 663, 119, 85
track:391, 864, 665, 119, 85
track:392, 863, 668, 119, 85
track:393, 863, 669, 119, 85
track:394, 863, 669, 119, 85
track:395, 866, 677, 114, 81
track:396, 867, 680, 114, 81
track:397, 869, 684, 114, 81
track:398, 870, 685, 114, 81
track:399, 870, 689, 114, 81
track:400, 872, 693, 114, 81
track:401, 871, 698, 119, 85
track:402, 871, 700, 119, 85
track:403, 871, 702, 119, 85
track:404, 875, 706, 114, 81
track:405, 875, 706, 114, 81
track:406, 876, 706, 114, 81
track:407, 876, 706, 114, 81
track:408, 877, 706, 114, 81
track:409, 878, 705, 114, 81
track:410, 880, 704, 108, 77
track:411, 881, 701, 108, 77
track:412, 882, 700, 108, 77
track:413, 882, 700, 108, 77
track:414, 882, 698, 108, 77
track:415, 882, 700, 108, 77
track:416, 879, 700, 114, 81
track:417, 879, 700, 114, 81
track:418, 879, 700, 114, 81
track:419, 880, 700, 114, 81
track:420, 878, 701, 114, 81
track:421, 877, 701, 114, 81
track:422, 876, 699, 114, 81
track:423, 876, 699, 114, 81
track:424, 876, 696, 114, 81
track:425, 875, 694, 114, 81
track:426, 874, 692, 114, 81
track:427, 873, 690, 114, 81
track:428, 873, 690, 114, 81
track:429, 873, 690, 114, 81
track:430, 872, 691, 114, 81
track:431, 873, 691, 114, 81
track:432, 872, 690, 114, 81
init :433, 872, 690, 110, 83
track:434, 871, 690, 110, 83
track:435, 871, 691, 110, 83
track:436, 871, 691, 110, 83
track:437, 870, 693, 110, 83
track:438, 870, 694, 110, 83
track:439, 871, 695, 110, 83
track:440, 872, 696, 110, 83
track:441, 872, 696, 110, 83
track:442, 872, 695, 110, 83
track:443, 873, 696, 110, 83
track:444, 873, 696, 110, 83
track:445, 873, 697, 110, 83
track:446, 874, 698, 110, 83
track:447, 873, 697, 110, 83
track:448, 873, 696, 110, 83
track:449, 873, 695, 110, 83
track:450, 873, 695, 110, 83
track:451, 874, 696, 110, 83
track:452, 875, 698, 110, 83
track:453, 876, 699, 110, 83
track:454, 877, 699, 110, 83
track:455, 877, 699, 110, 83
track:456, 877, 700, 110, 83
track:457, 875, 697, 115, 87
track:458, 874, 697, 115, 87
track:459, 875, 697, 115, 87
track:460, 872, 694, 121, 92
track:461, 872, 694, 121, 92
track:462, 873, 693, 121, 92
track:463, 872, 693, 121, 92
track:464, 871, 690, 121, 92
track:465, 871, 687, 121, 92
track:466, 869, 686, 127, 96
track:467, 869, 686, 127, 96
track:468, 869, 687, 127, 96
track:469, 869, 687, 127, 96
track:470, 870, 689, 127, 96
track:471, 872, 690, 127, 96
track:472, 869, 688, 134, 101
track:473, 869, 690, 134, 101
track:474, 869, 693, 134, 101
track:475, 871, 693, 134, 101
track:476, 873, 692, 134, 101
track:477, 874, 691, 134, 101
track:478, 875, 690, 134, 101
track:479, 873, 687, 140, 106
track:480, 876, 679, 140, 106
track:481, 874, 672, 147, 111
track:482, 874, 672, 147, 111
track:483, 875, 665, 147, 111
track:484, 877, 664, 147, 111
track:485, 876, 661, 155, 117
track:486, 876, 665, 155, 117
track:487, 876, 665, 155, 117
track:488, 876, 670, 155, 117
track:490, 869, 670, 163, 123
track:491, 867, 671, 163, 123
track:492, 862, 669, 171, 129
track:493, 860, 669, 171, 129
track:494, 859, 669, 171, 129
track:495, 855, 662, 171, 129
track:496, 855, 657, 171, 129
track:497, 854, 655, 171, 129
track:498, 852, 653, 171, 129
track:499, 851, 648, 171, 129
track:500, 850, 644, 171, 129
track:501, 850, 640, 171, 129
track:502, 850, 639, 171, 129
track:503, 850, 638, 171, 129
track:504, 850, 637, 171, 129
init :505, 853, 630, 156, 140
track:506, 852, 630, 156, 140
track:507, 853, 630, 156, 140
track:508, 848, 625, 164, 147
track:509, 848, 622, 164, 147
track:510, 848, 620, 164, 147
track:511, 848, 618, 164, 147
track:512, 851, 620, 156, 140
track:513, 851, 619, 156, 140
track:514, 851, 621, 156, 140
track:515, 852, 622, 156, 140
track:516, 851, 621, 156, 140
track:517, 855, 624, 149, 133
track:518, 855, 621, 149, 133
track:519, 855, 620, 149, 133
track:520, 855, 619, 149, 133
track:521, 855, 618, 149, 133
track:522, 856, 618, 149, 133
track:523, 858, 623, 141, 127
track:524, 859, 625, 141, 127
track:525, 861, 627, 141, 127
track:526, 862, 627, 141, 127
track:527, 866, 631, 135, 121
track:528, 866, 630, 135, 121
track:529, 865, 629, 135, 121
track:530, 870, 630, 128, 115
track:531, 869, 629, 128, 115
track:532, 870, 628, 128, 115
track:533, 872, 629, 128, 115
track:534, 872, 630, 128, 115
track:535, 872, 631, 128, 115
track:536, 875, 636, 122, 110
track:537, 875, 636, 122, 110
track:538, 876, 638, 122, 110
track:539, 877, 639, 122, 110
track:540, 880, 641, 116, 104
track:543, 881, 645, 111, 99
track:544, 879, 645, 111, 99
track:546, 878, 651, 111, 99
track:547, 877, 652, 111, 99
track:548, 879, 655, 106, 95
track:549, 879, 657, 106, 95
track:550, 877, 660, 106, 95
track:551, 876, 661, 106, 95
track:552, 876, 661, 106, 95
track:553, 874, 661, 106, 95
track:554, 874, 660, 106, 95
track:555, 874, 660, 106, 95
track:556, 874, 660, 106, 95
track:557, 874, 661, 106, 95
track:558, 873, 666, 106, 95
track:559, 876, 671, 101, 90
track:560, 878, 675, 96, 86
track:561, 878, 679, 96, 86
track:562, 878, 679, 96, 86
track:563, 880, 683, 91, 82
track:564, 879, 685, 91, 82
track:565, 880, 687, 91, 82
track:566, 879, 688, 91, 82
track:567, 879, 688, 91, 82
track:568, 881, 691, 91, 82
track:569, 881, 692, 91, 82
track:570, 880, 695, 91, 82
track:571, 880, 698, 91, 82
track:572, 880, 698, 91, 82
track:573, 881, 701, 91, 82
track:574, 882, 703, 91, 82
track:575, 883, 702, 91, 82
track:576, 882, 700, 91, 82
init :577, 872, 700, 101, 75
track:578, 872, 699, 101, 75
track:579, 873, 696, 101, 75
track:580, 874, 697, 101, 75
track:581, 874, 696, 101, 75
track:582, 874, 697, 101, 75
track:583, 874, 699, 101, 75
track:584, 874, 701, 101, 75
track:585, 874, 700, 101, 75
track:586, 873, 701, 101, 75
track:587, 871, 700, 106, 79
track:588, 871, 701, 106, 79
track:589, 872, 699, 106, 79
track:590, 871, 699, 106, 79
track:591, 870, 700, 106, 79
track:592, 869, 700, 106, 79
track:593, 868, 699, 106, 79
track:594, 868, 697, 106, 79
track:595, 865, 687, 111, 83
track:596, 864, 684, 111, 83
track:597, 864, 684, 111, 83
track:598, 864, 680, 111, 83
track:599, 863, 673, 111, 83
track:600, 863, 670, 111, 83
track:601, 864, 670, 111, 83
track:602, 864, 670, 111, 83
track:603, 864, 669, 111, 83
track:604, 863, 665, 111, 83
track:605, 863, 662, 111, 83
track:606, 862, 660, 111, 83
track:607, 862, 660, 111, 83
track:608, 863, 660, 111, 83
track:609, 863, 660, 111, 83
track:610, 860, 659, 117, 87
track:611, 860, 662, 117, 87
track:612, 861, 662, 117, 87
track:613, 860, 666, 117, 87
track:614, 857, 665, 123, 91
track:615, 857, 668, 123, 91
track:616, 854, 668, 129, 96
track:617, 854, 669, 129, 96
track:618, 854, 668, 129, 96
track:619, 854, 667, 129, 96
track:620, 856, 666, 129, 96
track:621, 857, 665, 129, 96
track:622, 857, 665, 129, 96
track:623, 856, 665, 129, 96
track:624, 854, 663, 129, 96
track:625, 855, 663, 129, 96
track:626, 856, 665, 129, 96
track:627, 856, 665, 129, 96
track:628, 853, 664, 135, 101
track:629, 853, 663, 135, 101
track:630, 852, 661, 135, 101
track:631, 852, 660, 135, 101
track:632, 849, 658, 142, 106
track:633, 851, 660, 142, 106
track:634, 851, 664, 142, 106
track:635, 851, 666, 142, 106
track:636, 852, 667, 142, 106
track:637, 853, 667, 142, 106
track:638, 855, 668, 142, 106
track:639, 856, 668, 142, 106
track:640, 856, 668, 142, 106
track:641, 856, 666, 142, 106
track:642, 859, 668, 135, 101
track:643, 859, 666, 135, 101
track:644, 856, 662, 142, 106
track:645, 857, 655, 142, 106
track:646, 857, 653, 142, 106
track:647, 857, 653, 142, 106
track:648, 856, 652, 142, 106
init :649, 863, 651, 143, 119
track:650, 865, 652, 143, 119
track:651, 867, 652, 143, 119
track:652, 867, 652, 143, 119
track:653, 869, 652, 143, 119
track:654, 868, 653, 143, 119
track:655, 870, 656, 143, 119
track:656, 871, 659, 143, 119
track:657, 872, 660, 143, 119
track:658, 870, 661, 150, 125
track:659, 874, 662, 143, 119
track:660, 874, 662, 143, 119
track:661, 874, 661, 143, 119
track:662, 876, 660, 143, 119
track:663, 876, 660, 143, 119
track:664, 876, 659, 143, 119
track:665, 878, 656, 143, 119
track:666, 878, 656, 143, 119
track:667, 879, 655, 143, 119
track:668, 879, 653, 143, 119
track:669, 879, 652, 143, 119
track:670, 878, 653, 143, 119
track:671, 877, 652, 143, 119
track:672, 876, 652, 143, 119
track:673, 875, 652, 143, 119
track:674, 873, 650, 143, 119
track:675, 873, 649, 143, 119
track:676, 871, 650, 143, 119
track:677, 872, 650, 143, 119
track:678, 869, 653, 143, 119
track:679, 869, 663, 143, 119
track:680, 870, 670, 143, 119
track:681, 870, 671, 143, 119
track:682, 870, 672, 143, 119
track:683, 865, 668, 150, 125
track:684, 864, 667, 150, 125
track:685, 863, 670, 150, 125
track:686, 863, 672, 150, 125
track:687, 864, 673, 150, 125
track:688, 864, 672, 150, 125
track:689, 862, 671, 150, 125
track:690, 860, 670, 150, 125
track:691, 860, 667, 150, 125
track:692, 860, 667, 150, 125
track:693, 860, 666, 150, 125
track:694, 860, 665, 150, 125
track:695, 861, 664, 150, 125
track:696, 859, 663, 150, 125
track:697, 858, 663, 150, 125
track:698, 856, 662, 150, 125
track:699, 854, 661, 150, 125
track:700, 854, 663, 150, 125
track:701, 855, 664, 150, 125
track:702, 854, 665, 150, 125
track:703, 850, 664, 158, 131
track:704, 849, 671, 158, 131
track:705, 849, 674, 158, 131
track:706, 847, 677, 158, 131
track:707, 847, 677, 158, 131
track:708, 846, 678, 158, 131
track:709, 846, 678, 158, 131
track:710, 847, 677, 158, 131
track:711, 847, 677, 158, 131
track:712, 846, 674, 158, 131
track:713, 846, 672, 158, 131
track:714, 845, 672, 158, 131
track:715, 845, 673, 158, 131
track:716, 845, 674, 158, 131
track:717, 845, 675, 158, 131
track:718, 846, 675, 158, 131
track:719, 847, 675, 158, 131
track:720, 848, 677, 158, 131
init :721, 853, 675, 147, 124
track:722, 853, 675, 147, 124
track:723, 853, 675, 147, 124
track:724, 854, 671, 147, 124
track:725, 854, 668, 147, 124
track:726, 854, 668, 147, 124
track:727, 854, 666, 147, 124
track:728, 855, 663, 147, 124
track:729, 852, 654, 154, 130
track:730, 852, 652, 154, 130
track:731, 853, 651, 154, 130
track:732, 853, 653, 154, 130
track:733, 852, 651, 154, 130
track:734, 853, 647, 154, 130
track:735, 854, 643, 154, 130
track:736, 855, 641, 154, 130
track:737, 854, 640, 154, 130
track:738, 853, 638, 154, 130
track:739, 850, 636, 162, 137
track:740, 852, 638, 162, 137
track:741, 852, 638, 162, 137
track:742, 853, 639, 162, 137
track:743, 851, 639, 162, 137
track:744, 850, 640, 162, 137
track:745, 851, 638, 162, 137
track:746, 851, 637, 162, 137
track:747, 851, 635, 162, 137
track:748, 852, 626, 162, 137
track:749, 851, 621, 162, 137
track:750, 848, 621, 162, 137
track:751, 848, 620, 162, 137
track:752, 848, 622, 162, 137
track:753, 850, 624, 162, 137
track:754, 852, 624, 162, 137
track:755, 855, 623, 162, 137
track:756, 855, 623, 162, 137
track:757, 856, 622, 162, 137
track:758, 855, 619, 162, 137
track:759, 853, 623, 162, 137
track:760, 855, 626, 162, 137
track:761, 854, 627, 162, 137
track:762, 856, 628, 162, 137
track:763, 859, 627, 162, 137
track:764, 860, 627, 162, 137
track:765, 859, 628, 162, 137
track:766, 859, 627, 162, 137
track:767, 857, 627, 162, 137
track:768, 861, 632, 154, 130
track:769, 861, 633, 154, 130
track:770, 864, 644, 154, 130
track:771, 865, 643, 154, 130
track:772, 866, 643, 154, 130
track:773, 866, 641, 154, 130
track:774, 871, 644, 147, 124
track:775, 872, 644, 147, 124
track:776, 872, 644, 147, 124
track:777, 872, 643, 147, 124
track:778, 874, 643, 147, 124
track:779, 875, 642, 147, 124
track:780, 874, 642, 147, 124
track:781, 875, 643, 147, 124
track:782, 875, 643, 147, 124
track:783, 879, 645, 140, 118
track:784, 878, 644, 140, 118
track:785, 881, 647, 133, 112
track:786, 881, 647, 133, 112
track:787, 880, 648, 133, 112
track:788, 880, 648, 133, 112
track:789, 879, 650, 133, 112
track:790, 878, 649, 133, 112
track:791, 878, 648, 133, 112
track:792, 878, 647, 133, 112
init :793, 876, 654, 133, 93
track:794, 876, 655, 133, 93
track:795, 876, 658, 133, 93
track:796, 876, 659, 133, 93
track:797, 877, 659, 133, 93
track:798, 876, 659, 133, 93
track:799, 876, 660, 133, 93
track:800, 876, 661, 133, 93
track:801, 876, 661, 133, 93
track:802, 875, 662, 133, 93
track:803, 875, 663, 133, 93
track:804, 876, 663, 133, 93
track:805, 874, 663, 133, 93
track:806, 874, 664, 133, 93
track:807, 873, 663, 133, 93
track:808, 873, 664, 133, 93
track:809, 873, 665, 133, 93
track:810, 874, 667, 133, 93
track:811, 874, 668, 133, 93
track:812, 873, 669, 133, 93
track:813, 871, 670, 133, 93
track:814, 869, 670, 133, 93
track:815, 869, 670, 133, 93
track:816, 868, 670, 133, 93
track:817, 869, 672, 133, 93
track:818, 868, 678, 133, 93
track:819, 864, 678, 140, 98
track:820, 862, 689, 140, 98
track:821, 861, 689, 140, 98
track:822, 861, 690, 140, 98
track:823, 858, 687, 147, 103
track:824, 858, 686, 147, 103
track:825, 856, 686, 147, 103
track:826, 857, 687, 147, 103
track:827, 856, 691, 147, 103
track:828, 856, 696, 147, 103
track:829, 857, 698, 147, 103
track:830, 859, 699, 147, 103
track:831, 859, 699, 147, 103
track:832, 856, 697, 154, 108
track:833, 854, 694, 162, 113
track:834, 856, 687, 162, 113
track:835, 857, 680, 162, 113
track:836, 857, 679, 162, 113
track:837, 856, 673, 162, 113
track:838, 850, 668, 170, 119
track:839, 848, 666, 170, 119
track:840, 846, 660, 170, 119
track:841, 847, 659, 170, 119
track:842, 845, 658, 170, 119
track:843, 842, 654, 170, 119
track:844, 836, 648, 178, 125
track:845, 830, 633, 178, 125
track:846, 829, 633, 178, 125
track:847, 823, 623, 187, 131
track:848, 823, 617, 187, 131
track:849, 822, 616, 187, 131
track:850, 822, 614, 187, 131
track:851, 821, 614, 187, 131
track:852, 826, 611, 187, 131
track:853, 831, 607, 187, 131
track:854, 833, 607, 187, 131
track:855, 831, 610, 187, 131
track:856, 831, 611, 187, 131
track:857, 831, 612, 187, 131
track:858, 833, 610, 187, 131
track:859, 834, 607, 187, 131
track:860, 834, 604, 187, 131
track:861, 835, 603, 187, 131
track:862, 834, 606, 187, 131
track:863, 834, 609, 187, 131
track:864, 835, 616, 187, 131
init :865, 844, 623, 175, 147
track:866, 844, 623, 175, 147
track:867, 844, 628, 175, 147
track:868, 844, 630, 175, 147
track:869, 844, 631, 175, 147
track:870, 845, 635, 175, 147
track:871, 850, 638, 167, 140
track:872, 851, 640, 167, 140
track:873, 851, 639, 167, 140
track:874, 852, 639, 167, 140
track:875, 855, 642, 159, 133
track:876, 856, 643, 159, 133
track:877, 856, 643, 159, 133
track:878, 857, 644, 159, 133
track:879, 860, 643, 159, 133
track:880, 859, 643, 159, 133
track:881, 859, 642, 159, 133
track:882, 860, 642, 159, 133
track:883, 861, 641, 159, 133
track:884, 868, 644, 151, 127
track:885, 870, 643, 151, 127
track:886, 870, 643, 151, 127
track:887, 874, 647, 144, 121
track:888, 875, 647, 144, 121
track:889, 876, 647, 144, 121
track:890, 877, 645, 144, 121
track:891, 879, 645, 144, 121
track:892, 879, 644, 144, 121
track:893, 880, 643, 144, 121
track:894, 880, 642, 144, 121
track:895, 881, 643, 144, 121
track:896, 886, 645, 137, 115
track:897, 885, 645, 137, 115
track:898, 883, 644, 137, 115
track:899, 883, 646, 131, 110
track:900, 883, 648, 131, 110
track:901, 883, 648, 131, 110
track:902, 883, 650, 131, 110
track:903, 885, 653, 124, 104
track:904, 885, 652, 124, 104
track:905, 886, 653, 124, 104
track:906, 885, 653, 124, 104
track:907, 911, 641, 124, 104
track:908, 912, 640, 124, 104
track:909, 912, 652, 124, 104
track:910, 911, 657, 131, 110
track:911, 909, 654, 131, 110
track:912, 908, 656, 137, 115
track:913, 908, 658, 137, 115
track:914, 908, 661, 137, 115
track:915, 909, 663, 137, 115
track:916, 909, 662, 144, 121
track:917, 909, 661, 144, 121
track:918, 908, 665, 144, 121
track:919, 909, 664, 144, 121
track:920, 906, 665, 144, 121
track:921, 910, 669, 137, 115
track:922, 908, 668, 137, 115
track:923, 902, 670, 131, 110
track:924, 896, 670, 131, 110
track:925, 892, 669, 131, 110
track:926, 890, 670, 131, 110
track:927, 888, 670, 131, 110
track:928, 877, 670, 131, 110
track:929, 876, 671, 124, 104
track:930, 871, 670, 124, 104
track:931, 870, 670, 124, 104
track:932, 866, 668, 124, 104
track:933, 865, 666, 124, 104
track:934, 863, 664, 124, 104
track:935, 862, 662, 124, 104
track:936, 863, 660, 124, 104
init :937, 775, 565, 313, 249
track:938, 775, 565, 313, 249
track:939, 777, 565, 313, 249
track:940, 779, 563, 313, 249
track:941, 788, 570, 298, 237
track:942, 781, 562, 313, 249
track:943, 780, 561, 313, 249
track:944, 779, 560, 313, 249
track:945, 779, 560, 313, 249
track:946, 780, 559, 313, 249
track:947, 775, 561, 313, 249
track:948, 772, 561, 313, 249
track:949, 767, 563, 313, 249
track:950, 763, 565, 313, 249
track:951, 762, 567, 313, 249
track:952, 760, 567, 313, 249
track:953, 758, 568, 313, 249
track:954, 756, 568, 313, 249
track:955, 760, 577, 298, 237
track:956, 753, 572, 313, 249
track:957, 753, 574, 313, 249
track:958, 752, 574, 313, 249
track:959, 743, 567, 329, 261
track:960, 750, 577, 313, 249
track:961, 749, 576, 313, 249
track:962, 748, 579, 313, 249
track:963, 745, 578, 313, 249
track:964, 744, 579, 313, 249
track:965, 740, 580, 313, 249
track:966, 738, 581, 313, 249
track:967, 736, 580, 313, 249
track:968, 732, 580, 313, 249
track:969, 725, 581, 313, 249
track:970, 726, 581, 313, 249
track:971, 722, 581, 313, 249
track:972, 716, 581, 313, 249
track:973, 712, 581, 313, 249
track:974, 710, 582, 313, 249
track:975, 707, 583, 313, 249
track:976, 704, 583, 313, 249
track:977, 707, 591, 298, 237
track:978, 704, 591, 298, 237
track:979, 703, 591, 298, 237
track:980, 702, 591, 298, 237
track:981, 704, 592, 298, 237
track:982, 702, 593, 298, 237
track:983, 702, 593, 298, 237
track:984, 705, 593, 298, 237
track:985, 706, 591, 298, 237
track:986, 707, 592, 298, 237
track:987, 709, 592, 298, 237
track:988, 710, 592, 298, 237
track:989, 710, 592, 298, 237
track:990, 710, 591, 298, 237
track:991, 714, 598, 284, 226
track:992, 717, 598, 284, 226
track:993, 718, 596, 284, 226
track:994, 722, 603, 270, 215
track:995, 720, 602, 270, 215
track:996, 720, 601, 270, 215
track:997, 724, 596, 270, 215
track:998, 727, 595, 270, 215
track:999, 733, 591, 270, 215
track:1000, 732, 592, 270, 215
track:1001, 739, 588, 270, 215
track:1002, 742, 587, 270, 215
track:1003, 748, 583, 270, 215
track:1004, 759, 585, 258, 205
track:1005, 761, 589, 245, 195
track:1006, 765, 586, 245, 195
track:1007, 770, 589, 234, 186
track:1008, 770, 586, 234, 186
init :1009, 761, 573, 489, 199
track:1010, 761, 573, 489, 199
track:1011, 771, 578, 466, 190
track:1012, 768, 577, 466, 190
track:1013, 761, 578, 466, 190
track:1014, 757, 578, 466, 190
track:1015, 757, 577, 466, 190
track:1016, 753, 576, 466, 190
track:1017, 751, 575, 466, 190
track:1018, 747, 576, 466, 190
track:1019, 731, 571, 489, 199
track:1020, 729, 569, 489, 199
track:1021, 731, 570, 489, 199
track:1022, 742, 574, 466, 190
track:1023, 740, 574, 466, 190
track:1024, 736, 575, 466, 190
track:1025, 738, 575, 466, 190
track:1026, 736, 575, 466, 190
track:1027, 731, 577, 466, 190
track:1028, 740, 579, 444, 180
track:1029, 736, 579, 444, 180
track:1030, 731, 580, 444, 180
track:1031, 728, 581, 444, 180
track:1032, 726, 584, 444, 180
track:1033, 722, 585, 444, 180
track:1034, 719, 586, 444, 180
track:1035, 717, 588, 444, 180
track:1036, 714, 589, 444, 180
track:1037, 713, 592, 444, 180
track:1038, 710, 595, 444, 180
track:1039, 714, 598, 444, 180
track:1040, 712, 600, 444, 180
track:1041, 712, 601, 444, 180
track:1042, 716, 607, 422, 172
track:1043, 714, 607, 422, 172
track:1044, 717, 608, 422, 172
track:1045, 716, 610, 422, 172
track:1046, 723, 615, 402, 164
track:1047, 728, 616, 402, 164
track:1048, 724, 614, 422, 172
track:1049, 730, 612, 422, 172
track:1050, 733, 610, 422, 172
track:1051, 727, 604, 444, 180
track:1052, 732, 604, 444, 180
track:1053, 748, 606, 422, 172
track:1054, 758, 604, 422, 172
track:1055, 758, 605, 422, 172
track:1056, 763, 605, 422, 172
track:1057, 758, 603, 444, 180
track:1058, 767, 608, 422, 172
track:1059, 775, 612, 402, 164
track:1060, 773, 612, 402, 164
track:1061, 773, 612, 402, 164
track:1062, 769, 614, 402, 164
track:1063, 770, 615, 402, 164
track:1064, 771, 614, 402, 164
track:1065, 755, 610, 422, 172
track:1066, 740, 608, 444, 180
track:1067, 725, 606, 444, 180
track:1068, 712, 604, 466, 190
track:1069, 712, 608, 444, 180
track:1070, 726, 611, 422, 172
track:1071, 709, 614, 422, 172
track:1072, 699, 615, 422, 172
track:1073, 685, 615, 422, 172
track:1074, 661, 611, 444, 180
track:1075, 663, 609, 444, 180
track:1076, 662, 613, 422, 172
track:1077, 649, 614, 422, 172
track:1078, 633, 615, 422, 172
track:1079, 621, 616, 422, 172
track:1080, 616, 613, 444, 180
init :1081, 673, 625, 443, 135
track:1082, 667, 626, 443, 135
track:1083, 663, 628, 443, 135
track:1084, 662, 629, 443, 135
track:1085, 662, 629, 443, 135
track:1086, 664, 629, 443, 135
track:1087, 666, 630, 443, 135
track:1088, 655, 627, 465, 142
track:1089, 655, 628, 465, 142
track:1090, 645, 625, 488, 149
track:1091, 659, 628, 465, 142
track:1092, 656, 629, 465, 142
track:1093, 658, 631, 465, 142
track:1094, 659, 631, 465, 142
track:1095, 661, 631, 465, 142
track:1096, 659, 632, 465, 142
track:1097, 662, 634, 465, 142
track:1098, 664, 634, 465, 142
track:1099, 664, 634, 465, 142
track:1100, 665, 634, 465, 142
track:1101, 666, 634, 465, 142
track:1102, 658, 633, 488, 149
track:1103, 655, 633, 488, 149
track:1104, 656, 635, 488, 149
track:1105, 655, 635, 488, 149
track:1106, 648, 635, 488, 149
track:1107, 662, 639, 465, 142
track:1108, 646, 635, 488, 149
track:1109, 650, 637, 488, 149
track:1110, 645, 638, 488, 149
track:1111, 639, 639, 488, 149
track:1112, 625, 635, 513, 156
track:1113, 626, 637, 513, 156
track:1114, 599, 640, 538, 164
track:1115, 613, 644, 513, 156
track:1116, 632, 646, 488, 149
track:1117, 612, 643, 513, 156
track:1118, 620, 646, 488, 149
track:1119, 621, 647, 488, 149
track:1120, 630, 650, 465, 142
track:1121, 637, 650, 465, 142
track:1122, 635, 651, 465, 142
track:1123, 643, 655, 443, 135
track:1124, 626, 656, 465, 142
track:1125, 632, 655, 465, 142
track:1126, 640, 653, 465, 142
track:1127, 640, 654, 465, 142
track:1128, 638, 653, 465, 142
track:1129, 645, 649, 465, 142
track:1130, 644, 649, 465, 142
track:1131, 664, 651, 443, 135
track:1132, 747, 647, 465, 142
track:1133, 758, 652, 443, 135
track:1134, 748, 654, 443, 135
track:1135, 762, 649, 443, 135
track:1136, 766, 652, 422, 129
track:1137, 759, 648, 443, 135
track:1138, 763, 649, 443, 135
track:1139, 762, 649, 443, 135
track:1140, 765, 647, 443, 135
track:1141, 759, 652, 443, 135
track:1142, 764, 654, 443, 135
track:1143, 759, 659, 443, 135
track:1144, 733, 662, 465, 142
track:1145, 734, 664, 465, 142
track:1146, 727, 668, 465, 142
track:1147, 722, 669, 465, 142
track:1148, 710, 670, 465, 142
track:1149, 691, 667, 488, 149
track:1150, 696, 665, 488, 149
track:1151, 690, 665, 488, 149
track:1152, 687, 662, 488, 149
init :1153, 784, 636, 216, 176
track:1154, 784, 637, 216, 176
track:1155, 784, 638, 216, 176
track:1156, 785, 639, 216, 176
track:1157, 786, 640, 216, 176
track:1158, 788, 640, 216, 176
track:1159, 788, 639, 216, 176
track:1160, 788, 639, 216, 176
track:1161, 783, 634, 227, 185
track:1162, 791, 638, 216, 176
track:1163, 798, 642, 206, 168
track:1164, 802, 643, 206, 168
track:1165, 800, 643, 206, 168
track:1166, 797, 646, 206, 168
track:1167, 799, 647, 206, 168
track:1168, 792, 647, 206, 168
track:1169, 784, 648, 206, 168
track:1170, 786, 647, 206, 168
track:1171, 787, 646, 206, 168
track:1172, 785, 649, 196, 160
track:1173, 785, 650, 196, 160
track:1174, 787, 652, 187, 152
track:1175, 784, 653, 187, 152
track:1176, 784, 653, 187, 152
track:1177, 778, 653, 187, 152
track:1178, 776, 654, 187, 152
track:1179, 775, 649, 187, 152
track:1180, 774, 649, 187, 152
track:1181, 773, 644, 196, 160
track:1182, 773, 643, 196, 160
track:1183, 774, 638, 196, 160
track:1184, 776, 636, 196, 160
track:1185, 777, 636, 196, 160
track:1186, 775, 633, 196, 160
track:1187, 782, 631, 196, 160
track:1188, 784, 634, 187, 152
track:1189, 784, 632, 187, 152
track:1190, 781, 633, 187, 152
track:1191, 789, 635, 178, 145
track:1192, 796, 635, 169, 138
track:1193, 796, 633, 169, 138
track:1194, 799, 631, 161, 131
track:1195, 797, 630, 161, 131
track:1196, 794, 628, 161, 131
track:1197, 796, 630, 154, 125
track:1198, 795, 629, 154, 125
track:1199, 796, 628, 154, 125
track:1200, 797, 626, 154, 125
track:1201, 802, 630, 146, 119
track:1202, 800, 631, 146, 119
track:1203, 805, 630, 146, 119
track:1204, 811, 631, 146, 119
track:1205, 810, 630, 146, 119
track:1206, 818, 634, 139, 113
track:1207, 825, 631, 146, 119
track:1208, 827, 630, 146, 119
track:1209, 830, 635, 139, 113
track:1210, 841, 635, 139, 113
track:1211, 843, 637, 139, 113
track:1212, 849, 638, 139, 113
track:1213, 854, 639, 139, 113
track:1214, 858, 642, 133, 108
track:1215, 865, 646, 126, 103
track:1216, 868, 650, 120, 98
track:1217, 868, 650, 120, 98
track:1218, 870, 654, 115, 93
track:1219, 870, 654, 115, 93
track:1220, 871, 657, 109, 89
track:1221, 873, 657, 109, 89
track:1222, 874, 658, 109, 89
track:1223, 879, 658, 109, 89
track:1224, 878, 659, 109, 89
init :1225, 895, 654, 295, 96
track:1226, 896, 654, 295, 96
track:1227, 897, 654, 295, 96
track:1228, 895, 656, 295, 96
track:1229, 894, 656, 295, 96
track:1230, 894, 658, 295, 96
track:1231, 900, 659, 281, 91
track:1232, 899, 660, 281, 91
track:1233, 903, 664, 268, 87
track:1234, 902, 665, 268, 87
track:1235, 904, 667, 255, 83
track:1236, 900, 668, 255, 83
track:1237, 905, 671, 243, 79
track:1238, 902, 671, 243, 79
track:1239, 909, 672, 231, 75
track:1240, 906, 673, 231, 75
track:1241, 911, 674, 231, 75
track:1242, 905, 672, 231, 75
track:1243, 913, 675, 231, 75
track:1244, 913, 676, 220, 72
track:1245, 901, 675, 220, 72
track:1246, 903, 675, 220, 72
track:1247, 884, 677, 220, 72
track:1248, 867, 675, 220, 72
track:1249, 899, 677, 220, 72
track:1250, 888, 677, 220, 72
track:1251, 888, 677, 220, 72
track:1252, 963, 679, 210, 68
track:1253, 961, 678, 210, 68
track:1254, 956, 678, 220, 72
track:1255, 947, 675, 231, 75
track:1256, 944, 677, 220, 72
track:1257, 939, 679, 220, 72
track:1258, 941, 680, 210, 68
track:1259, 939, 679, 210, 68
track:1260, 941, 679, 210, 68
track:1261, 923, 678, 220, 72
track:1262, 919, 680, 220, 72
track:1263, 917, 680, 220, 72
track:1264, 919, 681, 210, 68
track:1265, 921, 680, 210, 68
track:1266, 921, 679, 210, 68
track:1267, 924, 677, 210, 68
track:1268, 930, 677, 210, 68
track:1269, 932, 677, 210, 68
track:1270, 927, 675, 210, 68
track:1271, 922, 673, 210, 68
track:1272, 917, 671, 210, 68
track:1273, 917, 670, 200, 65
track:1274, 919, 670, 200, 65
track:1275, 910, 667, 210, 68
track:1276, 907, 668, 210, 68
track:1277, 901, 667, 210, 68
track:1278, 891, 664, 220, 72
track:1279, 886, 663, 220, 72
track:1280, 882, 663, 220, 72
track:1281, 878, 664, 220, 72
track:1282, 876, 663, 220, 72
track:1283, 874, 663, 220, 72
track:1284, 873, 662, 220, 72
track:1285, 870, 661, 220, 72
track:1286, 866, 662, 210, 68
track:1287, 863, 662, 210, 68
track:1288, 857, 658, 220, 72
track:1289, 859, 659, 220, 72
track:1290, 860, 659, 220, 72
track:1291, 858, 659, 220, 72
track:1292, 861, 659, 220, 72
track:1293, 865, 661, 210, 68
track:1294, 857, 659, 220, 72
track:1295, 861, 657, 220, 72
track:1296, 867, 659, 210, 68
init :1297, 867, 656, 147, 70
track:1298, 868, 656, 147, 70
track:1299, 867, 657, 147, 70
track:1300, 867, 658, 147, 70
track:1301, 861, 657, 154, 74
track:1302, 865, 659, 147, 70
track:1303, 860, 657, 154, 74
track:1304, 857, 655, 162, 77
track:1305, 857, 656, 162, 77
track:1306, 859, 657, 162, 77
track:1307, 860, 657, 162, 77
track:1308, 863, 660, 154, 74
track:1309, 863, 660, 154, 74
track:1310, 863, 660, 154, 74
track:1311, 865, 660, 154, 74
track:1312, 868, 662, 147, 70
track:1313, 864, 661, 154, 74
track:1314, 864, 662, 154, 74
track:1315, 868, 664, 147, 70
track:1316, 867, 664, 147, 70
track:1317, 860, 663, 154, 74
track:1318, 859, 664, 154, 74
track:1319, 860, 663, 154, 74
track:1320, 862, 665, 147, 70
track:1321, 860, 665, 147, 70
track:1322, 862, 665, 147, 70
track:1323, 866, 667, 140, 67
track:1324, 866, 668, 140, 67
track:1325, 867, 668, 140, 67
track:1326, 869, 670, 140, 67
track:1327, 871, 670, 140, 67
track:1328, 872, 670, 140, 67
track:1329, 872, 671, 140, 67
track:1330, 872, 671, 140, 67
track:1331, 871, 672, 140, 67
track:1332, 868, 671, 140, 67
track:1333, 862, 672, 140, 67
track:1334, 863, 672, 140, 67
track:1335, 856, 671, 147, 70
track:1336, 849, 671, 147, 70
track:1337, 846, 671, 147, 70
track:1338, 846, 672, 147, 70
track:1339, 842, 670, 154, 74
track:1340, 842, 670, 154, 74
track:1341, 838, 671, 154, 74
track:1342, 839, 671, 154, 74
track:1343, 841, 671, 147, 70
track:1344, 841, 672, 147, 70
track:1345, 838, 670, 154, 74
track:1346, 840, 671, 154, 74
track:1347, 840, 672, 154, 74
track:1348, 839, 672, 154, 74
track:1349, 839, 672, 154, 74
track:1350, 843, 675, 147, 70
track:1351, 841, 674, 147, 70
track:1352, 837, 674, 147, 70
track:1353, 835, 673, 154, 74
track:1354, 834, 673, 154, 74
track:1355, 836, 674, 154, 74
track:1356, 835, 674, 154, 74
track:1357, 831, 673, 162, 77
track:1358, 831, 674, 162, 77
track:1359, 836, 675, 154, 74
track:1360, 840, 677, 147, 70
track:1361, 838, 678, 147, 70
track:1362, 839, 678, 147, 70
track:1363, 839, 679, 147, 70
track:1364, 840, 678, 147, 70
track:1365, 838, 679, 147, 70
track:1366, 837, 677, 147, 70
track:1367, 837, 678, 147, 70
track:1368, 833, 678, 154, 74
init :1369, 844, 687, 184, 57
track:1370, 843, 687, 184, 57
track:1371, 847, 689, 175, 54
track:1372, 841, 688, 184, 57
track:1373, 839, 689, 184, 57
track:1374, 843, 691, 175, 54
track:1375, 836, 690, 184, 57
track:1376, 834, 690, 184, 57
track:1377, 832, 690, 184, 57
track:1378, 831, 691, 184, 57
track:1379, 829, 691, 184, 57
track:1380, 825, 692, 184, 57
track:1381, 816, 691, 193, 60
track:1382, 810, 691, 203, 63
track:1383, 801, 690, 213, 66
track:1384, 800, 691, 213, 66
track:1385, 798, 692, 213, 66
track:1386, 800, 693, 213, 66
track:1387, 803, 694, 213, 66
track:1388, 805, 695, 213, 66
track:1389, 810, 698, 203, 63
track:1390, 812, 699, 203, 63
track:1391, 815, 700, 203, 63
track:1392, 825, 703, 193, 60
track:1393, 828, 704, 193, 60
track:1394, 826, 704, 203, 63
track:1395, 827, 704, 203, 63
track:1396, 828, 705, 203, 63
track:1397, 824, 705, 213, 66
track:1398, 824, 705, 213, 66
track:1399, 823, 706, 213, 66
track:1400, 821, 707, 213, 66
track:1401, 816, 707, 213, 66
track:1402, 808, 708, 213, 66
track:1403, 805, 709, 213, 66
track:1404, 804, 710, 213, 66
track:1405, 801, 710, 213, 66
track:1406, 798, 710, 213, 66
track:1407, 788, 709, 224, 69
track:1408, 784, 709, 224, 69
track:1409, 785, 709, 224, 69
track:1410, 784, 710, 224, 69
track:1411, 783, 711, 224, 69
track:1412, 784, 712, 224, 69
track:1413, 785, 713, 224, 69
track:1414, 781, 711, 235, 73
track:1415, 782, 712, 235, 73
track:1416, 786, 715, 224, 69
track:1417, 787, 715, 224, 69
track:1418, 784, 716, 224, 69
track:1419, 789, 717, 213, 66
track:1420, 789, 718, 213, 66
track:1421, 782, 718, 224, 69
track:1422, 776, 717, 235, 73
track:1423, 779, 719, 224, 69
track:1424, 774, 717, 235, 73
track:1425, 776, 717, 235, 73
track:1426, 776, 719, 235, 73
track:1427, 775, 719, 235, 73
track:1428, 777, 720, 235, 73
track:1429, 775, 719, 235, 73
track:1430, 768, 719, 247, 76
track:1431, 767, 719, 247, 76
track:1432, 765, 720, 247, 76
track:1433, 759, 720, 259, 80
track:1434, 758, 721, 259, 80
track:1435, 755, 723, 259, 80
track:1436, 752, 723, 259, 80
track:1437, 753, 723, 259, 80
track:1438, 756, 725, 247, 76
track:1439, 750, 723, 259, 80
track:1440, 749, 724, 259, 80
init :1441, 784, 724, 244, 109
track:1442, 780, 724, 244, 109
track:1443, 778, 724, 244, 109
track:1444, 777, 724, 244, 109
track:1445, 772, 724, 244, 109
track:1446, 765, 725, 244, 109
track:1447, 762, 724, 244, 109
track:1448, 760, 724, 244, 109
track:1449, 759, 724, 244, 109
track:1450, 760, 722, 244, 109
track:1451, 762, 721, 244, 109
track:1452, 768, 723, 232, 104
track:1453, 769, 719, 244, 109
track:1454, 768, 721, 244, 109
track:1455, 774, 721, 244, 109
track:1456, 780, 721, 244, 109
track:1457, 790, 723, 244, 109
track:1458, 790, 723, 244, 109
track:1459, 791, 723, 244, 109
track:1460, 799, 725, 244, 109
track:1461, 809, 730, 232, 104
track:1462, 821, 735, 221, 99
track:1463, 821, 733, 221, 99
track:1464, 830, 738, 211, 94
track:1465, 839, 736, 211, 94
track:1466, 848, 743, 201, 90
track:1467, 844, 742, 211, 94
track:1468, 844, 743, 211, 94
track:1469, 844, 745, 211, 94
track:1470, 842, 746, 211, 94
track:1471, 840, 745, 211, 94
track:1472, 834, 742, 221, 99
track:1473, 831, 740, 221, 99
track:1474, 826, 733, 221, 99
track:1475, 820, 731, 232, 104
track:1476, 819, 732, 232, 104
track:1477, 828, 735, 221, 99
track:1478, 820, 732, 232, 104
track:1479, 819, 733, 232, 104
track:1480, 822, 734, 232, 104
track:1481, 822, 733, 232, 104
track:1482, 825, 737, 232, 104
track:1483, 822, 734, 232, 104
track:1484, 828, 732, 232, 104
track:1485, 830, 731, 221, 99
track:1486, 832, 727, 221, 99
track:1487, 840, 729, 221, 99
track:1488, 840, 728, 221, 99
track:1489, 848, 729, 211, 94
track:1490, 843, 727, 211, 94
track:1491, 848, 728, 201, 90
track:1492, 847, 725, 201, 90
track:1493, 851, 725, 191, 85
track:1494, 850, 724, 191, 85
track:1495, 846, 719, 191, 85
track:1496, 845, 717, 191, 85
track:1497, 835, 713, 182, 81
track:1498, 835, 711, 182, 81
track:1499, 833, 708, 182, 81
track:1500, 828, 706, 173, 77
track:1501, 824, 702, 173, 77
track:1502, 817, 698, 173, 77
track:1503, 815, 697, 173, 77
track:1504, 818, 695, 165, 74
track:1505, 817, 691, 157, 70
track:1506, 815, 687, 157, 70
track:1507, 813, 684, 157, 70
track:1508, 812, 683, 157, 70
track:1509, 812, 683, 157, 70
track:1510, 810, 679, 157, 70
track:1511, 811, 677, 157, 70
track:1512, 801, 673, 157, 70
init :1513, 821, 620, 304, 116
track:1514, 806, 620, 304, 116
track:1515, 783, 620, 304, 116
track:1516, 766, 622, 290, 110
track:1517, 732, 620, 304, 116
track:1518, 741, 623, 290, 110
track:1519, 714, 623, 290, 110
track:1520, 690, 623, 290, 110
track:1521, 671, 624, 290, 110
track:1522, 659, 625, 290, 110
track:1523, 657, 624, 290, 110
track:1524, 651, 627, 290, 110
track:1525, 646, 626, 290, 110
track:1526, 657, 628, 276, 105
track:1527, 666, 630, 263, 100
track:1528, 666, 629, 263, 100
track:1529, 697, 631, 250, 95
track:1530, 718, 630, 250, 95
track:1531, 745, 630, 250, 95
track:1532, 769, 629, 250, 95
track:1533, 775, 632, 238, 91
track:1534, 800, 631, 238, 91
track:1535, 826, 631, 238, 91
track:1536, 848, 632, 238, 91
track:1537, 862, 630, 250, 95
track:1538, 862, 631, 250, 95
track:1539, 874, 633, 238, 91
track:1540, 888, 634, 227, 87
track:1541, 895, 636, 227, 87
track:1542, 896, 637, 227, 87
track:1543, 896, 638, 227, 87
track:1544, 900, 641, 216, 82
track:1545, 894, 640, 227, 87
track:1546, 882, 642, 227, 87
track:1547, 879, 645, 227, 87
track:1548, 877, 644, 227, 87
track:1549, 879, 648, 216, 82
track:1550, 871, 648, 216, 82
track:1551, 855, 650, 216, 82
track:1552, 853, 651, 216, 82
track:1553, 852, 651, 216, 82
track:1554, 854, 654, 206, 79
track:1555, 855, 655, 206, 79
track:1556, 859, 655, 206, 79
track:1557, 864, 654, 206, 79
track:1558, 864, 654, 206, 79
track:1559, 868, 654, 206, 79
track:1560, 876, 654, 206, 79
track:1561, 878, 655, 206, 79
track:1562, 882, 657, 206, 79
track:1563, 881, 657, 206, 79
track:1564, 881, 656, 206, 79
track:1565, 890, 658, 196, 75
track:1566, 895, 660, 187, 71
track:1567, 892, 660, 187, 71
track:1568, 892, 660, 187, 71
track:1569, 891, 661, 187, 71
track:1570, 893, 662, 187, 71
track:1571, 892, 660, 187, 71
track:1572, 884, 658, 187, 71
track:1573, 884, 661, 187, 71
track:1574, 886, 661, 178, 68
track:1575, 890, 662, 169, 65
track:1576, 894, 665, 161, 62
track:1577, 891, 664, 161, 62
track:1578, 892, 665, 161, 62
track:1579, 887, 664, 161, 62
track:1580, 887, 667, 154, 59
track:1581, 880, 664, 161, 62
track:1582, 879, 665, 161, 62
track:1583, 880, 665, 161, 62
track:1584, 882, 667, 154, 59
init :1585, 900, 677, 138, 72
track:1586, 900, 677, 138, 72
track:1587, 902, 679, 131, 69
track:1588, 902, 678, 131, 69
track:1589, 899, 677, 138, 72
track:1590, 899, 678, 138, 72
track:1591, 902, 679, 131, 69
track:1592, 901, 680, 131, 69
track:1593, 900, 679, 131, 69
track:1594, 900, 680, 131, 69
track:1595, 897, 680, 131, 69
track:1596, 894, 681, 131, 69
track:1599, 893, 682, 131, 69
track:1600, 890, 681, 131, 69
track:1601, 893, 683, 125, 65
track:1602, 892, 684, 125, 65
track:1603, 892, 684, 125, 65
track:1604, 892, 685, 119, 62
track:1605, 890, 687, 114, 59
track:1606, 884, 686, 119, 62
track:1607, 881, 686, 119, 62
track:1608, 881, 686, 119, 62
elapseTime: 15.955
