init :7, 821, 630, 235, 197
track:8, 821, 630, 235, 197
track:9, 822, 630, 235, 197
track:10, 821, 631, 235, 197
track:11, 823, 630, 235, 197
track:12, 823, 630, 235, 197
track:13, 824, 630, 235, 197
track:14, 824, 630, 235, 197
track:15, 824, 630, 235, 197
init :16, 821, 633, 235, 194
track:17, 820, 633, 235, 194
track:18, 822, 633, 235, 194
track:19, 821, 633, 235, 194
track:20, 821, 634, 235, 194
track:21, 822, 634, 235, 194
track:22, 822, 635, 235, 194
track:23, 822, 635, 235, 194
track:24, 823, 635, 235, 194
track:25, 824, 635, 235, 194
track:26, 823, 634, 235, 194
track:27, 824, 634, 235, 194
track:28, 824, 634, 235, 194
track:29, 824, 634, 235, 194
track:30, 824, 634, 235, 194
init :31, 826, 633, 240, 194
track:32, 826, 633, 240, 194
track:33, 827, 633, 240, 194
track:34, 827, 632, 240, 194
track:35, 827, 632, 240, 194
track:36, 827, 632, 240, 194
track:37, 826, 631, 240, 194
track:38, 820, 627, 252, 204
track:39, 821, 628, 252, 204
track:40, 826, 632, 240, 194
track:41, 825, 632, 240, 194
track:42, 826, 632, 240, 194
track:43, 821, 628, 252, 204
track:44, 821, 628, 252, 204
track:45, 821, 629, 252, 204
init :46, 826, 630, 235, 197
track:48, 827, 629, 235, 197
track:49, 827, 628, 235, 197
track:50, 826, 629, 235, 197
track:51, 827, 627, 235, 197
track:52, 826, 628, 235, 197
track:53, 827, 628, 235, 197
track:54, 827, 628, 235, 197
track:55, 827, 628, 235, 197
track:56, 826, 629, 235, 197
track:57, 827, 627, 235, 197
track:58, 827, 628, 235, 197
track:59, 827, 627, 235, 197
track:60, 827, 628, 235, 197
init :61, 826, 630, 235, 199
track:62, 826, 630, 235, 199
track:63, 825, 630, 235, 199
track:64, 825, 630, 235, 199
track:65, 825, 629, 235, 199
track:66, 825, 629, 235, 199
track:67, 825, 629, 235, 199
track:68, 824, 629, 235, 199
track:69, 824, 629, 235, 199
track:70, 825, 629, 235, 199
track:71, 824, 629, 235, 199
track:72, 824, 629, 235, 199
track:73, 824, 629, 235, 199
track:74, 823, 628, 235, 199
track:75, 823, 629, 235, 199
init :76, 826, 630, 235, 197
track:77, 826, 630, 235, 197
track:78, 826, 630, 235, 197
track:79, 826, 630, 235, 197
track:80, 826, 630, 235, 197
track:81, 826, 630, 235, 197
track:82, 826, 630, 235, 197
track:83, 826, 630, 235, 197
track:84, 825, 630, 235, 197
track:85, 826, 631, 235, 197
track:86, 826, 631, 235, 197
track:87, 825, 630, 235, 197
track:88, 826, 630, 235, 197
track:89, 826, 631, 235, 197
track:90, 826, 631, 235, 197
init :91, 821, 633, 240, 197
track:92, 821, 633, 240, 197
track:93, 821, 633, 240, 197
track:94, 821, 634, 240, 197
track:95, 821, 633, 240, 197
track:96, 823, 633, 240, 197
track:97, 824, 633, 240, 197
track:98, 824, 632, 240, 197
track:99, 823, 631, 240, 197
track:100, 825, 631, 240, 197
track:101, 826, 631, 240, 197
track:102, 827, 629, 240, 197
track:103, 827, 629, 240, 197
track:104, 827, 629, 240, 197
track:105, 826, 628, 240, 197
init :106, 835, 625, 230, 202
track:107, 836, 624, 230, 202
track:108, 836, 622, 230, 202
track:109, 837, 620, 230, 202
track:110, 837, 620, 230, 202
track:111, 836, 618, 230, 202
track:112, 836, 615, 230, 202
track:113, 837, 613, 230, 202
track:114, 837, 614, 230, 202
track:115, 843, 617, 219, 192
track:116, 844, 615, 219, 192
track:117, 846, 614, 219, 192
track:120, 848, 610, 219, 192
init :121, 853, 615, 198, 160
track:122, 854, 615, 198, 160
track:123, 853, 613, 198, 160
track:124, 853, 614, 198, 160
track:125, 856, 615, 189, 152
track:126, 855, 613, 189, 152
track:127, 852, 611, 189, 152
track:128, 851, 611, 189, 152
track:129, 851, 611, 189, 152
track:130, 856, 616, 180, 145
track:131, 856, 617, 180, 145
track:132, 859, 620, 180, 145
track:133, 856, 619, 189, 152
track:134, 855, 620, 189, 152
track:135, 855, 621, 189, 152
init :136, 858, 623, 180, 158
track:137, 858, 624, 180, 158
track:138, 860, 627, 180, 158
track:139, 860, 627, 180, 158
track:140, 860, 627, 180, 158
track:141, 854, 623, 189, 166
track:142, 852, 623, 189, 166
track:143, 857, 628, 180, 158
track:144, 856, 628, 180, 158
track:145, 852, 631, 180, 158
track:146, 852, 632, 180, 158
track:147, 852, 633, 180, 158
track:148, 852, 635, 180, 158
track:149, 853, 635, 180, 158
track:150, 853, 639, 180, 158
init :151, 858, 633, 175, 160
track:152, 858, 634, 175, 160
track:153, 859, 638, 175, 160
track:154, 858, 639, 175, 160
track:155, 857, 641, 175, 160
track:156, 858, 641, 175, 160
track:157, 859, 642, 175, 160
track:158, 860, 643, 175, 160
track:159, 860, 643, 175, 160
track:160, 859, 644, 175, 160
track:161, 857, 644, 175, 160
track:162, 855, 644, 175, 160
track:163, 854, 644, 175, 160
track:164, 853, 645, 175, 160
track:165, 853, 646, 175, 160
init :166, 863, 656, 170, 153
track:167, 862, 657, 170, 153
track:168, 863, 656, 170, 153
track:169, 863, 657, 170, 153
track:170, 863, 655, 170, 153
track:171, 866, 655, 170, 153
track:172, 866, 654, 170, 153
track:173, 866, 654, 170, 153
track:174, 866, 653, 170, 153
track:175, 863, 654, 170, 153
track:176, 862, 655, 170, 153
track:177, 862, 654, 170, 153
track:178, 863, 655, 170, 153
track:179, 863, 656, 170, 153
track:180, 865, 657, 170, 153
init :181, 867, 656, 161, 150
track:182, 867, 658, 161, 150
track:183, 869, 661, 161, 150
track:184, 869, 661, 161, 150
track:185, 870, 664, 161, 150
track:186, 864, 659, 169, 158
track:187, 860, 654, 169, 158
track:188, 857, 652, 169, 158
track:189, 855, 652, 169, 158
track:190, 858, 654, 161, 150
track:191, 857, 651, 161, 150
track:192, 857, 646, 161, 150
track:193, 856, 646, 161, 150
track:194, 856, 644, 161, 150
track:195, 857, 643, 161, 150
init :196, 858, 636, 166, 153
track:197, 858, 636, 166, 153
track:198, 855, 636, 166, 153
track:199, 855, 636, 166, 153
track:200, 853, 638, 166, 153
track:201, 851, 638, 166, 153
track:202, 851, 637, 166, 153
track:203, 851, 634, 166, 153
track:204, 851, 634, 166, 153
track:205, 851, 632, 166, 153
track:206, 850, 632, 166, 153
track:207, 850, 629, 166, 153
track:208, 849, 630, 166, 153
track:209, 848, 628, 166, 153
track:210, 845, 624, 166, 153
init :211, 849, 630, 152, 129
track:212, 848, 629, 152, 129
track:213, 849, 629, 152, 129
track:214, 849, 628, 152, 129
track:215, 850, 627, 152, 129
track:216, 850, 627, 152, 129
track:217, 850, 628, 152, 129
track:218, 850, 628, 152, 129
track:219, 849, 629, 152, 129
track:220, 849, 632, 152, 129
track:221, 850, 635, 152, 129
track:222, 853, 639, 145, 123
track:223, 853, 638, 145, 123
track:224, 852, 640, 145, 123
track:225, 853, 642, 145, 123
init :226, 849, 643, 143, 114
track:227, 849, 643, 143, 114
track:228, 849, 645, 143, 114
track:229, 849, 645, 143, 114
track:230, 852, 648, 136, 109
track:231, 852, 647, 136, 109
track:232, 849, 643, 143, 114
track:233, 848, 642, 143, 114
track:234, 850, 644, 136, 109
track:235, 850, 643, 136, 109
track:236, 851, 643, 136, 109
track:237, 852, 643, 136, 109
track:238, 853, 643, 136, 109
track:239, 854, 645, 136, 109
track:240, 858, 649, 130, 103
init :241, 863, 651, 120, 101
track:242, 864, 651, 120, 101
track:243, 864, 651, 120, 101
track:244, 864, 652, 120, 101
track:245, 864, 652, 120, 101
track:246, 864, 653, 120, 101
track:247, 864, 654, 120, 101
track:248, 865, 654, 120, 101
track:249, 864, 655, 120, 101
track:250, 864, 655, 120, 101
track:251, 865, 658, 120, 101
track:252, 866, 659, 120, 101
track:253, 866, 659, 120, 101
track:254, 867, 663, 120, 101
track:255, 866, 664, 120, 101
init :256, 867, 667, 115, 101
track:257, 867, 671, 115, 101
track:258, 868, 671, 115, 101
track:259, 869, 672, 115, 101
track:260, 869, 674, 115, 101
track:261, 869, 675, 115, 101
track:262, 869, 675, 115, 101
track:263, 868, 675, 115, 101
track:264, 868, 678, 115, 101
track:265, 868, 679, 115, 101
track:266, 868, 680, 115, 101
track:267, 869, 683, 115, 101
track:268, 869, 683, 115, 101
track:269, 869, 684, 115, 101
track:270, 869, 685, 115, 101
init :271, 867, 687, 124, 101
track:272, 868, 690, 124, 101
track:273, 868, 690, 124, 101
track:274, 868, 692, 124, 101
track:275, 869, 694, 124, 101
track:276, 869, 697, 124, 101
track:277, 871, 699, 124, 101
track:278, 872, 700, 124, 101
track:279, 870, 697, 130, 106
track:280, 867, 694, 137, 111
track:281, 869, 693, 137, 111
track:282, 870, 695, 137, 111
track:283, 871, 696, 137, 111
track:284, 872, 698, 137, 111
track:285, 871, 695, 144, 117
init :286, 872, 690, 152, 140
track:287, 873, 687, 152, 140
track:288, 873, 688, 152, 140
track:289, 874, 685, 152, 140
track:290, 872, 677, 160, 147
track:291, 869, 667, 168, 154
track:292, 866, 658, 176, 162
track:293, 865, 658, 176, 162
track:294, 866, 657, 176, 162
track:295, 865, 650, 185, 170
track:296, 865, 650, 185, 170
track:297, 864, 651, 185, 170
track:298, 864, 652, 185, 170
track:299, 862, 653, 185, 170
track:300, 855, 650, 194, 179
init :301, 835, 638, 244, 205
track:302, 834, 641, 244, 205
track:303, 834, 642, 244, 205
track:304, 833, 647, 244, 205
track:305, 832, 647, 244, 205
track:306, 824, 642, 256, 215
track:307, 818, 635, 269, 226
track:308, 816, 636, 269, 226
track:309, 816, 633, 269, 226
track:310, 815, 628, 269, 226
track:311, 813, 611, 269, 226
track:312, 820, 607, 256, 215
track:313, 813, 602, 269, 226
track:314, 814, 595, 269, 226
track:315, 814, 586, 269, 226
init :316, 830, 589, 230, 205
track:317, 833, 585, 230, 205
track:318, 834, 583, 230, 205
track:319, 835, 582, 230, 205
track:320, 840, 573, 230, 205
track:321, 847, 572, 219, 195
track:322, 847, 570, 219, 195
track:323, 848, 571, 219, 195
track:324, 847, 574, 219, 195
track:325, 846, 572, 219, 195
track:326, 844, 565, 219, 195
track:327, 844, 565, 219, 195
track:328, 844, 565, 219, 195
track:329, 841, 574, 219, 195
track:330, 839, 578, 219, 195
init :331, 849, 589, 198, 176
track:332, 852, 596, 189, 168
track:333, 852, 596, 189, 168
track:334, 846, 594, 198, 176
track:335, 846, 596, 198, 176
track:336, 845, 598, 198, 176
track:337, 846, 599, 198, 176
track:338, 847, 599, 198, 176
track:339, 847, 595, 198, 176
track:340, 853, 597, 189, 168
track:341, 853, 597, 189, 168
track:342, 853, 596, 189, 168
track:343, 853, 596, 189, 168
track:344, 852, 595, 189, 168
track:345, 858, 595, 180, 160
init :346, 863, 604, 161, 137
track:347, 863, 606, 161, 137
track:348, 863, 606, 161, 137
track:349, 863, 608, 161, 137
track:350, 864, 613, 161, 137
track:351, 865, 617, 161, 137
track:352, 869, 622, 153, 130
track:353, 865, 620, 161, 137
track:354, 865, 623, 161, 137
track:355, 866, 624, 161, 137
track:356, 865, 625, 161, 137
track:357, 868, 628, 153, 130
track:358, 868, 628, 153, 130
track:359, 868, 628, 153, 130
track:360, 867, 628, 153, 130
init :361, 872, 636, 138, 98
track:362, 871, 636, 138, 98
track:363, 871, 636, 138, 98
track:364, 871, 637, 138, 98
track:365, 871, 638, 138, 98
track:366, 871, 639, 138, 98
track:367, 871, 640, 138, 98
track:368, 871, 641, 138, 98
track:369, 870, 641, 138, 98
track:370, 869, 647, 138, 98
track:371, 868, 652, 138, 98
track:372, 871, 658, 131, 93
track:373, 870, 659, 131, 93
track:374, 870, 661, 131, 93
track:375, 868, 661, 131, 93
init :376, 867, 662, 124, 101
track:377, 865, 662, 124, 101
track:378, 865, 663, 124, 101
track:379, 865, 664, 124, 101
track:380, 865, 664, 124, 101
track:381, 865, 664, 124, 101
track:382, 863, 663, 124, 101
track:383, 863, 664, 124, 101
track:384, 861, 663, 124, 101
track:385, 860, 662, 124, 101
track:386, 863, 663, 118, 96
track:387, 863, 662, 118, 96
track:388, 863, 663, 118, 96
track:389, 863, 662, 118, 96
track:390, 863, 662, 118, 96
init :391, 867, 667, 110, 88
track:392, 867, 669, 110, 88
track:393, 867, 670, 110, 88
track:394, 867, 671, 110, 88
track:395, 868, 678, 110, 88
track:396, 869, 680, 110, 88
track:397, 871, 684, 110, 88
track:398, 871, 684, 110, 88
track:399, 873, 690, 110, 88
track:400, 873, 694, 110, 88
track:401, 874, 699, 110, 88
track:402, 876, 704, 110, 88
track:403, 876, 704, 110, 88
track:404, 877, 706, 110, 88
track:405, 878, 706, 110, 88
init :406, 876, 706, 106, 85
track:407, 877, 706, 106, 85
track:408, 877, 706, 106, 85
track:409, 878, 704, 106, 85
track:410, 878, 703, 106, 85
track:411, 878, 700, 106, 85
track:412, 879, 698, 106, 85
track:413, 879, 697, 106, 85
track:414, 879, 697, 106, 85
track:415, 879, 698, 106, 85
track:416, 879, 699, 106, 85
track:417, 880, 700, 106, 85
track:418, 877, 698, 111, 89
track:419, 877, 697, 111, 89
track:420, 875, 700, 111, 89
init :421, 876, 700, 110, 83
track:422, 876, 699, 110, 83
track:423, 876, 697, 110, 83
track:424, 876, 695, 110, 83
track:425, 876, 694, 110, 83
track:426, 875, 692, 110, 83
track:427, 874, 690, 110, 83
track:428, 873, 690, 110, 83
track:429, 873, 690, 110, 83
track:430, 873, 690, 110, 83
track:431, 873, 691, 110, 83
track:432, 872, 690, 110, 83
track:433, 872, 690, 110, 83
track:434, 871, 690, 110, 83
track:435, 870, 690, 110, 83
init :436, 872, 695, 106, 77
track:437, 872, 696, 106, 77
track:438, 873, 696, 106, 77
track:439, 874, 698, 106, 77
track:440, 875, 698, 106, 77
track:441, 875, 698, 106, 77
track:442, 876, 698, 106, 77
track:443, 876, 699, 106, 77
track:444, 876, 699, 106, 77
track:445, 872, 698, 111, 81
track:446, 873, 699, 111, 81
track:447, 874, 697, 111, 81
track:448, 873, 697, 111, 81
track:449, 874, 695, 111, 81
track:450, 874, 696, 111, 81
init :451, 872, 693, 115, 93
track:452, 873, 695, 115, 93
track:453, 872, 695, 115, 93
track:454, 874, 695, 115, 93
track:455, 875, 696, 115, 93
track:456, 876, 696, 115, 93
track:457, 875, 696, 115, 93
track:458, 875, 696, 115, 93
track:459, 875, 695, 115, 93
track:460, 874, 693, 115, 93
track:461, 876, 693, 115, 93
track:462, 876, 693, 115, 93
track:463, 873, 691, 121, 98
track:464, 872, 688, 121, 98
track:465, 872, 685, 121, 98
init :466, 863, 685, 129, 109
track:467, 863, 685, 129, 109
track:468, 863, 685, 129, 109
track:469, 864, 686, 129, 109
track:470, 864, 688, 129, 109
track:471, 866, 689, 129, 109
track:472, 863, 687, 135, 114
track:473, 863, 689, 135, 114
track:474, 864, 691, 135, 114
track:475, 865, 692, 135, 114
track:476, 867, 691, 135, 114
track:477, 868, 690, 135, 114
track:478, 868, 690, 135, 114
track:479, 870, 688, 135, 114
track:480, 873, 679, 135, 114
init :481, 872, 669, 147, 124
track:482, 872, 669, 147, 124
track:483, 875, 663, 147, 124
track:484, 876, 662, 147, 124
track:485, 874, 658, 154, 130
track:486, 875, 663, 154, 130
track:487, 875, 663, 154, 130
track:488, 873, 667, 154, 130
track:490, 871, 671, 154, 130
track:491, 868, 672, 154, 130
track:492, 863, 670, 162, 137
track:493, 861, 670, 162, 137
track:494, 861, 669, 162, 137
track:495, 854, 660, 170, 144
init :496, 858, 649, 170, 145
track:497, 858, 649, 170, 145
track:498, 858, 647, 170, 145
track:499, 856, 644, 170, 145
track:500, 855, 639, 170, 145
track:501, 855, 636, 170, 145
track:502, 855, 635, 170, 145
track:503, 855, 633, 170, 145
track:504, 854, 631, 170, 145
track:505, 858, 633, 162, 138
track:506, 858, 632, 162, 138
track:507, 857, 633, 162, 138
track:508, 856, 631, 162, 138
track:509, 856, 627, 162, 138
track:510, 856, 623, 162, 138
init :511, 853, 623, 156, 137
track:512, 853, 623, 156, 137
track:513, 853, 623, 156, 137
track:514, 853, 624, 156, 137
track:515, 856, 628, 149, 130
track:516, 857, 628, 149, 130
track:517, 857, 628, 149, 130
track:518, 856, 625, 149, 130
track:519, 856, 624, 149, 130
track:520, 857, 624, 149, 130
track:521, 858, 623, 149, 130
track:522, 857, 623, 149, 130
track:523, 857, 624, 149, 130
track:524, 857, 626, 149, 130
track:525, 859, 628, 149, 130
init :526, 863, 633, 143, 111
track:527, 863, 633, 143, 111
track:528, 863, 633, 143, 111
track:529, 863, 633, 143, 111
track:530, 864, 631, 143, 111
track:531, 865, 631, 143, 111
track:532, 868, 633, 136, 106
track:533, 868, 635, 136, 106
track:534, 869, 634, 136, 106
track:535, 868, 635, 136, 106
track:536, 871, 639, 130, 101
track:537, 871, 639, 130, 101
track:538, 872, 641, 130, 101
track:539, 872, 642, 130, 101
track:540, 872, 643, 130, 101
init :543, 876, 649, 120, 90
track:544, 876, 649, 120, 90
track:546, 875, 656, 120, 90
track:547, 874, 656, 120, 90
track:548, 873, 659, 120, 90
track:549, 873, 661, 120, 90
track:550, 872, 662, 120, 90
track:551, 874, 666, 114, 86
track:552, 874, 666, 114, 86
track:553, 873, 666, 114, 86
track:554, 872, 665, 114, 86
track:555, 872, 665, 114, 86
init :556, 876, 664, 101, 88
track:557, 876, 664, 101, 88
track:558, 876, 669, 101, 88
track:559, 875, 673, 101, 88
track:560, 876, 675, 101, 88
track:561, 875, 679, 101, 88
track:562, 876, 679, 101, 88
track:563, 875, 681, 101, 88
track:564, 875, 683, 101, 88
track:565, 875, 685, 101, 88
track:566, 875, 687, 101, 88
track:567, 874, 688, 101, 88
track:568, 876, 690, 101, 88
track:569, 876, 691, 101, 88
track:570, 875, 694, 101, 88
init :571, 872, 700, 101, 77
track:572, 872, 700, 101, 77
track:573, 873, 702, 101, 77
track:574, 874, 704, 101, 77
track:575, 875, 704, 101, 77
track:576, 874, 702, 101, 77
track:577, 874, 702, 101, 77
track:578, 871, 697, 106, 81
track:579, 872, 696, 106, 81
track:580, 873, 695, 106, 81
track:581, 874, 696, 106, 81
track:582, 874, 695, 106, 81
track:583, 873, 699, 106, 81
track:584, 873, 699, 106, 81
track:585, 873, 699, 106, 81
init :586, 872, 700, 110, 83
track:587, 872, 700, 110, 83
track:588, 872, 701, 110, 83
track:589, 873, 700, 110, 83
track:590, 872, 700, 110, 83
track:591, 871, 701, 110, 83
track:592, 871, 701, 110, 83
track:593, 870, 700, 110, 83
track:594, 870, 698, 110, 83
track:595, 870, 690, 110, 83
track:596, 869, 688, 110, 83
track:597, 869, 687, 110, 83
track:598, 866, 681, 115, 87
track:599, 866, 675, 115, 87
track:600, 863, 669, 121, 92
init :601, 867, 664, 115, 103
track:602, 867, 664, 115, 103
track:603, 867, 663, 115, 103
track:604, 865, 660, 115, 103
track:605, 865, 657, 115, 103
track:606, 866, 656, 115, 103
track:607, 865, 656, 115, 103
track:608, 866, 656, 115, 103
track:609, 867, 655, 115, 103
track:610, 867, 656, 115, 103
track:611, 867, 660, 115, 103
track:612, 864, 659, 121, 108
track:613, 863, 661, 121, 108
track:614, 864, 663, 121, 108
track:615, 865, 666, 121, 108
init :616, 863, 667, 129, 103
track:617, 863, 667, 129, 103
track:618, 860, 663, 135, 108
track:619, 859, 662, 135, 108
track:620, 861, 661, 135, 108
track:621, 862, 661, 135, 108
track:622, 862, 661, 135, 108
track:623, 861, 660, 135, 108
track:624, 860, 658, 135, 108
track:625, 861, 658, 135, 108
track:626, 862, 659, 135, 108
track:627, 862, 660, 135, 108
track:628, 863, 660, 135, 108
track:629, 862, 660, 135, 108
track:630, 862, 657, 135, 108
init :631, 858, 656, 143, 114
track:632, 858, 656, 143, 114
track:633, 860, 660, 143, 114
track:634, 857, 662, 150, 120
track:635, 857, 664, 150, 120
track:636, 859, 665, 150, 120
track:637, 859, 666, 150, 120
track:638, 860, 667, 150, 120
track:639, 861, 667, 150, 120
track:640, 862, 666, 150, 120
track:641, 861, 665, 150, 120
track:642, 861, 664, 150, 120
track:643, 861, 663, 150, 120
track:644, 862, 662, 150, 120
track:645, 864, 654, 143, 114
init :646, 863, 651, 143, 122
track:647, 863, 651, 143, 122
track:648, 863, 652, 143, 122
track:649, 864, 652, 143, 122
track:650, 865, 652, 143, 122
track:651, 867, 652, 143, 122
track:652, 868, 652, 143, 122
track:653, 869, 652, 143, 122
track:654, 869, 654, 143, 122
track:655, 870, 657, 143, 122
track:656, 871, 660, 143, 122
track:657, 867, 658, 150, 128
track:658, 869, 660, 150, 128
track:659, 869, 658, 150, 128
track:660, 870, 657, 150, 128
init :661, 876, 662, 143, 111
track:662, 876, 662, 143, 111
track:663, 877, 662, 143, 111
track:664, 878, 660, 143, 111
track:665, 880, 659, 143, 111
track:666, 880, 657, 143, 111
track:667, 875, 654, 150, 117
track:668, 876, 652, 150, 117
track:669, 877, 652, 150, 117
track:670, 877, 652, 150, 117
track:671, 875, 652, 150, 117
track:672, 874, 653, 150, 117
track:673, 872, 653, 150, 117
track:674, 870, 651, 150, 117
track:675, 871, 650, 150, 117
init :676, 872, 651, 143, 103
track:677, 872, 651, 143, 103
track:678, 871, 654, 143, 103
track:679, 870, 663, 143, 103
track:680, 870, 670, 143, 103
track:681, 871, 672, 143, 103
track:682, 871, 672, 143, 103
track:683, 866, 669, 150, 108
track:684, 864, 669, 150, 108
track:685, 861, 669, 158, 114
track:686, 861, 670, 158, 114
track:687, 861, 672, 158, 114
track:688, 860, 671, 158, 114
track:689, 860, 669, 158, 114
track:690, 859, 667, 158, 114
init :691, 858, 667, 152, 114
track:692, 858, 667, 152, 114
track:693, 858, 665, 152, 114
track:694, 858, 665, 152, 114
track:695, 859, 665, 152, 114
track:696, 858, 663, 152, 114
track:697, 857, 663, 152, 114
track:698, 855, 663, 152, 114
track:699, 853, 664, 152, 114
track:700, 853, 665, 152, 114
track:701, 853, 666, 152, 114
track:702, 854, 666, 152, 114
track:703, 853, 669, 152, 114
track:704, 848, 671, 160, 120
track:705, 848, 677, 160, 120
init :706, 853, 677, 147, 124
track:707, 853, 677, 147, 124
track:708, 853, 678, 147, 124
track:709, 852, 679, 147, 124
track:710, 853, 677, 147, 124
track:711, 853, 677, 147, 124
track:712, 852, 675, 147, 124
track:713, 853, 673, 147, 124
track:714, 852, 673, 147, 124
track:715, 851, 674, 147, 124
track:716, 852, 674, 147, 124
track:717, 851, 675, 147, 124
track:718, 853, 676, 147, 124
track:719, 854, 677, 147, 124
track:720, 854, 678, 147, 124
init :721, 853, 675, 147, 124
track:722, 853, 675, 147, 124
track:723, 853, 675, 147, 124
track:724, 854, 671, 147, 124
track:725, 854, 668, 147, 124
track:726, 854, 668, 147, 124
track:727, 854, 666, 147, 124
track:728, 855, 663, 147, 124
track:729, 852, 654, 154, 130
track:730, 852, 652, 154, 130
track:731, 853, 651, 154, 130
track:732, 853, 653, 154, 130
track:733, 852, 651, 154, 130
track:734, 853, 647, 154, 130
track:735, 854, 643, 154, 130
init :736, 858, 638, 161, 124
track:737, 857, 637, 161, 124
track:738, 856, 638, 161, 124
track:739, 855, 638, 161, 124
track:740, 858, 639, 161, 124
track:741, 857, 639, 161, 124
track:742, 858, 640, 161, 124
track:743, 856, 640, 161, 124
track:744, 855, 640, 161, 124
track:745, 857, 638, 161, 124
track:746, 856, 638, 161, 124
track:747, 857, 636, 161, 124
track:748, 857, 628, 161, 124
track:749, 856, 622, 161, 124
track:750, 854, 623, 161, 124
init :751, 849, 625, 156, 124
track:752, 848, 627, 156, 124
track:753, 850, 628, 156, 124
track:754, 851, 629, 156, 124
track:755, 853, 628, 156, 124
track:756, 854, 628, 156, 124
track:757, 855, 628, 156, 124
track:758, 854, 627, 156, 124
track:759, 854, 629, 156, 124
track:760, 855, 632, 156, 124
track:761, 855, 633, 156, 124
track:762, 857, 634, 156, 124
track:763, 859, 633, 156, 124
track:764, 860, 633, 156, 124
track:765, 863, 636, 149, 118
init :766, 858, 633, 156, 124
track:767, 857, 634, 156, 124
track:768, 857, 636, 156, 124
track:769, 857, 638, 156, 124
track:770, 861, 646, 156, 124
track:771, 862, 646, 156, 124
track:772, 862, 647, 156, 124
track:773, 862, 646, 156, 124
track:774, 863, 646, 156, 124
track:775, 864, 646, 156, 124
track:776, 864, 646, 156, 124
track:777, 868, 648, 149, 118
track:778, 869, 648, 149, 118
track:779, 870, 647, 149, 118
track:780, 871, 647, 149, 118
init :781, 881, 651, 133, 98
track:782, 881, 651, 133, 98
track:783, 880, 652, 133, 98
track:784, 880, 652, 133, 98
track:785, 879, 653, 133, 98
track:786, 879, 653, 133, 98
track:787, 878, 653, 133, 98
track:788, 881, 655, 127, 93
track:789, 881, 656, 127, 93
track:790, 880, 656, 127, 93
track:791, 880, 656, 127, 93
track:792, 879, 655, 127, 93
track:793, 879, 656, 127, 93
track:794, 879, 657, 127, 93
track:795, 879, 661, 127, 93
init :796, 876, 659, 133, 106
track:797, 876, 659, 133, 106
track:798, 876, 659, 133, 106
track:799, 876, 659, 133, 106
track:800, 875, 660, 133, 106
track:801, 875, 661, 133, 106
track:802, 874, 661, 133, 106
track:803, 875, 661, 133, 106
track:804, 871, 660, 140, 111
track:805, 873, 663, 133, 106
track:806, 874, 663, 133, 106
track:807, 873, 662, 133, 106
track:808, 873, 663, 133, 106
track:809, 872, 665, 133, 106
track:810, 873, 667, 133, 106
init :811, 872, 662, 138, 106
track:812, 870, 663, 138, 106
track:813, 869, 663, 138, 106
track:814, 868, 663, 138, 106
track:815, 864, 662, 145, 111
track:816, 864, 661, 145, 111
track:817, 865, 664, 145, 111
track:818, 866, 672, 138, 106
track:819, 865, 673, 138, 106
track:820, 861, 682, 145, 111
track:821, 860, 683, 145, 111
track:822, 860, 683, 145, 111
track:823, 859, 682, 145, 111
track:824, 859, 681, 145, 111
track:825, 857, 681, 145, 111
init :826, 858, 680, 152, 122
track:827, 858, 685, 152, 122
track:828, 854, 688, 160, 128
track:829, 856, 690, 160, 128
track:830, 858, 692, 160, 128
track:831, 858, 692, 160, 128
track:832, 855, 689, 168, 135
track:833, 857, 687, 168, 135
track:834, 858, 680, 168, 135
track:835, 854, 671, 176, 141
track:836, 855, 669, 176, 141
track:837, 853, 663, 176, 141
track:838, 852, 661, 176, 141
track:839, 850, 658, 176, 141
track:840, 845, 650, 185, 148
init :841, 840, 646, 180, 163
track:842, 839, 645, 180, 163
track:843, 837, 643, 180, 163
track:844, 836, 639, 180, 163
track:845, 831, 625, 180, 163
track:846, 831, 625, 180, 163
track:847, 830, 621, 180, 163
track:848, 829, 613, 180, 163
track:849, 829, 612, 180, 163
track:850, 823, 607, 189, 171
track:851, 823, 607, 189, 171
track:852, 822, 598, 198, 180
track:853, 825, 594, 198, 180
track:854, 827, 595, 198, 180
track:855, 822, 593, 208, 189
init :856, 830, 599, 198, 173
track:857, 829, 600, 198, 173
track:858, 832, 597, 198, 173
track:859, 832, 595, 198, 173
track:860, 831, 592, 198, 173
track:861, 831, 591, 198, 173
track:862, 836, 596, 189, 165
track:863, 837, 603, 189, 165
track:864, 838, 608, 189, 165
track:865, 839, 614, 189, 165
track:866, 839, 615, 189, 165
track:867, 843, 623, 180, 157
track:868, 843, 625, 180, 157
track:869, 843, 624, 180, 157
track:870, 845, 630, 180, 157
init :871, 849, 636, 166, 129
track:872, 849, 637, 166, 129
track:873, 850, 638, 166, 129
track:874, 851, 638, 166, 129
track:875, 856, 641, 158, 123
track:876, 857, 641, 158, 123
track:877, 858, 643, 158, 123
track:878, 859, 643, 158, 123
track:879, 860, 642, 158, 123
track:880, 861, 642, 158, 123
track:881, 862, 642, 158, 123
track:882, 865, 644, 151, 117
track:883, 869, 645, 143, 111
track:884, 872, 645, 143, 111
track:885, 873, 645, 143, 111
init :886, 872, 643, 138, 114
track:887, 873, 645, 138, 114
track:888, 874, 646, 138, 114
track:889, 875, 645, 138, 114
track:890, 880, 646, 131, 109
track:891, 880, 645, 131, 109
track:892, 883, 645, 131, 109
track:893, 883, 644, 131, 109
track:894, 883, 644, 131, 109
track:895, 883, 644, 131, 109
track:896, 884, 645, 131, 109
track:897, 887, 647, 125, 103
track:898, 889, 648, 119, 98
track:899, 886, 647, 119, 98
track:900, 885, 649, 119, 98
init :901, 881, 651, 124, 93
track:902, 880, 652, 124, 93
track:903, 880, 653, 124, 93
track:904, 881, 653, 124, 93
track:905, 880, 654, 124, 93
track:906, 881, 654, 124, 93
track:907, 856, 634, 124, 93
track:908, 847, 634, 124, 93
track:909, 849, 641, 124, 93
track:910, 842, 642, 124, 93
track:911, 844, 643, 124, 93
track:912, 840, 645, 130, 98
track:913, 837, 644, 137, 103
track:914, 833, 646, 137, 103
track:915, 831, 644, 144, 108
init :916, 807, 568, 286, 262
track:917, 808, 568, 286, 262
track:918, 808, 570, 286, 262
track:919, 809, 572, 286, 262
track:920, 806, 572, 286, 262
track:921, 806, 572, 286, 262
track:922, 801, 572, 286, 262
track:923, 798, 572, 286, 262
track:924, 791, 571, 286, 262
track:925, 786, 572, 286, 262
track:926, 785, 571, 286, 262
track:927, 783, 571, 286, 262
track:928, 776, 571, 286, 262
track:929, 771, 571, 286, 262
track:930, 768, 570, 286, 262
init :931, 770, 581, 304, 249
track:932, 771, 579, 304, 249
track:933, 772, 576, 304, 249
track:934, 772, 573, 304, 249
track:935, 773, 571, 304, 249
track:936, 775, 570, 304, 249
track:937, 776, 569, 304, 249
track:938, 775, 567, 304, 249
track:939, 776, 565, 304, 249
track:940, 777, 563, 304, 249
track:941, 780, 562, 304, 249
track:942, 778, 561, 304, 249
track:943, 777, 560, 304, 249
track:944, 773, 561, 304, 249
track:945, 776, 559, 304, 249
init :946, 766, 573, 341, 225
track:947, 765, 574, 341, 225
track:948, 762, 574, 341, 225
track:949, 762, 576, 341, 225
track:950, 758, 576, 341, 225
track:951, 755, 576, 341, 225
track:952, 755, 579, 341, 225
track:953, 753, 580, 341, 225
track:954, 751, 582, 341, 225
track:955, 748, 583, 341, 225
track:956, 745, 585, 341, 225
track:957, 744, 586, 341, 225
track:958, 742, 587, 341, 225
track:959, 742, 589, 341, 225
track:960, 742, 590, 341, 225
init :961, 747, 584, 383, 236
track:962, 746, 585, 383, 236
track:963, 744, 587, 383, 236
track:964, 744, 587, 383, 236
track:965, 743, 587, 383, 236
track:966, 741, 588, 383, 236
track:967, 739, 589, 383, 236
track:968, 737, 589, 383, 236
track:969, 729, 590, 383, 236
track:970, 729, 589, 383, 236
track:971, 728, 590, 383, 236
track:972, 721, 593, 383, 236
track:973, 718, 591, 383, 236
track:974, 711, 592, 383, 236
track:975, 719, 597, 365, 225
init :976, 696, 584, 447, 246
track:977, 696, 584, 447, 246
track:978, 696, 585, 447, 246
track:979, 695, 586, 447, 246
track:980, 695, 586, 447, 246
track:981, 695, 586, 447, 246
track:982, 693, 587, 447, 246
track:983, 694, 588, 447, 246
track:984, 696, 591, 447, 246
track:985, 694, 591, 447, 246
track:986, 694, 592, 447, 246
track:987, 696, 592, 447, 246
track:988, 697, 589, 447, 246
track:989, 699, 591, 447, 246
track:990, 690, 584, 469, 258
init :991, 701, 586, 507, 249
track:992, 702, 587, 507, 249
track:993, 703, 586, 507, 249
track:994, 705, 585, 507, 249
track:995, 704, 585, 507, 249
track:996, 705, 584, 507, 249
track:997, 721, 589, 483, 237
track:998, 721, 587, 483, 237
track:999, 713, 581, 507, 249
track:1000, 713, 579, 507, 249
track:1001, 728, 581, 483, 237
track:1002, 734, 580, 483, 237
track:1003, 750, 583, 460, 226
track:1004, 764, 586, 438, 215
track:1005, 754, 581, 460, 226
init :1006, 752, 576, 507, 215
track:1007, 750, 575, 507, 215
track:1008, 747, 575, 507, 215
track:1009, 745, 573, 507, 215
track:1010, 745, 571, 507, 215
track:1011, 739, 572, 507, 215
track:1012, 741, 572, 507, 215
track:1013, 740, 569, 507, 215
track:1014, 747, 573, 507, 215
track:1015, 736, 570, 507, 215
track:1016, 744, 576, 483, 205
track:1017, 739, 572, 483, 205
track:1018, 733, 574, 483, 205
track:1019, 742, 577, 460, 195
track:1020, 744, 577, 460, 195
init :1021, 752, 576, 466, 184
track:1022, 751, 575, 466, 184
track:1023, 749, 573, 466, 184
track:1024, 746, 572, 466, 184
track:1025, 749, 571, 466, 184
track:1026, 745, 571, 466, 184
track:1027, 752, 576, 444, 175
track:1028, 746, 577, 444, 175
track:1029, 742, 578, 444, 175
track:1030, 753, 584, 423, 167
track:1031, 760, 587, 403, 159
track:1032, 745, 584, 423, 167
track:1033, 742, 585, 423, 167
track:1034, 739, 588, 423, 167
track:1035, 743, 590, 423, 167
init :1036, 747, 594, 429, 153
track:1037, 758, 600, 409, 146
track:1038, 767, 606, 389, 139
track:1039, 757, 605, 409, 146
track:1040, 756, 606, 409, 146
track:1041, 753, 610, 409, 146
track:1042, 752, 610, 409, 146
track:1043, 750, 611, 409, 146
track:1044, 742, 611, 429, 153
track:1045, 743, 611, 429, 153
track:1046, 742, 614, 429, 153
track:1047, 735, 613, 450, 161
track:1048, 738, 612, 450, 161
track:1049, 753, 616, 429, 153
track:1050, 756, 617, 429, 153
init :1051, 756, 610, 452, 150
track:1052, 761, 607, 452, 150
track:1053, 768, 607, 452, 150
track:1054, 773, 608, 452, 150
track:1055, 777, 608, 452, 150
track:1056, 780, 607, 452, 150
track:1057, 785, 608, 452, 150
track:1058, 788, 609, 452, 150
track:1059, 790, 610, 452, 150
track:1060, 789, 611, 452, 150
track:1061, 781, 608, 475, 158
track:1062, 766, 604, 498, 165
track:1063, 777, 609, 475, 158
track:1064, 773, 608, 475, 158
track:1065, 782, 612, 452, 150
init :1066, 784, 617, 438, 132
track:1067, 768, 614, 460, 139
track:1068, 752, 611, 483, 146
track:1069, 740, 610, 483, 146
track:1070, 736, 609, 483, 146
track:1071, 731, 610, 483, 146
track:1072, 719, 608, 483, 146
track:1073, 704, 609, 483, 146
track:1074, 695, 610, 483, 146
track:1075, 694, 610, 483, 146
track:1076, 693, 613, 460, 139
track:1077, 684, 613, 460, 139
track:1078, 663, 610, 483, 146
track:1079, 651, 611, 483, 146
track:1080, 647, 612, 483, 146
init :1081, 673, 625, 443, 135
track:1082, 667, 626, 443, 135
track:1083, 663, 628, 443, 135
track:1084, 662, 629, 443, 135
track:1085, 662, 629, 443, 135
track:1086, 664, 629, 443, 135
track:1087, 666, 630, 443, 135
track:1088, 655, 627, 465, 142
track:1089, 655, 628, 465, 142
track:1090, 645, 625, 488, 149
track:1091, 659, 628, 465, 142
track:1092, 656, 629, 465, 142
track:1093, 658, 631, 465, 142
track:1094, 659, 631, 465, 142
track:1095, 661, 631, 465, 142
init :1096, 678, 628, 452, 147
track:1097, 682, 629, 452, 147
track:1098, 686, 629, 452, 147
track:1099, 687, 629, 452, 147
track:1100, 687, 630, 452, 147
track:1101, 689, 630, 452, 147
track:1102, 679, 626, 475, 154
track:1103, 679, 625, 475, 154
track:1104, 678, 625, 475, 154
track:1105, 679, 625, 475, 154
track:1106, 678, 627, 475, 154
track:1107, 687, 631, 452, 147
track:1108, 687, 632, 452, 147
track:1109, 688, 633, 452, 147
track:1110, 694, 636, 430, 140
init :1111, 692, 633, 447, 166
track:1112, 693, 634, 447, 166
track:1113, 688, 634, 447, 166
track:1114, 683, 633, 447, 166
track:1115, 696, 638, 426, 158
track:1116, 699, 639, 426, 158
track:1117, 693, 639, 426, 158
track:1118, 700, 644, 405, 151
track:1119, 695, 644, 405, 151
track:1120, 694, 642, 405, 151
track:1121, 693, 645, 405, 151
track:1122, 688, 644, 405, 151
track:1123, 689, 646, 405, 151
track:1124, 696, 650, 386, 143
track:1125, 693, 650, 386, 143
init :1126, 724, 628, 369, 186
track:1127, 724, 628, 369, 186
track:1128, 721, 627, 369, 186
track:1129, 727, 627, 369, 186
track:1130, 726, 626, 369, 186
track:1131, 740, 631, 351, 177
track:1132, 741, 631, 351, 177
track:1133, 742, 632, 351, 177
track:1134, 723, 625, 369, 186
track:1135, 724, 623, 369, 186
track:1136, 736, 629, 351, 177
track:1137, 731, 627, 351, 177
track:1138, 732, 627, 351, 177
track:1139, 717, 624, 369, 186
track:1140, 711, 623, 369, 186
init :1141, 830, 630, 216, 181
track:1142, 826, 630, 216, 181
track:1143, 816, 630, 216, 181
track:1144, 807, 631, 216, 181
track:1145, 806, 632, 216, 181
track:1146, 798, 631, 216, 181
track:1147, 791, 631, 216, 181
track:1148, 785, 637, 206, 172
track:1149, 775, 631, 216, 181
track:1150, 777, 631, 216, 181
track:1151, 776, 631, 216, 181
track:1152, 775, 631, 216, 181
track:1153, 771, 632, 216, 181
track:1154, 775, 638, 206, 172
track:1155, 769, 639, 206, 172
init :1156, 780, 633, 240, 181
track:1157, 782, 633, 240, 181
track:1158, 784, 634, 240, 181
track:1159, 787, 632, 240, 181
track:1160, 786, 632, 240, 181
track:1161, 788, 633, 240, 181
track:1162, 789, 632, 240, 181
track:1163, 793, 638, 229, 172
track:1164, 795, 637, 229, 172
track:1165, 793, 639, 229, 172
track:1166, 791, 640, 229, 172
track:1167, 792, 642, 229, 172
track:1168, 781, 643, 229, 172
track:1169, 786, 642, 229, 172
track:1170, 787, 641, 229, 172
init :1171, 761, 638, 346, 168
track:1172, 761, 639, 346, 168
track:1173, 761, 639, 346, 168
track:1174, 762, 639, 346, 168
track:1175, 763, 639, 346, 168
track:1176, 766, 636, 346, 168
track:1177, 767, 636, 346, 168
track:1178, 765, 636, 346, 168
track:1179, 763, 633, 346, 168
track:1180, 768, 631, 346, 168
track:1181, 765, 631, 346, 168
track:1182, 766, 628, 346, 168
track:1183, 761, 627, 346, 168
track:1184, 774, 629, 330, 160
track:1185, 771, 625, 346, 168
init :1186, 775, 638, 396, 137
track:1187, 766, 634, 416, 144
track:1188, 768, 635, 416, 144
track:1189, 771, 634, 416, 144
track:1190, 782, 637, 396, 137
track:1191, 782, 635, 396, 137
track:1192, 781, 634, 396, 137
track:1193, 779, 631, 396, 137
track:1194, 775, 629, 396, 137
track:1195, 775, 629, 396, 137
track:1196, 772, 628, 396, 137
track:1197, 770, 628, 396, 137
track:1198, 776, 629, 377, 130
track:1199, 767, 625, 396, 137
track:1200, 767, 625, 396, 137
init :1201, 798, 630, 364, 109
track:1202, 798, 630, 364, 109
track:1203, 799, 630, 364, 109
track:1204, 813, 633, 347, 104
track:1205, 813, 633, 347, 104
track:1206, 818, 633, 347, 104
track:1207, 822, 634, 347, 104
track:1208, 826, 634, 347, 104
track:1209, 826, 634, 347, 104
track:1210, 833, 634, 347, 104
track:1211, 840, 635, 347, 104
track:1212, 834, 633, 364, 109
track:1213, 833, 633, 364, 109
track:1214, 836, 634, 364, 109
track:1215, 845, 638, 347, 104
init :1216, 876, 643, 323, 101
track:1217, 875, 642, 323, 101
track:1218, 873, 642, 323, 101
track:1219, 880, 644, 308, 96
track:1220, 878, 645, 308, 96
track:1221, 875, 646, 308, 96
track:1222, 873, 647, 308, 96
track:1223, 878, 650, 293, 92
track:1224, 877, 650, 293, 92
track:1225, 879, 651, 293, 92
track:1226, 882, 653, 279, 87
track:1227, 890, 655, 266, 83
track:1228, 888, 656, 266, 83
track:1229, 888, 656, 266, 83
track:1230, 890, 658, 266, 83
init :1231, 909, 659, 267, 98
track:1232, 907, 659, 267, 98
track:1233, 905, 660, 267, 98
track:1234, 911, 664, 254, 93
track:1235, 915, 668, 242, 89
track:1236, 917, 670, 231, 85
track:1237, 913, 669, 231, 85
track:1238, 917, 671, 220, 81
track:1239, 916, 670, 220, 81
track:1240, 920, 672, 209, 77
track:1241, 919, 672, 209, 77
track:1242, 919, 672, 209, 77
track:1243, 912, 670, 220, 81
track:1244, 916, 670, 220, 81
track:1245, 902, 671, 231, 85
init :1246, 941, 669, 184, 93
track:1247, 940, 670, 184, 93
track:1248, 941, 671, 175, 89
track:1249, 940, 670, 175, 89
track:1250, 941, 672, 167, 84
track:1251, 942, 673, 159, 80
track:1252, 933, 672, 159, 80
track:1253, 934, 672, 151, 77
track:1254, 933, 671, 151, 77
track:1255, 927, 670, 151, 77
track:1256, 925, 670, 144, 73
track:1257, 914, 667, 151, 77
track:1258, 899, 664, 159, 80
track:1259, 897, 663, 159, 80
track:1260, 890, 660, 167, 84
init :1261, 793, 589, 73, 51
track:1262, 820, 590, 73, 51
track:1263, 846, 588, 77, 54
track:1264, 847, 588, 77, 54
track:1265, 861, 589, 77, 54
track:1266, 894, 589, 77, 54
track:1267, 918, 589, 77, 54
track:1268, 917, 583, 73, 51
track:1269, 919, 584, 70, 49
track:1270, 940, 586, 70, 49
track:1271, 954, 584, 66, 46
track:1272, 969, 582, 66, 46
track:1273, 971, 587, 66, 46
track:1274, 949, 582, 66, 46
track:1275, 942, 589, 66, 46
init :1276, 923, 656, 124, 75
track:1277, 919, 656, 124, 75
track:1278, 910, 655, 130, 79
track:1279, 911, 655, 130, 79
track:1280, 902, 656, 130, 79
track:1281, 898, 656, 130, 79
track:1282, 890, 657, 130, 79
track:1283, 887, 657, 130, 79
track:1284, 886, 658, 130, 79
track:1285, 877, 658, 130, 79
track:1286, 873, 656, 130, 79
track:1287, 869, 653, 137, 83
track:1288, 868, 653, 137, 83
track:1289, 869, 653, 137, 83
track:1290, 867, 653, 137, 83
init :1291, 867, 659, 143, 75
track:1292, 866, 659, 143, 75
track:1293, 864, 659, 143, 75
track:1294, 864, 659, 143, 75
track:1295, 863, 659, 143, 75
track:1296, 859, 658, 150, 79
track:1297, 863, 658, 143, 75
track:1298, 862, 658, 143, 75
track:1299, 862, 657, 143, 75
track:1300, 863, 658, 143, 75
track:1301, 863, 660, 143, 75
track:1302, 861, 660, 143, 75
track:1303, 860, 661, 143, 75
track:1304, 860, 659, 143, 75
track:1305, 861, 659, 143, 75
init :1306, 867, 662, 152, 64
track:1307, 863, 661, 160, 67
track:1308, 864, 663, 160, 67
track:1309, 869, 665, 152, 64
track:1310, 869, 665, 152, 64
track:1311, 874, 667, 145, 61
track:1312, 874, 668, 145, 61
track:1313, 874, 668, 145, 61
track:1314, 874, 668, 145, 61
track:1315, 874, 669, 145, 61
track:1316, 872, 669, 145, 61
track:1317, 866, 668, 152, 64
track:1318, 865, 668, 152, 64
track:1319, 864, 668, 152, 64
track:1320, 862, 669, 152, 64
init :1321, 858, 672, 166, 54
track:1322, 859, 672, 166, 54
track:1323, 864, 674, 166, 54
track:1324, 867, 675, 158, 51
track:1325, 867, 676, 158, 51
track:1326, 868, 676, 158, 51
track:1327, 867, 676, 166, 54
track:1328, 872, 678, 158, 51
track:1329, 872, 679, 158, 51
track:1330, 871, 679, 158, 51
track:1331, 871, 679, 158, 51
track:1332, 867, 679, 158, 51
track:1333, 863, 679, 158, 51
track:1334, 862, 679, 158, 51
track:1335, 858, 679, 158, 51
init :1336, 853, 677, 175, 51
track:1337, 851, 677, 175, 51
track:1338, 848, 676, 175, 51
track:1339, 848, 676, 175, 51
track:1340, 847, 677, 175, 51
track:1341, 847, 678, 175, 51
track:1342, 846, 678, 175, 51
track:1343, 845, 678, 175, 51
track:1344, 846, 678, 175, 51
track:1345, 845, 679, 175, 51
track:1346, 846, 679, 175, 51
track:1347, 846, 679, 175, 51
track:1348, 845, 680, 175, 51
track:1349, 846, 679, 175, 51
track:1350, 844, 680, 175, 51
init :1351, 849, 680, 175, 49
track:1352, 848, 680, 175, 49
track:1353, 848, 680, 175, 49
track:1354, 848, 680, 175, 49
track:1355, 848, 680, 175, 49
track:1356, 853, 682, 167, 47
track:1357, 857, 683, 159, 44
track:1358, 856, 683, 159, 44
track:1359, 859, 684, 151, 42
track:1360, 858, 684, 151, 42
track:1361, 858, 684, 151, 42
track:1362, 855, 683, 159, 44
track:1363, 852, 683, 167, 47
track:1364, 853, 685, 167, 47
track:1365, 853, 685, 167, 47
init :1366, 849, 687, 180, 54
track:1367, 849, 687, 180, 54
track:1368, 847, 688, 180, 54
track:1369, 847, 688, 180, 54
track:1370, 843, 687, 189, 57
track:1371, 847, 689, 180, 54
track:1372, 846, 690, 180, 54
track:1373, 844, 692, 180, 54
track:1374, 843, 692, 180, 54
track:1375, 836, 690, 189, 57
track:1376, 834, 691, 189, 57
track:1377, 833, 690, 189, 57
track:1378, 832, 692, 189, 57
track:1379, 828, 692, 189, 57
track:1380, 820, 691, 198, 60
init :1381, 816, 695, 193, 62
track:1382, 814, 696, 193, 62
track:1383, 812, 696, 193, 62
track:1384, 810, 697, 193, 62
track:1385, 813, 699, 184, 59
track:1386, 809, 698, 193, 62
track:1387, 810, 699, 193, 62
track:1388, 813, 700, 193, 62
track:1389, 815, 701, 193, 62
track:1390, 817, 702, 193, 62
track:1391, 825, 704, 184, 59
track:1392, 829, 705, 184, 59
track:1393, 833, 707, 184, 59
track:1394, 834, 707, 184, 59
track:1395, 837, 707, 184, 59
init :1396, 840, 708, 198, 64
track:1397, 844, 709, 189, 61
track:1398, 842, 709, 189, 61
track:1399, 841, 709, 189, 61
track:1400, 833, 708, 198, 64
track:1401, 831, 709, 198, 64
track:1402, 820, 708, 208, 67
track:1403, 817, 710, 208, 67
track:1404, 812, 710, 208, 67
track:1405, 809, 710, 208, 67
track:1406, 812, 712, 198, 64
track:1407, 809, 712, 198, 64
track:1408, 802, 711, 208, 67
track:1409, 801, 711, 208, 67
track:1410, 795, 710, 218, 71
init :1411, 793, 713, 230, 75
track:1412, 792, 713, 230, 75
track:1413, 794, 714, 230, 75
track:1414, 794, 715, 230, 75
track:1415, 796, 715, 230, 75
track:1416, 797, 716, 230, 75
track:1417, 797, 715, 230, 75
track:1418, 793, 715, 230, 75
track:1419, 794, 716, 230, 75
track:1420, 793, 716, 230, 75
track:1421, 786, 714, 241, 79
track:1422, 785, 716, 241, 79
track:1423, 786, 717, 241, 79
track:1424, 786, 717, 241, 79
track:1425, 787, 717, 241, 79
init :1426, 793, 719, 244, 90
track:1427, 793, 719, 244, 90
track:1428, 797, 721, 232, 86
track:1429, 796, 721, 232, 86
track:1430, 796, 721, 232, 86
track:1431, 794, 722, 232, 86
track:1432, 796, 724, 232, 86
track:1433, 792, 724, 232, 86
track:1434, 791, 724, 232, 86
track:1435, 790, 727, 232, 86
track:1436, 786, 726, 232, 86
track:1437, 787, 726, 232, 86
track:1438, 787, 728, 232, 86
track:1439, 791, 731, 221, 82
track:1440, 784, 729, 232, 86
init :1441, 784, 724, 244, 109
track:1442, 780, 724, 244, 109
track:1443, 778, 724, 244, 109
track:1444, 777, 724, 244, 109
track:1445, 772, 724, 244, 109
track:1446, 765, 725, 244, 109
track:1447, 762, 724, 244, 109
track:1448, 760, 724, 244, 109
track:1449, 759, 724, 244, 109
track:1450, 760, 722, 244, 109
track:1451, 762, 721, 244, 109
track:1452, 768, 723, 232, 104
track:1453, 769, 719, 244, 109
track:1454, 768, 721, 244, 109
track:1455, 774, 721, 244, 109
init :1456, 807, 711, 221, 140
track:1457, 809, 711, 221, 140
track:1458, 812, 711, 221, 140
track:1459, 813, 711, 221, 140
track:1460, 816, 711, 221, 140
track:1461, 819, 713, 221, 140
track:1462, 827, 717, 210, 133
track:1463, 827, 718, 210, 133
track:1464, 827, 719, 210, 133
track:1465, 830, 719, 210, 133
track:1466, 830, 719, 210, 133
track:1467, 823, 718, 210, 133
track:1468, 825, 717, 210, 133
track:1469, 824, 719, 210, 133
track:1470, 815, 717, 210, 133
init :1471, 853, 693, 161, 163
track:1472, 851, 690, 161, 163
track:1473, 850, 689, 161, 163
track:1474, 846, 687, 161, 163
track:1475, 843, 684, 161, 163
track:1476, 841, 683, 161, 163
track:1477, 841, 681, 161, 163
track:1478, 844, 681, 161, 163
track:1479, 842, 678, 161, 163
track:1480, 842, 675, 161, 163
track:1481, 841, 671, 161, 163
track:1482, 847, 669, 161, 163
track:1483, 843, 664, 169, 171
track:1484, 849, 663, 169, 171
track:1485, 851, 661, 169, 171
init :1486, 858, 654, 230, 168
track:1487, 862, 654, 230, 168
track:1488, 864, 654, 230, 168
track:1489, 869, 653, 230, 168
track:1490, 871, 651, 230, 168
track:1491, 873, 650, 230, 168
track:1492, 875, 647, 230, 168
track:1493, 873, 646, 230, 168
track:1494, 868, 640, 241, 176
track:1495, 867, 636, 241, 176
track:1496, 866, 638, 230, 168
track:1497, 865, 632, 230, 168
track:1498, 858, 631, 230, 168
track:1499, 855, 627, 230, 168
track:1500, 852, 625, 230, 168
init :1501, 835, 641, 300, 132
track:1502, 833, 639, 300, 132
track:1503, 832, 638, 300, 132
track:1504, 830, 636, 300, 132
track:1505, 825, 631, 300, 132
track:1506, 823, 629, 300, 132
track:1507, 822, 626, 300, 132
track:1508, 820, 625, 300, 132
track:1509, 820, 622, 300, 132
track:1510, 819, 620, 300, 132
track:1511, 818, 618, 300, 132
track:1512, 812, 616, 300, 132
track:1513, 818, 618, 286, 126
track:1514, 800, 616, 286, 126
track:1515, 779, 615, 286, 126
init :1516, 770, 623, 295, 109
track:1517, 734, 621, 310, 114
track:1518, 734, 622, 310, 114
track:1519, 716, 624, 295, 109
track:1520, 691, 625, 295, 109
track:1521, 671, 626, 295, 109
track:1522, 659, 626, 295, 109
track:1523, 657, 627, 295, 109
track:1524, 654, 630, 281, 104
track:1525, 651, 630, 281, 104
track:1526, 654, 631, 281, 104
track:1527, 657, 631, 281, 104
track:1528, 659, 630, 281, 104
track:1529, 688, 629, 281, 104
track:1530, 709, 628, 281, 104
init :1531, 761, 633, 249, 85
track:1532, 787, 633, 249, 85
track:1533, 787, 633, 249, 85
track:1534, 818, 635, 237, 81
track:1535, 841, 635, 237, 81
track:1536, 865, 635, 237, 81
track:1537, 881, 635, 237, 81
track:1538, 881, 636, 237, 81
track:1539, 890, 637, 237, 81
track:1540, 892, 636, 249, 85
track:1541, 901, 640, 237, 81
track:1542, 903, 642, 237, 81
track:1543, 910, 644, 226, 77
track:1544, 908, 644, 226, 77
track:1545, 906, 644, 226, 77
init :1546, 904, 651, 226, 75
track:1547, 887, 652, 226, 75
track:1548, 896, 655, 215, 71
track:1549, 891, 656, 215, 71
track:1550, 886, 658, 215, 71
track:1551, 870, 660, 215, 71
track:1552, 867, 660, 215, 71
track:1553, 867, 661, 215, 71
track:1554, 869, 664, 205, 68
track:1555, 872, 666, 195, 65
track:1556, 873, 666, 195, 65
track:1557, 874, 667, 195, 65
track:1558, 876, 668, 195, 65
track:1559, 881, 669, 186, 62
track:1560, 888, 670, 177, 59
init :1561, 900, 667, 189, 70
track:1562, 900, 668, 189, 70
track:1563, 901, 669, 189, 70
track:1564, 902, 669, 189, 70
track:1565, 903, 669, 189, 70
track:1566, 907, 670, 180, 67
track:1567, 906, 671, 180, 67
track:1568, 906, 671, 180, 67
track:1569, 909, 672, 171, 63
track:1570, 907, 673, 171, 63
track:1571, 907, 674, 163, 60
track:1572, 905, 675, 163, 60
track:1573, 905, 675, 163, 60
track:1574, 902, 675, 163, 60
track:1575, 902, 677, 155, 58
init :1576, 913, 672, 147, 75
track:1577, 911, 673, 147, 75
track:1578, 910, 673, 147, 75
track:1579, 909, 673, 147, 75
track:1580, 906, 673, 147, 75
track:1581, 904, 675, 140, 71
track:1582, 901, 676, 140, 71
track:1583, 897, 674, 147, 75
track:1584, 897, 674, 147, 75
track:1585, 894, 675, 147, 75
track:1586, 893, 675, 147, 75
track:1587, 893, 675, 147, 75
track:1588, 892, 675, 147, 75
track:1589, 894, 677, 140, 71
track:1590, 890, 676, 147, 75
init :1591, 904, 680, 129, 72
track:1592, 904, 680, 129, 72
track:1593, 903, 680, 129, 72
track:1594, 902, 681, 129, 72
track:1595, 901, 682, 129, 72
track:1596, 901, 684, 123, 69
track:1599, 898, 684, 123, 69
track:1600, 897, 685, 123, 69
track:1601, 896, 685, 123, 69
track:1602, 894, 684, 123, 69
track:1603, 894, 683, 123, 69
track:1604, 890, 684, 123, 69
track:1605, 887, 683, 123, 69
init :1606, 913, 680, 92, 72
track:1607, 911, 680, 92, 72
track:1608, 911, 681, 92, 72
elapseTime: 19.185
