init :7, 821, 630, 235, 197
track:8, 821, 630, 235, 197
track:9, 822, 630, 235, 197
track:10, 821, 631, 235, 197
track:11, 823, 630, 235, 197
track:12, 823, 630, 235, 197
track:13, 824, 630, 235, 197
track:14, 824, 630, 235, 197
track:15, 824, 630, 235, 197
track:16, 825, 630, 235, 197
track:17, 826, 630, 235, 197
track:18, 825, 630, 235, 197
track:19, 825, 629, 235, 197
track:20, 821, 626, 247, 207
track:21, 820, 626, 247, 207
track:22, 827, 631, 235, 197
track:23, 828, 631, 235, 197
track:24, 827, 631, 235, 197
track:25, 828, 630, 235, 197
track:26, 829, 631, 235, 197
track:27, 829, 631, 235, 197
track:28, 829, 631, 235, 197
track:29, 829, 630, 235, 197
track:30, 829, 630, 235, 197
track:31, 830, 629, 235, 197
track:32, 831, 631, 235, 197
track:33, 829, 630, 235, 197
track:34, 830, 631, 235, 197
track:35, 830, 630, 235, 197
track:36, 830, 631, 235, 197
track:37, 829, 630, 235, 197
track:38, 831, 630, 235, 197
track:39, 830, 630, 235, 197
track:40, 830, 630, 235, 197
track:41, 831, 629, 235, 197
track:42, 830, 631, 235, 197
track:43, 831, 630, 235, 197
track:44, 830, 631, 235, 197
track:45, 832, 630, 235, 197
track:46, 830, 631, 235, 197
track:48, 832, 630, 235, 197
track:49, 830, 630, 235, 197
track:50, 831, 629, 235, 197
track:51, 832, 629, 235, 197
track:52, 831, 628, 235, 197
track:53, 832, 629, 235, 197
track:54, 831, 629, 235, 197
track:55, 832, 629, 235, 197
track:56, 831, 629, 235, 197
track:57, 831, 628, 235, 197
track:58, 831, 629, 235, 197
track:59, 830, 628, 235, 197
track:60, 832, 628, 235, 197
track:61, 831, 630, 235, 197
track:62, 830, 629, 235, 197
track:63, 829, 629, 235, 197
track:64, 830, 629, 235, 197
track:65, 829, 629, 235, 197
track:66, 828, 629, 235, 197
track:67, 829, 628, 235, 197
track:68, 829, 629, 235, 197
track:69, 828, 629, 235, 197
track:70, 829, 628, 235, 197
track:71, 829, 629, 235, 197
track:72, 828, 629, 235, 197
track:73, 828, 629, 235, 197
track:74, 828, 628, 235, 197
init :75, 826, 630, 235, 197
track:76, 826, 630, 235, 197
track:77, 826, 630, 235, 197
track:78, 826, 630, 235, 197
track:79, 826, 629, 235, 197
track:80, 826, 629, 235, 197
track:81, 825, 629, 235, 197
track:82, 826, 630, 235, 197
track:83, 826, 630, 235, 197
track:84, 826, 630, 235, 197
track:85, 826, 630, 235, 197
track:86, 825, 630, 235, 197
track:87, 826, 630, 235, 197
track:88, 826, 631, 235, 197
track:89, 826, 630, 235, 197
track:90, 826, 631, 235, 197
track:91, 825, 631, 235, 197
track:92, 827, 631, 235, 197
track:93, 827, 630, 235, 197
track:94, 826, 630, 235, 197
track:95, 826, 630, 235, 197
track:96, 827, 629, 235, 197
track:97, 827, 629, 235, 197
track:98, 828, 629, 235, 197
track:99, 828, 629, 235, 197
track:100, 829, 628, 235, 197
track:101, 830, 628, 235, 197
track:102, 830, 628, 235, 197
track:103, 831, 627, 235, 197
track:104, 832, 627, 235, 197
track:105, 831, 626, 235, 197
track:106, 832, 626, 235, 197
track:107, 834, 624, 235, 197
track:108, 833, 623, 235, 197
track:109, 833, 622, 235, 197
track:110, 833, 620, 235, 197
track:111, 835, 619, 235, 197
track:112, 834, 617, 235, 197
track:113, 835, 614, 235, 197
track:114, 835, 614, 235, 197
track:115, 835, 612, 235, 197
track:116, 836, 611, 235, 197
track:117, 837, 610, 235, 197
track:120, 840, 606, 235, 197
track:121, 847, 609, 224, 188
track:122, 848, 607, 224, 188
track:123, 846, 605, 224, 188
track:124, 847, 605, 224, 188
track:125, 851, 607, 213, 179
track:126, 849, 604, 213, 179
track:127, 848, 602, 213, 179
track:128, 852, 607, 203, 170
track:129, 850, 606, 203, 170
track:130, 851, 608, 203, 170
track:131, 851, 609, 203, 170
track:132, 854, 613, 203, 170
track:133, 855, 614, 203, 170
track:134, 856, 615, 203, 170
track:135, 855, 616, 203, 170
track:136, 856, 617, 203, 170
track:137, 856, 617, 203, 170
track:138, 858, 618, 203, 170
track:139, 855, 614, 213, 179
track:140, 853, 614, 213, 179
track:141, 858, 617, 203, 170
track:142, 851, 614, 213, 179
track:143, 852, 615, 213, 179
track:144, 849, 615, 213, 179
track:145, 848, 619, 213, 179
track:146, 847, 619, 213, 179
track:147, 847, 620, 213, 179
track:148, 848, 620, 213, 179
init :149, 858, 630, 175, 160
track:150, 858, 633, 175, 160
track:151, 859, 637, 175, 160
track:152, 858, 640, 175, 160
track:153, 859, 642, 175, 160
track:154, 858, 642, 175, 160
track:155, 859, 645, 175, 160
track:156, 858, 645, 175, 160
track:157, 859, 646, 175, 160
track:158, 860, 647, 175, 160
track:159, 861, 647, 175, 160
track:160, 864, 651, 167, 152
track:161, 863, 651, 167, 152
track:162, 861, 650, 167, 152
track:163, 858, 651, 167, 152
track:164, 859, 651, 167, 152
track:165, 859, 652, 167, 152
track:166, 860, 653, 167, 152
track:167, 860, 652, 167, 152
track:168, 861, 652, 167, 152
track:169, 860, 652, 167, 152
track:170, 860, 652, 167, 152
track:171, 863, 651, 167, 152
track:172, 862, 649, 167, 152
track:173, 863, 649, 167, 152
track:174, 863, 649, 167, 152
track:175, 859, 650, 167, 152
track:176, 858, 650, 167, 152
track:177, 859, 650, 167, 152
track:178, 861, 650, 167, 152
track:179, 861, 650, 167, 152
track:180, 863, 652, 167, 152
track:181, 863, 653, 167, 152
track:182, 864, 656, 167, 152
track:183, 866, 658, 167, 152
track:184, 866, 659, 167, 152
track:185, 868, 661, 167, 152
track:186, 867, 660, 167, 152
track:187, 863, 653, 167, 152
track:188, 859, 651, 167, 152
track:189, 858, 650, 167, 152
track:190, 855, 649, 167, 152
track:191, 854, 646, 167, 152
track:192, 854, 643, 167, 152
track:193, 856, 644, 159, 145
track:194, 856, 642, 159, 145
track:195, 857, 641, 159, 145
track:196, 860, 639, 159, 145
track:197, 859, 639, 159, 145
track:198, 857, 638, 159, 145
track:199, 856, 639, 159, 145
track:200, 854, 641, 159, 145
track:201, 853, 641, 159, 145
track:202, 848, 636, 167, 152
track:203, 848, 634, 167, 152
track:204, 848, 633, 167, 152
track:205, 848, 630, 167, 152
track:206, 849, 630, 167, 152
track:207, 846, 628, 167, 152
track:208, 847, 627, 167, 152
track:209, 844, 626, 167, 152
track:210, 843, 623, 167, 152
track:211, 843, 620, 167, 152
track:212, 843, 617, 167, 152
track:213, 843, 617, 167, 152
track:214, 846, 619, 159, 145
track:215, 846, 619, 159, 145
track:216, 846, 618, 159, 145
track:217, 846, 618, 159, 145
track:218, 847, 618, 159, 145
track:219, 846, 619, 159, 145
track:220, 846, 624, 159, 145
track:221, 849, 630, 151, 138
track:222, 849, 631, 151, 138
init :223, 849, 638, 143, 122
track:224, 849, 640, 143, 122
track:225, 849, 643, 143, 122
track:226, 849, 643, 143, 122
track:227, 850, 644, 143, 122
track:228, 849, 644, 143, 122
track:229, 850, 645, 143, 122
track:230, 848, 645, 143, 122
track:231, 849, 645, 143, 122
track:232, 848, 641, 143, 122
track:233, 848, 641, 143, 122
track:234, 846, 641, 143, 122
track:235, 846, 640, 143, 122
track:236, 849, 640, 143, 122
track:237, 853, 642, 136, 116
track:238, 854, 641, 136, 116
track:239, 855, 644, 136, 116
track:240, 856, 646, 136, 116
track:241, 856, 647, 136, 116
track:242, 856, 646, 136, 116
track:243, 860, 649, 130, 111
track:244, 860, 649, 130, 111
track:245, 860, 650, 130, 111
track:246, 859, 651, 130, 111
track:247, 860, 650, 130, 111
track:248, 860, 651, 130, 111
track:249, 860, 651, 130, 111
track:250, 861, 652, 130, 111
track:251, 861, 654, 130, 111
track:252, 861, 656, 130, 111
track:253, 861, 656, 130, 111
track:254, 863, 658, 130, 111
track:255, 863, 662, 130, 111
track:256, 862, 663, 130, 111
track:257, 864, 666, 130, 111
track:258, 864, 667, 130, 111
track:259, 865, 668, 130, 111
track:260, 865, 670, 130, 111
track:261, 865, 671, 130, 111
track:262, 865, 672, 130, 111
track:263, 864, 672, 130, 111
track:264, 864, 674, 130, 111
track:265, 865, 675, 130, 111
track:266, 864, 677, 130, 111
track:267, 864, 679, 130, 111
track:268, 864, 680, 130, 111
track:269, 864, 681, 130, 111
track:270, 865, 682, 130, 111
track:271, 865, 685, 130, 111
track:272, 863, 686, 136, 116
track:273, 863, 687, 136, 116
track:274, 863, 688, 136, 116
track:275, 864, 689, 136, 116
track:276, 865, 692, 136, 116
track:277, 866, 696, 136, 116
track:278, 866, 697, 136, 116
track:279, 866, 696, 136, 116
track:280, 867, 695, 136, 116
track:281, 868, 694, 136, 116
track:282, 867, 693, 143, 122
track:283, 867, 694, 143, 122
track:284, 869, 695, 143, 122
track:285, 871, 697, 143, 122
track:286, 872, 697, 143, 122
track:287, 869, 692, 150, 128
track:288, 866, 689, 158, 135
track:289, 866, 686, 158, 135
track:290, 863, 679, 166, 141
track:291, 862, 671, 166, 141
track:292, 860, 662, 174, 148
track:293, 856, 658, 183, 156
track:294, 857, 658, 183, 156
track:295, 860, 654, 183, 156
track:296, 857, 651, 192, 163
init :297, 858, 641, 198, 189
track:298, 858, 641, 198, 189
track:299, 852, 637, 208, 198
track:300, 850, 638, 208, 198
track:301, 849, 641, 208, 198
track:302, 847, 645, 208, 198
track:303, 841, 641, 218, 208
track:304, 833, 642, 229, 219
track:305, 833, 643, 229, 219
track:306, 833, 643, 229, 219
track:307, 831, 640, 229, 219
track:308, 831, 640, 229, 219
track:309, 824, 632, 241, 230
track:310, 822, 626, 241, 230
track:311, 822, 610, 241, 230
track:312, 821, 601, 241, 230
track:313, 822, 600, 241, 230
track:314, 825, 593, 241, 230
track:315, 823, 585, 241, 230
track:316, 830, 578, 229, 219
track:317, 831, 572, 229, 219
track:318, 832, 572, 229, 219
track:319, 834, 571, 229, 219
track:320, 839, 560, 229, 219
track:321, 846, 558, 218, 208
track:322, 852, 563, 208, 198
track:323, 856, 567, 198, 189
track:324, 856, 571, 198, 189
track:325, 855, 569, 198, 189
track:326, 856, 561, 198, 189
track:327, 853, 561, 198, 189
track:328, 852, 560, 198, 189
track:329, 849, 568, 198, 189
track:330, 847, 575, 198, 189
track:331, 846, 577, 198, 189
track:332, 845, 580, 198, 189
track:333, 844, 582, 198, 189
track:334, 844, 583, 198, 189
track:335, 843, 585, 198, 189
track:336, 843, 588, 198, 189
track:337, 848, 593, 189, 180
track:338, 849, 593, 189, 180
track:339, 850, 589, 189, 180
track:340, 851, 587, 189, 180
track:341, 856, 592, 180, 171
track:342, 856, 590, 180, 171
track:343, 854, 590, 180, 171
track:344, 854, 589, 180, 171
track:345, 859, 587, 171, 163
track:346, 864, 593, 163, 155
track:347, 864, 595, 163, 155
track:348, 863, 595, 163, 155
track:349, 864, 597, 163, 155
track:350, 864, 602, 163, 155
track:351, 864, 606, 163, 155
track:352, 865, 608, 163, 155
track:353, 869, 613, 155, 148
track:354, 868, 615, 155, 148
track:355, 869, 617, 155, 148
track:356, 869, 618, 155, 148
track:357, 868, 618, 155, 148
track:358, 868, 617, 155, 148
track:359, 871, 620, 148, 141
track:360, 869, 620, 148, 141
track:361, 872, 624, 141, 134
track:362, 872, 624, 141, 134
track:363, 872, 624, 141, 134
track:364, 871, 624, 141, 134
track:365, 870, 625, 141, 134
track:366, 873, 628, 134, 128
track:367, 872, 629, 134, 128
track:368, 872, 629, 134, 128
track:369, 872, 630, 134, 128
track:370, 871, 636, 134, 128
init :371, 872, 656, 124, 90
track:372, 872, 659, 124, 90
track:373, 872, 659, 124, 90
track:374, 872, 661, 124, 90
track:375, 870, 661, 124, 90
track:376, 869, 662, 124, 90
track:377, 866, 664, 124, 90
track:378, 865, 664, 124, 90
track:379, 865, 666, 124, 90
track:380, 865, 664, 124, 90
track:381, 862, 662, 130, 94
track:382, 860, 663, 130, 94
track:383, 860, 663, 130, 94
track:384, 858, 663, 130, 94
track:385, 861, 662, 124, 90
track:386, 861, 662, 124, 90
track:387, 863, 663, 118, 86
track:388, 863, 663, 118, 86
track:389, 863, 662, 118, 86
track:390, 862, 663, 118, 86
track:391, 862, 665, 118, 86
track:392, 865, 670, 112, 82
track:393, 866, 670, 112, 82
track:394, 863, 669, 118, 86
track:395, 864, 674, 118, 86
track:396, 865, 679, 118, 86
track:397, 867, 682, 118, 86
track:398, 870, 685, 112, 82
track:399, 871, 689, 112, 82
track:400, 875, 695, 107, 78
track:401, 875, 700, 107, 78
track:402, 876, 706, 107, 78
track:403, 876, 706, 107, 78
track:404, 877, 708, 107, 78
track:405, 879, 708, 107, 78
track:406, 878, 708, 107, 78
track:407, 879, 707, 107, 78
track:408, 880, 707, 107, 78
track:409, 880, 706, 107, 78
track:410, 880, 704, 107, 78
track:411, 880, 701, 107, 78
track:412, 882, 700, 107, 78
track:413, 881, 699, 107, 78
track:414, 881, 698, 107, 78
track:415, 882, 699, 107, 78
track:416, 882, 701, 107, 78
track:417, 882, 702, 107, 78
track:418, 882, 702, 107, 78
track:419, 883, 702, 107, 78
track:420, 881, 703, 107, 78
track:421, 879, 702, 107, 78
track:422, 879, 700, 107, 78
track:423, 879, 700, 107, 78
track:424, 878, 697, 107, 78
track:425, 878, 695, 107, 78
track:426, 877, 693, 107, 78
track:427, 876, 692, 107, 78
track:428, 876, 692, 107, 78
track:429, 875, 691, 107, 78
track:430, 875, 692, 107, 78
track:431, 874, 692, 107, 78
track:432, 874, 692, 107, 78
track:433, 873, 691, 107, 78
track:434, 873, 691, 107, 78
track:435, 872, 692, 107, 78
track:436, 871, 693, 107, 78
track:437, 872, 695, 107, 78
track:438, 871, 695, 107, 78
track:439, 872, 697, 107, 78
track:440, 872, 697, 107, 78
track:441, 873, 697, 107, 78
track:442, 873, 697, 107, 78
track:443, 873, 698, 107, 78
track:444, 872, 698, 107, 78
init :445, 872, 693, 110, 93
track:446, 872, 694, 110, 93
track:447, 873, 693, 110, 93
track:448, 873, 693, 110, 93
track:449, 873, 692, 110, 93
track:450, 874, 691, 110, 93
track:451, 874, 693, 110, 93
track:452, 875, 695, 110, 93
track:453, 876, 695, 110, 93
track:454, 877, 695, 110, 93
track:455, 878, 696, 110, 93
track:456, 878, 696, 110, 93
track:457, 878, 695, 110, 93
track:458, 878, 695, 110, 93
track:459, 877, 695, 110, 93
track:460, 877, 693, 110, 93
track:461, 876, 690, 115, 98
track:462, 877, 690, 115, 98
track:463, 874, 687, 121, 103
track:464, 874, 684, 121, 103
track:465, 873, 682, 121, 103
track:466, 873, 682, 121, 103
track:467, 873, 683, 121, 103
track:468, 873, 683, 121, 103
track:469, 872, 684, 121, 103
track:470, 874, 685, 121, 103
track:471, 876, 687, 121, 103
track:472, 876, 687, 121, 103
track:473, 875, 688, 121, 103
track:474, 876, 691, 121, 103
track:475, 875, 689, 127, 108
track:476, 877, 688, 127, 108
track:477, 878, 688, 127, 108
track:478, 879, 687, 127, 108
track:479, 878, 683, 134, 113
track:480, 880, 674, 134, 113
track:481, 881, 671, 134, 113
track:482, 881, 671, 134, 113
track:483, 881, 659, 140, 119
track:484, 879, 655, 147, 125
track:485, 880, 656, 147, 125
track:486, 881, 660, 147, 125
track:487, 881, 660, 147, 125
track:488, 880, 665, 147, 125
track:490, 873, 665, 155, 131
track:491, 872, 667, 155, 131
track:492, 870, 667, 155, 131
track:493, 869, 667, 155, 131
track:494, 864, 664, 163, 137
track:495, 861, 657, 163, 137
track:496, 859, 653, 163, 137
track:497, 859, 651, 163, 137
track:498, 857, 649, 163, 137
track:499, 855, 646, 163, 137
track:500, 856, 640, 163, 137
track:501, 855, 636, 163, 137
track:502, 855, 637, 163, 137
track:503, 855, 633, 163, 137
track:504, 855, 632, 163, 137
track:505, 853, 632, 163, 137
track:506, 853, 632, 163, 137
track:507, 853, 631, 163, 137
track:508, 852, 629, 163, 137
track:509, 853, 625, 163, 137
track:510, 853, 622, 163, 137
track:511, 851, 620, 163, 137
track:512, 852, 619, 163, 137
track:513, 851, 619, 163, 137
track:514, 852, 621, 163, 137
track:515, 852, 622, 163, 137
track:516, 851, 620, 163, 137
track:517, 851, 620, 163, 137
track:518, 850, 617, 163, 137
init :519, 853, 628, 156, 116
track:520, 854, 628, 156, 116
track:521, 855, 627, 156, 116
track:522, 854, 627, 156, 116
track:523, 854, 629, 156, 116
track:524, 855, 632, 156, 116
track:525, 856, 633, 156, 116
track:526, 857, 635, 156, 116
track:527, 857, 635, 156, 116
track:528, 860, 637, 149, 110
track:529, 860, 636, 149, 110
track:530, 865, 636, 141, 105
track:531, 865, 635, 141, 105
track:532, 868, 637, 135, 100
track:533, 871, 638, 135, 100
track:534, 871, 639, 135, 100
track:535, 874, 642, 128, 95
track:536, 874, 643, 128, 95
track:537, 873, 644, 128, 95
track:538, 874, 645, 128, 95
track:539, 874, 647, 128, 95
track:540, 875, 647, 128, 95
track:543, 872, 648, 128, 95
track:544, 871, 648, 128, 95
track:546, 871, 656, 122, 91
track:547, 871, 655, 122, 91
track:548, 870, 657, 122, 91
track:549, 873, 663, 116, 87
track:550, 876, 666, 111, 82
track:551, 877, 669, 106, 79
track:552, 877, 669, 106, 79
track:553, 876, 669, 106, 79
track:554, 875, 669, 106, 79
track:555, 874, 669, 106, 79
track:556, 874, 669, 106, 79
track:557, 874, 669, 106, 79
track:558, 873, 674, 106, 79
track:559, 873, 677, 106, 79
track:560, 874, 680, 106, 79
track:561, 874, 683, 106, 79
track:562, 874, 684, 106, 79
track:563, 874, 686, 106, 79
track:564, 873, 688, 106, 79
track:565, 873, 689, 106, 79
track:566, 875, 692, 101, 75
track:567, 876, 693, 101, 75
track:568, 877, 695, 101, 75
track:569, 878, 697, 101, 75
track:570, 877, 700, 101, 75
track:571, 877, 702, 101, 75
track:572, 876, 702, 101, 75
track:573, 878, 706, 101, 75
track:574, 879, 707, 101, 75
track:575, 879, 707, 101, 75
track:576, 879, 705, 101, 75
track:577, 878, 704, 101, 75
track:578, 879, 702, 101, 75
track:579, 879, 700, 101, 75
track:580, 881, 700, 101, 75
track:581, 881, 700, 101, 75
track:582, 881, 700, 101, 75
track:583, 881, 703, 101, 75
track:584, 881, 703, 101, 75
track:585, 881, 704, 101, 75
track:586, 880, 704, 101, 75
track:587, 881, 704, 101, 75
track:588, 881, 705, 101, 75
track:589, 882, 705, 101, 75
track:590, 881, 704, 101, 75
track:591, 879, 705, 101, 75
track:592, 878, 705, 101, 75
init :593, 872, 693, 110, 93
track:594, 872, 692, 110, 93
track:595, 873, 683, 110, 93
track:596, 873, 682, 110, 93
track:597, 873, 681, 110, 93
track:598, 872, 677, 110, 93
track:599, 871, 670, 110, 93
track:600, 872, 667, 110, 93
track:601, 872, 666, 110, 93
track:602, 872, 666, 110, 93
track:603, 872, 666, 110, 93
track:604, 869, 659, 115, 98
track:605, 869, 656, 115, 98
track:606, 868, 655, 115, 98
track:607, 869, 655, 115, 98
track:608, 869, 655, 115, 98
track:609, 869, 654, 115, 98
track:610, 869, 656, 115, 98
track:611, 870, 660, 115, 98
track:612, 870, 660, 115, 98
track:613, 869, 662, 115, 98
track:614, 866, 662, 121, 103
track:615, 867, 664, 121, 103
track:616, 866, 666, 121, 103
track:617, 867, 668, 121, 103
track:618, 866, 667, 121, 103
track:619, 867, 666, 121, 103
track:620, 868, 665, 121, 103
track:621, 869, 664, 121, 103
track:622, 868, 664, 121, 103
track:623, 868, 663, 121, 103
track:624, 867, 661, 121, 103
track:625, 867, 661, 121, 103
track:626, 869, 662, 121, 103
track:627, 866, 661, 127, 108
track:628, 867, 662, 127, 108
track:629, 866, 662, 127, 108
track:630, 862, 656, 134, 113
track:631, 862, 656, 134, 113
track:632, 862, 655, 134, 113
track:633, 861, 657, 140, 119
track:634, 861, 660, 140, 119
track:635, 861, 662, 140, 119
track:636, 863, 663, 140, 119
track:637, 863, 663, 140, 119
track:638, 865, 664, 140, 119
track:639, 866, 665, 140, 119
track:640, 866, 664, 140, 119
track:641, 866, 662, 140, 119
track:642, 866, 662, 140, 119
track:643, 867, 660, 140, 119
track:644, 867, 658, 140, 119
track:645, 866, 651, 140, 119
track:646, 867, 649, 140, 119
track:647, 867, 649, 140, 119
track:648, 867, 647, 140, 119
track:649, 867, 648, 140, 119
track:650, 869, 648, 140, 119
track:651, 871, 649, 140, 119
track:652, 871, 649, 140, 119
track:653, 871, 648, 140, 119
track:654, 872, 650, 140, 119
track:655, 873, 652, 140, 119
track:656, 875, 655, 140, 119
track:657, 875, 656, 140, 119
track:658, 876, 658, 140, 119
track:659, 877, 658, 140, 119
track:660, 877, 657, 140, 119
track:661, 878, 656, 140, 119
track:662, 877, 657, 140, 119
track:663, 879, 656, 140, 119
track:664, 880, 655, 140, 119
track:665, 881, 652, 140, 119
track:666, 881, 651, 140, 119
init :667, 881, 654, 138, 116
track:668, 879, 650, 145, 122
track:669, 879, 649, 145, 122
track:670, 879, 649, 145, 122
track:671, 878, 650, 145, 122
track:672, 877, 650, 145, 122
track:673, 876, 650, 145, 122
track:674, 874, 649, 145, 122
track:675, 874, 648, 145, 122
track:676, 873, 648, 145, 122
track:677, 872, 648, 145, 122
track:678, 870, 651, 145, 122
track:679, 871, 660, 145, 122
track:680, 873, 666, 145, 122
track:681, 872, 668, 145, 122
track:682, 871, 670, 145, 122
track:683, 870, 668, 145, 122
track:684, 867, 668, 145, 122
track:685, 868, 670, 145, 122
track:686, 868, 672, 145, 122
track:687, 869, 673, 145, 122
track:688, 867, 672, 145, 122
track:689, 866, 670, 145, 122
track:690, 865, 669, 145, 122
track:691, 864, 667, 145, 122
track:692, 863, 667, 145, 122
track:693, 864, 665, 145, 122
track:694, 864, 664, 145, 122
track:695, 864, 664, 145, 122
track:696, 862, 663, 145, 122
track:697, 863, 662, 145, 122
track:698, 860, 661, 145, 122
track:699, 858, 662, 145, 122
track:700, 857, 662, 145, 122
track:701, 858, 665, 145, 122
track:702, 858, 665, 145, 122
track:703, 858, 668, 145, 122
track:704, 856, 674, 145, 122
track:705, 855, 677, 145, 122
track:706, 855, 680, 145, 122
track:707, 854, 680, 145, 122
track:708, 854, 682, 145, 122
track:709, 854, 682, 145, 122
track:710, 854, 679, 145, 122
track:711, 854, 679, 145, 122
track:712, 854, 677, 145, 122
track:713, 854, 677, 145, 122
track:714, 852, 675, 145, 122
track:715, 853, 677, 145, 122
track:716, 853, 678, 145, 122
track:717, 853, 680, 145, 122
track:718, 854, 679, 145, 122
track:719, 855, 679, 145, 122
track:720, 855, 680, 145, 122
track:721, 855, 680, 145, 122
track:722, 855, 680, 145, 122
track:723, 855, 680, 145, 122
track:724, 855, 676, 145, 122
track:725, 853, 670, 152, 128
track:726, 853, 669, 152, 128
track:727, 853, 668, 152, 128
track:728, 854, 665, 152, 128
track:729, 853, 661, 152, 128
track:730, 854, 658, 152, 128
track:731, 855, 657, 152, 128
track:732, 855, 657, 152, 128
track:733, 855, 656, 152, 128
track:734, 856, 651, 152, 128
track:735, 853, 644, 160, 134
track:736, 854, 644, 160, 134
track:737, 854, 641, 160, 134
track:738, 852, 641, 160, 134
track:739, 852, 641, 160, 134
track:740, 854, 642, 160, 134
init :741, 853, 638, 166, 124
track:742, 849, 636, 174, 130
track:743, 847, 638, 174, 130
track:744, 847, 637, 174, 130
track:745, 849, 636, 174, 130
track:746, 848, 636, 174, 130
track:747, 853, 637, 166, 124
track:748, 852, 627, 166, 124
track:749, 851, 623, 166, 124
track:750, 849, 622, 166, 124
track:751, 849, 622, 166, 124
track:752, 849, 624, 166, 124
track:753, 851, 625, 166, 124
track:754, 853, 625, 166, 124
track:755, 855, 625, 166, 124
track:756, 855, 625, 166, 124
track:757, 860, 628, 158, 118
track:758, 855, 622, 166, 124
track:759, 854, 623, 166, 124
track:760, 855, 627, 166, 124
track:761, 855, 628, 166, 124
track:762, 857, 629, 166, 124
track:763, 864, 631, 158, 118
track:764, 864, 631, 158, 118
track:765, 866, 634, 151, 112
track:766, 866, 634, 151, 112
track:767, 865, 634, 151, 112
track:768, 865, 636, 151, 112
track:769, 866, 637, 151, 112
track:770, 869, 647, 151, 112
track:771, 870, 647, 151, 112
track:772, 870, 647, 151, 112
track:773, 871, 645, 151, 112
track:774, 873, 645, 151, 112
track:775, 874, 646, 151, 112
track:776, 873, 646, 151, 112
track:777, 873, 645, 151, 112
track:778, 875, 645, 151, 112
track:779, 875, 644, 151, 112
track:780, 879, 647, 143, 107
track:781, 879, 647, 143, 107
track:782, 879, 647, 143, 107
track:783, 880, 647, 143, 107
track:784, 880, 646, 143, 107
track:785, 882, 649, 137, 102
track:786, 882, 649, 137, 102
track:787, 880, 649, 137, 102
track:788, 880, 650, 137, 102
track:789, 879, 650, 137, 102
track:790, 879, 650, 137, 102
track:791, 878, 651, 137, 102
track:792, 878, 649, 137, 102
track:793, 878, 650, 137, 102
track:794, 882, 653, 130, 97
track:795, 882, 657, 130, 97
track:796, 882, 657, 130, 97
track:797, 882, 658, 130, 97
track:798, 882, 657, 130, 97
track:799, 882, 657, 130, 97
track:800, 882, 658, 130, 97
track:801, 882, 659, 130, 97
track:802, 877, 657, 137, 102
track:803, 878, 658, 137, 102
track:804, 878, 659, 137, 102
track:805, 877, 659, 137, 102
track:806, 876, 659, 137, 102
track:807, 876, 659, 137, 102
track:808, 875, 660, 137, 102
track:809, 876, 662, 137, 102
track:810, 876, 664, 137, 102
track:811, 876, 665, 137, 102
track:812, 875, 666, 137, 102
track:813, 873, 666, 137, 102
track:814, 875, 668, 130, 97
init :815, 863, 667, 143, 103
track:816, 863, 667, 143, 103
track:817, 863, 670, 143, 103
track:818, 862, 676, 143, 103
track:819, 859, 676, 150, 108
track:820, 857, 687, 150, 108
track:821, 853, 685, 158, 114
track:822, 852, 686, 158, 114
track:823, 851, 685, 158, 114
track:824, 850, 684, 158, 114
track:825, 850, 684, 158, 114
track:826, 850, 684, 158, 114
track:827, 849, 689, 158, 114
track:828, 849, 694, 158, 114
track:829, 850, 696, 158, 114
track:830, 852, 698, 158, 114
track:831, 853, 698, 158, 114
track:832, 853, 698, 158, 114
track:833, 851, 695, 166, 119
track:834, 851, 688, 166, 119
track:835, 850, 678, 166, 119
track:836, 852, 678, 166, 119
track:837, 847, 671, 174, 125
track:838, 846, 669, 174, 125
track:839, 846, 665, 174, 125
track:840, 843, 661, 174, 125
track:841, 842, 660, 174, 125
track:842, 840, 659, 174, 125
track:843, 838, 655, 174, 125
track:844, 831, 649, 183, 131
track:845, 826, 636, 183, 131
track:846, 821, 631, 192, 138
track:847, 820, 625, 192, 138
track:848, 821, 618, 192, 138
track:849, 819, 617, 192, 138
track:850, 814, 612, 201, 145
track:851, 814, 612, 201, 145
track:852, 817, 606, 201, 145
track:853, 821, 604, 201, 145
track:854, 824, 605, 201, 145
track:855, 823, 610, 201, 145
track:856, 823, 610, 201, 145
track:857, 823, 611, 201, 145
track:858, 825, 609, 201, 145
track:859, 827, 605, 201, 145
track:860, 826, 603, 201, 145
track:861, 826, 602, 201, 145
track:862, 825, 604, 201, 145
track:863, 826, 608, 201, 145
track:864, 827, 615, 201, 145
track:865, 827, 622, 201, 145
track:866, 827, 621, 201, 145
track:867, 831, 629, 192, 138
track:868, 831, 631, 192, 138
track:869, 835, 634, 183, 131
track:870, 837, 638, 183, 131
track:871, 837, 639, 183, 131
track:872, 838, 640, 183, 131
track:873, 838, 641, 183, 131
track:874, 838, 640, 183, 131
track:875, 839, 640, 183, 131
track:876, 845, 643, 174, 125
track:877, 846, 645, 174, 125
track:878, 851, 647, 166, 119
track:879, 853, 647, 166, 119
track:880, 853, 647, 166, 119
track:881, 853, 647, 166, 119
track:882, 853, 646, 166, 119
track:883, 856, 646, 166, 119
track:884, 862, 647, 158, 114
track:885, 863, 647, 158, 114
track:886, 867, 650, 150, 108
track:887, 869, 652, 150, 108
track:888, 870, 652, 150, 108
init :889, 876, 649, 133, 119
track:890, 878, 649, 133, 119
track:891, 878, 649, 133, 119
track:892, 880, 648, 133, 119
track:893, 881, 648, 133, 119
track:894, 881, 647, 133, 119
track:895, 882, 648, 133, 119
track:896, 882, 648, 133, 119
track:897, 882, 648, 133, 119
track:898, 881, 647, 133, 119
track:899, 878, 646, 133, 119
track:900, 881, 649, 127, 113
track:901, 880, 649, 127, 113
track:902, 883, 654, 121, 108
track:903, 885, 656, 115, 103
track:904, 882, 654, 121, 108
track:905, 883, 654, 121, 108
track:906, 882, 654, 121, 108
track:907, 856, 635, 121, 108
track:908, 853, 638, 115, 103
track:909, 856, 651, 109, 98
track:910, 856, 656, 109, 98
track:911, 856, 653, 115, 103
track:912, 851, 655, 121, 108
track:913, 852, 660, 121, 108
track:914, 854, 661, 121, 108
track:915, 854, 666, 121, 108
track:916, 857, 665, 121, 108
track:917, 858, 667, 121, 108
track:918, 859, 669, 121, 108
track:919, 863, 673, 115, 103
track:920, 859, 674, 115, 103
track:921, 861, 676, 109, 98
track:922, 859, 676, 109, 98
track:923, 853, 678, 104, 93
track:924, 850, 677, 104, 93
track:925, 841, 676, 104, 93
track:926, 839, 676, 104, 93
track:927, 836, 677, 104, 93
track:928, 827, 676, 104, 93
track:929, 821, 676, 104, 93
track:930, 816, 672, 109, 98
track:931, 815, 671, 109, 98
track:932, 812, 670, 109, 98
track:933, 814, 670, 104, 93
track:934, 811, 668, 104, 93
track:935, 811, 663, 104, 93
track:936, 811, 663, 104, 93
track:937, 812, 662, 104, 93
track:938, 812, 659, 104, 93
track:939, 812, 657, 104, 93
track:940, 812, 656, 104, 93
track:941, 812, 655, 104, 93
track:942, 811, 654, 104, 93
track:943, 810, 652, 104, 93
track:944, 808, 653, 104, 93
track:945, 807, 652, 104, 93
track:946, 807, 651, 104, 93
track:947, 801, 652, 104, 93
track:948, 798, 653, 104, 93
track:949, 790, 651, 109, 98
track:950, 789, 655, 104, 93
track:951, 788, 656, 104, 93
track:952, 787, 657, 104, 93
track:953, 784, 658, 104, 93
track:954, 781, 659, 104, 93
track:955, 778, 660, 104, 93
track:956, 777, 660, 104, 93
track:957, 777, 662, 104, 93
track:958, 776, 662, 104, 93
track:959, 774, 663, 104, 93
track:960, 774, 663, 104, 93
track:961, 772, 664, 104, 93
track:962, 770, 665, 104, 93
init :963, 738, 586, 392, 236
track:964, 735, 587, 392, 236
track:965, 734, 587, 392, 236
track:966, 733, 588, 392, 236
track:967, 730, 590, 392, 236
track:968, 729, 589, 392, 236
track:969, 726, 590, 392, 236
track:970, 724, 590, 392, 236
track:971, 720, 590, 392, 236
track:972, 714, 592, 392, 236
track:973, 712, 592, 392, 236
track:974, 709, 591, 392, 236
track:975, 711, 591, 392, 236
track:976, 707, 590, 392, 236
track:977, 702, 591, 392, 236
track:978, 702, 593, 392, 236
track:979, 701, 594, 392, 236
track:980, 701, 595, 392, 236
track:981, 709, 601, 373, 225
track:982, 707, 603, 373, 225
track:983, 711, 603, 373, 225
track:984, 711, 604, 373, 225
track:985, 711, 604, 373, 225
track:986, 711, 605, 373, 225
track:987, 711, 605, 373, 225
track:988, 711, 606, 373, 225
track:989, 710, 605, 373, 225
track:990, 713, 604, 373, 225
track:991, 715, 604, 373, 225
track:992, 716, 603, 373, 225
track:993, 717, 602, 373, 225
track:994, 712, 603, 373, 225
track:995, 713, 601, 373, 225
track:996, 716, 606, 356, 214
track:997, 728, 607, 339, 204
track:998, 728, 605, 339, 204
track:999, 733, 604, 339, 204
track:1000, 733, 601, 339, 204
track:1001, 742, 605, 322, 194
track:1002, 747, 604, 322, 194
track:1003, 754, 596, 322, 194
track:1004, 761, 594, 322, 194
track:1005, 761, 594, 322, 194
track:1006, 758, 588, 339, 204
track:1007, 759, 585, 339, 204
track:1008, 760, 582, 339, 204
track:1009, 758, 580, 339, 204
track:1010, 757, 582, 339, 204
track:1011, 757, 579, 339, 204
track:1012, 755, 578, 339, 204
track:1013, 756, 580, 322, 194
track:1014, 750, 580, 322, 194
track:1015, 750, 580, 322, 194
track:1016, 748, 581, 322, 194
track:1017, 748, 579, 322, 194
track:1018, 743, 578, 322, 194
track:1019, 738, 577, 322, 194
track:1020, 742, 577, 322, 194
track:1021, 738, 577, 322, 194
track:1022, 746, 581, 307, 185
track:1023, 745, 581, 307, 185
track:1024, 744, 580, 307, 185
track:1025, 742, 579, 307, 185
track:1026, 741, 579, 307, 185
track:1027, 747, 583, 293, 176
track:1028, 750, 589, 279, 168
track:1029, 745, 590, 279, 168
track:1030, 743, 591, 279, 168
track:1031, 740, 591, 279, 168
track:1032, 734, 592, 279, 168
track:1033, 735, 598, 265, 160
track:1034, 730, 599, 265, 160
track:1035, 728, 600, 265, 160
track:1036, 726, 602, 265, 160
init :1037, 743, 599, 433, 153
track:1038, 731, 596, 455, 161
track:1039, 729, 598, 455, 161
track:1040, 730, 598, 455, 161
track:1041, 740, 605, 433, 153
track:1042, 739, 606, 433, 153
track:1043, 745, 610, 412, 146
track:1044, 745, 614, 412, 146
track:1045, 745, 612, 412, 146
track:1046, 755, 618, 393, 139
track:1047, 757, 620, 393, 139
track:1048, 753, 616, 412, 146
track:1049, 757, 614, 412, 146
track:1050, 759, 613, 412, 146
track:1051, 752, 608, 433, 153
track:1052, 757, 607, 433, 153
track:1053, 772, 607, 412, 146
track:1054, 781, 610, 412, 146
track:1055, 774, 607, 433, 153
track:1056, 792, 610, 412, 146
track:1057, 796, 608, 412, 146
track:1058, 799, 611, 412, 146
track:1059, 796, 610, 412, 146
track:1060, 799, 612, 412, 146
track:1061, 797, 612, 412, 146
track:1062, 796, 611, 412, 146
track:1063, 795, 612, 412, 146
track:1064, 792, 612, 412, 146
track:1065, 789, 612, 412, 146
track:1066, 783, 612, 412, 146
track:1067, 774, 614, 412, 146
track:1068, 765, 613, 412, 146
track:1069, 759, 613, 412, 146
track:1070, 753, 611, 412, 146
track:1071, 750, 612, 412, 146
track:1072, 734, 615, 412, 146
track:1073, 714, 615, 412, 146
track:1074, 704, 615, 412, 146
track:1075, 703, 615, 412, 146
track:1076, 694, 615, 412, 146
track:1077, 684, 615, 412, 146
track:1078, 669, 615, 412, 146
track:1079, 663, 616, 412, 146
track:1080, 656, 616, 412, 146
track:1081, 651, 617, 412, 146
track:1082, 655, 621, 393, 139
track:1083, 649, 621, 393, 139
track:1084, 644, 621, 393, 139
track:1085, 638, 619, 412, 146
track:1086, 646, 621, 393, 139
track:1087, 641, 621, 393, 139
track:1088, 641, 617, 412, 146
track:1089, 637, 618, 412, 146
track:1090, 635, 619, 412, 146
track:1091, 637, 619, 412, 146
track:1092, 636, 622, 412, 146
track:1093, 640, 622, 412, 146
track:1094, 636, 625, 412, 146
track:1095, 632, 621, 433, 153
track:1096, 617, 618, 455, 161
track:1097, 627, 620, 455, 161
track:1098, 629, 621, 455, 161
track:1099, 633, 625, 433, 153
track:1100, 636, 624, 433, 153
track:1101, 635, 623, 433, 153
track:1102, 631, 623, 433, 153
track:1103, 645, 626, 412, 146
track:1104, 644, 626, 412, 146
track:1105, 646, 626, 412, 146
track:1106, 653, 630, 393, 139
track:1107, 653, 629, 393, 139
track:1108, 650, 629, 393, 139
track:1109, 640, 632, 393, 139
track:1110, 640, 633, 393, 139
init :1111, 692, 633, 447, 166
track:1112, 693, 634, 447, 166
track:1113, 688, 634, 447, 166
track:1114, 683, 633, 447, 166
track:1115, 696, 638, 426, 158
track:1116, 699, 639, 426, 158
track:1117, 693, 639, 426, 158
track:1118, 700, 644, 405, 151
track:1119, 695, 644, 405, 151
track:1120, 694, 642, 405, 151
track:1121, 693, 645, 405, 151
track:1122, 688, 644, 405, 151
track:1123, 689, 646, 405, 151
track:1124, 696, 650, 386, 143
track:1125, 693, 650, 386, 143
track:1126, 699, 651, 386, 143
track:1127, 696, 652, 386, 143
track:1128, 704, 654, 368, 137
track:1129, 715, 658, 368, 137
track:1130, 705, 657, 368, 137
track:1131, 707, 659, 368, 137
track:1132, 718, 656, 368, 137
track:1133, 789, 663, 350, 130
track:1134, 798, 671, 334, 124
track:1135, 831, 671, 334, 124
track:1136, 874, 684, 318, 118
track:1137, 881, 692, 318, 118
track:1138, 903, 710, 303, 112
track:1139, 884, 705, 318, 118
track:1140, 881, 707, 318, 118
track:1141, 863, 700, 334, 124
track:1142, 853, 698, 334, 124
track:1143, 848, 696, 334, 124
track:1144, 827, 690, 334, 124
track:1145, 819, 687, 350, 130
track:1146, 814, 687, 350, 130
track:1147, 812, 685, 350, 130
track:1148, 812, 687, 350, 130
track:1149, 812, 689, 350, 130
track:1150, 811, 685, 350, 130
track:1151, 799, 684, 350, 130
track:1152, 785, 686, 368, 137
track:1153, 771, 681, 386, 143
track:1154, 767, 675, 405, 151
track:1155, 755, 667, 426, 158
track:1156, 747, 661, 447, 166
track:1157, 754, 658, 447, 166
track:1158, 766, 663, 426, 158
track:1159, 757, 661, 447, 166
track:1160, 754, 661, 469, 174
track:1161, 755, 659, 469, 174
track:1162, 771, 658, 469, 174
track:1163, 779, 659, 447, 166
track:1164, 778, 654, 469, 174
track:1165, 779, 656, 469, 174
track:1166, 775, 655, 469, 174
track:1167, 782, 656, 469, 174
track:1168, 766, 648, 493, 183
track:1169, 777, 645, 493, 183
track:1170, 783, 646, 493, 183
track:1171, 787, 644, 493, 183
track:1172, 778, 640, 517, 192
track:1173, 782, 639, 517, 192
track:1174, 781, 640, 517, 192
track:1175, 784, 642, 517, 192
track:1176, 793, 640, 517, 192
track:1177, 788, 639, 517, 192
track:1178, 799, 638, 517, 192
track:1179, 791, 627, 543, 202
track:1180, 795, 631, 543, 202
track:1181, 788, 628, 570, 212
track:1182, 804, 628, 570, 212
track:1183, 806, 627, 570, 212
track:1184, 805, 627, 570, 212
init :1185, 775, 638, 392, 140
track:1186, 778, 637, 392, 140
track:1187, 779, 637, 392, 140
track:1188, 783, 636, 392, 140
track:1189, 776, 633, 412, 147
track:1190, 777, 632, 412, 147
track:1191, 778, 629, 412, 147
track:1192, 776, 627, 412, 147
track:1193, 774, 625, 412, 147
track:1194, 769, 623, 412, 147
track:1195, 768, 622, 412, 147
track:1196, 779, 626, 392, 140
track:1197, 783, 626, 373, 133
track:1198, 788, 629, 356, 127
track:1199, 786, 628, 356, 127
track:1200, 778, 622, 373, 133
track:1201, 763, 618, 392, 140
track:1202, 768, 616, 392, 140
track:1203, 783, 619, 373, 133
track:1204, 794, 623, 356, 127
track:1205, 801, 626, 339, 121
track:1206, 798, 624, 356, 127
track:1207, 807, 628, 339, 121
track:1208, 820, 629, 322, 115
track:1209, 823, 630, 322, 115
track:1210, 829, 630, 322, 115
track:1211, 829, 629, 339, 121
track:1212, 827, 629, 339, 121
track:1213, 832, 630, 339, 121
track:1214, 832, 630, 339, 121
track:1215, 843, 633, 322, 115
track:1216, 841, 635, 322, 115
track:1217, 840, 635, 322, 115
track:1218, 844, 635, 322, 115
track:1219, 847, 639, 307, 110
track:1220, 854, 641, 293, 104
track:1221, 854, 642, 293, 104
track:1222, 845, 641, 307, 110
track:1223, 844, 643, 307, 110
track:1224, 849, 646, 293, 104
track:1225, 850, 646, 293, 104
track:1226, 852, 645, 293, 104
track:1227, 855, 645, 293, 104
track:1228, 860, 641, 293, 104
track:1229, 871, 644, 279, 99
track:1230, 876, 645, 279, 99
track:1231, 880, 646, 279, 99
track:1232, 872, 648, 279, 99
track:1233, 874, 648, 279, 99
track:1234, 884, 649, 279, 99
track:1235, 882, 650, 279, 99
track:1236, 876, 651, 279, 99
track:1237, 864, 648, 293, 104
track:1238, 871, 650, 279, 99
track:1239, 875, 650, 279, 99
track:1240, 884, 654, 265, 95
track:1241, 882, 657, 265, 95
track:1242, 886, 658, 265, 95
track:1243, 894, 661, 253, 90
track:1244, 901, 662, 241, 86
track:1245, 897, 664, 241, 86
track:1246, 900, 665, 241, 86
track:1247, 898, 668, 241, 86
track:1248, 908, 672, 241, 86
track:1249, 899, 673, 241, 86
track:1250, 898, 676, 241, 86
track:1251, 899, 676, 229, 82
track:1252, 916, 677, 218, 78
track:1253, 900, 677, 218, 78
track:1254, 899, 677, 218, 78
track:1255, 897, 677, 218, 78
track:1256, 903, 678, 208, 74
track:1257, 895, 675, 208, 74
track:1258, 899, 676, 198, 71
init :1259, 941, 662, 115, 88
track:1260, 939, 661, 115, 88
track:1261, 934, 659, 115, 88
track:1262, 929, 658, 115, 88
track:1263, 927, 658, 115, 88
track:1264, 924, 658, 115, 88
track:1265, 924, 658, 115, 88
track:1266, 925, 657, 115, 88
track:1267, 925, 655, 115, 88
track:1268, 921, 653, 115, 88
track:1269, 922, 653, 115, 88
track:1270, 919, 652, 115, 88
track:1271, 921, 653, 110, 84
track:1272, 918, 652, 110, 84
track:1273, 913, 651, 110, 84
track:1274, 913, 652, 110, 84
track:1275, 909, 652, 110, 84
track:1276, 902, 653, 110, 84
track:1277, 899, 652, 110, 84
track:1278, 891, 653, 110, 84
track:1279, 892, 655, 104, 80
track:1280, 886, 657, 104, 80
track:1281, 880, 657, 104, 80
track:1282, 873, 658, 104, 80
track:1283, 873, 660, 99, 76
track:1284, 873, 660, 99, 76
track:1285, 866, 663, 95, 72
track:1286, 859, 663, 95, 72
track:1287, 857, 662, 95, 72
track:1288, 855, 659, 99, 76
track:1289, 854, 658, 99, 76
track:1290, 854, 658, 99, 76
track:1291, 852, 658, 99, 76
track:1292, 850, 657, 99, 76
track:1293, 850, 657, 99, 76
track:1294, 848, 658, 99, 76
track:1295, 849, 658, 99, 76
track:1296, 846, 657, 99, 76
track:1297, 846, 656, 99, 76
track:1298, 847, 659, 95, 72
track:1299, 848, 659, 95, 72
track:1300, 848, 659, 95, 72
track:1301, 846, 660, 95, 72
track:1302, 845, 660, 95, 72
track:1303, 844, 659, 95, 72
track:1304, 847, 661, 90, 69
track:1305, 849, 662, 86, 66
track:1306, 850, 663, 86, 66
track:1307, 852, 664, 86, 66
track:1308, 853, 664, 86, 66
track:1309, 853, 664, 86, 66
track:1310, 854, 664, 86, 66
track:1311, 856, 666, 82, 63
track:1312, 855, 665, 82, 63
track:1313, 854, 666, 82, 63
track:1314, 855, 666, 82, 63
track:1315, 854, 666, 82, 63
track:1316, 854, 666, 82, 63
track:1317, 852, 666, 82, 63
track:1318, 851, 666, 82, 63
track:1319, 850, 666, 82, 63
track:1320, 850, 667, 82, 63
track:1321, 849, 667, 82, 63
track:1322, 850, 669, 82, 63
track:1323, 851, 669, 82, 63
track:1324, 851, 670, 82, 63
track:1325, 852, 671, 82, 63
track:1326, 855, 672, 82, 63
track:1327, 856, 672, 82, 63
track:1328, 859, 674, 82, 63
track:1329, 859, 673, 82, 63
track:1330, 857, 674, 82, 63
track:1331, 855, 674, 82, 63
track:1332, 854, 675, 78, 60
init :1333, 858, 677, 170, 51
track:1334, 858, 677, 170, 51
track:1335, 855, 677, 170, 51
track:1336, 851, 677, 170, 51
track:1337, 846, 677, 170, 51
track:1338, 844, 677, 170, 51
track:1339, 843, 677, 170, 51
track:1340, 842, 677, 170, 51
track:1341, 842, 677, 170, 51
track:1342, 841, 677, 170, 51
track:1343, 841, 678, 170, 51
track:1344, 840, 678, 170, 51
track:1345, 841, 678, 170, 51
track:1346, 841, 678, 170, 51
track:1347, 842, 678, 170, 51
track:1348, 841, 679, 170, 51
track:1349, 840, 679, 170, 51
track:1350, 840, 679, 170, 51
track:1351, 839, 680, 170, 51
track:1352, 837, 680, 170, 51
track:1353, 833, 679, 178, 54
track:1354, 835, 681, 170, 51
track:1355, 835, 681, 170, 51
track:1356, 837, 681, 170, 51
track:1357, 837, 682, 170, 51
track:1358, 837, 681, 170, 51
track:1359, 837, 682, 170, 51
track:1360, 837, 682, 170, 51
track:1361, 836, 682, 170, 51
track:1362, 833, 682, 178, 54
track:1363, 833, 683, 178, 54
track:1364, 835, 684, 178, 54
track:1365, 838, 685, 170, 51
track:1366, 837, 685, 170, 51
track:1367, 836, 685, 170, 51
track:1368, 836, 686, 170, 51
track:1369, 835, 686, 170, 51
track:1370, 836, 687, 170, 51
track:1371, 831, 686, 178, 54
track:1372, 827, 688, 178, 54
track:1373, 825, 688, 178, 54
track:1374, 825, 688, 178, 54
track:1375, 823, 689, 178, 54
track:1376, 820, 688, 178, 54
track:1377, 820, 689, 178, 54
track:1378, 820, 690, 170, 51
track:1379, 814, 689, 178, 54
track:1380, 809, 690, 178, 54
track:1381, 803, 690, 187, 56
track:1382, 794, 690, 197, 59
track:1383, 793, 691, 197, 59
track:1384, 791, 691, 197, 59
track:1385, 790, 692, 197, 59
track:1386, 791, 694, 197, 59
track:1387, 793, 694, 197, 59
track:1388, 793, 696, 197, 59
track:1389, 797, 697, 197, 59
track:1390, 793, 696, 207, 62
track:1391, 800, 698, 197, 59
track:1392, 804, 699, 197, 59
track:1393, 809, 701, 197, 59
track:1394, 805, 700, 207, 62
track:1395, 813, 702, 197, 59
track:1396, 815, 702, 197, 59
track:1397, 810, 702, 207, 62
track:1398, 810, 704, 207, 62
track:1399, 808, 704, 207, 62
track:1400, 805, 704, 207, 62
track:1401, 797, 705, 207, 62
track:1402, 789, 705, 217, 65
track:1403, 784, 705, 217, 65
track:1404, 784, 706, 217, 65
track:1405, 779, 706, 217, 65
track:1406, 783, 707, 207, 62
init :1407, 798, 713, 226, 67
track:1408, 796, 712, 226, 67
track:1409, 795, 712, 226, 67
track:1410, 794, 712, 226, 67
track:1411, 793, 712, 226, 67
track:1412, 800, 714, 215, 64
track:1413, 802, 715, 215, 64
track:1414, 797, 714, 226, 67
track:1415, 792, 713, 237, 70
track:1416, 793, 714, 237, 70
track:1417, 800, 716, 226, 67
track:1418, 797, 716, 226, 67
track:1419, 797, 717, 226, 67
track:1420, 797, 718, 226, 67
track:1421, 793, 719, 226, 67
track:1422, 792, 719, 226, 67
track:1423, 785, 717, 237, 70
track:1424, 785, 718, 237, 70
track:1425, 791, 720, 226, 67
track:1426, 789, 720, 226, 67
track:1427, 790, 721, 226, 67
track:1428, 788, 721, 226, 67
track:1429, 789, 722, 226, 67
track:1430, 786, 722, 226, 67
track:1431, 779, 720, 237, 70
track:1432, 778, 720, 237, 70
track:1433, 773, 720, 249, 74
track:1434, 778, 722, 237, 70
track:1435, 777, 723, 237, 70
track:1436, 779, 725, 226, 67
track:1437, 778, 724, 226, 67
track:1438, 781, 726, 215, 64
track:1439, 785, 726, 205, 61
track:1440, 788, 728, 195, 58
track:1441, 779, 727, 205, 61
track:1442, 773, 727, 205, 61
track:1443, 770, 728, 205, 61
track:1444, 769, 727, 205, 61
track:1445, 762, 725, 215, 64
track:1446, 755, 725, 215, 64
track:1447, 751, 725, 215, 64
track:1448, 753, 726, 205, 61
track:1449, 756, 727, 205, 61
track:1450, 750, 724, 215, 64
track:1451, 750, 722, 215, 64
track:1452, 754, 721, 215, 64
track:1453, 766, 719, 215, 64
track:1454, 768, 720, 205, 61
track:1455, 777, 720, 195, 58
track:1456, 791, 718, 195, 58
track:1457, 794, 715, 195, 58
track:1458, 796, 714, 195, 58
track:1459, 795, 713, 205, 61
track:1460, 803, 713, 205, 61
track:1461, 807, 712, 205, 61
track:1462, 810, 711, 205, 61
track:1463, 814, 710, 205, 61
track:1464, 823, 708, 195, 58
track:1465, 829, 707, 195, 58
track:1466, 861, 706, 195, 58
track:1467, 859, 703, 195, 58
track:1468, 860, 700, 195, 58
track:1469, 867, 700, 186, 55
track:1470, 859, 700, 195, 58
track:1471, 854, 697, 205, 61
track:1472, 844, 695, 215, 64
track:1473, 843, 696, 215, 64
track:1474, 839, 694, 215, 64
track:1475, 843, 692, 205, 61
track:1476, 843, 693, 205, 61
track:1477, 844, 693, 205, 61
track:1478, 846, 693, 205, 61
track:1479, 841, 692, 215, 64
track:1480, 844, 693, 226, 67
init :1481, 844, 664, 203, 168
track:1482, 850, 661, 203, 168
track:1483, 850, 660, 203, 168
track:1484, 854, 661, 203, 168
track:1485, 857, 660, 203, 168
track:1486, 861, 659, 203, 168
track:1487, 866, 658, 203, 168
track:1488, 865, 657, 203, 168
track:1489, 868, 656, 203, 168
track:1490, 869, 655, 203, 168
track:1491, 873, 651, 203, 168
track:1492, 876, 652, 193, 160
track:1493, 876, 651, 193, 160
track:1494, 877, 648, 193, 160
track:1495, 875, 645, 193, 160
track:1496, 868, 643, 193, 160
track:1497, 864, 639, 193, 160
track:1498, 862, 638, 193, 160
track:1499, 857, 634, 193, 160
track:1500, 857, 630, 193, 160
track:1501, 851, 626, 193, 160
track:1502, 843, 623, 193, 160
track:1503, 842, 622, 193, 160
track:1504, 840, 616, 193, 160
track:1505, 845, 611, 193, 160
track:1506, 849, 614, 184, 152
track:1507, 843, 613, 175, 145
track:1508, 841, 614, 175, 145
track:1509, 849, 614, 167, 138
track:1510, 845, 612, 167, 138
track:1511, 842, 607, 167, 138
track:1512, 840, 608, 159, 132
track:1513, 835, 607, 159, 132
track:1514, 818, 600, 167, 138
track:1515, 795, 596, 175, 145
track:1516, 775, 597, 175, 145
track:1517, 750, 592, 184, 152
track:1518, 748, 591, 184, 152
track:1519, 721, 590, 184, 152
track:1520, 701, 590, 184, 152
track:1521, 671, 587, 184, 152
track:1522, 655, 583, 193, 160
track:1523, 654, 587, 184, 152
track:1524, 649, 588, 184, 152
track:1525, 653, 593, 175, 145
track:1526, 657, 595, 167, 138
track:1527, 659, 593, 167, 138
track:1528, 662, 593, 167, 138
track:1529, 693, 593, 167, 138
track:1530, 712, 591, 167, 138
track:1531, 745, 591, 167, 138
track:1532, 764, 587, 175, 145
track:1533, 767, 591, 167, 138
track:1534, 797, 593, 167, 138
track:1535, 826, 595, 159, 132
track:1536, 849, 598, 151, 125
track:1537, 872, 605, 144, 119
track:1538, 873, 606, 144, 119
track:1539, 888, 607, 144, 119
track:1540, 893, 605, 144, 119
track:1541, 899, 611, 137, 114
track:1542, 901, 614, 131, 108
track:1543, 904, 615, 131, 108
track:1544, 904, 615, 131, 108
track:1545, 901, 618, 131, 108
track:1546, 905, 619, 131, 108
track:1547, 889, 620, 131, 108
track:1548, 892, 624, 125, 103
track:1549, 882, 624, 125, 103
track:1550, 881, 627, 125, 103
track:1551, 872, 632, 119, 98
track:1552, 869, 634, 119, 98
track:1553, 871, 636, 113, 94
track:1554, 872, 640, 108, 89
init :1555, 872, 664, 207, 72
track:1556, 872, 663, 207, 72
track:1557, 872, 664, 207, 72
track:1558, 872, 664, 207, 72
track:1559, 874, 665, 207, 72
track:1560, 883, 666, 197, 69
track:1561, 886, 667, 197, 69
track:1562, 889, 668, 197, 69
track:1563, 890, 668, 197, 69
track:1564, 896, 670, 188, 65
track:1565, 898, 671, 188, 65
track:1566, 898, 671, 188, 65
track:1567, 901, 673, 179, 62
track:1568, 901, 673, 179, 62
track:1569, 901, 674, 179, 62
track:1570, 898, 674, 179, 62
track:1571, 895, 674, 179, 62
track:1572, 898, 676, 170, 59
track:1573, 897, 676, 170, 59
track:1574, 896, 677, 170, 59
track:1575, 891, 676, 170, 59
track:1576, 894, 677, 162, 56
track:1577, 894, 679, 154, 54
track:1578, 892, 679, 154, 54
track:1579, 890, 679, 154, 54
track:1580, 889, 680, 154, 54
track:1581, 886, 680, 154, 54
track:1582, 887, 680, 147, 51
track:1583, 888, 682, 140, 49
track:1584, 891, 684, 133, 46
track:1585, 891, 684, 133, 46
track:1586, 889, 684, 133, 46
track:1587, 891, 683, 133, 46
track:1588, 892, 683, 133, 46
track:1589, 891, 683, 133, 46
track:1590, 890, 684, 133, 46
track:1591, 891, 684, 133, 46
track:1592, 890, 686, 133, 46
track:1593, 899, 687, 127, 44
track:1594, 901, 688, 121, 42
track:1595, 895, 687, 121, 42
track:1596, 895, 688, 121, 42
track:1599, 897, 687, 127, 44
track:1600, 893, 688, 121, 42
track:1601, 899, 689, 115, 40
track:1602, 897, 689, 115, 40
track:1603, 899, 690, 115, 40
track:1604, 899, 690, 115, 40
track:1605, 906, 689, 115, 40
track:1606, 897, 689, 115, 40
track:1607, 903, 684, 121, 42
track:1608, 910, 680, 121, 42
elapseTime: 16.117
