init :7, 821, 630, 235, 197
init :8, 821, 633, 235, 194
track:9, 821, 633, 235, 194
track:10, 821, 634, 235, 194
track:11, 821, 634, 235, 194
track:12, 823, 634, 235, 194
track:13, 823, 634, 235, 194
track:14, 823, 634, 235, 194
init :15, 821, 633, 235, 194
track:16, 821, 632, 235, 194
track:17, 821, 633, 235, 194
track:18, 821, 633, 235, 194
track:19, 821, 633, 235, 194
track:20, 821, 633, 235, 194
track:21, 822, 633, 235, 194
init :22, 826, 633, 230, 197
track:23, 826, 632, 230, 197
track:24, 827, 633, 230, 197
track:25, 827, 633, 230, 197
track:26, 828, 633, 230, 197
track:27, 828, 632, 230, 197
track:28, 828, 632, 230, 197
init :29, 821, 633, 244, 197
track:30, 820, 633, 244, 197
track:31, 821, 633, 244, 197
track:32, 822, 632, 244, 197
track:33, 822, 634, 244, 197
track:34, 821, 633, 244, 197
track:35, 822, 633, 244, 197
init :36, 826, 633, 240, 194
track:37, 826, 633, 240, 194
track:38, 827, 633, 240, 194
track:39, 828, 634, 240, 194
track:40, 828, 634, 240, 194
track:41, 828, 633, 240, 194
track:42, 828, 633, 240, 194
init :43, 826, 630, 240, 197
track:44, 826, 630, 240, 197
track:45, 826, 630, 240, 197
track:46, 826, 630, 240, 197
track:48, 827, 629, 240, 197
track:49, 826, 629, 240, 197
init :50, 826, 630, 230, 197
track:51, 826, 630, 230, 197
track:52, 826, 631, 230, 197
track:53, 827, 630, 230, 197
track:54, 827, 630, 230, 197
track:55, 827, 630, 230, 197
track:56, 826, 630, 230, 197
init :57, 830, 630, 230, 199
track:58, 829, 630, 230, 199
track:59, 830, 630, 230, 199
track:60, 831, 629, 230, 199
track:61, 830, 630, 230, 199
track:62, 829, 630, 230, 199
track:63, 829, 630, 230, 199
init :64, 826, 628, 240, 199
track:65, 826, 628, 240, 199
track:66, 826, 628, 240, 199
track:67, 826, 627, 240, 199
track:68, 826, 628, 240, 199
track:69, 825, 628, 240, 199
track:70, 826, 627, 240, 199
init :71, 826, 630, 235, 197
track:72, 826, 630, 235, 197
track:73, 826, 630, 235, 197
track:74, 826, 630, 235, 197
track:75, 826, 630, 235, 197
track:76, 826, 630, 235, 197
track:77, 826, 630, 235, 197
init :78, 826, 630, 235, 197
track:79, 826, 630, 235, 197
track:80, 826, 630, 235, 197
track:81, 826, 630, 235, 197
track:82, 825, 630, 235, 197
track:83, 826, 631, 235, 197
track:84, 826, 631, 235, 197
init :85, 826, 630, 240, 197
track:86, 826, 630, 240, 197
track:87, 826, 630, 240, 197
track:88, 826, 630, 240, 197
track:89, 827, 631, 240, 197
track:90, 827, 632, 240, 197
track:91, 827, 633, 240, 197
init :92, 826, 633, 235, 197
track:93, 826, 633, 235, 197
track:94, 825, 633, 235, 197
track:95, 826, 633, 235, 197
track:96, 827, 633, 235, 197
track:97, 827, 633, 235, 197
track:98, 828, 632, 235, 197
init :99, 826, 628, 240, 197
track:100, 826, 628, 240, 197
track:101, 828, 629, 240, 197
track:102, 829, 627, 240, 197
track:103, 830, 627, 240, 197
track:104, 831, 627, 240, 197
track:105, 831, 626, 240, 197
init :106, 835, 625, 230, 202
track:107, 836, 624, 230, 202
track:108, 836, 622, 230, 202
track:109, 837, 620, 230, 202
track:110, 837, 620, 230, 202
track:111, 836, 618, 230, 202
track:112, 836, 615, 230, 202
init :113, 844, 623, 212, 173
track:114, 844, 623, 212, 173
track:115, 845, 622, 212, 173
track:116, 846, 620, 212, 173
track:117, 847, 617, 212, 173
track:120, 849, 615, 212, 173
track:121, 850, 612, 212, 173
track:122, 851, 611, 212, 173
track:123, 849, 610, 212, 173
track:124, 850, 609, 212, 173
track:125, 848, 608, 212, 173
track:126, 845, 603, 212, 173
init :127, 858, 607, 184, 168
track:128, 858, 607, 184, 168
track:129, 858, 607, 184, 168
track:130, 857, 608, 184, 168
track:131, 857, 609, 184, 168
track:132, 860, 614, 184, 168
track:133, 861, 615, 184, 168
init :134, 863, 617, 180, 163
track:135, 862, 619, 180, 163
track:136, 863, 619, 180, 163
track:137, 864, 622, 180, 163
track:138, 865, 622, 180, 163
track:139, 865, 623, 180, 163
track:140, 860, 618, 189, 171
init :141, 863, 620, 175, 158
track:142, 866, 624, 167, 150
track:143, 865, 625, 167, 150
track:144, 865, 625, 167, 150
track:145, 862, 629, 167, 150
track:146, 861, 631, 167, 150
track:147, 857, 628, 175, 158
init :148, 858, 630, 175, 160
track:149, 858, 630, 175, 160
track:150, 858, 633, 175, 160
track:151, 859, 636, 175, 160
track:152, 858, 639, 175, 160
track:153, 858, 642, 175, 160
track:154, 858, 642, 175, 160
init :155, 863, 649, 175, 158
track:156, 863, 649, 175, 158
track:157, 864, 651, 175, 158
track:158, 865, 652, 175, 158
track:159, 865, 652, 175, 158
track:160, 870, 656, 167, 150
track:161, 868, 656, 167, 150
init :162, 863, 654, 170, 155
track:163, 862, 655, 170, 155
track:164, 862, 655, 170, 155
track:165, 863, 655, 170, 155
track:166, 863, 655, 170, 155
track:167, 862, 656, 170, 155
track:168, 862, 657, 170, 155
init :169, 863, 659, 166, 150
track:170, 863, 659, 166, 150
track:171, 866, 658, 166, 150
track:172, 868, 657, 166, 150
track:173, 867, 657, 166, 150
track:174, 866, 656, 166, 150
track:175, 864, 657, 166, 150
init :176, 867, 651, 161, 150
track:177, 868, 651, 161, 150
track:178, 870, 653, 161, 150
track:179, 871, 653, 161, 150
track:180, 871, 654, 161, 150
track:181, 872, 655, 161, 150
track:182, 873, 659, 161, 150
init :183, 872, 656, 161, 158
track:184, 872, 656, 161, 158
track:185, 873, 658, 161, 158
track:186, 871, 656, 161, 158
track:187, 867, 652, 161, 158
track:188, 864, 649, 161, 158
track:189, 862, 648, 161, 158
init :190, 863, 646, 161, 150
track:191, 863, 644, 161, 150
track:192, 863, 641, 161, 150
track:193, 862, 640, 161, 150
track:194, 862, 639, 161, 150
track:195, 864, 637, 161, 150
track:196, 864, 636, 161, 150
init :197, 858, 636, 166, 153
track:198, 855, 636, 166, 153
track:199, 855, 636, 166, 153
track:200, 854, 638, 166, 153
track:201, 852, 638, 166, 153
track:202, 852, 637, 166, 153
track:203, 852, 635, 166, 153
init :204, 853, 636, 156, 145
track:205, 853, 634, 156, 145
track:206, 854, 634, 156, 145
track:207, 852, 633, 156, 145
track:208, 852, 633, 156, 145
track:209, 851, 630, 156, 145
track:210, 849, 628, 156, 145
init :211, 849, 630, 152, 129
track:212, 848, 629, 152, 129
track:213, 849, 629, 152, 129
track:214, 849, 628, 152, 129
track:215, 850, 627, 152, 129
track:216, 850, 627, 152, 129
track:217, 850, 628, 152, 129
init :218, 849, 630, 147, 124
track:219, 849, 631, 147, 124
track:220, 849, 636, 147, 124
track:221, 848, 638, 147, 124
track:222, 848, 640, 147, 124
track:223, 848, 641, 147, 124
track:224, 848, 643, 147, 124
init :225, 853, 646, 138, 122
track:226, 853, 647, 138, 122
track:227, 854, 648, 138, 122
track:228, 854, 649, 138, 122
track:229, 854, 649, 138, 122
track:230, 854, 648, 138, 122
track:231, 854, 647, 138, 122
init :232, 858, 649, 124, 103
track:233, 858, 649, 124, 103
track:234, 858, 649, 124, 103
track:235, 858, 648, 124, 103
track:236, 859, 648, 124, 103
track:237, 860, 648, 124, 103
track:238, 860, 649, 124, 103
init :239, 863, 649, 124, 103
track:240, 864, 651, 124, 103
track:241, 865, 652, 124, 103
track:242, 868, 655, 118, 98
track:243, 867, 655, 118, 98
track:244, 867, 655, 118, 98
track:245, 868, 656, 118, 98
init :246, 863, 656, 120, 88
track:247, 863, 656, 120, 88
track:248, 863, 657, 120, 88
track:249, 863, 658, 120, 88
track:250, 864, 660, 120, 88
track:251, 864, 662, 120, 88
track:252, 865, 663, 120, 88
init :253, 867, 659, 120, 101
track:254, 868, 662, 120, 101
track:255, 869, 665, 120, 101
track:256, 868, 666, 120, 101
track:257, 870, 670, 120, 101
track:258, 870, 671, 120, 101
track:259, 871, 673, 120, 101
init :260, 872, 675, 120, 93
track:261, 872, 675, 120, 93
track:262, 872, 676, 120, 93
track:263, 872, 676, 120, 93
track:264, 872, 679, 120, 93
track:265, 872, 680, 120, 93
track:266, 872, 682, 120, 93
init :267, 867, 682, 124, 96
track:268, 867, 682, 124, 96
track:269, 868, 683, 124, 96
track:270, 868, 685, 124, 96
track:271, 868, 689, 124, 96
track:272, 867, 690, 130, 101
track:273, 867, 690, 130, 101
init :274, 867, 690, 129, 106
track:275, 868, 692, 129, 106
track:276, 869, 694, 129, 106
track:277, 867, 694, 135, 111
track:278, 866, 695, 135, 111
track:279, 867, 695, 135, 111
track:280, 869, 694, 135, 111
init :281, 867, 687, 138, 122
track:282, 869, 690, 138, 122
track:283, 869, 690, 138, 122
track:284, 870, 692, 138, 122
track:285, 872, 694, 138, 122
track:286, 874, 694, 138, 122
track:287, 876, 691, 138, 122
init :288, 867, 682, 161, 140
track:289, 867, 679, 161, 140
track:290, 864, 672, 169, 147
track:291, 863, 664, 169, 147
track:292, 865, 659, 169, 147
track:293, 865, 658, 169, 147
track:294, 862, 654, 178, 154
init :295, 867, 643, 184, 179
track:296, 868, 644, 184, 179
track:297, 867, 645, 184, 179
track:298, 867, 645, 184, 179
track:299, 861, 643, 193, 188
track:300, 858, 644, 193, 188
track:301, 851, 643, 203, 197
init :302, 826, 638, 253, 199
track:303, 826, 638, 253, 199
track:304, 817, 637, 266, 209
track:305, 815, 639, 266, 209
track:306, 815, 639, 266, 209
track:307, 808, 632, 279, 219
track:308, 809, 633, 279, 219
init :309, 821, 628, 258, 223
track:310, 819, 622, 258, 223
track:311, 817, 608, 258, 223
track:312, 825, 605, 246, 212
track:313, 818, 599, 258, 223
track:314, 825, 597, 246, 212
track:315, 824, 588, 246, 212
init :316, 830, 589, 230, 205
track:317, 833, 585, 230, 205
track:318, 834, 583, 230, 205
track:319, 835, 582, 230, 205
track:320, 840, 573, 230, 205
track:321, 847, 572, 219, 195
track:322, 847, 570, 219, 195
init :323, 858, 571, 203, 176
track:324, 862, 579, 193, 168
track:325, 862, 577, 193, 168
track:326, 860, 571, 193, 168
track:327, 859, 571, 193, 168
track:328, 859, 571, 193, 168
track:329, 857, 576, 193, 168
init :330, 849, 586, 198, 173
track:331, 849, 587, 198, 173
track:332, 847, 590, 198, 173
track:333, 847, 591, 198, 173
track:334, 846, 593, 198, 173
track:335, 845, 594, 198, 173
track:336, 844, 598, 198, 173
init :337, 853, 599, 184, 168
track:338, 853, 599, 184, 168
track:339, 853, 595, 184, 168
track:340, 854, 594, 184, 168
track:341, 854, 594, 184, 168
track:342, 855, 593, 184, 168
track:343, 855, 593, 184, 168
init :344, 858, 602, 170, 150
track:345, 859, 599, 170, 150
track:346, 863, 603, 162, 143
track:347, 864, 606, 162, 143
track:348, 863, 606, 162, 143
track:349, 863, 609, 162, 143
track:350, 864, 613, 162, 143
init :351, 872, 625, 147, 114
track:352, 873, 627, 147, 114
track:353, 873, 628, 147, 114
track:354, 874, 631, 147, 114
track:355, 872, 632, 147, 114
track:356, 876, 635, 140, 109
track:357, 875, 636, 140, 109
init :358, 872, 633, 143, 114
track:359, 872, 633, 143, 114
track:360, 871, 633, 143, 114
track:361, 871, 634, 143, 114
track:362, 870, 635, 143, 114
track:363, 869, 634, 143, 114
track:364, 870, 635, 143, 114
init :365, 872, 643, 133, 103
track:366, 872, 643, 133, 103
track:367, 871, 645, 133, 103
track:368, 870, 645, 133, 103
track:369, 874, 647, 127, 98
track:370, 873, 652, 127, 98
track:371, 873, 659, 127, 98
init :372, 876, 659, 120, 101
track:373, 876, 659, 120, 101
track:374, 877, 660, 120, 101
track:375, 875, 661, 120, 101
track:376, 873, 662, 120, 101
track:377, 871, 662, 120, 101
track:378, 871, 663, 120, 101
init :379, 867, 662, 115, 98
track:380, 867, 661, 115, 98
track:381, 867, 661, 115, 98
track:382, 865, 662, 115, 98
track:383, 864, 662, 115, 98
track:384, 864, 662, 115, 98
track:385, 863, 661, 115, 98
init :386, 867, 662, 110, 93
track:387, 866, 662, 110, 93
track:388, 867, 663, 110, 93
track:389, 867, 662, 110, 93
track:390, 866, 663, 110, 93
track:391, 867, 664, 110, 93
track:392, 867, 667, 110, 93
init :393, 863, 669, 115, 85
track:394, 863, 670, 115, 85
track:395, 864, 675, 115, 85
track:396, 864, 680, 115, 85
track:397, 865, 683, 115, 85
track:398, 866, 684, 115, 85
track:399, 867, 687, 115, 85
init :400, 876, 698, 101, 70
track:401, 877, 703, 101, 70
track:402, 878, 708, 101, 70
track:403, 877, 708, 101, 70
track:404, 878, 710, 101, 70
track:405, 880, 710, 101, 70
track:406, 880, 710, 101, 70
init :407, 881, 708, 101, 83
track:408, 881, 708, 101, 83
track:409, 881, 707, 101, 83
track:410, 881, 705, 101, 83
track:411, 883, 703, 101, 83
track:412, 882, 701, 101, 83
track:413, 883, 701, 101, 83
init :414, 886, 700, 101, 75
track:415, 886, 701, 101, 75
track:416, 885, 704, 101, 75
track:417, 886, 704, 101, 75
track:418, 886, 704, 101, 75
track:419, 887, 704, 101, 75
track:420, 885, 705, 101, 75
init :421, 876, 700, 110, 83
track:422, 876, 699, 110, 83
track:423, 876, 697, 110, 83
track:424, 876, 695, 110, 83
track:425, 876, 694, 110, 83
track:426, 875, 692, 110, 83
track:427, 874, 690, 110, 83
init :428, 876, 693, 106, 77
track:429, 876, 693, 106, 77
track:430, 876, 694, 106, 77
track:431, 876, 694, 106, 77
track:432, 875, 693, 106, 77
track:433, 875, 694, 106, 77
track:434, 874, 694, 106, 77
init :435, 867, 690, 110, 83
track:436, 866, 691, 110, 83
track:437, 866, 693, 110, 83
track:438, 867, 693, 110, 83
track:439, 868, 694, 110, 83
track:440, 868, 695, 110, 83
track:441, 868, 694, 110, 83
init :442, 867, 693, 115, 90
track:443, 867, 693, 115, 90
track:444, 866, 694, 115, 90
track:445, 867, 695, 115, 90
track:446, 866, 696, 115, 90
track:447, 867, 695, 115, 90
track:448, 867, 695, 115, 90
init :449, 867, 693, 115, 85
track:450, 867, 693, 115, 85
track:451, 867, 695, 115, 85
track:452, 868, 697, 115, 85
track:453, 868, 698, 115, 85
track:454, 869, 698, 115, 85
track:455, 868, 696, 121, 89
init :456, 872, 693, 120, 93
track:457, 871, 693, 120, 93
track:458, 872, 693, 120, 93
track:459, 872, 693, 120, 93
track:460, 872, 691, 120, 93
track:461, 872, 691, 120, 93
track:462, 872, 691, 120, 93
init :463, 867, 687, 124, 101
track:464, 866, 685, 124, 101
track:465, 866, 682, 124, 101
track:466, 867, 683, 124, 101
track:467, 867, 683, 124, 101
track:468, 866, 684, 124, 101
track:469, 866, 685, 124, 101
init :470, 863, 685, 133, 106
track:471, 863, 686, 133, 106
track:472, 863, 687, 133, 106
track:473, 863, 690, 133, 106
track:474, 864, 693, 133, 106
track:475, 866, 693, 133, 106
track:476, 867, 691, 133, 106
init :477, 872, 682, 138, 116
track:478, 873, 681, 138, 116
track:479, 876, 679, 138, 116
track:480, 878, 670, 138, 116
track:481, 879, 668, 138, 116
track:482, 879, 668, 138, 116
track:483, 883, 659, 138, 116
init :484, 876, 656, 156, 135
track:485, 877, 658, 156, 135
track:486, 877, 662, 156, 135
track:487, 877, 663, 156, 135
track:488, 877, 667, 156, 135
track:490, 874, 670, 156, 135
init :491, 863, 664, 170, 145
track:492, 863, 664, 170, 145
track:493, 862, 664, 170, 145
track:494, 861, 664, 170, 145
track:495, 857, 656, 170, 145
track:496, 858, 654, 170, 145
track:497, 856, 652, 170, 145
init :498, 858, 646, 161, 137
track:499, 857, 643, 161, 137
track:500, 856, 640, 161, 137
track:501, 857, 636, 161, 137
track:502, 856, 635, 161, 137
track:503, 856, 633, 161, 137
track:504, 855, 632, 161, 137
init :505, 853, 630, 156, 140
track:506, 852, 630, 156, 140
track:507, 853, 630, 156, 140
track:508, 848, 625, 164, 147
track:509, 848, 622, 164, 147
track:510, 848, 620, 164, 147
track:511, 848, 618, 164, 147
init :512, 853, 623, 156, 137
track:513, 853, 623, 156, 137
track:514, 853, 624, 156, 137
track:515, 856, 628, 149, 130
track:516, 857, 627, 149, 130
track:517, 857, 627, 149, 130
track:518, 856, 625, 149, 130
init :519, 853, 628, 156, 116
track:520, 854, 628, 156, 116
track:521, 855, 627, 156, 116
track:522, 854, 627, 156, 116
track:523, 854, 629, 156, 116
track:524, 855, 632, 156, 116
track:525, 856, 633, 156, 116
init :526, 863, 633, 143, 111
track:527, 863, 633, 143, 111
track:528, 863, 633, 143, 111
track:529, 863, 633, 143, 111
track:530, 864, 631, 143, 111
track:531, 865, 631, 143, 111
track:532, 868, 633, 136, 106
init :533, 876, 636, 129, 98
track:534, 876, 637, 129, 98
track:535, 875, 638, 129, 98
track:536, 875, 641, 129, 98
track:537, 875, 641, 129, 98
track:538, 875, 642, 129, 98
track:539, 879, 645, 123, 93
init :540, 876, 646, 124, 90
track:543, 873, 648, 124, 90
track:544, 874, 649, 124, 90
track:546, 872, 655, 124, 90
init :547, 872, 656, 115, 83
track:548, 871, 658, 115, 83
track:549, 871, 661, 115, 83
track:550, 870, 663, 115, 83
track:551, 868, 664, 115, 83
track:552, 868, 664, 115, 83
track:553, 868, 664, 115, 83
init :554, 872, 664, 106, 85
track:555, 872, 664, 106, 85
track:556, 872, 665, 106, 85
track:557, 872, 665, 106, 85
track:558, 872, 671, 106, 85
track:559, 871, 673, 106, 85
track:560, 874, 677, 101, 81
init :561, 876, 680, 96, 80
track:562, 876, 680, 96, 80
track:563, 876, 683, 96, 80
track:564, 876, 685, 96, 80
track:565, 876, 686, 96, 80
track:566, 876, 689, 96, 80
track:567, 876, 689, 96, 80
init :568, 876, 693, 96, 77
track:569, 876, 693, 96, 77
track:570, 875, 698, 96, 77
track:571, 875, 700, 96, 77
track:572, 876, 701, 96, 77
track:573, 877, 702, 96, 77
track:574, 878, 704, 96, 77
init :575, 876, 698, 101, 85
track:576, 875, 696, 101, 85
track:577, 874, 696, 101, 85
track:578, 875, 695, 101, 85
track:579, 875, 693, 101, 85
track:580, 877, 692, 101, 85
track:581, 877, 693, 101, 85
init :582, 876, 693, 101, 90
track:583, 875, 696, 101, 90
track:584, 875, 698, 101, 90
track:585, 874, 698, 101, 90
track:586, 875, 698, 101, 90
track:587, 874, 698, 101, 90
track:588, 875, 699, 101, 90
init :589, 876, 698, 106, 83
track:590, 875, 698, 106, 83
track:591, 874, 699, 106, 83
track:592, 874, 699, 106, 83
track:593, 873, 698, 106, 83
track:594, 873, 696, 106, 83
track:595, 871, 686, 111, 87
init :596, 872, 677, 106, 88
track:597, 872, 677, 106, 88
track:598, 872, 675, 106, 88
track:599, 871, 667, 106, 88
track:600, 872, 665, 106, 88
track:601, 873, 664, 106, 88
track:602, 873, 664, 106, 88
init :603, 867, 664, 110, 101
track:604, 866, 660, 110, 101
track:605, 866, 657, 110, 101
track:606, 866, 656, 110, 101
track:607, 867, 657, 110, 101
track:608, 868, 655, 110, 101
track:609, 868, 655, 110, 101
init :610, 863, 656, 124, 93
track:611, 863, 658, 124, 93
track:612, 863, 660, 124, 93
track:613, 863, 661, 124, 93
track:614, 863, 664, 124, 93
track:615, 863, 666, 124, 93
track:616, 860, 667, 130, 98
init :617, 863, 667, 129, 103
track:618, 860, 663, 135, 108
track:619, 859, 662, 135, 108
track:620, 861, 661, 135, 108
track:621, 862, 661, 135, 108
track:622, 862, 661, 135, 108
track:623, 861, 660, 135, 108
init :624, 863, 659, 133, 114
track:625, 863, 659, 133, 114
track:626, 865, 661, 133, 114
track:627, 865, 661, 133, 114
track:628, 865, 663, 133, 114
track:629, 865, 662, 133, 114
track:630, 862, 656, 140, 120
init :631, 858, 656, 143, 114
track:632, 858, 656, 143, 114
track:633, 860, 660, 143, 114
track:634, 857, 662, 150, 120
track:635, 857, 664, 150, 120
track:636, 859, 665, 150, 120
track:637, 859, 666, 150, 120
init :638, 858, 669, 152, 116
track:639, 858, 670, 152, 116
track:640, 859, 670, 152, 116
track:641, 859, 668, 152, 116
track:642, 859, 668, 152, 116
track:643, 859, 667, 152, 116
track:644, 859, 665, 152, 116
init :645, 858, 654, 152, 119
track:646, 858, 652, 152, 119
track:647, 859, 652, 152, 119
track:648, 859, 652, 152, 119
track:649, 859, 653, 152, 119
track:650, 861, 654, 152, 119
track:651, 862, 654, 152, 119
init :652, 872, 651, 143, 122
track:653, 873, 651, 143, 122
track:654, 873, 653, 143, 122
track:655, 871, 653, 150, 128
track:656, 871, 656, 150, 128
track:657, 871, 657, 150, 128
track:658, 873, 659, 150, 128
init :659, 876, 662, 138, 116
track:660, 876, 661, 138, 116
track:661, 877, 662, 138, 116
track:662, 877, 663, 138, 116
track:663, 878, 662, 138, 116
track:664, 879, 661, 138, 116
track:665, 881, 659, 138, 116
init :666, 881, 654, 138, 116
track:667, 881, 654, 138, 116
track:668, 882, 652, 138, 116
track:669, 882, 652, 138, 116
track:670, 882, 652, 138, 116
track:671, 880, 652, 138, 116
track:672, 880, 653, 138, 116
init :673, 872, 651, 143, 116
track:674, 871, 650, 143, 116
track:675, 870, 650, 143, 116
track:676, 870, 651, 143, 116
track:677, 870, 651, 143, 116
track:678, 868, 653, 143, 116
track:679, 867, 663, 143, 116
init :680, 872, 667, 143, 119
track:681, 872, 667, 143, 119
track:682, 871, 668, 143, 119
track:683, 871, 666, 143, 119
track:684, 868, 666, 143, 119
track:685, 869, 669, 143, 119
track:686, 870, 672, 143, 119
init :687, 867, 669, 143, 124
track:688, 867, 669, 143, 124
track:689, 866, 668, 143, 124
track:690, 864, 667, 143, 124
track:691, 864, 665, 143, 124
track:692, 864, 664, 143, 124
track:693, 862, 662, 143, 124
init :694, 858, 664, 147, 116
track:695, 859, 664, 147, 116
track:696, 857, 664, 147, 116
track:697, 858, 664, 147, 116
track:698, 856, 663, 147, 116
track:699, 854, 663, 147, 116
track:700, 853, 664, 147, 116
init :701, 853, 667, 152, 111
track:702, 853, 667, 152, 111
track:703, 853, 669, 152, 111
track:704, 852, 675, 152, 111
track:705, 850, 680, 152, 111
track:706, 850, 681, 152, 111
track:707, 850, 682, 152, 111
init :708, 853, 677, 152, 119
track:709, 853, 677, 152, 119
track:710, 854, 676, 152, 119
track:711, 853, 675, 152, 119
track:712, 853, 672, 152, 119
track:713, 854, 672, 152, 119
track:714, 853, 671, 152, 119
init :715, 853, 675, 147, 119
track:716, 853, 675, 147, 119
track:717, 853, 677, 147, 119
track:718, 854, 677, 147, 119
track:719, 855, 678, 147, 119
track:720, 855, 678, 147, 119
track:721, 855, 678, 147, 119
init :722, 853, 675, 147, 124
track:723, 853, 675, 147, 124
track:724, 854, 673, 147, 124
track:725, 854, 669, 147, 124
track:726, 854, 668, 147, 124
track:727, 854, 666, 147, 124
track:728, 855, 663, 147, 124
init :729, 853, 654, 152, 124
track:730, 853, 653, 152, 124
track:731, 853, 653, 152, 124
track:732, 854, 653, 152, 124
track:733, 850, 649, 160, 130
track:734, 855, 648, 152, 124
track:735, 856, 642, 152, 124
init :736, 858, 638, 161, 124
track:737, 857, 637, 161, 124
track:738, 856, 638, 161, 124
track:739, 855, 638, 161, 124
track:740, 858, 639, 161, 124
track:741, 857, 639, 161, 124
track:742, 858, 640, 161, 124
init :743, 853, 636, 161, 150
track:744, 852, 636, 161, 150
track:745, 854, 635, 161, 150
track:746, 854, 635, 161, 150
track:747, 855, 633, 161, 150
track:748, 855, 625, 161, 150
track:749, 853, 620, 161, 150
init :750, 849, 625, 156, 129
track:751, 849, 625, 156, 129
track:752, 850, 627, 156, 129
track:753, 847, 625, 164, 135
track:754, 849, 626, 164, 135
track:755, 855, 628, 156, 129
track:756, 855, 629, 156, 129
init :757, 853, 633, 161, 111
track:758, 852, 632, 161, 111
track:759, 852, 635, 161, 111
track:760, 851, 638, 161, 111
track:761, 852, 639, 161, 111
track:762, 854, 640, 161, 111
track:763, 858, 639, 161, 111
init :764, 858, 633, 156, 127
track:765, 857, 634, 156, 127
track:766, 857, 635, 156, 127
track:767, 856, 635, 156, 127
track:768, 856, 636, 156, 127
track:769, 857, 638, 156, 127
track:770, 859, 646, 156, 127
init :771, 867, 643, 147, 132
track:772, 868, 643, 147, 132
track:773, 868, 642, 147, 132
track:774, 869, 642, 147, 132
track:775, 869, 643, 147, 132
track:776, 870, 643, 147, 132
track:777, 870, 642, 147, 132
init :778, 876, 646, 138, 124
track:779, 877, 646, 138, 124
track:780, 877, 647, 138, 124
track:781, 877, 647, 138, 124
track:782, 877, 648, 138, 124
track:783, 878, 647, 138, 124
track:784, 877, 647, 138, 124
init :785, 881, 649, 138, 101
track:786, 881, 649, 138, 101
track:787, 878, 647, 145, 106
track:788, 878, 648, 145, 106
track:789, 876, 650, 145, 106
track:790, 877, 649, 145, 106
track:791, 876, 649, 145, 106
init :792, 876, 651, 133, 96
track:793, 875, 653, 133, 96
track:794, 875, 654, 133, 96
track:795, 874, 659, 133, 96
track:796, 875, 659, 133, 96
track:797, 876, 659, 133, 96
track:798, 875, 659, 133, 96
init :799, 876, 656, 133, 106
track:800, 875, 657, 133, 106
track:801, 875, 658, 133, 106
track:802, 875, 659, 133, 106
track:803, 874, 659, 133, 106
track:804, 875, 661, 133, 106
track:805, 874, 660, 133, 106
init :806, 867, 659, 138, 106
track:807, 866, 659, 138, 106
track:808, 866, 660, 138, 106
track:809, 866, 662, 138, 106
track:810, 866, 664, 138, 106
track:811, 863, 663, 145, 111
track:812, 863, 664, 145, 111
init :813, 867, 664, 138, 109
track:814, 866, 664, 138, 109
track:815, 865, 665, 138, 109
track:816, 866, 664, 138, 109
track:817, 866, 667, 138, 109
track:818, 865, 672, 138, 109
track:819, 864, 674, 138, 109
init :820, 858, 680, 147, 127
track:821, 858, 680, 147, 127
track:822, 857, 681, 147, 127
track:823, 857, 679, 147, 127
track:824, 857, 678, 147, 127
track:825, 855, 679, 147, 127
track:826, 855, 679, 147, 127
init :827, 849, 682, 156, 129
track:828, 849, 686, 156, 129
track:829, 851, 688, 156, 129
track:830, 852, 689, 156, 129
track:831, 853, 690, 156, 129
track:832, 849, 687, 164, 135
track:833, 852, 686, 164, 135
init :834, 849, 672, 166, 140
track:835, 850, 665, 166, 140
track:836, 850, 665, 166, 140
track:837, 849, 659, 166, 140
track:838, 847, 658, 166, 140
track:839, 847, 654, 166, 140
track:840, 844, 648, 166, 140
init :841, 840, 646, 180, 163
track:842, 839, 645, 180, 163
track:843, 837, 643, 180, 163
track:844, 836, 639, 180, 163
track:845, 831, 625, 180, 163
track:846, 831, 625, 180, 163
track:847, 830, 621, 180, 163
init :848, 821, 607, 193, 179
track:849, 821, 606, 193, 179
track:850, 821, 606, 193, 179
track:851, 821, 606, 193, 179
track:852, 823, 603, 193, 179
track:853, 829, 599, 193, 179
track:854, 830, 601, 193, 179
init :855, 830, 599, 198, 173
track:856, 830, 599, 198, 173
track:857, 831, 600, 198, 173
track:858, 832, 597, 198, 173
track:859, 832, 595, 198, 173
track:860, 831, 592, 198, 173
track:861, 831, 591, 198, 173
init :862, 835, 602, 189, 153
track:863, 836, 606, 189, 153
track:864, 837, 611, 189, 153
track:865, 841, 621, 180, 146
track:866, 842, 622, 180, 146
track:867, 841, 626, 180, 146
track:868, 842, 629, 180, 146
init :869, 844, 633, 170, 129
track:870, 845, 637, 170, 129
track:871, 845, 637, 170, 129
track:872, 845, 639, 170, 129
track:873, 846, 640, 170, 129
track:874, 847, 641, 170, 129
track:875, 852, 644, 162, 123
init :876, 853, 641, 156, 137
track:877, 854, 641, 156, 137
track:878, 856, 643, 156, 137
track:879, 857, 642, 156, 137
track:880, 861, 646, 149, 130
track:881, 861, 646, 149, 130
track:882, 861, 646, 149, 130
init :883, 867, 646, 143, 124
track:884, 869, 646, 143, 124
track:885, 870, 646, 143, 124
track:886, 871, 646, 143, 124
track:887, 872, 648, 143, 124
track:888, 873, 648, 143, 124
track:889, 874, 647, 143, 124
init :890, 876, 646, 133, 111
track:891, 876, 646, 133, 111
track:892, 877, 646, 133, 111
track:893, 879, 645, 133, 111
track:894, 878, 645, 133, 111
track:895, 879, 645, 133, 111
track:896, 880, 645, 133, 111
init :897, 886, 649, 129, 98
track:898, 885, 649, 129, 98
track:899, 883, 649, 129, 98
track:900, 882, 651, 129, 98
track:901, 881, 651, 129, 98
track:902, 880, 653, 129, 98
track:903, 879, 654, 129, 98
init :904, 881, 654, 124, 90
track:905, 881, 655, 124, 90
track:906, 882, 656, 124, 90
track:907, 858, 635, 124, 90
track:908, 858, 639, 118, 86
track:909, 858, 646, 118, 86
track:910, 854, 650, 124, 90
init :911, 803, 558, 290, 262
track:912, 797, 556, 304, 275
track:913, 797, 558, 304, 275
track:914, 798, 561, 304, 275
track:915, 799, 566, 304, 275
track:916, 806, 572, 290, 262
track:917, 800, 568, 304, 275
init :918, 807, 584, 295, 249
track:919, 807, 585, 295, 249
track:920, 805, 585, 295, 249
track:921, 805, 585, 295, 249
track:922, 800, 586, 295, 249
track:923, 795, 586, 295, 249
track:924, 783, 577, 310, 261
init :925, 780, 581, 300, 254
track:926, 780, 581, 300, 254
track:927, 779, 582, 300, 254
track:928, 773, 582, 300, 254
track:929, 770, 581, 300, 254
track:930, 767, 578, 300, 254
track:931, 765, 580, 300, 254
init :932, 770, 581, 304, 244
track:933, 771, 579, 304, 244
track:934, 773, 577, 304, 244
track:935, 773, 576, 304, 244
track:936, 774, 575, 304, 244
track:937, 775, 573, 304, 244
track:938, 776, 572, 304, 244
init :939, 775, 571, 318, 236
track:940, 776, 571, 318, 236
track:941, 776, 571, 318, 236
track:942, 778, 571, 318, 236
track:943, 778, 570, 318, 236
track:944, 777, 569, 318, 236
track:945, 776, 569, 318, 236
init :946, 766, 573, 341, 225
track:947, 765, 574, 341, 225
track:948, 762, 574, 341, 225
track:949, 762, 576, 341, 225
track:950, 758, 576, 341, 225
track:951, 755, 576, 341, 225
track:952, 755, 579, 341, 225
init :953, 752, 576, 360, 238
track:954, 751, 575, 360, 238
track:955, 752, 578, 360, 238
track:956, 751, 576, 360, 238
track:957, 752, 578, 360, 238
track:958, 752, 579, 360, 238
track:959, 751, 580, 360, 238
init :960, 747, 584, 378, 236
track:961, 746, 584, 378, 236
track:962, 747, 585, 378, 236
track:963, 744, 588, 378, 236
track:964, 735, 580, 397, 248
track:965, 735, 580, 397, 248
track:966, 734, 581, 397, 248
init :967, 724, 586, 415, 241
track:968, 721, 586, 415, 241
track:969, 719, 586, 415, 241
track:970, 719, 585, 415, 241
track:971, 716, 586, 415, 241
track:972, 710, 584, 415, 241
track:973, 698, 578, 436, 253
init :974, 696, 584, 443, 249
track:975, 696, 584, 443, 249
track:976, 694, 585, 443, 249
track:977, 693, 584, 443, 249
track:978, 692, 585, 443, 249
track:979, 693, 585, 443, 249
track:980, 691, 586, 443, 249
init :981, 692, 586, 470, 246
track:982, 693, 587, 470, 246
track:983, 694, 588, 470, 246
track:984, 695, 590, 470, 246
track:985, 698, 588, 470, 246
track:986, 700, 587, 470, 246
track:987, 700, 587, 470, 246
init :988, 696, 586, 493, 251
track:989, 697, 586, 493, 251
track:990, 699, 586, 493, 251
track:991, 699, 585, 493, 251
track:992, 698, 584, 493, 251
track:993, 698, 584, 493, 251
track:994, 698, 582, 493, 251
init :995, 706, 589, 507, 238
track:996, 706, 586, 507, 238
track:997, 709, 586, 507, 238
track:998, 708, 581, 507, 238
track:999, 722, 584, 483, 227
track:1000, 726, 585, 483, 227
track:1001, 728, 583, 483, 227
init :1002, 738, 581, 498, 223
track:1003, 741, 580, 498, 223
track:1004, 743, 575, 498, 223
track:1005, 746, 575, 498, 223
track:1006, 745, 574, 498, 223
track:1007, 744, 572, 498, 223
track:1008, 747, 568, 498, 223
init :1009, 761, 573, 489, 199
track:1010, 761, 573, 489, 199
track:1011, 771, 578, 466, 190
track:1012, 768, 577, 466, 190
track:1013, 761, 578, 466, 190
track:1014, 757, 578, 466, 190
track:1015, 757, 577, 466, 190
init :1016, 761, 576, 466, 181
track:1017, 757, 576, 466, 181
track:1018, 754, 575, 466, 181
track:1019, 753, 576, 466, 181
track:1020, 753, 576, 466, 181
track:1021, 751, 576, 466, 181
track:1022, 746, 575, 466, 181
init :1023, 756, 578, 452, 176
track:1024, 755, 579, 452, 176
track:1025, 754, 579, 452, 176
track:1026, 752, 580, 452, 176
track:1027, 750, 581, 452, 176
track:1028, 746, 583, 452, 176
track:1029, 741, 584, 452, 176
init :1030, 747, 584, 447, 168
track:1031, 753, 588, 426, 160
track:1032, 748, 591, 426, 160
track:1033, 741, 591, 426, 160
track:1034, 737, 591, 426, 160
track:1035, 736, 591, 426, 160
track:1036, 736, 592, 426, 160
init :1037, 743, 599, 433, 153
track:1038, 731, 596, 455, 161
track:1039, 729, 598, 455, 161
track:1040, 730, 598, 455, 161
track:1041, 740, 605, 433, 153
track:1042, 739, 606, 433, 153
track:1043, 745, 610, 412, 146
init :1044, 743, 610, 438, 150
track:1045, 743, 610, 438, 150
track:1046, 744, 612, 438, 150
track:1047, 754, 616, 417, 143
track:1048, 759, 615, 417, 143
track:1049, 763, 614, 417, 143
track:1050, 762, 613, 417, 143
init :1051, 756, 610, 452, 150
track:1052, 761, 607, 452, 150
track:1053, 768, 607, 452, 150
track:1054, 773, 608, 452, 150
track:1055, 777, 608, 452, 150
track:1056, 780, 607, 452, 150
track:1057, 785, 608, 452, 150
init :1058, 798, 612, 438, 140
track:1059, 796, 612, 438, 140
track:1060, 786, 609, 460, 147
track:1061, 796, 613, 438, 140
track:1062, 795, 613, 438, 140
track:1063, 794, 613, 438, 140
track:1064, 791, 614, 438, 140
init :1065, 793, 617, 438, 135
track:1066, 791, 617, 438, 135
track:1067, 785, 616, 438, 135
track:1068, 777, 614, 438, 135
track:1069, 759, 610, 460, 142
track:1070, 756, 607, 460, 142
track:1071, 760, 612, 438, 135
init :1072, 743, 625, 438, 124
track:1073, 731, 626, 438, 124
track:1074, 721, 626, 438, 124
track:1075, 707, 623, 460, 130
track:1076, 701, 624, 460, 130
track:1077, 690, 624, 460, 130
track:1078, 671, 620, 483, 137
init :1079, 687, 625, 433, 129
track:1080, 687, 625, 433, 129
track:1081, 680, 625, 433, 129
track:1082, 675, 625, 433, 129
track:1083, 672, 625, 433, 129
track:1084, 673, 625, 433, 129
track:1085, 672, 626, 433, 129
init :1086, 664, 625, 447, 137
track:1087, 664, 625, 447, 137
track:1088, 664, 625, 447, 137
track:1089, 665, 625, 447, 137
track:1090, 666, 625, 447, 137
track:1091, 664, 626, 447, 137
track:1092, 661, 627, 447, 137
init :1093, 673, 628, 456, 140
track:1094, 673, 628, 456, 140
track:1095, 673, 628, 456, 140
track:1096, 675, 629, 456, 140
track:1097, 679, 629, 456, 140
track:1098, 680, 631, 456, 140
track:1099, 681, 631, 456, 140
init :1100, 687, 628, 470, 155
track:1101, 689, 628, 470, 155
track:1102, 691, 628, 470, 155
track:1103, 693, 628, 470, 155
track:1104, 682, 624, 493, 163
track:1105, 682, 624, 493, 163
track:1106, 693, 627, 470, 155
init :1107, 701, 628, 456, 171
track:1108, 696, 627, 456, 171
track:1109, 690, 629, 456, 171
track:1110, 691, 629, 456, 171
track:1111, 682, 630, 456, 171
track:1112, 686, 630, 456, 171
track:1113, 687, 634, 456, 171
init :1114, 696, 633, 433, 173
track:1115, 696, 633, 433, 173
track:1116, 691, 633, 433, 173
track:1117, 696, 636, 412, 165
track:1118, 695, 634, 412, 165
track:1119, 702, 639, 393, 157
track:1120, 701, 639, 393, 157
init :1121, 701, 628, 401, 184
track:1122, 701, 628, 401, 184
track:1123, 697, 627, 401, 184
track:1124, 693, 627, 401, 184
track:1125, 693, 626, 401, 184
track:1126, 697, 626, 401, 184
track:1127, 699, 627, 401, 184
init :1128, 747, 628, 341, 179
track:1129, 747, 628, 341, 179
track:1130, 747, 627, 341, 179
track:1131, 751, 628, 341, 179
track:1132, 753, 629, 341, 179
track:1133, 755, 626, 341, 179
track:1134, 763, 630, 325, 170
init :1135, 803, 630, 276, 179
track:1136, 803, 631, 276, 179
track:1137, 805, 628, 276, 179
track:1138, 804, 627, 276, 179
track:1139, 799, 628, 276, 179
track:1140, 797, 629, 276, 179
track:1141, 791, 630, 276, 179
init :1142, 821, 633, 230, 179
track:1143, 814, 632, 230, 179
track:1144, 807, 633, 230, 179
track:1145, 807, 634, 230, 179
track:1146, 797, 634, 230, 179
track:1147, 792, 636, 230, 179
track:1148, 779, 637, 230, 179
init :1149, 798, 633, 193, 179
track:1150, 798, 633, 193, 179
track:1151, 796, 633, 193, 179
track:1152, 792, 634, 193, 179
track:1153, 788, 636, 193, 179
track:1154, 785, 636, 193, 179
track:1155, 786, 637, 193, 179
init :1156, 780, 633, 240, 181
track:1157, 782, 633, 240, 181
track:1158, 784, 634, 240, 181
track:1159, 787, 632, 240, 181
track:1160, 786, 632, 240, 181
track:1161, 788, 633, 240, 181
track:1162, 789, 632, 240, 181
init :1163, 784, 636, 286, 176
track:1164, 785, 636, 286, 176
track:1165, 785, 637, 286, 176
track:1166, 783, 638, 286, 176
track:1167, 773, 634, 300, 185
track:1168, 771, 634, 300, 185
track:1169, 768, 634, 300, 185
init :1170, 766, 638, 336, 168
track:1171, 769, 638, 336, 168
track:1172, 766, 637, 336, 168
track:1173, 766, 637, 336, 168
track:1174, 771, 639, 320, 160
track:1175, 761, 635, 336, 168
track:1176, 759, 636, 336, 168
init :1177, 761, 638, 369, 155
track:1178, 772, 641, 351, 148
track:1179, 768, 636, 369, 155
track:1180, 767, 635, 369, 155
track:1181, 770, 634, 369, 155
track:1182, 763, 628, 387, 163
track:1183, 777, 632, 369, 155
init :1184, 775, 638, 392, 140
track:1185, 775, 638, 392, 140
track:1186, 776, 638, 392, 140
track:1187, 780, 637, 392, 140
track:1188, 780, 636, 392, 140
track:1189, 788, 636, 392, 140
track:1190, 787, 636, 392, 140
init :1191, 793, 633, 387, 127
track:1192, 790, 631, 387, 127
track:1193, 790, 630, 387, 127
track:1194, 786, 629, 387, 127
track:1195, 786, 628, 387, 127
track:1196, 791, 631, 369, 121
track:1197, 795, 629, 369, 121
init :1198, 793, 628, 373, 111
track:1199, 791, 629, 373, 111
track:1200, 792, 628, 373, 111
track:1201, 790, 628, 373, 111
track:1202, 789, 628, 373, 111
track:1203, 791, 627, 373, 111
track:1204, 801, 628, 355, 106
init :1205, 816, 630, 355, 106
track:1206, 819, 630, 355, 106
track:1207, 823, 629, 355, 106
track:1208, 826, 628, 355, 106
track:1209, 828, 628, 355, 106
track:1210, 841, 631, 338, 101
track:1211, 848, 633, 338, 101
init :1212, 867, 638, 332, 103
track:1213, 876, 640, 316, 98
track:1214, 876, 640, 316, 98
track:1215, 879, 641, 316, 98
track:1216, 879, 641, 316, 98
track:1217, 879, 641, 316, 98
track:1218, 878, 643, 316, 98
init :1219, 876, 649, 318, 101
track:1220, 874, 649, 318, 101
track:1221, 879, 653, 303, 96
track:1222, 878, 653, 303, 96
track:1223, 883, 658, 288, 92
track:1224, 883, 658, 288, 92
track:1225, 885, 659, 288, 92
init :1226, 895, 656, 286, 98
track:1227, 895, 656, 286, 98
track:1228, 895, 656, 286, 98
track:1229, 893, 658, 286, 98
track:1230, 894, 659, 286, 98
track:1231, 892, 659, 286, 98
track:1232, 898, 663, 272, 93
init :1233, 913, 662, 253, 98
track:1234, 913, 662, 253, 98
track:1235, 912, 662, 253, 98
track:1236, 915, 665, 241, 93
track:1237, 911, 665, 241, 93
track:1238, 913, 667, 229, 89
track:1239, 912, 667, 229, 89
init :1240, 927, 667, 221, 96
track:1241, 925, 667, 221, 96
track:1242, 922, 668, 221, 96
track:1243, 926, 670, 210, 91
track:1244, 921, 668, 221, 96
track:1245, 926, 670, 210, 91
track:1246, 931, 674, 200, 87
init :1247, 950, 669, 170, 93
track:1248, 952, 671, 162, 89
track:1249, 952, 671, 162, 89
track:1250, 949, 670, 162, 89
track:1251, 947, 670, 162, 89
track:1252, 936, 668, 162, 89
track:1253, 930, 665, 162, 89
init :1254, 946, 667, 143, 90
track:1255, 942, 665, 143, 90
track:1256, 936, 664, 143, 90
track:1257, 930, 663, 143, 90
track:1258, 929, 662, 136, 86
track:1259, 929, 662, 136, 86
track:1260, 926, 661, 136, 86
init :1261, 793, 589, 73, 51
track:1262, 820, 590, 73, 51
track:1263, 846, 588, 77, 54
track:1264, 847, 588, 77, 54
track:1265, 861, 589, 77, 54
track:1266, 894, 589, 77, 54
track:1267, 918, 589, 77, 54
init :1268, 946, 656, 101, 80
track:1269, 946, 656, 101, 80
track:1270, 945, 657, 101, 80
track:1271, 943, 657, 101, 80
track:1272, 939, 656, 101, 80
track:1273, 932, 656, 101, 80
track:1274, 933, 655, 101, 80
init :1275, 927, 656, 120, 77
track:1276, 923, 657, 120, 77
track:1277, 917, 655, 126, 81
track:1278, 911, 657, 120, 77
track:1279, 912, 658, 120, 77
track:1280, 905, 658, 120, 77
track:1281, 897, 658, 120, 77
init :1282, 890, 659, 133, 77
track:1283, 888, 659, 133, 77
track:1284, 888, 659, 133, 77
track:1285, 878, 659, 133, 77
track:1286, 877, 661, 127, 73
track:1287, 875, 660, 127, 73
track:1288, 873, 660, 127, 73
init :1289, 872, 659, 143, 72
track:1290, 871, 659, 143, 72
track:1291, 870, 660, 143, 72
track:1292, 868, 660, 143, 72
track:1293, 867, 660, 143, 72
track:1294, 865, 660, 143, 72
track:1295, 865, 660, 143, 72
init :1296, 863, 659, 147, 70
track:1297, 864, 658, 147, 70
track:1298, 863, 658, 147, 70
track:1299, 862, 659, 147, 70
track:1300, 866, 661, 140, 67
track:1301, 866, 664, 133, 63
track:1302, 868, 665, 133, 63
init :1303, 863, 662, 152, 64
track:1304, 863, 662, 152, 64
track:1305, 863, 662, 152, 64
track:1306, 865, 663, 152, 64
track:1307, 866, 663, 152, 64
track:1308, 866, 664, 152, 64
track:1309, 870, 666, 145, 61
init :1310, 867, 664, 156, 59
track:1311, 868, 664, 156, 59
track:1312, 868, 664, 156, 59
track:1313, 868, 664, 156, 59
track:1314, 868, 665, 156, 59
track:1315, 868, 665, 156, 59
track:1316, 870, 667, 149, 56
init :1317, 863, 669, 166, 54
track:1318, 861, 669, 166, 54
track:1319, 862, 669, 166, 54
track:1320, 866, 671, 158, 51
track:1321, 864, 670, 158, 51
track:1322, 862, 670, 166, 54
track:1323, 859, 669, 174, 57
init :1324, 863, 672, 170, 57
track:1325, 863, 672, 170, 57
track:1326, 860, 671, 178, 60
track:1327, 859, 670, 187, 63
track:1328, 861, 671, 187, 63
track:1329, 861, 672, 187, 63
track:1330, 864, 674, 178, 60
init :1331, 867, 677, 166, 49
track:1332, 865, 677, 166, 49
track:1333, 863, 677, 166, 49
track:1334, 863, 677, 166, 49
track:1335, 858, 677, 166, 49
track:1336, 853, 678, 166, 49
track:1337, 849, 678, 166, 49
init :1338, 844, 677, 180, 49
track:1339, 844, 677, 180, 49
track:1340, 844, 677, 180, 49
track:1341, 844, 677, 180, 49
track:1342, 839, 676, 189, 51
track:1343, 838, 676, 189, 51
track:1344, 839, 676, 189, 51
init :1345, 849, 680, 170, 49
track:1346, 849, 680, 170, 49
track:1347, 849, 680, 170, 49
track:1348, 848, 681, 170, 49
track:1349, 849, 681, 170, 49
track:1350, 848, 681, 170, 49
track:1351, 847, 682, 170, 49
init :1352, 849, 682, 175, 49
track:1353, 848, 682, 175, 49
track:1354, 848, 683, 175, 49
track:1355, 848, 683, 175, 49
track:1356, 848, 684, 175, 49
track:1357, 845, 683, 184, 51
track:1358, 846, 683, 184, 51
init :1359, 849, 682, 175, 49
track:1360, 849, 682, 175, 49
track:1361, 847, 682, 175, 49
track:1362, 852, 683, 167, 47
track:1363, 853, 684, 167, 47
track:1364, 853, 684, 167, 47
track:1365, 852, 685, 167, 47
init :1366, 849, 687, 180, 54
track:1367, 849, 687, 180, 54
track:1368, 847, 688, 180, 54
track:1369, 847, 688, 180, 54
track:1370, 843, 687, 189, 57
track:1371, 847, 689, 180, 54
track:1372, 846, 690, 180, 54
init :1373, 840, 690, 184, 59
track:1374, 840, 690, 184, 59
track:1375, 839, 690, 184, 59
track:1376, 837, 689, 184, 59
track:1377, 836, 689, 184, 59
track:1378, 834, 690, 184, 59
track:1379, 832, 690, 184, 59
init :1380, 821, 693, 189, 64
track:1381, 813, 692, 198, 67
track:1382, 813, 695, 198, 67
track:1383, 808, 696, 198, 67
track:1384, 808, 696, 198, 67
track:1385, 809, 698, 189, 64
track:1386, 809, 699, 189, 64
init :1387, 812, 700, 198, 62
track:1388, 813, 700, 198, 62
track:1389, 814, 701, 198, 62
track:1390, 816, 701, 198, 62
track:1391, 831, 703, 198, 62
track:1392, 829, 704, 198, 62
track:1393, 832, 705, 198, 62
init :1394, 835, 708, 198, 59
track:1395, 841, 710, 189, 56
track:1396, 842, 710, 189, 56
track:1397, 844, 711, 189, 56
track:1398, 845, 712, 189, 56
track:1399, 842, 712, 189, 56
track:1400, 838, 713, 189, 56
init :1401, 821, 711, 203, 64
track:1402, 811, 709, 213, 67
track:1403, 808, 710, 213, 67
track:1404, 806, 710, 213, 67
track:1405, 801, 711, 213, 67
track:1406, 800, 711, 213, 67
track:1407, 798, 712, 213, 67
init :1408, 793, 713, 230, 67
track:1409, 793, 713, 230, 67
track:1410, 792, 713, 230, 67
track:1411, 791, 714, 230, 67
track:1412, 791, 714, 230, 67
track:1413, 798, 716, 219, 64
track:1414, 799, 717, 219, 64
init :1415, 793, 716, 240, 77
track:1416, 795, 717, 240, 77
track:1417, 797, 718, 240, 77
track:1418, 794, 718, 240, 77
track:1419, 788, 715, 252, 81
track:1420, 787, 717, 252, 81
track:1421, 787, 718, 252, 81
init :1422, 789, 719, 249, 80
track:1423, 788, 720, 249, 80
track:1424, 788, 719, 249, 80
track:1425, 795, 722, 237, 76
track:1426, 790, 720, 249, 80
track:1427, 790, 721, 249, 80
track:1428, 789, 720, 249, 80
init :1429, 789, 719, 249, 90
track:1430, 788, 719, 249, 90
track:1431, 786, 720, 249, 90
track:1432, 785, 721, 249, 90
track:1433, 785, 721, 249, 90
track:1434, 785, 723, 249, 90
track:1435, 784, 724, 249, 90
init :1436, 789, 721, 249, 106
track:1437, 788, 721, 249, 106
track:1438, 791, 721, 249, 106
track:1439, 791, 723, 249, 106
track:1440, 789, 724, 249, 106
track:1441, 786, 725, 249, 106
track:1442, 782, 727, 249, 106
init :1443, 780, 721, 240, 114
track:1444, 780, 721, 240, 114
track:1445, 776, 721, 240, 114
track:1446, 771, 721, 240, 114
track:1447, 767, 720, 240, 114
track:1448, 766, 719, 240, 114
track:1449, 760, 716, 252, 120
init :1450, 766, 716, 240, 124
track:1451, 768, 716, 240, 124
track:1452, 770, 716, 240, 124
track:1453, 780, 719, 229, 118
track:1454, 781, 720, 229, 118
track:1455, 785, 720, 229, 118
track:1456, 791, 720, 229, 118
init :1457, 807, 711, 226, 140
track:1458, 810, 711, 226, 140
track:1459, 810, 712, 226, 140
track:1460, 813, 712, 226, 140
track:1461, 816, 712, 226, 140
track:1462, 819, 714, 226, 140
track:1463, 824, 718, 215, 133
init :1464, 835, 708, 198, 150
track:1465, 837, 707, 198, 150
track:1466, 837, 707, 198, 150
track:1467, 837, 706, 198, 150
track:1468, 838, 707, 198, 150
track:1469, 833, 706, 198, 150
track:1470, 831, 705, 198, 150
init :1471, 853, 693, 161, 163
track:1472, 851, 690, 161, 163
track:1473, 850, 689, 161, 163
track:1474, 846, 687, 161, 163
track:1475, 843, 684, 161, 163
track:1476, 841, 683, 161, 163
track:1477, 841, 681, 161, 163
init :1478, 853, 685, 166, 155
track:1479, 854, 683, 166, 155
track:1480, 856, 681, 166, 155
track:1481, 858, 678, 166, 155
track:1482, 859, 676, 166, 155
track:1483, 859, 675, 166, 155
track:1484, 863, 674, 166, 155
init :1485, 853, 659, 226, 166
track:1486, 860, 658, 226, 166
track:1487, 866, 657, 226, 166
track:1488, 867, 657, 226, 166
track:1489, 870, 656, 226, 166
track:1490, 871, 654, 226, 166
track:1491, 873, 654, 226, 166
init :1492, 867, 651, 267, 158
track:1493, 867, 651, 267, 158
track:1494, 867, 650, 267, 158
track:1495, 875, 649, 254, 150
track:1496, 870, 646, 254, 150
track:1497, 859, 640, 267, 158
track:1498, 859, 640, 267, 158
init :1499, 844, 643, 295, 137
track:1500, 839, 640, 295, 137
track:1501, 835, 637, 295, 137
track:1502, 835, 635, 295, 137
track:1503, 830, 634, 295, 137
track:1504, 829, 631, 295, 137
track:1505, 828, 630, 295, 137
init :1506, 826, 628, 309, 127
track:1507, 816, 623, 324, 133
track:1508, 817, 623, 324, 133
track:1509, 815, 621, 324, 133
track:1510, 822, 622, 309, 127
track:1511, 821, 619, 309, 127
track:1512, 815, 617, 309, 127
init :1513, 821, 620, 304, 116
track:1514, 806, 620, 304, 116
track:1515, 783, 620, 304, 116
track:1516, 766, 622, 290, 110
track:1517, 732, 620, 304, 116
track:1518, 741, 623, 290, 110
track:1519, 714, 623, 290, 110
init :1520, 701, 625, 286, 106
track:1521, 679, 625, 286, 106
track:1522, 668, 624, 286, 106
track:1523, 661, 623, 300, 111
track:1524, 660, 626, 286, 106
track:1525, 666, 628, 272, 101
track:1526, 666, 629, 272, 101
init :1527, 673, 633, 263, 88
track:1528, 673, 633, 263, 88
track:1529, 705, 634, 250, 84
track:1530, 727, 634, 250, 84
track:1531, 750, 633, 250, 84
track:1532, 777, 633, 250, 84
track:1533, 777, 633, 250, 84
init :1534, 812, 633, 249, 80
track:1535, 842, 636, 237, 76
track:1536, 864, 637, 237, 76
track:1537, 883, 638, 237, 76
track:1538, 881, 638, 237, 76
track:1539, 890, 639, 237, 76
track:1540, 900, 640, 237, 76
init :1541, 909, 643, 230, 75
track:1542, 909, 643, 230, 75
track:1543, 909, 643, 230, 75
track:1544, 909, 644, 230, 75
track:1545, 905, 645, 230, 75
track:1546, 901, 646, 230, 75
track:1547, 893, 648, 230, 75
init :1548, 895, 654, 226, 72
track:1549, 892, 655, 226, 72
track:1550, 879, 657, 215, 69
track:1551, 878, 658, 215, 69
track:1552, 870, 659, 215, 69
track:1553, 869, 659, 215, 69
track:1554, 867, 661, 215, 69
init :1555, 872, 664, 207, 72
track:1556, 872, 663, 207, 72
track:1557, 872, 664, 207, 72
track:1558, 872, 664, 207, 72
track:1559, 874, 665, 207, 72
track:1560, 883, 666, 197, 69
track:1561, 886, 667, 197, 69
init :1562, 904, 669, 189, 72
track:1563, 904, 669, 189, 72
track:1564, 910, 671, 180, 69
track:1565, 910, 671, 180, 69
track:1566, 909, 671, 180, 69
track:1567, 908, 671, 180, 69
track:1568, 908, 671, 180, 69
init :1569, 913, 669, 170, 75
track:1570, 911, 669, 170, 75
track:1571, 909, 670, 170, 75
track:1572, 911, 672, 162, 71
track:1573, 913, 675, 154, 68
track:1574, 911, 676, 154, 68
track:1575, 907, 675, 154, 68
init :1576, 913, 672, 147, 75
track:1577, 911, 673, 147, 75
track:1578, 910, 673, 147, 75
track:1579, 909, 673, 147, 75
track:1580, 906, 673, 147, 75
track:1581, 904, 675, 140, 71
track:1582, 901, 676, 140, 71
init :1583, 904, 677, 138, 72
track:1584, 903, 677, 138, 72
track:1585, 905, 680, 131, 69
track:1586, 906, 680, 131, 69
track:1587, 905, 681, 131, 69
track:1588, 904, 681, 131, 69
track:1589, 904, 681, 131, 69
init :1590, 904, 680, 133, 72
track:1591, 904, 680, 133, 72
track:1592, 903, 680, 133, 72
track:1593, 903, 680, 133, 72
track:1594, 901, 680, 133, 72
track:1595, 903, 682, 127, 69
track:1596, 901, 683, 127, 69
init :1599, 913, 680, 101, 72
track:1600, 912, 680, 101, 72
track:1601, 911, 680, 101, 72
track:1602, 910, 680, 101, 72
track:1603, 909, 679, 101, 72
init :1604, 913, 680, 92, 72
track:1605, 911, 680, 92, 72
track:1606, 910, 681, 92, 72
track:1607, 907, 681, 92, 72
track:1608, 908, 682, 92, 72
elapseTime: 24.158
