init :7, 821, 630, 235, 197
track:8, 821, 630, 235, 197
track:9, 822, 630, 235, 197
track:10, 821, 631, 235, 197
track:11, 823, 630, 235, 197
track:12, 823, 630, 235, 197
track:13, 824, 630, 235, 197
track:14, 824, 630, 235, 197
track:15, 824, 630, 235, 197
track:16, 825, 630, 235, 197
track:17, 826, 630, 235, 197
track:18, 825, 630, 235, 197
track:19, 825, 629, 235, 197
track:20, 821, 626, 247, 207
track:21, 820, 626, 247, 207
track:22, 827, 631, 235, 197
track:23, 828, 631, 235, 197
track:24, 827, 631, 235, 197
track:25, 828, 630, 235, 197
track:26, 829, 631, 235, 197
track:27, 829, 631, 235, 197
track:28, 829, 631, 235, 197
track:29, 829, 630, 235, 197
track:30, 829, 630, 235, 197
track:31, 830, 629, 235, 197
track:32, 831, 631, 235, 197
track:33, 829, 630, 235, 197
track:34, 830, 631, 235, 197
track:35, 830, 630, 235, 197
track:36, 830, 631, 235, 197
track:37, 829, 630, 235, 197
track:38, 831, 630, 235, 197
track:39, 830, 630, 235, 197
track:40, 830, 630, 235, 197
track:41, 831, 629, 235, 197
track:42, 830, 631, 235, 197
track:43, 831, 630, 235, 197
track:44, 830, 631, 235, 197
track:45, 832, 630, 235, 197
track:46, 830, 631, 235, 197
track:48, 832, 630, 235, 197
track:49, 830, 630, 235, 197
track:50, 831, 629, 235, 197
track:51, 832, 629, 235, 197
track:52, 831, 628, 235, 197
track:53, 832, 629, 235, 197
track:54, 831, 629, 235, 197
track:55, 832, 629, 235, 197
track:56, 831, 629, 235, 197
track:57, 831, 628, 235, 197
track:58, 831, 629, 235, 197
track:59, 830, 628, 235, 197
track:60, 832, 628, 235, 197
track:61, 831, 630, 235, 197
track:62, 830, 629, 235, 197
track:63, 829, 629, 235, 197
init :64, 826, 628, 240, 199
track:65, 826, 628, 240, 199
track:66, 826, 628, 240, 199
track:67, 826, 627, 240, 199
track:68, 826, 628, 240, 199
track:69, 825, 628, 240, 199
track:70, 826, 627, 240, 199
track:71, 826, 628, 240, 199
track:72, 826, 628, 240, 199
track:73, 826, 628, 240, 199
track:74, 826, 628, 240, 199
track:75, 826, 628, 240, 199
track:76, 826, 628, 240, 199
track:77, 826, 627, 240, 199
track:78, 825, 627, 240, 199
track:79, 825, 628, 240, 199
track:80, 825, 628, 240, 199
track:81, 825, 628, 240, 199
track:82, 826, 627, 240, 199
track:83, 825, 628, 240, 199
track:84, 825, 628, 240, 199
track:85, 825, 628, 240, 199
track:86, 825, 628, 240, 199
track:87, 825, 628, 240, 199
track:88, 825, 628, 240, 199
track:89, 825, 628, 240, 199
track:90, 825, 628, 240, 199
track:91, 826, 628, 240, 199
track:92, 826, 628, 240, 199
track:93, 826, 627, 240, 199
track:94, 825, 629, 240, 199
track:95, 825, 628, 240, 199
track:96, 826, 628, 240, 199
track:97, 826, 627, 240, 199
track:98, 827, 627, 240, 199
track:99, 828, 627, 240, 199
track:100, 829, 626, 240, 199
track:101, 829, 626, 240, 199
track:102, 830, 627, 240, 199
track:103, 830, 625, 240, 199
track:104, 830, 625, 240, 199
track:105, 832, 624, 240, 199
track:106, 832, 623, 240, 199
track:107, 832, 623, 240, 199
track:108, 833, 621, 240, 199
track:109, 833, 620, 240, 199
track:110, 832, 619, 240, 199
track:111, 839, 621, 229, 190
track:112, 838, 620, 229, 190
track:113, 838, 619, 229, 190
track:114, 838, 618, 229, 190
track:115, 841, 617, 229, 190
track:116, 847, 618, 218, 180
track:117, 848, 617, 218, 180
track:120, 849, 613, 218, 180
track:121, 851, 610, 218, 180
track:122, 852, 608, 218, 180
track:123, 851, 607, 218, 180
track:124, 850, 606, 218, 180
track:125, 849, 604, 218, 180
track:126, 850, 601, 218, 180
init :127, 858, 607, 184, 168
track:128, 858, 607, 184, 168
track:129, 858, 607, 184, 168
track:130, 857, 608, 184, 168
track:131, 857, 609, 184, 168
track:132, 860, 614, 184, 168
track:133, 861, 615, 184, 168
track:134, 856, 612, 193, 176
track:135, 856, 613, 193, 176
track:136, 857, 614, 193, 176
track:137, 857, 617, 193, 176
track:138, 859, 619, 193, 176
track:139, 865, 623, 184, 168
track:140, 869, 625, 175, 160
track:141, 869, 623, 175, 160
track:142, 867, 624, 175, 160
track:143, 866, 624, 175, 160
track:144, 865, 624, 175, 160
track:145, 863, 629, 175, 160
track:146, 861, 630, 175, 160
track:147, 862, 630, 175, 160
track:148, 863, 632, 175, 160
track:149, 863, 633, 175, 160
track:150, 863, 636, 175, 160
track:151, 863, 640, 175, 160
track:152, 864, 642, 175, 160
track:153, 864, 645, 175, 160
track:154, 864, 645, 175, 160
track:155, 865, 648, 175, 160
track:156, 865, 648, 175, 160
track:157, 867, 648, 175, 160
track:158, 866, 649, 175, 160
track:159, 867, 650, 175, 160
track:160, 866, 650, 175, 160
track:161, 864, 651, 175, 160
track:162, 867, 654, 167, 152
track:163, 865, 656, 167, 152
track:164, 865, 654, 167, 152
track:165, 865, 655, 167, 152
track:166, 866, 655, 167, 152
track:167, 865, 655, 167, 152
track:168, 865, 656, 167, 152
track:169, 866, 656, 167, 152
track:170, 867, 655, 167, 152
track:171, 868, 654, 167, 152
track:172, 869, 652, 167, 152
track:173, 868, 652, 167, 152
track:174, 868, 652, 167, 152
track:175, 866, 652, 167, 152
track:176, 864, 652, 167, 152
track:177, 865, 653, 167, 152
track:178, 867, 653, 167, 152
track:179, 867, 654, 167, 152
track:180, 868, 655, 167, 152
track:181, 869, 656, 167, 152
track:182, 869, 659, 167, 152
track:183, 873, 663, 167, 152
track:184, 873, 664, 167, 152
track:185, 875, 665, 167, 152
track:186, 874, 664, 167, 152
track:187, 870, 658, 167, 152
track:188, 870, 658, 159, 145
track:189, 868, 657, 159, 145
init :190, 863, 646, 161, 150
track:191, 863, 644, 161, 150
track:192, 863, 641, 161, 150
track:193, 862, 640, 161, 150
track:194, 862, 639, 161, 150
track:195, 864, 637, 161, 150
track:196, 864, 636, 161, 150
track:197, 865, 635, 161, 150
track:198, 863, 636, 161, 150
track:199, 861, 635, 161, 150
track:200, 860, 638, 161, 150
track:201, 858, 638, 161, 150
track:202, 858, 636, 161, 150
track:203, 857, 633, 161, 150
track:204, 858, 633, 161, 150
track:205, 861, 634, 153, 143
track:206, 862, 632, 153, 143
track:207, 860, 630, 153, 143
track:208, 859, 632, 153, 143
track:209, 858, 629, 153, 143
track:210, 856, 625, 153, 143
track:211, 855, 622, 153, 143
track:212, 858, 624, 146, 136
track:213, 858, 622, 146, 136
track:214, 857, 621, 146, 136
track:215, 858, 621, 146, 136
track:216, 857, 620, 146, 136
track:217, 858, 620, 146, 136
track:218, 858, 620, 146, 136
track:219, 857, 622, 146, 136
track:220, 857, 626, 146, 136
track:221, 860, 630, 139, 130
track:222, 861, 632, 139, 130
track:223, 860, 631, 139, 130
track:224, 860, 634, 139, 130
track:225, 860, 636, 139, 130
track:226, 861, 637, 139, 130
track:227, 861, 637, 139, 130
track:228, 861, 637, 139, 130
track:229, 860, 638, 139, 130
track:230, 860, 638, 139, 130
track:231, 859, 637, 139, 130
track:232, 859, 633, 139, 130
track:233, 858, 634, 139, 130
track:234, 856, 633, 139, 130
track:235, 858, 632, 139, 130
track:236, 861, 635, 132, 123
track:237, 863, 635, 132, 123
track:238, 864, 636, 132, 123
track:239, 864, 637, 132, 123
track:240, 866, 641, 126, 118
track:241, 867, 642, 126, 118
track:242, 868, 642, 126, 118
track:243, 871, 645, 120, 112
track:244, 870, 644, 120, 112
track:245, 871, 646, 120, 112
track:246, 871, 646, 120, 112
track:247, 871, 646, 120, 112
track:248, 871, 646, 120, 112
track:249, 871, 647, 120, 112
track:250, 871, 649, 120, 112
track:251, 872, 650, 120, 112
track:252, 873, 652, 120, 112
init :253, 867, 659, 120, 101
track:254, 868, 662, 120, 101
track:255, 869, 665, 120, 101
track:256, 868, 666, 120, 101
track:257, 870, 670, 120, 101
track:258, 870, 671, 120, 101
track:259, 871, 673, 120, 101
track:260, 871, 674, 120, 101
track:261, 871, 675, 120, 101
track:262, 871, 675, 120, 101
track:263, 871, 676, 120, 101
track:264, 871, 678, 120, 101
track:265, 871, 679, 120, 101
track:266, 871, 680, 120, 101
track:267, 871, 682, 120, 101
track:268, 870, 682, 120, 101
track:269, 870, 683, 120, 101
track:270, 871, 685, 120, 101
track:271, 872, 689, 120, 101
track:272, 873, 692, 120, 101
track:273, 873, 693, 120, 101
track:274, 873, 694, 120, 101
track:275, 870, 693, 126, 106
track:276, 871, 696, 126, 106
track:277, 873, 700, 126, 106
track:278, 870, 698, 132, 111
track:279, 868, 695, 139, 117
track:280, 870, 694, 139, 117
track:281, 871, 693, 139, 117
track:282, 869, 691, 146, 123
track:283, 868, 692, 146, 123
track:284, 870, 695, 146, 123
track:285, 872, 697, 146, 123
track:286, 874, 696, 146, 123
track:287, 875, 693, 146, 123
track:288, 873, 689, 153, 129
track:289, 869, 683, 161, 135
track:290, 866, 677, 169, 142
track:291, 866, 670, 169, 142
track:292, 866, 664, 169, 142
track:293, 867, 663, 169, 142
track:294, 868, 661, 169, 142
track:295, 866, 655, 177, 149
track:296, 864, 652, 186, 157
track:297, 863, 654, 186, 157
track:298, 858, 649, 195, 165
track:299, 856, 649, 195, 165
track:300, 851, 647, 205, 173
track:301, 844, 645, 216, 181
track:302, 837, 646, 226, 190
track:303, 838, 647, 226, 190
track:304, 835, 652, 226, 190
track:305, 834, 653, 226, 190
track:306, 834, 652, 226, 190
track:307, 826, 644, 238, 200
track:308, 827, 643, 238, 200
track:309, 825, 642, 238, 200
track:310, 825, 635, 238, 200
track:311, 825, 621, 238, 200
track:312, 825, 612, 238, 200
track:313, 825, 610, 238, 200
track:314, 821, 600, 249, 210
track:315, 820, 589, 249, 210
init :316, 830, 589, 230, 205
track:317, 833, 585, 230, 205
track:318, 834, 583, 230, 205
track:319, 835, 582, 230, 205
track:320, 840, 573, 230, 205
track:321, 847, 572, 219, 195
track:322, 847, 570, 219, 195
track:323, 848, 571, 219, 195
track:324, 847, 574, 219, 195
track:325, 846, 572, 219, 195
track:326, 844, 565, 219, 195
track:327, 844, 565, 219, 195
track:328, 844, 565, 219, 195
track:329, 841, 574, 219, 195
track:330, 839, 578, 219, 195
track:331, 843, 585, 209, 186
track:332, 841, 589, 209, 186
track:333, 840, 589, 209, 186
track:334, 844, 594, 199, 177
track:335, 844, 596, 199, 177
track:336, 844, 598, 199, 177
track:337, 845, 599, 199, 177
track:338, 845, 598, 199, 177
track:339, 846, 597, 199, 177
track:340, 846, 593, 199, 177
track:341, 846, 592, 199, 177
track:342, 852, 596, 189, 169
track:343, 851, 596, 189, 169
track:344, 852, 594, 189, 169
track:345, 852, 590, 189, 169
track:346, 856, 595, 180, 161
track:347, 857, 597, 180, 161
track:348, 856, 597, 180, 161
track:349, 861, 604, 172, 153
track:350, 865, 611, 163, 146
track:351, 865, 615, 163, 146
track:352, 866, 619, 163, 146
track:353, 866, 619, 163, 146
track:354, 866, 622, 163, 146
track:355, 865, 622, 163, 146
track:356, 865, 622, 163, 146
track:357, 864, 623, 163, 146
track:358, 867, 627, 156, 139
track:359, 871, 629, 148, 132
track:360, 868, 628, 148, 132
track:361, 869, 629, 148, 132
track:362, 872, 632, 141, 126
track:363, 873, 632, 141, 126
track:364, 872, 633, 141, 126
track:365, 875, 636, 134, 120
track:366, 874, 636, 134, 120
track:367, 873, 637, 134, 120
track:368, 873, 638, 134, 120
track:369, 873, 639, 134, 120
track:370, 871, 643, 134, 120
track:371, 870, 650, 134, 120
track:372, 870, 653, 134, 120
track:373, 870, 654, 134, 120
track:374, 869, 654, 134, 120
track:375, 867, 655, 134, 120
track:376, 865, 656, 134, 120
track:377, 863, 657, 134, 120
track:378, 863, 657, 134, 120
init :379, 867, 662, 115, 98
track:380, 867, 661, 115, 98
track:381, 867, 661, 115, 98
track:382, 865, 662, 115, 98
track:383, 864, 662, 115, 98
track:384, 864, 662, 115, 98
track:385, 863, 661, 115, 98
track:386, 863, 661, 115, 98
track:387, 862, 661, 115, 98
track:388, 863, 661, 115, 98
track:389, 862, 660, 115, 98
track:390, 862, 660, 115, 98
track:391, 862, 662, 115, 98
track:392, 862, 665, 115, 98
track:393, 863, 666, 115, 98
track:394, 862, 666, 115, 98
track:395, 864, 672, 115, 98
track:396, 864, 675, 115, 98
track:397, 866, 679, 115, 98
track:398, 869, 682, 110, 93
track:399, 870, 686, 110, 93
track:400, 874, 692, 104, 89
track:401, 875, 698, 104, 89
track:402, 876, 702, 104, 89
track:403, 876, 702, 104, 89
track:404, 876, 704, 104, 89
track:405, 877, 704, 104, 89
track:406, 877, 703, 104, 89
track:407, 879, 704, 104, 89
track:408, 879, 703, 104, 89
track:409, 879, 702, 104, 89
track:410, 879, 701, 104, 89
track:411, 880, 697, 104, 89
track:412, 881, 695, 104, 89
track:413, 881, 695, 104, 89
track:414, 881, 695, 104, 89
track:415, 881, 695, 104, 89
track:416, 882, 697, 104, 89
track:417, 882, 698, 104, 89
track:418, 882, 698, 104, 89
track:419, 882, 698, 104, 89
track:420, 880, 699, 104, 89
track:421, 879, 699, 104, 89
track:422, 879, 696, 104, 89
track:423, 878, 696, 104, 89
track:424, 877, 694, 104, 89
track:425, 877, 692, 104, 89
track:426, 876, 690, 104, 89
track:427, 875, 688, 104, 89
track:428, 875, 688, 104, 89
track:429, 875, 689, 104, 89
track:430, 875, 689, 104, 89
track:431, 875, 689, 104, 89
track:432, 873, 689, 104, 89
track:433, 873, 688, 104, 89
track:434, 873, 688, 104, 89
track:435, 872, 689, 104, 89
track:436, 871, 690, 104, 89
track:437, 871, 691, 104, 89
track:438, 871, 691, 104, 89
track:439, 872, 694, 104, 89
track:440, 872, 694, 104, 89
track:441, 872, 693, 104, 89
init :442, 867, 693, 115, 90
track:443, 867, 693, 115, 90
track:444, 866, 694, 115, 90
track:445, 867, 695, 115, 90
track:446, 866, 696, 115, 90
track:447, 867, 695, 115, 90
track:448, 867, 695, 115, 90
track:449, 867, 694, 115, 90
track:450, 867, 694, 115, 90
track:451, 868, 694, 115, 90
track:452, 869, 696, 115, 90
track:453, 868, 696, 115, 90
track:454, 870, 697, 115, 90
track:455, 871, 697, 115, 90
track:456, 871, 698, 115, 90
track:457, 872, 697, 115, 90
track:458, 870, 696, 115, 90
track:459, 871, 696, 115, 90
track:460, 868, 693, 121, 94
track:461, 869, 692, 121, 94
track:462, 869, 692, 121, 94
track:463, 868, 691, 121, 94
track:464, 868, 689, 121, 94
track:465, 865, 684, 127, 99
track:466, 864, 686, 127, 99
track:467, 864, 685, 127, 99
track:468, 864, 687, 127, 99
track:469, 865, 686, 127, 99
track:470, 866, 688, 127, 99
track:471, 867, 690, 127, 99
track:472, 867, 690, 127, 99
track:473, 867, 692, 127, 99
track:474, 864, 691, 133, 104
track:475, 862, 690, 140, 109
track:476, 864, 689, 140, 109
track:477, 865, 688, 140, 109
track:478, 863, 685, 147, 115
track:479, 865, 683, 147, 115
track:480, 868, 675, 147, 115
track:481, 868, 672, 147, 115
track:482, 868, 671, 147, 115
track:483, 868, 661, 154, 121
track:484, 870, 660, 154, 121
track:485, 871, 660, 154, 121
track:486, 871, 664, 154, 121
track:487, 872, 664, 154, 121
track:488, 870, 668, 154, 121
track:490, 863, 669, 162, 127
track:491, 856, 668, 170, 133
track:492, 856, 668, 170, 133
track:493, 858, 671, 162, 127
track:494, 857, 671, 162, 127
track:495, 849, 661, 170, 133
track:496, 847, 656, 170, 133
track:497, 847, 656, 170, 133
track:498, 845, 653, 170, 133
track:499, 844, 649, 170, 133
track:500, 844, 643, 170, 133
track:501, 844, 641, 170, 133
track:502, 843, 639, 170, 133
track:503, 843, 636, 170, 133
track:504, 844, 636, 170, 133
init :505, 853, 630, 156, 140
track:506, 852, 630, 156, 140
track:507, 853, 630, 156, 140
track:508, 848, 625, 164, 147
track:509, 848, 622, 164, 147
track:510, 848, 620, 164, 147
track:511, 848, 618, 164, 147
track:512, 851, 620, 156, 140
track:513, 851, 619, 156, 140
track:514, 851, 621, 156, 140
track:515, 852, 622, 156, 140
track:516, 851, 621, 156, 140
track:517, 855, 624, 149, 133
track:518, 855, 621, 149, 133
track:519, 855, 620, 149, 133
track:520, 855, 619, 149, 133
track:521, 855, 618, 149, 133
track:522, 856, 618, 149, 133
track:523, 858, 623, 141, 127
track:524, 859, 625, 141, 127
track:525, 861, 627, 141, 127
track:526, 862, 627, 141, 127
track:527, 866, 631, 135, 121
track:528, 866, 630, 135, 121
track:529, 865, 629, 135, 121
track:530, 870, 630, 128, 115
track:531, 869, 629, 128, 115
track:532, 870, 628, 128, 115
track:533, 872, 629, 128, 115
track:534, 872, 630, 128, 115
track:535, 872, 631, 128, 115
track:536, 875, 636, 122, 110
track:537, 875, 636, 122, 110
track:538, 876, 638, 122, 110
track:539, 877, 639, 122, 110
track:540, 880, 641, 116, 104
track:543, 881, 645, 111, 99
track:544, 879, 645, 111, 99
track:546, 878, 651, 111, 99
track:547, 877, 652, 111, 99
track:548, 879, 655, 106, 95
track:549, 879, 657, 106, 95
track:550, 877, 660, 106, 95
track:551, 876, 661, 106, 95
track:552, 876, 661, 106, 95
track:553, 874, 661, 106, 95
track:554, 874, 660, 106, 95
track:555, 874, 660, 106, 95
track:556, 874, 660, 106, 95
track:557, 874, 661, 106, 95
track:558, 873, 666, 106, 95
track:559, 876, 671, 101, 90
track:560, 878, 675, 96, 86
track:561, 878, 679, 96, 86
track:562, 878, 679, 96, 86
track:563, 880, 683, 91, 82
track:564, 879, 685, 91, 82
track:565, 880, 687, 91, 82
track:566, 879, 688, 91, 82
track:567, 879, 688, 91, 82
init :568, 876, 693, 96, 77
track:569, 876, 693, 96, 77
track:570, 875, 698, 96, 77
track:571, 875, 700, 96, 77
track:572, 876, 701, 96, 77
track:573, 877, 702, 96, 77
track:574, 878, 704, 96, 77
track:575, 879, 704, 96, 77
track:576, 878, 702, 96, 77
track:577, 877, 701, 96, 77
track:578, 877, 699, 96, 77
track:579, 878, 697, 96, 77
track:580, 876, 695, 101, 81
track:581, 877, 695, 101, 81
track:582, 877, 695, 101, 81
track:583, 876, 698, 101, 81
track:584, 876, 699, 101, 81
track:585, 876, 699, 101, 81
track:586, 876, 699, 101, 81
track:587, 875, 700, 101, 81
track:588, 876, 700, 101, 81
track:589, 876, 699, 101, 81
track:590, 876, 699, 101, 81
track:591, 872, 698, 106, 85
track:592, 872, 698, 106, 85
track:593, 871, 697, 106, 85
track:594, 871, 695, 106, 85
track:595, 871, 687, 106, 85
track:596, 868, 682, 111, 89
track:597, 867, 682, 111, 89
track:598, 866, 678, 111, 89
track:599, 865, 670, 111, 89
track:600, 866, 668, 111, 89
track:601, 866, 667, 111, 89
track:602, 867, 668, 111, 89
track:603, 866, 666, 111, 89
track:604, 863, 660, 117, 94
track:605, 863, 657, 117, 94
track:606, 863, 656, 117, 94
track:607, 863, 656, 117, 94
track:608, 863, 655, 117, 94
track:609, 863, 655, 117, 94
track:610, 860, 654, 123, 98
track:611, 860, 658, 123, 98
track:612, 860, 659, 123, 98
track:613, 860, 662, 123, 98
track:614, 859, 663, 123, 98
track:615, 860, 665, 123, 98
track:616, 859, 668, 123, 98
track:617, 859, 669, 123, 98
track:618, 859, 668, 123, 98
track:619, 859, 667, 123, 98
track:620, 860, 666, 123, 98
track:621, 861, 666, 123, 98
track:622, 860, 665, 123, 98
track:623, 857, 663, 129, 103
track:624, 857, 662, 129, 103
track:625, 857, 661, 129, 103
track:626, 855, 660, 135, 108
track:627, 855, 660, 135, 108
track:628, 856, 661, 135, 108
track:629, 854, 660, 135, 108
track:630, 855, 658, 135, 108
init :631, 858, 656, 143, 114
track:632, 858, 656, 143, 114
track:633, 860, 660, 143, 114
track:634, 857, 662, 150, 120
track:635, 857, 664, 150, 120
track:636, 859, 665, 150, 120
track:637, 859, 666, 150, 120
track:638, 860, 667, 150, 120
track:639, 861, 667, 150, 120
track:640, 862, 666, 150, 120
track:641, 861, 665, 150, 120
track:642, 861, 664, 150, 120
track:643, 861, 663, 150, 120
track:644, 862, 662, 150, 120
track:645, 864, 654, 143, 114
track:646, 866, 653, 143, 114
track:647, 865, 652, 143, 114
track:648, 866, 652, 143, 114
track:649, 865, 652, 143, 114
track:650, 867, 653, 143, 114
track:651, 869, 652, 143, 114
track:652, 870, 651, 143, 114
track:653, 871, 651, 143, 114
track:654, 871, 652, 143, 114
track:655, 871, 657, 143, 114
track:656, 873, 660, 143, 114
track:657, 873, 660, 143, 114
track:658, 875, 663, 143, 114
track:659, 872, 659, 150, 120
track:660, 872, 659, 150, 120
track:661, 872, 658, 150, 120
track:662, 872, 658, 150, 120
track:663, 874, 658, 150, 120
track:664, 875, 657, 150, 120
track:665, 876, 655, 150, 120
track:666, 876, 653, 150, 120
track:667, 876, 653, 150, 120
track:668, 877, 651, 150, 120
track:669, 877, 650, 150, 120
track:670, 877, 650, 150, 120
track:671, 875, 650, 150, 120
track:672, 875, 650, 150, 120
track:673, 873, 650, 150, 120
track:674, 872, 649, 150, 120
track:675, 872, 648, 150, 120
track:676, 871, 648, 150, 120
track:677, 871, 649, 150, 120
track:678, 868, 651, 150, 120
track:679, 868, 660, 150, 120
track:680, 868, 667, 150, 120
track:681, 869, 670, 150, 120
track:682, 869, 670, 150, 120
track:683, 867, 668, 150, 120
track:684, 865, 668, 150, 120
track:685, 865, 671, 150, 120
track:686, 865, 672, 150, 120
track:687, 865, 673, 150, 120
track:688, 865, 672, 150, 120
track:689, 864, 671, 150, 120
track:690, 863, 670, 150, 120
track:691, 862, 667, 150, 120
track:692, 862, 667, 150, 120
track:693, 862, 665, 150, 120
init :694, 858, 664, 147, 116
track:695, 859, 664, 147, 116
track:696, 857, 664, 147, 116
track:697, 858, 664, 147, 116
track:698, 856, 663, 147, 116
track:699, 854, 663, 147, 116
track:700, 853, 664, 147, 116
track:701, 853, 665, 147, 116
track:702, 854, 665, 147, 116
track:703, 854, 668, 147, 116
track:704, 849, 671, 154, 122
track:705, 848, 675, 154, 122
track:706, 847, 678, 154, 122
track:707, 846, 678, 154, 122
track:708, 846, 680, 154, 122
track:709, 847, 680, 154, 122
track:710, 847, 678, 154, 122
track:711, 847, 677, 154, 122
track:712, 846, 673, 154, 122
track:713, 846, 673, 154, 122
track:714, 846, 672, 154, 122
track:715, 845, 675, 154, 122
track:716, 845, 675, 154, 122
track:717, 846, 676, 154, 122
track:718, 846, 677, 154, 122
track:719, 847, 677, 154, 122
track:720, 847, 677, 154, 122
track:721, 848, 677, 154, 122
track:722, 848, 677, 154, 122
track:723, 848, 677, 154, 122
track:724, 848, 674, 154, 122
track:725, 845, 668, 162, 128
track:726, 845, 667, 162, 128
track:727, 845, 665, 162, 128
track:728, 845, 662, 162, 128
track:729, 846, 657, 162, 128
track:730, 847, 655, 162, 128
track:731, 847, 655, 162, 128
track:732, 847, 656, 162, 128
track:733, 846, 654, 162, 128
track:734, 842, 647, 170, 134
track:735, 844, 643, 170, 134
track:736, 844, 642, 170, 134
track:737, 845, 639, 170, 134
track:738, 842, 639, 170, 134
track:739, 847, 642, 162, 128
track:740, 849, 642, 162, 128
track:741, 849, 643, 162, 128
track:742, 849, 644, 162, 128
track:743, 848, 645, 162, 128
track:744, 847, 644, 162, 128
track:745, 847, 642, 162, 128
track:746, 848, 642, 162, 128
track:747, 848, 640, 162, 128
track:748, 848, 632, 162, 128
track:749, 847, 626, 162, 128
track:750, 846, 625, 162, 128
track:751, 846, 625, 162, 128
track:752, 845, 627, 162, 128
track:753, 846, 627, 162, 128
track:754, 848, 628, 162, 128
track:755, 850, 628, 162, 128
track:756, 851, 629, 162, 128
init :757, 853, 633, 161, 111
track:758, 852, 632, 161, 111
track:759, 852, 635, 161, 111
track:760, 851, 638, 161, 111
track:761, 852, 639, 161, 111
track:762, 854, 640, 161, 111
track:763, 858, 639, 161, 111
track:764, 858, 639, 161, 111
track:765, 856, 640, 161, 111
track:766, 856, 640, 161, 111
track:767, 855, 640, 161, 111
track:768, 855, 642, 161, 111
track:769, 856, 643, 161, 111
track:770, 858, 653, 161, 111
track:771, 859, 653, 161, 111
track:772, 860, 653, 161, 111
track:773, 864, 654, 153, 106
track:774, 866, 653, 153, 106
track:775, 866, 654, 153, 106
track:776, 867, 653, 153, 106
track:777, 867, 652, 153, 106
track:778, 868, 652, 153, 106
track:779, 869, 652, 153, 106
track:780, 869, 653, 153, 106
track:781, 869, 653, 153, 106
track:782, 869, 653, 153, 106
track:783, 869, 652, 153, 106
track:784, 873, 653, 146, 101
track:785, 872, 653, 146, 101
track:786, 872, 653, 146, 101
track:787, 871, 655, 146, 101
track:788, 874, 657, 139, 96
track:789, 873, 658, 139, 96
track:790, 873, 657, 139, 96
track:791, 873, 657, 139, 96
track:792, 872, 656, 139, 96
track:793, 872, 658, 139, 96
track:794, 872, 659, 139, 96
track:795, 872, 663, 139, 96
track:796, 873, 663, 139, 96
track:797, 873, 663, 139, 96
track:798, 873, 662, 139, 96
track:799, 872, 662, 139, 96
track:800, 873, 664, 139, 96
track:801, 872, 665, 139, 96
track:802, 872, 665, 139, 96
track:803, 872, 665, 139, 96
track:804, 872, 666, 139, 96
track:805, 871, 666, 139, 96
track:806, 871, 666, 139, 96
track:807, 870, 666, 139, 96
track:808, 869, 667, 139, 96
track:809, 869, 670, 139, 96
track:810, 871, 672, 139, 96
track:811, 871, 672, 139, 96
track:812, 870, 673, 139, 96
track:813, 867, 673, 139, 96
track:814, 866, 673, 139, 96
track:815, 865, 673, 139, 96
track:816, 865, 673, 139, 96
track:817, 865, 675, 139, 96
track:818, 860, 679, 146, 101
track:819, 859, 681, 146, 101
init :820, 858, 680, 147, 127
track:821, 858, 680, 147, 127
track:822, 857, 681, 147, 127
track:823, 857, 679, 147, 127
track:824, 857, 678, 147, 127
track:825, 855, 679, 147, 127
track:826, 855, 679, 147, 127
track:827, 851, 681, 154, 133
track:828, 851, 685, 154, 133
track:829, 852, 688, 154, 133
track:830, 850, 686, 162, 140
track:831, 850, 687, 162, 140
track:832, 851, 688, 162, 140
track:833, 854, 685, 162, 140
track:834, 854, 678, 162, 140
track:835, 855, 670, 162, 140
track:836, 855, 668, 162, 140
track:837, 855, 663, 162, 140
track:838, 853, 662, 162, 140
track:839, 852, 658, 162, 140
track:840, 851, 653, 162, 140
track:841, 850, 652, 162, 140
track:842, 844, 648, 170, 147
track:843, 836, 640, 179, 154
track:844, 834, 636, 179, 154
track:845, 828, 623, 179, 154
track:846, 827, 623, 179, 154
track:847, 826, 614, 179, 154
track:848, 827, 610, 179, 154
track:849, 825, 608, 179, 154
track:850, 825, 606, 179, 154
track:851, 825, 606, 179, 154
track:852, 824, 599, 188, 162
track:853, 829, 595, 188, 162
track:854, 826, 592, 197, 170
track:855, 826, 597, 197, 170
track:856, 826, 597, 197, 170
track:857, 826, 598, 197, 170
track:858, 828, 596, 197, 170
track:859, 828, 592, 197, 170
track:860, 827, 590, 197, 170
track:861, 828, 591, 197, 170
track:862, 828, 592, 197, 170
track:863, 828, 598, 197, 170
track:864, 834, 605, 188, 162
track:865, 835, 613, 188, 162
track:866, 834, 613, 188, 162
track:867, 833, 617, 188, 162
track:868, 833, 619, 188, 162
track:869, 835, 620, 188, 162
track:870, 835, 623, 188, 162
track:871, 835, 626, 188, 162
track:872, 836, 625, 188, 162
track:873, 841, 630, 179, 154
track:874, 842, 629, 179, 154
track:875, 842, 631, 179, 154
track:876, 848, 634, 170, 147
track:877, 849, 636, 170, 147
track:878, 855, 639, 162, 140
track:879, 855, 638, 162, 140
track:880, 855, 639, 162, 140
track:881, 856, 638, 162, 140
track:882, 859, 641, 154, 133
init :883, 867, 646, 143, 124
track:884, 869, 646, 143, 124
track:885, 870, 646, 143, 124
track:886, 871, 646, 143, 124
track:887, 872, 648, 143, 124
track:888, 873, 648, 143, 124
track:889, 874, 647, 143, 124
track:890, 875, 646, 143, 124
track:891, 876, 646, 143, 124
track:892, 881, 648, 136, 118
track:893, 882, 646, 136, 118
track:894, 885, 648, 130, 112
track:895, 886, 648, 130, 112
track:896, 886, 648, 130, 112
track:897, 886, 648, 130, 112
track:898, 884, 647, 130, 112
track:899, 882, 647, 130, 112
track:900, 885, 651, 124, 107
track:901, 884, 651, 124, 107
track:902, 884, 652, 124, 107
track:903, 882, 653, 124, 107
track:904, 882, 653, 124, 107
track:905, 883, 653, 124, 107
track:906, 883, 653, 124, 107
track:907, 908, 640, 124, 107
track:908, 915, 638, 124, 107
track:909, 919, 646, 118, 102
track:910, 922, 657, 112, 97
track:911, 921, 658, 112, 97
track:912, 924, 661, 112, 97
track:913, 927, 668, 107, 93
track:914, 925, 667, 112, 97
track:915, 923, 671, 112, 97
track:916, 926, 671, 112, 97
track:917, 927, 674, 112, 97
track:918, 927, 675, 112, 97
track:919, 928, 675, 112, 97
track:920, 929, 679, 107, 93
track:921, 927, 677, 107, 93
track:922, 924, 678, 107, 93
track:923, 917, 678, 107, 93
track:924, 915, 678, 102, 88
track:925, 906, 678, 102, 88
track:926, 905, 679, 102, 88
track:927, 901, 676, 107, 93
track:928, 890, 676, 107, 93
track:929, 883, 676, 107, 93
track:930, 883, 676, 102, 88
track:931, 881, 675, 102, 88
track:932, 878, 674, 102, 88
track:933, 878, 672, 102, 88
track:934, 874, 669, 102, 88
track:935, 873, 666, 102, 88
track:936, 873, 666, 102, 88
track:937, 873, 664, 102, 88
track:938, 873, 662, 102, 88
track:939, 872, 660, 102, 88
track:940, 871, 659, 102, 88
track:941, 871, 659, 102, 88
track:942, 870, 657, 102, 88
track:943, 869, 656, 102, 88
track:944, 869, 657, 97, 84
track:945, 867, 657, 97, 84
init :946, 766, 573, 341, 225
track:947, 765, 574, 341, 225
track:948, 762, 574, 341, 225
track:949, 762, 576, 341, 225
track:950, 758, 576, 341, 225
track:951, 755, 576, 341, 225
track:952, 755, 579, 341, 225
track:953, 753, 580, 341, 225
track:954, 751, 582, 341, 225
track:955, 748, 583, 341, 225
track:956, 745, 585, 341, 225
track:957, 744, 586, 341, 225
track:958, 742, 587, 341, 225
track:959, 742, 589, 341, 225
track:960, 742, 590, 341, 225
track:961, 741, 591, 341, 225
track:962, 735, 585, 358, 236
track:963, 735, 585, 358, 236
track:964, 735, 591, 341, 225
track:965, 736, 591, 341, 225
track:966, 726, 591, 341, 225
track:967, 724, 593, 341, 225
track:968, 720, 594, 341, 225
track:969, 716, 596, 341, 225
track:970, 711, 589, 358, 236
track:971, 708, 591, 358, 236
track:972, 696, 591, 358, 236
track:973, 694, 590, 358, 236
track:974, 691, 593, 358, 236
track:975, 690, 592, 358, 236
track:976, 687, 592, 358, 236
track:977, 684, 592, 358, 236
track:978, 681, 593, 358, 236
track:979, 682, 593, 358, 236
track:980, 681, 593, 358, 236
track:981, 677, 593, 358, 236
track:982, 679, 594, 358, 236
track:983, 682, 596, 358, 236
track:984, 689, 603, 341, 225
track:985, 686, 602, 341, 225
track:986, 689, 603, 341, 225
track:987, 688, 601, 341, 225
track:988, 694, 603, 341, 225
track:989, 696, 608, 325, 214
track:990, 702, 613, 309, 204
track:991, 701, 612, 309, 204
track:992, 709, 617, 295, 194
track:993, 709, 615, 295, 194
track:994, 706, 615, 295, 194
track:995, 707, 615, 295, 194
track:996, 703, 608, 309, 204
track:997, 704, 606, 309, 204
track:998, 714, 609, 295, 194
track:999, 719, 606, 295, 194
track:1000, 711, 600, 309, 204
track:1001, 723, 603, 295, 194
track:1002, 734, 604, 281, 185
track:1003, 738, 601, 281, 185
track:1004, 744, 598, 281, 185
track:1005, 745, 597, 281, 185
track:1006, 752, 600, 267, 176
track:1007, 756, 596, 267, 176
track:1008, 757, 592, 267, 176
init :1009, 761, 573, 489, 199
track:1010, 761, 573, 489, 199
track:1011, 771, 578, 466, 190
track:1012, 768, 577, 466, 190
track:1013, 761, 578, 466, 190
track:1014, 757, 578, 466, 190
track:1015, 757, 577, 466, 190
track:1016, 753, 576, 466, 190
track:1017, 751, 575, 466, 190
track:1018, 747, 576, 466, 190
track:1019, 731, 571, 489, 199
track:1020, 729, 569, 489, 199
track:1021, 731, 570, 489, 199
track:1022, 742, 574, 466, 190
track:1023, 740, 574, 466, 190
track:1024, 736, 575, 466, 190
track:1025, 738, 575, 466, 190
track:1026, 736, 575, 466, 190
track:1027, 731, 577, 466, 190
track:1028, 740, 579, 444, 180
track:1029, 736, 579, 444, 180
track:1030, 731, 580, 444, 180
track:1031, 728, 581, 444, 180
track:1032, 726, 584, 444, 180
track:1033, 722, 585, 444, 180
track:1034, 719, 586, 444, 180
track:1035, 717, 588, 444, 180
track:1036, 714, 589, 444, 180
track:1037, 713, 592, 444, 180
track:1038, 710, 595, 444, 180
track:1039, 714, 598, 444, 180
track:1040, 712, 600, 444, 180
track:1041, 712, 601, 444, 180
track:1042, 716, 607, 422, 172
track:1043, 714, 607, 422, 172
track:1044, 717, 608, 422, 172
track:1045, 716, 610, 422, 172
track:1046, 723, 615, 402, 164
track:1047, 728, 616, 402, 164
track:1048, 724, 614, 422, 172
track:1049, 730, 612, 422, 172
track:1050, 733, 610, 422, 172
track:1051, 727, 604, 444, 180
track:1052, 732, 604, 444, 180
track:1053, 748, 606, 422, 172
track:1054, 758, 604, 422, 172
track:1055, 758, 605, 422, 172
track:1056, 763, 605, 422, 172
track:1057, 758, 603, 444, 180
track:1058, 767, 608, 422, 172
track:1059, 775, 612, 402, 164
track:1060, 773, 612, 402, 164
track:1061, 773, 612, 402, 164
track:1062, 769, 614, 402, 164
track:1063, 770, 615, 402, 164
track:1064, 771, 614, 402, 164
track:1065, 755, 610, 422, 172
track:1066, 740, 608, 444, 180
track:1067, 725, 606, 444, 180
track:1068, 712, 604, 466, 190
track:1069, 712, 608, 444, 180
track:1070, 726, 611, 422, 172
track:1071, 709, 614, 422, 172
init :1072, 743, 625, 438, 124
track:1073, 731, 626, 438, 124
track:1074, 721, 626, 438, 124
track:1075, 707, 623, 460, 130
track:1076, 701, 624, 460, 130
track:1077, 690, 624, 460, 130
track:1078, 671, 620, 483, 137
track:1079, 655, 621, 483, 137
track:1080, 653, 622, 483, 137
track:1081, 657, 624, 460, 130
track:1082, 653, 626, 460, 130
track:1083, 646, 626, 460, 130
track:1084, 655, 630, 438, 124
track:1085, 651, 630, 438, 124
track:1086, 653, 630, 438, 124
track:1087, 651, 629, 438, 124
track:1088, 653, 628, 438, 124
track:1089, 653, 629, 438, 124
track:1090, 655, 630, 438, 124
track:1091, 656, 631, 438, 124
track:1092, 656, 631, 438, 124
track:1093, 645, 629, 460, 130
track:1094, 647, 628, 460, 130
track:1095, 645, 630, 460, 130
track:1096, 648, 631, 460, 130
track:1097, 648, 631, 460, 130
track:1098, 651, 631, 460, 130
track:1099, 665, 635, 438, 124
track:1100, 675, 638, 417, 118
track:1101, 675, 637, 417, 118
track:1102, 676, 637, 417, 118
track:1103, 676, 637, 417, 118
track:1104, 678, 640, 397, 112
track:1105, 689, 641, 378, 107
track:1106, 683, 640, 378, 107
track:1107, 689, 640, 360, 102
track:1108, 679, 639, 378, 107
track:1109, 674, 640, 378, 107
track:1110, 674, 641, 378, 107
track:1111, 666, 641, 378, 107
track:1112, 662, 642, 378, 107
track:1113, 664, 645, 360, 102
track:1114, 663, 644, 360, 102
track:1115, 672, 647, 343, 97
track:1116, 678, 648, 327, 93
track:1117, 668, 644, 343, 97
track:1118, 672, 642, 343, 97
track:1119, 672, 641, 343, 97
track:1120, 670, 641, 343, 97
track:1121, 671, 641, 343, 97
track:1122, 667, 640, 343, 97
track:1123, 670, 641, 327, 93
track:1124, 676, 642, 327, 93
track:1125, 677, 641, 327, 93
track:1126, 685, 644, 311, 88
track:1127, 690, 645, 311, 88
track:1128, 696, 647, 311, 88
track:1129, 713, 644, 311, 88
track:1130, 704, 644, 327, 93
track:1131, 706, 645, 327, 93
track:1132, 786, 635, 343, 97
track:1133, 778, 635, 360, 102
track:1134, 779, 635, 360, 102
init :1135, 803, 630, 276, 179
track:1136, 803, 631, 276, 179
track:1137, 805, 628, 276, 179
track:1138, 804, 627, 276, 179
track:1139, 799, 628, 276, 179
track:1140, 797, 629, 276, 179
track:1141, 791, 630, 276, 179
track:1142, 785, 631, 276, 179
track:1143, 777, 631, 276, 179
track:1144, 757, 631, 276, 179
track:1145, 766, 638, 263, 170
track:1146, 761, 637, 263, 170
track:1147, 751, 638, 263, 170
track:1148, 745, 635, 276, 179
track:1149, 748, 639, 263, 170
track:1150, 747, 639, 263, 170
track:1151, 744, 641, 263, 170
track:1152, 733, 638, 276, 179
track:1153, 733, 641, 276, 179
track:1154, 730, 638, 276, 179
track:1155, 728, 637, 276, 179
track:1156, 733, 643, 276, 179
track:1157, 732, 640, 276, 179
track:1158, 733, 639, 276, 179
track:1159, 740, 639, 276, 179
track:1160, 744, 638, 276, 179
track:1161, 743, 637, 276, 179
track:1162, 753, 637, 276, 179
track:1163, 752, 638, 276, 179
track:1164, 751, 638, 276, 179
track:1165, 750, 638, 276, 179
track:1166, 749, 639, 276, 179
track:1167, 753, 639, 276, 179
track:1168, 747, 637, 276, 179
track:1169, 736, 636, 276, 179
track:1170, 740, 637, 276, 179
track:1171, 746, 642, 263, 170
track:1172, 740, 641, 263, 170
track:1173, 736, 640, 263, 170
track:1174, 745, 644, 250, 162
track:1175, 738, 639, 263, 170
track:1176, 722, 639, 263, 170
track:1177, 724, 639, 263, 170
track:1178, 728, 636, 263, 170
track:1179, 728, 633, 263, 170
track:1180, 716, 627, 276, 179
track:1181, 720, 629, 263, 170
track:1182, 723, 628, 263, 170
track:1183, 732, 631, 250, 162
track:1184, 726, 627, 250, 162
track:1185, 721, 626, 250, 162
track:1186, 721, 625, 250, 162
track:1187, 730, 629, 238, 155
track:1188, 736, 629, 238, 155
track:1189, 744, 633, 227, 147
track:1190, 742, 632, 227, 147
track:1191, 741, 629, 227, 147
track:1192, 749, 629, 216, 140
track:1193, 745, 627, 216, 140
track:1194, 744, 625, 216, 140
track:1195, 743, 624, 216, 140
track:1196, 748, 627, 206, 134
track:1197, 749, 629, 196, 127
init :1198, 793, 628, 373, 111
track:1199, 791, 629, 373, 111
track:1200, 792, 628, 373, 111
track:1201, 790, 628, 373, 111
track:1202, 789, 628, 373, 111
track:1203, 791, 627, 373, 111
track:1204, 801, 628, 355, 106
track:1205, 809, 630, 338, 101
track:1206, 822, 634, 322, 96
track:1207, 826, 634, 322, 96
track:1208, 829, 634, 322, 96
track:1209, 829, 634, 322, 96
track:1210, 839, 634, 322, 96
track:1211, 843, 635, 322, 96
track:1212, 849, 636, 322, 96
track:1213, 849, 637, 322, 96
track:1214, 856, 639, 307, 91
track:1215, 860, 640, 307, 91
track:1216, 861, 642, 307, 91
track:1217, 858, 644, 307, 91
track:1218, 864, 648, 292, 87
track:1219, 868, 650, 278, 83
track:1220, 868, 651, 278, 83
track:1221, 864, 652, 278, 83
track:1222, 870, 656, 265, 79
track:1223, 874, 658, 252, 75
track:1224, 872, 659, 252, 75
track:1225, 873, 659, 252, 75
track:1226, 873, 659, 252, 75
track:1227, 879, 661, 240, 72
track:1228, 885, 662, 229, 68
track:1229, 893, 663, 218, 65
track:1230, 892, 664, 218, 65
track:1231, 893, 663, 218, 65
track:1232, 892, 665, 218, 65
track:1233, 892, 666, 218, 65
track:1234, 890, 666, 218, 65
track:1235, 893, 669, 208, 62
track:1236, 895, 670, 198, 59
track:1237, 894, 671, 198, 59
track:1238, 899, 672, 188, 56
track:1239, 899, 672, 188, 56
track:1240, 898, 671, 188, 56
track:1241, 897, 671, 188, 56
track:1242, 901, 673, 179, 53
track:1243, 907, 676, 171, 51
track:1244, 911, 677, 163, 48
track:1245, 914, 677, 155, 46
track:1246, 922, 679, 148, 44
track:1247, 922, 681, 141, 42
track:1248, 921, 682, 141, 42
track:1249, 922, 684, 134, 40
track:1250, 925, 685, 128, 38
track:1251, 928, 685, 121, 36
track:1252, 919, 686, 116, 34
track:1253, 920, 685, 116, 34
track:1254, 918, 684, 116, 34
track:1255, 950, 684, 116, 34
track:1256, 971, 682, 116, 34
track:1257, 968, 680, 116, 34
track:1258, 960, 679, 116, 34
track:1259, 959, 678, 116, 34
track:1260, 959, 677, 110, 33
init :1261, 793, 589, 73, 51
track:1262, 820, 590, 73, 51
track:1263, 846, 588, 77, 54
track:1264, 847, 588, 77, 54
track:1265, 861, 589, 77, 54
track:1266, 894, 589, 77, 54
track:1267, 918, 589, 77, 54
track:1268, 917, 583, 73, 51
track:1269, 919, 584, 70, 49
track:1270, 940, 586, 70, 49
track:1271, 954, 584, 66, 46
track:1272, 969, 582, 66, 46
track:1273, 971, 587, 66, 46
track:1274, 949, 582, 66, 46
track:1275, 942, 589, 66, 46
track:1276, 950, 593, 66, 46
track:1277, 954, 592, 70, 49
track:1278, 963, 587, 70, 49
track:1279, 962, 588, 70, 49
track:1280, 977, 588, 70, 49
track:1281, 988, 589, 73, 51
track:1282, 965, 588, 77, 54
track:1283, 963, 588, 77, 54
track:1284, 960, 588, 80, 56
track:1285, 951, 586, 85, 59
track:1286, 931, 586, 85, 59
track:1287, 924, 587, 85, 59
track:1288, 930, 589, 80, 56
track:1289, 930, 593, 77, 54
track:1290, 946, 595, 73, 51
track:1291, 959, 597, 73, 51
track:1292, 949, 596, 73, 51
track:1293, 957, 599, 70, 49
track:1294, 956, 596, 73, 51
track:1295, 973, 599, 77, 54
track:1296, 983, 603, 80, 56
track:1297, 1002, 610, 80, 56
track:1298, 1015, 610, 80, 56
track:1299, 1017, 611, 77, 54
track:1300, 1023, 612, 77, 54
track:1301, 1022, 610, 77, 54
track:1302, 1028, 611, 77, 54
track:1303, 1011, 602, 80, 56
track:1304, 1003, 595, 85, 59
track:1305, 982, 596, 89, 62
track:1306, 991, 595, 89, 62
track:1307, 1007, 595, 89, 62
track:1308, 1016, 596, 89, 62
track:1309, 1017, 594, 89, 62
track:1310, 1027, 595, 89, 62
track:1311, 1034, 597, 93, 65
track:1312, 1049, 600, 93, 65
track:1313, 1060, 603, 93, 65
track:1314, 1067, 603, 93, 65
track:1315, 1079, 603, 93, 65
track:1316, 1101, 605, 93, 65
track:1317, 1102, 604, 98, 68
track:1318, 1119, 609, 93, 65
track:1319, 1118, 605, 89, 62
track:1320, 1127, 606, 89, 62
track:1321, 1135, 609, 89, 62
track:1322, 1123, 618, 85, 59
track:1323, 1123, 618, 85, 59
init :1324, 863, 672, 170, 57
track:1325, 863, 672, 170, 57
track:1326, 860, 671, 178, 60
track:1327, 859, 670, 187, 63
track:1328, 861, 671, 187, 63
track:1329, 861, 672, 187, 63
track:1330, 864, 674, 178, 60
track:1331, 863, 674, 178, 60
track:1332, 860, 674, 178, 60
track:1333, 861, 676, 170, 57
track:1334, 860, 675, 170, 57
track:1335, 858, 676, 170, 57
track:1336, 852, 675, 170, 57
track:1337, 848, 676, 170, 57
track:1338, 845, 675, 170, 57
track:1339, 841, 674, 178, 60
track:1340, 840, 675, 178, 60
track:1341, 840, 675, 178, 60
track:1342, 839, 675, 178, 60
track:1343, 843, 676, 170, 57
track:1344, 839, 676, 178, 60
track:1345, 840, 676, 178, 60
track:1346, 839, 676, 178, 60
track:1347, 835, 676, 187, 63
track:1348, 834, 676, 187, 63
track:1349, 834, 676, 187, 63
track:1350, 833, 677, 187, 63
track:1351, 832, 677, 187, 63
track:1352, 830, 677, 187, 63
track:1353, 830, 678, 187, 63
track:1354, 829, 678, 187, 63
track:1355, 830, 678, 187, 63
track:1356, 832, 679, 187, 63
track:1357, 831, 679, 187, 63
track:1358, 831, 679, 187, 63
track:1359, 831, 679, 187, 63
track:1360, 830, 680, 187, 63
track:1361, 834, 681, 178, 60
track:1362, 834, 682, 178, 60
track:1363, 835, 683, 178, 60
track:1364, 831, 682, 187, 63
track:1365, 831, 682, 187, 63
track:1366, 831, 683, 187, 63
track:1367, 830, 683, 187, 63
track:1368, 829, 683, 187, 63
track:1369, 829, 683, 187, 63
track:1370, 831, 684, 187, 63
track:1371, 829, 685, 187, 63
track:1372, 825, 686, 187, 63
track:1373, 824, 686, 187, 63
track:1374, 824, 687, 187, 63
track:1375, 820, 688, 187, 63
track:1376, 817, 688, 187, 63
track:1377, 816, 688, 187, 63
track:1378, 813, 689, 187, 63
track:1379, 808, 688, 197, 66
track:1380, 803, 689, 197, 66
track:1381, 799, 690, 197, 66
track:1382, 798, 692, 197, 66
track:1383, 794, 693, 197, 66
track:1384, 793, 693, 197, 66
track:1385, 791, 694, 197, 66
track:1386, 794, 696, 187, 63
init :1387, 812, 700, 198, 62
track:1388, 813, 700, 198, 62
track:1389, 814, 701, 198, 62
track:1390, 816, 701, 198, 62
track:1391, 831, 703, 198, 62
track:1392, 829, 704, 198, 62
track:1393, 832, 705, 198, 62
track:1394, 833, 705, 198, 62
track:1395, 834, 706, 198, 62
track:1396, 835, 706, 198, 62
track:1397, 835, 707, 198, 62
track:1398, 835, 708, 198, 62
track:1399, 835, 708, 198, 62
track:1400, 831, 708, 198, 62
track:1401, 821, 709, 208, 65
track:1402, 818, 710, 208, 65
track:1403, 807, 710, 218, 68
track:1404, 805, 711, 218, 68
track:1405, 801, 711, 218, 68
track:1406, 799, 711, 218, 68
track:1407, 800, 713, 208, 65
track:1408, 797, 712, 208, 65
track:1409, 796, 712, 208, 65
track:1410, 794, 712, 208, 65
track:1411, 795, 713, 208, 65
track:1412, 796, 715, 208, 65
track:1413, 797, 715, 208, 65
track:1414, 797, 716, 208, 65
track:1415, 799, 716, 208, 65
track:1416, 799, 716, 208, 65
track:1417, 798, 717, 208, 65
track:1418, 791, 717, 218, 68
track:1419, 787, 715, 229, 72
track:1420, 786, 716, 229, 72
track:1421, 787, 719, 218, 68
track:1422, 786, 719, 218, 68
track:1423, 785, 720, 218, 68
track:1424, 785, 720, 218, 68
track:1425, 787, 720, 218, 68
track:1426, 783, 718, 229, 72
track:1427, 782, 719, 229, 72
track:1428, 783, 720, 229, 72
track:1429, 777, 719, 241, 75
track:1430, 776, 719, 241, 75
track:1431, 776, 720, 241, 75
track:1432, 773, 722, 241, 75
track:1433, 776, 724, 229, 72
track:1434, 771, 723, 241, 75
track:1435, 770, 724, 241, 75
track:1436, 764, 724, 253, 79
track:1437, 768, 726, 241, 75
track:1438, 765, 727, 241, 75
track:1439, 760, 726, 253, 79
track:1440, 757, 727, 253, 79
track:1441, 757, 728, 253, 79
track:1442, 755, 729, 253, 79
track:1443, 752, 730, 253, 79
track:1444, 753, 730, 241, 75
track:1445, 743, 728, 253, 79
track:1446, 745, 729, 241, 75
track:1447, 737, 729, 241, 75
track:1448, 739, 728, 241, 75
track:1449, 735, 728, 241, 75
init :1450, 766, 716, 240, 124
track:1451, 768, 716, 240, 124
track:1452, 770, 716, 240, 124
track:1453, 780, 719, 229, 118
track:1454, 781, 720, 229, 118
track:1455, 785, 720, 229, 118
track:1456, 791, 720, 229, 118
track:1457, 795, 720, 229, 118
track:1458, 798, 721, 229, 118
track:1459, 801, 721, 229, 118
track:1460, 805, 723, 229, 118
track:1461, 811, 723, 229, 118
track:1462, 811, 724, 229, 118
track:1463, 815, 726, 218, 112
track:1464, 816, 727, 218, 112
track:1465, 826, 729, 207, 107
track:1466, 830, 731, 207, 107
track:1467, 833, 733, 207, 107
track:1468, 833, 732, 207, 107
track:1469, 830, 734, 207, 107
track:1470, 833, 735, 218, 112
track:1471, 831, 733, 218, 112
track:1472, 810, 733, 218, 112
track:1473, 800, 731, 218, 112
track:1474, 811, 730, 207, 107
track:1475, 810, 728, 207, 107
track:1476, 803, 729, 207, 107
track:1477, 795, 727, 218, 112
track:1478, 790, 725, 218, 112
track:1479, 792, 720, 218, 112
track:1480, 796, 714, 218, 112
track:1481, 805, 708, 218, 112
track:1482, 792, 711, 207, 107
track:1483, 790, 708, 218, 112
track:1484, 786, 703, 229, 118
track:1485, 783, 703, 229, 118
track:1486, 786, 702, 229, 118
track:1487, 798, 706, 218, 112
track:1488, 799, 706, 218, 112
track:1489, 794, 703, 229, 118
track:1490, 792, 700, 229, 118
track:1491, 788, 692, 240, 124
track:1492, 793, 692, 229, 118
track:1493, 801, 696, 218, 112
track:1494, 791, 691, 218, 112
track:1495, 792, 689, 218, 112
track:1496, 796, 685, 207, 107
track:1497, 801, 685, 197, 102
track:1498, 798, 683, 197, 102
track:1499, 783, 676, 207, 107
track:1500, 774, 673, 207, 107
track:1501, 770, 669, 207, 107
track:1502, 775, 669, 197, 102
track:1503, 774, 668, 197, 102
track:1504, 772, 664, 197, 102
track:1505, 776, 661, 188, 97
track:1506, 765, 658, 188, 97
track:1507, 765, 654, 188, 97
track:1508, 767, 652, 188, 97
track:1509, 764, 652, 188, 97
track:1510, 769, 650, 179, 93
track:1511, 767, 646, 179, 93
track:1512, 765, 646, 171, 88
init :1513, 821, 620, 304, 116
track:1514, 806, 620, 304, 116
track:1515, 783, 620, 304, 116
track:1516, 766, 622, 290, 110
track:1517, 732, 620, 304, 116
track:1518, 741, 623, 290, 110
track:1519, 714, 623, 290, 110
track:1520, 690, 623, 290, 110
track:1521, 671, 624, 290, 110
track:1522, 659, 625, 290, 110
track:1523, 657, 624, 290, 110
track:1524, 651, 627, 290, 110
track:1525, 646, 626, 290, 110
track:1526, 657, 628, 276, 105
track:1527, 666, 630, 263, 100
track:1528, 666, 629, 263, 100
track:1529, 697, 631, 250, 95
track:1530, 718, 630, 250, 95
track:1531, 745, 630, 250, 95
track:1532, 769, 629, 250, 95
track:1533, 775, 632, 238, 91
track:1534, 800, 631, 238, 91
track:1535, 826, 631, 238, 91
track:1536, 848, 632, 238, 91
track:1537, 862, 630, 250, 95
track:1538, 862, 631, 250, 95
track:1539, 874, 633, 238, 91
track:1540, 888, 634, 227, 87
track:1541, 895, 636, 227, 87
track:1542, 896, 637, 227, 87
track:1543, 896, 638, 227, 87
track:1544, 900, 641, 216, 82
track:1545, 894, 640, 227, 87
track:1546, 882, 642, 227, 87
track:1547, 879, 645, 227, 87
track:1548, 877, 644, 227, 87
track:1549, 879, 648, 216, 82
track:1550, 871, 648, 216, 82
track:1551, 855, 650, 216, 82
track:1552, 853, 651, 216, 82
track:1553, 852, 651, 216, 82
track:1554, 854, 654, 206, 79
track:1555, 855, 655, 206, 79
track:1556, 859, 655, 206, 79
track:1557, 864, 654, 206, 79
track:1558, 864, 654, 206, 79
track:1559, 868, 654, 206, 79
track:1560, 876, 654, 206, 79
track:1561, 878, 655, 206, 79
track:1562, 882, 657, 206, 79
track:1563, 881, 657, 206, 79
track:1564, 881, 656, 206, 79
track:1565, 890, 658, 196, 75
track:1566, 895, 660, 187, 71
track:1567, 892, 660, 187, 71
track:1568, 892, 660, 187, 71
track:1569, 891, 661, 187, 71
track:1570, 893, 662, 187, 71
track:1571, 892, 660, 187, 71
track:1572, 884, 658, 187, 71
track:1573, 884, 661, 187, 71
track:1574, 886, 661, 178, 68
track:1575, 890, 662, 169, 65
init :1576, 913, 672, 147, 75
track:1577, 911, 673, 147, 75
track:1578, 910, 673, 147, 75
track:1579, 909, 673, 147, 75
track:1580, 906, 673, 147, 75
track:1581, 904, 675, 140, 71
track:1582, 901, 676, 140, 71
track:1583, 897, 674, 147, 75
track:1584, 897, 674, 147, 75
track:1585, 894, 675, 147, 75
track:1586, 893, 675, 147, 75
track:1587, 893, 675, 147, 75
track:1588, 892, 675, 147, 75
track:1589, 894, 677, 140, 71
track:1590, 890, 676, 147, 75
track:1591, 888, 677, 147, 75
track:1592, 890, 677, 147, 75
track:1593, 887, 677, 147, 75
track:1594, 887, 677, 147, 75
track:1595, 885, 678, 147, 75
track:1596, 880, 678, 147, 75
track:1599, 878, 680, 147, 75
track:1600, 881, 682, 140, 71
track:1601, 877, 681, 140, 71
track:1602, 876, 681, 140, 71
track:1603, 881, 683, 133, 68
track:1604, 874, 680, 140, 71
track:1605, 873, 680, 140, 71
track:1606, 869, 681, 140, 71
track:1607, 869, 680, 140, 71
track:1608, 868, 682, 133, 68
elapseTime: 16.156
