init :7, 821, 630, 235, 197
track:8, 821, 630, 235, 197
track:9, 822, 630, 235, 197
track:10, 821, 631, 235, 197
track:11, 823, 630, 235, 197
track:12, 823, 630, 235, 197
track:13, 824, 630, 235, 197
track:14, 824, 630, 235, 197
track:15, 824, 630, 235, 197
track:16, 825, 630, 235, 197
track:17, 826, 630, 235, 197
track:18, 825, 630, 235, 197
init :19, 821, 633, 240, 194
track:20, 821, 634, 240, 194
track:21, 822, 634, 240, 194
track:22, 822, 634, 240, 194
track:23, 823, 635, 240, 194
track:24, 824, 636, 240, 194
track:25, 824, 635, 240, 194
track:26, 825, 634, 240, 194
track:27, 824, 634, 240, 194
track:28, 825, 635, 240, 194
track:29, 825, 635, 240, 194
track:30, 825, 635, 240, 194
track:31, 826, 634, 240, 194
track:32, 825, 634, 240, 194
track:33, 825, 634, 240, 194
track:34, 825, 634, 240, 194
track:35, 825, 634, 240, 194
track:36, 825, 634, 240, 194
init :37, 826, 633, 240, 194
track:38, 827, 633, 240, 194
track:39, 827, 633, 240, 194
track:40, 828, 633, 240, 194
track:41, 828, 633, 240, 194
track:42, 828, 633, 240, 194
track:43, 828, 632, 240, 194
track:44, 828, 632, 240, 194
track:45, 829, 632, 240, 194
track:46, 834, 637, 229, 185
track:48, 828, 632, 240, 194
track:49, 828, 632, 240, 194
track:50, 828, 632, 240, 194
track:51, 828, 631, 240, 194
track:52, 828, 631, 240, 194
track:53, 828, 631, 240, 194
track:54, 828, 631, 240, 194
init :55, 830, 630, 235, 197
track:56, 830, 630, 235, 197
track:57, 830, 630, 235, 197
track:58, 829, 631, 235, 197
track:59, 830, 630, 235, 197
track:60, 829, 631, 235, 197
track:61, 829, 630, 235, 197
track:62, 829, 631, 235, 197
track:63, 828, 630, 235, 197
track:64, 829, 631, 235, 197
track:65, 828, 630, 235, 197
track:66, 828, 630, 235, 197
track:67, 829, 630, 235, 197
track:68, 828, 630, 235, 197
track:69, 828, 630, 235, 197
track:70, 828, 631, 235, 197
track:71, 828, 630, 235, 197
track:72, 827, 631, 235, 197
init :73, 826, 630, 235, 197
track:74, 826, 630, 235, 197
track:75, 826, 630, 235, 197
track:76, 825, 631, 235, 197
track:77, 826, 631, 235, 197
track:78, 824, 631, 235, 197
track:79, 825, 631, 235, 197
track:80, 826, 631, 235, 197
track:81, 824, 631, 235, 197
track:82, 825, 630, 235, 197
track:83, 826, 631, 235, 197
track:84, 825, 631, 235, 197
track:85, 825, 631, 235, 197
track:86, 825, 632, 235, 197
track:87, 825, 631, 235, 197
track:88, 825, 632, 235, 197
track:89, 825, 631, 235, 197
track:90, 825, 632, 235, 197
init :91, 821, 633, 240, 197
track:92, 821, 633, 240, 197
track:93, 821, 633, 240, 197
track:94, 821, 634, 240, 197
track:95, 821, 633, 240, 197
track:96, 823, 633, 240, 197
track:97, 824, 633, 240, 197
track:98, 824, 632, 240, 197
track:99, 823, 631, 240, 197
track:100, 825, 631, 240, 197
track:101, 826, 631, 240, 197
track:102, 827, 629, 240, 197
track:103, 827, 629, 240, 197
track:104, 827, 629, 240, 197
track:105, 826, 628, 240, 197
track:106, 827, 627, 240, 197
track:107, 828, 628, 240, 197
track:108, 829, 626, 240, 197
init :109, 835, 623, 235, 194
track:110, 835, 622, 235, 194
track:111, 835, 620, 235, 194
track:112, 836, 618, 235, 194
track:113, 837, 616, 235, 194
track:114, 836, 617, 235, 194
track:115, 837, 615, 235, 194
track:116, 838, 613, 235, 194
track:117, 844, 615, 224, 185
track:120, 845, 613, 224, 185
track:121, 848, 610, 224, 185
track:122, 847, 608, 224, 185
track:123, 845, 607, 224, 185
track:124, 847, 606, 224, 185
track:125, 851, 609, 213, 176
track:126, 850, 606, 213, 176
init :127, 858, 607, 184, 168
track:128, 858, 607, 184, 168
track:129, 858, 607, 184, 168
track:130, 857, 608, 184, 168
track:131, 857, 609, 184, 168
track:132, 860, 614, 184, 168
track:133, 861, 615, 184, 168
track:134, 856, 612, 193, 176
track:135, 856, 613, 193, 176
track:136, 857, 614, 193, 176
track:137, 857, 617, 193, 176
track:138, 859, 619, 193, 176
track:139, 865, 623, 184, 168
track:140, 869, 625, 175, 160
track:141, 869, 623, 175, 160
track:142, 867, 624, 175, 160
track:143, 866, 624, 175, 160
track:144, 865, 624, 175, 160
init :145, 858, 625, 180, 150
track:146, 858, 625, 180, 150
track:147, 859, 627, 180, 150
track:148, 860, 629, 180, 150
track:149, 864, 633, 171, 143
track:150, 864, 636, 171, 143
track:151, 865, 639, 171, 143
track:152, 865, 642, 171, 143
track:153, 865, 644, 171, 143
track:154, 860, 641, 180, 150
track:155, 861, 642, 180, 150
track:156, 861, 644, 180, 150
track:157, 862, 645, 180, 150
track:158, 862, 646, 180, 150
track:159, 862, 646, 180, 150
track:160, 862, 646, 180, 150
track:161, 860, 647, 180, 150
track:162, 856, 647, 180, 150
init :163, 863, 656, 170, 150
track:164, 863, 656, 170, 150
track:165, 863, 656, 170, 150
track:166, 863, 657, 170, 150
track:167, 863, 657, 170, 150
track:168, 864, 658, 170, 150
track:169, 864, 658, 170, 150
track:170, 865, 657, 170, 150
track:171, 867, 655, 170, 150
track:172, 867, 654, 170, 150
track:173, 867, 654, 170, 150
track:174, 866, 654, 170, 150
track:175, 864, 654, 170, 150
track:176, 863, 655, 170, 150
track:177, 862, 655, 170, 150
track:178, 864, 656, 170, 150
track:179, 865, 656, 170, 150
track:180, 865, 658, 170, 150
init :181, 867, 656, 161, 150
track:182, 867, 658, 161, 150
track:183, 869, 661, 161, 150
track:184, 869, 661, 161, 150
track:185, 870, 664, 161, 150
track:186, 864, 659, 169, 158
track:187, 860, 654, 169, 158
track:188, 857, 652, 169, 158
track:189, 855, 652, 169, 158
track:190, 858, 654, 161, 150
track:191, 857, 651, 161, 150
track:192, 857, 646, 161, 150
track:193, 856, 646, 161, 150
track:194, 856, 644, 161, 150
track:195, 857, 643, 161, 150
track:196, 858, 642, 161, 150
track:197, 859, 640, 161, 150
track:198, 857, 641, 161, 150
init :199, 858, 636, 161, 150
track:200, 857, 638, 161, 150
track:201, 855, 638, 161, 150
track:202, 854, 637, 161, 150
track:203, 854, 635, 161, 150
track:204, 854, 635, 161, 150
track:205, 854, 634, 161, 150
track:206, 855, 633, 161, 150
track:207, 854, 631, 161, 150
track:208, 853, 630, 161, 150
track:209, 851, 628, 161, 150
track:210, 850, 626, 161, 150
track:211, 850, 624, 161, 150
track:212, 850, 622, 161, 150
track:213, 848, 620, 161, 150
track:214, 849, 619, 161, 150
track:215, 850, 617, 161, 150
track:216, 849, 616, 161, 150
init :217, 849, 630, 147, 124
track:218, 849, 630, 147, 124
track:219, 849, 631, 147, 124
track:220, 849, 636, 147, 124
track:221, 848, 638, 147, 124
track:222, 848, 640, 147, 124
track:223, 848, 641, 147, 124
track:224, 848, 643, 147, 124
track:225, 848, 644, 147, 124
track:226, 848, 645, 147, 124
track:227, 852, 648, 140, 118
track:228, 852, 648, 140, 118
track:229, 851, 649, 140, 118
track:230, 852, 649, 140, 118
track:231, 852, 648, 140, 118
track:232, 851, 645, 140, 118
track:233, 850, 645, 140, 118
track:234, 853, 647, 133, 112
init :235, 853, 646, 129, 106
track:236, 850, 642, 135, 111
track:237, 853, 644, 135, 111
track:238, 853, 644, 135, 111
track:239, 853, 646, 135, 111
track:240, 854, 648, 135, 111
track:241, 854, 650, 135, 111
track:242, 855, 650, 135, 111
track:243, 854, 650, 135, 111
track:244, 854, 650, 135, 111
track:245, 854, 652, 135, 111
track:246, 854, 652, 135, 111
track:247, 854, 653, 135, 111
track:248, 854, 652, 135, 111
track:249, 858, 655, 129, 106
track:250, 857, 656, 129, 106
track:251, 858, 658, 129, 106
track:252, 862, 661, 123, 101
init :253, 867, 659, 120, 101
track:254, 868, 662, 120, 101
track:255, 869, 665, 120, 101
track:256, 868, 666, 120, 101
track:257, 870, 670, 120, 101
track:258, 870, 671, 120, 101
track:259, 871, 673, 120, 101
track:260, 871, 674, 120, 101
track:261, 871, 675, 120, 101
track:262, 871, 675, 120, 101
track:263, 871, 676, 120, 101
track:264, 871, 678, 120, 101
track:265, 871, 679, 120, 101
track:266, 871, 680, 120, 101
track:267, 871, 682, 120, 101
track:268, 870, 682, 120, 101
track:269, 870, 683, 120, 101
track:270, 871, 685, 120, 101
init :271, 867, 687, 124, 101
track:272, 868, 690, 124, 101
track:273, 868, 690, 124, 101
track:274, 868, 692, 124, 101
track:275, 869, 694, 124, 101
track:276, 869, 697, 124, 101
track:277, 871, 699, 124, 101
track:278, 872, 700, 124, 101
track:279, 870, 697, 130, 106
track:280, 867, 694, 137, 111
track:281, 869, 693, 137, 111
track:282, 870, 695, 137, 111
track:283, 871, 696, 137, 111
track:284, 872, 698, 137, 111
track:285, 871, 695, 144, 117
track:286, 873, 695, 144, 117
track:287, 870, 690, 151, 123
track:288, 870, 689, 151, 123
init :289, 872, 677, 161, 150
track:290, 872, 673, 161, 150
track:291, 872, 667, 161, 150
track:292, 870, 659, 169, 158
track:293, 871, 659, 169, 158
track:294, 871, 657, 169, 158
track:295, 869, 650, 178, 165
track:296, 871, 650, 178, 165
track:297, 866, 647, 186, 174
track:298, 861, 643, 196, 182
track:299, 859, 644, 196, 182
track:300, 858, 645, 196, 182
track:301, 855, 647, 196, 182
track:302, 850, 648, 205, 191
track:303, 845, 646, 216, 201
track:304, 843, 649, 216, 201
track:305, 837, 645, 227, 211
track:306, 831, 641, 238, 222
init :307, 816, 636, 263, 228
track:308, 816, 636, 263, 228
track:309, 815, 634, 263, 228
track:310, 815, 629, 263, 228
track:311, 814, 616, 263, 228
track:312, 813, 605, 263, 228
track:313, 813, 605, 263, 228
track:314, 815, 598, 263, 228
track:315, 821, 593, 250, 217
track:316, 820, 585, 250, 217
track:317, 823, 577, 250, 217
track:318, 829, 581, 239, 207
track:319, 831, 580, 239, 207
track:320, 836, 570, 239, 207
track:321, 839, 564, 239, 207
track:322, 843, 569, 227, 197
track:323, 842, 566, 227, 197
track:324, 847, 574, 216, 188
init :325, 853, 573, 198, 166
track:326, 853, 568, 198, 166
track:327, 852, 568, 198, 166
track:328, 851, 567, 198, 166
track:329, 853, 578, 189, 158
track:330, 850, 584, 189, 158
track:331, 845, 582, 198, 166
track:332, 843, 586, 198, 166
track:333, 844, 586, 198, 166
track:334, 842, 588, 198, 166
track:335, 842, 590, 198, 166
track:336, 842, 592, 198, 166
track:337, 842, 593, 198, 166
track:338, 842, 593, 198, 166
track:339, 848, 596, 189, 158
track:340, 849, 592, 189, 158
track:341, 850, 593, 189, 158
track:342, 849, 591, 189, 158
init :343, 858, 602, 175, 153
track:344, 858, 601, 175, 153
track:345, 857, 598, 175, 153
track:346, 859, 600, 175, 153
track:347, 862, 604, 167, 146
track:348, 862, 604, 167, 146
track:349, 863, 606, 167, 146
track:350, 864, 610, 167, 146
track:351, 867, 616, 159, 139
track:352, 868, 620, 159, 139
track:353, 869, 620, 159, 139
track:354, 872, 626, 151, 132
track:355, 874, 629, 144, 126
track:356, 874, 629, 144, 126
track:357, 873, 630, 144, 126
track:358, 874, 630, 144, 126
track:359, 873, 630, 144, 126
track:360, 872, 630, 144, 126
init :361, 872, 636, 138, 98
track:362, 871, 636, 138, 98
track:363, 871, 636, 138, 98
track:364, 871, 637, 138, 98
track:365, 871, 638, 138, 98
track:366, 871, 639, 138, 98
track:367, 871, 640, 138, 98
track:368, 871, 641, 138, 98
track:369, 870, 641, 138, 98
track:370, 869, 647, 138, 98
track:371, 868, 652, 138, 98
track:372, 871, 658, 131, 93
track:373, 870, 659, 131, 93
track:374, 870, 661, 131, 93
track:375, 868, 661, 131, 93
track:376, 866, 662, 131, 93
track:377, 865, 663, 131, 93
track:378, 864, 663, 131, 93
init :379, 867, 662, 115, 98
track:380, 867, 661, 115, 98
track:381, 867, 661, 115, 98
track:382, 865, 662, 115, 98
track:383, 864, 662, 115, 98
track:384, 864, 662, 115, 98
track:385, 863, 661, 115, 98
track:386, 863, 661, 115, 98
track:387, 862, 661, 115, 98
track:388, 863, 661, 115, 98
track:389, 862, 660, 115, 98
track:390, 862, 660, 115, 98
track:391, 862, 662, 115, 98
track:392, 862, 665, 115, 98
track:393, 863, 666, 115, 98
track:394, 862, 666, 115, 98
track:395, 864, 672, 115, 98
track:396, 864, 675, 115, 98
init :397, 867, 687, 110, 77
track:398, 867, 687, 110, 77
track:399, 869, 691, 110, 77
track:400, 870, 696, 110, 77
track:401, 871, 702, 110, 77
track:402, 872, 705, 110, 77
track:403, 873, 706, 110, 77
track:404, 873, 708, 110, 77
track:405, 874, 708, 110, 77
track:406, 874, 708, 110, 77
track:407, 875, 708, 110, 77
track:408, 875, 708, 110, 77
track:409, 875, 706, 110, 77
track:410, 876, 705, 110, 77
track:411, 877, 701, 110, 77
track:412, 881, 701, 105, 73
track:413, 878, 699, 110, 77
track:414, 878, 698, 110, 77
init :415, 886, 700, 101, 80
track:416, 886, 701, 101, 80
track:417, 887, 702, 101, 80
track:418, 886, 702, 101, 80
track:419, 887, 703, 101, 80
track:420, 885, 704, 101, 80
track:421, 883, 704, 101, 80
track:422, 884, 702, 101, 80
track:423, 881, 700, 106, 84
track:424, 881, 697, 106, 84
track:425, 880, 696, 106, 84
track:426, 880, 693, 106, 84
track:427, 879, 691, 106, 84
track:428, 878, 691, 106, 84
track:429, 878, 691, 106, 84
track:430, 877, 692, 106, 84
track:431, 877, 692, 106, 84
track:432, 876, 692, 106, 84
init :433, 872, 690, 110, 83
track:434, 871, 690, 110, 83
track:435, 871, 691, 110, 83
track:436, 871, 691, 110, 83
track:437, 870, 693, 110, 83
track:438, 870, 694, 110, 83
track:439, 871, 695, 110, 83
track:440, 872, 696, 110, 83
track:441, 872, 696, 110, 83
track:442, 872, 695, 110, 83
track:443, 873, 696, 110, 83
track:444, 873, 696, 110, 83
track:445, 873, 697, 110, 83
track:446, 874, 698, 110, 83
track:447, 873, 697, 110, 83
track:448, 873, 696, 110, 83
track:449, 873, 695, 110, 83
track:450, 873, 695, 110, 83
init :451, 872, 693, 115, 93
track:452, 873, 695, 115, 93
track:453, 872, 695, 115, 93
track:454, 874, 695, 115, 93
track:455, 875, 696, 115, 93
track:456, 876, 696, 115, 93
track:457, 875, 696, 115, 93
track:458, 875, 696, 115, 93
track:459, 875, 695, 115, 93
track:460, 874, 693, 115, 93
track:461, 876, 693, 115, 93
track:462, 876, 693, 115, 93
track:463, 873, 691, 121, 98
track:464, 872, 688, 121, 98
track:465, 872, 685, 121, 98
track:466, 873, 686, 121, 98
track:467, 872, 686, 121, 98
track:468, 872, 687, 121, 98
init :469, 867, 685, 129, 103
track:470, 868, 687, 129, 103
track:471, 869, 688, 129, 103
track:472, 869, 688, 129, 103
track:473, 869, 690, 129, 103
track:474, 870, 693, 129, 103
track:475, 869, 690, 135, 108
track:476, 871, 689, 135, 108
track:477, 871, 689, 135, 108
track:478, 872, 689, 135, 108
track:479, 874, 686, 135, 108
track:480, 876, 677, 135, 108
track:481, 874, 672, 142, 114
track:482, 874, 672, 142, 114
track:483, 873, 663, 149, 119
track:484, 874, 661, 149, 119
track:485, 876, 661, 149, 119
track:486, 876, 665, 149, 119
init :487, 872, 656, 161, 147
track:488, 872, 660, 161, 147
track:490, 863, 660, 169, 154
track:491, 862, 661, 169, 154
track:492, 861, 662, 169, 154
track:493, 859, 662, 169, 154
track:494, 859, 662, 169, 154
track:495, 855, 655, 169, 154
track:496, 853, 650, 169, 154
track:497, 853, 649, 169, 154
track:498, 851, 647, 169, 154
track:499, 851, 643, 169, 154
track:500, 849, 639, 169, 154
track:501, 849, 635, 169, 154
track:502, 849, 635, 169, 154
track:503, 849, 632, 169, 154
track:504, 849, 630, 169, 154
init :505, 853, 630, 156, 140
track:506, 852, 630, 156, 140
track:507, 853, 630, 156, 140
track:508, 848, 625, 164, 147
track:509, 848, 622, 164, 147
track:510, 848, 620, 164, 147
track:511, 848, 618, 164, 147
track:512, 851, 620, 156, 140
track:513, 851, 619, 156, 140
track:514, 851, 621, 156, 140
track:515, 852, 622, 156, 140
track:516, 851, 621, 156, 140
track:517, 855, 624, 149, 133
track:518, 855, 621, 149, 133
track:519, 855, 620, 149, 133
track:520, 855, 619, 149, 133
track:521, 855, 618, 149, 133
track:522, 856, 618, 149, 133
init :523, 858, 628, 147, 106
track:524, 859, 630, 147, 106
track:525, 860, 632, 147, 106
track:526, 860, 634, 147, 106
track:527, 861, 634, 147, 106
track:528, 864, 636, 140, 101
track:529, 864, 635, 140, 101
track:530, 865, 634, 140, 101
track:531, 866, 634, 140, 101
track:532, 866, 634, 140, 101
track:533, 871, 636, 133, 96
track:534, 872, 636, 133, 96
track:535, 870, 637, 133, 96
track:536, 873, 641, 127, 92
track:537, 874, 642, 127, 92
track:538, 873, 643, 127, 92
track:539, 874, 645, 127, 92
track:540, 878, 647, 121, 87
init :543, 876, 649, 120, 90
track:544, 876, 649, 120, 90
track:546, 875, 656, 120, 90
track:547, 874, 656, 120, 90
track:548, 873, 659, 120, 90
track:549, 873, 661, 120, 90
track:550, 872, 662, 120, 90
track:551, 874, 666, 114, 86
track:552, 874, 666, 114, 86
track:553, 873, 666, 114, 86
track:554, 872, 665, 114, 86
track:555, 872, 665, 114, 86
track:556, 871, 666, 114, 86
track:557, 871, 666, 114, 86
track:558, 870, 671, 114, 86
init :559, 876, 677, 96, 80
track:560, 876, 679, 96, 80
track:561, 876, 683, 96, 80
track:562, 876, 684, 96, 80
track:563, 876, 686, 96, 80
track:564, 876, 688, 96, 80
track:565, 876, 690, 96, 80
track:566, 876, 692, 96, 80
track:567, 876, 693, 96, 80
track:568, 877, 695, 96, 80
track:569, 878, 696, 96, 80
track:570, 877, 699, 96, 80
track:571, 877, 702, 96, 80
track:572, 877, 702, 96, 80
track:573, 878, 705, 96, 80
track:574, 879, 706, 96, 80
track:575, 879, 705, 96, 80
track:576, 878, 703, 96, 80
init :577, 872, 700, 101, 75
track:578, 872, 699, 101, 75
track:579, 873, 696, 101, 75
track:580, 874, 697, 101, 75
track:581, 874, 696, 101, 75
track:582, 874, 697, 101, 75
track:583, 874, 699, 101, 75
track:584, 874, 701, 101, 75
track:585, 874, 700, 101, 75
track:586, 873, 701, 101, 75
track:587, 871, 700, 106, 79
track:588, 871, 701, 106, 79
track:589, 872, 699, 106, 79
track:590, 871, 699, 106, 79
track:591, 870, 700, 106, 79
track:592, 869, 700, 106, 79
track:593, 868, 699, 106, 79
track:594, 868, 697, 106, 79
init :595, 872, 685, 110, 85
track:596, 871, 683, 110, 85
track:597, 870, 683, 110, 85
track:598, 870, 678, 110, 85
track:599, 870, 673, 110, 85
track:600, 870, 669, 110, 85
track:601, 871, 668, 110, 85
track:602, 871, 668, 110, 85
track:603, 871, 668, 110, 85
track:604, 870, 662, 110, 85
track:605, 870, 659, 110, 85
track:606, 870, 658, 110, 85
track:607, 870, 659, 110, 85
track:608, 870, 658, 110, 85
track:609, 871, 658, 110, 85
track:610, 871, 660, 110, 85
track:611, 871, 662, 110, 85
track:612, 870, 663, 110, 85
init :613, 863, 659, 129, 109
track:614, 864, 660, 129, 109
track:615, 864, 663, 129, 109
track:616, 863, 665, 129, 109
track:617, 863, 665, 129, 109
track:618, 864, 666, 129, 109
track:619, 860, 662, 135, 114
track:620, 862, 661, 135, 114
track:621, 862, 660, 135, 114
track:622, 862, 660, 135, 114
track:623, 862, 660, 135, 114
track:624, 861, 658, 135, 114
track:625, 861, 658, 135, 114
track:626, 862, 659, 135, 114
track:627, 863, 660, 135, 114
track:628, 863, 661, 135, 114
track:629, 862, 660, 135, 114
track:630, 862, 657, 135, 114
init :631, 858, 656, 143, 114
track:632, 858, 656, 143, 114
track:633, 860, 660, 143, 114
track:634, 857, 662, 150, 120
track:635, 857, 664, 150, 120
track:636, 859, 665, 150, 120
track:637, 859, 666, 150, 120
track:638, 860, 667, 150, 120
track:639, 861, 667, 150, 120
track:640, 862, 666, 150, 120
track:641, 861, 665, 150, 120
track:642, 861, 664, 150, 120
track:643, 861, 663, 150, 120
track:644, 862, 662, 150, 120
track:645, 864, 654, 143, 114
track:646, 866, 653, 143, 114
track:647, 865, 652, 143, 114
track:648, 866, 652, 143, 114
init :649, 863, 651, 143, 119
track:650, 865, 652, 143, 119
track:651, 867, 652, 143, 119
track:652, 867, 652, 143, 119
track:653, 869, 652, 143, 119
track:654, 868, 653, 143, 119
track:655, 870, 656, 143, 119
track:656, 871, 659, 143, 119
track:657, 872, 660, 143, 119
track:658, 870, 661, 150, 125
track:659, 874, 662, 143, 119
track:660, 874, 662, 143, 119
track:661, 874, 661, 143, 119
track:662, 876, 660, 143, 119
track:663, 876, 660, 143, 119
track:664, 876, 659, 143, 119
track:665, 878, 656, 143, 119
track:666, 878, 656, 143, 119
init :667, 881, 654, 138, 116
track:668, 879, 650, 145, 122
track:669, 879, 649, 145, 122
track:670, 879, 649, 145, 122
track:671, 878, 650, 145, 122
track:672, 877, 650, 145, 122
track:673, 876, 650, 145, 122
track:674, 874, 649, 145, 122
track:675, 874, 648, 145, 122
track:676, 873, 648, 145, 122
track:677, 872, 648, 145, 122
track:678, 870, 651, 145, 122
track:679, 871, 660, 145, 122
track:680, 873, 666, 145, 122
track:681, 872, 668, 145, 122
track:682, 871, 670, 145, 122
track:683, 870, 668, 145, 122
track:684, 867, 668, 145, 122
init :685, 867, 669, 143, 124
track:686, 868, 671, 143, 124
track:687, 867, 671, 143, 124
track:688, 867, 672, 143, 124
track:689, 862, 668, 150, 130
track:690, 861, 667, 150, 130
track:691, 860, 663, 150, 130
track:692, 861, 663, 150, 130
track:693, 860, 663, 150, 130
track:694, 860, 662, 150, 130
track:695, 861, 662, 150, 130
track:696, 860, 660, 150, 130
track:697, 859, 659, 150, 130
track:698, 857, 657, 150, 130
track:699, 855, 658, 150, 130
track:700, 855, 659, 150, 130
track:701, 855, 661, 150, 130
track:702, 856, 661, 150, 130
init :703, 858, 672, 147, 122
track:704, 857, 675, 147, 122
track:705, 857, 681, 147, 122
track:706, 855, 683, 147, 122
track:707, 855, 683, 147, 122
track:708, 855, 685, 147, 122
track:709, 855, 685, 147, 122
track:710, 854, 684, 147, 122
track:711, 855, 683, 147, 122
track:712, 855, 681, 147, 122
track:713, 854, 679, 147, 122
track:714, 854, 678, 147, 122
track:715, 850, 677, 154, 128
track:716, 853, 680, 147, 122
track:717, 853, 682, 147, 122
track:718, 854, 682, 147, 122
track:719, 855, 682, 147, 122
track:720, 856, 682, 147, 122
init :721, 853, 675, 147, 124
track:722, 853, 675, 147, 124
track:723, 853, 675, 147, 124
track:724, 854, 671, 147, 124
track:725, 854, 668, 147, 124
track:726, 854, 668, 147, 124
track:727, 854, 666, 147, 124
track:728, 855, 663, 147, 124
track:729, 852, 654, 154, 130
track:730, 852, 652, 154, 130
track:731, 853, 651, 154, 130
track:732, 853, 653, 154, 130
track:733, 852, 651, 154, 130
track:734, 853, 647, 154, 130
track:735, 854, 643, 154, 130
track:736, 855, 641, 154, 130
track:737, 854, 640, 154, 130
track:738, 853, 638, 154, 130
init :739, 849, 636, 166, 127
track:740, 850, 637, 166, 127
track:741, 850, 638, 166, 127
track:742, 851, 639, 166, 127
track:743, 850, 639, 166, 127
track:744, 850, 640, 166, 127
track:745, 850, 638, 166, 127
track:746, 850, 638, 166, 127
track:747, 850, 636, 166, 127
track:748, 850, 627, 166, 127
track:749, 848, 622, 166, 127
track:750, 847, 622, 166, 127
track:751, 846, 621, 166, 127
track:752, 847, 624, 166, 127
track:753, 852, 627, 158, 121
track:754, 858, 630, 151, 115
track:755, 861, 629, 151, 115
track:756, 861, 629, 151, 115
init :757, 853, 633, 161, 111
track:758, 852, 632, 161, 111
track:759, 852, 635, 161, 111
track:760, 851, 638, 161, 111
track:761, 852, 639, 161, 111
track:762, 854, 640, 161, 111
track:763, 858, 639, 161, 111
track:764, 858, 639, 161, 111
track:765, 856, 640, 161, 111
track:766, 856, 640, 161, 111
track:767, 855, 640, 161, 111
track:768, 855, 642, 161, 111
track:769, 856, 643, 161, 111
track:770, 858, 653, 161, 111
track:771, 859, 653, 161, 111
track:772, 860, 653, 161, 111
track:773, 864, 654, 153, 106
track:774, 866, 653, 153, 106
init :775, 872, 646, 143, 124
track:776, 872, 646, 143, 124
track:777, 872, 646, 143, 124
track:778, 873, 645, 143, 124
track:779, 874, 645, 143, 124
track:780, 874, 645, 143, 124
track:781, 874, 645, 143, 124
track:782, 875, 645, 143, 124
track:783, 874, 646, 143, 124
track:784, 878, 647, 136, 118
track:785, 880, 650, 130, 112
track:786, 880, 651, 130, 112
track:787, 880, 651, 130, 112
track:788, 879, 651, 130, 112
track:789, 878, 652, 130, 112
track:790, 878, 651, 130, 112
track:791, 877, 651, 130, 112
track:792, 873, 647, 136, 118
init :793, 876, 654, 133, 93
track:794, 876, 655, 133, 93
track:795, 876, 658, 133, 93
track:796, 876, 659, 133, 93
track:797, 877, 659, 133, 93
track:798, 876, 659, 133, 93
track:799, 876, 660, 133, 93
track:800, 876, 661, 133, 93
track:801, 876, 661, 133, 93
track:802, 875, 662, 133, 93
track:803, 875, 663, 133, 93
track:804, 876, 663, 133, 93
track:805, 874, 663, 133, 93
track:806, 874, 664, 133, 93
track:807, 873, 663, 133, 93
track:808, 873, 664, 133, 93
track:809, 873, 665, 133, 93
track:810, 874, 667, 133, 93
init :811, 872, 662, 138, 106
track:812, 870, 663, 138, 106
track:813, 869, 663, 138, 106
track:814, 868, 663, 138, 106
track:815, 864, 662, 145, 111
track:816, 864, 661, 145, 111
track:817, 865, 664, 145, 111
track:818, 866, 672, 138, 106
track:819, 865, 673, 138, 106
track:820, 861, 682, 145, 111
track:821, 860, 683, 145, 111
track:822, 860, 683, 145, 111
track:823, 859, 682, 145, 111
track:824, 859, 681, 145, 111
track:825, 857, 681, 145, 111
track:826, 857, 681, 145, 111
track:827, 857, 685, 145, 111
track:828, 854, 690, 152, 117
init :829, 853, 685, 156, 145
track:830, 854, 686, 156, 145
track:831, 855, 686, 156, 145
track:832, 855, 687, 156, 145
track:833, 858, 685, 156, 145
track:834, 859, 677, 156, 145
track:835, 854, 666, 164, 152
track:836, 854, 666, 164, 152
track:837, 854, 660, 164, 152
track:838, 849, 655, 172, 160
track:839, 847, 650, 172, 160
track:840, 844, 646, 172, 160
track:841, 845, 646, 172, 160
track:842, 843, 645, 172, 160
track:843, 840, 639, 172, 160
track:844, 838, 636, 172, 160
track:845, 832, 621, 172, 160
track:846, 831, 621, 172, 160
init :847, 821, 612, 189, 160
track:848, 822, 608, 189, 160
track:849, 818, 604, 198, 168
track:850, 823, 606, 189, 160
track:851, 822, 605, 189, 160
track:852, 822, 598, 198, 168
track:853, 825, 594, 198, 168
track:854, 827, 595, 198, 168
track:855, 826, 600, 198, 168
track:856, 827, 601, 198, 168
track:857, 826, 602, 198, 168
track:858, 832, 602, 189, 160
track:859, 832, 597, 189, 160
track:860, 833, 596, 189, 160
track:861, 833, 595, 189, 160
track:862, 833, 597, 189, 160
track:863, 833, 602, 189, 160
track:864, 835, 607, 189, 160
init :865, 844, 623, 175, 147
track:866, 844, 623, 175, 147
track:867, 844, 628, 175, 147
track:868, 844, 630, 175, 147
track:869, 844, 631, 175, 147
track:870, 845, 635, 175, 147
track:871, 850, 638, 167, 140
track:872, 851, 640, 167, 140
track:873, 851, 639, 167, 140
track:874, 852, 639, 167, 140
track:875, 855, 642, 159, 133
track:876, 856, 643, 159, 133
track:877, 856, 643, 159, 133
track:878, 857, 644, 159, 133
track:879, 860, 643, 159, 133
track:880, 859, 643, 159, 133
track:881, 859, 642, 159, 133
track:882, 860, 642, 159, 133
init :883, 867, 646, 143, 124
track:884, 869, 646, 143, 124
track:885, 870, 646, 143, 124
track:886, 871, 646, 143, 124
track:887, 872, 648, 143, 124
track:888, 873, 648, 143, 124
track:889, 874, 647, 143, 124
track:890, 875, 646, 143, 124
track:891, 876, 646, 143, 124
track:892, 881, 648, 136, 118
track:893, 882, 646, 136, 118
track:894, 885, 648, 130, 112
track:895, 886, 648, 130, 112
track:896, 886, 648, 130, 112
track:897, 886, 648, 130, 112
track:898, 884, 647, 130, 112
track:899, 882, 647, 130, 112
track:900, 885, 651, 124, 107
init :901, 881, 651, 124, 93
track:902, 880, 652, 124, 93
track:903, 880, 653, 124, 93
track:904, 881, 653, 124, 93
track:905, 880, 654, 124, 93
track:906, 881, 654, 124, 93
track:907, 856, 634, 124, 93
track:908, 847, 634, 124, 93
track:909, 849, 641, 124, 93
track:910, 842, 642, 124, 93
track:911, 844, 643, 124, 93
track:912, 840, 645, 130, 98
track:913, 837, 644, 137, 103
track:914, 833, 646, 137, 103
track:915, 831, 644, 144, 108
track:916, 831, 643, 144, 108
track:917, 830, 645, 144, 108
track:918, 831, 645, 144, 108
init :919, 807, 581, 290, 251
track:920, 806, 581, 290, 251
track:921, 806, 580, 290, 251
track:922, 801, 581, 290, 251
track:923, 797, 580, 290, 251
track:924, 792, 579, 290, 251
track:925, 787, 578, 290, 251
track:926, 785, 577, 290, 251
track:927, 783, 577, 290, 251
track:928, 776, 578, 290, 251
track:929, 770, 578, 290, 251
track:930, 765, 575, 290, 251
track:931, 766, 576, 290, 251
track:932, 757, 567, 304, 264
track:933, 756, 566, 304, 264
track:934, 758, 562, 304, 264
track:935, 760, 559, 304, 264
track:936, 756, 560, 304, 264
init :937, 775, 565, 313, 249
track:938, 775, 565, 313, 249
track:939, 777, 565, 313, 249
track:940, 779, 563, 313, 249
track:941, 788, 570, 298, 237
track:942, 781, 562, 313, 249
track:943, 780, 561, 313, 249
track:944, 779, 560, 313, 249
track:945, 779, 560, 313, 249
track:946, 780, 559, 313, 249
track:947, 775, 561, 313, 249
track:948, 772, 561, 313, 249
track:949, 767, 563, 313, 249
track:950, 763, 565, 313, 249
track:951, 762, 567, 313, 249
track:952, 760, 567, 313, 249
track:953, 758, 568, 313, 249
track:954, 756, 568, 313, 249
init :955, 747, 576, 369, 241
track:956, 747, 576, 369, 241
track:957, 745, 577, 369, 241
track:958, 748, 578, 369, 241
track:959, 747, 579, 369, 241
track:960, 747, 580, 369, 241
track:961, 746, 581, 369, 241
track:962, 744, 583, 369, 241
track:963, 744, 584, 369, 241
track:964, 742, 584, 369, 241
track:965, 743, 585, 369, 241
track:966, 740, 584, 369, 241
track:967, 737, 585, 369, 241
track:968, 731, 586, 369, 241
track:969, 719, 579, 387, 253
track:970, 719, 580, 387, 253
track:971, 716, 579, 387, 253
track:972, 710, 581, 387, 253
init :973, 696, 584, 443, 246
track:974, 696, 585, 443, 246
track:975, 696, 586, 443, 246
track:976, 694, 585, 443, 246
track:977, 692, 586, 443, 246
track:978, 693, 586, 443, 246
track:979, 691, 586, 443, 246
track:980, 692, 588, 443, 246
track:981, 690, 588, 443, 246
track:982, 679, 582, 465, 258
track:983, 680, 583, 465, 258
track:984, 682, 582, 465, 258
track:985, 680, 582, 465, 258
track:986, 684, 583, 465, 258
track:987, 676, 578, 488, 271
track:988, 677, 577, 488, 271
track:989, 678, 578, 488, 271
track:990, 682, 577, 488, 271
init :991, 701, 586, 507, 249
track:992, 702, 587, 507, 249
track:993, 703, 586, 507, 249
track:994, 705, 585, 507, 249
track:995, 704, 585, 507, 249
track:996, 705, 584, 507, 249
track:997, 721, 589, 483, 237
track:998, 721, 587, 483, 237
track:999, 713, 581, 507, 249
track:1000, 713, 579, 507, 249
track:1001, 728, 581, 483, 237
track:1002, 734, 580, 483, 237
track:1003, 750, 583, 460, 226
track:1004, 764, 586, 438, 215
track:1005, 754, 581, 460, 226
track:1006, 761, 578, 460, 226
track:1007, 762, 576, 460, 226
track:1008, 762, 574, 460, 226
init :1009, 761, 573, 489, 199
track:1010, 761, 573, 489, 199
track:1011, 771, 578, 466, 190
track:1012, 768, 577, 466, 190
track:1013, 761, 578, 466, 190
track:1014, 757, 578, 466, 190
track:1015, 757, 577, 466, 190
track:1016, 753, 576, 466, 190
track:1017, 751, 575, 466, 190
track:1018, 747, 576, 466, 190
track:1019, 731, 571, 489, 199
track:1020, 729, 569, 489, 199
track:1021, 731, 570, 489, 199
track:1022, 742, 574, 466, 190
track:1023, 740, 574, 466, 190
track:1024, 736, 575, 466, 190
track:1025, 738, 575, 466, 190
track:1026, 736, 575, 466, 190
init :1027, 752, 581, 452, 171
track:1028, 752, 582, 452, 171
track:1029, 746, 581, 452, 171
track:1030, 754, 586, 430, 163
track:1031, 748, 588, 430, 163
track:1032, 752, 593, 410, 155
track:1033, 747, 594, 410, 155
track:1034, 744, 595, 410, 155
track:1035, 744, 595, 410, 155
track:1036, 742, 597, 410, 155
track:1037, 751, 602, 390, 148
track:1038, 741, 601, 410, 155
track:1039, 740, 604, 410, 155
track:1040, 741, 603, 410, 155
track:1041, 730, 603, 430, 163
track:1042, 730, 606, 430, 163
track:1043, 727, 608, 430, 163
track:1044, 728, 608, 430, 163
init :1045, 743, 610, 438, 150
track:1046, 742, 612, 438, 150
track:1047, 745, 613, 438, 150
track:1048, 749, 613, 438, 150
track:1049, 764, 615, 417, 143
track:1050, 766, 612, 417, 143
track:1051, 767, 611, 417, 143
track:1052, 761, 606, 438, 150
track:1053, 780, 608, 417, 143
track:1054, 787, 609, 417, 143
track:1055, 779, 607, 438, 150
track:1056, 785, 606, 438, 150
track:1057, 778, 602, 460, 158
track:1058, 780, 601, 460, 158
track:1059, 783, 602, 460, 158
track:1060, 782, 602, 460, 158
track:1061, 792, 607, 438, 150
track:1062, 782, 603, 460, 158
init :1063, 798, 617, 438, 132
track:1064, 797, 618, 438, 132
track:1065, 795, 619, 438, 132
track:1066, 791, 617, 438, 132
track:1067, 782, 616, 438, 132
track:1068, 772, 615, 438, 132
track:1069, 754, 611, 460, 139
track:1070, 755, 610, 460, 139
track:1071, 749, 611, 460, 139
track:1072, 732, 610, 460, 139
track:1073, 722, 611, 460, 139
track:1074, 711, 609, 460, 139
track:1075, 708, 611, 460, 139
track:1076, 688, 608, 483, 146
track:1077, 682, 608, 483, 146
track:1078, 656, 611, 483, 146
track:1079, 650, 611, 483, 146
track:1080, 647, 611, 483, 146
init :1081, 673, 625, 443, 135
track:1082, 667, 626, 443, 135
track:1083, 663, 628, 443, 135
track:1084, 662, 629, 443, 135
track:1085, 662, 629, 443, 135
track:1086, 664, 629, 443, 135
track:1087, 666, 630, 443, 135
track:1088, 655, 627, 465, 142
track:1089, 655, 628, 465, 142
track:1090, 645, 625, 488, 149
track:1091, 659, 628, 465, 142
track:1092, 656, 629, 465, 142
track:1093, 658, 631, 465, 142
track:1094, 659, 631, 465, 142
track:1095, 661, 631, 465, 142
track:1096, 659, 632, 465, 142
track:1097, 662, 634, 465, 142
track:1098, 664, 634, 465, 142
init :1099, 687, 628, 470, 155
track:1100, 687, 628, 470, 155
track:1101, 692, 628, 470, 155
track:1102, 694, 628, 470, 155
track:1103, 681, 624, 493, 163
track:1104, 682, 624, 493, 163
track:1105, 682, 624, 493, 163
track:1106, 668, 620, 518, 171
track:1107, 663, 621, 518, 171
track:1108, 671, 626, 493, 163
track:1109, 683, 630, 470, 155
track:1110, 685, 630, 470, 155
track:1111, 681, 631, 470, 155
track:1112, 673, 631, 470, 155
track:1113, 671, 634, 470, 155
track:1114, 672, 633, 470, 155
track:1115, 670, 634, 470, 155
track:1116, 671, 635, 470, 155
init :1117, 701, 633, 415, 168
track:1118, 699, 633, 415, 168
track:1119, 695, 632, 415, 168
track:1120, 694, 632, 415, 168
track:1121, 692, 632, 415, 168
track:1122, 698, 637, 395, 160
track:1123, 696, 637, 395, 160
track:1124, 696, 636, 395, 160
track:1125, 696, 636, 395, 160
track:1126, 694, 637, 395, 160
track:1127, 690, 638, 395, 160
track:1128, 703, 639, 395, 160
track:1129, 715, 642, 376, 152
track:1130, 719, 643, 376, 152
track:1131, 718, 645, 376, 152
track:1132, 716, 650, 376, 152
track:1133, 729, 646, 376, 152
track:1134, 724, 644, 376, 152
init :1135, 803, 630, 276, 179
track:1136, 803, 631, 276, 179
track:1137, 805, 628, 276, 179
track:1138, 804, 627, 276, 179
track:1139, 799, 628, 276, 179
track:1140, 797, 629, 276, 179
track:1141, 791, 630, 276, 179
track:1142, 785, 631, 276, 179
track:1143, 777, 631, 276, 179
track:1144, 757, 631, 276, 179
track:1145, 766, 638, 263, 170
track:1146, 761, 637, 263, 170
track:1147, 751, 638, 263, 170
track:1148, 745, 635, 276, 179
track:1149, 748, 639, 263, 170
track:1150, 747, 639, 263, 170
track:1151, 744, 641, 263, 170
track:1152, 733, 638, 276, 179
init :1153, 784, 636, 216, 176
track:1154, 784, 637, 216, 176
track:1155, 784, 638, 216, 176
track:1156, 785, 639, 216, 176
track:1157, 786, 640, 216, 176
track:1158, 788, 640, 216, 176
track:1159, 788, 639, 216, 176
track:1160, 788, 639, 216, 176
track:1161, 783, 634, 227, 185
track:1162, 791, 638, 216, 176
track:1163, 798, 642, 206, 168
track:1164, 802, 643, 206, 168
track:1165, 800, 643, 206, 168
track:1166, 797, 646, 206, 168
track:1167, 799, 647, 206, 168
track:1168, 792, 647, 206, 168
track:1169, 784, 648, 206, 168
track:1170, 786, 647, 206, 168
init :1171, 761, 638, 346, 168
track:1172, 761, 639, 346, 168
track:1173, 761, 639, 346, 168
track:1174, 762, 639, 346, 168
track:1175, 763, 639, 346, 168
track:1176, 766, 636, 346, 168
track:1177, 767, 636, 346, 168
track:1178, 765, 636, 346, 168
track:1179, 763, 633, 346, 168
track:1180, 768, 631, 346, 168
track:1181, 765, 631, 346, 168
track:1182, 766, 628, 346, 168
track:1183, 761, 627, 346, 168
track:1184, 774, 629, 330, 160
track:1185, 771, 625, 346, 168
track:1186, 756, 620, 363, 176
track:1187, 752, 618, 363, 176
track:1188, 764, 615, 363, 176
init :1189, 789, 633, 387, 132
track:1190, 789, 633, 387, 132
track:1191, 789, 633, 387, 132
track:1192, 786, 632, 387, 132
track:1193, 785, 629, 387, 132
track:1194, 785, 627, 387, 132
track:1195, 785, 625, 387, 132
track:1196, 789, 627, 369, 126
track:1197, 778, 623, 387, 132
track:1198, 775, 621, 387, 132
track:1199, 771, 621, 387, 132
track:1200, 782, 622, 369, 126
track:1201, 784, 621, 369, 126
track:1202, 787, 619, 369, 126
track:1203, 787, 620, 369, 126
track:1204, 791, 620, 369, 126
track:1205, 802, 623, 351, 120
track:1206, 808, 624, 351, 120
init :1207, 835, 633, 341, 103
track:1208, 838, 633, 341, 103
track:1209, 837, 633, 341, 103
track:1210, 844, 634, 341, 103
track:1211, 848, 634, 341, 103
track:1212, 849, 634, 341, 103
track:1213, 860, 639, 325, 98
track:1214, 869, 642, 309, 93
track:1215, 869, 644, 309, 93
track:1216, 876, 646, 295, 89
track:1217, 876, 647, 295, 89
track:1218, 875, 647, 295, 89
track:1219, 874, 647, 295, 89
track:1220, 872, 648, 295, 89
track:1221, 871, 650, 295, 89
track:1222, 869, 650, 295, 89
track:1223, 870, 652, 295, 89
track:1224, 874, 655, 281, 85
init :1225, 895, 654, 295, 96
track:1226, 896, 654, 295, 96
track:1227, 897, 654, 295, 96
track:1228, 895, 656, 295, 96
track:1229, 894, 656, 295, 96
track:1230, 894, 658, 295, 96
track:1231, 900, 659, 281, 91
track:1232, 899, 660, 281, 91
track:1233, 903, 664, 268, 87
track:1234, 902, 665, 268, 87
track:1235, 904, 667, 255, 83
track:1236, 900, 668, 255, 83
track:1237, 905, 671, 243, 79
track:1238, 902, 671, 243, 79
track:1239, 909, 672, 231, 75
track:1240, 906, 673, 231, 75
track:1241, 911, 674, 231, 75
track:1242, 905, 672, 231, 75
init :1243, 936, 669, 193, 96
track:1244, 936, 669, 193, 96
track:1245, 940, 671, 184, 91
track:1246, 938, 671, 184, 91
track:1247, 932, 672, 184, 91
track:1248, 936, 675, 175, 87
track:1249, 935, 675, 175, 87
track:1250, 937, 676, 167, 83
track:1251, 932, 675, 167, 83
track:1252, 931, 675, 159, 79
track:1253, 919, 673, 167, 83
track:1254, 921, 672, 167, 83
track:1255, 912, 670, 167, 83
track:1256, 902, 670, 167, 83
track:1257, 896, 669, 167, 83
track:1258, 893, 666, 167, 83
track:1259, 892, 667, 167, 83
track:1260, 888, 664, 167, 83
init :1261, 793, 589, 73, 51
track:1262, 820, 590, 73, 51
track:1263, 846, 588, 77, 54
track:1264, 847, 588, 77, 54
track:1265, 861, 589, 77, 54
track:1266, 894, 589, 77, 54
track:1267, 918, 589, 77, 54
track:1268, 917, 583, 73, 51
track:1269, 919, 584, 70, 49
track:1270, 940, 586, 70, 49
track:1271, 954, 584, 66, 46
track:1272, 969, 582, 66, 46
track:1273, 971, 587, 66, 46
track:1274, 949, 582, 66, 46
track:1275, 942, 589, 66, 46
track:1276, 950, 593, 66, 46
track:1277, 954, 592, 70, 49
track:1278, 963, 587, 70, 49
init :1279, 909, 656, 129, 80
track:1280, 901, 657, 129, 80
track:1281, 897, 658, 129, 80
track:1282, 887, 658, 129, 80
track:1283, 885, 659, 129, 80
track:1284, 885, 659, 129, 80
track:1285, 876, 659, 129, 80
track:1286, 872, 659, 129, 80
track:1287, 871, 658, 129, 80
track:1288, 869, 658, 129, 80
track:1289, 870, 659, 123, 76
track:1290, 869, 659, 123, 76
track:1291, 868, 659, 123, 76
track:1292, 866, 658, 123, 76
track:1293, 864, 658, 123, 76
track:1294, 864, 659, 123, 76
track:1295, 862, 659, 123, 76
track:1296, 861, 658, 123, 76
init :1297, 867, 656, 147, 70
track:1298, 868, 656, 147, 70
track:1299, 867, 657, 147, 70
track:1300, 867, 658, 147, 70
track:1301, 861, 657, 154, 74
track:1302, 865, 659, 147, 70
track:1303, 860, 657, 154, 74
track:1304, 857, 655, 162, 77
track:1305, 857, 656, 162, 77
track:1306, 859, 657, 162, 77
track:1307, 860, 657, 162, 77
track:1308, 863, 660, 154, 74
track:1309, 863, 660, 154, 74
track:1310, 863, 660, 154, 74
track:1311, 865, 660, 154, 74
track:1312, 868, 662, 147, 70
track:1313, 864, 661, 154, 74
track:1314, 864, 662, 154, 74
init :1315, 867, 669, 156, 57
track:1316, 867, 670, 156, 57
track:1317, 865, 670, 156, 57
track:1318, 868, 672, 149, 54
track:1319, 863, 671, 156, 57
track:1320, 862, 672, 156, 57
track:1321, 856, 671, 164, 60
track:1322, 861, 672, 156, 57
track:1323, 862, 673, 156, 57
track:1324, 862, 674, 156, 57
track:1325, 863, 673, 156, 57
track:1326, 865, 674, 156, 57
track:1327, 867, 675, 156, 57
track:1328, 869, 676, 156, 57
track:1329, 865, 675, 164, 60
track:1330, 869, 677, 156, 57
track:1331, 867, 676, 156, 57
track:1332, 864, 677, 156, 57
init :1333, 858, 677, 170, 51
track:1334, 858, 677, 170, 51
track:1335, 855, 677, 170, 51
track:1336, 851, 677, 170, 51
track:1337, 846, 677, 170, 51
track:1338, 844, 677, 170, 51
track:1339, 843, 677, 170, 51
track:1340, 842, 677, 170, 51
track:1341, 842, 677, 170, 51
track:1342, 841, 677, 170, 51
track:1343, 841, 678, 170, 51
track:1344, 840, 678, 170, 51
track:1345, 841, 678, 170, 51
track:1346, 841, 678, 170, 51
track:1347, 842, 678, 170, 51
track:1348, 841, 679, 170, 51
track:1349, 840, 679, 170, 51
track:1350, 840, 679, 170, 51
init :1351, 849, 680, 175, 49
track:1352, 848, 680, 175, 49
track:1353, 848, 680, 175, 49
track:1354, 848, 680, 175, 49
track:1355, 848, 680, 175, 49
track:1356, 853, 682, 167, 47
track:1357, 857, 683, 159, 44
track:1358, 856, 683, 159, 44
track:1359, 859, 684, 151, 42
track:1360, 858, 684, 151, 42
track:1361, 858, 684, 151, 42
track:1362, 855, 683, 159, 44
track:1363, 852, 683, 167, 47
track:1364, 853, 685, 167, 47
track:1365, 853, 685, 167, 47
track:1366, 853, 685, 167, 47
track:1367, 849, 684, 175, 49
track:1368, 849, 685, 175, 49
init :1369, 844, 687, 184, 57
track:1370, 843, 687, 184, 57
track:1371, 847, 689, 175, 54
track:1372, 841, 688, 184, 57
track:1373, 839, 689, 184, 57
track:1374, 843, 691, 175, 54
track:1375, 836, 690, 184, 57
track:1376, 834, 690, 184, 57
track:1377, 832, 690, 184, 57
track:1378, 831, 691, 184, 57
track:1379, 829, 691, 184, 57
track:1380, 825, 692, 184, 57
track:1381, 816, 691, 193, 60
track:1382, 810, 691, 203, 63
track:1383, 801, 690, 213, 66
track:1384, 800, 691, 213, 66
track:1385, 798, 692, 213, 66
track:1386, 800, 693, 213, 66
init :1387, 812, 700, 198, 62
track:1388, 813, 700, 198, 62
track:1389, 814, 701, 198, 62
track:1390, 816, 701, 198, 62
track:1391, 831, 703, 198, 62
track:1392, 829, 704, 198, 62
track:1393, 832, 705, 198, 62
track:1394, 833, 705, 198, 62
track:1395, 834, 706, 198, 62
track:1396, 835, 706, 198, 62
track:1397, 835, 707, 198, 62
track:1398, 835, 708, 198, 62
track:1399, 835, 708, 198, 62
track:1400, 831, 708, 198, 62
track:1401, 821, 709, 208, 65
track:1402, 818, 710, 208, 65
track:1403, 807, 710, 218, 68
track:1404, 805, 711, 218, 68
init :1405, 807, 713, 216, 70
track:1406, 805, 713, 216, 70
track:1407, 802, 713, 216, 70
track:1408, 800, 713, 216, 70
track:1409, 799, 713, 216, 70
track:1410, 797, 714, 216, 70
track:1411, 802, 716, 206, 67
track:1412, 803, 716, 206, 67
track:1413, 803, 716, 206, 67
track:1414, 804, 717, 206, 67
track:1415, 801, 715, 216, 70
track:1416, 796, 715, 227, 74
track:1417, 796, 716, 227, 74
track:1418, 788, 716, 238, 77
track:1419, 788, 716, 238, 77
track:1420, 787, 717, 238, 77
track:1421, 785, 718, 238, 77
track:1422, 785, 719, 238, 77
init :1423, 789, 719, 249, 85
track:1424, 789, 719, 249, 85
track:1425, 789, 719, 249, 85
track:1426, 789, 719, 249, 85
track:1427, 788, 720, 249, 85
track:1428, 787, 720, 249, 85
track:1429, 786, 720, 249, 85
track:1430, 786, 720, 249, 85
track:1431, 784, 722, 249, 85
track:1432, 783, 723, 249, 85
track:1433, 783, 723, 249, 85
track:1434, 783, 724, 249, 85
track:1435, 784, 726, 249, 85
track:1436, 780, 727, 249, 85
track:1437, 778, 727, 249, 85
track:1438, 777, 728, 249, 85
track:1439, 779, 729, 249, 85
track:1440, 776, 731, 249, 85
init :1441, 784, 724, 244, 109
track:1442, 780, 724, 244, 109
track:1443, 778, 724, 244, 109
track:1444, 777, 724, 244, 109
track:1445, 772, 724, 244, 109
track:1446, 765, 725, 244, 109
track:1447, 762, 724, 244, 109
track:1448, 760, 724, 244, 109
track:1449, 759, 724, 244, 109
track:1450, 760, 722, 244, 109
track:1451, 762, 721, 244, 109
track:1452, 768, 723, 232, 104
track:1453, 769, 719, 244, 109
track:1454, 768, 721, 244, 109
track:1455, 774, 721, 244, 109
track:1456, 780, 721, 244, 109
track:1457, 790, 723, 244, 109
track:1458, 790, 723, 244, 109
init :1459, 821, 708, 212, 142
track:1460, 825, 708, 212, 142
track:1461, 830, 709, 212, 142
track:1462, 830, 710, 212, 142
track:1463, 831, 711, 212, 142
track:1464, 831, 711, 212, 142
track:1465, 834, 714, 212, 142
track:1466, 832, 712, 212, 142
track:1467, 829, 712, 212, 142
track:1468, 832, 713, 212, 142
track:1469, 831, 712, 212, 142
track:1470, 820, 707, 212, 142
track:1471, 821, 707, 212, 142
track:1472, 814, 706, 212, 142
track:1473, 823, 709, 202, 135
track:1474, 814, 706, 202, 135
track:1475, 810, 703, 202, 135
track:1476, 807, 707, 192, 129
init :1477, 853, 685, 166, 155
track:1478, 853, 685, 166, 155
track:1479, 855, 683, 166, 155
track:1480, 856, 681, 166, 155
track:1481, 858, 678, 166, 155
track:1482, 860, 675, 166, 155
track:1483, 859, 675, 166, 155
track:1484, 864, 674, 166, 155
track:1485, 868, 672, 166, 155
track:1486, 874, 671, 166, 155
track:1487, 881, 667, 166, 155
track:1488, 880, 667, 166, 155
track:1489, 882, 667, 166, 155
track:1490, 882, 666, 166, 155
track:1491, 888, 663, 166, 155
track:1492, 889, 662, 166, 155
track:1493, 891, 661, 166, 155
track:1494, 892, 662, 158, 148
init :1495, 863, 649, 286, 147
track:1496, 861, 646, 286, 147
track:1497, 858, 645, 286, 147
track:1498, 851, 639, 300, 154
track:1499, 846, 635, 300, 154
track:1500, 847, 634, 300, 154
track:1501, 842, 635, 286, 147
track:1502, 829, 624, 300, 154
track:1503, 825, 624, 300, 154
track:1504, 831, 622, 300, 154
track:1505, 827, 619, 300, 154
track:1506, 834, 618, 286, 147
track:1507, 830, 619, 286, 147
track:1508, 830, 619, 286, 147
track:1509, 841, 617, 286, 147
track:1510, 833, 615, 286, 147
track:1511, 826, 605, 300, 154
track:1512, 819, 604, 300, 154
init :1513, 821, 620, 304, 116
track:1514, 806, 620, 304, 116
track:1515, 783, 620, 304, 116
track:1516, 766, 622, 290, 110
track:1517, 732, 620, 304, 116
track:1518, 741, 623, 290, 110
track:1519, 714, 623, 290, 110
track:1520, 690, 623, 290, 110
track:1521, 671, 624, 290, 110
track:1522, 659, 625, 290, 110
track:1523, 657, 624, 290, 110
track:1524, 651, 627, 290, 110
track:1525, 646, 626, 290, 110
track:1526, 657, 628, 276, 105
track:1527, 666, 630, 263, 100
track:1528, 666, 629, 263, 100
track:1529, 697, 631, 250, 95
track:1530, 718, 630, 250, 95
init :1531, 761, 633, 249, 85
track:1532, 787, 633, 249, 85
track:1533, 787, 633, 249, 85
track:1534, 818, 635, 237, 81
track:1535, 841, 635, 237, 81
track:1536, 865, 635, 237, 81
track:1537, 881, 635, 237, 81
track:1538, 881, 636, 237, 81
track:1539, 890, 637, 237, 81
track:1540, 892, 636, 249, 85
track:1541, 901, 640, 237, 81
track:1542, 903, 642, 237, 81
track:1543, 910, 644, 226, 77
track:1544, 908, 644, 226, 77
track:1545, 906, 644, 226, 77
track:1546, 903, 645, 226, 77
track:1547, 895, 647, 226, 77
track:1548, 893, 649, 226, 77
init :1549, 890, 656, 216, 70
track:1550, 879, 655, 227, 74
track:1551, 870, 656, 227, 74
track:1552, 859, 656, 238, 77
track:1553, 864, 657, 227, 74
track:1554, 863, 658, 227, 74
track:1555, 866, 661, 216, 70
track:1556, 864, 662, 216, 70
track:1557, 865, 663, 216, 70
track:1558, 870, 665, 206, 67
track:1559, 879, 667, 196, 63
track:1560, 888, 669, 187, 60
track:1561, 894, 671, 178, 58
track:1562, 897, 671, 178, 58
track:1563, 898, 672, 178, 58
track:1564, 899, 672, 178, 58
track:1565, 899, 672, 178, 58
track:1566, 899, 672, 178, 58
init :1567, 913, 669, 180, 72
track:1568, 913, 669, 180, 72
track:1569, 912, 670, 180, 72
track:1570, 915, 673, 171, 69
track:1571, 912, 673, 171, 69
track:1572, 910, 674, 171, 69
track:1573, 910, 675, 171, 69
track:1574, 906, 674, 171, 69
track:1575, 902, 675, 171, 69
track:1576, 894, 674, 180, 72
track:1577, 895, 677, 171, 69
track:1578, 899, 679, 163, 65
track:1579, 896, 679, 163, 65
track:1580, 897, 679, 155, 62
track:1581, 892, 679, 155, 62
track:1582, 888, 680, 155, 62
track:1583, 890, 680, 155, 62
track:1584, 889, 680, 155, 62
init :1585, 900, 677, 138, 72
track:1586, 900, 677, 138, 72
track:1587, 902, 679, 131, 69
track:1588, 902, 678, 131, 69
track:1589, 899, 677, 138, 72
track:1590, 899, 678, 138, 72
track:1591, 902, 679, 131, 69
track:1592, 901, 680, 131, 69
track:1593, 900, 679, 131, 69
track:1594, 900, 680, 131, 69
track:1595, 897, 680, 131, 69
track:1596, 894, 681, 131, 69
track:1599, 893, 682, 131, 69
track:1600, 890, 681, 131, 69
track:1601, 893, 683, 125, 65
track:1602, 892, 684, 125, 65
init :1603, 913, 680, 96, 70
track:1604, 911, 680, 96, 70
track:1605, 909, 680, 96, 70
track:1606, 906, 681, 96, 70
track:1607, 903, 682, 96, 70
track:1608, 902, 682, 96, 70
elapseTime: 18.556
