init :7, 821, 630, 235, 197
track:8, 821, 630, 235, 197
track:9, 822, 630, 235, 197
track:10, 821, 631, 235, 197
track:11, 823, 630, 235, 197
track:12, 823, 630, 235, 197
track:13, 824, 630, 235, 197
track:14, 824, 630, 235, 197
track:15, 824, 630, 235, 197
track:16, 825, 630, 235, 197
track:17, 826, 630, 235, 197
track:18, 825, 630, 235, 197
track:19, 825, 629, 235, 197
track:20, 821, 626, 247, 207
track:21, 820, 626, 247, 207
track:22, 827, 631, 235, 197
track:23, 828, 631, 235, 197
track:24, 827, 631, 235, 197
track:25, 828, 630, 235, 197
track:26, 829, 631, 235, 197
track:27, 829, 631, 235, 197
track:28, 829, 631, 235, 197
track:29, 829, 630, 235, 197
track:30, 829, 630, 235, 197
track:31, 830, 629, 235, 197
track:32, 831, 631, 235, 197
track:33, 829, 630, 235, 197
track:34, 830, 631, 235, 197
track:35, 830, 630, 235, 197
track:36, 830, 631, 235, 197
track:37, 829, 630, 235, 197
track:38, 831, 630, 235, 197
track:39, 830, 630, 235, 197
track:40, 830, 630, 235, 197
track:41, 831, 629, 235, 197
track:42, 830, 631, 235, 197
track:43, 831, 630, 235, 197
track:44, 830, 631, 235, 197
track:45, 832, 630, 235, 197
track:46, 830, 631, 235, 197
track:48, 832, 630, 235, 197
track:49, 830, 630, 235, 197
track:50, 831, 629, 235, 197
track:51, 832, 629, 235, 197
track:52, 831, 628, 235, 197
track:53, 832, 629, 235, 197
track:54, 831, 629, 235, 197
track:55, 832, 629, 235, 197
track:56, 831, 629, 235, 197
track:57, 831, 628, 235, 197
track:58, 831, 629, 235, 197
track:59, 830, 628, 235, 197
track:60, 832, 628, 235, 197
track:61, 831, 630, 235, 197
track:62, 830, 629, 235, 197
track:63, 829, 629, 235, 197
track:64, 830, 629, 235, 197
track:65, 829, 629, 235, 197
track:66, 828, 629, 235, 197
track:67, 829, 628, 235, 197
track:68, 829, 629, 235, 197
track:69, 828, 629, 235, 197
track:70, 829, 628, 235, 197
track:71, 829, 629, 235, 197
track:72, 828, 629, 235, 197
track:73, 828, 629, 235, 197
track:74, 828, 628, 235, 197
track:75, 828, 629, 235, 197
track:76, 828, 629, 235, 197
track:77, 827, 629, 235, 197
track:78, 828, 628, 235, 197
track:79, 828, 629, 235, 197
track:80, 828, 629, 235, 197
track:81, 828, 628, 235, 197
track:82, 827, 629, 235, 197
track:83, 828, 630, 235, 197
track:84, 827, 629, 235, 197
track:85, 828, 629, 235, 197
track:86, 827, 630, 235, 197
track:87, 827, 629, 235, 197
track:88, 828, 629, 235, 197
track:89, 827, 630, 235, 197
track:90, 827, 630, 235, 197
track:91, 829, 629, 235, 197
track:92, 828, 630, 235, 197
track:93, 827, 629, 235, 197
track:94, 829, 629, 235, 197
init :95, 826, 630, 235, 197
track:96, 826, 629, 235, 197
track:97, 827, 629, 235, 197
track:98, 828, 629, 235, 197
track:99, 828, 629, 235, 197
track:100, 829, 629, 235, 197
track:101, 830, 629, 235, 197
track:102, 831, 628, 235, 197
track:103, 831, 627, 235, 197
track:104, 831, 627, 235, 197
track:105, 831, 626, 235, 197
track:106, 832, 626, 235, 197
track:107, 832, 624, 235, 197
track:108, 833, 622, 235, 197
track:109, 832, 622, 235, 197
track:110, 834, 621, 235, 197
track:111, 840, 623, 224, 188
track:112, 840, 621, 224, 188
track:113, 840, 620, 224, 188
track:114, 840, 619, 224, 188
track:115, 843, 618, 224, 188
track:116, 843, 617, 224, 188
track:117, 842, 613, 224, 188
track:120, 845, 611, 224, 188
track:121, 847, 609, 224, 188
track:122, 847, 608, 224, 188
track:123, 846, 606, 224, 188
track:124, 847, 604, 224, 188
track:125, 852, 607, 213, 179
track:126, 855, 608, 203, 170
track:127, 854, 606, 203, 170
track:128, 852, 607, 203, 170
track:129, 851, 606, 203, 170
track:130, 846, 604, 213, 179
track:131, 847, 606, 213, 179
track:132, 849, 609, 213, 179
track:133, 850, 610, 213, 179
track:134, 856, 615, 203, 170
track:135, 855, 616, 203, 170
track:136, 856, 617, 203, 170
track:137, 857, 617, 203, 170
track:138, 859, 618, 203, 170
track:139, 859, 618, 203, 170
track:140, 857, 619, 203, 170
track:141, 858, 617, 203, 170
init :142, 863, 623, 175, 155
track:143, 862, 623, 175, 155
track:144, 861, 623, 175, 155
track:145, 860, 628, 175, 155
track:146, 858, 629, 175, 155
track:147, 858, 629, 175, 155
track:148, 854, 628, 184, 163
track:149, 858, 632, 175, 155
track:150, 860, 636, 175, 155
track:151, 860, 638, 175, 155
track:152, 861, 641, 175, 155
track:153, 861, 644, 175, 155
track:154, 860, 645, 175, 155
track:155, 862, 646, 175, 155
track:156, 861, 647, 175, 155
track:157, 861, 648, 175, 155
track:158, 863, 648, 175, 155
track:159, 863, 649, 175, 155
track:160, 861, 650, 175, 155
track:161, 861, 649, 175, 155
track:162, 859, 649, 175, 155
track:163, 857, 649, 175, 155
track:164, 858, 650, 175, 155
track:165, 858, 650, 175, 155
track:166, 862, 653, 167, 148
track:167, 862, 653, 167, 148
track:168, 862, 653, 167, 148
track:169, 862, 653, 167, 148
track:170, 864, 652, 167, 148
track:171, 866, 651, 167, 148
track:172, 867, 650, 167, 148
track:173, 866, 649, 167, 148
track:174, 865, 649, 167, 148
track:175, 863, 650, 167, 148
track:176, 861, 651, 167, 148
track:177, 862, 651, 167, 148
track:178, 864, 652, 167, 148
track:179, 865, 652, 167, 148
track:180, 865, 653, 167, 148
track:181, 866, 654, 167, 148
track:182, 868, 657, 167, 148
track:183, 869, 660, 167, 148
track:184, 870, 661, 167, 148
track:185, 872, 662, 167, 148
track:186, 870, 661, 167, 148
track:187, 866, 656, 167, 148
track:188, 861, 652, 167, 148
init :189, 863, 649, 170, 158
track:190, 860, 649, 170, 158
track:191, 859, 648, 170, 158
track:192, 859, 643, 170, 158
track:193, 858, 642, 170, 158
track:194, 858, 642, 170, 158
track:195, 860, 640, 170, 158
track:196, 862, 638, 170, 158
track:197, 860, 637, 170, 158
track:198, 862, 642, 162, 150
track:199, 862, 642, 162, 150
track:200, 861, 643, 162, 150
track:201, 858, 644, 162, 150
track:202, 857, 642, 162, 150
track:203, 857, 640, 162, 150
track:204, 858, 639, 162, 150
track:205, 859, 636, 162, 150
track:206, 857, 635, 162, 150
track:207, 856, 634, 162, 150
track:208, 856, 633, 162, 150
track:209, 854, 631, 162, 150
track:210, 851, 627, 162, 150
track:211, 850, 625, 162, 150
track:212, 850, 621, 162, 150
track:213, 850, 622, 162, 150
track:214, 854, 624, 154, 143
track:215, 853, 624, 154, 143
track:216, 854, 622, 154, 143
track:217, 854, 623, 154, 143
track:218, 854, 622, 154, 143
track:219, 853, 624, 154, 143
track:220, 854, 627, 154, 143
track:221, 856, 632, 147, 136
track:222, 856, 634, 147, 136
track:223, 856, 635, 147, 136
track:224, 855, 637, 147, 136
track:225, 860, 641, 140, 130
track:226, 860, 642, 140, 130
track:227, 860, 642, 140, 130
track:228, 860, 643, 140, 130
track:229, 860, 644, 140, 130
track:230, 859, 643, 140, 130
track:231, 860, 643, 140, 130
track:232, 858, 639, 140, 130
track:233, 858, 638, 140, 130
track:234, 857, 638, 140, 130
track:235, 858, 638, 140, 130
init :236, 858, 646, 120, 106
track:237, 858, 648, 120, 106
track:238, 860, 648, 120, 106
track:239, 861, 650, 120, 106
track:240, 862, 652, 120, 106
track:241, 862, 654, 120, 106
track:242, 862, 654, 120, 106
track:243, 862, 654, 120, 106
track:244, 862, 654, 120, 106
track:245, 862, 655, 120, 106
track:246, 861, 656, 120, 106
track:247, 862, 657, 120, 106
track:248, 863, 657, 120, 106
track:249, 862, 657, 120, 106
track:250, 862, 658, 120, 106
track:251, 863, 660, 120, 106
track:252, 863, 662, 120, 106
track:253, 864, 662, 120, 106
track:254, 865, 664, 120, 106
track:255, 865, 667, 120, 106
track:256, 866, 668, 120, 106
track:257, 866, 671, 120, 106
track:258, 866, 672, 120, 106
track:259, 867, 673, 120, 106
track:260, 870, 677, 114, 101
track:261, 870, 677, 114, 101
track:262, 870, 678, 114, 101
track:263, 869, 679, 114, 101
track:264, 869, 680, 114, 101
track:265, 870, 682, 114, 101
track:266, 869, 683, 114, 101
track:267, 870, 685, 114, 101
track:268, 870, 686, 114, 101
track:269, 870, 686, 114, 101
track:270, 870, 688, 114, 101
track:271, 871, 693, 114, 101
track:272, 872, 695, 114, 101
track:273, 872, 696, 114, 101
track:274, 869, 695, 120, 106
track:275, 870, 697, 120, 106
track:276, 870, 699, 120, 106
track:277, 872, 704, 120, 106
track:278, 871, 704, 120, 106
track:279, 872, 704, 120, 106
track:280, 874, 702, 120, 106
track:281, 872, 700, 126, 111
track:282, 871, 698, 132, 117
init :283, 872, 690, 143, 127
track:284, 874, 692, 143, 127
track:285, 876, 694, 143, 127
track:286, 875, 691, 150, 133
track:287, 872, 685, 158, 140
track:288, 871, 684, 158, 140
track:289, 872, 681, 158, 140
track:290, 869, 674, 166, 147
track:291, 869, 666, 166, 147
track:292, 867, 658, 174, 154
track:293, 867, 656, 174, 154
track:294, 867, 654, 174, 154
track:295, 866, 648, 183, 162
track:296, 867, 647, 183, 162
track:297, 867, 649, 183, 162
track:298, 863, 645, 192, 170
track:299, 858, 642, 201, 179
track:300, 856, 643, 201, 179
track:301, 850, 642, 211, 188
track:302, 848, 647, 211, 188
track:303, 848, 647, 211, 188
track:304, 841, 647, 222, 197
track:305, 834, 644, 233, 207
track:306, 833, 642, 233, 207
track:307, 832, 640, 233, 207
track:308, 832, 640, 233, 207
track:309, 832, 636, 233, 207
track:310, 830, 630, 233, 207
track:311, 831, 617, 233, 207
track:312, 832, 607, 233, 207
track:313, 832, 605, 233, 207
track:314, 832, 600, 233, 207
track:315, 831, 590, 233, 207
track:316, 833, 580, 233, 207
track:317, 840, 581, 222, 197
track:318, 845, 584, 211, 188
track:319, 846, 581, 211, 188
track:320, 851, 572, 211, 188
track:321, 854, 566, 211, 188
track:322, 853, 565, 211, 188
track:323, 854, 565, 211, 188
track:324, 855, 568, 211, 188
track:325, 852, 567, 211, 188
track:326, 853, 558, 211, 188
track:327, 850, 557, 211, 188
track:328, 855, 562, 201, 179
track:329, 853, 570, 201, 179
init :330, 849, 586, 198, 173
track:331, 849, 587, 198, 173
track:332, 847, 590, 198, 173
track:333, 847, 591, 198, 173
track:334, 846, 593, 198, 173
track:335, 845, 594, 198, 173
track:336, 844, 598, 198, 173
track:337, 845, 598, 198, 173
track:338, 845, 598, 198, 173
track:339, 846, 596, 198, 173
track:340, 852, 596, 189, 165
track:341, 853, 596, 189, 165
track:342, 851, 596, 189, 165
track:343, 853, 596, 189, 165
track:344, 852, 594, 189, 165
track:345, 856, 593, 180, 157
track:346, 860, 597, 171, 149
track:347, 859, 599, 171, 149
track:348, 861, 600, 171, 149
track:349, 865, 606, 163, 142
track:350, 865, 610, 163, 142
track:351, 869, 617, 155, 136
track:352, 870, 620, 155, 136
track:353, 870, 620, 155, 136
track:354, 870, 623, 155, 136
track:355, 869, 623, 155, 136
track:356, 870, 625, 155, 136
track:357, 870, 625, 155, 136
track:358, 869, 625, 155, 136
track:359, 873, 629, 148, 129
track:360, 871, 628, 148, 129
track:361, 870, 629, 148, 129
track:362, 872, 631, 141, 123
track:363, 873, 632, 141, 123
track:364, 871, 632, 141, 123
track:365, 872, 632, 141, 123
track:366, 874, 636, 134, 117
track:367, 873, 636, 134, 117
track:368, 873, 636, 134, 117
track:369, 873, 637, 134, 117
track:370, 871, 642, 134, 117
track:371, 871, 650, 134, 117
track:372, 871, 651, 134, 117
track:373, 871, 652, 134, 117
track:374, 873, 656, 128, 112
track:375, 871, 657, 128, 112
track:376, 870, 657, 128, 112
init :377, 867, 664, 115, 101
track:378, 867, 664, 115, 101
track:379, 867, 665, 115, 101
track:380, 866, 665, 115, 101
track:381, 866, 664, 115, 101
track:382, 864, 664, 115, 101
track:383, 864, 664, 115, 101
track:384, 863, 664, 115, 101
track:385, 862, 663, 115, 101
track:386, 862, 662, 115, 101
track:387, 862, 662, 115, 101
track:388, 863, 662, 115, 101
track:389, 864, 664, 110, 96
track:390, 864, 664, 110, 96
track:391, 864, 666, 110, 96
track:392, 864, 669, 110, 96
track:393, 864, 669, 110, 96
track:394, 865, 670, 110, 96
track:395, 866, 674, 110, 96
track:396, 867, 678, 110, 96
track:397, 868, 682, 110, 96
track:398, 868, 683, 110, 96
track:399, 869, 686, 110, 96
track:400, 870, 692, 110, 96
track:401, 871, 698, 110, 96
track:402, 873, 702, 110, 96
track:403, 872, 702, 110, 96
track:404, 873, 704, 110, 96
track:405, 876, 706, 104, 92
track:406, 878, 706, 104, 92
track:407, 878, 706, 104, 92
track:408, 878, 705, 104, 92
track:409, 879, 704, 104, 92
track:410, 879, 702, 104, 92
track:411, 879, 699, 104, 92
track:412, 880, 698, 104, 92
track:413, 881, 697, 104, 92
track:414, 880, 696, 104, 92
track:415, 880, 697, 104, 92
track:416, 880, 700, 104, 92
track:417, 881, 700, 104, 92
track:418, 881, 700, 104, 92
track:419, 881, 700, 104, 92
track:420, 879, 701, 104, 92
track:421, 878, 701, 104, 92
track:422, 878, 699, 104, 92
track:423, 878, 698, 104, 92
init :424, 876, 695, 106, 77
track:425, 875, 694, 106, 77
track:426, 875, 692, 106, 77
track:427, 874, 691, 106, 77
track:428, 874, 691, 106, 77
track:429, 874, 691, 106, 77
track:430, 873, 691, 106, 77
track:431, 873, 691, 106, 77
track:432, 872, 691, 106, 77
track:433, 872, 691, 106, 77
track:434, 871, 692, 106, 77
track:435, 870, 691, 106, 77
track:436, 869, 692, 106, 77
track:437, 869, 694, 106, 77
track:438, 869, 694, 106, 77
track:439, 870, 696, 106, 77
track:440, 868, 694, 111, 81
track:441, 868, 694, 111, 81
track:442, 869, 694, 111, 81
track:443, 869, 694, 111, 81
track:444, 868, 695, 111, 81
track:445, 868, 695, 111, 81
track:446, 869, 696, 111, 81
track:447, 870, 695, 111, 81
track:448, 869, 695, 111, 81
track:449, 870, 694, 111, 81
track:450, 869, 694, 111, 81
track:451, 869, 695, 111, 81
track:452, 871, 697, 111, 81
track:453, 871, 697, 111, 81
track:454, 872, 697, 111, 81
track:455, 873, 698, 111, 81
track:456, 874, 698, 111, 81
track:457, 871, 695, 117, 85
track:458, 870, 695, 117, 85
track:459, 870, 695, 117, 85
track:460, 870, 693, 117, 85
track:461, 871, 692, 117, 85
track:462, 871, 692, 117, 85
track:463, 871, 692, 117, 85
track:464, 870, 689, 117, 85
track:465, 867, 686, 123, 89
track:466, 867, 686, 123, 89
track:467, 867, 686, 123, 89
track:468, 867, 687, 123, 89
track:469, 864, 686, 129, 94
track:470, 866, 686, 129, 94
init :471, 863, 685, 138, 106
track:472, 863, 685, 138, 106
track:473, 864, 688, 138, 106
track:474, 860, 688, 145, 111
track:475, 863, 687, 145, 111
track:476, 865, 687, 145, 111
track:477, 865, 686, 145, 111
track:478, 867, 686, 145, 111
track:479, 867, 684, 145, 111
track:480, 866, 673, 152, 117
track:481, 868, 670, 152, 117
track:482, 868, 670, 152, 117
track:483, 871, 662, 152, 117
track:484, 873, 661, 152, 117
track:485, 874, 661, 152, 117
track:486, 873, 665, 152, 117
track:487, 874, 666, 152, 117
track:488, 870, 667, 160, 123
track:490, 868, 670, 160, 123
track:491, 864, 671, 160, 123
track:492, 863, 672, 160, 123
track:493, 858, 669, 168, 129
track:494, 857, 669, 168, 129
track:495, 853, 660, 168, 129
track:496, 850, 656, 168, 129
track:497, 850, 655, 168, 129
track:498, 849, 652, 168, 129
track:499, 848, 649, 168, 129
track:500, 847, 645, 168, 129
track:501, 847, 640, 168, 129
track:502, 848, 639, 168, 129
track:503, 848, 638, 168, 129
track:504, 847, 636, 168, 129
track:505, 846, 634, 168, 129
track:506, 846, 634, 168, 129
track:507, 845, 634, 168, 129
track:508, 845, 632, 168, 129
track:509, 849, 632, 160, 123
track:510, 849, 629, 160, 123
track:511, 848, 627, 160, 123
track:512, 848, 627, 160, 123
track:513, 848, 626, 160, 123
track:514, 848, 627, 160, 123
track:515, 848, 628, 160, 123
track:516, 848, 627, 160, 123
track:517, 848, 627, 160, 123
init :518, 853, 628, 156, 116
track:519, 853, 628, 156, 116
track:520, 854, 628, 156, 116
track:521, 854, 628, 156, 116
track:522, 854, 628, 156, 116
track:523, 854, 628, 156, 116
track:524, 855, 631, 156, 116
track:525, 855, 634, 156, 116
track:526, 857, 635, 156, 116
track:527, 858, 635, 156, 116
track:528, 860, 636, 149, 110
track:529, 861, 636, 149, 110
track:530, 862, 635, 149, 110
track:531, 863, 633, 149, 110
track:532, 863, 634, 149, 110
track:533, 866, 636, 141, 105
track:534, 872, 638, 135, 100
track:535, 874, 641, 128, 95
track:536, 874, 643, 128, 95
track:537, 875, 643, 128, 95
track:538, 874, 645, 128, 95
track:539, 874, 647, 128, 95
track:540, 874, 647, 128, 95
track:543, 872, 648, 128, 95
track:544, 874, 651, 122, 91
track:546, 872, 655, 122, 91
track:547, 871, 655, 122, 91
track:548, 870, 657, 122, 91
track:549, 870, 660, 122, 91
track:550, 872, 665, 116, 87
track:551, 874, 667, 111, 82
track:552, 874, 667, 111, 82
track:553, 873, 667, 111, 82
track:554, 873, 667, 111, 82
track:555, 873, 667, 111, 82
track:556, 873, 667, 111, 82
track:557, 873, 667, 111, 82
track:558, 872, 672, 111, 82
track:559, 872, 675, 111, 82
track:560, 873, 679, 106, 79
track:561, 873, 683, 106, 79
track:562, 874, 684, 106, 79
track:563, 873, 686, 106, 79
track:564, 873, 688, 106, 79
init :565, 876, 687, 96, 83
track:566, 876, 689, 96, 83
track:567, 876, 689, 96, 83
track:568, 877, 692, 96, 83
track:569, 878, 693, 96, 83
track:570, 877, 697, 96, 83
track:571, 877, 699, 96, 83
track:572, 877, 699, 96, 83
track:573, 878, 702, 96, 83
track:574, 876, 701, 101, 87
track:575, 878, 701, 101, 87
track:576, 877, 698, 101, 87
track:577, 876, 698, 101, 87
track:578, 876, 696, 101, 87
track:579, 877, 694, 101, 87
track:580, 878, 693, 101, 87
track:581, 879, 694, 101, 87
track:582, 878, 694, 101, 87
track:583, 878, 696, 101, 87
track:584, 877, 697, 101, 87
track:585, 878, 697, 101, 87
track:586, 878, 698, 101, 87
track:587, 878, 698, 101, 87
track:588, 878, 699, 101, 87
track:589, 876, 696, 106, 92
track:590, 876, 696, 106, 92
track:591, 874, 697, 106, 92
track:592, 873, 697, 106, 92
track:593, 870, 694, 111, 96
track:594, 870, 693, 111, 96
track:595, 870, 683, 111, 96
track:596, 869, 682, 111, 96
track:597, 866, 678, 117, 101
track:598, 866, 674, 117, 101
track:599, 865, 668, 117, 101
track:600, 865, 664, 117, 101
track:601, 866, 664, 117, 101
track:602, 866, 664, 117, 101
track:603, 866, 663, 117, 101
track:604, 865, 659, 117, 101
track:605, 865, 656, 117, 101
track:606, 865, 654, 117, 101
track:607, 864, 655, 117, 101
track:608, 865, 654, 117, 101
track:609, 866, 654, 117, 101
track:610, 866, 655, 117, 101
track:611, 866, 659, 117, 101
init :612, 863, 659, 124, 98
track:613, 862, 662, 124, 98
track:614, 863, 664, 124, 98
track:615, 863, 667, 124, 98
track:616, 863, 669, 124, 98
track:617, 863, 670, 124, 98
track:618, 863, 669, 124, 98
track:619, 863, 668, 124, 98
track:620, 865, 666, 124, 98
track:621, 865, 666, 124, 98
track:622, 865, 666, 124, 98
track:623, 865, 665, 124, 98
track:624, 863, 664, 124, 98
track:625, 864, 664, 124, 98
track:626, 865, 665, 124, 98
track:627, 863, 662, 130, 103
track:628, 864, 663, 130, 103
track:629, 863, 663, 130, 103
track:630, 862, 661, 130, 103
track:631, 863, 659, 130, 103
track:632, 863, 661, 130, 103
track:633, 865, 663, 130, 103
track:634, 866, 666, 130, 103
track:635, 865, 668, 130, 103
track:636, 863, 667, 137, 108
track:637, 863, 669, 137, 108
track:638, 866, 670, 137, 108
track:639, 866, 670, 137, 108
track:640, 867, 669, 137, 108
track:641, 866, 667, 137, 108
track:642, 866, 667, 137, 108
track:643, 866, 665, 137, 108
track:644, 867, 664, 137, 108
track:645, 867, 655, 137, 108
track:646, 867, 654, 137, 108
track:647, 867, 653, 137, 108
track:648, 867, 652, 137, 108
track:649, 863, 650, 144, 113
track:650, 865, 651, 144, 113
track:651, 868, 650, 144, 113
track:652, 868, 651, 144, 113
track:653, 869, 650, 144, 113
track:654, 869, 651, 144, 113
track:655, 870, 655, 144, 113
track:656, 871, 656, 144, 113
track:657, 871, 657, 144, 113
track:658, 874, 660, 144, 113
init :659, 876, 662, 138, 116
track:660, 876, 661, 138, 116
track:661, 877, 662, 138, 116
track:662, 877, 663, 138, 116
track:663, 878, 662, 138, 116
track:664, 879, 661, 138, 116
track:665, 881, 659, 138, 116
track:666, 881, 658, 138, 116
track:667, 881, 657, 138, 116
track:668, 882, 654, 138, 116
track:669, 882, 654, 138, 116
track:670, 882, 653, 138, 116
track:671, 880, 654, 138, 116
track:672, 880, 653, 138, 116
track:673, 877, 652, 138, 116
track:674, 876, 652, 138, 116
track:675, 876, 651, 138, 116
track:676, 875, 651, 138, 116
track:677, 874, 651, 138, 116
track:678, 872, 654, 138, 116
track:679, 871, 664, 138, 116
track:680, 873, 671, 138, 116
track:681, 874, 672, 138, 116
track:682, 873, 672, 138, 116
track:683, 871, 672, 138, 116
track:684, 869, 671, 138, 116
track:685, 869, 674, 138, 116
track:686, 870, 677, 138, 116
track:687, 870, 677, 138, 116
track:688, 869, 676, 138, 116
track:689, 868, 674, 138, 116
track:690, 866, 673, 138, 116
track:691, 865, 671, 138, 116
track:692, 866, 670, 138, 116
track:693, 865, 669, 138, 116
track:694, 864, 668, 138, 116
track:695, 865, 667, 138, 116
track:696, 864, 666, 138, 116
track:697, 865, 666, 138, 116
track:698, 862, 665, 138, 116
track:699, 860, 666, 138, 116
track:700, 859, 667, 138, 116
track:701, 860, 668, 138, 116
track:702, 860, 669, 138, 116
track:703, 860, 672, 138, 116
track:704, 856, 676, 145, 122
track:705, 854, 679, 145, 122
init :706, 853, 677, 147, 124
track:707, 853, 677, 147, 124
track:708, 853, 678, 147, 124
track:709, 852, 679, 147, 124
track:710, 853, 677, 147, 124
track:711, 853, 677, 147, 124
track:712, 852, 675, 147, 124
track:713, 853, 673, 147, 124
track:714, 852, 673, 147, 124
track:715, 851, 674, 147, 124
track:716, 852, 674, 147, 124
track:717, 851, 675, 147, 124
track:718, 853, 676, 147, 124
track:719, 854, 677, 147, 124
track:720, 854, 678, 147, 124
track:721, 854, 677, 147, 124
track:722, 854, 677, 147, 124
track:723, 855, 676, 147, 124
track:724, 855, 673, 147, 124
track:725, 856, 669, 147, 124
track:726, 855, 668, 147, 124
track:727, 856, 667, 147, 124
track:728, 857, 665, 147, 124
track:729, 856, 660, 147, 124
track:730, 857, 658, 147, 124
track:731, 854, 654, 154, 130
track:732, 854, 654, 154, 130
track:733, 853, 652, 154, 130
track:734, 851, 646, 162, 137
track:735, 853, 641, 162, 137
track:736, 853, 641, 162, 137
track:737, 853, 639, 162, 137
track:738, 851, 638, 162, 137
track:739, 851, 638, 162, 137
track:740, 852, 639, 162, 137
track:741, 853, 640, 162, 137
track:742, 854, 641, 162, 137
track:743, 851, 641, 162, 137
track:744, 850, 641, 162, 137
track:745, 852, 639, 162, 137
track:746, 852, 638, 162, 137
track:747, 852, 637, 162, 137
track:748, 852, 630, 162, 137
track:749, 851, 624, 162, 137
track:750, 849, 624, 162, 137
track:751, 850, 622, 162, 137
track:752, 850, 624, 162, 137
init :753, 849, 628, 156, 124
track:754, 850, 628, 156, 124
track:755, 853, 629, 156, 124
track:756, 853, 629, 156, 124
track:757, 854, 628, 156, 124
track:758, 854, 627, 156, 124
track:759, 853, 628, 156, 124
track:760, 854, 632, 156, 124
track:761, 854, 633, 156, 124
track:762, 856, 633, 156, 124
track:763, 859, 632, 156, 124
track:764, 860, 632, 156, 124
track:765, 863, 635, 149, 118
track:766, 862, 635, 149, 118
track:767, 861, 636, 149, 118
track:768, 861, 637, 149, 118
track:769, 861, 639, 149, 118
track:770, 864, 649, 149, 118
track:771, 865, 648, 149, 118
track:772, 866, 648, 149, 118
track:773, 867, 647, 149, 118
track:774, 868, 647, 149, 118
track:775, 870, 647, 149, 118
track:776, 869, 647, 149, 118
track:777, 870, 647, 149, 118
track:778, 874, 648, 141, 112
track:779, 874, 648, 141, 112
track:780, 878, 650, 135, 107
track:781, 878, 650, 135, 107
track:782, 878, 650, 135, 107
track:783, 879, 650, 135, 107
track:784, 878, 650, 135, 107
track:785, 878, 650, 135, 107
track:786, 878, 651, 135, 107
track:787, 879, 653, 128, 102
track:788, 878, 653, 128, 102
track:789, 878, 654, 128, 102
track:790, 878, 653, 128, 102
track:791, 877, 653, 128, 102
track:792, 880, 654, 122, 97
track:793, 876, 654, 128, 102
track:794, 877, 655, 128, 102
track:795, 877, 659, 128, 102
track:796, 877, 660, 128, 102
track:797, 877, 659, 128, 102
track:798, 877, 658, 128, 102
track:799, 877, 659, 128, 102
init :800, 876, 659, 133, 109
track:801, 876, 659, 133, 109
track:802, 876, 659, 133, 109
track:803, 875, 660, 133, 109
track:804, 872, 658, 140, 114
track:805, 871, 659, 140, 114
track:806, 871, 659, 140, 114
track:807, 870, 659, 140, 114
track:808, 870, 660, 140, 114
track:809, 871, 662, 140, 114
track:810, 871, 664, 140, 114
track:811, 870, 664, 140, 114
track:812, 870, 666, 140, 114
track:813, 868, 666, 140, 114
track:814, 867, 666, 140, 114
track:815, 866, 665, 140, 114
track:816, 865, 665, 140, 114
track:817, 866, 667, 140, 114
track:818, 864, 674, 140, 114
track:819, 865, 677, 140, 114
track:820, 863, 687, 140, 114
track:821, 859, 684, 147, 120
track:822, 854, 682, 154, 126
track:823, 853, 681, 154, 126
track:824, 852, 680, 154, 126
track:825, 851, 681, 154, 126
track:826, 852, 681, 154, 126
track:827, 852, 686, 154, 126
track:828, 852, 690, 154, 126
track:829, 853, 692, 154, 126
track:830, 855, 694, 154, 126
track:831, 855, 695, 154, 126
track:832, 856, 695, 154, 126
track:833, 854, 691, 162, 132
track:834, 855, 685, 162, 132
track:835, 854, 675, 162, 132
track:836, 855, 674, 162, 132
track:837, 854, 670, 162, 132
track:838, 853, 668, 162, 132
track:839, 852, 664, 162, 132
track:840, 846, 655, 170, 139
track:841, 846, 654, 170, 139
track:842, 843, 654, 170, 139
track:843, 841, 650, 170, 139
track:844, 834, 643, 178, 146
track:845, 833, 633, 170, 139
track:846, 832, 632, 170, 139
init :847, 821, 612, 189, 160
track:848, 822, 608, 189, 160
track:849, 818, 604, 198, 168
track:850, 823, 606, 189, 160
track:851, 822, 605, 189, 160
track:852, 822, 598, 198, 168
track:853, 825, 594, 198, 168
track:854, 827, 595, 198, 168
track:855, 826, 600, 198, 168
track:856, 827, 601, 198, 168
track:857, 826, 602, 198, 168
track:858, 832, 602, 189, 160
track:859, 832, 597, 189, 160
track:860, 833, 596, 189, 160
track:861, 833, 595, 189, 160
track:862, 833, 597, 189, 160
track:863, 833, 602, 189, 160
track:864, 835, 607, 189, 160
track:865, 834, 613, 189, 160
track:866, 839, 618, 180, 152
track:867, 839, 623, 180, 152
track:868, 840, 624, 180, 152
track:869, 841, 625, 180, 152
track:870, 841, 630, 180, 152
track:871, 841, 630, 180, 152
track:872, 842, 630, 180, 152
track:873, 843, 630, 180, 152
track:874, 843, 630, 180, 152
track:875, 843, 632, 180, 152
track:876, 843, 632, 180, 152
track:877, 844, 633, 180, 152
track:878, 850, 636, 171, 145
track:879, 852, 636, 171, 145
track:880, 852, 635, 171, 145
track:881, 852, 636, 171, 145
track:882, 856, 637, 163, 138
track:883, 858, 636, 163, 138
track:884, 861, 635, 163, 138
track:885, 862, 636, 163, 138
track:886, 862, 635, 163, 138
track:887, 864, 637, 163, 138
track:888, 869, 641, 155, 132
track:889, 870, 639, 155, 132
track:890, 872, 638, 155, 132
track:891, 871, 637, 155, 132
track:892, 872, 637, 155, 132
track:893, 873, 635, 155, 132
init :894, 881, 646, 129, 119
track:895, 882, 647, 129, 119
track:896, 882, 647, 129, 119
track:897, 881, 647, 129, 119
track:898, 880, 646, 129, 119
track:899, 879, 647, 129, 119
track:900, 877, 646, 129, 119
track:901, 877, 648, 129, 119
track:902, 877, 648, 129, 119
track:903, 875, 649, 129, 119
track:904, 876, 649, 129, 119
track:905, 878, 651, 123, 113
track:906, 879, 651, 123, 113
track:907, 855, 638, 123, 113
track:908, 846, 634, 123, 113
track:909, 835, 633, 129, 119
track:910, 820, 639, 135, 125
track:911, 816, 639, 142, 131
track:912, 818, 644, 142, 131
track:913, 817, 644, 149, 138
track:914, 817, 647, 149, 138
track:915, 815, 648, 157, 145
track:916, 811, 644, 165, 152
track:917, 813, 650, 165, 152
track:918, 809, 646, 173, 159
track:919, 808, 644, 182, 167
track:920, 806, 644, 182, 167
track:921, 806, 643, 182, 167
track:922, 802, 643, 182, 167
track:923, 794, 643, 182, 167
track:924, 789, 641, 182, 167
track:925, 783, 641, 182, 167
track:926, 783, 641, 182, 167
track:927, 779, 641, 182, 167
track:928, 771, 635, 191, 176
track:929, 764, 630, 200, 185
track:930, 760, 631, 200, 185
track:931, 759, 630, 200, 185
track:932, 757, 627, 200, 185
track:933, 757, 626, 200, 185
track:934, 758, 622, 200, 185
track:935, 758, 618, 200, 185
track:936, 761, 618, 200, 185
track:937, 762, 616, 200, 185
track:938, 761, 613, 200, 185
track:939, 762, 612, 200, 185
track:940, 763, 611, 200, 185
init :941, 775, 568, 318, 236
track:942, 776, 569, 318, 236
track:943, 776, 569, 318, 236
track:944, 776, 567, 318, 236
track:945, 777, 567, 318, 236
track:946, 776, 566, 318, 236
track:947, 774, 567, 318, 236
track:948, 770, 569, 318, 236
track:949, 767, 570, 318, 236
track:950, 762, 570, 318, 236
track:951, 762, 573, 318, 236
track:952, 759, 574, 318, 236
track:953, 758, 575, 318, 236
track:954, 755, 575, 318, 236
track:955, 753, 577, 318, 236
track:956, 756, 578, 318, 236
track:957, 753, 579, 318, 236
track:958, 749, 581, 318, 236
track:959, 742, 575, 334, 248
track:960, 743, 575, 334, 248
track:961, 743, 575, 334, 248
track:962, 741, 577, 334, 248
track:963, 737, 578, 334, 248
track:964, 738, 577, 334, 248
track:965, 734, 577, 334, 248
track:966, 730, 578, 334, 248
track:967, 731, 579, 334, 248
track:968, 725, 580, 334, 248
track:969, 719, 581, 334, 248
track:970, 719, 581, 334, 248
track:971, 715, 580, 334, 248
track:972, 709, 581, 334, 248
track:973, 704, 582, 334, 248
track:974, 701, 582, 334, 248
track:975, 704, 583, 334, 248
track:976, 701, 584, 334, 248
track:977, 698, 586, 334, 248
track:978, 699, 592, 318, 236
track:979, 695, 590, 318, 236
track:980, 698, 593, 318, 236
track:981, 698, 594, 318, 236
track:982, 696, 595, 318, 236
track:983, 698, 594, 318, 236
track:984, 697, 595, 318, 236
track:985, 701, 593, 318, 236
track:986, 699, 594, 318, 236
track:987, 699, 595, 318, 236
init :988, 696, 586, 493, 251
track:989, 697, 586, 493, 251
track:990, 699, 586, 493, 251
track:991, 699, 585, 493, 251
track:992, 698, 584, 493, 251
track:993, 698, 584, 493, 251
track:994, 698, 582, 493, 251
track:995, 696, 582, 493, 251
track:996, 711, 586, 470, 239
track:997, 712, 587, 470, 239
track:998, 704, 578, 493, 251
track:999, 710, 575, 493, 251
track:1000, 711, 573, 493, 251
track:1001, 714, 571, 493, 251
track:1002, 715, 570, 493, 251
track:1003, 732, 573, 470, 239
track:1004, 744, 576, 447, 228
track:1005, 745, 577, 447, 228
track:1006, 751, 572, 447, 228
track:1007, 749, 570, 447, 228
track:1008, 747, 568, 447, 228
track:1009, 746, 565, 447, 228
track:1010, 745, 563, 447, 228
track:1011, 741, 564, 447, 228
track:1012, 741, 563, 447, 228
track:1013, 739, 562, 447, 228
track:1014, 743, 567, 426, 217
track:1015, 743, 569, 426, 217
track:1016, 739, 569, 426, 217
track:1017, 737, 566, 426, 217
track:1018, 743, 570, 406, 206
track:1019, 739, 571, 406, 206
track:1020, 740, 570, 406, 206
track:1021, 746, 575, 386, 197
track:1022, 747, 572, 386, 197
track:1023, 743, 571, 386, 197
track:1024, 738, 570, 386, 197
track:1025, 737, 570, 386, 197
track:1026, 738, 570, 386, 197
track:1027, 733, 574, 386, 197
track:1028, 735, 573, 386, 197
track:1029, 728, 573, 386, 197
track:1030, 729, 573, 386, 197
track:1031, 722, 575, 386, 197
track:1032, 715, 575, 386, 197
track:1033, 710, 576, 386, 197
track:1034, 710, 578, 386, 197
init :1035, 743, 589, 433, 160
track:1036, 740, 590, 433, 160
track:1037, 739, 593, 433, 160
track:1038, 737, 594, 433, 160
track:1039, 744, 597, 433, 160
track:1040, 729, 597, 455, 168
track:1041, 724, 600, 455, 168
track:1042, 724, 602, 455, 168
track:1043, 735, 606, 433, 160
track:1044, 744, 612, 412, 152
track:1045, 744, 611, 412, 152
track:1046, 745, 613, 412, 152
track:1047, 745, 614, 412, 152
track:1048, 750, 616, 412, 152
track:1049, 752, 616, 412, 152
track:1050, 756, 616, 412, 152
track:1051, 761, 614, 412, 152
track:1052, 773, 615, 393, 145
track:1053, 779, 615, 393, 145
track:1054, 794, 613, 393, 145
track:1055, 785, 608, 412, 152
track:1056, 788, 608, 412, 152
track:1057, 794, 608, 412, 152
track:1058, 784, 607, 433, 160
track:1059, 787, 609, 433, 160
track:1060, 787, 610, 433, 160
track:1061, 796, 614, 412, 152
track:1062, 795, 614, 412, 152
track:1063, 781, 610, 433, 160
track:1064, 780, 610, 433, 160
track:1065, 778, 611, 433, 160
track:1066, 773, 611, 433, 160
track:1067, 765, 611, 433, 160
track:1068, 758, 611, 433, 160
track:1069, 745, 611, 433, 160
track:1070, 752, 615, 412, 152
track:1071, 746, 616, 412, 152
track:1072, 731, 616, 412, 152
track:1073, 703, 615, 433, 160
track:1074, 698, 614, 433, 160
track:1075, 694, 614, 433, 160
track:1076, 683, 616, 433, 160
track:1077, 677, 617, 433, 160
track:1078, 663, 619, 433, 160
track:1079, 642, 615, 455, 168
track:1080, 638, 614, 455, 168
track:1081, 644, 619, 433, 160
init :1082, 669, 625, 447, 135
track:1083, 665, 624, 447, 135
track:1084, 660, 624, 447, 135
track:1085, 658, 622, 447, 135
track:1086, 663, 621, 447, 135
track:1087, 662, 621, 447, 135
track:1088, 663, 623, 447, 135
track:1089, 659, 622, 447, 135
track:1090, 669, 625, 426, 129
track:1091, 660, 622, 447, 135
track:1092, 667, 626, 447, 135
track:1093, 668, 626, 447, 135
track:1094, 669, 627, 447, 135
track:1095, 661, 626, 469, 142
track:1096, 661, 625, 469, 142
track:1097, 664, 626, 469, 142
track:1098, 658, 625, 469, 142
track:1099, 671, 628, 447, 135
track:1100, 672, 629, 447, 135
track:1101, 675, 629, 447, 135
track:1102, 684, 632, 426, 129
track:1103, 681, 631, 426, 129
track:1104, 683, 631, 426, 129
track:1105, 682, 633, 426, 129
track:1106, 681, 633, 426, 129
track:1107, 669, 630, 447, 135
track:1108, 658, 628, 469, 142
track:1109, 656, 630, 469, 142
track:1110, 651, 631, 469, 142
track:1111, 648, 634, 469, 142
track:1112, 650, 633, 469, 142
track:1113, 649, 634, 469, 142
track:1114, 659, 641, 447, 135
track:1115, 662, 640, 447, 135
track:1116, 645, 641, 447, 135
track:1117, 633, 639, 469, 142
track:1118, 653, 641, 447, 135
track:1119, 650, 644, 447, 135
track:1120, 660, 645, 426, 129
track:1121, 656, 645, 426, 129
track:1122, 659, 644, 426, 129
track:1123, 655, 643, 426, 129
track:1124, 661, 644, 426, 129
track:1125, 664, 646, 426, 129
track:1126, 665, 650, 426, 129
track:1127, 670, 650, 426, 129
track:1128, 681, 652, 405, 122
init :1129, 756, 628, 332, 173
track:1130, 756, 628, 332, 173
track:1131, 765, 632, 316, 165
track:1132, 771, 632, 316, 165
track:1133, 780, 638, 301, 157
track:1134, 784, 638, 301, 157
track:1135, 792, 641, 287, 149
track:1136, 791, 642, 287, 149
track:1137, 802, 644, 273, 142
track:1138, 798, 644, 273, 142
track:1139, 794, 643, 273, 142
track:1140, 791, 643, 273, 142
track:1141, 779, 643, 287, 149
track:1142, 774, 643, 287, 149
track:1143, 755, 642, 287, 149
track:1144, 718, 636, 301, 157
track:1145, 715, 632, 316, 165
track:1146, 712, 633, 316, 165
track:1147, 722, 640, 301, 157
track:1148, 728, 648, 287, 149
track:1149, 727, 656, 273, 142
track:1150, 721, 654, 273, 142
track:1151, 717, 653, 273, 142
track:1152, 711, 655, 273, 142
track:1153, 715, 665, 260, 136
track:1154, 704, 661, 273, 142
track:1155, 701, 663, 273, 142
track:1156, 706, 666, 273, 142
track:1157, 707, 662, 273, 142
track:1158, 717, 666, 260, 136
track:1159, 716, 666, 260, 136
track:1160, 716, 665, 260, 136
track:1161, 718, 666, 260, 136
track:1162, 723, 668, 260, 136
track:1163, 723, 667, 260, 136
track:1164, 723, 668, 260, 136
track:1165, 720, 669, 260, 136
track:1166, 715, 670, 260, 136
track:1167, 717, 669, 260, 136
track:1168, 700, 665, 273, 142
track:1169, 691, 665, 273, 142
track:1170, 693, 667, 273, 142
track:1171, 692, 665, 273, 142
track:1172, 687, 658, 287, 149
track:1173, 681, 657, 287, 149
track:1174, 671, 656, 287, 149
track:1175, 681, 655, 287, 149
init :1176, 761, 638, 364, 155
track:1177, 763, 638, 364, 155
track:1178, 768, 638, 364, 155
track:1179, 770, 637, 364, 155
track:1180, 771, 637, 364, 155
track:1181, 773, 634, 364, 155
track:1182, 762, 630, 382, 163
track:1183, 763, 630, 382, 163
track:1184, 771, 630, 382, 163
track:1185, 768, 629, 382, 163
track:1186, 772, 629, 382, 163
track:1187, 777, 628, 382, 163
track:1188, 772, 625, 382, 163
track:1189, 775, 623, 382, 163
track:1190, 777, 624, 382, 163
track:1191, 774, 623, 382, 163
track:1192, 774, 623, 382, 163
track:1193, 785, 624, 382, 163
track:1194, 777, 623, 382, 163
track:1195, 787, 624, 364, 155
track:1196, 778, 623, 364, 155
track:1197, 774, 622, 364, 155
track:1198, 776, 620, 364, 155
track:1199, 779, 617, 364, 155
track:1200, 774, 615, 364, 155
track:1201, 788, 617, 364, 155
track:1202, 772, 613, 382, 163
track:1203, 778, 614, 364, 155
track:1204, 808, 619, 347, 148
track:1205, 801, 621, 347, 148
track:1206, 810, 625, 330, 141
track:1207, 803, 621, 347, 148
track:1208, 809, 625, 347, 148
track:1209, 805, 622, 347, 148
track:1210, 822, 627, 330, 141
track:1211, 838, 630, 314, 134
track:1212, 841, 631, 314, 134
track:1213, 846, 633, 314, 134
track:1214, 846, 634, 314, 134
track:1215, 852, 638, 299, 128
track:1216, 861, 641, 285, 121
track:1217, 860, 640, 285, 121
track:1218, 859, 640, 285, 121
track:1219, 866, 642, 272, 116
track:1220, 866, 642, 272, 116
track:1221, 862, 644, 272, 116
track:1222, 855, 646, 272, 116
init :1223, 886, 654, 300, 96
track:1224, 886, 654, 300, 96
track:1225, 894, 657, 286, 91
track:1226, 894, 658, 286, 91
track:1227, 893, 658, 286, 91
track:1228, 892, 659, 286, 91
track:1229, 891, 659, 286, 91
track:1230, 891, 660, 286, 91
track:1231, 891, 660, 286, 91
track:1232, 898, 662, 272, 87
track:1233, 901, 665, 259, 83
track:1234, 900, 665, 259, 83
track:1235, 899, 667, 259, 83
track:1236, 901, 670, 247, 79
track:1237, 897, 670, 247, 79
track:1238, 897, 670, 247, 79
track:1239, 897, 670, 247, 79
track:1240, 890, 668, 259, 83
track:1241, 877, 666, 272, 87
track:1242, 886, 669, 259, 83
track:1243, 890, 670, 247, 79
track:1244, 879, 671, 259, 83
track:1245, 870, 674, 259, 83
track:1246, 873, 676, 259, 83
track:1247, 953, 673, 259, 83
track:1248, 949, 675, 259, 83
track:1249, 946, 674, 259, 83
track:1250, 945, 672, 259, 83
track:1251, 951, 674, 247, 79
track:1252, 950, 674, 247, 79
track:1253, 945, 673, 247, 79
track:1254, 944, 672, 247, 79
track:1255, 941, 671, 247, 79
track:1256, 917, 671, 247, 79
track:1257, 918, 672, 247, 79
track:1258, 910, 671, 259, 83
track:1259, 909, 674, 259, 83
track:1260, 905, 674, 259, 83
track:1261, 898, 675, 259, 83
track:1262, 890, 678, 259, 83
track:1263, 890, 678, 259, 83
track:1264, 890, 678, 259, 83
track:1265, 898, 681, 247, 79
track:1266, 899, 680, 247, 79
track:1267, 898, 678, 247, 79
track:1268, 894, 675, 247, 79
track:1269, 896, 671, 247, 79
init :1270, 941, 656, 106, 80
track:1271, 940, 656, 106, 80
track:1272, 937, 656, 106, 80
track:1273, 935, 657, 106, 80
track:1274, 933, 656, 106, 80
track:1275, 927, 655, 106, 80
track:1276, 923, 653, 106, 80
track:1277, 918, 657, 101, 76
track:1278, 912, 660, 96, 73
track:1279, 912, 660, 96, 73
track:1280, 905, 661, 96, 73
track:1281, 897, 662, 96, 73
track:1282, 892, 665, 92, 69
track:1283, 886, 663, 96, 73
track:1284, 887, 663, 96, 73
track:1285, 878, 664, 96, 73
track:1286, 871, 663, 96, 73
track:1287, 871, 662, 96, 73
track:1288, 870, 662, 96, 73
track:1289, 870, 662, 96, 73
track:1290, 869, 662, 96, 73
track:1291, 867, 662, 96, 73
track:1292, 864, 662, 96, 73
track:1293, 862, 661, 96, 73
track:1294, 863, 662, 96, 73
track:1295, 862, 662, 96, 73
track:1296, 860, 660, 96, 73
track:1297, 861, 662, 92, 69
track:1298, 861, 661, 92, 69
track:1299, 864, 663, 87, 66
track:1300, 862, 664, 87, 66
track:1301, 860, 664, 87, 66
track:1302, 860, 664, 87, 66
track:1303, 859, 664, 87, 66
track:1304, 860, 664, 87, 66
track:1305, 860, 664, 87, 66
track:1306, 860, 664, 87, 66
track:1307, 863, 666, 83, 63
track:1308, 863, 667, 83, 63
track:1309, 863, 666, 83, 63
track:1310, 864, 667, 83, 63
track:1311, 866, 669, 79, 60
track:1312, 865, 669, 79, 60
track:1313, 865, 670, 79, 60
track:1314, 866, 670, 79, 60
track:1315, 864, 671, 79, 60
track:1316, 863, 670, 79, 60
init :1317, 863, 669, 166, 54
track:1318, 861, 669, 166, 54
track:1319, 862, 669, 166, 54
track:1320, 866, 671, 158, 51
track:1321, 864, 670, 158, 51
track:1322, 862, 670, 166, 54
track:1323, 859, 669, 174, 57
track:1324, 860, 670, 174, 57
track:1325, 861, 670, 174, 57
track:1326, 862, 672, 174, 57
track:1327, 864, 673, 174, 57
track:1328, 861, 672, 183, 60
track:1329, 862, 673, 183, 60
track:1330, 859, 673, 183, 60
track:1331, 860, 674, 183, 60
track:1332, 859, 674, 183, 60
track:1333, 854, 674, 183, 60
track:1334, 852, 674, 183, 60
track:1335, 854, 675, 174, 57
track:1336, 849, 675, 174, 57
track:1337, 842, 674, 183, 60
track:1338, 838, 674, 183, 60
track:1339, 838, 674, 183, 60
track:1340, 837, 674, 183, 60
track:1341, 836, 675, 183, 60
track:1342, 835, 675, 183, 60
track:1343, 835, 675, 183, 60
track:1344, 834, 676, 183, 60
track:1345, 835, 676, 183, 60
track:1346, 835, 676, 183, 60
track:1347, 835, 676, 183, 60
track:1348, 840, 677, 174, 57
track:1349, 840, 677, 174, 57
track:1350, 839, 677, 174, 57
track:1351, 837, 678, 174, 57
track:1352, 836, 678, 174, 57
track:1353, 834, 679, 174, 57
track:1354, 835, 679, 174, 57
track:1355, 835, 679, 174, 57
track:1356, 835, 680, 174, 57
track:1357, 837, 679, 174, 57
track:1358, 837, 679, 174, 57
track:1359, 837, 680, 174, 57
track:1360, 831, 679, 183, 60
track:1361, 831, 680, 183, 60
track:1362, 836, 682, 174, 57
track:1363, 835, 683, 174, 57
init :1364, 849, 687, 184, 51
track:1365, 849, 687, 184, 51
track:1366, 849, 687, 184, 51
track:1367, 849, 687, 184, 51
track:1368, 848, 686, 184, 51
track:1369, 846, 687, 184, 51
track:1370, 845, 688, 184, 51
track:1371, 843, 689, 184, 51
track:1372, 843, 689, 184, 51
track:1373, 837, 689, 193, 54
track:1374, 837, 689, 193, 54
track:1375, 838, 690, 184, 51
track:1376, 835, 691, 184, 51
track:1377, 833, 691, 184, 51
track:1378, 829, 692, 184, 51
track:1379, 830, 692, 184, 51
track:1380, 823, 692, 193, 54
track:1381, 818, 693, 193, 54
track:1382, 815, 694, 193, 54
track:1383, 814, 697, 193, 54
track:1384, 811, 697, 193, 54
track:1385, 811, 698, 193, 54
track:1386, 812, 698, 193, 54
track:1387, 814, 699, 193, 54
track:1388, 820, 701, 184, 51
track:1389, 817, 700, 193, 54
track:1390, 818, 700, 193, 54
track:1391, 822, 702, 193, 54
track:1392, 821, 701, 203, 56
track:1393, 826, 703, 203, 56
track:1394, 827, 704, 203, 56
track:1395, 829, 704, 203, 56
track:1396, 825, 703, 213, 59
track:1397, 825, 704, 213, 59
track:1398, 830, 707, 203, 56
track:1399, 830, 707, 203, 56
track:1400, 827, 707, 203, 56
track:1401, 823, 709, 203, 56
track:1402, 814, 708, 213, 59
track:1403, 809, 708, 213, 59
track:1404, 807, 708, 213, 59
track:1405, 803, 709, 213, 59
track:1406, 800, 710, 213, 59
track:1407, 797, 710, 213, 59
track:1408, 795, 710, 213, 59
track:1409, 787, 709, 224, 62
track:1410, 787, 710, 224, 62
init :1411, 793, 713, 230, 75
track:1412, 792, 713, 230, 75
track:1413, 794, 714, 230, 75
track:1414, 794, 715, 230, 75
track:1415, 796, 715, 230, 75
track:1416, 797, 716, 230, 75
track:1417, 797, 715, 230, 75
track:1418, 793, 715, 230, 75
track:1419, 794, 716, 230, 75
track:1420, 793, 716, 230, 75
track:1421, 786, 714, 241, 79
track:1422, 785, 716, 241, 79
track:1423, 786, 717, 241, 79
track:1424, 786, 717, 241, 79
track:1425, 787, 717, 241, 79
track:1426, 787, 717, 241, 79
track:1427, 788, 717, 241, 79
track:1428, 779, 715, 254, 83
track:1429, 778, 715, 254, 83
track:1430, 776, 716, 254, 83
track:1431, 775, 717, 254, 83
track:1432, 781, 720, 254, 83
track:1433, 774, 720, 254, 83
track:1434, 773, 720, 254, 83
track:1435, 772, 721, 254, 83
track:1436, 768, 721, 254, 83
track:1437, 768, 722, 254, 83
track:1438, 763, 723, 266, 87
track:1439, 765, 723, 266, 87
track:1440, 757, 724, 280, 91
track:1441, 763, 727, 266, 87
track:1442, 754, 727, 266, 87
track:1443, 752, 728, 266, 87
track:1444, 745, 727, 280, 91
track:1445, 745, 728, 280, 91
track:1446, 732, 727, 280, 91
track:1447, 731, 728, 280, 91
track:1448, 724, 726, 294, 96
track:1449, 735, 726, 280, 91
track:1450, 727, 724, 294, 96
track:1451, 727, 724, 294, 96
track:1452, 732, 726, 294, 96
track:1453, 737, 728, 294, 96
track:1454, 743, 728, 294, 96
track:1455, 747, 728, 294, 96
track:1456, 761, 729, 280, 91
track:1457, 767, 728, 280, 91
init :1458, 821, 708, 212, 142
track:1459, 821, 708, 212, 142
track:1460, 825, 708, 212, 142
track:1461, 830, 709, 212, 142
track:1462, 830, 710, 212, 142
track:1463, 831, 711, 212, 142
track:1464, 831, 712, 212, 142
track:1465, 834, 714, 212, 142
track:1466, 832, 711, 212, 142
track:1467, 829, 711, 212, 142
track:1468, 831, 712, 212, 142
track:1469, 830, 711, 212, 142
track:1470, 816, 707, 212, 142
track:1471, 816, 705, 212, 142
track:1472, 816, 703, 212, 142
track:1473, 813, 704, 212, 142
track:1474, 810, 699, 212, 142
track:1475, 805, 700, 212, 142
track:1476, 803, 696, 212, 142
track:1477, 804, 694, 212, 142
track:1478, 805, 695, 212, 142
track:1479, 808, 697, 202, 135
track:1480, 812, 700, 192, 129
track:1481, 814, 696, 192, 129
track:1482, 812, 691, 202, 135
track:1483, 813, 689, 202, 135
track:1484, 825, 689, 202, 135
track:1485, 818, 682, 212, 142
track:1486, 819, 682, 212, 142
track:1487, 831, 680, 212, 142
track:1488, 828, 680, 212, 142
track:1489, 834, 678, 212, 142
track:1490, 831, 677, 212, 142
track:1491, 825, 675, 212, 142
track:1492, 833, 671, 212, 142
track:1493, 838, 675, 202, 135
track:1494, 823, 671, 202, 135
track:1495, 817, 669, 202, 135
track:1496, 819, 669, 192, 129
track:1497, 815, 667, 183, 123
track:1498, 820, 666, 183, 123
track:1499, 812, 662, 183, 123
track:1500, 804, 657, 183, 123
track:1501, 793, 654, 183, 123
track:1502, 798, 649, 183, 123
track:1503, 798, 648, 183, 123
track:1504, 795, 645, 183, 123
init :1505, 826, 630, 309, 132
track:1506, 826, 629, 309, 132
track:1507, 823, 626, 309, 132
track:1508, 823, 626, 309, 132
track:1509, 821, 624, 309, 132
track:1510, 821, 622, 309, 132
track:1511, 824, 623, 309, 132
track:1512, 812, 619, 309, 132
track:1513, 810, 617, 309, 132
track:1514, 806, 619, 294, 126
track:1515, 781, 620, 294, 126
track:1516, 757, 620, 294, 126
track:1517, 731, 621, 294, 126
track:1518, 738, 622, 280, 120
track:1519, 714, 622, 280, 120
track:1520, 685, 620, 294, 126
track:1521, 662, 621, 294, 126
track:1522, 653, 621, 294, 126
track:1523, 661, 625, 280, 120
track:1524, 640, 625, 280, 120
track:1525, 642, 625, 280, 120
track:1526, 644, 625, 280, 120
track:1527, 656, 627, 267, 114
track:1528, 664, 630, 254, 109
track:1529, 693, 628, 254, 109
track:1530, 706, 628, 254, 109
track:1531, 736, 626, 254, 109
track:1532, 760, 625, 254, 109
track:1533, 764, 623, 254, 109
track:1534, 785, 625, 254, 109
track:1535, 817, 628, 242, 103
track:1536, 842, 630, 231, 99
track:1537, 867, 632, 220, 94
track:1538, 866, 631, 220, 94
track:1539, 879, 633, 220, 94
track:1540, 889, 636, 220, 94
track:1541, 898, 638, 209, 89
track:1542, 898, 639, 209, 89
track:1543, 901, 642, 199, 85
track:1544, 901, 641, 199, 85
track:1545, 900, 644, 199, 85
track:1546, 896, 646, 199, 85
track:1547, 880, 647, 199, 85
track:1548, 884, 649, 199, 85
track:1549, 876, 651, 199, 85
track:1550, 869, 653, 190, 81
track:1551, 870, 657, 181, 77
init :1552, 872, 662, 212, 72
track:1553, 872, 662, 212, 72
track:1554, 869, 664, 212, 72
track:1555, 874, 666, 202, 69
track:1556, 873, 667, 202, 69
track:1557, 874, 668, 202, 69
track:1558, 876, 668, 202, 69
track:1559, 879, 669, 202, 69
track:1560, 882, 669, 202, 69
track:1561, 885, 668, 202, 69
track:1562, 889, 669, 202, 69
track:1563, 888, 669, 202, 69
track:1564, 891, 670, 202, 69
track:1565, 890, 671, 202, 69
track:1566, 888, 671, 202, 69
track:1567, 887, 671, 202, 69
track:1568, 887, 672, 202, 69
track:1569, 892, 674, 192, 65
track:1570, 894, 675, 183, 62
track:1571, 891, 675, 183, 62
track:1572, 889, 676, 183, 62
track:1573, 888, 677, 183, 62
track:1574, 883, 677, 183, 62
track:1575, 884, 677, 183, 62
track:1576, 881, 677, 183, 62
track:1577, 877, 677, 183, 62
track:1578, 875, 678, 183, 62
track:1579, 879, 680, 174, 59
track:1580, 876, 679, 174, 59
track:1581, 879, 680, 166, 56
track:1582, 882, 681, 158, 54
track:1583, 884, 683, 151, 51
track:1584, 882, 683, 151, 51
track:1585, 883, 684, 143, 49
track:1586, 884, 684, 137, 46
track:1587, 887, 685, 130, 44
track:1588, 887, 685, 130, 44
track:1589, 885, 685, 137, 46
track:1590, 887, 685, 137, 46
track:1591, 890, 686, 137, 46
track:1592, 890, 686, 143, 49
track:1593, 891, 686, 137, 46
track:1594, 891, 687, 137, 46
track:1595, 886, 688, 137, 46
track:1596, 894, 689, 130, 44
track:1599, 894, 688, 130, 44
track:1600, 899, 689, 124, 42
track:1601, 893, 688, 124, 42
track:1602, 896, 688, 124, 42
track:1603, 900, 689, 118, 40
track:1604, 921, 688, 118, 40
track:1605, 920, 689, 118, 40
track:1606, 921, 688, 112, 38
track:1607, 917, 688, 112, 38
track:1608, 915, 687, 112, 38
elapseTime: 16.577
