init :7, 821, 630, 235, 197
track:8, 821, 630, 235, 197
track:9, 822, 630, 235, 197
track:10, 821, 631, 235, 197
track:11, 823, 630, 235, 197
track:12, 823, 630, 235, 197
track:13, 824, 630, 235, 197
track:14, 824, 630, 235, 197
track:15, 824, 630, 235, 197
track:16, 825, 630, 235, 197
track:17, 826, 630, 235, 197
track:18, 825, 630, 235, 197
track:19, 825, 629, 235, 197
track:20, 821, 626, 247, 207
track:21, 820, 626, 247, 207
track:22, 827, 631, 235, 197
track:23, 828, 631, 235, 197
track:24, 827, 631, 235, 197
track:25, 828, 630, 235, 197
track:26, 829, 631, 235, 197
track:27, 829, 631, 235, 197
track:28, 829, 631, 235, 197
track:29, 829, 630, 235, 197
track:30, 829, 630, 235, 197
track:31, 830, 629, 235, 197
track:32, 831, 631, 235, 197
track:33, 829, 630, 235, 197
track:34, 830, 631, 235, 197
track:35, 830, 630, 235, 197
track:36, 830, 631, 235, 197
track:37, 829, 630, 235, 197
track:38, 831, 630, 235, 197
track:39, 830, 630, 235, 197
track:40, 830, 630, 235, 197
track:41, 831, 629, 235, 197
track:42, 830, 631, 235, 197
track:43, 831, 630, 235, 197
track:44, 830, 631, 235, 197
track:45, 832, 630, 235, 197
track:46, 830, 631, 235, 197
track:48, 832, 630, 235, 197
track:49, 830, 630, 235, 197
init :50, 826, 630, 230, 197
track:51, 826, 630, 230, 197
track:52, 826, 631, 230, 197
track:53, 827, 630, 230, 197
track:54, 827, 630, 230, 197
track:55, 827, 630, 230, 197
track:56, 826, 630, 230, 197
track:57, 826, 630, 230, 197
track:58, 826, 630, 230, 197
track:59, 826, 630, 230, 197
track:60, 826, 630, 230, 197
track:61, 825, 630, 230, 197
track:62, 825, 630, 230, 197
track:63, 825, 630, 230, 197
track:64, 825, 630, 230, 197
track:65, 825, 631, 230, 197
track:66, 824, 629, 230, 197
track:67, 824, 630, 230, 197
track:68, 825, 630, 230, 197
track:69, 824, 630, 230, 197
track:70, 824, 630, 230, 197
track:71, 823, 630, 230, 197
track:72, 823, 630, 230, 197
track:73, 823, 630, 230, 197
track:74, 824, 630, 230, 197
track:75, 823, 630, 230, 197
track:76, 823, 630, 230, 197
track:77, 823, 630, 230, 197
track:78, 823, 630, 230, 197
track:79, 823, 629, 230, 197
track:80, 823, 629, 230, 197
track:81, 823, 630, 230, 197
track:82, 823, 629, 230, 197
track:83, 823, 629, 230, 197
track:84, 823, 630, 230, 197
track:85, 822, 630, 230, 197
track:86, 822, 630, 230, 197
track:87, 822, 630, 230, 197
track:88, 822, 631, 230, 197
track:89, 823, 630, 230, 197
track:90, 822, 630, 230, 197
track:91, 822, 630, 230, 197
track:92, 822, 631, 230, 197
track:93, 824, 631, 230, 197
track:94, 824, 632, 230, 197
track:95, 829, 634, 219, 188
track:96, 824, 630, 230, 197
track:97, 825, 630, 230, 197
track:98, 826, 630, 230, 197
init :99, 826, 628, 240, 197
track:100, 826, 628, 240, 197
track:101, 828, 629, 240, 197
track:102, 829, 627, 240, 197
track:103, 830, 627, 240, 197
track:104, 831, 627, 240, 197
track:105, 831, 626, 240, 197
track:106, 833, 625, 240, 197
track:107, 831, 624, 240, 197
track:108, 831, 623, 240, 197
track:109, 830, 622, 240, 197
track:110, 831, 619, 240, 197
track:111, 831, 618, 240, 197
track:112, 837, 621, 229, 188
track:113, 838, 620, 229, 188
track:114, 837, 618, 229, 188
track:115, 839, 618, 229, 188
track:116, 839, 616, 229, 188
track:117, 839, 613, 229, 188
track:120, 842, 610, 229, 188
track:121, 844, 609, 229, 188
track:122, 843, 606, 229, 188
track:123, 845, 605, 229, 188
track:124, 844, 604, 229, 188
track:125, 843, 602, 229, 188
track:126, 842, 597, 229, 188
track:127, 839, 596, 229, 188
track:128, 842, 602, 218, 179
track:129, 848, 606, 207, 170
track:130, 847, 607, 207, 170
track:131, 849, 608, 207, 170
track:132, 852, 611, 207, 170
track:133, 853, 612, 207, 170
track:134, 853, 613, 207, 170
track:135, 853, 614, 207, 170
track:136, 854, 616, 207, 170
track:137, 851, 613, 218, 179
track:138, 852, 614, 218, 179
track:139, 857, 619, 207, 170
track:140, 855, 618, 207, 170
track:141, 854, 617, 207, 170
track:142, 853, 618, 207, 170
track:143, 852, 619, 207, 170
track:144, 852, 619, 207, 170
track:145, 850, 621, 207, 170
track:146, 850, 623, 207, 170
track:147, 849, 623, 207, 170
init :148, 858, 630, 175, 160
track:149, 858, 630, 175, 160
track:150, 858, 633, 175, 160
track:151, 859, 636, 175, 160
track:152, 858, 639, 175, 160
track:153, 858, 642, 175, 160
track:154, 858, 642, 175, 160
track:155, 859, 645, 175, 160
track:156, 859, 645, 175, 160
track:157, 859, 647, 175, 160
track:158, 860, 648, 175, 160
track:159, 861, 648, 175, 160
track:160, 864, 652, 167, 152
track:161, 863, 652, 167, 152
track:162, 862, 651, 167, 152
track:163, 860, 652, 167, 152
track:164, 860, 651, 167, 152
track:165, 859, 652, 167, 152
track:166, 859, 652, 167, 152
track:167, 859, 652, 167, 152
track:168, 860, 652, 167, 152
track:169, 859, 652, 167, 152
track:170, 860, 651, 167, 152
track:171, 862, 651, 167, 152
track:172, 863, 650, 167, 152
track:173, 863, 650, 167, 152
track:174, 863, 649, 167, 152
track:175, 861, 650, 167, 152
track:176, 859, 650, 167, 152
track:177, 859, 650, 167, 152
track:178, 861, 651, 167, 152
track:179, 861, 651, 167, 152
track:180, 862, 653, 167, 152
track:181, 862, 653, 167, 152
track:182, 865, 656, 167, 152
track:183, 867, 659, 167, 152
track:184, 866, 659, 167, 152
track:185, 868, 661, 167, 152
track:186, 868, 660, 167, 152
track:187, 863, 654, 167, 152
track:188, 858, 651, 167, 152
track:189, 856, 650, 167, 152
track:190, 855, 649, 167, 152
track:191, 854, 647, 167, 152
track:192, 854, 643, 167, 152
track:193, 853, 640, 167, 152
track:194, 853, 639, 167, 152
track:195, 854, 638, 167, 152
track:196, 856, 637, 167, 152
init :197, 858, 636, 166, 153
track:198, 855, 636, 166, 153
track:199, 855, 636, 166, 153
track:200, 854, 638, 166, 153
track:201, 852, 638, 166, 153
track:202, 852, 637, 166, 153
track:203, 852, 635, 166, 153
track:204, 852, 635, 166, 153
track:205, 853, 633, 166, 153
track:206, 853, 632, 166, 153
track:207, 851, 631, 166, 153
track:208, 855, 633, 158, 146
track:209, 854, 631, 158, 146
track:210, 851, 628, 158, 146
track:211, 851, 625, 158, 146
track:212, 851, 624, 158, 146
track:213, 854, 627, 151, 139
track:214, 853, 625, 151, 139
track:215, 853, 624, 151, 139
track:216, 853, 623, 151, 139
track:217, 852, 624, 151, 139
track:218, 853, 624, 151, 139
track:219, 853, 625, 151, 139
track:220, 853, 629, 151, 139
track:221, 852, 629, 151, 139
track:222, 851, 632, 151, 139
track:223, 852, 632, 151, 139
track:224, 852, 634, 151, 139
track:225, 851, 635, 151, 139
track:226, 852, 636, 151, 139
track:227, 851, 635, 151, 139
track:228, 856, 640, 143, 132
track:229, 856, 641, 143, 132
track:230, 856, 640, 143, 132
track:231, 856, 640, 143, 132
track:232, 855, 637, 143, 132
track:233, 857, 639, 137, 126
track:234, 856, 638, 137, 126
track:235, 856, 637, 137, 126
track:236, 856, 636, 137, 126
track:237, 859, 637, 137, 126
track:238, 859, 637, 137, 126
track:239, 863, 642, 130, 120
track:240, 864, 644, 130, 120
track:241, 865, 645, 130, 120
track:242, 865, 645, 130, 120
track:243, 865, 645, 130, 120
track:244, 865, 645, 130, 120
track:245, 868, 649, 124, 114
init :246, 863, 656, 120, 88
track:247, 863, 656, 120, 88
track:248, 863, 657, 120, 88
track:249, 863, 658, 120, 88
track:250, 864, 660, 120, 88
track:251, 864, 662, 120, 88
track:252, 865, 663, 120, 88
track:253, 864, 664, 120, 88
track:254, 865, 667, 120, 88
track:255, 866, 669, 120, 88
track:256, 867, 671, 120, 88
track:257, 868, 674, 120, 88
track:258, 868, 675, 120, 88
track:259, 868, 676, 120, 88
track:260, 869, 677, 120, 88
track:261, 868, 678, 120, 88
track:262, 868, 679, 120, 88
track:263, 868, 679, 120, 88
track:264, 867, 681, 120, 88
track:265, 868, 682, 120, 88
track:266, 868, 684, 120, 88
track:267, 865, 685, 126, 92
track:268, 865, 685, 126, 92
track:269, 865, 685, 126, 92
track:270, 866, 687, 126, 92
track:271, 867, 691, 126, 92
track:272, 868, 694, 126, 92
track:273, 867, 694, 126, 92
track:274, 867, 697, 126, 92
track:275, 868, 698, 126, 92
track:276, 868, 701, 126, 92
track:277, 870, 703, 126, 92
track:278, 871, 705, 126, 92
track:279, 871, 704, 126, 92
track:280, 870, 700, 132, 97
track:281, 871, 700, 132, 97
track:282, 873, 701, 132, 97
track:283, 872, 702, 132, 97
track:284, 872, 702, 139, 102
track:285, 870, 700, 146, 107
track:286, 871, 700, 146, 107
track:287, 872, 697, 146, 107
track:288, 869, 694, 153, 112
track:289, 867, 689, 161, 118
track:290, 866, 684, 161, 118
track:291, 861, 676, 169, 124
track:292, 863, 668, 169, 124
track:293, 860, 664, 177, 130
track:294, 861, 663, 177, 130
init :295, 867, 643, 184, 179
track:296, 868, 644, 184, 179
track:297, 867, 645, 184, 179
track:298, 867, 645, 184, 179
track:299, 861, 643, 193, 188
track:300, 858, 644, 193, 188
track:301, 851, 643, 203, 197
track:302, 850, 647, 203, 197
track:303, 845, 643, 213, 207
track:304, 843, 648, 213, 207
track:305, 836, 645, 224, 218
track:306, 837, 645, 224, 218
track:307, 829, 636, 235, 228
track:308, 830, 637, 235, 228
track:309, 831, 634, 235, 228
track:310, 822, 624, 247, 240
track:311, 823, 607, 247, 240
track:312, 829, 603, 235, 228
track:313, 833, 606, 224, 218
track:314, 835, 599, 224, 218
track:315, 834, 592, 224, 218
track:316, 838, 587, 213, 207
track:317, 842, 580, 213, 207
track:318, 841, 578, 213, 207
track:319, 844, 578, 213, 207
track:320, 851, 567, 213, 207
track:321, 853, 560, 213, 207
track:322, 857, 564, 203, 197
track:323, 858, 565, 203, 197
track:324, 856, 568, 203, 197
track:325, 854, 567, 203, 197
track:326, 858, 560, 193, 188
track:327, 857, 562, 193, 188
track:328, 857, 563, 193, 188
track:329, 854, 569, 193, 188
track:330, 852, 576, 193, 188
track:331, 850, 579, 193, 188
track:332, 848, 581, 193, 188
track:333, 849, 583, 193, 188
track:334, 848, 585, 193, 188
track:335, 848, 587, 193, 188
track:336, 847, 589, 193, 188
track:337, 849, 590, 193, 188
track:338, 853, 595, 184, 179
track:339, 854, 591, 184, 179
track:340, 854, 588, 184, 179
track:341, 859, 592, 175, 170
track:342, 859, 592, 175, 170
track:343, 859, 591, 175, 170
init :344, 858, 602, 170, 150
track:345, 859, 599, 170, 150
track:346, 863, 603, 162, 143
track:347, 864, 606, 162, 143
track:348, 863, 606, 162, 143
track:349, 863, 609, 162, 143
track:350, 864, 613, 162, 143
track:351, 867, 618, 154, 136
track:352, 869, 621, 154, 136
track:353, 872, 625, 147, 130
track:354, 873, 628, 147, 130
track:355, 871, 629, 147, 130
track:356, 870, 629, 147, 130
track:357, 874, 633, 140, 123
track:358, 874, 634, 140, 123
track:359, 874, 633, 140, 123
track:360, 873, 633, 140, 123
track:361, 872, 633, 140, 123
track:362, 871, 633, 140, 123
track:363, 871, 633, 140, 123
track:364, 871, 635, 140, 123
track:365, 874, 637, 133, 118
track:366, 873, 637, 133, 118
track:367, 872, 638, 133, 118
track:368, 872, 638, 133, 118
track:369, 872, 639, 133, 118
track:370, 871, 643, 133, 118
track:371, 871, 649, 133, 118
track:372, 870, 653, 133, 118
track:373, 870, 654, 133, 118
track:374, 869, 655, 133, 118
track:375, 868, 656, 133, 118
track:376, 868, 659, 127, 112
track:377, 866, 660, 127, 112
track:378, 864, 660, 127, 112
track:379, 865, 661, 127, 112
track:380, 865, 661, 127, 112
track:381, 864, 660, 127, 112
track:382, 865, 662, 121, 107
track:383, 864, 663, 121, 107
track:384, 863, 662, 121, 107
track:385, 862, 661, 121, 107
track:386, 863, 660, 121, 107
track:387, 863, 661, 121, 107
track:388, 863, 660, 121, 107
track:389, 862, 660, 121, 107
track:390, 861, 659, 121, 107
track:391, 862, 661, 121, 107
track:392, 862, 665, 121, 107
init :393, 863, 669, 115, 85
track:394, 863, 670, 115, 85
track:395, 864, 675, 115, 85
track:396, 864, 680, 115, 85
track:397, 865, 683, 115, 85
track:398, 866, 684, 115, 85
track:399, 867, 687, 115, 85
track:400, 869, 693, 115, 85
track:401, 870, 699, 115, 85
track:402, 871, 702, 115, 85
track:403, 871, 702, 115, 85
track:404, 872, 705, 115, 85
track:405, 873, 705, 115, 85
track:406, 874, 704, 115, 85
track:407, 874, 704, 115, 85
track:408, 875, 704, 115, 85
track:409, 876, 702, 115, 85
track:410, 875, 700, 115, 85
track:411, 876, 698, 115, 85
track:412, 877, 696, 115, 85
track:413, 877, 696, 115, 85
track:414, 877, 695, 115, 85
track:415, 878, 696, 115, 85
track:416, 877, 698, 115, 85
track:417, 878, 698, 115, 85
track:418, 878, 699, 115, 85
track:419, 878, 699, 115, 85
track:420, 877, 699, 115, 85
track:421, 876, 700, 115, 85
track:422, 875, 698, 115, 85
track:423, 875, 697, 115, 85
track:424, 874, 695, 115, 85
track:425, 873, 692, 115, 85
track:426, 873, 691, 115, 85
track:427, 872, 689, 115, 85
track:428, 871, 688, 115, 85
track:429, 871, 689, 115, 85
track:430, 871, 689, 115, 85
track:431, 871, 689, 115, 85
track:432, 870, 689, 115, 85
track:433, 870, 689, 115, 85
track:434, 869, 688, 115, 85
track:435, 864, 687, 121, 89
track:436, 864, 689, 121, 89
track:437, 864, 690, 121, 89
track:438, 865, 691, 121, 89
track:439, 866, 692, 121, 89
track:440, 866, 692, 121, 89
track:441, 866, 692, 121, 89
init :442, 867, 693, 115, 90
track:443, 867, 693, 115, 90
track:444, 866, 694, 115, 90
track:445, 867, 695, 115, 90
track:446, 866, 696, 115, 90
track:447, 867, 695, 115, 90
track:448, 867, 695, 115, 90
track:449, 867, 694, 115, 90
track:450, 867, 694, 115, 90
track:451, 868, 694, 115, 90
track:452, 869, 696, 115, 90
track:453, 868, 696, 115, 90
track:454, 870, 697, 115, 90
track:455, 871, 697, 115, 90
track:456, 871, 698, 115, 90
track:457, 872, 697, 115, 90
track:458, 870, 696, 115, 90
track:459, 871, 696, 115, 90
track:460, 868, 693, 121, 94
track:461, 869, 692, 121, 94
track:462, 869, 692, 121, 94
track:463, 868, 691, 121, 94
track:464, 868, 689, 121, 94
track:465, 865, 684, 127, 99
track:466, 864, 686, 127, 99
track:467, 864, 685, 127, 99
track:468, 864, 687, 127, 99
track:469, 865, 686, 127, 99
track:470, 866, 688, 127, 99
track:471, 867, 690, 127, 99
track:472, 867, 690, 127, 99
track:473, 867, 692, 127, 99
track:474, 864, 691, 133, 104
track:475, 862, 690, 140, 109
track:476, 864, 689, 140, 109
track:477, 865, 688, 140, 109
track:478, 863, 685, 147, 115
track:479, 865, 683, 147, 115
track:480, 868, 675, 147, 115
track:481, 868, 672, 147, 115
track:482, 868, 671, 147, 115
track:483, 868, 661, 154, 121
track:484, 870, 660, 154, 121
track:485, 871, 660, 154, 121
track:486, 871, 664, 154, 121
track:487, 872, 664, 154, 121
track:488, 870, 668, 154, 121
track:490, 863, 669, 162, 127
init :491, 863, 664, 170, 145
track:492, 863, 664, 170, 145
track:493, 862, 664, 170, 145
track:494, 861, 664, 170, 145
track:495, 857, 656, 170, 145
track:496, 858, 654, 170, 145
track:497, 856, 652, 170, 145
track:498, 853, 648, 170, 145
track:499, 853, 645, 170, 145
track:500, 852, 640, 170, 145
track:501, 852, 636, 170, 145
track:502, 851, 635, 170, 145
track:503, 852, 633, 170, 145
track:504, 851, 630, 170, 145
track:505, 850, 630, 170, 145
track:506, 850, 631, 170, 145
track:507, 849, 630, 170, 145
track:508, 849, 628, 170, 145
track:509, 849, 623, 170, 145
track:510, 848, 621, 170, 145
track:511, 848, 619, 170, 145
track:512, 848, 618, 170, 145
track:513, 847, 618, 170, 145
track:514, 847, 620, 170, 145
track:515, 847, 620, 170, 145
track:516, 846, 618, 170, 145
track:517, 847, 619, 170, 145
track:518, 848, 616, 170, 145
track:519, 847, 615, 170, 145
track:520, 847, 614, 170, 145
track:521, 851, 617, 162, 138
track:522, 852, 616, 162, 138
track:523, 853, 618, 162, 138
track:524, 856, 624, 154, 132
track:525, 858, 625, 154, 132
track:526, 859, 626, 154, 132
track:527, 862, 630, 147, 125
track:528, 862, 630, 147, 125
track:529, 866, 631, 140, 119
track:530, 867, 630, 140, 119
track:531, 871, 631, 133, 114
track:532, 871, 631, 133, 114
track:533, 873, 632, 133, 114
track:534, 873, 632, 133, 114
track:535, 872, 633, 133, 114
track:536, 872, 635, 133, 114
track:537, 872, 635, 133, 114
track:538, 872, 637, 133, 114
track:539, 873, 638, 133, 114
init :540, 876, 646, 124, 90
track:543, 873, 648, 124, 90
track:544, 874, 649, 124, 90
track:546, 872, 655, 124, 90
track:547, 871, 655, 124, 90
track:548, 870, 657, 124, 90
track:549, 870, 660, 124, 90
track:550, 872, 663, 118, 86
track:551, 870, 665, 118, 86
track:552, 870, 665, 118, 86
track:553, 870, 664, 118, 86
track:554, 869, 664, 118, 86
track:555, 872, 665, 112, 82
track:556, 871, 666, 112, 82
track:557, 874, 668, 107, 78
track:558, 877, 673, 102, 74
track:559, 876, 676, 102, 74
track:560, 877, 679, 102, 74
track:561, 876, 682, 102, 74
track:562, 876, 684, 102, 74
track:563, 876, 686, 102, 74
track:564, 876, 687, 102, 74
track:565, 875, 688, 102, 74
track:566, 875, 691, 102, 74
track:567, 875, 691, 102, 74
track:568, 876, 693, 102, 74
track:569, 877, 694, 102, 74
track:570, 876, 697, 102, 74
track:571, 876, 700, 102, 74
track:572, 876, 701, 102, 74
track:573, 876, 703, 102, 74
track:574, 878, 704, 102, 74
track:575, 879, 704, 102, 74
track:576, 878, 702, 102, 74
track:577, 878, 702, 102, 74
track:578, 878, 700, 102, 74
track:579, 878, 698, 102, 74
track:580, 877, 696, 107, 78
track:581, 877, 696, 107, 78
track:582, 877, 696, 107, 78
track:583, 877, 700, 107, 78
track:584, 876, 701, 107, 78
track:585, 877, 701, 107, 78
track:586, 876, 701, 107, 78
track:587, 876, 701, 107, 78
track:588, 877, 702, 107, 78
init :589, 876, 698, 106, 83
track:590, 875, 698, 106, 83
track:591, 874, 699, 106, 83
track:592, 874, 699, 106, 83
track:593, 873, 698, 106, 83
track:594, 873, 696, 106, 83
track:595, 871, 686, 111, 87
track:596, 870, 682, 111, 87
track:597, 869, 683, 111, 87
track:598, 867, 677, 117, 92
track:599, 866, 670, 117, 92
track:600, 866, 667, 117, 92
track:601, 867, 666, 117, 92
track:602, 867, 666, 117, 92
track:603, 867, 665, 117, 92
track:604, 865, 661, 117, 92
track:605, 866, 658, 117, 92
track:606, 865, 657, 117, 92
track:607, 866, 657, 117, 92
track:608, 867, 657, 117, 92
track:609, 867, 656, 117, 92
track:610, 866, 658, 117, 92
track:611, 866, 661, 117, 92
track:612, 867, 662, 117, 92
track:613, 866, 665, 117, 92
track:614, 867, 666, 117, 92
track:615, 867, 668, 117, 92
track:616, 866, 671, 117, 92
track:617, 866, 672, 117, 92
track:618, 863, 669, 123, 96
track:619, 864, 668, 123, 96
track:620, 864, 667, 123, 96
track:621, 865, 666, 123, 96
track:622, 865, 666, 123, 96
track:623, 864, 666, 123, 96
track:624, 864, 664, 123, 96
track:625, 864, 664, 123, 96
track:626, 865, 665, 123, 96
track:627, 865, 665, 123, 96
track:628, 865, 666, 123, 96
track:629, 865, 666, 123, 96
track:630, 862, 662, 129, 101
track:631, 859, 659, 135, 106
track:632, 859, 658, 135, 106
track:633, 861, 662, 135, 106
track:634, 861, 665, 135, 106
track:635, 861, 667, 135, 106
track:636, 860, 666, 142, 111
track:637, 860, 667, 142, 111
init :638, 858, 669, 152, 116
track:639, 858, 670, 152, 116
track:640, 859, 670, 152, 116
track:641, 859, 668, 152, 116
track:642, 859, 668, 152, 116
track:643, 859, 667, 152, 116
track:644, 859, 665, 152, 116
track:645, 859, 656, 152, 116
track:646, 860, 656, 152, 116
track:647, 859, 655, 152, 116
track:648, 863, 656, 145, 110
track:649, 865, 656, 145, 110
track:650, 866, 656, 145, 110
track:651, 866, 656, 145, 110
track:652, 867, 656, 145, 110
track:653, 868, 656, 145, 110
track:654, 868, 657, 145, 110
track:655, 870, 662, 145, 110
track:656, 872, 663, 145, 110
track:657, 872, 664, 145, 110
track:658, 873, 666, 145, 110
track:659, 874, 666, 145, 110
track:660, 875, 665, 145, 110
track:661, 875, 664, 145, 110
track:662, 875, 664, 145, 110
track:663, 875, 664, 145, 110
track:664, 877, 663, 145, 110
track:665, 878, 661, 145, 110
track:666, 878, 659, 145, 110
track:667, 878, 659, 145, 110
track:668, 879, 657, 145, 110
track:669, 879, 656, 145, 110
track:670, 878, 655, 145, 110
track:671, 877, 655, 145, 110
track:672, 877, 655, 145, 110
track:673, 874, 655, 145, 110
track:674, 873, 654, 145, 110
track:675, 872, 653, 145, 110
track:676, 872, 653, 145, 110
track:677, 872, 654, 145, 110
track:678, 870, 656, 145, 110
track:679, 869, 666, 145, 110
track:680, 870, 674, 145, 110
track:681, 871, 675, 145, 110
track:682, 871, 675, 145, 110
track:683, 869, 674, 145, 110
track:684, 863, 671, 152, 116
track:685, 863, 674, 152, 116
track:686, 863, 676, 152, 116
init :687, 867, 669, 143, 124
track:688, 867, 669, 143, 124
track:689, 866, 668, 143, 124
track:690, 864, 667, 143, 124
track:691, 864, 665, 143, 124
track:692, 864, 664, 143, 124
track:693, 862, 662, 143, 124
track:694, 863, 662, 143, 124
track:695, 863, 661, 143, 124
track:696, 862, 659, 143, 124
track:697, 862, 659, 143, 124
track:698, 860, 658, 143, 124
track:699, 859, 659, 143, 124
track:700, 857, 661, 143, 124
track:701, 858, 662, 143, 124
track:702, 859, 662, 143, 124
track:703, 858, 665, 143, 124
track:704, 857, 669, 143, 124
track:705, 856, 675, 143, 124
track:706, 855, 676, 143, 124
track:707, 854, 676, 143, 124
track:708, 854, 678, 143, 124
track:709, 853, 678, 143, 124
track:710, 854, 676, 143, 124
track:711, 854, 676, 143, 124
track:712, 854, 673, 143, 124
track:713, 853, 671, 143, 124
track:714, 853, 672, 143, 124
track:715, 852, 673, 143, 124
track:716, 852, 674, 143, 124
track:717, 852, 675, 143, 124
track:718, 854, 675, 143, 124
track:719, 854, 675, 143, 124
track:720, 855, 676, 143, 124
track:721, 854, 676, 143, 124
track:722, 855, 676, 143, 124
track:723, 854, 675, 143, 124
track:724, 852, 670, 150, 130
track:725, 853, 665, 150, 130
track:726, 853, 665, 150, 130
track:727, 853, 663, 150, 130
track:728, 853, 660, 150, 130
track:729, 854, 654, 150, 130
track:730, 852, 651, 158, 137
track:731, 852, 650, 158, 137
track:732, 851, 650, 158, 137
track:733, 851, 649, 158, 137
track:734, 852, 645, 158, 137
track:735, 849, 637, 166, 144
init :736, 858, 638, 161, 124
track:737, 857, 637, 161, 124
track:738, 856, 638, 161, 124
track:739, 855, 638, 161, 124
track:740, 858, 639, 161, 124
track:741, 857, 639, 161, 124
track:742, 858, 640, 161, 124
track:743, 856, 640, 161, 124
track:744, 855, 640, 161, 124
track:745, 857, 638, 161, 124
track:746, 856, 638, 161, 124
track:747, 857, 636, 161, 124
track:748, 857, 628, 161, 124
track:749, 856, 622, 161, 124
track:750, 854, 623, 161, 124
track:751, 855, 622, 161, 124
track:752, 854, 624, 161, 124
track:753, 854, 625, 161, 124
track:754, 857, 626, 161, 124
track:755, 859, 626, 161, 124
track:756, 859, 626, 161, 124
track:757, 860, 626, 161, 124
track:758, 860, 623, 161, 124
track:759, 859, 625, 161, 124
track:760, 859, 628, 161, 124
track:761, 859, 629, 161, 124
track:762, 862, 630, 161, 124
track:763, 865, 629, 161, 124
track:764, 865, 629, 161, 124
track:765, 862, 630, 161, 124
track:766, 863, 630, 161, 124
track:767, 862, 630, 161, 124
track:768, 863, 631, 161, 124
track:769, 862, 634, 161, 124
track:770, 866, 644, 161, 124
track:771, 866, 643, 161, 124
track:772, 871, 646, 153, 118
track:773, 871, 643, 153, 118
track:774, 876, 646, 146, 112
track:775, 877, 646, 146, 112
track:776, 878, 646, 146, 112
track:777, 877, 645, 146, 112
track:778, 878, 644, 146, 112
track:779, 884, 647, 139, 107
track:780, 884, 647, 139, 107
track:781, 883, 647, 139, 107
track:782, 883, 646, 139, 107
track:783, 883, 647, 139, 107
track:784, 886, 649, 132, 102
init :785, 881, 649, 138, 101
track:786, 881, 649, 138, 101
track:787, 878, 647, 145, 106
track:788, 878, 648, 145, 106
track:789, 876, 650, 145, 106
track:790, 877, 649, 145, 106
track:791, 876, 649, 145, 106
track:792, 876, 648, 145, 106
track:793, 875, 648, 145, 106
track:794, 878, 652, 138, 101
track:795, 875, 654, 145, 106
track:796, 875, 655, 145, 106
track:797, 875, 654, 145, 106
track:798, 875, 654, 145, 106
track:799, 875, 655, 145, 106
track:800, 875, 656, 145, 106
track:801, 875, 656, 145, 106
track:802, 874, 657, 145, 106
track:803, 873, 657, 145, 106
track:804, 875, 658, 145, 106
track:805, 873, 658, 145, 106
track:806, 873, 658, 145, 106
track:807, 872, 658, 145, 106
track:808, 871, 658, 145, 106
track:809, 872, 660, 145, 106
track:810, 872, 663, 145, 106
track:811, 872, 663, 145, 106
track:812, 872, 664, 145, 106
track:813, 870, 664, 145, 106
track:814, 868, 665, 145, 106
track:815, 868, 664, 145, 106
track:816, 867, 663, 145, 106
track:817, 867, 666, 145, 106
track:818, 868, 672, 145, 106
track:819, 866, 675, 145, 106
track:820, 864, 685, 145, 106
track:821, 863, 686, 145, 106
track:822, 860, 684, 152, 111
track:823, 860, 683, 152, 111
track:824, 859, 681, 152, 111
track:825, 858, 682, 152, 111
track:826, 858, 683, 152, 111
track:827, 853, 683, 160, 117
track:828, 853, 689, 160, 117
track:829, 855, 691, 160, 117
track:830, 857, 692, 160, 117
track:831, 858, 692, 160, 117
track:832, 854, 691, 168, 123
track:833, 857, 689, 168, 123
init :834, 849, 672, 166, 140
track:835, 850, 665, 166, 140
track:836, 850, 665, 166, 140
track:837, 849, 659, 166, 140
track:838, 847, 658, 166, 140
track:839, 847, 654, 166, 140
track:840, 844, 648, 166, 140
track:841, 843, 648, 166, 140
track:842, 842, 646, 166, 140
track:843, 839, 641, 166, 140
track:844, 834, 636, 174, 147
track:845, 828, 621, 174, 147
track:846, 827, 621, 174, 147
track:847, 826, 613, 174, 147
track:848, 825, 608, 174, 147
track:849, 824, 607, 174, 147
track:850, 824, 606, 174, 147
track:851, 823, 606, 174, 147
track:852, 823, 597, 183, 154
track:853, 827, 593, 183, 154
track:854, 828, 594, 183, 154
track:855, 828, 597, 183, 154
track:856, 828, 598, 183, 154
track:857, 829, 600, 183, 154
track:858, 829, 598, 183, 154
track:859, 831, 592, 183, 154
track:860, 830, 591, 183, 154
track:861, 830, 591, 183, 154
track:862, 830, 593, 183, 154
track:863, 831, 597, 183, 154
track:864, 832, 603, 183, 154
track:865, 832, 610, 183, 154
track:866, 832, 611, 183, 154
track:867, 832, 615, 183, 154
track:868, 832, 617, 183, 154
track:869, 838, 621, 174, 147
track:870, 839, 627, 174, 147
track:871, 843, 630, 166, 140
track:872, 844, 632, 166, 140
track:873, 844, 632, 166, 140
track:874, 849, 635, 158, 133
track:875, 851, 636, 158, 133
track:876, 851, 636, 158, 133
track:877, 852, 637, 158, 133
track:878, 854, 637, 158, 133
track:879, 858, 639, 151, 127
track:880, 859, 639, 151, 127
track:881, 858, 638, 151, 127
track:882, 859, 640, 151, 127
init :883, 867, 646, 143, 124
track:884, 869, 646, 143, 124
track:885, 870, 646, 143, 124
track:886, 871, 646, 143, 124
track:887, 872, 648, 143, 124
track:888, 873, 648, 143, 124
track:889, 874, 647, 143, 124
track:890, 875, 646, 143, 124
track:891, 876, 646, 143, 124
track:892, 881, 648, 136, 118
track:893, 882, 646, 136, 118
track:894, 885, 648, 130, 112
track:895, 886, 648, 130, 112
track:896, 886, 648, 130, 112
track:897, 886, 648, 130, 112
track:898, 884, 647, 130, 112
track:899, 882, 647, 130, 112
track:900, 885, 651, 124, 107
track:901, 884, 651, 124, 107
track:902, 884, 652, 124, 107
track:903, 882, 653, 124, 107
track:904, 882, 653, 124, 107
track:905, 883, 653, 124, 107
track:906, 883, 653, 124, 107
track:907, 908, 640, 124, 107
track:908, 915, 638, 124, 107
track:909, 919, 646, 118, 102
track:910, 922, 657, 112, 97
track:911, 921, 658, 112, 97
track:912, 924, 661, 112, 97
track:913, 927, 668, 107, 93
track:914, 925, 667, 112, 97
track:915, 923, 671, 112, 97
track:916, 926, 671, 112, 97
track:917, 927, 674, 112, 97
track:918, 927, 675, 112, 97
track:919, 928, 675, 112, 97
track:920, 929, 679, 107, 93
track:921, 927, 677, 107, 93
track:922, 924, 678, 107, 93
track:923, 917, 678, 107, 93
track:924, 915, 678, 102, 88
track:925, 906, 678, 102, 88
track:926, 905, 679, 102, 88
track:927, 901, 676, 107, 93
track:928, 890, 676, 107, 93
track:929, 883, 676, 107, 93
track:930, 883, 676, 102, 88
track:931, 881, 675, 102, 88
init :932, 770, 581, 304, 244
track:933, 771, 579, 304, 244
track:934, 773, 577, 304, 244
track:935, 773, 576, 304, 244
track:936, 774, 575, 304, 244
track:937, 775, 573, 304, 244
track:938, 776, 572, 304, 244
track:939, 778, 569, 304, 244
track:940, 779, 568, 304, 244
track:941, 780, 568, 304, 244
track:942, 777, 567, 304, 244
track:943, 776, 564, 304, 244
track:944, 780, 570, 290, 232
track:945, 780, 569, 290, 232
track:946, 782, 571, 290, 232
track:947, 777, 571, 290, 232
track:948, 771, 572, 290, 232
track:949, 769, 573, 290, 232
track:950, 762, 575, 290, 232
track:951, 762, 575, 290, 232
track:952, 762, 576, 290, 232
track:953, 756, 577, 290, 232
track:954, 755, 579, 290, 232
track:955, 753, 580, 290, 232
track:956, 753, 580, 290, 232
track:957, 751, 581, 290, 232
track:958, 750, 582, 290, 232
track:959, 748, 583, 290, 232
track:960, 747, 583, 290, 232
track:961, 747, 583, 290, 232
track:962, 746, 584, 290, 232
track:963, 743, 585, 290, 232
track:964, 740, 587, 290, 232
track:965, 742, 586, 290, 232
track:966, 743, 593, 276, 221
track:967, 737, 593, 276, 221
track:968, 734, 595, 276, 221
track:969, 729, 595, 276, 221
track:970, 729, 594, 276, 221
track:971, 721, 596, 276, 221
track:972, 716, 596, 276, 221
track:973, 712, 595, 276, 221
track:974, 706, 597, 276, 221
track:975, 707, 597, 276, 221
track:976, 705, 597, 276, 221
track:977, 703, 597, 276, 221
track:978, 702, 597, 276, 221
track:979, 702, 598, 276, 221
track:980, 701, 599, 276, 221
init :981, 692, 586, 470, 246
track:982, 693, 587, 470, 246
track:983, 694, 588, 470, 246
track:984, 695, 590, 470, 246
track:985, 698, 588, 470, 246
track:986, 700, 587, 470, 246
track:987, 700, 587, 470, 246
track:988, 702, 587, 470, 246
track:989, 704, 588, 470, 246
track:990, 706, 589, 470, 246
track:991, 707, 589, 470, 246
track:992, 719, 595, 448, 234
track:993, 719, 596, 448, 234
track:994, 717, 592, 448, 234
track:995, 717, 593, 448, 234
track:996, 709, 583, 470, 246
track:997, 697, 576, 493, 258
track:998, 710, 579, 470, 246
track:999, 725, 583, 448, 234
track:1000, 728, 582, 448, 234
track:1001, 739, 586, 426, 223
track:1002, 741, 584, 426, 223
track:1003, 738, 575, 448, 234
track:1004, 740, 570, 448, 234
track:1005, 743, 569, 448, 234
track:1006, 746, 568, 448, 234
track:1007, 747, 566, 448, 234
track:1008, 744, 561, 448, 234
track:1009, 750, 566, 426, 223
track:1010, 751, 566, 426, 223
track:1011, 749, 565, 426, 223
track:1012, 746, 563, 426, 223
track:1013, 754, 566, 406, 213
track:1014, 746, 567, 406, 213
track:1015, 746, 567, 406, 213
track:1016, 745, 565, 406, 213
track:1017, 752, 569, 387, 202
track:1018, 743, 568, 387, 202
track:1019, 745, 567, 387, 202
track:1020, 750, 570, 368, 193
track:1021, 756, 573, 351, 184
track:1022, 755, 574, 351, 184
track:1023, 753, 572, 351, 184
track:1024, 751, 572, 351, 184
track:1025, 751, 572, 351, 184
track:1026, 758, 577, 334, 175
track:1027, 758, 576, 334, 175
track:1028, 747, 576, 334, 175
track:1029, 750, 579, 334, 175
init :1030, 747, 584, 447, 168
track:1031, 753, 588, 426, 160
track:1032, 748, 591, 426, 160
track:1033, 741, 591, 426, 160
track:1034, 737, 591, 426, 160
track:1035, 736, 591, 426, 160
track:1036, 736, 592, 426, 160
track:1037, 736, 595, 426, 160
track:1038, 733, 599, 426, 160
track:1039, 733, 600, 426, 160
track:1040, 734, 601, 426, 160
track:1041, 721, 600, 447, 168
track:1042, 731, 606, 426, 160
track:1043, 729, 608, 426, 160
track:1044, 729, 609, 426, 160
track:1045, 728, 609, 426, 160
track:1046, 718, 610, 447, 168
track:1047, 725, 611, 447, 168
track:1048, 729, 610, 447, 168
track:1049, 733, 609, 447, 168
track:1050, 734, 610, 447, 168
track:1051, 746, 613, 426, 160
track:1052, 761, 613, 405, 152
track:1053, 766, 613, 405, 152
track:1054, 772, 613, 405, 152
track:1055, 773, 612, 405, 152
track:1056, 779, 612, 405, 152
track:1057, 784, 613, 405, 152
track:1058, 786, 614, 405, 152
track:1059, 785, 615, 405, 152
track:1060, 793, 619, 386, 145
track:1061, 793, 619, 386, 145
track:1062, 782, 616, 405, 152
track:1063, 778, 616, 405, 152
track:1064, 776, 617, 405, 152
track:1065, 773, 618, 405, 152
track:1066, 769, 617, 405, 152
track:1067, 766, 617, 405, 152
track:1068, 758, 615, 405, 152
track:1069, 744, 616, 405, 152
track:1070, 741, 617, 405, 152
track:1071, 728, 613, 426, 160
track:1072, 715, 613, 426, 160
track:1073, 704, 613, 426, 160
track:1074, 698, 615, 426, 160
track:1075, 683, 612, 447, 168
track:1076, 672, 614, 447, 168
track:1077, 658, 613, 447, 168
track:1078, 653, 612, 447, 168
init :1079, 687, 625, 433, 129
track:1080, 687, 625, 433, 129
track:1081, 680, 625, 433, 129
track:1082, 675, 625, 433, 129
track:1083, 672, 625, 433, 129
track:1084, 673, 625, 433, 129
track:1085, 672, 626, 433, 129
track:1086, 670, 626, 433, 129
track:1087, 659, 623, 455, 135
track:1088, 660, 623, 455, 135
track:1089, 662, 624, 455, 135
track:1090, 652, 620, 477, 142
track:1091, 651, 621, 477, 142
track:1092, 656, 622, 477, 142
track:1093, 660, 625, 477, 142
track:1094, 675, 627, 455, 135
track:1095, 672, 629, 455, 135
track:1096, 674, 629, 455, 135
track:1097, 665, 625, 477, 142
track:1098, 679, 629, 455, 135
track:1099, 677, 629, 455, 135
track:1100, 678, 630, 455, 135
track:1101, 681, 631, 455, 135
track:1102, 672, 630, 455, 135
track:1103, 676, 631, 455, 135
track:1104, 687, 634, 433, 129
track:1105, 673, 631, 455, 135
track:1106, 676, 630, 455, 135
track:1107, 677, 630, 455, 135
track:1108, 683, 634, 433, 129
track:1109, 679, 634, 433, 129
track:1110, 669, 632, 455, 135
track:1111, 662, 634, 455, 135
track:1112, 653, 634, 455, 135
track:1113, 654, 637, 455, 135
track:1114, 655, 638, 455, 135
track:1115, 658, 640, 455, 135
track:1116, 653, 640, 455, 135
track:1117, 632, 638, 477, 142
track:1118, 641, 638, 477, 142
track:1119, 651, 645, 455, 135
track:1120, 660, 647, 433, 129
track:1121, 658, 649, 433, 129
track:1122, 644, 647, 455, 135
track:1123, 639, 646, 455, 135
track:1124, 647, 653, 455, 135
track:1125, 658, 657, 433, 129
track:1126, 659, 659, 433, 129
track:1127, 661, 661, 433, 129
init :1128, 747, 628, 341, 179
track:1129, 747, 628, 341, 179
track:1130, 747, 627, 341, 179
track:1131, 751, 628, 341, 179
track:1132, 753, 629, 341, 179
track:1133, 755, 626, 341, 179
track:1134, 763, 630, 325, 170
track:1135, 763, 630, 325, 170
track:1136, 761, 628, 325, 170
track:1137, 762, 631, 325, 170
track:1138, 771, 634, 309, 162
track:1139, 762, 634, 309, 162
track:1140, 769, 632, 309, 162
track:1141, 757, 636, 309, 162
track:1142, 748, 638, 309, 162
track:1143, 707, 631, 325, 170
track:1144, 707, 630, 325, 170
track:1145, 713, 633, 309, 162
track:1146, 712, 635, 309, 162
track:1147, 702, 635, 325, 170
track:1148, 695, 639, 325, 170
track:1149, 684, 634, 341, 179
track:1150, 686, 637, 341, 179
track:1151, 679, 636, 341, 179
track:1152, 669, 636, 341, 179
track:1153, 678, 643, 325, 170
track:1154, 683, 650, 309, 162
track:1155, 688, 653, 309, 162
track:1156, 697, 654, 295, 155
track:1157, 706, 659, 281, 147
track:1158, 712, 663, 267, 140
track:1159, 711, 664, 267, 140
track:1160, 704, 661, 281, 147
track:1161, 714, 662, 267, 140
track:1162, 715, 662, 281, 147
track:1163, 707, 654, 295, 155
track:1164, 702, 655, 295, 155
track:1165, 705, 654, 295, 155
track:1166, 712, 655, 295, 155
track:1167, 703, 655, 295, 155
track:1168, 704, 659, 281, 147
track:1169, 697, 662, 281, 147
track:1170, 685, 657, 295, 155
track:1171, 680, 657, 295, 155
track:1172, 670, 655, 295, 155
track:1173, 677, 659, 281, 147
track:1174, 669, 656, 295, 155
track:1175, 675, 654, 295, 155
track:1176, 675, 654, 295, 155
init :1177, 761, 638, 369, 155
track:1178, 772, 641, 351, 148
track:1179, 768, 636, 369, 155
track:1180, 767, 635, 369, 155
track:1181, 770, 634, 369, 155
track:1182, 763, 628, 387, 163
track:1183, 777, 632, 369, 155
track:1184, 775, 630, 369, 155
track:1185, 786, 634, 351, 148
track:1186, 787, 632, 351, 148
track:1187, 790, 630, 351, 148
track:1188, 789, 629, 351, 148
track:1189, 788, 626, 351, 148
track:1190, 786, 623, 369, 155
track:1191, 787, 624, 369, 155
track:1192, 783, 623, 369, 155
track:1193, 778, 619, 369, 155
track:1194, 780, 618, 369, 155
track:1195, 778, 617, 369, 155
track:1196, 782, 618, 369, 155
track:1197, 772, 612, 369, 155
track:1198, 781, 616, 351, 148
track:1199, 775, 616, 351, 148
track:1200, 776, 615, 351, 148
track:1201, 783, 614, 351, 148
track:1202, 794, 614, 351, 148
track:1203, 793, 612, 351, 148
track:1204, 797, 615, 335, 141
track:1205, 803, 616, 335, 141
track:1206, 799, 617, 335, 141
track:1207, 817, 623, 319, 134
track:1208, 825, 621, 319, 134
track:1209, 821, 621, 319, 134
track:1210, 836, 623, 319, 134
track:1211, 834, 625, 319, 134
track:1212, 829, 625, 319, 134
track:1213, 837, 629, 319, 134
track:1214, 829, 627, 335, 141
track:1215, 824, 626, 335, 141
track:1216, 835, 626, 335, 141
track:1217, 834, 626, 335, 141
track:1218, 823, 626, 335, 141
track:1219, 828, 628, 335, 141
track:1220, 831, 630, 319, 134
track:1221, 866, 632, 304, 128
track:1222, 863, 634, 304, 128
track:1223, 833, 638, 304, 128
track:1224, 852, 634, 304, 128
track:1225, 853, 634, 304, 128
init :1226, 895, 656, 286, 98
track:1227, 895, 656, 286, 98
track:1228, 895, 656, 286, 98
track:1229, 893, 658, 286, 98
track:1230, 894, 659, 286, 98
track:1231, 892, 659, 286, 98
track:1232, 898, 663, 272, 93
track:1233, 897, 664, 272, 93
track:1234, 903, 667, 259, 89
track:1235, 901, 668, 259, 89
track:1236, 903, 670, 247, 85
track:1237, 906, 671, 235, 81
track:1238, 911, 671, 224, 77
track:1239, 910, 671, 224, 77
track:1240, 906, 670, 224, 77
track:1241, 914, 672, 213, 73
track:1242, 905, 671, 224, 77
track:1243, 905, 671, 224, 77
track:1244, 905, 672, 224, 77
track:1245, 904, 674, 224, 77
track:1246, 914, 675, 213, 73
track:1247, 906, 675, 213, 73
track:1248, 905, 679, 213, 73
track:1249, 898, 681, 203, 70
track:1250, 891, 678, 213, 73
track:1251, 887, 676, 213, 73
track:1252, 881, 676, 213, 73
track:1253, 948, 675, 224, 77
track:1254, 950, 677, 213, 73
track:1255, 950, 677, 213, 73
track:1256, 949, 679, 203, 70
track:1257, 948, 680, 194, 66
track:1258, 942, 680, 194, 66
track:1259, 940, 680, 194, 66
track:1260, 934, 681, 194, 66
track:1261, 928, 679, 203, 70
track:1262, 923, 677, 203, 70
track:1263, 921, 675, 203, 70
track:1264, 916, 673, 213, 73
track:1265, 916, 673, 213, 73
track:1266, 918, 672, 213, 73
track:1267, 919, 669, 213, 73
track:1268, 916, 667, 213, 73
track:1269, 919, 665, 213, 73
track:1270, 917, 665, 203, 70
track:1271, 917, 662, 203, 70
track:1272, 909, 658, 213, 73
track:1273, 905, 658, 213, 73
track:1274, 902, 657, 213, 73
init :1275, 927, 656, 120, 77
track:1276, 923, 657, 120, 77
track:1277, 917, 655, 126, 81
track:1278, 911, 657, 120, 77
track:1279, 912, 658, 120, 77
track:1280, 905, 658, 120, 77
track:1281, 897, 658, 120, 77
track:1282, 890, 659, 120, 77
track:1283, 889, 659, 120, 77
track:1284, 887, 659, 120, 77
track:1285, 878, 660, 120, 77
track:1286, 874, 658, 120, 77
track:1287, 872, 658, 120, 77
track:1288, 869, 658, 120, 77
track:1289, 871, 659, 114, 73
track:1290, 869, 658, 120, 77
track:1291, 869, 659, 120, 77
track:1292, 865, 657, 120, 77
track:1293, 864, 660, 114, 73
track:1294, 866, 661, 109, 70
track:1295, 864, 661, 109, 70
track:1296, 864, 663, 104, 67
track:1297, 864, 662, 104, 67
track:1298, 865, 664, 99, 63
track:1299, 864, 665, 99, 63
track:1300, 864, 665, 99, 63
track:1301, 865, 668, 94, 60
track:1302, 864, 669, 90, 57
track:1303, 863, 669, 90, 57
track:1304, 863, 669, 90, 57
track:1305, 863, 669, 90, 57
track:1306, 865, 668, 90, 57
track:1307, 866, 669, 90, 57
track:1308, 866, 669, 90, 57
track:1309, 866, 669, 90, 57
track:1310, 866, 670, 90, 57
track:1311, 868, 670, 90, 57
track:1312, 866, 670, 90, 57
track:1313, 866, 671, 90, 57
track:1314, 866, 670, 90, 57
track:1315, 865, 671, 90, 57
track:1316, 864, 671, 90, 57
track:1317, 863, 671, 90, 57
track:1318, 860, 670, 94, 60
track:1319, 860, 670, 94, 60
track:1320, 857, 671, 94, 60
track:1321, 856, 671, 94, 60
track:1322, 859, 673, 90, 57
track:1323, 862, 676, 85, 55
init :1324, 863, 672, 170, 57
track:1325, 863, 672, 170, 57
track:1326, 860, 671, 178, 60
track:1327, 859, 670, 187, 63
track:1328, 861, 671, 187, 63
track:1329, 861, 672, 187, 63
track:1330, 864, 674, 178, 60
track:1331, 863, 674, 178, 60
track:1332, 860, 674, 178, 60
track:1333, 861, 676, 170, 57
track:1334, 860, 675, 170, 57
track:1335, 858, 676, 170, 57
track:1336, 852, 675, 170, 57
track:1337, 848, 676, 170, 57
track:1338, 845, 675, 170, 57
track:1339, 841, 674, 178, 60
track:1340, 840, 675, 178, 60
track:1341, 840, 675, 178, 60
track:1342, 839, 675, 178, 60
track:1343, 843, 676, 170, 57
track:1344, 839, 676, 178, 60
track:1345, 840, 676, 178, 60
track:1346, 839, 676, 178, 60
track:1347, 835, 676, 187, 63
track:1348, 834, 676, 187, 63
track:1349, 834, 676, 187, 63
track:1350, 833, 677, 187, 63
track:1351, 832, 677, 187, 63
track:1352, 830, 677, 187, 63
track:1353, 830, 678, 187, 63
track:1354, 829, 678, 187, 63
track:1355, 830, 678, 187, 63
track:1356, 832, 679, 187, 63
track:1357, 831, 679, 187, 63
track:1358, 831, 679, 187, 63
track:1359, 831, 679, 187, 63
track:1360, 830, 680, 187, 63
track:1361, 834, 681, 178, 60
track:1362, 834, 682, 178, 60
track:1363, 835, 683, 178, 60
track:1364, 831, 682, 187, 63
track:1365, 831, 682, 187, 63
track:1366, 831, 683, 187, 63
track:1367, 830, 683, 187, 63
track:1368, 829, 683, 187, 63
track:1369, 829, 683, 187, 63
track:1370, 831, 684, 187, 63
track:1371, 829, 685, 187, 63
track:1372, 825, 686, 187, 63
init :1373, 840, 690, 184, 59
track:1374, 840, 690, 184, 59
track:1375, 839, 690, 184, 59
track:1376, 837, 689, 184, 59
track:1377, 836, 689, 184, 59
track:1378, 834, 690, 184, 59
track:1379, 832, 690, 184, 59
track:1380, 828, 690, 184, 59
track:1381, 819, 690, 193, 62
track:1382, 816, 692, 193, 62
track:1383, 808, 691, 203, 65
track:1384, 813, 693, 193, 62
track:1385, 817, 695, 184, 59
track:1386, 816, 696, 184, 59
track:1387, 817, 697, 184, 59
track:1388, 819, 698, 184, 59
track:1389, 820, 698, 184, 59
track:1390, 826, 700, 175, 56
track:1391, 827, 700, 184, 59
track:1392, 830, 701, 184, 59
track:1393, 835, 702, 184, 59
track:1394, 836, 703, 184, 59
track:1395, 838, 704, 184, 59
track:1396, 839, 704, 184, 59
track:1397, 835, 704, 193, 62
track:1398, 839, 707, 184, 59
track:1399, 839, 707, 184, 59
track:1400, 834, 708, 184, 59
track:1401, 828, 709, 184, 59
track:1402, 823, 709, 184, 59
track:1403, 818, 710, 184, 59
track:1404, 814, 709, 193, 62
track:1405, 808, 709, 203, 65
track:1406, 801, 708, 213, 68
track:1407, 798, 708, 213, 68
track:1408, 789, 707, 224, 72
track:1409, 787, 707, 224, 72
track:1410, 787, 708, 224, 72
track:1411, 787, 709, 224, 72
track:1412, 787, 711, 224, 72
track:1413, 788, 712, 224, 72
track:1414, 791, 712, 224, 72
track:1415, 797, 714, 213, 68
track:1416, 797, 714, 213, 68
track:1417, 797, 714, 213, 68
track:1418, 793, 714, 213, 68
track:1419, 791, 714, 213, 68
track:1420, 791, 715, 213, 68
track:1421, 784, 714, 224, 72
init :1422, 789, 719, 249, 80
track:1423, 788, 720, 249, 80
track:1424, 788, 719, 249, 80
track:1425, 795, 722, 237, 76
track:1426, 790, 720, 249, 80
track:1427, 790, 721, 249, 80
track:1428, 789, 720, 249, 80
track:1429, 788, 720, 249, 80
track:1430, 787, 722, 249, 80
track:1431, 786, 722, 249, 80
track:1432, 778, 722, 261, 84
track:1433, 777, 723, 261, 84
track:1434, 778, 723, 261, 84
track:1435, 777, 724, 261, 84
track:1436, 774, 725, 261, 84
track:1437, 773, 726, 261, 84
track:1438, 767, 727, 275, 88
track:1439, 767, 728, 275, 88
track:1440, 774, 731, 261, 84
track:1441, 763, 729, 275, 88
track:1442, 753, 728, 288, 93
track:1443, 756, 730, 275, 88
track:1444, 754, 729, 275, 88
track:1445, 749, 729, 275, 88
track:1446, 738, 728, 288, 93
track:1447, 741, 728, 288, 93
track:1448, 740, 728, 288, 93
track:1449, 744, 728, 275, 88
track:1450, 735, 725, 288, 93
track:1451, 741, 725, 288, 93
track:1452, 742, 723, 288, 93
track:1453, 756, 725, 275, 88
track:1454, 757, 725, 275, 88
track:1455, 765, 726, 275, 88
track:1456, 769, 723, 275, 88
track:1457, 777, 722, 275, 88
track:1458, 786, 722, 261, 84
track:1459, 783, 719, 275, 88
track:1460, 797, 720, 261, 84
track:1461, 799, 716, 275, 88
track:1462, 807, 715, 275, 88
track:1463, 805, 709, 288, 93
track:1464, 805, 708, 288, 93
track:1465, 815, 705, 288, 93
track:1466, 821, 704, 288, 93
track:1467, 824, 703, 288, 93
track:1468, 827, 700, 288, 93
track:1469, 830, 700, 275, 88
track:1470, 831, 702, 261, 84
init :1471, 853, 693, 161, 163
track:1472, 851, 690, 161, 163
track:1473, 850, 689, 161, 163
track:1474, 846, 687, 161, 163
track:1475, 843, 684, 161, 163
track:1476, 841, 683, 161, 163
track:1477, 841, 681, 161, 163
track:1478, 844, 681, 161, 163
track:1479, 842, 678, 161, 163
track:1480, 842, 675, 161, 163
track:1481, 841, 671, 161, 163
track:1482, 847, 669, 161, 163
track:1483, 843, 664, 169, 171
track:1484, 849, 663, 169, 171
track:1485, 851, 661, 169, 171
track:1486, 864, 664, 161, 163
track:1487, 870, 665, 153, 155
track:1488, 871, 664, 153, 155
track:1489, 872, 659, 161, 163
track:1490, 874, 659, 161, 163
track:1491, 880, 658, 153, 155
track:1492, 879, 653, 161, 163
track:1493, 879, 652, 161, 163
track:1494, 870, 648, 161, 163
track:1495, 871, 645, 161, 163
track:1496, 864, 641, 161, 163
track:1497, 855, 635, 161, 163
track:1498, 848, 636, 161, 163
track:1499, 846, 627, 169, 171
track:1500, 841, 627, 161, 163
track:1501, 843, 624, 161, 163
track:1502, 833, 618, 161, 163
track:1503, 830, 619, 161, 163
track:1504, 834, 614, 161, 163
track:1505, 826, 609, 161, 163
track:1506, 822, 609, 161, 163
track:1507, 820, 606, 161, 163
track:1508, 822, 604, 161, 163
track:1509, 819, 602, 161, 163
track:1510, 820, 603, 153, 155
track:1511, 823, 602, 146, 148
track:1512, 815, 602, 139, 141
track:1513, 813, 603, 139, 141
track:1514, 803, 602, 139, 141
track:1515, 784, 601, 139, 141
track:1516, 761, 601, 139, 141
track:1517, 735, 601, 139, 141
track:1518, 733, 602, 139, 141
track:1519, 711, 601, 139, 141
init :1520, 701, 625, 286, 106
track:1521, 679, 625, 286, 106
track:1522, 668, 624, 286, 106
track:1523, 661, 623, 300, 111
track:1524, 660, 626, 286, 106
track:1525, 666, 628, 272, 101
track:1526, 666, 629, 272, 101
track:1527, 677, 633, 259, 96
track:1528, 678, 631, 259, 96
track:1529, 705, 630, 259, 96
track:1530, 726, 628, 259, 96
track:1531, 751, 629, 259, 96
track:1532, 783, 631, 247, 92
track:1533, 783, 632, 247, 92
track:1534, 805, 630, 247, 92
track:1535, 831, 630, 247, 92
track:1536, 852, 629, 247, 92
track:1537, 868, 629, 247, 92
track:1538, 869, 630, 247, 92
track:1539, 889, 630, 247, 92
track:1540, 890, 632, 247, 92
track:1541, 895, 634, 247, 92
track:1542, 895, 634, 247, 92
track:1543, 895, 634, 247, 92
track:1544, 897, 636, 247, 92
track:1545, 895, 636, 247, 92
track:1546, 897, 639, 235, 87
track:1547, 887, 641, 235, 87
track:1548, 890, 645, 224, 83
track:1549, 882, 647, 224, 83
track:1550, 871, 647, 224, 83
track:1551, 872, 651, 213, 79
track:1552, 870, 653, 213, 79
track:1553, 874, 654, 203, 75
track:1554, 862, 654, 213, 79
track:1555, 866, 654, 213, 79
track:1556, 867, 654, 213, 79
track:1557, 874, 657, 203, 75
track:1558, 874, 656, 203, 75
track:1559, 878, 657, 203, 75
track:1560, 883, 656, 203, 75
track:1561, 887, 658, 203, 75
track:1562, 890, 659, 203, 75
track:1563, 891, 661, 194, 72
track:1564, 892, 661, 194, 72
track:1565, 893, 660, 194, 72
track:1566, 898, 661, 194, 72
track:1567, 896, 662, 194, 72
track:1568, 900, 663, 184, 68
init :1569, 913, 669, 170, 75
track:1570, 911, 669, 170, 75
track:1571, 909, 670, 170, 75
track:1572, 911, 672, 162, 71
track:1573, 913, 675, 154, 68
track:1574, 911, 676, 154, 68
track:1575, 907, 675, 154, 68
track:1576, 904, 675, 154, 68
track:1577, 901, 675, 154, 68
track:1578, 899, 676, 154, 68
track:1579, 897, 676, 154, 68
track:1580, 898, 678, 147, 65
track:1581, 893, 678, 147, 65
track:1582, 891, 678, 147, 65
track:1583, 894, 680, 140, 62
track:1584, 897, 682, 133, 59
track:1585, 894, 681, 133, 59
track:1586, 891, 682, 133, 59
track:1587, 894, 683, 127, 56
track:1588, 894, 684, 127, 56
track:1589, 897, 685, 121, 53
track:1590, 897, 685, 121, 53
track:1591, 899, 686, 121, 53
track:1592, 898, 686, 121, 53
track:1593, 896, 686, 121, 53
track:1594, 896, 687, 121, 53
track:1595, 894, 687, 127, 56
track:1596, 882, 687, 133, 59
track:1599, 879, 689, 133, 59
track:1600, 886, 691, 127, 56
track:1601, 883, 691, 127, 56
track:1602, 877, 689, 133, 59
track:1603, 872, 689, 133, 59
track:1604, 877, 689, 127, 56
track:1605, 876, 689, 127, 56
track:1606, 867, 688, 127, 56
track:1607, 867, 689, 127, 56
track:1608, 868, 690, 127, 56
elapseTime: 16.455
