init :7, 821, 630, 235, 197
track:8, 821, 630, 235, 197
track:9, 822, 630, 235, 197
track:10, 821, 631, 235, 197
track:11, 823, 630, 235, 197
track:12, 823, 630, 235, 197
track:13, 824, 630, 235, 197
track:14, 824, 630, 235, 197
track:15, 824, 630, 235, 197
track:16, 825, 630, 235, 197
track:17, 826, 630, 235, 197
track:18, 825, 630, 235, 197
track:19, 825, 629, 235, 197
track:20, 821, 626, 247, 207
track:21, 820, 626, 247, 207
track:22, 827, 631, 235, 197
track:23, 828, 631, 235, 197
track:24, 827, 631, 235, 197
track:25, 828, 630, 235, 197
init :26, 821, 630, 240, 197
track:27, 821, 630, 240, 197
track:28, 822, 629, 240, 197
track:29, 822, 629, 240, 197
track:30, 821, 630, 240, 197
track:31, 822, 629, 240, 197
track:32, 822, 630, 240, 197
track:33, 822, 630, 240, 197
track:34, 822, 630, 240, 197
track:35, 822, 630, 240, 197
track:36, 822, 630, 240, 197
track:37, 822, 630, 240, 197
track:38, 823, 629, 240, 197
track:39, 823, 629, 240, 197
track:40, 823, 629, 240, 197
track:41, 823, 629, 240, 197
track:42, 822, 630, 240, 197
track:43, 823, 629, 240, 197
track:44, 822, 630, 240, 197
track:45, 824, 630, 240, 197
track:46, 824, 629, 240, 197
track:48, 824, 629, 240, 197
track:49, 824, 629, 240, 197
track:50, 825, 628, 240, 197
init :51, 826, 633, 230, 197
track:52, 826, 633, 230, 197
track:53, 826, 634, 230, 197
track:54, 827, 632, 230, 197
track:55, 826, 633, 230, 197
track:56, 826, 633, 230, 197
track:57, 826, 633, 230, 197
track:58, 827, 632, 230, 197
track:59, 826, 632, 230, 197
track:60, 825, 633, 230, 197
track:61, 826, 632, 230, 197
track:62, 825, 633, 230, 197
track:63, 826, 632, 230, 197
track:64, 824, 633, 230, 197
track:65, 825, 633, 230, 197
track:66, 825, 632, 230, 197
track:67, 824, 633, 230, 197
track:68, 825, 633, 230, 197
track:69, 825, 633, 230, 197
track:70, 825, 633, 230, 197
track:71, 825, 632, 230, 197
track:72, 823, 633, 230, 197
track:73, 823, 633, 230, 197
track:74, 823, 633, 230, 197
track:75, 824, 633, 230, 197
init :76, 826, 630, 235, 197
track:77, 826, 630, 235, 197
track:78, 826, 630, 235, 197
track:79, 826, 630, 235, 197
track:80, 826, 630, 235, 197
track:81, 826, 630, 235, 197
track:82, 826, 630, 235, 197
track:83, 826, 630, 235, 197
track:84, 825, 630, 235, 197
track:85, 826, 631, 235, 197
track:86, 826, 631, 235, 197
track:87, 825, 630, 235, 197
track:88, 826, 630, 235, 197
track:89, 826, 631, 235, 197
track:90, 826, 631, 235, 197
track:91, 826, 631, 235, 197
track:92, 826, 632, 235, 197
track:93, 827, 631, 235, 197
track:94, 827, 630, 235, 197
track:95, 827, 630, 235, 197
track:96, 827, 630, 235, 197
track:97, 827, 630, 235, 197
track:98, 829, 630, 235, 197
track:99, 829, 629, 235, 197
track:100, 830, 629, 235, 197
init :101, 830, 628, 235, 197
track:102, 831, 628, 235, 197
track:103, 833, 628, 235, 197
track:104, 834, 627, 235, 197
track:105, 834, 626, 235, 197
track:106, 835, 626, 235, 197
track:107, 835, 625, 235, 197
track:108, 836, 623, 235, 197
track:109, 835, 621, 235, 197
track:110, 835, 620, 235, 197
track:111, 836, 620, 235, 197
track:112, 836, 617, 235, 197
track:113, 842, 620, 224, 188
track:114, 844, 620, 224, 188
track:115, 844, 618, 224, 188
track:116, 844, 616, 224, 188
track:117, 845, 614, 224, 188
track:120, 846, 612, 224, 188
track:121, 854, 614, 213, 179
track:122, 855, 612, 213, 179
track:123, 856, 611, 213, 179
track:124, 855, 610, 213, 179
track:125, 853, 608, 213, 179
init :126, 858, 610, 184, 168
track:127, 856, 610, 184, 168
track:128, 856, 611, 184, 168
track:129, 855, 610, 184, 168
track:130, 860, 615, 175, 160
track:131, 860, 616, 175, 160
track:132, 863, 619, 175, 160
track:133, 864, 621, 175, 160
track:134, 864, 623, 175, 160
track:135, 860, 619, 184, 168
track:136, 860, 621, 184, 168
track:137, 861, 622, 184, 168
track:138, 862, 623, 184, 168
track:139, 863, 624, 184, 168
track:140, 862, 623, 184, 168
track:141, 861, 622, 184, 168
track:142, 859, 623, 184, 168
track:143, 859, 624, 184, 168
track:144, 858, 624, 184, 168
track:145, 855, 628, 184, 168
track:146, 854, 629, 184, 168
track:147, 856, 629, 184, 168
track:148, 861, 636, 175, 160
track:149, 857, 632, 184, 168
track:150, 857, 635, 184, 168
init :151, 858, 633, 175, 160
track:152, 858, 634, 175, 160
track:153, 859, 638, 175, 160
track:154, 858, 639, 175, 160
track:155, 857, 641, 175, 160
track:156, 858, 641, 175, 160
track:157, 859, 642, 175, 160
track:158, 860, 643, 175, 160
track:159, 860, 643, 175, 160
track:160, 859, 644, 175, 160
track:161, 857, 644, 175, 160
track:162, 855, 644, 175, 160
track:163, 854, 644, 175, 160
track:164, 853, 645, 175, 160
track:165, 853, 646, 175, 160
track:166, 854, 646, 175, 160
track:167, 853, 646, 175, 160
track:168, 853, 645, 175, 160
track:169, 852, 645, 175, 160
track:170, 855, 645, 175, 160
track:171, 856, 643, 175, 160
track:172, 853, 639, 184, 168
track:173, 857, 642, 175, 160
track:174, 856, 642, 175, 160
track:175, 854, 642, 175, 160
init :176, 867, 651, 161, 150
track:177, 868, 651, 161, 150
track:178, 870, 653, 161, 150
track:179, 871, 653, 161, 150
track:180, 871, 654, 161, 150
track:181, 872, 655, 161, 150
track:182, 873, 659, 161, 150
track:183, 874, 661, 161, 150
track:184, 876, 662, 161, 150
track:185, 876, 664, 161, 150
track:186, 874, 662, 161, 150
track:187, 871, 658, 161, 150
track:188, 868, 654, 161, 150
track:189, 865, 653, 161, 150
track:190, 859, 649, 169, 158
track:191, 858, 647, 169, 158
track:192, 858, 642, 169, 158
track:193, 858, 640, 169, 158
track:194, 858, 640, 169, 158
track:195, 861, 637, 169, 158
track:196, 861, 638, 169, 158
track:197, 861, 636, 169, 158
track:198, 859, 637, 169, 158
track:199, 858, 637, 169, 158
track:200, 857, 639, 169, 158
init :201, 853, 638, 156, 145
track:202, 853, 636, 156, 145
track:203, 852, 634, 156, 145
track:204, 853, 633, 156, 145
track:205, 854, 632, 156, 145
track:206, 855, 631, 156, 145
track:207, 852, 630, 156, 145
track:208, 852, 629, 156, 145
track:209, 851, 628, 156, 145
track:210, 848, 625, 156, 145
track:211, 850, 623, 149, 138
track:212, 851, 621, 149, 138
track:213, 850, 620, 149, 138
track:214, 850, 619, 149, 138
track:215, 850, 619, 149, 138
track:216, 850, 619, 149, 138
track:217, 853, 622, 141, 132
track:218, 853, 622, 141, 132
track:219, 853, 624, 141, 132
track:220, 853, 627, 141, 132
track:221, 853, 628, 141, 132
track:222, 856, 633, 135, 125
track:223, 855, 634, 135, 125
track:224, 856, 636, 135, 125
track:225, 855, 637, 135, 125
init :226, 849, 643, 143, 114
track:227, 849, 643, 143, 114
track:228, 849, 645, 143, 114
track:229, 849, 645, 143, 114
track:230, 852, 648, 136, 109
track:231, 852, 647, 136, 109
track:232, 849, 643, 143, 114
track:233, 848, 642, 143, 114
track:234, 850, 644, 136, 109
track:235, 850, 643, 136, 109
track:236, 851, 643, 136, 109
track:237, 852, 643, 136, 109
track:238, 853, 643, 136, 109
track:239, 854, 645, 136, 109
track:240, 858, 649, 130, 103
track:241, 859, 650, 130, 103
track:242, 859, 650, 130, 103
track:243, 859, 650, 130, 103
track:244, 858, 650, 130, 103
track:245, 859, 651, 130, 103
track:246, 859, 652, 130, 103
track:247, 859, 653, 130, 103
track:248, 859, 652, 130, 103
track:249, 860, 652, 130, 103
track:250, 860, 654, 130, 103
init :251, 867, 659, 120, 98
track:252, 868, 661, 120, 98
track:253, 869, 661, 120, 98
track:254, 869, 664, 120, 98
track:255, 869, 668, 120, 98
track:256, 870, 669, 120, 98
track:257, 870, 672, 120, 98
track:258, 871, 674, 120, 98
track:259, 871, 675, 120, 98
track:260, 872, 677, 120, 98
track:261, 872, 678, 120, 98
track:262, 871, 678, 120, 98
track:263, 871, 678, 120, 98
track:264, 872, 680, 120, 98
track:265, 872, 681, 120, 98
track:266, 872, 683, 120, 98
track:267, 872, 685, 120, 98
track:268, 871, 685, 120, 98
track:269, 871, 686, 120, 98
track:270, 872, 687, 120, 98
track:271, 873, 690, 120, 98
track:272, 874, 694, 120, 98
track:273, 874, 694, 120, 98
track:274, 874, 696, 120, 98
track:275, 872, 696, 126, 103
init :276, 867, 693, 138, 111
track:277, 868, 695, 138, 111
track:278, 868, 696, 138, 111
track:279, 870, 696, 138, 111
track:280, 871, 694, 138, 111
track:281, 872, 694, 138, 111
track:282, 871, 692, 145, 117
track:283, 871, 693, 145, 117
track:284, 873, 695, 145, 117
track:285, 872, 694, 152, 122
track:286, 874, 694, 152, 122
track:287, 871, 689, 160, 128
track:288, 871, 687, 160, 128
track:289, 868, 682, 168, 135
track:290, 868, 677, 168, 135
track:291, 869, 670, 168, 135
track:292, 866, 662, 176, 142
track:293, 866, 660, 176, 142
track:294, 867, 659, 176, 142
track:295, 869, 657, 176, 142
track:296, 867, 652, 185, 149
track:297, 862, 650, 194, 156
track:298, 861, 650, 194, 156
track:299, 855, 647, 204, 164
track:300, 855, 649, 204, 164
init :301, 835, 638, 244, 205
track:302, 834, 641, 244, 205
track:303, 834, 642, 244, 205
track:304, 833, 647, 244, 205
track:305, 832, 647, 244, 205
track:306, 824, 642, 256, 215
track:307, 818, 635, 269, 226
track:308, 816, 636, 269, 226
track:309, 816, 633, 269, 226
track:310, 815, 628, 269, 226
track:311, 813, 611, 269, 226
track:312, 820, 607, 256, 215
track:313, 813, 602, 269, 226
track:314, 814, 595, 269, 226
track:315, 814, 586, 269, 226
track:316, 814, 579, 269, 226
track:317, 816, 568, 269, 226
track:318, 822, 572, 256, 215
track:319, 825, 573, 256, 215
track:320, 836, 566, 244, 205
track:321, 839, 562, 244, 205
track:322, 843, 565, 232, 195
track:323, 844, 563, 232, 195
track:324, 843, 566, 232, 195
track:325, 846, 569, 221, 186
init :326, 858, 568, 193, 176
track:327, 857, 570, 193, 176
track:328, 856, 571, 193, 176
track:329, 852, 577, 193, 176
track:330, 852, 586, 193, 176
track:331, 850, 587, 193, 176
track:332, 849, 590, 193, 176
track:333, 848, 591, 193, 176
track:334, 847, 594, 193, 176
track:335, 848, 594, 193, 176
track:336, 847, 598, 193, 176
track:337, 847, 599, 193, 176
track:338, 847, 599, 193, 176
track:339, 849, 595, 193, 176
track:340, 850, 592, 193, 176
track:341, 849, 593, 193, 176
track:342, 850, 592, 193, 176
track:343, 853, 594, 184, 168
track:344, 854, 594, 184, 168
track:345, 859, 593, 175, 160
track:346, 863, 598, 167, 152
track:347, 866, 602, 159, 145
track:348, 865, 603, 159, 145
track:349, 866, 606, 159, 145
track:350, 866, 609, 159, 145
init :351, 872, 625, 147, 114
track:352, 873, 627, 147, 114
track:353, 873, 628, 147, 114
track:354, 874, 631, 147, 114
track:355, 872, 632, 147, 114
track:356, 876, 635, 140, 109
track:357, 875, 636, 140, 109
track:358, 875, 636, 140, 109
track:359, 875, 636, 140, 109
track:360, 875, 636, 140, 109
track:361, 874, 637, 140, 109
track:362, 873, 637, 140, 109
track:363, 873, 638, 140, 109
track:364, 876, 640, 133, 103
track:365, 875, 641, 133, 103
track:366, 874, 641, 133, 103
track:367, 872, 643, 133, 103
track:368, 875, 645, 127, 98
track:369, 874, 645, 127, 98
track:370, 874, 650, 127, 98
track:371, 876, 658, 121, 94
track:372, 876, 663, 121, 94
track:373, 876, 663, 121, 94
track:374, 875, 664, 121, 94
track:375, 874, 664, 121, 94
init :376, 867, 662, 124, 101
track:377, 865, 662, 124, 101
track:378, 865, 663, 124, 101
track:379, 865, 664, 124, 101
track:380, 865, 664, 124, 101
track:381, 865, 664, 124, 101
track:382, 863, 663, 124, 101
track:383, 863, 664, 124, 101
track:384, 861, 663, 124, 101
track:385, 860, 662, 124, 101
track:386, 863, 663, 118, 96
track:387, 863, 662, 118, 96
track:388, 863, 663, 118, 96
track:389, 863, 662, 118, 96
track:390, 863, 662, 118, 96
track:391, 863, 664, 118, 96
track:392, 862, 667, 118, 96
track:393, 862, 668, 118, 96
track:394, 862, 668, 118, 96
track:395, 863, 674, 118, 96
track:396, 864, 677, 118, 96
track:397, 866, 682, 118, 96
track:398, 866, 683, 118, 96
track:399, 868, 686, 118, 96
track:400, 869, 690, 118, 96
init :401, 876, 703, 101, 85
track:402, 877, 707, 101, 85
track:403, 877, 707, 101, 85
track:404, 878, 709, 101, 85
track:405, 879, 710, 101, 85
track:406, 879, 709, 101, 85
track:407, 880, 709, 101, 85
track:408, 880, 710, 101, 85
track:409, 879, 706, 106, 89
track:410, 879, 705, 106, 89
track:411, 880, 702, 106, 89
track:412, 881, 700, 106, 89
track:413, 881, 700, 106, 89
track:414, 880, 699, 106, 89
track:415, 880, 700, 106, 89
track:416, 880, 701, 106, 89
track:417, 881, 702, 106, 89
track:418, 881, 702, 106, 89
track:419, 881, 702, 106, 89
track:420, 879, 703, 106, 89
track:421, 878, 703, 106, 89
track:422, 878, 701, 106, 89
track:423, 878, 701, 106, 89
track:424, 877, 698, 106, 89
track:425, 877, 696, 106, 89
init :426, 872, 693, 106, 77
track:427, 871, 692, 106, 77
track:428, 871, 692, 106, 77
track:429, 870, 692, 106, 77
track:430, 870, 693, 106, 77
track:431, 870, 693, 106, 77
track:432, 870, 692, 106, 77
track:433, 869, 693, 106, 77
track:434, 868, 692, 106, 77
track:435, 867, 692, 106, 77
track:436, 867, 694, 106, 77
track:437, 867, 695, 106, 77
track:438, 867, 696, 106, 77
track:439, 868, 697, 106, 77
track:440, 868, 697, 106, 77
track:441, 866, 695, 111, 81
track:442, 867, 695, 111, 81
track:443, 867, 696, 111, 81
track:444, 866, 696, 111, 81
track:445, 866, 696, 111, 81
track:446, 866, 698, 111, 81
track:447, 866, 697, 111, 81
track:448, 866, 697, 111, 81
track:449, 867, 695, 111, 81
track:450, 867, 695, 111, 81
init :451, 872, 693, 115, 93
track:452, 873, 695, 115, 93
track:453, 872, 695, 115, 93
track:454, 874, 695, 115, 93
track:455, 875, 696, 115, 93
track:456, 876, 696, 115, 93
track:457, 875, 696, 115, 93
track:458, 875, 696, 115, 93
track:459, 875, 695, 115, 93
track:460, 874, 693, 115, 93
track:461, 876, 693, 115, 93
track:462, 876, 693, 115, 93
track:463, 873, 691, 121, 98
track:464, 872, 688, 121, 98
track:465, 872, 685, 121, 98
track:466, 873, 686, 121, 98
track:467, 872, 686, 121, 98
track:468, 872, 687, 121, 98
track:469, 872, 687, 121, 98
track:470, 873, 688, 121, 98
track:471, 874, 690, 121, 98
track:472, 871, 688, 127, 103
track:473, 872, 691, 127, 103
track:474, 869, 691, 133, 108
track:475, 871, 692, 133, 108
init :476, 872, 682, 138, 116
track:477, 872, 682, 138, 116
track:478, 874, 682, 138, 116
track:479, 876, 680, 138, 116
track:480, 878, 671, 138, 116
track:481, 879, 669, 138, 116
track:482, 879, 668, 138, 116
track:483, 882, 660, 138, 116
track:484, 881, 656, 145, 122
track:485, 882, 657, 145, 122
track:486, 879, 657, 152, 128
track:487, 879, 658, 152, 128
track:488, 879, 662, 152, 128
track:490, 876, 665, 152, 128
track:491, 873, 667, 152, 128
track:492, 873, 667, 152, 128
track:493, 870, 667, 152, 128
track:494, 869, 667, 152, 128
track:495, 866, 658, 152, 128
track:496, 864, 654, 152, 128
track:497, 864, 653, 152, 128
track:498, 863, 651, 152, 128
track:499, 860, 647, 152, 128
track:500, 860, 643, 152, 128
init :501, 853, 636, 170, 145
track:502, 853, 636, 170, 145
track:503, 853, 636, 170, 145
track:504, 853, 634, 170, 145
track:505, 853, 634, 170, 145
track:506, 852, 634, 170, 145
track:507, 852, 635, 170, 145
track:508, 846, 628, 178, 152
track:509, 845, 625, 178, 152
track:510, 845, 621, 178, 152
track:511, 850, 624, 170, 145
track:512, 850, 623, 170, 145
track:513, 849, 621, 170, 145
track:514, 849, 623, 170, 145
track:515, 853, 627, 162, 138
track:516, 853, 626, 162, 138
track:517, 852, 626, 162, 138
track:518, 853, 624, 162, 138
track:519, 853, 624, 162, 138
track:520, 854, 623, 162, 138
track:521, 854, 621, 162, 138
track:522, 853, 620, 162, 138
track:523, 854, 621, 162, 138
track:524, 854, 623, 162, 138
track:525, 856, 625, 162, 138
init :526, 863, 633, 143, 111
track:527, 863, 633, 143, 111
track:528, 863, 633, 143, 111
track:529, 863, 633, 143, 111
track:530, 864, 631, 143, 111
track:531, 865, 631, 143, 111
track:532, 868, 633, 136, 106
track:533, 868, 635, 136, 106
track:534, 869, 634, 136, 106
track:535, 868, 635, 136, 106
track:536, 871, 639, 130, 101
track:537, 871, 639, 130, 101
track:538, 872, 641, 130, 101
track:539, 872, 642, 130, 101
track:540, 872, 643, 130, 101
track:543, 869, 644, 130, 101
track:544, 869, 643, 130, 101
track:546, 868, 650, 130, 101
track:547, 866, 650, 130, 101
track:548, 866, 653, 130, 101
track:549, 864, 654, 130, 101
track:550, 867, 659, 124, 96
init :551, 872, 664, 106, 85
track:552, 872, 664, 106, 85
track:553, 872, 664, 106, 85
track:554, 871, 663, 106, 85
track:555, 871, 664, 106, 85
track:556, 871, 665, 106, 85
track:557, 874, 667, 101, 81
track:558, 870, 669, 106, 85
track:559, 870, 673, 106, 85
track:560, 871, 675, 106, 85
track:561, 871, 679, 106, 85
track:562, 871, 680, 106, 85
track:563, 870, 681, 106, 85
track:564, 872, 684, 101, 81
track:565, 873, 686, 101, 81
track:566, 872, 688, 101, 81
track:567, 872, 689, 101, 81
track:568, 873, 690, 101, 81
track:569, 874, 692, 101, 81
track:570, 872, 694, 101, 81
track:571, 873, 697, 101, 81
track:572, 873, 698, 101, 81
track:573, 874, 700, 101, 81
track:574, 875, 701, 101, 81
track:575, 876, 701, 101, 81
init :576, 876, 700, 101, 75
track:577, 876, 700, 101, 75
track:578, 876, 698, 101, 75
track:579, 877, 697, 101, 75
track:580, 878, 697, 101, 75
track:581, 879, 696, 101, 75
track:582, 879, 697, 101, 75
track:583, 878, 699, 101, 75
track:584, 878, 701, 101, 75
track:585, 876, 699, 106, 79
track:586, 876, 700, 106, 79
track:587, 876, 700, 106, 79
track:588, 876, 701, 106, 79
track:589, 877, 699, 106, 79
track:590, 876, 700, 106, 79
track:591, 874, 700, 106, 79
track:592, 874, 700, 106, 79
track:593, 873, 699, 106, 79
track:594, 870, 695, 111, 83
track:595, 870, 687, 111, 83
track:596, 867, 683, 117, 87
track:597, 866, 683, 117, 87
track:598, 866, 678, 117, 87
track:599, 865, 673, 117, 87
track:600, 866, 668, 117, 87
init :601, 867, 664, 115, 103
track:602, 867, 664, 115, 103
track:603, 867, 663, 115, 103
track:604, 865, 660, 115, 103
track:605, 865, 657, 115, 103
track:606, 866, 656, 115, 103
track:607, 865, 656, 115, 103
track:608, 866, 656, 115, 103
track:609, 867, 655, 115, 103
track:610, 867, 656, 115, 103
track:611, 867, 660, 115, 103
track:612, 864, 659, 121, 108
track:613, 863, 661, 121, 108
track:614, 864, 663, 121, 108
track:615, 865, 666, 121, 108
track:616, 864, 669, 121, 108
track:617, 861, 667, 127, 114
track:618, 861, 667, 127, 114
track:619, 860, 665, 127, 114
track:620, 861, 664, 127, 114
track:621, 862, 664, 127, 114
track:622, 862, 664, 127, 114
track:623, 861, 663, 127, 114
track:624, 860, 661, 127, 114
track:625, 861, 661, 127, 114
init :626, 863, 662, 129, 109
track:627, 863, 662, 129, 109
track:628, 863, 663, 129, 109
track:629, 862, 663, 129, 109
track:630, 862, 662, 129, 109
track:631, 862, 660, 129, 109
track:632, 862, 660, 129, 109
track:633, 864, 662, 129, 109
track:634, 864, 666, 129, 109
track:635, 865, 668, 129, 109
track:636, 863, 666, 135, 114
track:637, 864, 667, 135, 114
track:638, 864, 667, 135, 114
track:639, 865, 668, 135, 114
track:640, 865, 667, 135, 114
track:641, 861, 663, 142, 120
track:642, 862, 663, 142, 120
track:643, 861, 660, 142, 120
track:644, 862, 659, 142, 120
track:645, 865, 653, 135, 114
track:646, 866, 651, 135, 114
track:647, 867, 651, 135, 114
track:648, 867, 651, 135, 114
track:649, 866, 651, 135, 114
track:650, 868, 652, 135, 114
init :651, 872, 651, 143, 122
track:652, 872, 651, 143, 122
track:653, 872, 652, 143, 122
track:654, 873, 653, 143, 122
track:655, 871, 653, 150, 128
track:656, 871, 656, 150, 128
track:657, 871, 657, 150, 128
track:658, 873, 659, 150, 128
track:659, 875, 659, 150, 128
track:660, 875, 659, 150, 128
track:661, 875, 659, 150, 128
track:662, 876, 659, 150, 128
track:663, 877, 659, 150, 128
track:664, 878, 657, 150, 128
track:665, 883, 658, 143, 122
track:666, 883, 657, 143, 122
track:667, 882, 655, 143, 122
track:668, 884, 653, 143, 122
track:669, 883, 652, 143, 122
track:670, 883, 651, 143, 122
track:671, 881, 652, 143, 122
track:672, 881, 653, 143, 122
track:673, 879, 652, 143, 122
track:674, 878, 651, 143, 122
track:675, 877, 650, 143, 122
init :676, 872, 651, 143, 103
track:677, 872, 651, 143, 103
track:678, 871, 654, 143, 103
track:679, 870, 663, 143, 103
track:680, 870, 670, 143, 103
track:681, 871, 672, 143, 103
track:682, 871, 672, 143, 103
track:683, 866, 669, 150, 108
track:684, 864, 669, 150, 108
track:685, 861, 669, 158, 114
track:686, 861, 670, 158, 114
track:687, 861, 672, 158, 114
track:688, 860, 671, 158, 114
track:689, 860, 669, 158, 114
track:690, 859, 667, 158, 114
track:691, 858, 665, 158, 114
track:692, 861, 668, 150, 108
track:693, 859, 666, 150, 108
track:694, 860, 666, 150, 108
track:695, 861, 665, 150, 108
track:696, 859, 664, 150, 108
track:697, 858, 664, 150, 108
track:698, 857, 663, 150, 108
track:699, 854, 664, 150, 108
track:700, 854, 665, 150, 108
init :701, 853, 667, 152, 111
track:702, 853, 667, 152, 111
track:703, 853, 669, 152, 111
track:704, 852, 675, 152, 111
track:705, 850, 680, 152, 111
track:706, 850, 681, 152, 111
track:707, 850, 682, 152, 111
track:708, 848, 683, 152, 111
track:709, 849, 684, 152, 111
track:710, 849, 682, 152, 111
track:711, 846, 679, 160, 117
track:712, 846, 676, 160, 117
track:713, 846, 675, 160, 117
track:714, 846, 674, 160, 117
track:715, 846, 675, 160, 117
track:716, 845, 676, 160, 117
track:717, 845, 677, 160, 117
track:718, 850, 680, 152, 111
track:719, 850, 681, 152, 111
track:720, 847, 678, 160, 117
track:721, 848, 679, 160, 117
track:722, 847, 679, 160, 117
track:723, 847, 678, 160, 117
track:724, 847, 676, 160, 117
track:725, 849, 671, 160, 117
init :726, 853, 667, 152, 116
track:727, 853, 666, 152, 116
track:728, 854, 663, 152, 116
track:729, 854, 658, 152, 116
track:730, 855, 657, 152, 116
track:731, 856, 657, 152, 116
track:732, 855, 657, 152, 116
track:733, 852, 652, 160, 122
track:734, 853, 647, 160, 122
track:735, 854, 643, 160, 122
track:736, 854, 643, 160, 122
track:737, 854, 640, 160, 122
track:738, 854, 638, 160, 122
track:739, 849, 636, 168, 128
track:740, 851, 637, 168, 128
track:741, 852, 638, 168, 128
track:742, 851, 640, 168, 128
track:743, 849, 640, 168, 128
track:744, 849, 640, 168, 128
track:745, 849, 638, 168, 128
track:746, 854, 641, 160, 122
track:747, 854, 639, 160, 122
track:748, 855, 630, 160, 122
track:749, 853, 624, 160, 122
track:750, 850, 623, 160, 122
init :751, 849, 625, 156, 124
track:752, 848, 627, 156, 124
track:753, 850, 628, 156, 124
track:754, 851, 629, 156, 124
track:755, 853, 628, 156, 124
track:756, 854, 628, 156, 124
track:757, 855, 628, 156, 124
track:758, 854, 627, 156, 124
track:759, 854, 629, 156, 124
track:760, 855, 632, 156, 124
track:761, 855, 633, 156, 124
track:762, 857, 634, 156, 124
track:763, 859, 633, 156, 124
track:764, 860, 633, 156, 124
track:765, 863, 636, 149, 118
track:766, 862, 636, 149, 118
track:767, 861, 636, 149, 118
track:768, 863, 638, 149, 118
track:769, 863, 640, 149, 118
track:770, 866, 648, 149, 118
track:771, 866, 649, 149, 118
track:772, 868, 649, 149, 118
track:773, 867, 647, 149, 118
track:774, 869, 647, 149, 118
track:775, 874, 650, 141, 112
init :776, 872, 646, 143, 124
track:777, 872, 645, 143, 124
track:778, 874, 645, 143, 124
track:779, 873, 645, 143, 124
track:780, 875, 646, 143, 124
track:781, 875, 646, 143, 124
track:782, 875, 646, 143, 124
track:783, 874, 646, 143, 124
track:784, 878, 648, 136, 118
track:785, 877, 648, 136, 118
track:786, 877, 647, 136, 118
track:787, 875, 649, 136, 118
track:788, 875, 649, 136, 118
track:789, 874, 649, 136, 118
track:790, 874, 649, 136, 118
track:791, 874, 649, 136, 118
track:792, 873, 648, 136, 118
track:793, 872, 649, 136, 118
track:794, 873, 650, 136, 118
track:795, 873, 655, 136, 118
track:796, 873, 655, 136, 118
track:797, 873, 654, 136, 118
track:798, 873, 653, 136, 118
track:799, 873, 654, 136, 118
track:800, 873, 655, 136, 118
init :801, 876, 659, 133, 109
track:802, 876, 659, 133, 109
track:803, 875, 660, 133, 109
track:804, 873, 658, 140, 114
track:805, 871, 659, 140, 114
track:806, 871, 659, 140, 114
track:807, 871, 659, 140, 114
track:808, 870, 660, 140, 114
track:809, 870, 661, 140, 114
track:810, 870, 664, 140, 114
track:811, 871, 664, 140, 114
track:812, 870, 665, 140, 114
track:813, 868, 665, 140, 114
track:814, 867, 665, 140, 114
track:815, 866, 665, 140, 114
track:816, 865, 665, 140, 114
track:817, 866, 667, 140, 114
track:818, 864, 674, 140, 114
track:819, 864, 676, 140, 114
track:820, 859, 684, 147, 120
track:821, 859, 685, 147, 120
track:822, 855, 682, 154, 126
track:823, 854, 682, 154, 126
track:824, 853, 681, 154, 126
track:825, 852, 681, 154, 126
init :826, 858, 680, 152, 122
track:827, 858, 685, 152, 122
track:828, 854, 688, 160, 128
track:829, 856, 690, 160, 128
track:830, 858, 692, 160, 128
track:831, 858, 692, 160, 128
track:832, 855, 689, 168, 135
track:833, 857, 687, 168, 135
track:834, 858, 680, 168, 135
track:835, 854, 671, 176, 141
track:836, 855, 669, 176, 141
track:837, 853, 663, 176, 141
track:838, 852, 661, 176, 141
track:839, 850, 658, 176, 141
track:840, 845, 650, 185, 148
track:841, 844, 649, 185, 148
track:842, 842, 647, 185, 148
track:843, 840, 644, 185, 148
track:844, 839, 641, 185, 148
track:845, 833, 626, 185, 148
track:846, 831, 626, 185, 148
track:847, 827, 617, 194, 156
track:848, 827, 610, 194, 156
track:849, 825, 607, 194, 156
track:850, 826, 606, 194, 156
init :851, 821, 604, 198, 173
track:852, 825, 601, 198, 173
track:853, 829, 596, 198, 173
track:854, 831, 598, 198, 173
track:855, 832, 602, 198, 173
track:856, 831, 604, 198, 173
track:857, 832, 604, 198, 173
track:858, 831, 600, 198, 173
track:859, 832, 598, 198, 173
track:860, 832, 595, 198, 173
track:861, 832, 595, 198, 173
track:862, 832, 596, 198, 173
track:863, 833, 601, 198, 173
track:864, 838, 609, 189, 165
track:865, 839, 616, 189, 165
track:866, 843, 620, 180, 157
track:867, 843, 625, 180, 157
track:868, 844, 627, 180, 157
track:869, 845, 627, 180, 157
track:870, 845, 631, 180, 157
track:871, 845, 631, 180, 157
track:872, 845, 632, 180, 157
track:873, 846, 633, 180, 157
track:874, 846, 633, 180, 157
track:875, 850, 637, 171, 149
init :876, 853, 641, 156, 137
track:877, 854, 641, 156, 137
track:878, 856, 643, 156, 137
track:879, 857, 642, 156, 137
track:880, 861, 646, 149, 130
track:881, 861, 646, 149, 130
track:882, 861, 646, 149, 130
track:883, 863, 645, 149, 130
track:884, 865, 643, 149, 130
track:885, 867, 643, 149, 130
track:886, 868, 643, 149, 130
track:887, 873, 647, 141, 124
track:888, 872, 647, 141, 124
track:889, 872, 645, 141, 124
track:890, 874, 644, 141, 124
track:891, 875, 644, 141, 124
track:892, 877, 643, 141, 124
track:893, 877, 643, 141, 124
track:894, 877, 641, 141, 124
track:895, 878, 642, 141, 124
track:896, 883, 645, 135, 118
track:897, 886, 647, 128, 113
track:898, 884, 646, 128, 113
track:899, 885, 648, 122, 107
track:900, 884, 649, 122, 107
init :901, 881, 651, 124, 93
track:902, 880, 652, 124, 93
track:903, 880, 653, 124, 93
track:904, 881, 653, 124, 93
track:905, 880, 654, 124, 93
track:906, 881, 654, 124, 93
track:907, 856, 634, 124, 93
track:908, 847, 634, 124, 93
track:909, 849, 641, 124, 93
track:910, 842, 642, 124, 93
track:911, 844, 643, 124, 93
track:912, 840, 645, 130, 98
track:913, 837, 644, 137, 103
track:914, 833, 646, 137, 103
track:915, 831, 644, 144, 108
track:916, 831, 643, 144, 108
track:917, 830, 645, 144, 108
track:918, 831, 645, 144, 108
track:919, 826, 644, 151, 113
track:920, 821, 641, 158, 119
track:921, 819, 640, 158, 119
track:922, 815, 640, 158, 119
track:923, 810, 640, 158, 119
track:924, 805, 641, 158, 119
track:925, 796, 637, 166, 125
init :926, 780, 581, 300, 254
track:927, 779, 581, 300, 254
track:928, 773, 581, 300, 254
track:929, 770, 580, 300, 254
track:930, 767, 578, 300, 254
track:931, 765, 580, 300, 254
track:932, 754, 570, 315, 267
track:933, 758, 569, 315, 267
track:934, 763, 573, 300, 254
track:935, 763, 572, 300, 254
track:936, 763, 572, 300, 254
track:937, 763, 569, 300, 254
track:938, 765, 567, 300, 254
track:939, 765, 563, 300, 254
track:940, 771, 569, 286, 242
track:941, 768, 570, 286, 242
track:942, 770, 568, 286, 242
track:943, 770, 566, 286, 242
track:944, 767, 565, 286, 242
track:945, 773, 571, 272, 230
track:946, 772, 571, 272, 230
track:947, 768, 572, 272, 230
track:948, 764, 573, 272, 230
track:949, 762, 575, 272, 230
track:950, 759, 576, 272, 230
init :951, 752, 571, 355, 236
track:952, 750, 573, 355, 236
track:953, 750, 575, 355, 236
track:954, 750, 576, 355, 236
track:955, 749, 578, 355, 236
track:956, 752, 577, 355, 236
track:957, 749, 579, 355, 236
track:958, 751, 579, 355, 236
track:959, 750, 581, 355, 236
track:960, 749, 581, 355, 236
track:961, 750, 582, 355, 236
track:962, 747, 584, 355, 236
track:963, 737, 579, 373, 248
track:964, 736, 579, 373, 248
track:965, 735, 579, 373, 248
track:966, 732, 579, 373, 248
track:967, 728, 581, 373, 248
track:968, 723, 583, 373, 248
track:969, 719, 583, 373, 248
track:970, 718, 584, 373, 248
track:971, 711, 583, 373, 248
track:972, 708, 585, 373, 248
track:973, 704, 584, 373, 248
track:974, 699, 585, 373, 248
track:975, 699, 585, 373, 248
init :976, 696, 584, 447, 246
track:977, 696, 584, 447, 246
track:978, 696, 585, 447, 246
track:979, 695, 586, 447, 246
track:980, 695, 586, 447, 246
track:981, 695, 586, 447, 246
track:982, 693, 587, 447, 246
track:983, 694, 588, 447, 246
track:984, 696, 591, 447, 246
track:985, 694, 591, 447, 246
track:986, 694, 592, 447, 246
track:987, 696, 592, 447, 246
track:988, 697, 589, 447, 246
track:989, 699, 591, 447, 246
track:990, 690, 584, 469, 258
track:991, 693, 584, 469, 258
track:992, 705, 590, 447, 246
track:993, 704, 589, 447, 246
track:994, 707, 588, 447, 246
track:995, 707, 588, 447, 246
track:996, 707, 586, 447, 246
track:997, 696, 577, 469, 258
track:998, 709, 581, 447, 246
track:999, 710, 577, 447, 246
track:1000, 712, 577, 447, 246
init :1001, 733, 581, 498, 225
track:1002, 735, 581, 498, 225
track:1003, 739, 579, 498, 225
track:1004, 745, 577, 498, 225
track:1005, 745, 576, 498, 225
track:1006, 745, 573, 498, 225
track:1007, 747, 570, 498, 225
track:1008, 748, 568, 498, 225
track:1009, 760, 572, 474, 214
track:1010, 759, 571, 474, 214
track:1011, 757, 571, 474, 214
track:1012, 753, 570, 474, 214
track:1013, 750, 570, 474, 214
track:1014, 756, 577, 452, 204
track:1015, 756, 577, 452, 204
track:1016, 751, 574, 452, 204
track:1017, 746, 575, 452, 204
track:1018, 744, 574, 452, 204
track:1019, 741, 572, 452, 204
track:1020, 739, 571, 452, 204
track:1021, 749, 576, 430, 194
track:1022, 748, 574, 430, 194
track:1023, 758, 578, 410, 185
track:1024, 760, 580, 410, 185
track:1025, 758, 579, 410, 185
init :1026, 756, 581, 447, 171
track:1027, 754, 581, 447, 171
track:1028, 752, 581, 447, 171
track:1029, 746, 582, 447, 171
track:1030, 745, 582, 447, 171
track:1031, 750, 587, 426, 163
track:1032, 745, 588, 426, 163
track:1033, 741, 589, 426, 163
track:1034, 737, 590, 426, 163
track:1035, 726, 586, 447, 171
track:1036, 736, 592, 426, 163
track:1037, 736, 594, 426, 163
track:1038, 735, 598, 426, 163
track:1039, 732, 600, 426, 163
track:1040, 734, 601, 426, 163
track:1041, 732, 604, 426, 163
track:1042, 732, 606, 426, 163
track:1043, 729, 608, 426, 163
track:1044, 729, 609, 426, 163
track:1045, 729, 611, 426, 163
track:1046, 743, 618, 405, 155
track:1047, 743, 619, 405, 155
track:1048, 744, 619, 405, 155
track:1049, 750, 616, 405, 155
track:1050, 748, 617, 405, 155
init :1051, 756, 610, 452, 150
track:1052, 761, 607, 452, 150
track:1053, 768, 607, 452, 150
track:1054, 773, 608, 452, 150
track:1055, 777, 608, 452, 150
track:1056, 780, 607, 452, 150
track:1057, 785, 608, 452, 150
track:1058, 788, 609, 452, 150
track:1059, 790, 610, 452, 150
track:1060, 789, 611, 452, 150
track:1061, 781, 608, 475, 158
track:1062, 766, 604, 498, 165
track:1063, 777, 609, 475, 158
track:1064, 773, 608, 475, 158
track:1065, 782, 612, 452, 150
track:1066, 776, 611, 452, 150
track:1067, 767, 611, 452, 150
track:1068, 762, 613, 452, 150
track:1069, 751, 613, 452, 150
track:1070, 751, 612, 452, 150
track:1071, 732, 610, 475, 158
track:1072, 715, 610, 475, 158
track:1073, 693, 605, 498, 165
track:1074, 681, 605, 498, 165
track:1075, 673, 604, 498, 165
init :1076, 706, 625, 443, 129
track:1077, 702, 625, 443, 129
track:1078, 682, 626, 443, 129
track:1079, 676, 627, 443, 129
track:1080, 678, 628, 443, 129
track:1081, 670, 629, 443, 129
track:1082, 663, 629, 443, 129
track:1083, 654, 630, 443, 129
track:1084, 653, 631, 443, 129
track:1085, 654, 631, 443, 129
track:1086, 657, 630, 443, 129
track:1087, 657, 630, 443, 129
track:1088, 654, 631, 443, 129
track:1089, 653, 632, 443, 129
track:1090, 644, 631, 465, 135
track:1091, 646, 633, 465, 135
track:1092, 646, 633, 465, 135
track:1093, 652, 634, 465, 135
track:1094, 641, 630, 488, 142
track:1095, 652, 633, 465, 135
track:1096, 649, 634, 465, 135
track:1097, 651, 634, 465, 135
track:1098, 654, 634, 465, 135
track:1099, 668, 637, 443, 129
track:1100, 670, 636, 443, 129
init :1101, 692, 625, 461, 163
track:1102, 692, 624, 461, 163
track:1103, 693, 625, 461, 163
track:1104, 687, 625, 461, 163
track:1105, 701, 629, 439, 155
track:1106, 702, 628, 439, 155
track:1107, 700, 628, 439, 155
track:1108, 699, 629, 439, 155
track:1109, 697, 630, 439, 155
track:1110, 693, 630, 439, 155
track:1111, 689, 633, 439, 155
track:1112, 688, 633, 439, 155
track:1113, 686, 634, 439, 155
track:1114, 684, 637, 439, 155
track:1115, 686, 637, 439, 155
track:1116, 686, 639, 439, 155
track:1117, 684, 638, 439, 155
track:1118, 665, 635, 461, 163
track:1119, 666, 641, 439, 155
track:1120, 673, 640, 439, 155
track:1121, 668, 640, 439, 155
track:1122, 664, 641, 439, 155
track:1123, 660, 640, 439, 155
track:1124, 677, 646, 418, 148
track:1125, 680, 647, 418, 148
init :1126, 724, 628, 369, 186
track:1127, 724, 628, 369, 186
track:1128, 721, 627, 369, 186
track:1129, 727, 627, 369, 186
track:1130, 726, 626, 369, 186
track:1131, 740, 631, 351, 177
track:1132, 741, 631, 351, 177
track:1133, 742, 632, 351, 177
track:1134, 723, 625, 369, 186
track:1135, 724, 623, 369, 186
track:1136, 736, 629, 351, 177
track:1137, 731, 627, 351, 177
track:1138, 732, 627, 351, 177
track:1139, 717, 624, 369, 186
track:1140, 711, 623, 369, 186
track:1141, 717, 626, 351, 177
track:1142, 710, 632, 351, 177
track:1143, 696, 631, 351, 177
track:1144, 696, 633, 351, 177
track:1145, 694, 634, 351, 177
track:1146, 692, 638, 351, 177
track:1147, 691, 639, 335, 169
track:1148, 691, 644, 335, 169
track:1149, 699, 651, 319, 161
track:1150, 694, 652, 319, 161
init :1151, 789, 633, 203, 173
track:1152, 790, 634, 203, 173
track:1153, 784, 634, 203, 173
track:1154, 782, 637, 203, 173
track:1155, 782, 637, 203, 173
track:1156, 784, 640, 203, 173
track:1157, 788, 640, 203, 173
track:1158, 788, 641, 203, 173
track:1159, 785, 639, 203, 173
track:1160, 786, 638, 203, 173
track:1161, 788, 639, 203, 173
track:1162, 789, 638, 203, 173
track:1163, 792, 640, 203, 173
track:1164, 797, 640, 203, 173
track:1165, 796, 641, 203, 173
track:1166, 792, 641, 203, 173
track:1167, 784, 643, 203, 173
track:1168, 784, 641, 203, 173
track:1169, 776, 641, 203, 173
track:1170, 777, 640, 203, 173
track:1171, 776, 641, 203, 173
track:1172, 766, 636, 213, 182
track:1173, 763, 636, 213, 182
track:1174, 753, 629, 224, 191
track:1175, 751, 630, 224, 191
init :1176, 761, 638, 364, 155
track:1177, 763, 638, 364, 155
track:1178, 768, 638, 364, 155
track:1179, 770, 637, 364, 155
track:1180, 771, 637, 364, 155
track:1181, 773, 634, 364, 155
track:1182, 762, 630, 382, 163
track:1183, 763, 630, 382, 163
track:1184, 771, 630, 382, 163
track:1185, 768, 629, 382, 163
track:1186, 772, 629, 382, 163
track:1187, 777, 628, 382, 163
track:1188, 772, 625, 382, 163
track:1189, 775, 623, 382, 163
track:1190, 777, 624, 382, 163
track:1191, 774, 623, 382, 163
track:1192, 774, 623, 382, 163
track:1193, 785, 624, 382, 163
track:1194, 777, 623, 382, 163
track:1195, 787, 624, 364, 155
track:1196, 778, 623, 364, 155
track:1197, 774, 622, 364, 155
track:1198, 776, 620, 364, 155
track:1199, 779, 617, 364, 155
track:1200, 774, 615, 364, 155
init :1201, 798, 630, 364, 109
track:1202, 798, 630, 364, 109
track:1203, 799, 630, 364, 109
track:1204, 813, 633, 347, 104
track:1205, 813, 633, 347, 104
track:1206, 818, 633, 347, 104
track:1207, 822, 634, 347, 104
track:1208, 826, 634, 347, 104
track:1209, 826, 634, 347, 104
track:1210, 833, 634, 347, 104
track:1211, 840, 635, 347, 104
track:1212, 834, 633, 364, 109
track:1213, 833, 633, 364, 109
track:1214, 836, 634, 364, 109
track:1215, 845, 638, 347, 104
track:1216, 846, 639, 347, 104
track:1217, 848, 639, 347, 104
track:1218, 857, 642, 330, 99
track:1219, 856, 641, 330, 99
track:1220, 852, 642, 330, 99
track:1221, 850, 643, 330, 99
track:1222, 852, 644, 330, 99
track:1223, 849, 645, 330, 99
track:1224, 851, 645, 330, 99
track:1225, 854, 646, 330, 99
init :1226, 895, 656, 286, 98
track:1227, 895, 656, 286, 98
track:1228, 895, 656, 286, 98
track:1229, 893, 658, 286, 98
track:1230, 894, 659, 286, 98
track:1231, 892, 659, 286, 98
track:1232, 898, 663, 272, 93
track:1233, 897, 664, 272, 93
track:1234, 903, 667, 259, 89
track:1235, 901, 668, 259, 89
track:1236, 903, 670, 247, 85
track:1237, 906, 671, 235, 81
track:1238, 911, 671, 224, 77
track:1239, 910, 671, 224, 77
track:1240, 906, 670, 224, 77
track:1241, 914, 672, 213, 73
track:1242, 905, 671, 224, 77
track:1243, 905, 671, 224, 77
track:1244, 905, 672, 224, 77
track:1245, 904, 674, 224, 77
track:1246, 914, 675, 213, 73
track:1247, 906, 675, 213, 73
track:1248, 905, 679, 213, 73
track:1249, 898, 681, 203, 70
track:1250, 891, 678, 213, 73
init :1251, 950, 667, 156, 93
track:1252, 948, 668, 149, 89
track:1253, 943, 666, 149, 89
track:1254, 943, 666, 149, 89
track:1255, 938, 665, 149, 89
track:1256, 931, 662, 149, 89
track:1257, 924, 660, 149, 89
track:1258, 919, 659, 149, 89
track:1259, 923, 660, 141, 84
track:1260, 924, 662, 135, 80
track:1261, 920, 661, 135, 80
track:1262, 909, 660, 135, 80
track:1263, 908, 661, 135, 80
track:1264, 908, 661, 135, 80
track:1265, 906, 661, 135, 80
track:1266, 908, 661, 135, 80
track:1267, 908, 658, 135, 80
track:1268, 907, 654, 135, 80
track:1269, 905, 655, 135, 80
track:1270, 905, 655, 135, 80
track:1271, 901, 652, 135, 80
track:1272, 899, 653, 135, 80
track:1273, 895, 652, 135, 80
track:1274, 897, 655, 128, 77
track:1275, 889, 655, 128, 77
init :1276, 923, 656, 124, 75
track:1277, 919, 656, 124, 75
track:1278, 910, 655, 130, 79
track:1279, 911, 655, 130, 79
track:1280, 902, 656, 130, 79
track:1281, 898, 656, 130, 79
track:1282, 890, 657, 130, 79
track:1283, 887, 657, 130, 79
track:1284, 886, 658, 130, 79
track:1285, 877, 658, 130, 79
track:1286, 873, 656, 130, 79
track:1287, 869, 653, 137, 83
track:1288, 868, 653, 137, 83
track:1289, 869, 653, 137, 83
track:1290, 867, 653, 137, 83
track:1291, 867, 654, 137, 83
track:1292, 864, 654, 137, 83
track:1293, 861, 654, 137, 83
track:1294, 862, 653, 137, 83
track:1295, 861, 653, 137, 83
track:1296, 859, 652, 137, 83
track:1297, 858, 652, 137, 83
track:1298, 860, 653, 130, 79
track:1299, 860, 654, 130, 79
track:1300, 861, 655, 130, 79
init :1301, 863, 662, 152, 64
track:1302, 864, 662, 152, 64
track:1303, 863, 662, 152, 64
track:1304, 863, 662, 152, 64
track:1305, 864, 662, 152, 64
track:1306, 866, 662, 152, 64
track:1307, 866, 663, 152, 64
track:1308, 866, 664, 152, 64
track:1309, 867, 664, 152, 64
track:1310, 868, 663, 152, 64
track:1311, 869, 665, 152, 64
track:1312, 869, 664, 152, 64
track:1313, 868, 665, 152, 64
track:1314, 868, 665, 152, 64
track:1315, 868, 666, 152, 64
track:1316, 868, 666, 152, 64
track:1317, 864, 666, 152, 64
track:1318, 864, 667, 152, 64
track:1319, 863, 667, 152, 64
track:1320, 856, 666, 160, 67
track:1321, 860, 667, 152, 64
track:1322, 861, 668, 152, 64
track:1323, 862, 668, 152, 64
track:1324, 863, 668, 152, 64
track:1325, 862, 669, 152, 64
init :1326, 867, 675, 170, 57
track:1327, 868, 675, 170, 57
track:1328, 869, 676, 170, 57
track:1329, 870, 676, 170, 57
track:1330, 869, 676, 170, 57
track:1331, 869, 676, 170, 57
track:1332, 866, 677, 170, 57
track:1333, 861, 677, 170, 57
track:1334, 860, 677, 170, 57
track:1335, 857, 677, 170, 57
track:1336, 853, 677, 170, 57
track:1337, 845, 676, 178, 60
track:1338, 841, 676, 178, 60
track:1339, 841, 676, 178, 60
track:1340, 841, 677, 178, 60
track:1341, 843, 678, 170, 57
track:1342, 842, 678, 170, 57
track:1343, 843, 679, 170, 57
track:1344, 843, 678, 170, 57
track:1345, 843, 679, 170, 57
track:1346, 843, 679, 170, 57
track:1347, 844, 679, 170, 57
track:1348, 839, 679, 178, 60
track:1349, 843, 680, 170, 57
track:1350, 843, 681, 170, 57
init :1351, 849, 680, 175, 49
track:1352, 848, 680, 175, 49
track:1353, 848, 680, 175, 49
track:1354, 848, 680, 175, 49
track:1355, 848, 680, 175, 49
track:1356, 853, 682, 167, 47
track:1357, 857, 683, 159, 44
track:1358, 856, 683, 159, 44
track:1359, 859, 684, 151, 42
track:1360, 858, 684, 151, 42
track:1361, 858, 684, 151, 42
track:1362, 855, 683, 159, 44
track:1363, 852, 683, 167, 47
track:1364, 853, 685, 167, 47
track:1365, 853, 685, 167, 47
track:1366, 853, 685, 167, 47
track:1367, 849, 684, 175, 49
track:1368, 849, 685, 175, 49
track:1369, 854, 686, 167, 47
track:1370, 851, 687, 167, 47
track:1371, 845, 686, 175, 49
track:1372, 840, 687, 184, 51
track:1373, 837, 687, 184, 51
track:1374, 838, 687, 184, 51
track:1375, 836, 687, 184, 51
init :1376, 835, 693, 189, 59
track:1377, 834, 693, 189, 59
track:1378, 829, 694, 189, 59
track:1379, 827, 695, 189, 59
track:1380, 825, 695, 189, 59
track:1381, 820, 697, 189, 59
track:1382, 817, 697, 189, 59
track:1383, 810, 697, 198, 62
track:1384, 813, 699, 189, 59
track:1385, 812, 699, 189, 59
track:1386, 808, 699, 198, 62
track:1387, 811, 701, 198, 62
track:1388, 809, 701, 208, 65
track:1389, 815, 702, 198, 62
track:1390, 821, 705, 189, 59
track:1391, 822, 705, 189, 59
track:1392, 831, 706, 189, 59
track:1393, 830, 706, 198, 62
track:1394, 832, 708, 198, 62
track:1395, 832, 708, 198, 62
track:1396, 832, 709, 198, 62
track:1397, 832, 709, 198, 62
track:1398, 834, 710, 198, 62
track:1399, 832, 711, 198, 62
track:1400, 831, 712, 198, 62
init :1401, 821, 711, 203, 64
track:1402, 811, 709, 213, 67
track:1403, 808, 710, 213, 67
track:1404, 806, 710, 213, 67
track:1405, 801, 711, 213, 67
track:1406, 800, 711, 213, 67
track:1407, 798, 712, 213, 67
track:1408, 794, 712, 213, 67
track:1409, 793, 712, 213, 67
track:1410, 793, 713, 213, 67
track:1411, 788, 712, 224, 71
track:1412, 789, 712, 224, 71
track:1413, 790, 713, 224, 71
track:1414, 790, 713, 224, 71
track:1415, 790, 713, 224, 71
track:1416, 796, 716, 213, 67
track:1417, 795, 717, 213, 67
track:1418, 793, 717, 213, 67
track:1419, 794, 717, 213, 67
track:1420, 792, 718, 213, 67
track:1421, 791, 719, 213, 67
track:1422, 784, 719, 224, 71
track:1423, 785, 719, 224, 71
track:1424, 784, 719, 224, 71
track:1425, 786, 720, 224, 71
init :1426, 793, 719, 244, 90
track:1427, 793, 719, 244, 90
track:1428, 797, 721, 232, 86
track:1429, 796, 721, 232, 86
track:1430, 796, 721, 232, 86
track:1431, 794, 722, 232, 86
track:1432, 796, 724, 232, 86
track:1433, 792, 724, 232, 86
track:1434, 791, 724, 232, 86
track:1435, 790, 727, 232, 86
track:1436, 786, 726, 232, 86
track:1437, 787, 726, 232, 86
track:1438, 787, 728, 232, 86
track:1439, 791, 731, 221, 82
track:1440, 784, 729, 232, 86
track:1441, 781, 731, 232, 86
track:1442, 777, 731, 232, 86
track:1443, 769, 731, 232, 86
track:1444, 768, 730, 232, 86
track:1445, 767, 730, 232, 86
track:1446, 758, 728, 244, 90
track:1447, 744, 726, 256, 94
track:1448, 749, 728, 244, 90
track:1449, 749, 728, 244, 90
track:1450, 749, 726, 244, 90
init :1451, 770, 713, 235, 127
track:1452, 771, 713, 235, 127
track:1453, 775, 713, 235, 127
track:1454, 783, 717, 224, 121
track:1455, 784, 715, 235, 127
track:1456, 788, 714, 235, 127
track:1457, 790, 713, 235, 127
track:1458, 794, 714, 235, 127
track:1459, 794, 714, 235, 127
track:1460, 803, 718, 224, 121
track:1461, 808, 718, 224, 121
track:1462, 812, 720, 224, 121
track:1463, 812, 719, 224, 121
track:1464, 818, 722, 213, 115
track:1465, 825, 721, 213, 115
track:1466, 828, 721, 213, 115
track:1467, 835, 725, 203, 110
track:1468, 834, 726, 203, 110
track:1469, 831, 728, 203, 110
track:1470, 832, 730, 203, 110
track:1471, 835, 730, 203, 110
track:1472, 826, 728, 213, 115
track:1473, 825, 728, 213, 115
track:1474, 816, 725, 213, 115
track:1475, 821, 724, 203, 110
init :1476, 853, 685, 161, 153
track:1477, 857, 684, 161, 153
track:1478, 856, 684, 161, 153
track:1479, 858, 683, 161, 153
track:1480, 856, 680, 161, 153
track:1481, 858, 677, 161, 153
track:1482, 861, 675, 161, 153
track:1483, 861, 674, 161, 153
track:1484, 869, 678, 153, 146
track:1485, 871, 675, 153, 146
track:1486, 875, 674, 153, 146
track:1487, 884, 671, 153, 146
track:1488, 881, 671, 153, 146
track:1489, 886, 670, 153, 146
track:1490, 888, 669, 153, 146
track:1491, 894, 665, 153, 146
track:1492, 897, 662, 153, 146
track:1493, 896, 662, 153, 146
track:1494, 896, 659, 153, 146
track:1495, 896, 656, 153, 146
track:1496, 896, 653, 153, 146
track:1497, 900, 649, 153, 146
track:1498, 900, 649, 153, 146
track:1499, 898, 648, 146, 139
track:1500, 896, 645, 139, 132
init :1501, 835, 641, 300, 132
track:1502, 833, 639, 300, 132
track:1503, 832, 638, 300, 132
track:1504, 830, 636, 300, 132
track:1505, 825, 631, 300, 132
track:1506, 823, 629, 300, 132
track:1507, 822, 626, 300, 132
track:1508, 820, 625, 300, 132
track:1509, 820, 622, 300, 132
track:1510, 819, 620, 300, 132
track:1511, 818, 618, 300, 132
track:1512, 812, 616, 300, 132
track:1513, 818, 618, 286, 126
track:1514, 800, 616, 286, 126
track:1515, 779, 615, 286, 126
track:1516, 761, 621, 272, 120
track:1517, 735, 620, 272, 120
track:1518, 734, 620, 272, 120
track:1519, 707, 620, 272, 120
track:1520, 689, 621, 272, 120
track:1521, 666, 624, 272, 120
track:1522, 643, 619, 286, 126
track:1523, 647, 619, 286, 126
track:1524, 638, 624, 272, 120
track:1525, 644, 626, 259, 114
init :1526, 669, 633, 263, 90
track:1527, 672, 633, 263, 90
track:1528, 673, 633, 263, 90
track:1529, 704, 634, 250, 86
track:1530, 727, 633, 250, 86
track:1531, 750, 632, 250, 86
track:1532, 780, 634, 239, 82
track:1533, 781, 634, 239, 82
track:1534, 812, 635, 227, 78
track:1535, 836, 634, 227, 78
track:1536, 863, 636, 216, 74
track:1537, 881, 637, 216, 74
track:1538, 879, 637, 216, 74
track:1539, 894, 637, 216, 74
track:1540, 902, 641, 206, 71
track:1541, 905, 644, 206, 71
track:1542, 908, 644, 206, 71
track:1543, 909, 644, 206, 71
track:1544, 905, 643, 216, 74
track:1545, 902, 644, 216, 74
track:1546, 899, 645, 216, 74
track:1547, 885, 649, 216, 74
track:1548, 890, 650, 206, 71
track:1549, 885, 652, 206, 71
track:1550, 878, 656, 196, 67
init :1551, 876, 662, 221, 70
track:1552, 872, 663, 221, 70
track:1553, 871, 663, 221, 70
track:1554, 869, 664, 221, 70
track:1555, 872, 667, 210, 67
track:1556, 871, 667, 210, 67
track:1557, 877, 670, 200, 63
track:1558, 878, 670, 200, 63
track:1559, 880, 669, 200, 63
track:1560, 883, 671, 200, 63
track:1561, 881, 669, 210, 67
track:1562, 889, 671, 200, 63
track:1563, 890, 671, 200, 63
track:1564, 892, 673, 200, 63
track:1565, 893, 673, 200, 63
track:1566, 897, 675, 191, 60
track:1567, 895, 675, 191, 60
track:1568, 895, 674, 191, 60
track:1569, 897, 675, 191, 60
track:1570, 896, 675, 191, 60
track:1571, 895, 674, 191, 60
track:1572, 896, 675, 182, 58
track:1573, 898, 677, 173, 55
track:1574, 896, 677, 173, 55
track:1575, 893, 678, 165, 52
init :1576, 913, 672, 147, 75
track:1577, 911, 673, 147, 75
track:1578, 910, 673, 147, 75
track:1579, 909, 673, 147, 75
track:1580, 906, 673, 147, 75
track:1581, 904, 675, 140, 71
track:1582, 901, 676, 140, 71
track:1583, 897, 674, 147, 75
track:1584, 897, 674, 147, 75
track:1585, 894, 675, 147, 75
track:1586, 893, 675, 147, 75
track:1587, 893, 675, 147, 75
track:1588, 892, 675, 147, 75
track:1589, 894, 677, 140, 71
track:1590, 890, 676, 147, 75
track:1591, 888, 677, 147, 75
track:1592, 890, 677, 147, 75
track:1593, 887, 677, 147, 75
track:1594, 887, 677, 147, 75
track:1595, 885, 678, 147, 75
track:1596, 880, 678, 147, 75
track:1599, 878, 680, 147, 75
track:1600, 881, 682, 140, 71
init :1601, 913, 680, 101, 72
track:1602, 912, 680, 101, 72
track:1603, 912, 680, 101, 72
track:1604, 909, 680, 101, 72
track:1605, 910, 682, 96, 69
track:1606, 908, 683, 96, 69
track:1607, 905, 683, 96, 69
track:1608, 904, 684, 96, 69
elapseTime: 17.736
