init :7, 821, 630, 235, 197
track:8, 821, 630, 235, 197
track:9, 822, 630, 235, 197
track:10, 821, 631, 235, 197
track:11, 823, 630, 235, 197
track:12, 823, 630, 235, 197
track:13, 824, 630, 235, 197
track:14, 824, 630, 235, 197
track:15, 824, 630, 235, 197
track:16, 825, 630, 235, 197
track:17, 826, 630, 235, 197
track:18, 825, 630, 235, 197
track:19, 825, 629, 235, 197
track:20, 821, 626, 247, 207
track:21, 820, 626, 247, 207
track:22, 827, 631, 235, 197
track:23, 828, 631, 235, 197
track:24, 827, 631, 235, 197
track:25, 828, 630, 235, 197
track:26, 829, 631, 235, 197
track:27, 829, 631, 235, 197
track:28, 829, 631, 235, 197
track:29, 829, 630, 235, 197
track:30, 829, 630, 235, 197
track:31, 830, 629, 235, 197
track:32, 831, 631, 235, 197
track:33, 829, 630, 235, 197
track:34, 830, 631, 235, 197
track:35, 830, 630, 235, 197
track:36, 830, 631, 235, 197
track:37, 829, 630, 235, 197
track:38, 831, 630, 235, 197
track:39, 830, 630, 235, 197
track:40, 830, 630, 235, 197
track:41, 831, 629, 235, 197
track:42, 830, 631, 235, 197
track:43, 831, 630, 235, 197
track:44, 830, 631, 235, 197
track:45, 832, 630, 235, 197
track:46, 830, 631, 235, 197
track:48, 832, 630, 235, 197
track:49, 830, 630, 235, 197
track:50, 831, 629, 235, 197
track:51, 832, 629, 235, 197
track:52, 831, 628, 235, 197
track:53, 832, 629, 235, 197
track:54, 831, 629, 235, 197
track:55, 832, 629, 235, 197
track:56, 831, 629, 235, 197
track:57, 831, 628, 235, 197
track:58, 831, 629, 235, 197
track:59, 830, 628, 235, 197
track:60, 832, 628, 235, 197
track:61, 831, 630, 235, 197
track:62, 830, 629, 235, 197
init :63, 826, 628, 240, 199
track:64, 826, 628, 240, 199
track:65, 826, 628, 240, 199
track:66, 826, 628, 240, 199
track:67, 826, 627, 240, 199
track:68, 825, 628, 240, 199
track:69, 825, 627, 240, 199
track:70, 825, 628, 240, 199
track:71, 825, 628, 240, 199
track:72, 825, 627, 240, 199
track:73, 825, 629, 240, 199
track:74, 825, 629, 240, 199
track:75, 825, 629, 240, 199
track:76, 825, 628, 240, 199
track:77, 825, 628, 240, 199
track:78, 826, 628, 240, 199
track:79, 826, 628, 240, 199
track:80, 826, 628, 240, 199
track:81, 826, 627, 240, 199
track:82, 825, 628, 240, 199
track:83, 825, 627, 240, 199
track:84, 825, 629, 240, 199
track:85, 825, 628, 240, 199
track:86, 825, 628, 240, 199
track:87, 825, 628, 240, 199
track:88, 825, 628, 240, 199
track:89, 825, 628, 240, 199
track:90, 825, 628, 240, 199
track:91, 826, 628, 240, 199
track:92, 826, 628, 240, 199
track:93, 826, 628, 240, 199
track:94, 826, 628, 240, 199
track:95, 826, 628, 240, 199
track:96, 826, 627, 240, 199
track:97, 826, 628, 240, 199
track:98, 827, 628, 240, 199
track:99, 827, 628, 240, 199
track:100, 828, 628, 240, 199
track:101, 830, 627, 240, 199
track:102, 831, 626, 240, 199
track:103, 830, 625, 240, 199
track:104, 830, 625, 240, 199
track:105, 832, 624, 240, 199
track:106, 832, 624, 240, 199
track:107, 832, 623, 240, 199
track:108, 833, 621, 240, 199
track:109, 833, 621, 240, 199
track:110, 833, 620, 240, 199
track:111, 833, 617, 240, 199
track:112, 838, 621, 229, 190
track:113, 839, 620, 229, 190
track:114, 839, 619, 229, 190
track:115, 840, 617, 229, 190
track:116, 841, 614, 229, 190
track:117, 842, 612, 229, 190
track:120, 844, 609, 229, 190
track:121, 846, 607, 229, 190
track:122, 846, 606, 229, 190
track:123, 852, 608, 218, 180
track:124, 851, 607, 218, 180
init :125, 858, 610, 184, 171
track:126, 857, 608, 184, 171
track:127, 855, 607, 184, 171
track:128, 853, 608, 184, 171
track:129, 854, 607, 184, 171
track:130, 854, 609, 184, 171
track:131, 854, 610, 184, 171
track:132, 857, 614, 184, 171
track:133, 856, 615, 184, 171
track:134, 857, 616, 184, 171
track:135, 856, 618, 184, 171
track:136, 859, 618, 184, 171
track:137, 858, 619, 184, 171
track:138, 861, 620, 184, 171
track:139, 860, 621, 184, 171
track:140, 861, 619, 184, 171
track:141, 861, 618, 184, 171
track:142, 858, 619, 184, 171
track:143, 857, 620, 184, 171
track:144, 856, 621, 184, 171
track:145, 847, 619, 193, 180
track:146, 847, 622, 193, 180
track:147, 854, 627, 184, 171
track:148, 854, 629, 184, 171
track:149, 855, 630, 184, 171
track:150, 855, 632, 184, 171
track:151, 855, 635, 184, 171
track:152, 856, 637, 184, 171
track:153, 856, 640, 184, 171
track:154, 855, 641, 184, 171
track:155, 855, 642, 184, 171
track:156, 856, 642, 184, 171
track:157, 858, 643, 184, 171
track:158, 859, 645, 184, 171
track:159, 857, 645, 184, 171
track:160, 861, 650, 175, 163
track:161, 860, 650, 175, 163
track:162, 858, 650, 175, 163
track:163, 857, 650, 175, 163
track:164, 856, 650, 175, 163
track:165, 857, 650, 175, 163
track:166, 858, 649, 175, 163
track:167, 857, 650, 175, 163
track:168, 857, 650, 175, 163
track:169, 857, 649, 175, 163
track:170, 858, 650, 175, 163
track:171, 859, 648, 175, 163
track:172, 861, 647, 175, 163
track:173, 861, 647, 175, 163
track:174, 861, 646, 175, 163
track:175, 859, 647, 175, 163
track:176, 856, 648, 175, 163
track:177, 856, 648, 175, 163
track:178, 858, 649, 175, 163
track:179, 859, 649, 175, 163
track:180, 860, 651, 175, 163
track:181, 861, 652, 175, 163
track:182, 862, 654, 175, 163
track:183, 864, 656, 175, 163
track:184, 864, 657, 175, 163
track:185, 865, 658, 175, 163
track:186, 864, 656, 175, 163
init :187, 867, 651, 166, 163
track:188, 863, 649, 166, 163
track:189, 859, 645, 174, 171
track:190, 857, 645, 174, 171
track:191, 857, 642, 174, 171
track:192, 860, 641, 166, 163
track:193, 860, 640, 166, 163
track:194, 859, 639, 166, 163
track:195, 860, 638, 166, 163
track:196, 861, 637, 166, 163
track:197, 861, 635, 166, 163
track:198, 859, 636, 166, 163
track:199, 859, 636, 166, 163
track:200, 856, 637, 166, 163
track:201, 855, 638, 166, 163
track:202, 854, 636, 166, 163
track:203, 854, 632, 166, 163
track:204, 854, 633, 166, 163
track:205, 856, 629, 166, 163
track:206, 855, 630, 166, 163
track:207, 856, 630, 158, 155
track:208, 856, 630, 158, 155
track:209, 854, 629, 158, 155
track:210, 853, 624, 158, 155
track:211, 852, 621, 158, 155
track:212, 852, 619, 158, 155
track:213, 852, 618, 158, 155
track:214, 852, 617, 158, 155
track:215, 851, 616, 158, 155
track:216, 852, 615, 158, 155
track:217, 854, 619, 151, 148
track:218, 854, 620, 151, 148
track:219, 855, 621, 151, 148
track:220, 859, 629, 143, 141
track:221, 857, 631, 143, 141
track:222, 857, 633, 143, 141
track:223, 857, 633, 143, 141
track:224, 857, 635, 143, 141
track:225, 857, 635, 143, 141
track:226, 858, 637, 143, 141
track:227, 857, 638, 143, 141
track:228, 857, 638, 143, 141
track:229, 860, 642, 137, 134
track:230, 860, 641, 137, 134
track:231, 859, 641, 137, 134
track:232, 858, 637, 137, 134
track:233, 858, 637, 137, 134
track:234, 857, 635, 137, 134
track:235, 857, 635, 137, 134
track:236, 861, 637, 130, 128
track:237, 863, 638, 130, 128
track:238, 864, 638, 130, 128
track:239, 865, 639, 130, 128
track:240, 865, 641, 130, 128
track:241, 866, 642, 130, 128
track:242, 866, 642, 130, 128
track:243, 866, 641, 130, 128
track:244, 866, 641, 130, 128
track:245, 865, 643, 130, 128
track:246, 866, 643, 130, 128
track:247, 866, 643, 130, 128
track:248, 867, 643, 130, 128
init :249, 863, 656, 120, 88
track:250, 863, 658, 120, 88
track:251, 864, 660, 120, 88
track:252, 865, 662, 120, 88
track:253, 865, 663, 120, 88
track:254, 866, 665, 120, 88
track:255, 866, 668, 120, 88
track:256, 866, 669, 120, 88
track:257, 867, 673, 120, 88
track:258, 864, 672, 126, 92
track:259, 865, 674, 126, 92
track:260, 866, 676, 126, 92
track:261, 865, 676, 126, 92
track:262, 865, 677, 126, 92
track:263, 866, 676, 126, 92
track:264, 865, 679, 126, 92
track:265, 862, 679, 132, 97
track:266, 862, 679, 132, 97
track:267, 862, 682, 132, 97
track:268, 865, 684, 126, 92
track:269, 865, 685, 126, 92
track:270, 866, 686, 126, 92
track:271, 867, 689, 126, 92
track:272, 869, 693, 126, 92
track:273, 868, 693, 126, 92
track:274, 868, 695, 126, 92
track:275, 868, 697, 126, 92
track:276, 869, 699, 126, 92
track:277, 870, 703, 126, 92
track:278, 870, 703, 126, 92
track:279, 871, 702, 126, 92
track:280, 872, 701, 126, 92
track:281, 870, 698, 132, 97
track:282, 872, 700, 132, 97
track:283, 870, 698, 139, 102
track:284, 871, 700, 139, 102
track:285, 870, 699, 146, 107
track:286, 867, 696, 153, 112
track:287, 866, 691, 161, 118
track:288, 866, 690, 161, 118
track:289, 862, 684, 169, 124
track:290, 862, 679, 169, 124
track:291, 863, 672, 169, 124
track:292, 860, 664, 177, 130
track:293, 860, 663, 177, 130
track:294, 860, 662, 177, 130
track:295, 862, 659, 177, 130
track:296, 859, 656, 186, 137
track:297, 860, 657, 186, 137
track:298, 855, 653, 195, 143
track:299, 854, 654, 195, 143
track:300, 847, 651, 205, 151
track:301, 845, 652, 205, 151
track:302, 838, 654, 216, 158
track:303, 833, 652, 226, 166
track:304, 826, 650, 238, 174
track:305, 823, 652, 238, 174
track:306, 824, 652, 238, 174
track:307, 822, 650, 238, 174
track:308, 816, 645, 249, 183
track:309, 816, 643, 249, 183
track:310, 814, 636, 249, 183
init :311, 816, 612, 258, 220
track:312, 814, 603, 258, 220
track:313, 815, 602, 258, 220
track:314, 817, 597, 258, 220
track:315, 815, 590, 258, 220
track:316, 822, 585, 246, 210
track:317, 823, 577, 246, 210
track:318, 823, 576, 246, 210
track:319, 826, 575, 246, 210
track:320, 831, 568, 246, 210
track:321, 839, 564, 234, 200
track:322, 838, 565, 234, 200
track:323, 840, 564, 234, 200
track:324, 838, 569, 234, 200
track:325, 837, 566, 234, 200
track:326, 838, 557, 234, 200
track:327, 836, 556, 234, 200
track:328, 835, 556, 234, 200
track:329, 833, 565, 234, 200
track:330, 830, 574, 234, 200
track:331, 834, 580, 223, 190
track:332, 837, 585, 212, 181
track:333, 837, 586, 212, 181
track:334, 838, 588, 212, 181
track:335, 836, 590, 212, 181
track:336, 841, 595, 202, 172
track:337, 843, 596, 202, 172
track:338, 843, 595, 202, 172
track:339, 842, 593, 202, 172
track:340, 843, 591, 202, 172
track:341, 844, 591, 202, 172
track:342, 849, 593, 193, 164
track:343, 848, 593, 193, 164
track:344, 848, 591, 193, 164
track:345, 848, 586, 193, 164
track:346, 852, 593, 183, 156
track:347, 857, 598, 175, 149
track:348, 857, 598, 175, 149
track:349, 857, 602, 175, 149
track:350, 861, 609, 166, 142
track:351, 862, 613, 166, 142
track:352, 864, 616, 166, 142
track:353, 868, 621, 158, 135
track:354, 868, 622, 158, 135
track:355, 871, 626, 151, 129
track:356, 870, 627, 151, 129
track:357, 869, 627, 151, 129
track:358, 870, 627, 151, 129
track:359, 869, 627, 151, 129
track:360, 868, 626, 151, 129
track:361, 867, 626, 151, 129
track:362, 867, 627, 151, 129
track:363, 866, 626, 151, 129
track:364, 866, 627, 151, 129
track:365, 865, 628, 151, 129
track:366, 868, 631, 144, 123
track:367, 866, 632, 144, 123
track:368, 870, 635, 137, 117
track:369, 870, 636, 137, 117
track:370, 869, 640, 137, 117
track:371, 868, 646, 137, 117
track:372, 868, 651, 137, 117
init :373, 876, 659, 120, 101
track:374, 877, 660, 120, 101
track:375, 875, 661, 120, 101
track:376, 873, 662, 120, 101
track:377, 871, 662, 120, 101
track:378, 871, 663, 120, 101
track:379, 870, 664, 120, 101
track:380, 871, 663, 120, 101
track:381, 870, 663, 120, 101
track:382, 868, 664, 120, 101
track:383, 868, 663, 120, 101
track:384, 866, 662, 120, 101
track:385, 866, 661, 120, 101
track:386, 866, 661, 120, 101
track:387, 866, 660, 120, 101
track:388, 866, 661, 120, 101
track:389, 865, 659, 120, 101
track:390, 864, 660, 120, 101
track:391, 865, 662, 120, 101
track:392, 868, 667, 114, 96
track:393, 868, 668, 114, 96
track:394, 868, 668, 114, 96
track:395, 869, 674, 114, 96
track:396, 872, 679, 109, 92
track:397, 874, 682, 109, 92
track:398, 875, 683, 109, 92
track:399, 872, 686, 114, 96
track:400, 877, 692, 109, 92
track:401, 878, 698, 109, 92
track:402, 879, 701, 109, 92
track:403, 879, 701, 109, 92
track:404, 880, 704, 109, 92
track:405, 881, 703, 109, 92
track:406, 880, 703, 109, 92
track:407, 882, 703, 109, 92
track:408, 882, 703, 109, 92
track:409, 883, 702, 109, 92
track:410, 882, 700, 109, 92
track:411, 885, 699, 104, 87
track:412, 883, 695, 109, 92
track:413, 884, 695, 109, 92
track:414, 884, 694, 109, 92
track:415, 887, 697, 104, 87
track:416, 887, 699, 104, 87
track:417, 888, 700, 104, 87
track:418, 888, 700, 104, 87
track:419, 888, 700, 104, 87
track:420, 886, 701, 104, 87
track:421, 885, 701, 104, 87
track:422, 884, 699, 104, 87
track:423, 884, 699, 104, 87
track:424, 884, 696, 104, 87
track:425, 883, 694, 104, 87
track:426, 883, 692, 104, 87
track:427, 881, 691, 104, 87
track:428, 881, 691, 104, 87
track:429, 881, 690, 104, 87
track:430, 880, 691, 104, 87
track:431, 880, 691, 104, 87
track:432, 879, 691, 104, 87
track:433, 879, 690, 104, 87
track:434, 879, 691, 104, 87
init :435, 867, 690, 110, 83
track:436, 866, 691, 110, 83
track:437, 866, 693, 110, 83
track:438, 867, 693, 110, 83
track:439, 868, 694, 110, 83
track:440, 868, 695, 110, 83
track:441, 868, 694, 110, 83
track:442, 869, 695, 110, 83
track:443, 870, 696, 110, 83
track:444, 869, 695, 110, 83
track:445, 869, 696, 110, 83
track:446, 869, 697, 110, 83
track:447, 867, 695, 115, 87
track:448, 867, 695, 115, 87
track:449, 867, 693, 115, 87
track:450, 868, 693, 115, 87
track:451, 869, 694, 115, 87
track:452, 869, 696, 115, 87
track:453, 870, 697, 115, 87
track:454, 871, 697, 115, 87
track:455, 872, 697, 115, 87
track:456, 870, 695, 121, 92
track:457, 869, 695, 121, 92
track:458, 869, 695, 121, 92
track:459, 868, 694, 121, 92
track:460, 868, 693, 121, 92
track:461, 868, 692, 121, 92
track:462, 869, 692, 121, 92
track:463, 866, 689, 127, 96
track:464, 866, 686, 127, 96
track:465, 866, 684, 127, 96
track:466, 865, 684, 127, 96
track:467, 866, 685, 127, 96
track:468, 865, 686, 127, 96
track:469, 865, 686, 127, 96
track:470, 867, 688, 127, 96
track:471, 868, 688, 127, 96
track:472, 868, 689, 127, 96
track:473, 868, 690, 127, 96
track:474, 865, 691, 134, 101
track:475, 867, 692, 134, 101
track:476, 866, 688, 140, 106
track:477, 866, 688, 140, 106
track:478, 868, 687, 140, 106
track:479, 870, 685, 140, 106
track:480, 872, 678, 140, 106
track:481, 869, 671, 147, 111
track:482, 869, 670, 147, 111
track:483, 872, 663, 147, 111
track:484, 873, 661, 147, 111
track:485, 875, 661, 147, 111
track:486, 876, 665, 147, 111
track:487, 872, 664, 155, 117
track:488, 870, 667, 155, 117
track:490, 868, 671, 155, 117
track:491, 863, 670, 163, 123
track:492, 861, 671, 163, 123
track:493, 860, 670, 163, 123
track:494, 858, 670, 163, 123
track:495, 855, 662, 163, 123
track:496, 853, 658, 163, 123
init :497, 858, 649, 166, 145
track:498, 858, 647, 166, 145
track:499, 857, 644, 166, 145
track:500, 856, 640, 166, 145
track:501, 855, 637, 166, 145
track:502, 855, 635, 166, 145
track:503, 855, 632, 166, 145
track:504, 855, 632, 166, 145
track:505, 854, 631, 166, 145
track:506, 858, 634, 158, 138
track:507, 858, 633, 158, 138
track:508, 857, 631, 158, 138
track:509, 858, 628, 158, 138
track:510, 852, 622, 166, 145
track:511, 851, 620, 166, 145
track:512, 851, 619, 166, 145
track:513, 851, 618, 166, 145
track:514, 851, 619, 166, 145
track:515, 852, 621, 166, 145
track:516, 851, 621, 166, 145
track:517, 851, 621, 166, 145
track:518, 850, 618, 166, 145
track:519, 855, 620, 158, 138
track:520, 856, 619, 158, 138
track:521, 855, 617, 158, 138
track:522, 859, 620, 151, 132
track:523, 858, 621, 151, 132
track:524, 859, 623, 151, 132
track:525, 860, 625, 151, 132
track:526, 866, 629, 143, 125
track:527, 865, 629, 143, 125
track:528, 865, 629, 143, 125
track:529, 865, 628, 143, 125
track:530, 870, 629, 137, 119
track:531, 871, 628, 137, 119
track:532, 870, 629, 137, 119
track:533, 872, 629, 137, 119
track:534, 876, 632, 130, 114
track:535, 876, 634, 130, 114
track:536, 876, 635, 130, 114
track:537, 875, 635, 130, 114
track:538, 878, 639, 124, 108
track:539, 879, 640, 124, 108
track:540, 878, 641, 124, 108
track:543, 879, 645, 118, 103
track:544, 879, 645, 118, 103
track:546, 876, 651, 118, 103
track:547, 875, 650, 118, 103
track:548, 878, 655, 112, 98
track:549, 878, 657, 112, 98
track:550, 877, 659, 112, 98
track:551, 878, 662, 107, 93
track:552, 877, 662, 107, 93
track:553, 881, 664, 102, 89
track:554, 880, 664, 102, 89
track:555, 880, 663, 102, 89
track:556, 879, 664, 102, 89
track:557, 879, 665, 102, 89
track:558, 878, 669, 102, 89
init :559, 876, 677, 96, 80
track:560, 876, 679, 96, 80
track:561, 876, 683, 96, 80
track:562, 876, 684, 96, 80
track:563, 876, 686, 96, 80
track:564, 876, 688, 96, 80
track:565, 876, 690, 96, 80
track:566, 876, 692, 96, 80
track:567, 876, 693, 96, 80
track:568, 877, 695, 96, 80
track:569, 878, 696, 96, 80
track:570, 877, 699, 96, 80
track:571, 877, 702, 96, 80
track:572, 877, 702, 96, 80
track:573, 878, 705, 96, 80
track:574, 879, 706, 96, 80
track:575, 879, 705, 96, 80
track:576, 878, 703, 96, 80
track:577, 878, 702, 96, 80
track:578, 878, 700, 96, 80
track:579, 879, 698, 96, 80
track:580, 881, 698, 96, 80
track:581, 881, 698, 96, 80
track:582, 881, 698, 96, 80
track:583, 880, 701, 96, 80
track:584, 880, 702, 96, 80
track:585, 880, 702, 96, 80
track:586, 880, 702, 96, 80
track:587, 880, 703, 96, 80
track:588, 881, 703, 96, 80
track:589, 881, 702, 96, 80
track:590, 880, 702, 96, 80
track:591, 875, 701, 101, 84
track:592, 875, 701, 101, 84
track:593, 872, 698, 106, 88
track:594, 872, 697, 106, 88
track:595, 872, 688, 106, 88
track:596, 871, 686, 106, 88
track:597, 871, 686, 106, 88
track:598, 870, 681, 106, 88
track:599, 869, 675, 106, 88
track:600, 867, 670, 111, 93
track:601, 868, 670, 111, 93
track:602, 868, 669, 111, 93
track:603, 868, 668, 111, 93
track:604, 867, 664, 111, 93
track:605, 866, 661, 111, 93
track:606, 866, 660, 111, 93
track:607, 866, 660, 111, 93
track:608, 867, 660, 111, 93
track:609, 867, 659, 111, 93
track:610, 868, 660, 111, 93
track:611, 867, 665, 111, 93
track:612, 867, 665, 111, 93
track:613, 864, 665, 117, 97
track:614, 865, 667, 117, 97
track:615, 865, 669, 117, 97
track:616, 864, 672, 117, 97
track:617, 864, 673, 117, 97
track:618, 861, 670, 123, 102
track:619, 861, 670, 123, 102
track:620, 862, 669, 123, 102
init :621, 863, 662, 133, 106
track:622, 863, 662, 133, 106
track:623, 862, 661, 133, 106
track:624, 862, 661, 133, 106
track:625, 862, 662, 133, 106
track:626, 863, 663, 133, 106
track:627, 860, 661, 140, 111
track:628, 864, 665, 133, 106
track:629, 863, 664, 133, 106
track:630, 863, 661, 133, 106
track:631, 863, 660, 133, 106
track:632, 863, 660, 133, 106
track:633, 862, 660, 140, 111
track:634, 862, 663, 140, 111
track:635, 862, 665, 140, 111
track:636, 864, 666, 140, 111
track:637, 861, 665, 147, 117
track:638, 864, 665, 147, 117
track:639, 864, 665, 147, 117
track:640, 864, 665, 147, 117
track:641, 864, 663, 147, 117
track:642, 864, 662, 147, 117
track:643, 864, 661, 147, 117
track:644, 864, 661, 147, 117
track:645, 864, 651, 147, 117
track:646, 864, 649, 147, 117
track:647, 865, 649, 147, 117
track:648, 864, 648, 147, 117
track:649, 864, 649, 147, 117
track:650, 866, 650, 147, 117
track:651, 872, 652, 140, 111
track:652, 872, 652, 140, 111
track:653, 872, 652, 140, 111
track:654, 873, 653, 140, 111
track:655, 873, 656, 140, 111
track:656, 875, 659, 140, 111
track:657, 876, 660, 140, 111
track:658, 878, 662, 140, 111
track:659, 878, 661, 140, 111
track:660, 878, 660, 140, 111
track:661, 879, 661, 140, 111
track:662, 879, 660, 140, 111
track:663, 880, 660, 140, 111
track:664, 881, 658, 140, 111
track:665, 882, 656, 140, 111
track:666, 882, 655, 140, 111
track:667, 882, 655, 140, 111
track:668, 882, 652, 140, 111
track:669, 882, 651, 140, 111
track:670, 883, 651, 140, 111
track:671, 880, 652, 140, 111
track:672, 879, 652, 140, 111
track:673, 877, 651, 140, 111
track:674, 877, 650, 140, 111
track:675, 878, 650, 140, 111
track:676, 876, 649, 140, 111
track:677, 876, 650, 140, 111
track:678, 874, 652, 140, 111
track:679, 873, 662, 140, 111
track:680, 871, 666, 147, 117
track:681, 872, 668, 147, 117
track:682, 872, 669, 147, 117
init :683, 867, 669, 143, 114
track:684, 866, 669, 143, 114
track:685, 866, 672, 143, 114
track:686, 867, 675, 143, 114
track:687, 867, 675, 143, 114
track:688, 867, 675, 143, 114
track:689, 864, 674, 143, 114
track:690, 864, 672, 143, 114
track:691, 863, 670, 143, 114
track:692, 864, 670, 143, 114
track:693, 863, 669, 143, 114
track:694, 863, 668, 143, 114
track:695, 864, 667, 143, 114
track:696, 863, 666, 143, 114
track:697, 862, 666, 143, 114
track:698, 860, 664, 143, 114
track:699, 858, 664, 143, 114
track:700, 857, 665, 143, 114
track:701, 858, 667, 143, 114
track:702, 857, 667, 143, 114
track:703, 857, 671, 143, 114
track:704, 856, 676, 143, 114
track:705, 856, 681, 143, 114
track:706, 854, 682, 143, 114
track:707, 853, 683, 143, 114
track:708, 852, 684, 143, 114
track:709, 854, 684, 143, 114
track:710, 853, 683, 143, 114
track:711, 853, 682, 143, 114
track:712, 853, 679, 143, 114
track:713, 852, 678, 143, 114
track:714, 852, 678, 143, 114
track:715, 851, 679, 143, 114
track:716, 851, 680, 143, 114
track:717, 852, 681, 143, 114
track:718, 853, 681, 143, 114
track:719, 853, 682, 143, 114
track:720, 853, 682, 143, 114
track:721, 853, 682, 143, 114
track:722, 853, 683, 143, 114
track:723, 854, 682, 143, 114
track:724, 854, 678, 143, 114
track:725, 852, 673, 150, 120
track:726, 852, 672, 150, 120
track:727, 852, 670, 150, 120
track:728, 852, 668, 150, 120
track:729, 851, 663, 150, 120
track:730, 849, 657, 158, 126
track:731, 850, 657, 158, 126
track:732, 851, 657, 158, 126
track:733, 850, 655, 158, 126
track:734, 850, 651, 158, 126
track:735, 852, 647, 158, 126
track:736, 852, 646, 158, 126
track:737, 852, 644, 158, 126
track:738, 850, 643, 158, 126
track:739, 850, 642, 158, 126
track:740, 853, 644, 158, 126
track:741, 853, 645, 158, 126
track:742, 852, 646, 158, 126
track:743, 851, 647, 158, 126
track:744, 850, 646, 158, 126
init :745, 853, 636, 156, 129
track:746, 853, 636, 156, 129
track:747, 854, 635, 156, 129
track:748, 854, 625, 156, 129
track:749, 853, 622, 156, 129
track:750, 852, 621, 156, 129
track:751, 851, 622, 156, 129
track:752, 850, 624, 156, 129
track:753, 855, 627, 149, 123
track:754, 857, 627, 149, 123
track:755, 860, 626, 149, 123
track:756, 861, 626, 149, 123
track:757, 862, 626, 149, 123
track:758, 861, 623, 149, 123
track:759, 860, 625, 149, 123
track:760, 860, 629, 149, 123
track:761, 860, 631, 149, 123
track:762, 862, 631, 149, 123
track:763, 864, 631, 149, 123
track:764, 866, 631, 149, 123
track:765, 864, 631, 149, 123
track:766, 867, 634, 141, 117
track:767, 866, 634, 141, 117
track:768, 866, 636, 141, 117
track:769, 867, 637, 141, 117
track:770, 870, 647, 141, 117
track:771, 871, 647, 141, 117
track:772, 871, 647, 141, 117
track:773, 872, 645, 141, 117
track:774, 873, 646, 141, 117
track:775, 874, 646, 141, 117
track:776, 874, 645, 141, 117
track:777, 879, 647, 135, 111
track:778, 879, 646, 135, 111
track:779, 881, 646, 135, 111
track:780, 881, 646, 135, 111
track:781, 881, 646, 135, 111
track:782, 884, 648, 128, 106
track:783, 884, 648, 128, 106
track:784, 883, 647, 128, 106
track:785, 882, 648, 128, 106
track:786, 882, 648, 128, 106
track:787, 882, 649, 128, 106
track:788, 884, 652, 122, 101
track:789, 883, 652, 122, 101
track:790, 882, 652, 122, 101
track:791, 883, 652, 122, 101
track:792, 883, 651, 122, 101
track:793, 883, 651, 122, 101
track:794, 879, 650, 128, 106
track:795, 879, 654, 128, 106
track:796, 879, 656, 128, 106
track:797, 880, 655, 128, 106
track:798, 880, 654, 128, 106
track:799, 880, 654, 128, 106
track:800, 879, 656, 128, 106
track:801, 880, 656, 128, 106
track:802, 879, 657, 128, 106
track:803, 879, 658, 128, 106
track:804, 879, 658, 128, 106
track:805, 879, 658, 128, 106
track:806, 879, 658, 128, 106
init :807, 872, 659, 138, 109
track:808, 871, 660, 138, 109
track:809, 872, 661, 138, 109
track:810, 873, 664, 138, 109
track:811, 873, 665, 138, 109
track:812, 872, 666, 138, 109
track:813, 870, 665, 138, 109
track:814, 869, 666, 138, 109
track:815, 868, 665, 138, 109
track:816, 867, 666, 138, 109
track:817, 867, 668, 138, 109
track:818, 867, 674, 138, 109
track:819, 867, 676, 138, 109
track:820, 866, 687, 138, 109
track:821, 864, 688, 138, 109
track:822, 860, 686, 145, 114
track:823, 860, 685, 145, 114
track:824, 860, 684, 145, 114
track:825, 855, 682, 152, 120
track:826, 855, 682, 152, 120
track:827, 854, 686, 152, 120
track:828, 858, 694, 145, 114
track:829, 855, 693, 152, 120
track:830, 857, 695, 152, 120
track:831, 857, 696, 152, 120
track:832, 858, 696, 152, 120
track:833, 856, 692, 160, 126
track:834, 853, 683, 168, 132
track:835, 853, 673, 168, 132
track:836, 854, 673, 168, 132
track:837, 853, 667, 168, 132
track:838, 852, 667, 168, 132
track:839, 850, 663, 168, 132
track:840, 848, 657, 168, 132
track:841, 848, 656, 168, 132
track:842, 842, 653, 176, 139
track:843, 840, 648, 176, 139
track:844, 837, 645, 176, 139
track:845, 831, 632, 176, 139
track:846, 830, 631, 176, 139
track:847, 826, 620, 185, 146
track:848, 827, 614, 185, 146
track:849, 820, 610, 194, 153
track:850, 816, 605, 204, 161
track:851, 815, 606, 204, 161
track:852, 819, 602, 204, 161
track:853, 824, 597, 204, 161
track:854, 825, 598, 204, 161
track:855, 830, 606, 194, 153
track:856, 830, 606, 194, 153
track:857, 830, 607, 194, 153
track:858, 831, 604, 194, 153
track:859, 832, 601, 194, 153
track:860, 831, 598, 194, 153
track:861, 832, 598, 194, 153
track:862, 831, 599, 194, 153
track:863, 832, 604, 194, 153
track:864, 833, 610, 194, 153
track:865, 838, 620, 185, 146
track:866, 839, 620, 185, 146
track:867, 838, 625, 185, 146
track:868, 838, 627, 185, 146
init :869, 844, 633, 170, 129
track:870, 845, 637, 170, 129
track:871, 845, 637, 170, 129
track:872, 845, 639, 170, 129
track:873, 846, 640, 170, 129
track:874, 847, 641, 170, 129
track:875, 852, 644, 162, 123
track:876, 852, 645, 162, 123
track:877, 853, 645, 162, 123
track:878, 854, 644, 162, 123
track:879, 861, 646, 154, 117
track:880, 860, 646, 154, 117
track:881, 860, 647, 154, 117
track:882, 861, 646, 154, 117
track:883, 862, 644, 154, 117
track:884, 865, 644, 154, 117
track:885, 869, 646, 147, 111
track:886, 869, 646, 147, 111
track:887, 871, 647, 147, 111
track:888, 875, 650, 140, 106
track:889, 877, 649, 140, 106
track:890, 878, 647, 140, 106
track:891, 882, 650, 133, 101
track:892, 883, 649, 133, 101
track:893, 884, 647, 133, 101
track:894, 884, 647, 133, 101
track:895, 885, 648, 133, 101
track:896, 886, 649, 133, 101
track:897, 886, 648, 133, 101
track:898, 883, 647, 133, 101
track:899, 881, 647, 133, 101
track:900, 880, 649, 133, 101
track:901, 880, 649, 133, 101
track:902, 879, 651, 133, 101
track:903, 877, 651, 133, 101
track:904, 877, 651, 133, 101
track:905, 877, 650, 133, 101
track:906, 878, 651, 133, 101
track:907, 844, 632, 140, 106
track:908, 823, 626, 147, 111
track:909, 824, 625, 147, 111
track:910, 822, 624, 154, 117
track:911, 819, 623, 162, 123
track:912, 820, 626, 162, 123
track:913, 820, 625, 170, 129
track:914, 822, 628, 170, 129
track:915, 819, 629, 178, 135
track:916, 818, 631, 178, 135
track:917, 822, 633, 178, 135
track:918, 818, 626, 187, 142
track:919, 820, 628, 187, 142
track:920, 817, 629, 187, 142
track:921, 818, 631, 187, 142
track:922, 812, 629, 187, 142
track:923, 805, 624, 197, 149
track:924, 799, 621, 207, 157
track:925, 795, 614, 217, 165
track:926, 793, 610, 228, 173
track:927, 789, 603, 239, 182
track:928, 783, 604, 239, 182
track:929, 774, 599, 251, 191
track:930, 771, 597, 251, 191
init :931, 770, 581, 304, 249
track:932, 771, 579, 304, 249
track:933, 772, 576, 304, 249
track:934, 772, 573, 304, 249
track:935, 773, 571, 304, 249
track:936, 775, 570, 304, 249
track:937, 776, 569, 304, 249
track:938, 775, 567, 304, 249
track:939, 776, 565, 304, 249
track:940, 777, 563, 304, 249
track:941, 780, 562, 304, 249
track:942, 778, 561, 304, 249
track:943, 777, 560, 304, 249
track:944, 773, 561, 304, 249
track:945, 776, 559, 304, 249
track:946, 775, 559, 304, 249
track:947, 772, 556, 304, 249
track:948, 767, 562, 304, 249
track:949, 764, 560, 304, 249
track:950, 762, 563, 304, 249
track:951, 758, 563, 304, 249
track:952, 758, 563, 304, 249
track:953, 758, 567, 304, 249
track:954, 750, 568, 304, 249
track:955, 747, 569, 304, 249
track:956, 747, 569, 304, 249
track:957, 746, 570, 304, 249
track:958, 745, 570, 304, 249
track:959, 752, 578, 290, 237
track:960, 753, 579, 290, 237
track:961, 749, 579, 290, 237
track:962, 752, 581, 290, 237
track:963, 747, 581, 290, 237
track:964, 741, 582, 290, 237
track:965, 742, 582, 290, 237
track:966, 739, 582, 290, 237
track:967, 737, 581, 290, 237
track:968, 734, 583, 290, 237
track:969, 727, 585, 290, 237
track:970, 725, 585, 290, 237
track:971, 721, 584, 290, 237
track:972, 713, 585, 290, 237
track:973, 707, 585, 290, 237
track:974, 704, 587, 290, 237
track:975, 704, 587, 290, 237
track:976, 698, 581, 304, 249
track:977, 700, 586, 290, 237
track:978, 700, 587, 290, 237
track:979, 700, 587, 290, 237
track:980, 701, 588, 290, 237
track:981, 699, 587, 290, 237
track:982, 699, 589, 290, 237
track:983, 699, 588, 290, 237
track:984, 701, 590, 290, 237
track:985, 700, 589, 290, 237
track:986, 701, 590, 290, 237
track:987, 702, 591, 290, 237
track:988, 705, 589, 290, 237
track:989, 705, 589, 290, 237
track:990, 705, 589, 290, 237
track:991, 707, 589, 290, 237
track:992, 709, 589, 290, 237
init :993, 706, 586, 503, 244
track:994, 707, 587, 503, 244
track:995, 708, 587, 503, 244
track:996, 710, 585, 503, 244
track:997, 709, 583, 503, 244
track:998, 712, 583, 503, 244
track:999, 714, 581, 503, 244
track:1000, 717, 580, 503, 244
track:1001, 721, 579, 503, 244
track:1002, 724, 576, 503, 244
track:1003, 732, 571, 503, 244
track:1004, 746, 577, 479, 232
track:1005, 748, 575, 479, 232
track:1006, 749, 573, 479, 232
track:1007, 738, 565, 503, 244
track:1008, 750, 571, 479, 232
track:1009, 751, 569, 479, 232
track:1010, 750, 569, 479, 232
track:1011, 759, 573, 456, 221
track:1012, 755, 572, 456, 221
track:1013, 750, 572, 456, 221
track:1014, 749, 568, 456, 221
track:1015, 746, 568, 456, 221
track:1016, 741, 570, 456, 221
track:1017, 737, 569, 456, 221
track:1018, 734, 568, 456, 221
track:1019, 730, 564, 456, 221
track:1020, 730, 566, 456, 221
track:1021, 731, 567, 456, 221
track:1022, 728, 566, 456, 221
track:1023, 727, 564, 456, 221
track:1024, 729, 561, 456, 221
track:1025, 719, 563, 456, 221
track:1026, 730, 570, 435, 211
track:1027, 728, 571, 435, 211
track:1028, 721, 573, 435, 211
track:1029, 732, 579, 414, 201
track:1030, 733, 576, 414, 201
track:1031, 737, 584, 394, 191
track:1032, 736, 587, 375, 182
track:1033, 732, 589, 375, 182
track:1034, 726, 590, 375, 182
track:1035, 727, 590, 375, 182
track:1036, 727, 592, 375, 182
track:1037, 717, 590, 394, 191
track:1038, 718, 597, 375, 182
track:1039, 719, 597, 375, 182
track:1040, 720, 598, 375, 182
track:1041, 717, 602, 375, 182
track:1042, 721, 602, 375, 182
track:1043, 711, 604, 375, 182
track:1044, 713, 605, 375, 182
track:1045, 714, 605, 375, 182
track:1046, 717, 606, 375, 182
track:1047, 721, 608, 375, 182
track:1048, 726, 610, 375, 182
track:1049, 728, 608, 375, 182
track:1050, 731, 606, 375, 182
track:1051, 730, 603, 375, 182
track:1052, 744, 605, 357, 173
track:1053, 752, 605, 357, 173
track:1054, 765, 608, 340, 165
init :1055, 784, 610, 443, 140
track:1056, 786, 611, 443, 140
track:1057, 791, 611, 443, 140
track:1058, 795, 612, 443, 140
track:1059, 794, 612, 443, 140
track:1060, 795, 613, 443, 140
track:1061, 793, 614, 443, 140
track:1062, 792, 615, 443, 140
track:1063, 799, 619, 422, 133
track:1064, 803, 620, 422, 133
track:1065, 799, 618, 422, 133
track:1066, 782, 615, 443, 140
track:1067, 773, 615, 443, 140
track:1068, 766, 615, 443, 140
track:1069, 750, 616, 443, 140
track:1070, 748, 615, 443, 140
track:1071, 744, 615, 443, 140
track:1072, 730, 616, 443, 140
track:1073, 713, 617, 443, 140
track:1074, 706, 616, 443, 140
track:1075, 692, 613, 465, 147
track:1076, 684, 611, 465, 147
track:1077, 688, 616, 443, 140
track:1078, 668, 617, 443, 140
track:1079, 660, 617, 443, 140
track:1080, 660, 618, 443, 140
track:1081, 650, 618, 443, 140
track:1082, 657, 621, 422, 133
track:1083, 646, 619, 443, 140
track:1084, 643, 619, 443, 140
track:1085, 643, 619, 443, 140
track:1086, 637, 619, 443, 140
track:1087, 647, 621, 422, 133
track:1088, 646, 620, 422, 133
track:1089, 645, 619, 422, 133
track:1090, 644, 619, 422, 133
track:1091, 632, 618, 443, 140
track:1092, 633, 620, 443, 140
track:1093, 636, 622, 443, 140
track:1094, 635, 623, 443, 140
track:1095, 635, 622, 443, 140
track:1096, 639, 621, 443, 140
track:1097, 651, 624, 422, 133
track:1098, 653, 624, 422, 133
track:1099, 654, 623, 422, 133
track:1100, 657, 622, 422, 133
track:1101, 658, 623, 422, 133
track:1102, 658, 624, 422, 133
track:1103, 652, 626, 422, 133
track:1104, 655, 626, 422, 133
track:1105, 655, 625, 422, 133
track:1106, 644, 623, 443, 140
track:1107, 656, 627, 422, 133
track:1108, 650, 626, 422, 133
track:1109, 657, 630, 402, 127
track:1110, 647, 626, 422, 133
track:1111, 642, 627, 422, 133
track:1112, 645, 632, 402, 127
track:1113, 627, 629, 422, 133
track:1114, 624, 630, 422, 133
track:1115, 628, 629, 422, 133
track:1116, 615, 626, 443, 140
init :1117, 701, 633, 415, 168
track:1118, 699, 633, 415, 168
track:1119, 695, 632, 415, 168
track:1120, 694, 632, 415, 168
track:1121, 692, 632, 415, 168
track:1122, 698, 637, 395, 160
track:1123, 696, 637, 395, 160
track:1124, 696, 636, 395, 160
track:1125, 696, 636, 395, 160
track:1126, 694, 637, 395, 160
track:1127, 690, 638, 395, 160
track:1128, 703, 639, 395, 160
track:1129, 715, 642, 376, 152
track:1130, 719, 643, 376, 152
track:1131, 718, 645, 376, 152
track:1132, 716, 650, 376, 152
track:1133, 729, 646, 376, 152
track:1134, 724, 644, 376, 152
track:1135, 729, 646, 358, 145
track:1136, 727, 649, 358, 145
track:1137, 726, 647, 358, 145
track:1138, 721, 647, 358, 145
track:1139, 694, 639, 376, 152
track:1140, 700, 636, 376, 152
track:1141, 697, 637, 376, 152
track:1142, 685, 649, 358, 145
track:1143, 652, 647, 376, 152
track:1144, 648, 648, 376, 152
track:1145, 654, 655, 358, 145
track:1146, 652, 660, 358, 145
track:1147, 649, 665, 358, 145
track:1148, 652, 667, 358, 145
track:1149, 637, 671, 358, 145
track:1150, 648, 669, 358, 145
track:1151, 629, 665, 376, 152
track:1152, 632, 662, 376, 152
track:1153, 627, 664, 376, 152
track:1154, 617, 664, 376, 152
track:1155, 616, 663, 376, 152
track:1156, 623, 669, 358, 145
track:1157, 627, 667, 358, 145
track:1158, 637, 673, 341, 138
track:1159, 642, 674, 341, 138
track:1160, 652, 676, 325, 132
track:1161, 641, 674, 341, 138
track:1162, 642, 675, 341, 138
track:1163, 642, 673, 341, 138
track:1164, 640, 672, 341, 138
track:1165, 629, 668, 358, 145
track:1166, 626, 667, 358, 145
track:1167, 630, 670, 341, 138
track:1168, 635, 674, 325, 132
track:1169, 639, 675, 325, 132
track:1170, 637, 674, 325, 132
track:1171, 634, 674, 325, 132
track:1172, 630, 677, 325, 132
track:1173, 630, 679, 310, 125
track:1174, 628, 678, 310, 125
track:1175, 629, 679, 310, 125
track:1176, 633, 680, 310, 125
track:1177, 632, 675, 310, 125
track:1178, 634, 671, 310, 125
init :1179, 766, 641, 373, 147
track:1180, 766, 641, 373, 147
track:1181, 769, 641, 373, 147
track:1182, 763, 637, 392, 154
track:1183, 762, 636, 392, 154
track:1184, 764, 634, 392, 154
track:1185, 774, 636, 373, 147
track:1186, 773, 635, 373, 147
track:1187, 776, 634, 373, 147
track:1188, 780, 633, 373, 147
track:1189, 773, 627, 392, 154
track:1190, 762, 623, 411, 162
track:1191, 767, 623, 411, 162
track:1192, 764, 621, 411, 162
track:1193, 768, 623, 392, 154
track:1194, 774, 622, 392, 154
track:1195, 781, 625, 373, 147
track:1196, 775, 622, 373, 147
track:1197, 785, 625, 355, 140
track:1198, 780, 628, 338, 133
track:1199, 777, 627, 338, 133
track:1200, 781, 626, 338, 133
track:1201, 789, 626, 338, 133
track:1202, 786, 626, 338, 133
track:1203, 800, 625, 338, 133
track:1204, 794, 625, 338, 133
track:1205, 800, 624, 338, 133
track:1206, 801, 625, 338, 133
track:1207, 819, 627, 322, 127
track:1208, 817, 626, 322, 127
track:1209, 817, 625, 322, 127
track:1210, 825, 626, 322, 127
track:1211, 827, 629, 322, 127
track:1212, 834, 630, 322, 127
track:1213, 844, 634, 307, 121
track:1214, 831, 631, 322, 127
track:1215, 834, 634, 322, 127
track:1216, 834, 634, 322, 127
track:1217, 835, 635, 322, 127
track:1218, 834, 635, 322, 127
track:1219, 834, 636, 322, 127
track:1220, 838, 637, 322, 127
track:1221, 839, 639, 307, 121
track:1222, 847, 643, 292, 115
track:1223, 850, 643, 292, 115
track:1224, 848, 647, 278, 110
track:1225, 850, 647, 278, 110
track:1226, 865, 650, 265, 104
track:1227, 866, 653, 252, 99
track:1228, 851, 656, 252, 99
track:1229, 865, 657, 240, 95
track:1230, 868, 656, 240, 95
track:1231, 878, 659, 229, 90
track:1232, 879, 662, 218, 86
track:1233, 890, 665, 208, 82
track:1234, 887, 665, 208, 82
track:1235, 888, 667, 198, 78
track:1236, 892, 669, 188, 74
track:1237, 891, 670, 179, 71
track:1238, 890, 669, 179, 71
track:1239, 888, 668, 179, 71
track:1240, 897, 669, 171, 67
init :1241, 927, 667, 212, 96
track:1242, 925, 667, 212, 96
track:1243, 925, 669, 212, 96
track:1244, 925, 669, 212, 96
track:1245, 928, 673, 202, 91
track:1246, 927, 673, 202, 91
track:1247, 926, 676, 192, 87
track:1248, 917, 673, 202, 91
track:1249, 917, 673, 202, 91
track:1250, 916, 672, 202, 91
track:1251, 907, 673, 202, 91
track:1252, 892, 669, 202, 91
track:1253, 891, 672, 192, 87
track:1254, 893, 672, 192, 87
track:1255, 894, 674, 183, 83
track:1256, 892, 673, 183, 83
track:1257, 885, 669, 174, 79
track:1258, 882, 668, 174, 79
track:1259, 880, 667, 174, 79
track:1260, 885, 664, 174, 79
track:1261, 873, 662, 174, 79
track:1262, 863, 660, 174, 79
track:1263, 868, 664, 166, 75
track:1264, 859, 662, 174, 79
track:1265, 861, 662, 174, 79
track:1266, 861, 658, 183, 83
track:1267, 857, 656, 192, 87
track:1268, 855, 656, 192, 87
track:1269, 857, 658, 183, 83
track:1270, 857, 658, 183, 83
track:1271, 857, 657, 183, 83
track:1272, 863, 658, 174, 79
track:1273, 860, 655, 174, 79
track:1274, 857, 658, 174, 79
track:1275, 857, 658, 166, 75
track:1276, 856, 660, 166, 75
track:1277, 853, 661, 158, 72
track:1278, 850, 664, 151, 68
track:1279, 849, 665, 151, 68
track:1280, 844, 664, 151, 68
track:1281, 835, 665, 151, 68
track:1282, 833, 665, 143, 65
track:1283, 831, 666, 143, 65
track:1284, 829, 665, 143, 65
track:1285, 821, 668, 143, 65
track:1286, 816, 667, 143, 65
track:1287, 814, 667, 143, 65
track:1288, 816, 668, 137, 62
track:1289, 816, 668, 137, 62
track:1290, 816, 667, 137, 62
track:1291, 817, 669, 130, 59
track:1292, 815, 668, 130, 59
track:1293, 812, 669, 130, 59
track:1294, 812, 669, 130, 59
track:1295, 810, 669, 130, 59
track:1296, 810, 668, 130, 59
track:1297, 811, 668, 130, 59
track:1298, 810, 667, 130, 59
track:1299, 810, 667, 130, 59
track:1300, 810, 668, 130, 59
track:1301, 811, 669, 124, 56
track:1302, 811, 670, 124, 56
init :1303, 863, 662, 152, 64
track:1304, 863, 662, 152, 64
track:1305, 863, 662, 152, 64
track:1306, 865, 663, 152, 64
track:1307, 866, 663, 152, 64
track:1308, 866, 664, 152, 64
track:1309, 870, 666, 145, 61
track:1310, 871, 666, 145, 61
track:1311, 871, 666, 145, 61
track:1312, 872, 667, 145, 61
track:1313, 870, 667, 145, 61
track:1314, 871, 667, 145, 61
track:1315, 870, 668, 145, 61
track:1316, 864, 667, 152, 64
track:1317, 863, 667, 152, 64
track:1318, 861, 668, 152, 64
track:1319, 860, 668, 152, 64
track:1320, 860, 668, 152, 64
track:1321, 859, 668, 152, 64
track:1322, 860, 669, 152, 64
track:1323, 860, 670, 152, 64
track:1324, 861, 671, 152, 64
track:1325, 862, 671, 152, 64
track:1326, 864, 672, 152, 64
track:1327, 866, 674, 152, 64
track:1328, 868, 674, 152, 64
track:1329, 868, 674, 152, 64
track:1330, 868, 674, 152, 64
track:1331, 867, 674, 152, 64
track:1332, 863, 674, 152, 64
track:1333, 863, 676, 145, 61
track:1334, 862, 675, 145, 61
track:1335, 858, 676, 145, 61
track:1336, 852, 676, 145, 61
track:1337, 845, 675, 152, 64
track:1338, 843, 675, 152, 64
track:1339, 846, 677, 145, 61
track:1340, 845, 676, 145, 61
track:1341, 845, 677, 145, 61
track:1342, 844, 677, 145, 61
track:1343, 844, 677, 145, 61
track:1344, 844, 677, 145, 61
track:1345, 844, 677, 145, 61
track:1346, 844, 677, 145, 61
track:1347, 844, 677, 145, 61
track:1348, 844, 678, 145, 61
track:1349, 843, 679, 145, 61
track:1350, 842, 679, 145, 61
track:1351, 842, 679, 145, 61
track:1352, 839, 680, 145, 61
track:1353, 838, 679, 145, 61
track:1354, 839, 680, 145, 61
track:1355, 839, 680, 145, 61
track:1356, 843, 682, 138, 58
track:1357, 842, 682, 138, 58
track:1358, 842, 683, 138, 58
track:1359, 842, 682, 138, 58
track:1360, 841, 683, 138, 58
track:1361, 843, 683, 138, 58
track:1362, 842, 684, 138, 58
track:1363, 843, 685, 138, 58
track:1364, 844, 686, 138, 58
init :1365, 849, 687, 180, 51
track:1366, 850, 687, 180, 51
track:1367, 849, 688, 180, 51
track:1368, 849, 688, 180, 51
track:1369, 850, 688, 180, 51
track:1370, 843, 688, 189, 54
track:1371, 840, 689, 189, 54
track:1372, 834, 688, 198, 56
track:1373, 833, 689, 198, 56
track:1374, 835, 691, 189, 54
track:1375, 839, 692, 180, 51
track:1376, 838, 691, 180, 51
track:1377, 831, 691, 189, 54
track:1378, 825, 691, 189, 54
track:1379, 825, 692, 189, 54
track:1380, 822, 692, 189, 54
track:1381, 822, 693, 189, 54
track:1382, 818, 695, 189, 54
track:1383, 815, 696, 189, 54
track:1384, 812, 697, 189, 54
track:1385, 805, 696, 198, 56
track:1386, 806, 697, 198, 56
track:1387, 814, 698, 189, 54
track:1388, 810, 699, 198, 56
track:1389, 811, 700, 198, 56
track:1390, 813, 700, 198, 56
track:1391, 818, 701, 198, 56
track:1392, 825, 702, 198, 56
track:1393, 823, 702, 208, 59
track:1394, 822, 703, 208, 59
track:1395, 824, 703, 208, 59
track:1396, 831, 704, 198, 56
track:1397, 833, 705, 198, 56
track:1398, 833, 707, 198, 56
track:1399, 833, 708, 198, 56
track:1400, 828, 708, 198, 56
track:1401, 824, 708, 198, 56
track:1402, 813, 708, 208, 59
track:1403, 809, 709, 208, 59
track:1404, 808, 709, 208, 59
track:1405, 803, 710, 208, 59
track:1406, 802, 710, 208, 59
track:1407, 796, 711, 208, 59
track:1408, 794, 711, 208, 59
track:1409, 792, 711, 208, 59
track:1410, 793, 711, 208, 59
track:1411, 793, 712, 208, 59
track:1412, 796, 714, 198, 56
track:1413, 797, 714, 198, 56
track:1414, 797, 714, 198, 56
track:1415, 802, 715, 189, 54
track:1416, 797, 715, 198, 56
track:1417, 795, 715, 198, 56
track:1418, 796, 716, 198, 56
track:1419, 795, 716, 198, 56
track:1420, 787, 715, 208, 59
track:1421, 787, 716, 208, 59
track:1422, 787, 717, 208, 59
track:1423, 790, 719, 198, 56
track:1424, 789, 718, 198, 56
track:1425, 790, 718, 198, 56
track:1426, 789, 717, 198, 56
init :1427, 793, 719, 244, 90
track:1428, 792, 719, 244, 90
track:1429, 791, 719, 244, 90
track:1430, 797, 721, 232, 86
track:1431, 794, 722, 232, 86
track:1432, 794, 724, 232, 86
track:1433, 793, 724, 232, 86
track:1434, 792, 724, 232, 86
track:1435, 790, 725, 232, 86
track:1436, 782, 724, 244, 90
track:1437, 782, 725, 244, 90
track:1438, 782, 726, 244, 90
track:1439, 782, 727, 244, 90
track:1440, 781, 729, 244, 90
track:1441, 770, 728, 256, 94
track:1442, 767, 728, 256, 94
track:1443, 765, 728, 256, 94
track:1444, 754, 726, 269, 99
track:1445, 753, 725, 269, 99
track:1446, 746, 726, 269, 99
track:1447, 750, 727, 256, 94
track:1448, 750, 727, 256, 94
track:1449, 749, 727, 256, 94
track:1450, 751, 726, 256, 94
track:1451, 749, 726, 256, 94
track:1452, 754, 725, 256, 94
track:1453, 766, 723, 256, 94
track:1454, 765, 723, 256, 94
track:1455, 765, 720, 269, 99
track:1456, 777, 724, 256, 94
track:1457, 787, 723, 256, 94
track:1458, 794, 719, 256, 94
track:1459, 789, 718, 269, 99
track:1460, 801, 720, 269, 99
track:1461, 809, 720, 256, 94
track:1462, 811, 717, 269, 99
track:1463, 810, 714, 269, 99
track:1464, 815, 707, 269, 99
track:1465, 835, 701, 269, 99
track:1466, 835, 698, 269, 99
track:1467, 840, 708, 269, 99
track:1468, 830, 699, 282, 104
track:1469, 833, 712, 269, 99
track:1470, 829, 717, 269, 99
track:1471, 838, 718, 256, 94
track:1472, 829, 708, 269, 99
track:1473, 829, 708, 269, 99
track:1474, 831, 705, 256, 94
track:1475, 826, 697, 269, 99
track:1476, 824, 700, 269, 99
track:1477, 830, 704, 256, 94
track:1478, 828, 705, 256, 94
track:1479, 829, 706, 256, 94
track:1480, 826, 706, 256, 94
track:1481, 827, 708, 256, 94
track:1482, 827, 707, 256, 94
track:1483, 828, 708, 256, 94
track:1484, 838, 711, 256, 94
track:1485, 837, 712, 269, 99
track:1486, 848, 705, 282, 104
track:1487, 846, 705, 282, 104
track:1488, 844, 705, 282, 104
init :1489, 867, 651, 244, 168
track:1490, 867, 650, 244, 168
track:1491, 871, 648, 244, 168
track:1492, 871, 646, 244, 168
track:1493, 872, 646, 244, 168
track:1494, 873, 643, 244, 168
track:1495, 869, 639, 244, 168
track:1496, 866, 636, 244, 168
track:1497, 863, 630, 244, 168
track:1498, 865, 634, 232, 160
track:1499, 864, 633, 232, 160
track:1500, 853, 627, 232, 160
track:1501, 845, 622, 244, 168
track:1502, 837, 614, 256, 176
track:1503, 843, 618, 244, 168
track:1504, 843, 615, 244, 168
track:1505, 834, 609, 256, 176
track:1506, 841, 605, 256, 176
track:1507, 838, 605, 256, 176
track:1508, 843, 602, 256, 176
track:1509, 834, 597, 269, 185
track:1510, 840, 596, 269, 185
track:1511, 838, 590, 269, 185
track:1512, 839, 596, 256, 176
track:1513, 841, 591, 256, 176
track:1514, 813, 586, 269, 185
track:1515, 799, 592, 256, 176
track:1516, 783, 596, 256, 176
track:1517, 766, 599, 244, 168
track:1518, 768, 601, 232, 160
track:1519, 749, 602, 232, 160
track:1520, 741, 603, 232, 160
track:1521, 719, 601, 232, 160
track:1522, 701, 605, 232, 160
track:1523, 690, 604, 244, 168
track:1524, 682, 605, 232, 160
track:1525, 685, 602, 244, 168
track:1526, 689, 607, 244, 168
track:1527, 703, 601, 244, 168
track:1528, 700, 603, 244, 168
track:1529, 726, 600, 244, 168
track:1530, 746, 604, 244, 168
track:1531, 772, 600, 244, 168
track:1532, 796, 599, 244, 168
track:1533, 797, 601, 244, 168
track:1534, 815, 595, 256, 176
track:1535, 841, 600, 256, 176
track:1536, 866, 605, 244, 168
track:1537, 890, 606, 232, 160
track:1538, 889, 608, 232, 160
track:1539, 901, 606, 232, 160
track:1540, 920, 612, 221, 152
track:1541, 925, 617, 211, 145
track:1542, 927, 619, 211, 145
track:1543, 925, 618, 211, 145
track:1544, 918, 617, 221, 152
track:1545, 915, 614, 221, 152
track:1546, 919, 620, 211, 145
track:1547, 911, 628, 201, 138
track:1548, 905, 624, 211, 145
track:1549, 900, 626, 211, 145
track:1550, 891, 627, 211, 145
init :1551, 876, 662, 221, 70
track:1552, 872, 663, 221, 70
track:1553, 871, 663, 221, 70
track:1554, 869, 664, 221, 70
track:1555, 872, 667, 210, 67
track:1556, 871, 667, 210, 67
track:1557, 877, 670, 200, 63
track:1558, 878, 670, 200, 63
track:1559, 880, 669, 200, 63
track:1560, 883, 671, 200, 63
track:1561, 881, 669, 210, 67
track:1562, 889, 671, 200, 63
track:1563, 890, 671, 200, 63
track:1564, 892, 673, 200, 63
track:1565, 893, 673, 200, 63
track:1566, 897, 675, 191, 60
track:1567, 895, 675, 191, 60
track:1568, 895, 674, 191, 60
track:1569, 897, 675, 191, 60
track:1570, 896, 675, 191, 60
track:1571, 895, 674, 191, 60
track:1572, 896, 675, 182, 58
track:1573, 898, 677, 173, 55
track:1574, 896, 677, 173, 55
track:1575, 893, 678, 165, 52
track:1576, 896, 679, 157, 50
track:1577, 896, 681, 150, 47
track:1578, 895, 681, 150, 47
track:1579, 891, 680, 157, 50
track:1580, 892, 682, 150, 47
track:1581, 893, 682, 150, 47
track:1582, 887, 683, 150, 47
track:1583, 888, 684, 142, 45
track:1584, 887, 684, 142, 45
track:1585, 889, 685, 142, 45
track:1586, 887, 684, 142, 45
track:1587, 886, 684, 142, 45
track:1588, 883, 685, 150, 47
track:1589, 887, 686, 142, 45
track:1590, 893, 687, 136, 43
track:1591, 892, 686, 142, 45
track:1592, 889, 686, 150, 47
track:1593, 889, 686, 150, 47
track:1594, 890, 687, 150, 47
track:1595, 889, 687, 150, 47
track:1596, 915, 686, 150, 47
track:1599, 918, 686, 142, 45
track:1600, 914, 684, 150, 47
track:1601, 910, 681, 157, 50
track:1602, 909, 680, 157, 50
track:1603, 912, 679, 150, 47
track:1604, 911, 678, 150, 47
track:1605, 909, 679, 142, 45
track:1606, 904, 678, 150, 47
track:1607, 901, 676, 150, 47
track:1608, 900, 678, 150, 47
elapseTime: 16.039
