init :7, 821, 630, 235, 197
track:8, 821, 630, 235, 197
track:9, 822, 630, 235, 197
track:10, 821, 631, 235, 197
track:11, 823, 630, 235, 197
track:12, 823, 630, 235, 197
track:13, 824, 630, 235, 197
track:14, 824, 630, 235, 197
track:15, 824, 630, 235, 197
track:16, 825, 630, 235, 197
track:17, 826, 630, 235, 197
track:18, 825, 630, 235, 197
track:19, 825, 629, 235, 197
track:20, 821, 626, 247, 207
init :21, 826, 633, 235, 194
track:22, 826, 633, 235, 194
track:23, 827, 632, 235, 194
track:24, 827, 632, 235, 194
track:25, 826, 632, 235, 194
track:26, 829, 632, 235, 194
track:27, 827, 632, 235, 194
track:28, 829, 632, 235, 194
track:29, 828, 632, 235, 194
track:30, 828, 632, 235, 194
track:31, 828, 632, 235, 194
track:32, 829, 631, 235, 194
track:33, 829, 632, 235, 194
track:34, 830, 632, 235, 194
track:35, 828, 633, 235, 194
track:36, 829, 632, 235, 194
track:37, 829, 632, 235, 194
track:38, 829, 632, 235, 194
track:39, 828, 632, 235, 194
track:40, 830, 632, 235, 194
init :41, 826, 633, 240, 197
track:42, 826, 633, 240, 197
track:43, 828, 634, 240, 197
track:44, 827, 634, 240, 197
track:45, 827, 634, 240, 197
track:46, 828, 633, 240, 197
track:48, 828, 633, 240, 197
track:49, 828, 633, 240, 197
track:50, 828, 634, 240, 197
track:51, 830, 632, 240, 197
track:52, 828, 632, 240, 197
track:53, 827, 632, 240, 197
track:54, 827, 632, 240, 197
track:55, 827, 632, 240, 197
track:56, 827, 631, 240, 197
track:57, 827, 632, 240, 197
track:58, 827, 632, 240, 197
track:59, 827, 632, 240, 197
track:60, 827, 632, 240, 197
init :61, 826, 630, 235, 199
track:62, 826, 630, 235, 199
track:63, 825, 630, 235, 199
track:64, 825, 630, 235, 199
track:65, 825, 629, 235, 199
track:66, 825, 629, 235, 199
track:67, 825, 629, 235, 199
track:68, 824, 629, 235, 199
track:69, 824, 629, 235, 199
track:70, 825, 629, 235, 199
track:71, 824, 629, 235, 199
track:72, 824, 629, 235, 199
track:73, 824, 629, 235, 199
track:74, 823, 628, 235, 199
track:75, 823, 629, 235, 199
track:76, 824, 629, 235, 199
track:77, 824, 629, 235, 199
track:78, 824, 629, 235, 199
track:79, 824, 629, 235, 199
track:80, 824, 629, 235, 199
init :81, 826, 630, 235, 197
track:82, 826, 630, 235, 197
track:83, 826, 631, 235, 197
track:84, 826, 630, 235, 197
track:85, 826, 631, 235, 197
track:86, 826, 631, 235, 197
track:87, 826, 631, 235, 197
track:88, 827, 632, 235, 197
track:89, 826, 631, 235, 197
track:90, 826, 631, 235, 197
track:91, 826, 632, 235, 197
track:92, 826, 631, 235, 197
track:93, 826, 631, 235, 197
track:94, 826, 631, 235, 197
track:95, 827, 631, 235, 197
track:96, 827, 631, 235, 197
track:97, 829, 631, 235, 197
track:98, 822, 625, 247, 207
track:99, 829, 629, 235, 197
track:100, 829, 629, 235, 197
init :101, 830, 628, 235, 197
track:102, 831, 628, 235, 197
track:103, 833, 628, 235, 197
track:104, 834, 627, 235, 197
track:105, 834, 626, 235, 197
track:106, 835, 626, 235, 197
track:107, 835, 625, 235, 197
track:108, 836, 623, 235, 197
track:109, 835, 621, 235, 197
track:110, 835, 620, 235, 197
track:111, 836, 620, 235, 197
track:112, 836, 617, 235, 197
track:113, 842, 620, 224, 188
track:114, 844, 620, 224, 188
track:115, 844, 618, 224, 188
track:116, 844, 616, 224, 188
track:117, 845, 614, 224, 188
track:120, 846, 612, 224, 188
init :121, 853, 615, 198, 160
track:122, 854, 615, 198, 160
track:123, 853, 613, 198, 160
track:124, 853, 614, 198, 160
track:125, 856, 615, 189, 152
track:126, 855, 613, 189, 152
track:127, 852, 611, 189, 152
track:128, 851, 611, 189, 152
track:129, 851, 611, 189, 152
track:130, 856, 616, 180, 145
track:131, 856, 617, 180, 145
track:132, 859, 620, 180, 145
track:133, 856, 619, 189, 152
track:134, 855, 620, 189, 152
track:135, 855, 621, 189, 152
track:136, 856, 621, 189, 152
track:137, 862, 626, 180, 145
track:138, 863, 628, 180, 145
track:139, 864, 628, 180, 145
track:140, 863, 627, 180, 145
init :141, 863, 620, 175, 158
track:142, 866, 624, 167, 150
track:143, 865, 625, 167, 150
track:144, 865, 625, 167, 150
track:145, 862, 629, 167, 150
track:146, 861, 631, 167, 150
track:147, 857, 628, 175, 158
track:148, 853, 626, 184, 166
track:149, 853, 627, 184, 166
track:150, 854, 630, 184, 166
track:151, 858, 638, 175, 158
track:152, 858, 640, 175, 158
track:153, 854, 638, 184, 166
track:154, 854, 639, 184, 166
track:155, 854, 642, 184, 166
track:156, 854, 642, 184, 166
track:157, 856, 644, 184, 166
track:158, 862, 649, 175, 158
track:159, 861, 648, 175, 158
track:160, 860, 648, 175, 158
init :161, 863, 651, 170, 155
track:162, 861, 650, 170, 155
track:163, 859, 650, 170, 155
track:164, 859, 651, 170, 155
track:165, 858, 651, 170, 155
track:166, 859, 651, 170, 155
track:167, 859, 651, 170, 155
track:168, 859, 652, 170, 155
track:169, 860, 652, 170, 155
track:170, 860, 651, 170, 155
track:171, 861, 650, 170, 155
track:172, 861, 649, 170, 155
track:173, 862, 648, 170, 155
track:174, 862, 649, 170, 155
track:175, 860, 649, 170, 155
track:176, 858, 650, 170, 155
track:177, 859, 649, 170, 155
track:178, 860, 649, 170, 155
track:179, 860, 650, 170, 155
track:180, 861, 652, 170, 155
init :181, 867, 656, 161, 150
track:182, 867, 658, 161, 150
track:183, 869, 661, 161, 150
track:184, 869, 661, 161, 150
track:185, 870, 664, 161, 150
track:186, 864, 659, 169, 158
track:187, 860, 654, 169, 158
track:188, 857, 652, 169, 158
track:189, 855, 652, 169, 158
track:190, 858, 654, 161, 150
track:191, 857, 651, 161, 150
track:192, 857, 646, 161, 150
track:193, 856, 646, 161, 150
track:194, 856, 644, 161, 150
track:195, 857, 643, 161, 150
track:196, 858, 642, 161, 150
track:197, 859, 640, 161, 150
track:198, 857, 641, 161, 150
track:199, 855, 642, 161, 150
track:200, 853, 642, 161, 150
init :201, 853, 638, 156, 145
track:202, 853, 636, 156, 145
track:203, 852, 634, 156, 145
track:204, 853, 633, 156, 145
track:205, 854, 632, 156, 145
track:206, 855, 631, 156, 145
track:207, 852, 630, 156, 145
track:208, 852, 629, 156, 145
track:209, 851, 628, 156, 145
track:210, 848, 625, 156, 145
track:211, 850, 623, 149, 138
track:212, 851, 621, 149, 138
track:213, 850, 620, 149, 138
track:214, 850, 619, 149, 138
track:215, 850, 619, 149, 138
track:216, 850, 619, 149, 138
track:217, 853, 622, 141, 132
track:218, 853, 622, 141, 132
track:219, 853, 624, 141, 132
track:220, 853, 627, 141, 132
init :221, 849, 638, 143, 122
track:222, 849, 640, 143, 122
track:223, 850, 640, 143, 122
track:224, 849, 642, 143, 122
track:225, 849, 645, 143, 122
track:226, 849, 645, 143, 122
track:227, 849, 646, 143, 122
track:228, 850, 646, 143, 122
track:229, 852, 650, 136, 116
track:230, 852, 650, 136, 116
track:231, 853, 649, 136, 116
track:232, 852, 646, 136, 116
track:233, 851, 645, 136, 116
track:234, 851, 645, 136, 116
track:235, 853, 647, 130, 111
track:236, 855, 646, 130, 111
track:237, 857, 646, 130, 111
track:238, 857, 647, 130, 111
track:239, 858, 649, 130, 111
track:240, 859, 650, 130, 111
init :241, 863, 651, 120, 101
track:242, 864, 651, 120, 101
track:243, 864, 651, 120, 101
track:244, 864, 652, 120, 101
track:245, 864, 652, 120, 101
track:246, 864, 653, 120, 101
track:247, 864, 654, 120, 101
track:248, 865, 654, 120, 101
track:249, 864, 655, 120, 101
track:250, 864, 655, 120, 101
track:251, 865, 658, 120, 101
track:252, 866, 659, 120, 101
track:253, 866, 659, 120, 101
track:254, 867, 663, 120, 101
track:255, 866, 664, 120, 101
track:256, 867, 666, 120, 101
track:257, 869, 670, 120, 101
track:258, 868, 670, 120, 101
track:259, 869, 671, 120, 101
track:260, 869, 673, 120, 101
init :261, 872, 677, 124, 90
track:262, 872, 678, 124, 90
track:263, 872, 678, 124, 90
track:264, 872, 681, 124, 90
track:265, 873, 682, 124, 90
track:266, 872, 684, 124, 90
track:267, 873, 686, 124, 90
track:268, 873, 686, 124, 90
track:269, 873, 686, 124, 90
track:270, 874, 689, 124, 90
track:271, 874, 693, 124, 90
track:272, 875, 696, 124, 90
track:273, 875, 696, 124, 90
track:274, 875, 698, 124, 90
track:275, 873, 698, 130, 94
track:276, 871, 698, 137, 99
track:277, 873, 701, 137, 99
track:278, 873, 702, 137, 99
track:279, 874, 702, 137, 99
track:280, 873, 698, 144, 104
init :281, 867, 687, 138, 122
track:282, 869, 690, 138, 122
track:283, 869, 690, 138, 122
track:284, 870, 692, 138, 122
track:285, 872, 694, 138, 122
track:286, 874, 694, 138, 122
track:287, 876, 691, 138, 122
track:288, 874, 686, 145, 128
track:289, 870, 681, 152, 135
track:290, 866, 674, 160, 141
track:291, 865, 667, 160, 141
track:292, 863, 657, 168, 148
track:293, 864, 656, 168, 148
track:294, 865, 656, 168, 148
track:295, 867, 653, 168, 148
track:296, 864, 649, 176, 156
track:297, 858, 646, 185, 163
track:298, 855, 643, 194, 172
track:299, 853, 644, 194, 172
track:300, 852, 646, 194, 172
init :301, 835, 638, 244, 205
track:302, 834, 641, 244, 205
track:303, 834, 642, 244, 205
track:304, 833, 647, 244, 205
track:305, 832, 647, 244, 205
track:306, 824, 642, 256, 215
track:307, 818, 635, 269, 226
track:308, 816, 636, 269, 226
track:309, 816, 633, 269, 226
track:310, 815, 628, 269, 226
track:311, 813, 611, 269, 226
track:312, 820, 607, 256, 215
track:313, 813, 602, 269, 226
track:314, 814, 595, 269, 226
track:315, 814, 586, 269, 226
track:316, 814, 579, 269, 226
track:317, 816, 568, 269, 226
track:318, 822, 572, 256, 215
track:319, 825, 573, 256, 215
track:320, 836, 566, 244, 205
init :321, 858, 568, 207, 184
track:322, 858, 568, 207, 184
track:323, 858, 568, 207, 184
track:324, 857, 571, 207, 184
track:325, 857, 571, 207, 184
track:326, 856, 565, 207, 184
track:327, 853, 566, 207, 184
track:328, 853, 565, 207, 184
track:329, 854, 575, 197, 175
track:330, 853, 580, 197, 175
track:331, 851, 584, 197, 175
track:332, 849, 586, 197, 175
track:333, 850, 588, 197, 175
track:334, 849, 589, 197, 175
track:335, 847, 590, 197, 175
track:336, 847, 593, 197, 175
track:337, 848, 594, 197, 175
track:338, 849, 594, 197, 175
track:339, 849, 590, 197, 175
track:340, 854, 593, 188, 167
init :341, 853, 599, 180, 158
track:342, 853, 598, 180, 158
track:343, 854, 598, 180, 158
track:344, 854, 598, 180, 158
track:345, 855, 595, 180, 158
track:346, 859, 600, 171, 150
track:347, 863, 604, 163, 143
track:348, 864, 604, 163, 143
track:349, 864, 607, 163, 143
track:350, 863, 611, 163, 143
track:351, 865, 615, 163, 143
track:352, 865, 619, 163, 143
track:353, 865, 619, 163, 143
track:354, 865, 621, 163, 143
track:355, 864, 621, 163, 143
track:356, 864, 621, 163, 143
track:357, 864, 622, 163, 143
track:358, 863, 622, 163, 143
track:359, 867, 626, 155, 136
track:360, 865, 626, 155, 136
init :361, 872, 636, 138, 98
track:362, 871, 636, 138, 98
track:363, 871, 636, 138, 98
track:364, 871, 637, 138, 98
track:365, 871, 638, 138, 98
track:366, 871, 639, 138, 98
track:367, 871, 640, 138, 98
track:368, 871, 641, 138, 98
track:369, 870, 641, 138, 98
track:370, 869, 647, 138, 98
track:371, 868, 652, 138, 98
track:372, 871, 658, 131, 93
track:373, 870, 659, 131, 93
track:374, 870, 661, 131, 93
track:375, 868, 661, 131, 93
track:376, 866, 662, 131, 93
track:377, 865, 663, 131, 93
track:378, 864, 663, 131, 93
track:379, 864, 664, 131, 93
track:380, 864, 663, 131, 93
init :381, 867, 662, 115, 96
track:382, 865, 662, 115, 96
track:383, 864, 663, 115, 96
track:384, 863, 663, 115, 96
track:385, 863, 662, 115, 96
track:386, 863, 661, 115, 96
track:387, 863, 661, 115, 96
track:388, 862, 662, 115, 96
track:389, 862, 662, 115, 96
track:390, 861, 662, 115, 96
track:391, 862, 663, 115, 96
track:392, 863, 666, 115, 96
track:393, 862, 666, 115, 96
track:394, 863, 667, 115, 96
track:395, 863, 673, 115, 96
track:396, 864, 676, 115, 96
track:397, 866, 681, 115, 96
track:398, 866, 681, 115, 96
track:399, 867, 685, 115, 96
track:400, 868, 689, 115, 96
init :401, 876, 703, 101, 85
track:402, 877, 707, 101, 85
track:403, 877, 707, 101, 85
track:404, 878, 709, 101, 85
track:405, 879, 710, 101, 85
track:406, 879, 709, 101, 85
track:407, 880, 709, 101, 85
track:408, 880, 710, 101, 85
track:409, 879, 706, 106, 89
track:410, 879, 705, 106, 89
track:411, 880, 702, 106, 89
track:412, 881, 700, 106, 89
track:413, 881, 700, 106, 89
track:414, 880, 699, 106, 89
track:415, 880, 700, 106, 89
track:416, 880, 701, 106, 89
track:417, 881, 702, 106, 89
track:418, 881, 702, 106, 89
track:419, 881, 702, 106, 89
track:420, 879, 703, 106, 89
init :421, 876, 700, 110, 83
track:422, 876, 699, 110, 83
track:423, 876, 697, 110, 83
track:424, 876, 695, 110, 83
track:425, 876, 694, 110, 83
track:426, 875, 692, 110, 83
track:427, 874, 690, 110, 83
track:428, 873, 690, 110, 83
track:429, 873, 690, 110, 83
track:430, 873, 690, 110, 83
track:431, 873, 691, 110, 83
track:432, 872, 690, 110, 83
track:433, 872, 690, 110, 83
track:434, 871, 690, 110, 83
track:435, 870, 690, 110, 83
track:436, 869, 691, 110, 83
track:437, 869, 692, 110, 83
track:438, 869, 693, 110, 83
track:439, 870, 694, 110, 83
track:440, 868, 694, 115, 87
init :441, 867, 693, 115, 88
track:442, 868, 694, 115, 88
track:443, 868, 694, 115, 88
track:444, 867, 695, 115, 88
track:445, 867, 696, 115, 88
track:446, 867, 697, 115, 88
track:447, 868, 696, 115, 88
track:448, 868, 696, 115, 88
track:449, 867, 695, 115, 88
track:450, 868, 695, 115, 88
track:451, 869, 696, 115, 88
track:452, 870, 698, 115, 88
track:453, 867, 696, 121, 92
track:454, 868, 697, 121, 92
track:455, 869, 697, 121, 92
track:456, 870, 697, 121, 92
track:457, 869, 698, 121, 92
track:458, 869, 697, 121, 92
track:459, 869, 696, 121, 92
track:460, 869, 694, 121, 92
init :461, 872, 687, 124, 101
track:462, 872, 687, 124, 101
track:463, 872, 687, 124, 101
track:464, 872, 684, 124, 101
track:465, 872, 683, 124, 101
track:466, 872, 683, 124, 101
track:467, 872, 683, 124, 101
track:468, 871, 683, 124, 101
track:469, 871, 684, 124, 101
track:470, 873, 684, 124, 101
track:471, 875, 686, 124, 101
track:472, 875, 686, 124, 101
track:473, 873, 685, 130, 106
track:474, 873, 688, 130, 106
track:475, 875, 688, 130, 106
track:476, 877, 687, 130, 106
track:477, 877, 687, 130, 106
track:478, 879, 686, 130, 106
track:479, 878, 681, 137, 111
track:480, 876, 669, 144, 117
init :481, 872, 669, 147, 124
track:482, 872, 669, 147, 124
track:483, 875, 663, 147, 124
track:484, 876, 662, 147, 124
track:485, 874, 658, 154, 130
track:486, 875, 663, 154, 130
track:487, 875, 663, 154, 130
track:488, 873, 667, 154, 130
track:490, 871, 671, 154, 130
track:491, 868, 672, 154, 130
track:492, 863, 670, 162, 137
track:493, 861, 670, 162, 137
track:494, 861, 669, 162, 137
track:495, 854, 660, 170, 144
track:496, 852, 655, 170, 144
track:497, 851, 654, 170, 144
track:498, 850, 651, 170, 144
track:499, 849, 648, 170, 144
track:500, 847, 642, 170, 144
init :501, 853, 636, 170, 145
track:502, 853, 636, 170, 145
track:503, 853, 636, 170, 145
track:504, 853, 634, 170, 145
track:505, 853, 634, 170, 145
track:506, 852, 634, 170, 145
track:507, 852, 635, 170, 145
track:508, 846, 628, 178, 152
track:509, 845, 625, 178, 152
track:510, 845, 621, 178, 152
track:511, 850, 624, 170, 145
track:512, 850, 623, 170, 145
track:513, 849, 621, 170, 145
track:514, 849, 623, 170, 145
track:515, 853, 627, 162, 138
track:516, 853, 626, 162, 138
track:517, 852, 626, 162, 138
track:518, 853, 624, 162, 138
track:519, 853, 624, 162, 138
track:520, 854, 623, 162, 138
init :521, 858, 625, 152, 111
track:522, 858, 625, 152, 111
track:523, 857, 628, 152, 111
track:524, 858, 630, 152, 111
track:525, 860, 633, 152, 111
track:526, 864, 636, 145, 106
track:527, 864, 636, 145, 106
track:528, 864, 636, 145, 106
track:529, 865, 635, 145, 106
track:530, 865, 634, 145, 106
track:531, 865, 633, 145, 106
track:532, 866, 633, 145, 106
track:533, 866, 634, 145, 106
track:534, 868, 635, 145, 106
track:535, 867, 635, 145, 106
track:536, 869, 639, 138, 101
track:537, 869, 639, 138, 101
track:538, 873, 643, 131, 96
track:539, 873, 645, 131, 96
track:540, 873, 645, 131, 96
init :543, 876, 649, 120, 90
track:544, 876, 649, 120, 90
track:546, 875, 656, 120, 90
track:547, 874, 656, 120, 90
track:548, 873, 659, 120, 90
track:549, 873, 661, 120, 90
track:550, 872, 662, 120, 90
track:551, 874, 666, 114, 86
track:552, 874, 666, 114, 86
track:553, 873, 666, 114, 86
track:554, 872, 665, 114, 86
track:555, 872, 665, 114, 86
track:556, 871, 666, 114, 86
track:557, 871, 666, 114, 86
track:558, 870, 671, 114, 86
track:559, 873, 675, 109, 82
track:560, 874, 678, 109, 82
init :561, 876, 680, 96, 80
track:562, 876, 680, 96, 80
track:563, 876, 683, 96, 80
track:564, 876, 685, 96, 80
track:565, 876, 686, 96, 80
track:566, 876, 689, 96, 80
track:567, 876, 689, 96, 80
track:568, 877, 692, 96, 80
track:569, 878, 693, 96, 80
track:570, 877, 696, 96, 80
track:571, 876, 698, 96, 80
track:572, 876, 699, 96, 80
track:573, 878, 700, 96, 80
track:574, 879, 701, 96, 80
track:575, 880, 701, 96, 80
track:576, 878, 699, 96, 80
track:577, 878, 698, 96, 80
track:578, 879, 696, 96, 80
track:579, 880, 694, 96, 80
track:580, 877, 692, 101, 84
init :581, 876, 693, 101, 90
track:582, 876, 693, 101, 90
track:583, 875, 696, 101, 90
track:584, 875, 698, 101, 90
track:585, 874, 698, 101, 90
track:586, 875, 698, 101, 90
track:587, 874, 698, 101, 90
track:588, 875, 699, 101, 90
track:589, 875, 698, 101, 90
track:590, 874, 698, 101, 90
track:591, 872, 698, 101, 90
track:592, 873, 698, 101, 90
track:593, 869, 696, 106, 94
track:594, 870, 694, 106, 94
track:595, 867, 683, 111, 99
track:596, 866, 681, 111, 99
track:597, 866, 681, 111, 99
track:598, 865, 677, 111, 99
track:599, 864, 670, 111, 99
track:600, 865, 668, 111, 99
init :601, 867, 664, 115, 103
track:602, 867, 664, 115, 103
track:603, 867, 663, 115, 103
track:604, 865, 660, 115, 103
track:605, 865, 657, 115, 103
track:606, 866, 656, 115, 103
track:607, 865, 656, 115, 103
track:608, 866, 656, 115, 103
track:609, 867, 655, 115, 103
track:610, 867, 656, 115, 103
track:611, 867, 660, 115, 103
track:612, 864, 659, 121, 108
track:613, 863, 661, 121, 108
track:614, 864, 663, 121, 108
track:615, 865, 666, 121, 108
track:616, 864, 669, 121, 108
track:617, 861, 667, 127, 114
track:618, 861, 667, 127, 114
track:619, 860, 665, 127, 114
track:620, 861, 664, 127, 114
init :621, 863, 662, 133, 106
track:622, 863, 662, 133, 106
track:623, 862, 661, 133, 106
track:624, 862, 661, 133, 106
track:625, 862, 662, 133, 106
track:626, 863, 663, 133, 106
track:627, 860, 661, 140, 111
track:628, 864, 665, 133, 106
track:629, 863, 664, 133, 106
track:630, 863, 661, 133, 106
track:631, 863, 660, 133, 106
track:632, 863, 660, 133, 106
track:633, 862, 660, 140, 111
track:634, 862, 663, 140, 111
track:635, 862, 665, 140, 111
track:636, 864, 666, 140, 111
track:637, 861, 665, 147, 117
track:638, 864, 665, 147, 117
track:639, 864, 665, 147, 117
track:640, 864, 665, 147, 117
init :641, 863, 664, 147, 111
track:642, 863, 664, 147, 111
track:643, 864, 662, 147, 111
track:644, 860, 659, 154, 117
track:645, 860, 651, 154, 117
track:646, 864, 652, 147, 111
track:647, 865, 652, 147, 111
track:648, 865, 651, 147, 111
track:649, 864, 651, 147, 111
track:650, 870, 654, 140, 106
track:651, 872, 653, 140, 106
track:652, 873, 653, 140, 106
track:653, 873, 653, 140, 106
track:654, 873, 654, 140, 106
track:655, 874, 658, 140, 106
track:656, 875, 660, 140, 106
track:657, 876, 661, 140, 106
track:658, 873, 661, 147, 111
track:659, 875, 660, 147, 111
track:660, 874, 659, 147, 111
init :661, 876, 662, 143, 111
track:662, 876, 662, 143, 111
track:663, 877, 662, 143, 111
track:664, 878, 660, 143, 111
track:665, 880, 659, 143, 111
track:666, 880, 657, 143, 111
track:667, 875, 654, 150, 117
track:668, 876, 652, 150, 117
track:669, 877, 652, 150, 117
track:670, 877, 652, 150, 117
track:671, 875, 652, 150, 117
track:672, 874, 653, 150, 117
track:673, 872, 653, 150, 117
track:674, 870, 651, 150, 117
track:675, 871, 650, 150, 117
track:676, 870, 650, 150, 117
track:677, 873, 651, 143, 111
track:678, 871, 654, 143, 111
track:679, 871, 664, 143, 111
track:680, 872, 671, 143, 111
init :681, 872, 669, 143, 119
track:682, 872, 669, 143, 119
track:683, 870, 668, 143, 119
track:684, 869, 668, 143, 119
track:685, 868, 669, 143, 119
track:686, 868, 672, 143, 119
track:687, 869, 672, 143, 119
track:688, 865, 670, 150, 125
track:689, 864, 668, 150, 125
track:690, 863, 666, 150, 125
track:691, 862, 664, 150, 125
track:692, 861, 663, 150, 125
track:693, 861, 663, 150, 125
track:694, 861, 662, 150, 125
track:695, 862, 661, 150, 125
track:696, 861, 660, 150, 125
track:697, 861, 659, 150, 125
track:698, 859, 658, 150, 125
track:699, 856, 659, 150, 125
track:700, 856, 660, 150, 125
init :701, 853, 667, 152, 111
track:702, 853, 667, 152, 111
track:703, 853, 669, 152, 111
track:704, 852, 675, 152, 111
track:705, 850, 680, 152, 111
track:706, 850, 681, 152, 111
track:707, 850, 682, 152, 111
track:708, 848, 683, 152, 111
track:709, 849, 684, 152, 111
track:710, 849, 682, 152, 111
track:711, 846, 679, 160, 117
track:712, 846, 676, 160, 117
track:713, 846, 675, 160, 117
track:714, 846, 674, 160, 117
track:715, 846, 675, 160, 117
track:716, 845, 676, 160, 117
track:717, 845, 677, 160, 117
track:718, 850, 680, 152, 111
track:719, 850, 681, 152, 111
track:720, 847, 678, 160, 117
init :721, 853, 675, 147, 124
track:722, 853, 675, 147, 124
track:723, 853, 675, 147, 124
track:724, 854, 671, 147, 124
track:725, 854, 668, 147, 124
track:726, 854, 668, 147, 124
track:727, 854, 666, 147, 124
track:728, 855, 663, 147, 124
track:729, 852, 654, 154, 130
track:730, 852, 652, 154, 130
track:731, 853, 651, 154, 130
track:732, 853, 653, 154, 130
track:733, 852, 651, 154, 130
track:734, 853, 647, 154, 130
track:735, 854, 643, 154, 130
track:736, 855, 641, 154, 130
track:737, 854, 640, 154, 130
track:738, 853, 638, 154, 130
track:739, 850, 636, 162, 137
track:740, 852, 638, 162, 137
init :741, 853, 638, 166, 124
track:742, 849, 636, 174, 130
track:743, 847, 638, 174, 130
track:744, 847, 637, 174, 130
track:745, 849, 636, 174, 130
track:746, 848, 636, 174, 130
track:747, 853, 637, 166, 124
track:748, 852, 627, 166, 124
track:749, 851, 623, 166, 124
track:750, 849, 622, 166, 124
track:751, 849, 622, 166, 124
track:752, 849, 624, 166, 124
track:753, 851, 625, 166, 124
track:754, 853, 625, 166, 124
track:755, 855, 625, 166, 124
track:756, 855, 625, 166, 124
track:757, 860, 628, 158, 118
track:758, 855, 622, 166, 124
track:759, 854, 623, 166, 124
track:760, 855, 627, 166, 124
init :761, 858, 630, 152, 132
track:762, 860, 630, 152, 132
track:763, 861, 630, 152, 132
track:764, 863, 631, 152, 132
track:765, 862, 632, 152, 132
track:766, 862, 632, 152, 132
track:767, 860, 632, 152, 132
track:768, 861, 633, 152, 132
track:769, 862, 635, 152, 132
track:770, 864, 644, 152, 132
track:771, 869, 646, 145, 126
track:772, 869, 646, 145, 126
track:773, 871, 644, 145, 126
track:774, 872, 644, 145, 126
track:775, 873, 645, 145, 126
track:776, 872, 645, 145, 126
track:777, 873, 644, 145, 126
track:778, 877, 645, 138, 120
track:779, 879, 644, 138, 120
track:780, 879, 646, 138, 120
init :781, 881, 651, 133, 98
track:782, 881, 651, 133, 98
track:783, 880, 652, 133, 98
track:784, 880, 652, 133, 98
track:785, 879, 653, 133, 98
track:786, 879, 653, 133, 98
track:787, 878, 653, 133, 98
track:788, 881, 655, 127, 93
track:789, 881, 656, 127, 93
track:790, 880, 656, 127, 93
track:791, 880, 656, 127, 93
track:792, 879, 655, 127, 93
track:793, 879, 656, 127, 93
track:794, 879, 657, 127, 93
track:795, 879, 661, 127, 93
track:796, 879, 662, 127, 93
track:797, 879, 661, 127, 93
track:798, 879, 660, 127, 93
track:799, 879, 662, 127, 93
track:800, 880, 663, 127, 93
init :801, 876, 659, 133, 109
track:802, 876, 659, 133, 109
track:803, 875, 660, 133, 109
track:804, 873, 658, 140, 114
track:805, 871, 659, 140, 114
track:806, 871, 659, 140, 114
track:807, 871, 659, 140, 114
track:808, 870, 660, 140, 114
track:809, 870, 661, 140, 114
track:810, 870, 664, 140, 114
track:811, 871, 664, 140, 114
track:812, 870, 665, 140, 114
track:813, 868, 665, 140, 114
track:814, 867, 665, 140, 114
track:815, 866, 665, 140, 114
track:816, 865, 665, 140, 114
track:817, 866, 667, 140, 114
track:818, 864, 674, 140, 114
track:819, 864, 676, 140, 114
track:820, 859, 684, 147, 120
init :821, 853, 680, 147, 127
track:822, 853, 681, 147, 127
track:823, 852, 679, 147, 127
track:824, 852, 677, 147, 127
track:825, 851, 678, 147, 127
track:826, 851, 678, 147, 127
track:827, 851, 683, 147, 127
track:828, 850, 687, 147, 127
track:829, 851, 690, 147, 127
track:830, 853, 690, 147, 127
track:831, 853, 690, 147, 127
track:832, 854, 691, 147, 127
track:833, 857, 688, 147, 127
track:834, 853, 680, 154, 133
track:835, 853, 670, 154, 133
track:836, 851, 668, 162, 140
track:837, 850, 664, 162, 140
track:838, 849, 662, 162, 140
track:839, 847, 657, 162, 140
track:840, 845, 652, 162, 140
init :841, 840, 646, 180, 163
track:842, 839, 645, 180, 163
track:843, 837, 643, 180, 163
track:844, 836, 639, 180, 163
track:845, 831, 625, 180, 163
track:846, 831, 625, 180, 163
track:847, 830, 621, 180, 163
track:848, 829, 613, 180, 163
track:849, 829, 612, 180, 163
track:850, 823, 607, 189, 171
track:851, 823, 607, 189, 171
track:852, 822, 598, 198, 180
track:853, 825, 594, 198, 180
track:854, 827, 595, 198, 180
track:855, 822, 593, 208, 189
track:856, 823, 594, 208, 189
track:857, 827, 600, 198, 180
track:858, 828, 597, 198, 180
track:859, 829, 594, 198, 180
track:860, 829, 591, 198, 180
init :861, 835, 597, 193, 153
track:862, 835, 600, 193, 153
track:863, 837, 605, 193, 153
track:864, 837, 610, 193, 153
track:865, 838, 616, 193, 153
track:866, 837, 616, 193, 153
track:867, 838, 623, 193, 153
track:868, 838, 625, 193, 153
track:869, 839, 624, 193, 153
track:870, 839, 630, 193, 153
track:871, 840, 631, 193, 153
track:872, 841, 632, 193, 153
track:873, 844, 634, 184, 146
track:874, 845, 634, 184, 146
track:875, 847, 635, 184, 146
track:876, 846, 635, 184, 146
track:877, 846, 637, 184, 146
track:878, 851, 640, 175, 139
track:879, 858, 643, 167, 132
track:880, 858, 642, 167, 132
init :881, 863, 643, 147, 124
track:882, 863, 643, 147, 124
track:883, 865, 642, 147, 124
track:884, 867, 642, 147, 124
track:885, 869, 642, 147, 124
track:886, 869, 642, 147, 124
track:887, 870, 644, 147, 124
track:888, 870, 644, 147, 124
track:889, 875, 645, 140, 118
track:890, 877, 643, 140, 118
track:891, 877, 643, 140, 118
track:892, 882, 645, 133, 112
track:893, 883, 643, 133, 112
track:894, 883, 643, 133, 112
track:895, 884, 644, 133, 112
track:896, 887, 647, 127, 107
track:897, 888, 645, 127, 107
track:898, 885, 645, 127, 107
track:899, 884, 645, 127, 107
track:900, 882, 647, 127, 107
init :901, 881, 651, 124, 93
track:902, 880, 652, 124, 93
track:903, 880, 653, 124, 93
track:904, 881, 653, 124, 93
track:905, 880, 654, 124, 93
track:906, 881, 654, 124, 93
track:907, 856, 634, 124, 93
track:908, 847, 634, 124, 93
track:909, 849, 641, 124, 93
track:910, 842, 642, 124, 93
track:911, 844, 643, 124, 93
track:912, 840, 645, 130, 98
track:913, 837, 644, 137, 103
track:914, 833, 646, 137, 103
track:915, 831, 644, 144, 108
track:916, 831, 643, 144, 108
track:917, 830, 645, 144, 108
track:918, 831, 645, 144, 108
track:919, 826, 644, 151, 113
track:920, 821, 641, 158, 119
init :921, 807, 584, 290, 249
track:922, 803, 584, 290, 249
track:923, 799, 582, 290, 249
track:924, 795, 581, 290, 249
track:925, 789, 581, 290, 249
track:926, 788, 580, 290, 249
track:927, 786, 582, 290, 249
track:928, 778, 580, 290, 249
track:929, 774, 580, 290, 249
track:930, 770, 579, 290, 249
track:931, 770, 579, 290, 249
track:932, 769, 579, 290, 249
track:933, 769, 577, 290, 249
track:934, 768, 575, 290, 249
track:935, 767, 572, 290, 249
track:936, 767, 572, 290, 249
track:937, 769, 569, 290, 249
track:938, 777, 575, 276, 237
track:939, 775, 572, 276, 237
track:940, 774, 572, 276, 237
init :941, 775, 568, 318, 236
track:942, 776, 569, 318, 236
track:943, 776, 569, 318, 236
track:944, 776, 567, 318, 236
track:945, 777, 567, 318, 236
track:946, 776, 566, 318, 236
track:947, 774, 567, 318, 236
track:948, 770, 569, 318, 236
track:949, 767, 570, 318, 236
track:950, 762, 570, 318, 236
track:951, 762, 573, 318, 236
track:952, 759, 574, 318, 236
track:953, 758, 575, 318, 236
track:954, 755, 575, 318, 236
track:955, 753, 577, 318, 236
track:956, 756, 578, 318, 236
track:957, 753, 579, 318, 236
track:958, 749, 581, 318, 236
track:959, 742, 575, 334, 248
track:960, 743, 575, 334, 248
init :961, 747, 584, 383, 236
track:962, 746, 585, 383, 236
track:963, 744, 587, 383, 236
track:964, 744, 587, 383, 236
track:965, 743, 587, 383, 236
track:966, 741, 588, 383, 236
track:967, 739, 589, 383, 236
track:968, 737, 589, 383, 236
track:969, 729, 590, 383, 236
track:970, 729, 589, 383, 236
track:971, 728, 590, 383, 236
track:972, 721, 593, 383, 236
track:973, 718, 591, 383, 236
track:974, 711, 592, 383, 236
track:975, 719, 597, 365, 225
track:976, 715, 597, 365, 225
track:977, 712, 598, 365, 225
track:978, 711, 598, 365, 225
track:979, 708, 597, 365, 225
track:980, 702, 594, 383, 236
init :981, 692, 586, 470, 246
track:982, 693, 587, 470, 246
track:983, 694, 588, 470, 246
track:984, 695, 590, 470, 246
track:985, 698, 588, 470, 246
track:986, 700, 587, 470, 246
track:987, 700, 587, 470, 246
track:988, 702, 587, 470, 246
track:989, 704, 588, 470, 246
track:990, 706, 589, 470, 246
track:991, 707, 589, 470, 246
track:992, 719, 595, 448, 234
track:993, 719, 596, 448, 234
track:994, 717, 592, 448, 234
track:995, 717, 593, 448, 234
track:996, 709, 583, 470, 246
track:997, 697, 576, 493, 258
track:998, 710, 579, 470, 246
track:999, 725, 583, 448, 234
track:1000, 728, 582, 448, 234
init :1001, 733, 581, 498, 225
track:1002, 735, 581, 498, 225
track:1003, 739, 579, 498, 225
track:1004, 745, 577, 498, 225
track:1005, 745, 576, 498, 225
track:1006, 745, 573, 498, 225
track:1007, 747, 570, 498, 225
track:1008, 748, 568, 498, 225
track:1009, 760, 572, 474, 214
track:1010, 759, 571, 474, 214
track:1011, 757, 571, 474, 214
track:1012, 753, 570, 474, 214
track:1013, 750, 570, 474, 214
track:1014, 756, 577, 452, 204
track:1015, 756, 577, 452, 204
track:1016, 751, 574, 452, 204
track:1017, 746, 575, 452, 204
track:1018, 744, 574, 452, 204
track:1019, 741, 572, 452, 204
track:1020, 739, 571, 452, 204
init :1021, 752, 576, 466, 184
track:1022, 751, 575, 466, 184
track:1023, 749, 573, 466, 184
track:1024, 746, 572, 466, 184
track:1025, 749, 571, 466, 184
track:1026, 745, 571, 466, 184
track:1027, 752, 576, 444, 175
track:1028, 746, 577, 444, 175
track:1029, 742, 578, 444, 175
track:1030, 753, 584, 423, 167
track:1031, 760, 587, 403, 159
track:1032, 745, 584, 423, 167
track:1033, 742, 585, 423, 167
track:1034, 739, 588, 423, 167
track:1035, 743, 590, 423, 167
track:1036, 738, 590, 423, 167
track:1037, 734, 592, 423, 167
track:1038, 721, 590, 444, 175
track:1039, 720, 593, 444, 175
track:1040, 719, 594, 444, 175
init :1041, 738, 607, 438, 150
track:1042, 736, 606, 438, 150
track:1043, 724, 604, 460, 158
track:1044, 725, 607, 460, 158
track:1045, 736, 610, 438, 150
track:1046, 745, 615, 417, 143
track:1047, 746, 615, 417, 143
track:1048, 749, 615, 417, 143
track:1049, 744, 612, 438, 150
track:1050, 744, 612, 438, 150
track:1051, 748, 608, 438, 150
track:1052, 755, 606, 438, 150
track:1053, 752, 603, 460, 158
track:1054, 771, 606, 438, 150
track:1055, 784, 610, 417, 143
track:1056, 788, 611, 417, 143
track:1057, 791, 611, 417, 143
track:1058, 794, 612, 417, 143
track:1059, 795, 613, 417, 143
track:1060, 785, 611, 438, 150
init :1061, 798, 617, 438, 135
track:1062, 796, 618, 438, 135
track:1063, 797, 617, 438, 135
track:1064, 784, 615, 460, 142
track:1065, 782, 615, 460, 142
track:1066, 766, 610, 483, 149
track:1067, 759, 609, 483, 149
track:1068, 759, 612, 460, 142
track:1069, 740, 610, 483, 149
track:1070, 734, 610, 483, 149
track:1071, 731, 612, 483, 149
track:1072, 714, 613, 483, 149
track:1073, 704, 612, 483, 149
track:1074, 686, 612, 483, 149
track:1075, 696, 616, 460, 142
track:1076, 685, 615, 460, 142
track:1077, 691, 618, 438, 135
track:1078, 676, 617, 438, 135
track:1079, 656, 614, 460, 142
track:1080, 664, 619, 438, 135
init :1081, 673, 625, 443, 135
track:1082, 667, 626, 443, 135
track:1083, 663, 628, 443, 135
track:1084, 662, 629, 443, 135
track:1085, 662, 629, 443, 135
track:1086, 664, 629, 443, 135
track:1087, 666, 630, 443, 135
track:1088, 655, 627, 465, 142
track:1089, 655, 628, 465, 142
track:1090, 645, 625, 488, 149
track:1091, 659, 628, 465, 142
track:1092, 656, 629, 465, 142
track:1093, 658, 631, 465, 142
track:1094, 659, 631, 465, 142
track:1095, 661, 631, 465, 142
track:1096, 659, 632, 465, 142
track:1097, 662, 634, 465, 142
track:1098, 664, 634, 465, 142
track:1099, 664, 634, 465, 142
track:1100, 665, 634, 465, 142
init :1101, 692, 625, 461, 163
track:1102, 692, 624, 461, 163
track:1103, 693, 625, 461, 163
track:1104, 687, 625, 461, 163
track:1105, 701, 629, 439, 155
track:1106, 702, 628, 439, 155
track:1107, 700, 628, 439, 155
track:1108, 699, 629, 439, 155
track:1109, 697, 630, 439, 155
track:1110, 693, 630, 439, 155
track:1111, 689, 633, 439, 155
track:1112, 688, 633, 439, 155
track:1113, 686, 634, 439, 155
track:1114, 684, 637, 439, 155
track:1115, 686, 637, 439, 155
track:1116, 686, 639, 439, 155
track:1117, 684, 638, 439, 155
track:1118, 665, 635, 461, 163
track:1119, 666, 641, 439, 155
track:1120, 673, 640, 439, 155
init :1121, 701, 628, 401, 184
track:1122, 701, 628, 401, 184
track:1123, 697, 627, 401, 184
track:1124, 693, 627, 401, 184
track:1125, 693, 626, 401, 184
track:1126, 697, 626, 401, 184
track:1127, 699, 627, 401, 184
track:1128, 699, 628, 401, 184
track:1129, 706, 626, 401, 184
track:1130, 703, 626, 401, 184
track:1131, 705, 629, 401, 184
track:1132, 712, 629, 382, 175
track:1133, 718, 630, 382, 175
track:1134, 701, 625, 401, 184
track:1135, 697, 623, 401, 184
track:1136, 694, 625, 401, 184
track:1137, 697, 622, 401, 184
track:1138, 687, 617, 401, 184
track:1139, 678, 611, 401, 184
track:1140, 678, 611, 401, 184
init :1141, 830, 630, 216, 181
track:1142, 826, 630, 216, 181
track:1143, 816, 630, 216, 181
track:1144, 807, 631, 216, 181
track:1145, 806, 632, 216, 181
track:1146, 798, 631, 216, 181
track:1147, 791, 631, 216, 181
track:1148, 785, 637, 206, 172
track:1149, 775, 631, 216, 181
track:1150, 777, 631, 216, 181
track:1151, 776, 631, 216, 181
track:1152, 775, 631, 216, 181
track:1153, 771, 632, 216, 181
track:1154, 775, 638, 206, 172
track:1155, 769, 639, 206, 172
track:1156, 773, 642, 206, 172
track:1157, 774, 644, 206, 172
track:1158, 774, 643, 206, 172
track:1159, 777, 640, 206, 172
track:1160, 778, 640, 206, 172
init :1161, 780, 636, 272, 176
track:1162, 783, 636, 272, 176
track:1163, 789, 636, 272, 176
track:1164, 789, 635, 272, 176
track:1165, 789, 635, 272, 176
track:1166, 785, 636, 272, 176
track:1167, 787, 638, 272, 176
track:1168, 781, 637, 272, 176
track:1169, 780, 638, 272, 176
track:1170, 778, 639, 272, 176
track:1171, 776, 637, 272, 176
track:1172, 771, 637, 272, 176
track:1173, 766, 636, 272, 176
track:1174, 765, 636, 272, 176
track:1175, 756, 630, 286, 185
track:1176, 757, 630, 286, 185
track:1177, 762, 634, 272, 176
track:1178, 768, 631, 272, 176
track:1179, 759, 631, 272, 176
track:1180, 759, 630, 272, 176
init :1181, 766, 636, 383, 150
track:1182, 760, 633, 402, 158
track:1183, 773, 637, 383, 150
track:1184, 776, 637, 383, 150
track:1185, 768, 633, 402, 158
track:1186, 771, 634, 402, 158
track:1187, 775, 634, 402, 158
track:1188, 763, 632, 402, 158
track:1189, 762, 630, 402, 158
track:1190, 764, 631, 402, 158
track:1191, 777, 633, 383, 150
track:1192, 773, 632, 383, 150
track:1193, 779, 631, 365, 143
track:1194, 778, 629, 365, 143
track:1195, 786, 630, 347, 136
track:1196, 783, 627, 347, 136
track:1197, 784, 626, 347, 136
track:1198, 784, 625, 347, 136
track:1199, 786, 625, 347, 136
track:1200, 783, 624, 347, 136
init :1201, 798, 630, 364, 109
track:1202, 798, 630, 364, 109
track:1203, 799, 630, 364, 109
track:1204, 813, 633, 347, 104
track:1205, 813, 633, 347, 104
track:1206, 818, 633, 347, 104
track:1207, 822, 634, 347, 104
track:1208, 826, 634, 347, 104
track:1209, 826, 634, 347, 104
track:1210, 833, 634, 347, 104
track:1211, 840, 635, 347, 104
track:1212, 834, 633, 364, 109
track:1213, 833, 633, 364, 109
track:1214, 836, 634, 364, 109
track:1215, 845, 638, 347, 104
track:1216, 846, 639, 347, 104
track:1217, 848, 639, 347, 104
track:1218, 857, 642, 330, 99
track:1219, 856, 641, 330, 99
track:1220, 852, 642, 330, 99
init :1221, 881, 651, 313, 98
track:1222, 888, 654, 298, 93
track:1223, 888, 655, 298, 93
track:1224, 887, 655, 298, 93
track:1225, 895, 657, 284, 89
track:1226, 894, 658, 284, 89
track:1227, 901, 660, 270, 85
track:1228, 900, 660, 270, 85
track:1229, 900, 660, 270, 85
track:1230, 896, 661, 270, 85
track:1231, 903, 664, 258, 81
track:1232, 908, 667, 245, 77
track:1233, 912, 671, 234, 73
track:1234, 904, 669, 245, 77
track:1235, 902, 669, 245, 77
track:1236, 901, 670, 245, 77
track:1237, 897, 670, 245, 77
track:1238, 898, 670, 245, 77
track:1239, 896, 671, 245, 77
track:1240, 896, 671, 245, 77
init :1241, 927, 667, 212, 96
track:1242, 925, 667, 212, 96
track:1243, 925, 669, 212, 96
track:1244, 925, 669, 212, 96
track:1245, 928, 673, 202, 91
track:1246, 927, 673, 202, 91
track:1247, 926, 676, 192, 87
track:1248, 917, 673, 202, 91
track:1249, 917, 673, 202, 91
track:1250, 916, 672, 202, 91
track:1251, 907, 673, 202, 91
track:1252, 892, 669, 202, 91
track:1253, 891, 672, 192, 87
track:1254, 893, 672, 192, 87
track:1255, 894, 674, 183, 83
track:1256, 892, 673, 183, 83
track:1257, 885, 669, 174, 79
track:1258, 882, 668, 174, 79
track:1259, 880, 667, 174, 79
track:1260, 885, 664, 174, 79
init :1261, 793, 589, 73, 51
track:1262, 820, 590, 73, 51
track:1263, 846, 588, 77, 54
track:1264, 847, 588, 77, 54
track:1265, 861, 589, 77, 54
track:1266, 894, 589, 77, 54
track:1267, 918, 589, 77, 54
track:1268, 917, 583, 73, 51
track:1269, 919, 584, 70, 49
track:1270, 940, 586, 70, 49
track:1271, 954, 584, 66, 46
track:1272, 969, 582, 66, 46
track:1273, 971, 587, 66, 46
track:1274, 949, 582, 66, 46
track:1275, 942, 589, 66, 46
track:1276, 950, 593, 66, 46
track:1277, 954, 592, 70, 49
track:1278, 963, 587, 70, 49
track:1279, 962, 588, 70, 49
track:1280, 977, 588, 70, 49
init :1281, 900, 659, 129, 77
track:1282, 893, 660, 129, 77
track:1283, 890, 660, 129, 77
track:1284, 890, 660, 129, 77
track:1285, 880, 660, 129, 77
track:1286, 878, 659, 129, 77
track:1287, 875, 658, 129, 77
track:1288, 873, 657, 129, 77
track:1289, 874, 658, 129, 77
track:1290, 873, 658, 129, 77
track:1291, 870, 658, 129, 77
track:1292, 869, 658, 129, 77
track:1293, 866, 658, 129, 77
track:1294, 866, 658, 129, 77
track:1295, 865, 658, 129, 77
track:1296, 866, 659, 123, 73
track:1297, 866, 659, 123, 73
track:1298, 866, 659, 117, 70
track:1299, 867, 659, 117, 70
track:1300, 864, 658, 123, 73
init :1301, 863, 662, 152, 64
track:1302, 864, 662, 152, 64
track:1303, 863, 662, 152, 64
track:1304, 863, 662, 152, 64
track:1305, 864, 662, 152, 64
track:1306, 866, 662, 152, 64
track:1307, 866, 663, 152, 64
track:1308, 866, 664, 152, 64
track:1309, 867, 664, 152, 64
track:1310, 868, 663, 152, 64
track:1311, 869, 665, 152, 64
track:1312, 869, 664, 152, 64
track:1313, 868, 665, 152, 64
track:1314, 868, 665, 152, 64
track:1315, 868, 666, 152, 64
track:1316, 868, 666, 152, 64
track:1317, 864, 666, 152, 64
track:1318, 864, 667, 152, 64
track:1319, 863, 667, 152, 64
track:1320, 856, 666, 160, 67
init :1321, 858, 672, 166, 54
track:1322, 859, 672, 166, 54
track:1323, 864, 674, 166, 54
track:1324, 867, 675, 158, 51
track:1325, 867, 676, 158, 51
track:1326, 868, 676, 158, 51
track:1327, 867, 676, 166, 54
track:1328, 872, 678, 158, 51
track:1329, 872, 679, 158, 51
track:1330, 871, 679, 158, 51
track:1331, 871, 679, 158, 51
track:1332, 867, 679, 158, 51
track:1333, 863, 679, 158, 51
track:1334, 862, 679, 158, 51
track:1335, 858, 679, 158, 51
track:1336, 854, 679, 158, 51
track:1337, 850, 679, 158, 51
track:1338, 848, 678, 158, 51
track:1339, 847, 678, 158, 51
track:1340, 847, 679, 158, 51
init :1341, 844, 677, 175, 49
track:1342, 843, 676, 175, 49
track:1343, 843, 676, 175, 49
track:1344, 843, 677, 175, 49
track:1345, 843, 676, 175, 49
track:1346, 843, 677, 175, 49
track:1347, 843, 677, 175, 49
track:1348, 843, 677, 175, 49
track:1349, 843, 677, 175, 49
track:1350, 839, 676, 184, 51
track:1351, 833, 676, 193, 54
track:1352, 833, 676, 193, 54
track:1353, 831, 677, 193, 54
track:1354, 831, 678, 193, 54
track:1355, 832, 678, 193, 54
track:1356, 834, 678, 193, 54
track:1357, 832, 678, 193, 54
track:1358, 832, 679, 193, 54
track:1359, 832, 679, 193, 54
track:1360, 836, 680, 184, 51
init :1361, 849, 685, 180, 49
track:1362, 848, 686, 180, 49
track:1363, 850, 687, 180, 49
track:1364, 855, 688, 171, 47
track:1365, 855, 688, 171, 47
track:1366, 850, 687, 180, 49
track:1367, 850, 687, 180, 49
track:1368, 844, 687, 189, 51
track:1369, 844, 687, 189, 51
track:1370, 843, 688, 189, 51
track:1371, 846, 690, 180, 49
track:1372, 846, 691, 180, 49
track:1373, 839, 690, 189, 51
track:1374, 833, 689, 198, 54
track:1375, 835, 691, 189, 51
track:1376, 838, 692, 180, 49
track:1377, 832, 690, 189, 51
track:1378, 829, 691, 189, 51
track:1379, 827, 692, 189, 51
track:1380, 824, 692, 189, 51
init :1381, 816, 695, 193, 62
track:1382, 814, 696, 193, 62
track:1383, 812, 696, 193, 62
track:1384, 810, 697, 193, 62
track:1385, 813, 699, 184, 59
track:1386, 809, 698, 193, 62
track:1387, 810, 699, 193, 62
track:1388, 813, 700, 193, 62
track:1389, 815, 701, 193, 62
track:1390, 817, 702, 193, 62
track:1391, 825, 704, 184, 59
track:1392, 829, 705, 184, 59
track:1393, 833, 707, 184, 59
track:1394, 834, 707, 184, 59
track:1395, 837, 707, 184, 59
track:1396, 838, 708, 184, 59
track:1397, 834, 709, 193, 62
track:1398, 829, 709, 203, 65
track:1399, 833, 710, 193, 62
track:1400, 829, 711, 193, 62
init :1401, 821, 711, 203, 64
track:1402, 811, 709, 213, 67
track:1403, 808, 710, 213, 67
track:1404, 806, 710, 213, 67
track:1405, 801, 711, 213, 67
track:1406, 800, 711, 213, 67
track:1407, 798, 712, 213, 67
track:1408, 794, 712, 213, 67
track:1409, 793, 712, 213, 67
track:1410, 793, 713, 213, 67
track:1411, 788, 712, 224, 71
track:1412, 789, 712, 224, 71
track:1413, 790, 713, 224, 71
track:1414, 790, 713, 224, 71
track:1415, 790, 713, 224, 71
track:1416, 796, 716, 213, 67
track:1417, 795, 717, 213, 67
track:1418, 793, 717, 213, 67
track:1419, 794, 717, 213, 67
track:1420, 792, 718, 213, 67
init :1421, 789, 719, 249, 80
track:1422, 787, 719, 249, 80
track:1423, 780, 717, 261, 84
track:1424, 780, 717, 261, 84
track:1425, 789, 719, 249, 80
track:1426, 790, 720, 249, 80
track:1427, 788, 721, 249, 80
track:1428, 789, 721, 249, 80
track:1429, 783, 719, 261, 84
track:1430, 783, 720, 261, 84
track:1431, 786, 724, 249, 80
track:1432, 783, 725, 249, 80
track:1433, 784, 726, 249, 80
track:1434, 777, 724, 261, 84
track:1435, 779, 725, 261, 84
track:1436, 773, 725, 261, 84
track:1437, 771, 726, 261, 84
track:1438, 778, 729, 249, 80
track:1439, 779, 730, 249, 80
track:1440, 784, 732, 237, 76
init :1441, 784, 724, 244, 109
track:1442, 780, 724, 244, 109
track:1443, 778, 724, 244, 109
track:1444, 777, 724, 244, 109
track:1445, 772, 724, 244, 109
track:1446, 765, 725, 244, 109
track:1447, 762, 724, 244, 109
track:1448, 760, 724, 244, 109
track:1449, 759, 724, 244, 109
track:1450, 760, 722, 244, 109
track:1451, 762, 721, 244, 109
track:1452, 768, 723, 232, 104
track:1453, 769, 719, 244, 109
track:1454, 768, 721, 244, 109
track:1455, 774, 721, 244, 109
track:1456, 780, 721, 244, 109
track:1457, 790, 723, 244, 109
track:1458, 790, 723, 244, 109
track:1459, 791, 723, 244, 109
track:1460, 799, 725, 244, 109
init :1461, 830, 711, 207, 142
track:1462, 831, 711, 207, 142
track:1463, 831, 711, 207, 142
track:1464, 830, 711, 207, 142
track:1465, 834, 712, 207, 142
track:1466, 832, 713, 207, 142
track:1467, 834, 714, 197, 135
track:1468, 832, 710, 207, 142
track:1469, 829, 711, 207, 142
track:1470, 818, 705, 217, 149
track:1471, 819, 705, 217, 149
track:1472, 819, 707, 207, 142
track:1473, 817, 707, 207, 142
track:1474, 819, 708, 197, 135
track:1475, 812, 702, 197, 135
track:1476, 808, 702, 197, 135
track:1477, 814, 705, 188, 129
track:1478, 816, 704, 188, 129
track:1479, 810, 703, 188, 129
track:1480, 810, 702, 188, 129
init :1481, 844, 664, 203, 168
track:1482, 850, 661, 203, 168
track:1483, 850, 660, 203, 168
track:1484, 854, 661, 203, 168
track:1485, 857, 660, 203, 168
track:1486, 861, 659, 203, 168
track:1487, 866, 658, 203, 168
track:1488, 865, 657, 203, 168
track:1489, 868, 656, 203, 168
track:1490, 869, 655, 203, 168
track:1491, 873, 651, 203, 168
track:1492, 876, 652, 193, 160
track:1493, 876, 651, 193, 160
track:1494, 877, 648, 193, 160
track:1495, 875, 645, 193, 160
track:1496, 868, 643, 193, 160
track:1497, 864, 639, 193, 160
track:1498, 862, 638, 193, 160
track:1499, 857, 634, 193, 160
track:1500, 857, 630, 193, 160
init :1501, 835, 641, 300, 132
track:1502, 833, 639, 300, 132
track:1503, 832, 638, 300, 132
track:1504, 830, 636, 300, 132
track:1505, 825, 631, 300, 132
track:1506, 823, 629, 300, 132
track:1507, 822, 626, 300, 132
track:1508, 820, 625, 300, 132
track:1509, 820, 622, 300, 132
track:1510, 819, 620, 300, 132
track:1511, 818, 618, 300, 132
track:1512, 812, 616, 300, 132
track:1513, 818, 618, 286, 126
track:1514, 800, 616, 286, 126
track:1515, 779, 615, 286, 126
track:1516, 761, 621, 272, 120
track:1517, 735, 620, 272, 120
track:1518, 734, 620, 272, 120
track:1519, 707, 620, 272, 120
track:1520, 689, 621, 272, 120
init :1521, 683, 625, 276, 103
track:1522, 670, 626, 276, 103
track:1523, 669, 626, 276, 103
track:1524, 660, 626, 276, 103
track:1525, 663, 628, 263, 98
track:1526, 664, 628, 263, 98
track:1527, 676, 630, 250, 93
track:1528, 676, 629, 250, 93
track:1529, 701, 629, 250, 93
track:1530, 729, 631, 238, 89
track:1531, 753, 630, 238, 89
track:1532, 779, 629, 238, 89
track:1533, 775, 625, 250, 93
track:1534, 802, 626, 250, 93
track:1535, 826, 627, 250, 93
track:1536, 852, 629, 238, 89
track:1537, 870, 629, 238, 89
track:1538, 874, 633, 227, 85
track:1539, 885, 633, 216, 81
track:1540, 895, 632, 227, 85
init :1541, 909, 643, 230, 75
track:1542, 909, 643, 230, 75
track:1543, 909, 643, 230, 75
track:1544, 909, 644, 230, 75
track:1545, 905, 645, 230, 75
track:1546, 901, 646, 230, 75
track:1547, 893, 648, 230, 75
track:1548, 891, 650, 230, 75
track:1549, 890, 653, 219, 71
track:1550, 876, 655, 219, 71
track:1551, 872, 656, 219, 71
track:1552, 867, 657, 219, 71
track:1553, 872, 660, 209, 68
track:1554, 868, 661, 209, 68
track:1555, 867, 662, 209, 68
track:1556, 867, 663, 209, 68
track:1557, 875, 665, 199, 65
track:1558, 874, 666, 199, 65
track:1559, 880, 667, 189, 62
track:1560, 888, 670, 180, 59
init :1561, 900, 667, 189, 70
track:1562, 900, 668, 189, 70
track:1563, 901, 669, 189, 70
track:1564, 902, 669, 189, 70
track:1565, 903, 669, 189, 70
track:1566, 907, 670, 180, 67
track:1567, 906, 671, 180, 67
track:1568, 906, 671, 180, 67
track:1569, 909, 672, 171, 63
track:1570, 907, 673, 171, 63
track:1571, 907, 674, 163, 60
track:1572, 905, 675, 163, 60
track:1573, 905, 675, 163, 60
track:1574, 902, 675, 163, 60
track:1575, 902, 677, 155, 58
track:1576, 900, 677, 155, 58
track:1577, 900, 678, 148, 55
track:1578, 899, 679, 148, 55
track:1579, 896, 678, 148, 55
track:1580, 898, 680, 141, 52
init :1581, 904, 675, 138, 72
track:1582, 902, 675, 138, 72
track:1583, 902, 675, 138, 72
track:1584, 902, 676, 138, 72
track:1585, 899, 676, 138, 72
track:1586, 898, 676, 138, 72
track:1587, 902, 679, 131, 69
track:1588, 902, 679, 131, 69
track:1589, 901, 678, 131, 69
track:1590, 901, 678, 131, 69
track:1591, 901, 678, 131, 69
track:1592, 899, 679, 131, 69
track:1593, 900, 679, 131, 69
track:1594, 898, 679, 131, 69
track:1595, 896, 680, 131, 69
track:1596, 899, 683, 125, 65
track:1599, 896, 684, 125, 65
track:1600, 892, 684, 125, 65
init :1601, 913, 680, 101, 72
track:1602, 912, 680, 101, 72
track:1603, 912, 680, 101, 72
track:1604, 909, 680, 101, 72
track:1605, 910, 682, 96, 69
track:1606, 908, 683, 96, 69
track:1607, 905, 683, 96, 69
track:1608, 904, 684, 96, 69
elapseTime: 18.268
