init :7, 821, 630, 235, 197
track:8, 821, 630, 235, 197
track:9, 822, 630, 235, 197
track:10, 821, 631, 235, 197
track:11, 823, 630, 235, 197
track:12, 823, 630, 235, 197
track:13, 824, 630, 235, 197
track:14, 824, 630, 235, 197
track:15, 824, 630, 235, 197
track:16, 825, 630, 235, 197
track:17, 826, 630, 235, 197
track:18, 825, 630, 235, 197
track:19, 825, 629, 235, 197
track:20, 821, 626, 247, 207
track:21, 820, 626, 247, 207
track:22, 827, 631, 235, 197
track:23, 828, 631, 235, 197
track:24, 827, 631, 235, 197
track:25, 828, 630, 235, 197
track:26, 829, 631, 235, 197
init :27, 821, 633, 240, 194
track:28, 821, 633, 240, 194
track:29, 821, 634, 240, 194
track:30, 821, 634, 240, 194
track:31, 821, 634, 240, 194
track:32, 823, 635, 240, 194
track:33, 823, 635, 240, 194
track:34, 824, 634, 240, 194
track:35, 824, 634, 240, 194
track:36, 824, 634, 240, 194
track:37, 823, 633, 240, 194
track:38, 823, 633, 240, 194
track:39, 823, 633, 240, 194
track:40, 823, 633, 240, 194
track:41, 824, 633, 240, 194
track:42, 824, 633, 240, 194
track:43, 824, 633, 240, 194
track:44, 824, 632, 240, 194
track:45, 824, 632, 240, 194
track:46, 824, 633, 240, 194
track:48, 824, 633, 240, 194
track:49, 824, 633, 240, 194
track:50, 824, 632, 240, 194
track:51, 824, 632, 240, 194
track:52, 823, 632, 240, 194
init :53, 830, 633, 230, 197
track:54, 830, 633, 230, 197
track:55, 830, 633, 230, 197
track:56, 830, 633, 230, 197
track:57, 830, 633, 230, 197
track:58, 830, 633, 230, 197
track:59, 830, 632, 230, 197
track:60, 830, 632, 230, 197
track:61, 829, 633, 230, 197
track:62, 829, 632, 230, 197
track:63, 829, 633, 230, 197
track:64, 829, 632, 230, 197
track:65, 828, 632, 230, 197
track:66, 828, 632, 230, 197
track:67, 828, 633, 230, 197
track:68, 828, 633, 230, 197
track:69, 828, 632, 230, 197
track:70, 827, 633, 230, 197
track:71, 828, 633, 230, 197
track:72, 827, 633, 230, 197
track:73, 827, 633, 230, 197
track:74, 827, 634, 230, 197
track:75, 828, 633, 230, 197
track:76, 828, 633, 230, 197
track:77, 828, 633, 230, 197
track:78, 828, 633, 230, 197
init :79, 826, 630, 235, 197
track:80, 826, 630, 235, 197
track:81, 826, 630, 235, 197
track:82, 825, 630, 235, 197
track:83, 826, 631, 235, 197
track:84, 826, 631, 235, 197
track:85, 826, 630, 235, 197
track:86, 826, 631, 235, 197
track:87, 825, 631, 235, 197
track:88, 826, 631, 235, 197
track:89, 826, 631, 235, 197
track:90, 826, 631, 235, 197
track:91, 825, 632, 235, 197
track:92, 827, 631, 235, 197
track:93, 827, 631, 235, 197
track:94, 827, 630, 235, 197
track:95, 826, 631, 235, 197
track:96, 827, 631, 235, 197
track:97, 828, 630, 235, 197
track:98, 828, 630, 235, 197
track:99, 828, 629, 235, 197
track:100, 829, 629, 235, 197
track:101, 830, 629, 235, 197
track:102, 831, 628, 235, 197
track:103, 831, 627, 235, 197
track:104, 831, 627, 235, 197
init :105, 835, 625, 230, 199
track:106, 836, 625, 230, 199
track:107, 837, 623, 230, 199
track:108, 837, 622, 230, 199
track:109, 838, 621, 230, 199
track:110, 838, 620, 230, 199
track:111, 838, 619, 230, 199
track:112, 838, 618, 230, 199
track:113, 831, 610, 241, 209
track:114, 831, 609, 241, 209
track:115, 837, 613, 230, 199
track:116, 839, 613, 230, 199
track:117, 840, 609, 230, 199
track:120, 842, 605, 230, 199
track:121, 843, 604, 230, 199
track:122, 843, 602, 230, 199
track:123, 848, 606, 219, 190
track:124, 847, 606, 219, 190
track:125, 846, 603, 219, 190
track:126, 845, 599, 219, 190
track:127, 849, 603, 209, 180
track:128, 848, 603, 209, 180
track:129, 847, 602, 209, 180
track:130, 848, 605, 209, 180
init :131, 853, 612, 189, 163
track:132, 856, 616, 189, 163
track:133, 857, 617, 189, 163
track:134, 856, 618, 189, 163
track:135, 856, 619, 189, 163
track:136, 857, 620, 189, 163
track:137, 859, 621, 189, 163
track:138, 860, 623, 189, 163
track:139, 861, 622, 189, 163
track:140, 859, 623, 189, 163
track:141, 858, 622, 189, 163
track:142, 857, 622, 189, 163
track:143, 856, 623, 189, 163
track:144, 856, 622, 189, 163
track:145, 852, 627, 189, 163
track:146, 856, 632, 180, 155
track:147, 852, 628, 189, 163
track:148, 853, 630, 189, 163
track:149, 852, 630, 189, 163
track:150, 853, 633, 189, 163
track:151, 852, 637, 189, 163
track:152, 854, 639, 189, 163
track:153, 854, 642, 189, 163
track:154, 854, 643, 189, 163
track:155, 855, 645, 189, 163
track:156, 855, 646, 189, 163
init :157, 863, 649, 170, 158
track:158, 863, 649, 170, 158
track:159, 864, 650, 170, 158
track:160, 863, 651, 170, 158
track:161, 861, 652, 170, 158
track:162, 859, 652, 170, 158
track:163, 858, 652, 170, 158
track:164, 858, 652, 170, 158
track:165, 858, 653, 170, 158
track:166, 858, 654, 170, 158
track:167, 858, 653, 170, 158
track:168, 858, 653, 170, 158
track:169, 858, 653, 170, 158
track:170, 858, 653, 170, 158
track:171, 860, 650, 170, 158
track:172, 861, 650, 170, 158
track:173, 860, 649, 170, 158
track:174, 860, 649, 170, 158
track:175, 858, 650, 170, 158
track:176, 856, 650, 170, 158
track:177, 858, 650, 170, 158
track:178, 860, 650, 170, 158
track:179, 859, 651, 170, 158
track:180, 860, 652, 170, 158
track:181, 861, 653, 170, 158
track:182, 861, 656, 170, 158
init :183, 872, 656, 161, 158
track:184, 872, 656, 161, 158
track:185, 873, 658, 161, 158
track:186, 871, 656, 161, 158
track:187, 867, 652, 161, 158
track:188, 864, 649, 161, 158
track:189, 862, 648, 161, 158
track:190, 860, 647, 161, 158
track:191, 859, 645, 161, 158
track:192, 859, 640, 161, 158
track:193, 858, 639, 161, 158
track:194, 858, 637, 161, 158
track:195, 860, 636, 161, 158
track:196, 861, 635, 161, 158
track:197, 860, 634, 161, 158
track:198, 859, 634, 161, 158
track:199, 857, 634, 161, 158
track:200, 855, 636, 161, 158
track:201, 858, 639, 153, 150
track:202, 857, 637, 153, 150
track:203, 857, 634, 153, 150
track:204, 857, 634, 153, 150
track:205, 857, 631, 153, 150
track:206, 858, 630, 153, 150
track:207, 855, 629, 153, 150
track:208, 854, 628, 153, 150
init :209, 853, 630, 152, 137
track:210, 852, 628, 152, 137
track:211, 851, 627, 152, 137
track:212, 852, 624, 152, 137
track:213, 852, 623, 152, 137
track:214, 852, 623, 152, 137
track:215, 852, 622, 152, 137
track:216, 851, 622, 152, 137
track:217, 852, 622, 152, 137
track:218, 852, 623, 152, 137
track:219, 852, 624, 152, 137
track:220, 852, 628, 152, 137
track:221, 852, 630, 152, 137
track:222, 851, 631, 152, 137
track:223, 851, 632, 152, 137
track:224, 851, 634, 152, 137
track:225, 851, 635, 152, 137
track:226, 855, 637, 145, 130
track:227, 855, 638, 145, 130
track:228, 854, 638, 145, 130
track:229, 855, 639, 145, 130
track:230, 856, 638, 145, 130
track:231, 857, 640, 138, 124
track:232, 856, 637, 138, 124
track:233, 857, 637, 138, 124
track:234, 855, 636, 138, 124
init :235, 853, 646, 129, 106
track:236, 850, 642, 135, 111
track:237, 853, 644, 135, 111
track:238, 853, 644, 135, 111
track:239, 853, 646, 135, 111
track:240, 854, 648, 135, 111
track:241, 854, 650, 135, 111
track:242, 855, 650, 135, 111
track:243, 854, 650, 135, 111
track:244, 854, 650, 135, 111
track:245, 854, 652, 135, 111
track:246, 854, 652, 135, 111
track:247, 854, 653, 135, 111
track:248, 854, 652, 135, 111
track:249, 858, 655, 129, 106
track:250, 857, 656, 129, 106
track:251, 858, 658, 129, 106
track:252, 862, 661, 123, 101
track:253, 862, 661, 123, 101
track:254, 864, 664, 123, 101
track:255, 864, 667, 123, 101
track:256, 863, 667, 123, 101
track:257, 865, 671, 123, 101
track:258, 864, 672, 123, 101
track:259, 865, 673, 123, 101
track:260, 866, 675, 123, 101
init :261, 872, 677, 124, 90
track:262, 872, 678, 124, 90
track:263, 872, 678, 124, 90
track:264, 872, 681, 124, 90
track:265, 873, 682, 124, 90
track:266, 872, 684, 124, 90
track:267, 873, 686, 124, 90
track:268, 873, 686, 124, 90
track:269, 873, 686, 124, 90
track:270, 874, 689, 124, 90
track:271, 874, 693, 124, 90
track:272, 875, 696, 124, 90
track:273, 875, 696, 124, 90
track:274, 875, 698, 124, 90
track:275, 873, 698, 130, 94
track:276, 871, 698, 137, 99
track:277, 873, 701, 137, 99
track:278, 873, 702, 137, 99
track:279, 874, 702, 137, 99
track:280, 873, 698, 144, 104
track:281, 873, 697, 144, 104
track:282, 875, 698, 144, 104
track:283, 876, 699, 144, 104
track:284, 878, 701, 144, 104
track:285, 877, 700, 151, 109
track:286, 878, 700, 151, 109
init :287, 867, 682, 161, 140
track:288, 867, 682, 161, 140
track:289, 867, 679, 161, 140
track:290, 864, 672, 169, 147
track:291, 863, 665, 169, 147
track:292, 865, 660, 169, 147
track:293, 865, 659, 169, 147
track:294, 862, 654, 178, 154
track:295, 865, 651, 178, 154
track:296, 866, 651, 178, 154
track:297, 864, 651, 178, 154
track:298, 860, 649, 186, 162
track:299, 855, 646, 196, 170
track:300, 848, 643, 205, 179
track:301, 841, 640, 216, 188
track:302, 840, 644, 216, 188
track:303, 840, 646, 216, 188
track:304, 834, 646, 227, 197
track:305, 825, 644, 238, 207
track:306, 818, 638, 250, 217
track:307, 811, 630, 262, 228
track:308, 812, 630, 262, 228
track:309, 811, 626, 262, 228
track:310, 810, 620, 262, 228
track:311, 816, 608, 250, 217
track:312, 817, 599, 250, 217
init :313, 812, 607, 263, 218
track:314, 813, 601, 263, 218
track:315, 813, 593, 263, 218
track:316, 813, 586, 263, 218
track:317, 822, 584, 250, 208
track:318, 822, 582, 250, 208
track:319, 823, 581, 250, 208
track:320, 827, 570, 250, 208
track:321, 836, 569, 239, 198
track:322, 838, 567, 239, 198
track:323, 836, 567, 239, 198
track:324, 834, 572, 239, 198
track:325, 841, 574, 227, 188
track:326, 839, 566, 227, 188
track:327, 838, 565, 227, 188
track:328, 838, 566, 227, 188
track:329, 840, 576, 216, 179
track:330, 838, 583, 216, 179
track:331, 837, 586, 216, 179
track:332, 834, 588, 216, 179
track:333, 834, 590, 216, 179
track:334, 834, 592, 216, 179
track:335, 833, 593, 216, 179
track:336, 834, 596, 216, 179
track:337, 835, 597, 216, 179
track:338, 834, 598, 216, 179
init :339, 853, 599, 180, 163
track:340, 853, 598, 180, 163
track:341, 854, 598, 180, 163
track:342, 854, 599, 180, 163
track:343, 854, 598, 180, 163
track:344, 858, 600, 171, 155
track:345, 859, 597, 171, 155
track:346, 863, 601, 163, 148
track:347, 864, 602, 163, 148
track:348, 864, 603, 163, 148
track:349, 863, 606, 163, 148
track:350, 864, 610, 163, 148
track:351, 864, 614, 163, 148
track:352, 865, 618, 163, 148
track:353, 866, 619, 163, 148
track:354, 869, 624, 155, 141
track:355, 872, 626, 148, 134
track:356, 872, 626, 148, 134
track:357, 875, 630, 141, 128
track:358, 873, 631, 141, 128
track:359, 874, 631, 141, 128
track:360, 873, 630, 141, 128
track:361, 872, 630, 141, 128
track:362, 871, 631, 141, 128
track:363, 875, 634, 134, 122
track:364, 875, 634, 134, 122
init :365, 872, 643, 133, 103
track:366, 872, 643, 133, 103
track:367, 871, 645, 133, 103
track:368, 870, 645, 133, 103
track:369, 874, 647, 127, 98
track:370, 873, 652, 127, 98
track:371, 873, 659, 127, 98
track:372, 872, 661, 127, 98
track:373, 872, 661, 127, 98
track:374, 871, 663, 127, 98
track:375, 870, 664, 127, 98
track:376, 867, 664, 127, 98
track:377, 866, 665, 127, 98
track:378, 865, 666, 127, 98
track:379, 865, 667, 127, 98
track:380, 865, 666, 127, 98
track:381, 864, 666, 127, 98
track:382, 862, 666, 127, 98
track:383, 862, 666, 127, 98
track:384, 860, 666, 127, 98
track:385, 863, 666, 121, 93
track:386, 863, 665, 121, 93
track:387, 862, 665, 121, 93
track:388, 862, 665, 121, 93
track:389, 862, 665, 121, 93
track:390, 862, 665, 121, 93
init :391, 867, 667, 110, 88
track:392, 867, 669, 110, 88
track:393, 867, 670, 110, 88
track:394, 867, 671, 110, 88
track:395, 868, 678, 110, 88
track:396, 869, 680, 110, 88
track:397, 871, 684, 110, 88
track:398, 871, 684, 110, 88
track:399, 873, 690, 110, 88
track:400, 873, 694, 110, 88
track:401, 874, 699, 110, 88
track:402, 876, 704, 110, 88
track:403, 876, 704, 110, 88
track:404, 877, 706, 110, 88
track:405, 878, 706, 110, 88
track:406, 878, 706, 110, 88
track:407, 880, 706, 110, 88
track:408, 879, 706, 110, 88
track:409, 879, 705, 110, 88
track:410, 880, 702, 110, 88
track:411, 880, 699, 110, 88
track:412, 881, 697, 110, 88
track:413, 881, 697, 110, 88
track:414, 881, 696, 110, 88
track:415, 881, 697, 110, 88
track:416, 882, 700, 110, 88
init :417, 886, 698, 101, 80
track:418, 886, 698, 101, 80
track:419, 886, 699, 101, 80
track:420, 884, 700, 101, 80
track:421, 882, 700, 101, 80
track:422, 882, 698, 101, 80
track:423, 882, 698, 101, 80
track:424, 882, 694, 101, 80
track:425, 882, 692, 101, 80
track:426, 881, 691, 101, 80
track:427, 883, 691, 96, 76
track:428, 882, 691, 96, 76
track:429, 882, 691, 96, 76
track:430, 879, 689, 101, 80
track:431, 878, 690, 101, 80
track:432, 877, 689, 101, 80
track:433, 877, 689, 101, 80
track:434, 877, 689, 101, 80
track:435, 875, 689, 101, 80
track:436, 875, 690, 101, 80
track:437, 872, 690, 106, 84
track:438, 873, 690, 106, 84
track:439, 873, 691, 106, 84
track:440, 874, 692, 106, 84
track:441, 875, 692, 106, 84
track:442, 875, 692, 106, 84
init :443, 867, 693, 115, 90
track:444, 867, 693, 115, 90
track:445, 866, 695, 115, 90
track:446, 866, 696, 115, 90
track:447, 867, 695, 115, 90
track:448, 867, 695, 115, 90
track:449, 867, 694, 115, 90
track:450, 867, 694, 115, 90
track:451, 868, 694, 115, 90
track:452, 869, 696, 115, 90
track:453, 869, 696, 115, 90
track:454, 870, 697, 115, 90
track:455, 871, 697, 115, 90
track:456, 871, 698, 115, 90
track:457, 871, 697, 115, 90
track:458, 871, 697, 115, 90
track:459, 871, 696, 115, 90
track:460, 871, 694, 115, 90
track:461, 871, 694, 115, 90
track:462, 869, 692, 121, 94
track:463, 869, 692, 121, 94
track:464, 869, 689, 121, 94
track:465, 868, 686, 121, 94
track:466, 864, 685, 127, 99
track:467, 864, 685, 127, 99
track:468, 864, 686, 127, 99
init :469, 867, 685, 129, 103
track:470, 868, 687, 129, 103
track:471, 869, 688, 129, 103
track:472, 869, 688, 129, 103
track:473, 869, 690, 129, 103
track:474, 870, 693, 129, 103
track:475, 869, 690, 135, 108
track:476, 871, 689, 135, 108
track:477, 871, 689, 135, 108
track:478, 872, 689, 135, 108
track:479, 874, 686, 135, 108
track:480, 876, 677, 135, 108
track:481, 874, 672, 142, 114
track:482, 874, 672, 142, 114
track:483, 873, 663, 149, 119
track:484, 874, 661, 149, 119
track:485, 876, 661, 149, 119
track:486, 876, 665, 149, 119
track:487, 876, 666, 149, 119
track:488, 876, 670, 149, 119
track:490, 871, 670, 157, 125
track:491, 869, 671, 157, 125
track:492, 867, 672, 157, 125
track:493, 864, 672, 157, 125
track:494, 864, 671, 157, 125
init :495, 853, 654, 175, 150
track:496, 852, 651, 175, 150
track:497, 851, 650, 175, 150
track:498, 851, 648, 175, 150
track:499, 850, 644, 175, 150
track:500, 848, 640, 175, 150
track:501, 848, 637, 175, 150
track:502, 848, 635, 175, 150
track:503, 848, 633, 175, 150
track:504, 849, 632, 175, 150
track:505, 847, 631, 175, 150
track:506, 846, 630, 175, 150
track:507, 848, 630, 175, 150
track:508, 846, 628, 175, 150
track:509, 846, 624, 175, 150
track:510, 846, 621, 175, 150
track:511, 845, 619, 175, 150
track:512, 845, 618, 175, 150
track:513, 845, 618, 175, 150
track:514, 844, 619, 175, 150
track:515, 844, 621, 175, 150
track:516, 848, 622, 167, 143
track:517, 849, 621, 167, 143
track:518, 848, 619, 167, 143
track:519, 848, 618, 167, 143
track:520, 852, 621, 159, 136
init :521, 858, 625, 152, 111
track:522, 858, 625, 152, 111
track:523, 857, 628, 152, 111
track:524, 858, 630, 152, 111
track:525, 860, 633, 152, 111
track:526, 864, 636, 145, 106
track:527, 864, 636, 145, 106
track:528, 864, 636, 145, 106
track:529, 865, 635, 145, 106
track:530, 865, 634, 145, 106
track:531, 865, 633, 145, 106
track:532, 866, 633, 145, 106
track:533, 866, 634, 145, 106
track:534, 868, 635, 145, 106
track:535, 867, 635, 145, 106
track:536, 869, 639, 138, 101
track:537, 869, 639, 138, 101
track:538, 873, 643, 131, 96
track:539, 873, 645, 131, 96
track:540, 873, 645, 131, 96
track:543, 874, 648, 125, 91
track:544, 875, 648, 125, 91
track:546, 871, 654, 125, 91
init :547, 872, 656, 115, 83
track:548, 871, 658, 115, 83
track:549, 871, 661, 115, 83
track:550, 870, 663, 115, 83
track:551, 868, 664, 115, 83
track:552, 868, 664, 115, 83
track:553, 868, 664, 115, 83
track:554, 868, 664, 115, 83
track:555, 867, 665, 115, 83
track:556, 867, 665, 115, 83
track:557, 867, 665, 115, 83
track:558, 869, 671, 110, 79
track:559, 871, 675, 104, 75
track:560, 871, 678, 104, 75
track:561, 871, 682, 104, 75
track:562, 871, 682, 104, 75
track:563, 871, 684, 104, 75
track:564, 871, 686, 104, 75
track:565, 871, 687, 104, 75
track:566, 871, 689, 104, 75
track:567, 870, 690, 104, 75
track:568, 872, 692, 104, 75
track:569, 873, 693, 104, 75
track:570, 872, 696, 104, 75
track:571, 872, 698, 104, 75
track:572, 872, 699, 104, 75
init :573, 872, 700, 106, 83
track:574, 873, 701, 106, 83
track:575, 873, 701, 106, 83
track:576, 872, 699, 106, 83
track:577, 873, 699, 106, 83
track:578, 871, 695, 111, 87
track:579, 871, 692, 111, 87
track:580, 872, 692, 111, 87
track:581, 873, 693, 111, 87
track:582, 872, 692, 111, 87
track:583, 871, 695, 111, 87
track:584, 872, 696, 111, 87
track:585, 870, 696, 111, 87
track:586, 871, 696, 111, 87
track:587, 871, 697, 111, 87
track:588, 872, 697, 111, 87
track:589, 872, 696, 111, 87
track:590, 871, 696, 111, 87
track:591, 869, 696, 111, 87
track:592, 866, 695, 117, 92
track:593, 866, 693, 117, 92
track:594, 866, 691, 117, 92
track:595, 866, 683, 117, 92
track:596, 865, 681, 117, 92
track:597, 865, 680, 117, 92
track:598, 865, 676, 117, 92
init :599, 867, 669, 110, 96
track:600, 867, 667, 110, 96
track:601, 869, 667, 110, 96
track:602, 870, 667, 110, 96
track:603, 869, 666, 110, 96
track:604, 868, 661, 110, 96
track:605, 868, 659, 110, 96
track:606, 868, 658, 110, 96
track:607, 865, 655, 115, 101
track:608, 866, 656, 115, 101
track:609, 867, 656, 115, 101
track:610, 866, 657, 115, 101
track:611, 866, 660, 115, 101
track:612, 866, 661, 115, 101
track:613, 863, 661, 121, 106
track:614, 864, 663, 121, 106
track:615, 864, 666, 121, 106
track:616, 864, 667, 121, 106
track:617, 864, 668, 121, 106
track:618, 864, 667, 121, 106
track:619, 864, 666, 121, 106
track:620, 864, 665, 121, 106
track:621, 865, 664, 121, 106
track:622, 865, 664, 121, 106
track:623, 865, 663, 121, 106
track:624, 861, 660, 127, 111
init :625, 858, 656, 133, 114
track:626, 862, 659, 127, 109
track:627, 863, 659, 127, 109
track:628, 864, 660, 127, 109
track:629, 864, 660, 127, 109
track:630, 864, 659, 127, 109
track:631, 860, 656, 133, 114
track:632, 859, 656, 133, 114
track:633, 861, 659, 133, 114
track:634, 859, 659, 140, 120
track:635, 859, 661, 140, 120
track:636, 860, 663, 140, 120
track:637, 860, 662, 140, 120
track:638, 862, 663, 140, 120
track:639, 862, 664, 140, 120
track:640, 863, 663, 140, 120
track:641, 860, 658, 147, 126
track:642, 860, 658, 147, 126
track:643, 860, 656, 147, 126
track:644, 860, 655, 147, 126
track:645, 860, 645, 147, 126
track:646, 861, 644, 147, 126
track:647, 861, 643, 147, 126
track:648, 861, 643, 147, 126
track:649, 860, 644, 147, 126
track:650, 862, 644, 147, 126
init :651, 872, 651, 143, 122
track:652, 872, 651, 143, 122
track:653, 872, 652, 143, 122
track:654, 873, 653, 143, 122
track:655, 871, 653, 150, 128
track:656, 871, 656, 150, 128
track:657, 871, 657, 150, 128
track:658, 873, 659, 150, 128
track:659, 875, 659, 150, 128
track:660, 875, 659, 150, 128
track:661, 875, 659, 150, 128
track:662, 876, 659, 150, 128
track:663, 877, 659, 150, 128
track:664, 878, 657, 150, 128
track:665, 883, 658, 143, 122
track:666, 883, 657, 143, 122
track:667, 882, 655, 143, 122
track:668, 884, 653, 143, 122
track:669, 883, 652, 143, 122
track:670, 883, 651, 143, 122
track:671, 881, 652, 143, 122
track:672, 881, 653, 143, 122
track:673, 879, 652, 143, 122
track:674, 878, 651, 143, 122
track:675, 877, 650, 143, 122
track:676, 875, 650, 143, 122
init :677, 872, 651, 143, 103
track:678, 871, 654, 143, 103
track:679, 870, 663, 143, 103
track:680, 870, 670, 143, 103
track:681, 871, 672, 143, 103
track:682, 871, 672, 143, 103
track:683, 866, 669, 150, 108
track:684, 865, 669, 150, 108
track:685, 861, 669, 158, 114
track:686, 861, 670, 158, 114
track:687, 861, 672, 158, 114
track:688, 861, 671, 158, 114
track:689, 860, 669, 158, 114
track:690, 858, 667, 158, 114
track:691, 858, 666, 158, 114
track:692, 861, 668, 150, 108
track:693, 860, 667, 150, 108
track:694, 860, 666, 150, 108
track:695, 861, 665, 150, 108
track:696, 860, 663, 150, 108
track:697, 860, 663, 150, 108
track:698, 857, 663, 150, 108
track:699, 854, 663, 150, 108
track:700, 854, 665, 150, 108
track:701, 854, 666, 150, 108
track:702, 855, 666, 150, 108
init :703, 858, 672, 147, 122
track:704, 857, 675, 147, 122
track:705, 857, 681, 147, 122
track:706, 855, 683, 147, 122
track:707, 855, 683, 147, 122
track:708, 855, 685, 147, 122
track:709, 855, 685, 147, 122
track:710, 854, 684, 147, 122
track:711, 855, 683, 147, 122
track:712, 855, 681, 147, 122
track:713, 854, 679, 147, 122
track:714, 854, 678, 147, 122
track:715, 850, 677, 154, 128
track:716, 853, 680, 147, 122
track:717, 853, 682, 147, 122
track:718, 854, 682, 147, 122
track:719, 855, 682, 147, 122
track:720, 856, 682, 147, 122
track:721, 856, 682, 147, 122
track:722, 857, 683, 147, 122
track:723, 856, 682, 147, 122
track:724, 857, 679, 147, 122
track:725, 856, 676, 147, 122
track:726, 854, 672, 154, 128
track:727, 854, 671, 154, 128
track:728, 854, 668, 154, 128
init :729, 853, 654, 152, 124
track:730, 853, 653, 152, 124
track:731, 853, 653, 152, 124
track:732, 854, 653, 152, 124
track:733, 850, 649, 160, 130
track:734, 855, 648, 152, 124
track:735, 856, 642, 152, 124
track:736, 856, 642, 152, 124
track:737, 856, 641, 152, 124
track:738, 855, 639, 152, 124
track:739, 851, 637, 160, 130
track:740, 853, 638, 160, 130
track:741, 854, 639, 160, 130
track:742, 854, 639, 160, 130
track:743, 852, 640, 160, 130
track:744, 852, 639, 160, 130
track:745, 853, 637, 160, 130
track:746, 853, 638, 160, 130
track:747, 854, 636, 160, 130
track:748, 853, 627, 160, 130
track:749, 852, 621, 160, 130
track:750, 851, 621, 160, 130
track:751, 853, 625, 152, 124
track:752, 853, 626, 152, 124
track:753, 854, 627, 152, 124
track:754, 856, 627, 152, 124
init :755, 853, 633, 161, 111
track:756, 853, 633, 161, 111
track:757, 854, 632, 161, 111
track:758, 849, 629, 169, 117
track:759, 848, 630, 169, 117
track:760, 853, 637, 161, 111
track:761, 853, 638, 161, 111
track:762, 855, 639, 161, 111
track:763, 856, 637, 161, 111
track:764, 858, 638, 161, 111
track:765, 857, 639, 161, 111
track:766, 861, 640, 153, 106
track:767, 859, 641, 153, 106
track:768, 860, 642, 153, 106
track:769, 861, 644, 153, 106
track:770, 863, 653, 153, 106
track:771, 864, 654, 153, 106
track:772, 868, 656, 146, 101
track:773, 869, 654, 146, 101
track:774, 870, 654, 146, 101
track:775, 871, 654, 146, 101
track:776, 871, 654, 146, 101
track:777, 875, 656, 139, 96
track:778, 876, 655, 139, 96
track:779, 878, 655, 139, 96
track:780, 881, 657, 132, 91
init :781, 881, 651, 133, 98
track:782, 881, 651, 133, 98
track:783, 880, 652, 133, 98
track:784, 880, 652, 133, 98
track:785, 879, 653, 133, 98
track:786, 879, 653, 133, 98
track:787, 878, 653, 133, 98
track:788, 881, 655, 127, 93
track:789, 881, 656, 127, 93
track:790, 880, 656, 127, 93
track:791, 880, 656, 127, 93
track:792, 879, 655, 127, 93
track:793, 879, 656, 127, 93
track:794, 879, 657, 127, 93
track:795, 879, 661, 127, 93
track:796, 879, 662, 127, 93
track:797, 879, 661, 127, 93
track:798, 879, 660, 127, 93
track:799, 879, 662, 127, 93
track:800, 880, 663, 127, 93
track:801, 879, 663, 127, 93
track:802, 879, 664, 127, 93
track:803, 878, 664, 127, 93
track:804, 875, 663, 133, 98
track:805, 878, 665, 127, 93
track:806, 877, 666, 127, 93
init :807, 872, 659, 138, 109
track:808, 871, 660, 138, 109
track:809, 872, 661, 138, 109
track:810, 873, 664, 138, 109
track:811, 873, 665, 138, 109
track:812, 872, 666, 138, 109
track:813, 870, 665, 138, 109
track:814, 869, 666, 138, 109
track:815, 868, 665, 138, 109
track:816, 867, 666, 138, 109
track:817, 867, 668, 138, 109
track:818, 867, 674, 138, 109
track:819, 867, 676, 138, 109
track:820, 866, 687, 138, 109
track:821, 864, 688, 138, 109
track:822, 860, 686, 145, 114
track:823, 860, 685, 145, 114
track:824, 860, 684, 145, 114
track:825, 855, 682, 152, 120
track:826, 855, 682, 152, 120
track:827, 854, 686, 152, 120
track:828, 858, 694, 145, 114
track:829, 855, 693, 152, 120
track:830, 857, 695, 152, 120
track:831, 857, 696, 152, 120
track:832, 858, 696, 152, 120
init :833, 844, 677, 175, 155
track:834, 839, 669, 184, 163
track:835, 839, 659, 184, 163
track:836, 840, 660, 184, 163
track:837, 839, 656, 184, 163
track:838, 837, 654, 184, 163
track:839, 836, 649, 184, 163
track:840, 834, 643, 184, 163
track:841, 834, 642, 184, 163
track:842, 831, 641, 184, 163
track:843, 827, 637, 184, 163
track:844, 826, 634, 184, 163
track:845, 822, 620, 184, 163
track:846, 816, 615, 193, 171
track:847, 813, 608, 193, 171
track:848, 814, 602, 193, 171
track:849, 812, 600, 193, 171
track:850, 812, 598, 193, 171
track:851, 811, 598, 193, 171
track:852, 815, 595, 193, 171
track:853, 819, 590, 193, 171
track:854, 821, 590, 193, 171
track:855, 821, 594, 193, 171
track:856, 821, 595, 193, 171
track:857, 821, 597, 193, 171
track:858, 817, 591, 203, 179
init :859, 830, 594, 198, 166
track:860, 830, 592, 198, 166
track:861, 830, 592, 198, 166
track:862, 830, 594, 198, 166
track:863, 832, 600, 198, 166
track:864, 832, 605, 198, 166
track:865, 832, 612, 198, 166
track:866, 832, 611, 198, 166
track:867, 832, 615, 198, 166
track:868, 833, 618, 198, 166
track:869, 834, 619, 198, 166
track:870, 834, 624, 198, 166
track:871, 834, 625, 198, 166
track:872, 834, 625, 198, 166
track:873, 834, 625, 198, 166
track:874, 837, 624, 198, 166
track:875, 836, 624, 198, 166
track:876, 842, 629, 189, 158
track:877, 842, 630, 189, 158
track:878, 849, 633, 180, 151
track:879, 850, 632, 180, 151
track:880, 850, 632, 180, 151
track:881, 850, 634, 180, 151
track:882, 850, 632, 180, 151
track:883, 853, 632, 180, 151
track:884, 858, 634, 171, 143
init :885, 872, 643, 138, 116
track:886, 872, 643, 138, 116
track:887, 875, 645, 138, 116
track:888, 875, 645, 138, 116
track:889, 875, 645, 138, 116
track:890, 877, 644, 138, 116
track:891, 877, 644, 138, 116
track:892, 879, 642, 138, 116
track:893, 879, 642, 138, 116
track:894, 880, 642, 138, 116
track:895, 881, 643, 138, 116
track:896, 882, 642, 138, 116
track:897, 881, 642, 138, 116
track:898, 880, 642, 138, 116
track:899, 877, 640, 138, 116
track:900, 878, 644, 131, 110
track:901, 878, 643, 131, 110
track:902, 881, 648, 125, 105
track:903, 880, 649, 125, 105
track:904, 881, 649, 125, 105
track:905, 881, 648, 125, 105
track:906, 880, 648, 125, 105
track:907, 852, 629, 125, 105
track:908, 845, 626, 125, 105
track:909, 835, 627, 125, 105
track:910, 828, 631, 131, 110
init :911, 803, 558, 290, 262
track:912, 797, 556, 304, 275
track:913, 797, 558, 304, 275
track:914, 798, 561, 304, 275
track:915, 799, 566, 304, 275
track:916, 806, 572, 290, 262
track:917, 800, 568, 304, 275
track:918, 807, 576, 290, 262
track:919, 814, 583, 276, 250
track:920, 805, 578, 290, 262
track:921, 804, 578, 290, 262
track:922, 801, 577, 290, 262
track:923, 795, 575, 290, 262
track:924, 790, 575, 290, 262
track:925, 786, 573, 290, 262
track:926, 784, 574, 290, 262
track:927, 782, 575, 290, 262
track:928, 775, 574, 290, 262
track:929, 770, 574, 290, 262
track:930, 767, 574, 290, 262
track:931, 766, 574, 290, 262
track:932, 764, 574, 290, 262
track:933, 765, 573, 290, 262
track:934, 763, 569, 290, 262
track:935, 765, 566, 290, 262
track:936, 764, 567, 290, 262
init :937, 775, 565, 313, 249
track:938, 775, 565, 313, 249
track:939, 777, 565, 313, 249
track:940, 779, 563, 313, 249
track:941, 788, 570, 298, 237
track:942, 781, 562, 313, 249
track:943, 780, 561, 313, 249
track:944, 779, 560, 313, 249
track:945, 779, 560, 313, 249
track:946, 780, 559, 313, 249
track:947, 775, 561, 313, 249
track:948, 772, 561, 313, 249
track:949, 767, 563, 313, 249
track:950, 763, 565, 313, 249
track:951, 762, 567, 313, 249
track:952, 760, 567, 313, 249
track:953, 758, 568, 313, 249
track:954, 756, 568, 313, 249
track:955, 760, 577, 298, 237
track:956, 753, 572, 313, 249
track:957, 753, 574, 313, 249
track:958, 752, 574, 313, 249
track:959, 743, 567, 329, 261
track:960, 750, 577, 313, 249
track:961, 749, 576, 313, 249
track:962, 748, 579, 313, 249
init :963, 738, 586, 392, 236
track:964, 735, 587, 392, 236
track:965, 734, 587, 392, 236
track:966, 733, 588, 392, 236
track:967, 730, 590, 392, 236
track:968, 729, 589, 392, 236
track:969, 726, 590, 392, 236
track:970, 724, 590, 392, 236
track:971, 720, 590, 392, 236
track:972, 714, 592, 392, 236
track:973, 712, 592, 392, 236
track:974, 709, 591, 392, 236
track:975, 711, 591, 392, 236
track:976, 707, 590, 392, 236
track:977, 702, 591, 392, 236
track:978, 702, 593, 392, 236
track:979, 701, 594, 392, 236
track:980, 701, 595, 392, 236
track:981, 709, 601, 373, 225
track:982, 707, 603, 373, 225
track:983, 711, 603, 373, 225
track:984, 711, 604, 373, 225
track:985, 711, 604, 373, 225
track:986, 711, 605, 373, 225
track:987, 711, 605, 373, 225
track:988, 711, 606, 373, 225
init :989, 696, 586, 507, 249
track:990, 696, 586, 507, 249
track:991, 696, 586, 507, 249
track:992, 695, 586, 507, 249
track:993, 696, 587, 507, 249
track:994, 697, 584, 507, 249
track:995, 682, 578, 532, 261
track:996, 684, 577, 532, 261
track:997, 690, 574, 532, 261
track:998, 691, 572, 532, 261
track:999, 708, 576, 507, 249
track:1000, 696, 570, 532, 261
track:1001, 702, 570, 532, 261
track:1002, 718, 573, 507, 249
track:1003, 724, 569, 507, 249
track:1004, 727, 566, 507, 249
track:1005, 725, 568, 507, 249
track:1006, 733, 565, 507, 249
track:1007, 730, 561, 507, 249
track:1008, 730, 560, 507, 249
track:1009, 730, 558, 507, 249
track:1010, 729, 555, 507, 249
track:1011, 735, 561, 483, 237
track:1012, 734, 560, 483, 237
track:1013, 743, 567, 460, 226
track:1014, 740, 567, 460, 226
init :1015, 761, 576, 470, 189
track:1016, 757, 575, 470, 189
track:1017, 752, 577, 470, 189
track:1018, 748, 577, 470, 189
track:1019, 756, 581, 448, 180
track:1020, 755, 580, 448, 180
track:1021, 754, 580, 448, 180
track:1022, 762, 582, 426, 171
track:1023, 760, 582, 426, 171
track:1024, 758, 581, 426, 171
track:1025, 758, 580, 426, 171
track:1026, 758, 579, 426, 171
track:1027, 746, 575, 448, 180
track:1028, 738, 577, 448, 180
track:1029, 746, 583, 426, 171
track:1030, 744, 583, 426, 171
track:1031, 751, 586, 406, 163
track:1032, 756, 591, 387, 155
track:1033, 752, 593, 387, 155
track:1034, 747, 593, 387, 155
track:1035, 746, 594, 387, 155
track:1036, 745, 598, 387, 155
track:1037, 741, 600, 387, 155
track:1038, 739, 603, 387, 155
track:1039, 730, 601, 406, 163
track:1040, 731, 602, 406, 163
init :1041, 738, 607, 438, 150
track:1042, 736, 606, 438, 150
track:1043, 724, 604, 460, 158
track:1044, 725, 607, 460, 158
track:1045, 736, 610, 438, 150
track:1046, 745, 615, 417, 143
track:1047, 746, 615, 417, 143
track:1048, 749, 615, 417, 143
track:1049, 744, 612, 438, 150
track:1050, 744, 612, 438, 150
track:1051, 748, 608, 438, 150
track:1052, 755, 606, 438, 150
track:1053, 752, 603, 460, 158
track:1054, 771, 606, 438, 150
track:1055, 784, 610, 417, 143
track:1056, 788, 611, 417, 143
track:1057, 791, 611, 417, 143
track:1058, 794, 612, 417, 143
track:1059, 795, 613, 417, 143
track:1060, 785, 611, 438, 150
track:1061, 785, 614, 438, 150
track:1062, 785, 614, 438, 150
track:1063, 781, 613, 438, 150
track:1064, 776, 610, 438, 150
track:1065, 785, 612, 417, 143
track:1066, 780, 615, 417, 143
init :1067, 775, 617, 443, 132
track:1068, 770, 616, 443, 132
track:1069, 748, 614, 465, 139
track:1070, 746, 614, 465, 139
track:1071, 745, 613, 465, 139
track:1072, 715, 609, 488, 146
track:1073, 717, 613, 465, 139
track:1074, 696, 610, 488, 146
track:1075, 694, 610, 488, 146
track:1076, 681, 609, 488, 146
track:1077, 677, 611, 488, 146
track:1078, 661, 609, 488, 146
track:1079, 652, 613, 488, 146
track:1080, 659, 616, 465, 139
track:1081, 663, 620, 443, 132
track:1082, 648, 616, 465, 139
track:1083, 646, 617, 465, 139
track:1084, 632, 615, 488, 146
track:1085, 640, 618, 465, 139
track:1086, 637, 617, 465, 139
track:1087, 637, 616, 465, 139
track:1088, 638, 616, 465, 139
track:1089, 638, 615, 465, 139
track:1090, 640, 615, 465, 139
track:1091, 640, 618, 465, 139
track:1092, 636, 618, 465, 139
init :1093, 673, 628, 456, 140
track:1094, 673, 628, 456, 140
track:1095, 673, 628, 456, 140
track:1096, 675, 629, 456, 140
track:1097, 679, 629, 456, 140
track:1098, 680, 631, 456, 140
track:1099, 681, 631, 456, 140
track:1100, 683, 631, 456, 140
track:1101, 672, 627, 479, 147
track:1102, 684, 629, 456, 140
track:1103, 680, 629, 456, 140
track:1104, 685, 629, 456, 140
track:1105, 683, 631, 456, 140
track:1106, 684, 631, 456, 140
track:1107, 690, 632, 456, 140
track:1108, 687, 634, 456, 140
track:1109, 678, 635, 456, 140
track:1110, 680, 636, 456, 140
track:1111, 674, 637, 456, 140
track:1112, 657, 632, 479, 147
track:1113, 665, 636, 456, 140
track:1114, 664, 636, 456, 140
track:1115, 663, 636, 456, 140
track:1116, 658, 637, 456, 140
track:1117, 649, 638, 456, 140
track:1118, 678, 641, 434, 133
init :1119, 701, 630, 406, 181
track:1120, 701, 630, 406, 181
track:1121, 698, 631, 406, 181
track:1122, 695, 633, 406, 181
track:1123, 699, 633, 406, 181
track:1124, 684, 628, 426, 190
track:1125, 681, 629, 426, 190
track:1126, 682, 630, 426, 190
track:1127, 680, 627, 426, 190
track:1128, 692, 630, 406, 181
track:1129, 698, 632, 406, 181
track:1130, 714, 635, 387, 172
track:1131, 718, 636, 387, 172
track:1132, 726, 637, 387, 172
track:1133, 731, 637, 387, 172
track:1134, 697, 627, 406, 181
track:1135, 701, 628, 406, 181
track:1136, 691, 627, 406, 181
track:1137, 702, 630, 387, 172
track:1138, 696, 623, 387, 172
track:1139, 674, 613, 406, 181
track:1140, 673, 610, 406, 181
track:1141, 669, 608, 406, 181
track:1142, 662, 609, 406, 181
track:1143, 649, 614, 406, 181
track:1144, 640, 616, 406, 181
init :1145, 821, 630, 203, 184
track:1146, 815, 630, 203, 184
track:1147, 808, 631, 203, 184
track:1148, 798, 631, 203, 184
track:1149, 790, 632, 203, 184
track:1150, 789, 632, 203, 184
track:1151, 785, 632, 203, 184
track:1152, 783, 633, 203, 184
track:1153, 781, 633, 203, 184
track:1154, 778, 633, 203, 184
track:1155, 782, 633, 203, 184
track:1156, 787, 636, 203, 184
track:1157, 793, 644, 193, 175
track:1158, 786, 642, 193, 175
track:1159, 796, 642, 193, 175
track:1160, 797, 641, 193, 175
track:1161, 791, 636, 203, 184
track:1162, 796, 637, 203, 184
track:1163, 798, 638, 203, 184
track:1164, 802, 643, 193, 175
track:1165, 797, 644, 193, 175
track:1166, 805, 644, 193, 175
track:1167, 791, 640, 203, 184
track:1168, 782, 640, 203, 184
track:1169, 777, 641, 203, 184
track:1170, 778, 640, 203, 184
init :1171, 761, 638, 346, 168
track:1172, 761, 639, 346, 168
track:1173, 761, 639, 346, 168
track:1174, 762, 639, 346, 168
track:1175, 763, 639, 346, 168
track:1176, 766, 636, 346, 168
track:1177, 767, 636, 346, 168
track:1178, 765, 636, 346, 168
track:1179, 763, 633, 346, 168
track:1180, 768, 631, 346, 168
track:1181, 765, 631, 346, 168
track:1182, 766, 628, 346, 168
track:1183, 761, 627, 346, 168
track:1184, 774, 629, 330, 160
track:1185, 771, 625, 346, 168
track:1186, 756, 620, 363, 176
track:1187, 752, 618, 363, 176
track:1188, 764, 615, 363, 176
track:1189, 781, 616, 363, 176
track:1190, 787, 613, 381, 185
track:1191, 768, 616, 381, 185
track:1192, 771, 617, 381, 185
track:1193, 763, 612, 401, 194
track:1194, 754, 615, 401, 194
track:1195, 785, 609, 401, 194
track:1196, 774, 614, 401, 194
init :1197, 793, 630, 373, 111
track:1198, 791, 630, 373, 111
track:1199, 796, 632, 355, 106
track:1200, 788, 630, 373, 111
track:1201, 787, 629, 373, 111
track:1202, 788, 628, 373, 111
track:1203, 799, 631, 355, 106
track:1204, 802, 630, 355, 106
track:1205, 804, 630, 355, 106
track:1206, 808, 629, 355, 106
track:1207, 810, 630, 355, 106
track:1208, 820, 633, 338, 101
track:1209, 821, 633, 338, 101
track:1210, 829, 633, 338, 101
track:1211, 832, 634, 338, 101
track:1212, 829, 632, 355, 106
track:1213, 823, 631, 373, 111
track:1214, 822, 630, 373, 111
track:1215, 836, 635, 355, 106
track:1216, 834, 635, 355, 106
track:1217, 834, 635, 355, 106
track:1218, 838, 637, 355, 106
track:1219, 844, 638, 338, 101
track:1220, 840, 638, 355, 106
track:1221, 833, 638, 355, 106
track:1222, 839, 641, 338, 101
init :1223, 886, 654, 300, 96
track:1224, 886, 654, 300, 96
track:1225, 894, 657, 286, 91
track:1226, 894, 658, 286, 91
track:1227, 893, 658, 286, 91
track:1228, 892, 659, 286, 91
track:1229, 891, 659, 286, 91
track:1230, 891, 660, 286, 91
track:1231, 891, 660, 286, 91
track:1232, 898, 662, 272, 87
track:1233, 901, 665, 259, 83
track:1234, 900, 665, 259, 83
track:1235, 899, 667, 259, 83
track:1236, 901, 670, 247, 79
track:1237, 897, 670, 247, 79
track:1238, 897, 670, 247, 79
track:1239, 897, 670, 247, 79
track:1240, 890, 668, 259, 83
track:1241, 877, 666, 272, 87
track:1242, 886, 669, 259, 83
track:1243, 890, 670, 247, 79
track:1244, 879, 671, 259, 83
track:1245, 870, 674, 259, 83
track:1246, 873, 676, 259, 83
track:1247, 953, 673, 259, 83
track:1248, 949, 675, 259, 83
init :1249, 950, 669, 170, 93
track:1250, 947, 669, 170, 93
track:1251, 943, 667, 170, 93
track:1252, 936, 666, 170, 93
track:1253, 932, 665, 170, 93
track:1254, 934, 666, 162, 89
track:1255, 932, 667, 154, 84
track:1256, 924, 665, 154, 84
track:1257, 918, 663, 154, 84
track:1258, 919, 664, 147, 80
track:1259, 923, 665, 140, 77
track:1260, 911, 660, 147, 80
track:1261, 910, 658, 147, 80
track:1262, 901, 659, 147, 80
track:1263, 894, 657, 147, 80
track:1264, 898, 660, 140, 77
track:1265, 897, 660, 147, 80
track:1266, 897, 660, 147, 80
track:1267, 896, 656, 147, 80
track:1268, 897, 656, 147, 80
track:1269, 894, 656, 147, 80
track:1270, 896, 655, 147, 80
track:1271, 895, 654, 147, 80
track:1272, 892, 652, 147, 80
track:1273, 890, 651, 147, 80
track:1274, 887, 649, 147, 80
init :1275, 927, 656, 120, 77
track:1276, 923, 657, 120, 77
track:1277, 917, 655, 126, 81
track:1278, 911, 657, 120, 77
track:1279, 912, 658, 120, 77
track:1280, 905, 658, 120, 77
track:1281, 897, 658, 120, 77
track:1282, 890, 659, 120, 77
track:1283, 889, 659, 120, 77
track:1284, 887, 659, 120, 77
track:1285, 878, 660, 120, 77
track:1286, 874, 658, 120, 77
track:1287, 872, 658, 120, 77
track:1288, 869, 658, 120, 77
track:1289, 871, 659, 114, 73
track:1290, 869, 658, 120, 77
track:1291, 869, 659, 120, 77
track:1292, 865, 657, 120, 77
track:1293, 864, 660, 114, 73
track:1294, 866, 661, 109, 70
track:1295, 864, 661, 109, 70
track:1296, 864, 663, 104, 67
track:1297, 864, 662, 104, 67
track:1298, 865, 664, 99, 63
track:1299, 864, 665, 99, 63
track:1300, 864, 665, 99, 63
init :1301, 863, 662, 152, 64
track:1302, 864, 662, 152, 64
track:1303, 863, 662, 152, 64
track:1304, 863, 662, 152, 64
track:1305, 864, 662, 152, 64
track:1306, 866, 662, 152, 64
track:1307, 866, 663, 152, 64
track:1308, 866, 664, 152, 64
track:1309, 867, 664, 152, 64
track:1310, 868, 663, 152, 64
track:1311, 869, 665, 152, 64
track:1312, 869, 664, 152, 64
track:1313, 868, 665, 152, 64
track:1314, 868, 665, 152, 64
track:1315, 868, 666, 152, 64
track:1316, 868, 666, 152, 64
track:1317, 864, 666, 152, 64
track:1318, 864, 667, 152, 64
track:1319, 863, 667, 152, 64
track:1320, 856, 666, 160, 67
track:1321, 860, 667, 152, 64
track:1322, 861, 668, 152, 64
track:1323, 862, 668, 152, 64
track:1324, 863, 668, 152, 64
track:1325, 862, 669, 152, 64
track:1326, 867, 672, 145, 61
init :1327, 867, 675, 170, 57
track:1328, 868, 675, 170, 57
track:1329, 869, 675, 170, 57
track:1330, 869, 675, 170, 57
track:1331, 870, 676, 170, 57
track:1332, 866, 676, 170, 57
track:1333, 860, 676, 170, 57
track:1334, 859, 675, 170, 57
track:1335, 857, 676, 170, 57
track:1336, 852, 676, 170, 57
track:1337, 847, 676, 170, 57
track:1338, 841, 675, 178, 60
track:1339, 840, 675, 178, 60
track:1340, 844, 676, 170, 57
track:1341, 839, 675, 178, 60
track:1342, 838, 674, 178, 60
track:1343, 842, 676, 170, 57
track:1344, 842, 677, 170, 57
track:1345, 843, 676, 170, 57
track:1346, 843, 677, 170, 57
track:1347, 843, 677, 170, 57
track:1348, 838, 676, 178, 60
track:1349, 837, 677, 178, 60
track:1350, 836, 677, 178, 60
track:1351, 835, 678, 178, 60
track:1352, 834, 678, 178, 60
init :1353, 844, 682, 175, 49
track:1354, 844, 682, 175, 49
track:1355, 844, 682, 175, 49
track:1356, 844, 683, 175, 49
track:1357, 845, 683, 175, 49
track:1358, 846, 683, 175, 49
track:1359, 849, 684, 167, 47
track:1360, 849, 684, 167, 47
track:1361, 848, 684, 167, 47
track:1362, 849, 685, 167, 47
track:1363, 851, 686, 167, 47
track:1364, 850, 686, 167, 47
track:1365, 850, 686, 167, 47
track:1366, 844, 685, 175, 49
track:1367, 843, 686, 175, 49
track:1368, 844, 686, 175, 49
track:1369, 843, 686, 175, 49
track:1370, 840, 686, 184, 51
track:1371, 839, 687, 184, 51
track:1372, 838, 687, 184, 51
track:1373, 833, 688, 184, 51
track:1374, 834, 689, 184, 51
track:1375, 832, 689, 184, 51
track:1376, 831, 689, 184, 51
track:1377, 830, 689, 184, 51
track:1378, 823, 689, 184, 51
init :1379, 830, 693, 189, 62
track:1380, 825, 693, 189, 62
track:1381, 817, 692, 198, 65
track:1382, 815, 694, 198, 65
track:1383, 808, 693, 208, 68
track:1384, 811, 695, 198, 65
track:1385, 810, 696, 198, 65
track:1386, 811, 698, 198, 65
track:1387, 817, 700, 189, 62
track:1388, 819, 701, 189, 62
track:1389, 820, 701, 189, 62
track:1390, 819, 700, 198, 65
track:1391, 821, 702, 198, 65
track:1392, 825, 703, 198, 65
track:1393, 830, 704, 198, 65
track:1394, 833, 705, 198, 65
track:1395, 829, 705, 208, 68
track:1396, 835, 707, 198, 65
track:1397, 836, 707, 198, 65
track:1398, 836, 708, 198, 65
track:1399, 836, 709, 198, 65
track:1400, 832, 710, 198, 65
track:1401, 826, 711, 198, 65
track:1402, 816, 709, 208, 68
track:1403, 812, 710, 208, 68
track:1404, 811, 711, 208, 68
init :1405, 807, 713, 216, 70
track:1406, 805, 713, 216, 70
track:1407, 802, 713, 216, 70
track:1408, 800, 713, 216, 70
track:1409, 799, 713, 216, 70
track:1410, 797, 714, 216, 70
track:1411, 802, 716, 206, 67
track:1412, 803, 716, 206, 67
track:1413, 803, 716, 206, 67
track:1414, 804, 717, 206, 67
track:1415, 801, 715, 216, 70
track:1416, 796, 715, 227, 74
track:1417, 796, 716, 227, 74
track:1418, 788, 716, 238, 77
track:1419, 788, 716, 238, 77
track:1420, 787, 717, 238, 77
track:1421, 785, 718, 238, 77
track:1422, 785, 719, 238, 77
track:1423, 785, 720, 238, 77
track:1424, 785, 720, 238, 77
track:1425, 787, 720, 238, 77
track:1426, 786, 720, 238, 77
track:1427, 778, 719, 250, 81
track:1428, 785, 721, 238, 77
track:1429, 785, 722, 238, 77
track:1430, 785, 722, 238, 77
init :1431, 789, 719, 249, 98
track:1432, 793, 720, 237, 93
track:1433, 793, 721, 237, 93
track:1434, 793, 721, 237, 93
track:1435, 790, 723, 237, 93
track:1436, 788, 724, 237, 93
track:1437, 786, 725, 237, 93
track:1438, 781, 724, 249, 98
track:1439, 786, 727, 237, 93
track:1440, 785, 729, 237, 93
track:1441, 782, 730, 237, 93
track:1442, 783, 732, 226, 89
track:1443, 778, 732, 226, 89
track:1444, 778, 732, 226, 89
track:1445, 772, 732, 226, 89
track:1446, 763, 731, 237, 93
track:1447, 760, 730, 237, 93
track:1448, 753, 727, 249, 98
track:1449, 754, 726, 249, 98
track:1450, 753, 727, 249, 98
track:1451, 757, 724, 249, 98
track:1452, 758, 724, 249, 98
track:1453, 764, 724, 249, 98
track:1454, 769, 723, 249, 98
track:1455, 775, 725, 237, 93
track:1456, 789, 722, 249, 98
init :1457, 807, 711, 226, 140
track:1458, 810, 711, 226, 140
track:1459, 810, 712, 226, 140
track:1460, 813, 712, 226, 140
track:1461, 816, 712, 226, 140
track:1462, 819, 714, 226, 140
track:1463, 824, 718, 215, 133
track:1464, 824, 718, 215, 133
track:1465, 827, 717, 215, 133
track:1466, 827, 719, 215, 133
track:1467, 823, 719, 215, 133
track:1468, 822, 718, 215, 133
track:1469, 821, 718, 215, 133
track:1470, 813, 715, 226, 140
track:1471, 804, 712, 226, 140
track:1472, 790, 703, 226, 140
track:1473, 790, 702, 226, 140
track:1474, 788, 700, 226, 140
track:1475, 788, 697, 226, 140
track:1476, 782, 697, 226, 140
track:1477, 774, 688, 237, 147
track:1478, 772, 687, 237, 147
track:1479, 770, 684, 237, 147
track:1480, 769, 681, 237, 147
track:1481, 781, 683, 226, 140
track:1482, 782, 681, 226, 140
init :1483, 853, 662, 198, 163
track:1484, 863, 665, 189, 155
track:1485, 867, 665, 189, 155
track:1486, 871, 663, 189, 155
track:1487, 877, 661, 189, 155
track:1488, 877, 661, 189, 155
track:1489, 880, 660, 189, 155
track:1490, 880, 658, 189, 155
track:1491, 882, 656, 189, 155
track:1492, 884, 653, 189, 155
track:1493, 883, 652, 189, 155
track:1494, 887, 654, 180, 148
track:1495, 884, 653, 171, 141
track:1496, 882, 650, 171, 141
track:1497, 881, 645, 171, 141
track:1498, 877, 645, 171, 141
track:1499, 862, 642, 171, 141
track:1500, 864, 641, 163, 134
track:1501, 851, 636, 163, 134
track:1502, 848, 632, 163, 134
track:1503, 851, 635, 155, 128
track:1504, 856, 632, 155, 128
track:1505, 855, 629, 155, 128
track:1506, 842, 627, 148, 122
track:1507, 843, 618, 155, 128
track:1508, 841, 620, 155, 128
init :1509, 826, 625, 309, 119
track:1510, 824, 623, 309, 119
track:1511, 817, 616, 324, 125
track:1512, 813, 614, 324, 125
track:1513, 808, 613, 324, 125
track:1514, 788, 612, 324, 125
track:1515, 767, 612, 324, 125
track:1516, 751, 616, 309, 119
track:1517, 726, 617, 309, 119
track:1518, 733, 620, 294, 113
track:1519, 715, 622, 280, 108
track:1520, 693, 622, 280, 108
track:1521, 671, 621, 280, 108
track:1522, 662, 623, 280, 108
track:1523, 659, 624, 280, 108
track:1524, 650, 623, 280, 108
track:1525, 647, 623, 280, 108
track:1526, 648, 623, 280, 108
track:1527, 648, 623, 280, 108
track:1528, 652, 623, 280, 108
track:1529, 679, 622, 280, 108
track:1530, 702, 621, 280, 108
track:1531, 735, 623, 267, 103
track:1532, 759, 622, 267, 103
track:1533, 754, 621, 267, 103
track:1534, 788, 622, 254, 98
init :1535, 840, 633, 240, 83
track:1536, 862, 633, 240, 83
track:1537, 887, 636, 229, 79
track:1538, 886, 636, 229, 79
track:1539, 896, 639, 229, 79
track:1540, 903, 639, 229, 79
track:1541, 912, 642, 218, 75
track:1542, 918, 644, 207, 72
track:1543, 919, 644, 207, 72
track:1544, 919, 645, 207, 72
track:1545, 914, 646, 207, 72
track:1546, 913, 647, 207, 72
track:1547, 897, 649, 207, 72
track:1548, 900, 650, 207, 72
track:1549, 893, 652, 207, 72
track:1550, 880, 655, 207, 72
track:1551, 879, 655, 207, 72
track:1552, 873, 656, 207, 72
track:1553, 871, 657, 207, 72
track:1554, 869, 659, 207, 72
track:1555, 872, 661, 197, 68
track:1556, 874, 663, 188, 65
track:1557, 878, 664, 188, 65
track:1558, 878, 663, 188, 65
track:1559, 881, 664, 188, 65
track:1560, 884, 664, 188, 65
init :1561, 900, 667, 189, 70
track:1562, 900, 668, 189, 70
track:1563, 901, 669, 189, 70
track:1564, 902, 669, 189, 70
track:1565, 903, 669, 189, 70
track:1566, 907, 670, 180, 67
track:1567, 906, 671, 180, 67
track:1568, 906, 671, 180, 67
track:1569, 909, 672, 171, 63
track:1570, 907, 673, 171, 63
track:1571, 907, 674, 163, 60
track:1572, 905, 675, 163, 60
track:1573, 905, 675, 163, 60
track:1574, 902, 675, 163, 60
track:1575, 902, 677, 155, 58
track:1576, 900, 677, 155, 58
track:1577, 900, 678, 148, 55
track:1578, 899, 679, 148, 55
track:1579, 896, 678, 148, 55
track:1580, 898, 680, 141, 52
track:1581, 895, 682, 134, 50
track:1582, 893, 681, 134, 50
track:1583, 892, 682, 134, 50
track:1584, 892, 681, 134, 50
track:1585, 894, 683, 128, 47
track:1586, 892, 682, 128, 47
init :1587, 904, 677, 133, 72
track:1588, 904, 677, 133, 72
track:1589, 902, 676, 140, 76
track:1590, 905, 678, 133, 72
track:1591, 908, 680, 127, 69
track:1592, 907, 681, 127, 69
track:1593, 907, 681, 127, 69
track:1594, 905, 682, 127, 69
track:1595, 904, 682, 127, 69
track:1596, 901, 682, 127, 69
track:1599, 903, 684, 121, 65
track:1600, 901, 684, 121, 65
track:1601, 899, 684, 121, 65
track:1602, 901, 685, 115, 62
track:1603, 901, 685, 115, 62
track:1604, 898, 684, 115, 62
track:1605, 898, 686, 109, 59
track:1606, 897, 687, 109, 59
track:1607, 891, 688, 109, 59
track:1608, 892, 687, 109, 59
elapseTime: 17.506
