init :7, 821, 630, 235, 197
track:8, 821, 630, 235, 197
track:9, 822, 630, 235, 197
init :10, 821, 633, 230, 194
track:11, 821, 633, 230, 194
track:12, 822, 634, 230, 194
init :13, 821, 630, 235, 197
track:14, 821, 630, 235, 197
track:15, 821, 630, 235, 197
init :16, 821, 633, 235, 194
track:17, 820, 633, 235, 194
track:18, 822, 633, 235, 194
init :19, 821, 633, 240, 194
track:20, 821, 634, 240, 194
track:21, 822, 634, 240, 194
init :22, 826, 633, 230, 197
track:23, 826, 632, 230, 197
track:24, 827, 633, 230, 197
init :25, 821, 633, 240, 197
track:26, 821, 634, 240, 197
track:27, 822, 634, 240, 197
init :28, 821, 633, 244, 197
track:29, 821, 633, 244, 197
track:30, 820, 633, 244, 197
init :31, 826, 633, 240, 194
track:32, 826, 633, 240, 194
track:33, 827, 633, 240, 194
init :34, 826, 630, 240, 197
track:35, 826, 630, 240, 197
track:36, 827, 629, 240, 197
init :37, 826, 633, 240, 194
track:38, 827, 633, 240, 194
track:39, 827, 633, 240, 194
init :40, 826, 633, 240, 194
track:41, 826, 633, 240, 194
track:42, 827, 631, 240, 194
init :43, 826, 630, 240, 197
track:44, 826, 630, 240, 197
track:45, 826, 630, 240, 197
init :46, 826, 630, 235, 197
track:48, 827, 629, 235, 197
init :49, 826, 630, 235, 197
track:50, 827, 630, 235, 197
track:51, 827, 630, 235, 197
init :52, 830, 633, 230, 197
track:53, 830, 633, 230, 197
track:54, 830, 633, 230, 197
init :55, 830, 630, 235, 197
track:56, 830, 630, 235, 197
track:57, 830, 630, 235, 197
init :58, 830, 628, 235, 199
track:59, 830, 628, 235, 199
track:60, 830, 628, 235, 199
init :61, 826, 630, 235, 199
track:62, 826, 630, 235, 199
track:63, 825, 630, 235, 199
init :64, 826, 628, 240, 199
track:65, 826, 628, 240, 199
track:66, 826, 628, 240, 199
init :67, 826, 630, 240, 197
track:68, 826, 630, 240, 197
track:69, 826, 629, 240, 197
init :70, 826, 630, 235, 199
track:71, 826, 630, 235, 199
track:72, 825, 631, 235, 199
init :73, 826, 630, 235, 197
track:74, 826, 630, 235, 197
track:75, 826, 630, 235, 197
init :76, 826, 630, 235, 197
track:77, 826, 630, 235, 197
track:78, 826, 630, 235, 197
init :79, 826, 630, 235, 197
track:80, 826, 630, 235, 197
track:81, 826, 630, 235, 197
init :82, 826, 633, 235, 197
track:83, 825, 633, 235, 197
track:84, 826, 634, 235, 197
init :85, 826, 630, 240, 197
track:86, 826, 630, 240, 197
track:87, 826, 630, 240, 197
init :88, 826, 633, 240, 197
track:89, 826, 633, 240, 197
track:90, 826, 633, 240, 197
init :91, 821, 633, 240, 197
track:92, 821, 633, 240, 197
track:93, 821, 633, 240, 197
init :94, 826, 633, 235, 197
track:95, 827, 633, 235, 197
track:96, 827, 634, 235, 197
init :97, 826, 628, 240, 197
track:98, 827, 627, 240, 197
track:99, 827, 628, 240, 197
init :100, 826, 628, 244, 197
track:101, 826, 628, 244, 197
track:102, 830, 625, 244, 197
init :103, 835, 628, 230, 199
track:104, 835, 628, 230, 199
track:105, 837, 627, 230, 199
init :106, 835, 625, 230, 202
track:107, 836, 624, 230, 202
track:108, 836, 622, 230, 202
init :109, 835, 623, 235, 194
track:110, 835, 622, 235, 194
track:111, 835, 620, 235, 194
init :112, 840, 623, 216, 179
track:113, 841, 622, 216, 179
track:114, 842, 621, 216, 179
init :115, 844, 623, 207, 176
track:116, 845, 622, 207, 176
track:117, 844, 621, 207, 176
init :120, 858, 610, 189, 179
init :121, 853, 615, 198, 160
track:122, 854, 615, 198, 160
track:123, 853, 613, 198, 160
init :124, 858, 610, 180, 173
track:125, 856, 608, 180, 173
track:126, 854, 605, 180, 173
init :127, 858, 607, 184, 168
track:128, 858, 607, 184, 168
track:129, 858, 607, 184, 168
init :130, 858, 610, 184, 166
track:131, 858, 611, 184, 166
track:132, 861, 614, 184, 166
init :133, 863, 617, 180, 163
track:134, 863, 617, 180, 163
track:135, 862, 619, 180, 163
init :136, 858, 623, 180, 158
track:137, 858, 624, 180, 158
track:138, 860, 627, 180, 158
init :139, 863, 623, 170, 155
track:140, 863, 622, 170, 155
track:141, 862, 621, 170, 155
init :142, 863, 623, 175, 155
track:143, 862, 623, 175, 155
track:144, 861, 623, 175, 155
init :145, 858, 625, 180, 150
track:146, 858, 625, 180, 150
track:147, 859, 627, 180, 150
init :148, 858, 630, 175, 160
track:149, 858, 630, 175, 160
track:150, 858, 633, 175, 160
init :151, 858, 633, 175, 160
track:152, 858, 634, 175, 160
track:153, 859, 638, 175, 160
init :154, 863, 641, 170, 163
track:155, 863, 642, 170, 163
track:156, 864, 644, 170, 163
init :157, 863, 649, 170, 158
track:158, 863, 649, 170, 158
track:159, 864, 650, 170, 158
init :160, 863, 654, 170, 155
track:161, 863, 654, 170, 155
track:162, 861, 654, 170, 155
init :163, 863, 656, 170, 150
track:164, 863, 656, 170, 150
track:165, 863, 656, 170, 150
init :166, 863, 656, 170, 153
track:167, 862, 657, 170, 153
track:168, 863, 656, 170, 153
init :169, 863, 659, 166, 150
track:170, 863, 659, 166, 150
track:171, 866, 658, 166, 150
init :172, 867, 656, 166, 145
track:173, 866, 656, 166, 145
track:174, 866, 656, 166, 145
init :175, 867, 654, 161, 147
track:176, 866, 654, 161, 147
track:177, 866, 654, 161, 147
init :178, 867, 654, 166, 153
track:179, 867, 654, 166, 153
track:180, 868, 655, 166, 153
init :181, 867, 656, 161, 150
track:182, 867, 658, 161, 150
track:183, 869, 661, 161, 150
init :184, 872, 656, 161, 158
track:185, 872, 657, 161, 158
track:186, 872, 656, 161, 158
init :187, 867, 651, 166, 163
track:188, 863, 649, 166, 163
track:189, 859, 645, 174, 171
init :190, 863, 646, 161, 150
track:191, 863, 644, 161, 150
track:192, 863, 641, 161, 150
init :193, 858, 643, 161, 150
track:194, 858, 643, 161, 150
track:195, 860, 642, 161, 150
init :196, 858, 636, 166, 153
track:197, 858, 636, 166, 153
track:198, 855, 636, 166, 153
init :199, 858, 636, 161, 150
track:200, 857, 638, 161, 150
track:201, 855, 638, 161, 150
init :202, 853, 636, 156, 145
track:203, 853, 635, 156, 145
track:204, 853, 634, 156, 145
init :205, 858, 633, 156, 135
track:206, 859, 633, 156, 135
track:207, 856, 631, 156, 135
init :208, 853, 633, 152, 132
track:209, 851, 632, 152, 132
track:210, 851, 631, 152, 132
init :211, 849, 630, 152, 129
track:212, 848, 629, 152, 129
track:213, 849, 629, 152, 129
init :214, 844, 628, 152, 129
track:215, 845, 628, 152, 129
track:216, 845, 628, 152, 129
init :217, 849, 630, 147, 124
track:218, 849, 630, 147, 124
track:219, 849, 631, 147, 124
init :220, 849, 633, 143, 122
track:221, 849, 634, 143, 122
track:222, 848, 636, 143, 122
init :223, 849, 638, 143, 122
track:224, 849, 640, 143, 122
track:225, 849, 643, 143, 122
init :226, 849, 643, 143, 114
track:227, 849, 643, 143, 114
track:228, 849, 645, 143, 114
init :229, 853, 646, 138, 111
track:230, 853, 645, 138, 111
track:231, 853, 646, 138, 111
init :232, 858, 649, 124, 103
track:233, 858, 649, 124, 103
track:234, 858, 649, 124, 103
init :235, 853, 646, 129, 106
track:236, 850, 642, 135, 111
track:237, 853, 644, 135, 111
init :238, 863, 649, 120, 103
track:239, 866, 653, 114, 98
track:240, 867, 654, 114, 98
init :241, 863, 651, 120, 101
track:242, 864, 651, 120, 101
track:243, 864, 651, 120, 101
init :244, 863, 651, 120, 96
track:245, 863, 653, 120, 96
track:246, 863, 654, 120, 96
init :247, 863, 656, 120, 88
track:248, 863, 656, 120, 88
track:249, 863, 658, 120, 88
init :250, 863, 656, 120, 88
track:251, 864, 657, 120, 88
track:252, 865, 659, 120, 88
init :253, 867, 659, 120, 101
track:254, 868, 662, 120, 101
track:255, 869, 665, 120, 101
init :256, 867, 667, 115, 101
track:257, 867, 671, 115, 101
track:258, 868, 671, 115, 101
init :259, 872, 675, 120, 93
track:260, 872, 677, 120, 93
track:261, 872, 677, 120, 93
init :262, 867, 677, 120, 93
track:263, 867, 677, 120, 93
track:264, 867, 679, 120, 93
init :265, 867, 680, 124, 96
track:266, 867, 681, 124, 96
track:267, 868, 683, 124, 96
init :268, 867, 682, 124, 96
track:269, 867, 683, 124, 96
track:270, 868, 685, 124, 96
init :271, 867, 687, 124, 101
track:272, 868, 690, 124, 101
track:273, 868, 690, 124, 101
init :274, 867, 690, 129, 106
track:275, 868, 692, 129, 106
track:276, 869, 694, 129, 106
init :277, 867, 698, 133, 109
track:278, 867, 698, 133, 109
track:279, 868, 698, 133, 109
init :280, 867, 690, 138, 119
track:281, 868, 690, 138, 119
track:282, 870, 692, 138, 119
init :283, 872, 690, 143, 127
track:284, 874, 692, 143, 127
track:285, 876, 694, 143, 127
init :286, 872, 690, 152, 140
track:287, 873, 687, 152, 140
track:288, 873, 688, 152, 140
init :289, 872, 677, 161, 150
track:290, 872, 673, 161, 150
track:291, 872, 667, 161, 150
init :292, 867, 654, 170, 163
track:293, 867, 654, 170, 163
track:294, 868, 653, 170, 163
init :295, 867, 643, 184, 179
track:296, 868, 644, 184, 179
track:297, 867, 645, 184, 179
init :298, 858, 641, 198, 189
track:299, 858, 641, 198, 189
track:300, 856, 642, 198, 189
init :301, 835, 638, 244, 205
track:302, 834, 641, 244, 205
track:303, 834, 642, 244, 205
init :304, 826, 638, 253, 225
track:305, 824, 639, 253, 225
track:306, 824, 638, 253, 225
init :307, 816, 636, 263, 228
track:308, 816, 636, 263, 228
track:309, 815, 634, 263, 228
init :310, 816, 620, 258, 228
track:311, 815, 611, 258, 228
track:312, 817, 600, 258, 228
init :313, 812, 607, 263, 218
track:314, 813, 601, 263, 218
track:315, 813, 593, 263, 218
init :316, 830, 589, 230, 205
track:317, 833, 585, 230, 205
track:318, 834, 583, 230, 205
init :319, 835, 584, 226, 192
track:320, 840, 577, 226, 192
track:321, 842, 571, 226, 192
init :322, 858, 571, 203, 176
track:323, 858, 571, 203, 176
track:324, 859, 575, 203, 176
init :325, 853, 573, 198, 166
track:326, 853, 568, 198, 166
track:327, 852, 568, 198, 166
init :328, 853, 568, 198, 181
track:329, 850, 574, 198, 181
track:330, 849, 582, 198, 181
init :331, 849, 589, 198, 176
track:332, 852, 596, 189, 168
track:333, 852, 596, 189, 168
init :334, 849, 589, 189, 179
track:335, 849, 590, 189, 179
track:336, 849, 592, 189, 179
init :337, 853, 599, 184, 168
track:338, 853, 599, 184, 168
track:339, 853, 595, 184, 168
init :340, 853, 597, 180, 160
track:341, 852, 597, 180, 160
track:342, 857, 600, 171, 152
init :343, 858, 602, 175, 153
track:344, 858, 601, 175, 153
track:345, 857, 598, 175, 153
init :346, 863, 604, 161, 137
track:347, 863, 606, 161, 137
track:348, 863, 606, 161, 137
init :349, 872, 612, 152, 122
track:350, 873, 616, 152, 122
track:351, 873, 620, 152, 122
init :352, 872, 628, 147, 119
track:353, 872, 628, 147, 119
track:354, 871, 630, 147, 119
init :355, 872, 630, 143, 114
track:356, 872, 630, 143, 114
track:357, 871, 631, 143, 114
init :358, 872, 633, 143, 114
track:359, 872, 633, 143, 114
track:360, 871, 633, 143, 114
init :361, 872, 636, 138, 98
track:362, 871, 636, 138, 98
track:363, 871, 636, 138, 98
init :364, 872, 641, 133, 106
track:365, 871, 642, 133, 106
track:366, 871, 642, 133, 106
init :367, 876, 646, 124, 98
track:368, 876, 646, 124, 98
track:369, 876, 646, 124, 98
init :370, 876, 651, 120, 96
track:371, 875, 656, 120, 96
track:372, 875, 661, 120, 96
init :373, 876, 659, 120, 101
track:374, 877, 660, 120, 101
track:375, 875, 661, 120, 101
init :376, 867, 662, 124, 101
track:377, 865, 662, 124, 101
track:378, 865, 663, 124, 101
init :379, 867, 662, 115, 98
track:380, 867, 661, 115, 98
track:381, 867, 661, 115, 98
init :382, 867, 664, 115, 96
track:383, 867, 664, 115, 96
track:384, 866, 665, 115, 96
init :385, 863, 662, 110, 93
track:386, 863, 662, 110, 93
track:387, 864, 663, 110, 93
init :388, 867, 662, 106, 93
track:389, 866, 662, 106, 93
track:390, 867, 662, 106, 93
init :391, 867, 667, 110, 88
track:392, 867, 669, 110, 88
track:393, 867, 670, 110, 88
init :394, 867, 669, 110, 88
track:395, 867, 675, 110, 88
track:396, 868, 678, 110, 88
init :397, 867, 687, 110, 77
track:398, 867, 687, 110, 77
track:399, 869, 691, 110, 77
init :400, 876, 698, 101, 70
track:401, 877, 703, 101, 70
track:402, 878, 708, 101, 70
init :403, 876, 706, 101, 85
track:404, 876, 708, 101, 85
track:405, 877, 708, 101, 85
init :406, 876, 706, 106, 85
track:407, 877, 706, 106, 85
track:408, 877, 706, 106, 85
init :409, 876, 700, 106, 83
track:410, 876, 698, 106, 83
track:411, 877, 696, 106, 83
init :412, 881, 700, 106, 80
track:413, 881, 700, 106, 80
track:414, 881, 700, 106, 80
init :415, 886, 700, 101, 80
track:416, 886, 701, 101, 80
track:417, 887, 702, 101, 80
init :418, 886, 698, 101, 80
track:419, 886, 698, 101, 80
track:420, 884, 699, 101, 80
init :421, 876, 700, 110, 83
track:422, 876, 699, 110, 83
track:423, 876, 697, 110, 83
init :424, 876, 695, 106, 77
track:425, 875, 694, 106, 77
track:426, 875, 692, 106, 77
init :427, 876, 693, 106, 77
track:428, 876, 693, 106, 77
track:429, 876, 693, 106, 77
init :430, 872, 693, 110, 83
track:431, 872, 693, 110, 83
track:432, 872, 693, 110, 83
init :433, 872, 690, 110, 83
track:434, 871, 690, 110, 83
track:435, 871, 691, 110, 83
init :436, 872, 695, 106, 77
track:437, 872, 696, 106, 77
track:438, 873, 696, 106, 77
init :439, 867, 695, 115, 90
track:440, 867, 695, 115, 90
track:441, 868, 695, 115, 90
init :442, 867, 693, 115, 90
track:443, 867, 693, 115, 90
track:444, 866, 694, 115, 90
init :445, 872, 693, 110, 93
track:446, 872, 694, 110, 93
track:447, 873, 693, 110, 93
init :448, 867, 695, 115, 85
track:449, 867, 694, 115, 85
track:450, 867, 694, 115, 85
init :451, 872, 693, 115, 93
track:452, 873, 695, 115, 93
track:453, 872, 695, 115, 93
init :454, 872, 693, 120, 96
track:455, 872, 693, 120, 96
track:456, 873, 694, 120, 96
init :457, 872, 693, 124, 93
track:458, 872, 693, 124, 93
track:459, 872, 693, 124, 93
init :460, 872, 687, 124, 98
track:461, 873, 687, 124, 98
track:462, 873, 687, 124, 98
init :463, 867, 687, 124, 101
track:464, 866, 685, 124, 101
track:465, 866, 682, 124, 101
init :466, 863, 685, 129, 109
track:467, 863, 685, 129, 109
track:468, 863, 685, 129, 109
init :469, 867, 685, 129, 103
track:470, 868, 687, 129, 103
track:471, 869, 688, 129, 103
init :472, 863, 685, 138, 106
track:473, 863, 687, 138, 106
track:474, 863, 690, 138, 106
init :475, 867, 685, 138, 114
track:476, 869, 684, 138, 114
track:477, 869, 684, 138, 114
init :478, 872, 682, 138, 116
track:479, 874, 680, 138, 116
track:480, 876, 673, 138, 116
init :481, 872, 669, 147, 124
track:482, 872, 669, 147, 124
track:483, 875, 663, 147, 124
init :484, 876, 656, 156, 135
track:485, 877, 658, 156, 135
track:486, 877, 662, 156, 135
init :487, 872, 656, 161, 147
track:488, 872, 660, 161, 147
track:490, 863, 660, 169, 154
track:491, 862, 661, 169, 154
track:492, 861, 662, 169, 154
init :493, 858, 664, 180, 142
track:494, 857, 664, 180, 142
track:495, 854, 659, 180, 142
init :496, 858, 649, 170, 145
track:497, 858, 649, 170, 145
track:498, 858, 647, 170, 145
init :499, 853, 643, 166, 135
track:500, 853, 640, 166, 135
track:501, 853, 636, 166, 135
init :502, 853, 636, 170, 147
track:503, 853, 635, 170, 147
track:504, 852, 634, 170, 147
init :505, 853, 630, 156, 140
track:506, 852, 630, 156, 140
track:507, 853, 630, 156, 140
init :508, 853, 628, 156, 137
track:509, 854, 625, 156, 137
track:510, 854, 623, 156, 137
init :511, 853, 623, 156, 137
track:512, 853, 623, 156, 137
track:513, 853, 623, 156, 137
init :514, 853, 625, 152, 137
track:515, 853, 625, 152, 137
track:516, 852, 625, 152, 137
init :517, 853, 628, 152, 127
track:518, 853, 626, 152, 127
track:519, 853, 625, 152, 127
init :520, 858, 625, 152, 116
track:521, 858, 625, 152, 116
track:522, 858, 625, 152, 116
init :523, 858, 628, 147, 106
track:524, 859, 630, 147, 106
track:525, 860, 632, 147, 106
init :526, 863, 633, 143, 111
track:527, 863, 633, 143, 111
track:528, 863, 633, 143, 111
init :529, 867, 636, 138, 98
track:530, 868, 635, 138, 98
track:531, 868, 634, 138, 98
init :532, 872, 636, 133, 98
track:533, 873, 638, 133, 98
track:534, 873, 638, 133, 98
init :535, 872, 638, 129, 96
track:536, 872, 640, 129, 96
track:537, 872, 641, 129, 96
init :538, 876, 643, 124, 93
track:539, 876, 644, 124, 93
track:540, 876, 644, 124, 93
init :543, 876, 649, 120, 90
init :544, 876, 649, 115, 88
track:546, 874, 656, 115, 88
init :547, 872, 656, 115, 83
track:548, 871, 658, 115, 83
track:549, 871, 661, 115, 83
init :550, 876, 664, 106, 85
track:551, 875, 665, 106, 85
track:552, 875, 666, 106, 85
init :553, 881, 664, 101, 83
track:554, 881, 664, 101, 83
track:555, 881, 664, 101, 83
init :556, 876, 664, 101, 88
track:557, 876, 664, 101, 88
track:558, 876, 669, 101, 88
init :559, 876, 677, 96, 80
track:560, 876, 679, 96, 80
track:561, 876, 683, 96, 80
init :562, 876, 680, 96, 80
track:563, 876, 682, 96, 80
track:564, 876, 684, 96, 80
init :565, 876, 687, 96, 83
track:566, 876, 689, 96, 83
track:567, 876, 689, 96, 83
init :568, 876, 693, 96, 77
track:569, 876, 693, 96, 77
track:570, 875, 698, 96, 77
init :571, 872, 700, 101, 77
track:572, 872, 700, 101, 77
track:573, 873, 702, 101, 77
init :574, 876, 700, 101, 85
track:575, 876, 699, 101, 85
track:576, 875, 698, 101, 85
init :577, 872, 700, 101, 75
track:578, 872, 699, 101, 75
track:579, 873, 696, 101, 75
init :580, 876, 693, 101, 85
track:581, 876, 693, 101, 85
track:582, 876, 694, 101, 85
init :583, 876, 698, 106, 85
track:584, 876, 699, 106, 85
track:585, 877, 699, 106, 85
init :586, 872, 700, 110, 83
track:587, 872, 700, 110, 83
track:588, 872, 701, 110, 83
init :589, 876, 698, 106, 83
track:590, 875, 698, 106, 83
track:591, 874, 699, 106, 83
init :592, 872, 695, 110, 90
track:593, 872, 694, 110, 90
track:594, 872, 693, 110, 90
init :595, 872, 685, 110, 85
track:596, 871, 683, 110, 85
track:597, 870, 683, 110, 85
init :598, 867, 675, 110, 96
track:599, 867, 670, 110, 96
track:600, 868, 668, 110, 96
init :601, 867, 664, 115, 103
track:602, 867, 664, 115, 103
track:603, 867, 663, 115, 103
init :604, 867, 659, 120, 101
track:605, 867, 658, 120, 101
track:606, 867, 656, 120, 101
init :607, 863, 656, 120, 90
track:608, 861, 654, 126, 94
track:609, 862, 654, 126, 94
init :610, 863, 656, 124, 93
track:611, 863, 658, 124, 93
track:612, 863, 660, 124, 93
init :613, 863, 659, 129, 109
track:614, 864, 660, 129, 109
track:615, 864, 663, 129, 109
init :616, 863, 667, 129, 103
track:617, 863, 667, 129, 103
track:618, 860, 663, 135, 108
init :619, 863, 664, 129, 101
track:620, 864, 664, 129, 101
track:621, 865, 663, 129, 101
init :622, 863, 662, 133, 106
track:623, 862, 661, 133, 106
track:624, 862, 661, 133, 106
init :625, 858, 656, 133, 114
track:626, 862, 659, 127, 109
track:627, 863, 659, 127, 109
init :628, 858, 659, 138, 111
track:629, 858, 659, 138, 111
track:630, 858, 656, 138, 111
init :631, 858, 656, 143, 114
track:632, 858, 656, 143, 114
track:633, 860, 660, 143, 114
init :634, 858, 664, 147, 116
track:635, 859, 665, 147, 116
track:636, 860, 668, 147, 116
init :637, 858, 667, 147, 116
track:638, 859, 667, 147, 116
track:639, 861, 668, 147, 116
init :640, 858, 667, 147, 109
track:641, 855, 663, 154, 114
track:642, 859, 666, 147, 109
init :643, 863, 662, 143, 114
track:644, 863, 662, 143, 114
track:645, 864, 656, 143, 114
init :646, 863, 651, 143, 122
track:647, 863, 651, 143, 122
track:648, 863, 652, 143, 122
init :649, 863, 651, 143, 119
track:650, 865, 652, 143, 119
track:651, 867, 652, 143, 119
init :652, 872, 651, 143, 122
track:653, 873, 651, 143, 122
track:654, 873, 653, 143, 122
init :655, 872, 654, 138, 114
track:656, 872, 655, 138, 114
track:657, 873, 656, 138, 114
init :658, 876, 662, 143, 124
track:659, 876, 661, 143, 124
track:660, 875, 661, 143, 124
init :661, 876, 662, 143, 111
track:662, 876, 662, 143, 111
track:663, 877, 662, 143, 111
init :664, 881, 659, 138, 119
track:665, 881, 658, 138, 119
track:666, 882, 656, 138, 119
init :667, 881, 654, 138, 116
track:668, 879, 650, 145, 122
track:669, 879, 649, 145, 122
init :670, 881, 649, 138, 119
track:671, 879, 650, 138, 119
track:672, 879, 650, 138, 119
init :673, 872, 651, 143, 116
track:674, 871, 650, 143, 116
track:675, 870, 650, 143, 116
init :676, 872, 651, 143, 103
track:677, 872, 651, 143, 103
track:678, 871, 654, 143, 103
init :679, 867, 662, 138, 109
track:680, 868, 668, 138, 109
track:681, 869, 670, 138, 109
init :682, 872, 669, 143, 119
track:683, 870, 668, 143, 119
track:684, 869, 668, 143, 119
init :685, 867, 669, 143, 124
track:686, 868, 671, 143, 124
track:687, 867, 671, 143, 124
init :688, 863, 672, 147, 114
track:689, 862, 670, 147, 114
track:690, 861, 669, 147, 114
init :691, 858, 667, 152, 114
track:692, 858, 667, 152, 114
track:693, 858, 665, 152, 114
init :694, 858, 664, 147, 116
track:695, 859, 664, 147, 116
track:696, 857, 664, 147, 116
init :697, 863, 662, 143, 111
track:698, 861, 661, 143, 111
track:699, 860, 662, 143, 111
init :700, 853, 664, 152, 111
track:701, 853, 665, 152, 111
track:702, 853, 666, 152, 111
init :703, 858, 672, 147, 122
track:704, 857, 675, 147, 122
track:705, 857, 681, 147, 122
init :706, 853, 677, 147, 124
track:707, 853, 677, 147, 124
track:708, 853, 678, 147, 124
init :709, 853, 677, 147, 122
track:710, 853, 675, 147, 122
track:711, 853, 675, 147, 122
init :712, 849, 672, 147, 114
track:713, 849, 672, 147, 114
track:714, 849, 672, 147, 114
init :715, 853, 675, 147, 119
track:716, 853, 675, 147, 119
track:717, 853, 677, 147, 119
init :718, 853, 675, 147, 122
track:719, 853, 675, 147, 122
track:720, 854, 675, 147, 122
init :721, 853, 675, 147, 124
track:722, 853, 675, 147, 124
track:723, 853, 675, 147, 124
init :724, 853, 669, 147, 122
track:725, 854, 667, 147, 122
track:726, 853, 667, 147, 122
init :727, 853, 667, 152, 122
track:728, 854, 664, 152, 122
track:729, 854, 661, 152, 122
init :730, 858, 651, 152, 135
track:731, 858, 651, 152, 135
track:732, 859, 651, 152, 135
init :733, 849, 643, 166, 142
track:734, 849, 639, 166, 142
track:735, 851, 636, 166, 142
init :736, 858, 638, 161, 124
track:737, 857, 637, 161, 124
track:738, 856, 638, 161, 124
init :739, 849, 636, 166, 127
track:740, 850, 637, 166, 127
track:741, 850, 638, 166, 127
init :742, 853, 636, 161, 145
track:743, 851, 636, 161, 145
track:744, 851, 636, 161, 145
init :745, 853, 636, 156, 129
track:746, 853, 636, 156, 129
track:747, 854, 635, 156, 129
init :748, 853, 633, 161, 127
track:749, 853, 629, 161, 127
track:750, 851, 628, 161, 127
init :751, 849, 625, 156, 124
track:752, 848, 627, 156, 124
track:753, 850, 628, 156, 124
init :754, 853, 630, 152, 124
track:755, 854, 630, 152, 124
track:756, 855, 631, 152, 124
init :757, 853, 633, 161, 111
track:758, 852, 632, 161, 111
track:759, 852, 635, 161, 111
init :760, 858, 630, 152, 129
track:761, 858, 630, 152, 129
track:762, 861, 631, 152, 129
init :763, 858, 630, 156, 124
track:764, 858, 631, 156, 124
track:765, 857, 633, 156, 124
init :766, 858, 633, 156, 124
track:767, 857, 634, 156, 124
track:768, 857, 636, 156, 124
init :769, 863, 638, 147, 122
track:770, 865, 647, 147, 122
track:771, 866, 648, 147, 122
init :772, 867, 646, 143, 127
track:773, 867, 645, 143, 127
track:774, 869, 645, 143, 127
init :775, 872, 646, 143, 124
track:776, 872, 646, 143, 124
track:777, 872, 646, 143, 124
init :778, 876, 646, 138, 124
track:779, 877, 646, 138, 124
track:780, 877, 647, 138, 124
init :781, 881, 651, 133, 98
track:782, 881, 651, 133, 98
track:783, 880, 652, 133, 98
init :784, 881, 649, 133, 101
track:785, 880, 650, 133, 101
track:786, 880, 650, 133, 101
init :787, 881, 649, 133, 103
track:788, 881, 649, 133, 103
track:789, 879, 650, 133, 103
init :790, 876, 651, 133, 96
track:791, 876, 651, 133, 96
track:792, 876, 650, 133, 96
init :793, 876, 654, 133, 93
track:794, 876, 655, 133, 93
track:795, 876, 658, 133, 93
init :796, 876, 659, 133, 106
track:797, 876, 659, 133, 106
track:798, 876, 659, 133, 106
init :799, 876, 656, 133, 106
track:800, 875, 657, 133, 106
track:801, 875, 658, 133, 106
init :802, 876, 659, 133, 109
track:803, 875, 659, 133, 109
track:804, 877, 661, 133, 109
init :805, 867, 659, 138, 106
track:806, 867, 659, 138, 106
track:807, 867, 659, 138, 106
init :808, 872, 659, 133, 109
track:809, 873, 661, 133, 109
track:810, 873, 662, 133, 109
init :811, 872, 662, 138, 106
track:812, 870, 663, 138, 106
track:813, 869, 663, 138, 106
init :814, 863, 664, 138, 103
track:815, 862, 664, 138, 103
track:816, 862, 664, 138, 103
init :817, 863, 669, 147, 109
track:818, 862, 675, 147, 109
track:819, 862, 676, 147, 109
init :820, 858, 680, 147, 127
track:821, 858, 680, 147, 127
track:822, 857, 681, 147, 127
init :823, 858, 680, 147, 119
track:824, 858, 680, 147, 119
track:825, 857, 680, 147, 119
init :826, 858, 680, 152, 122
track:827, 858, 685, 152, 122
track:828, 854, 688, 160, 128
init :829, 853, 685, 156, 145
track:830, 854, 686, 156, 145
track:831, 855, 686, 156, 145
init :832, 853, 682, 161, 147
track:833, 855, 680, 161, 147
track:834, 856, 673, 161, 147
init :835, 853, 667, 170, 145
track:836, 853, 667, 170, 145
track:837, 853, 662, 170, 145
init :838, 853, 656, 166, 158
track:839, 852, 653, 166, 158
track:840, 852, 648, 166, 158
init :841, 840, 646, 180, 163
track:842, 839, 645, 180, 163
track:843, 837, 643, 180, 163
init :844, 835, 633, 184, 160
track:845, 830, 622, 184, 160
track:846, 830, 621, 184, 160
init :847, 821, 612, 189, 160
track:848, 822, 608, 189, 160
track:849, 818, 604, 198, 168
init :850, 821, 604, 198, 171
track:851, 821, 604, 198, 171
track:852, 825, 600, 198, 171
init :853, 826, 597, 198, 166
track:854, 827, 599, 198, 166
track:855, 828, 603, 198, 166
init :856, 830, 599, 198, 173
track:857, 829, 600, 198, 173
track:858, 832, 597, 198, 173
init :859, 830, 594, 198, 166
track:860, 830, 592, 198, 166
track:861, 830, 592, 198, 166
init :862, 835, 602, 189, 153
track:863, 836, 606, 189, 153
track:864, 837, 611, 189, 153
init :865, 844, 623, 175, 147
track:866, 844, 623, 175, 147
track:867, 844, 628, 175, 147
init :868, 844, 633, 170, 132
track:869, 845, 633, 170, 132
track:870, 847, 638, 170, 132
init :871, 849, 636, 166, 129
track:872, 849, 637, 166, 129
track:873, 850, 638, 166, 129
init :874, 853, 641, 156, 135
track:875, 854, 641, 156, 135
track:876, 854, 641, 156, 135
init :877, 858, 643, 152, 135
track:878, 860, 643, 152, 135
track:879, 861, 643, 152, 135
init :880, 863, 643, 147, 124
track:881, 863, 643, 147, 124
track:882, 863, 643, 147, 124
init :883, 867, 646, 143, 124
track:884, 869, 646, 143, 124
track:885, 870, 646, 143, 124
init :886, 872, 643, 138, 114
track:887, 873, 645, 138, 114
track:888, 874, 646, 138, 114
init :889, 876, 649, 133, 119
track:890, 878, 649, 133, 119
track:891, 878, 649, 133, 119
init :892, 886, 649, 129, 114
track:893, 886, 648, 129, 114
track:894, 886, 649, 129, 114
init :895, 886, 649, 120, 111
track:896, 886, 649, 120, 111
track:897, 886, 649, 120, 111
init :898, 881, 649, 124, 98
track:899, 880, 650, 124, 98
track:900, 880, 652, 124, 98
init :901, 881, 651, 124, 93
track:902, 880, 652, 124, 93
track:903, 880, 653, 124, 93
init :904, 881, 654, 124, 90
track:905, 881, 655, 124, 90
track:906, 882, 656, 124, 90
init :907, 803, 545, 286, 251
track:908, 803, 549, 286, 251
track:909, 804, 556, 286, 251
init :910, 803, 555, 290, 262
track:911, 803, 555, 290, 262
track:912, 804, 557, 290, 262
init :913, 807, 565, 286, 259
track:914, 809, 566, 286, 259
track:915, 811, 570, 286, 259
init :916, 807, 568, 286, 262
track:917, 808, 568, 286, 262
track:918, 808, 570, 286, 262
init :919, 807, 581, 290, 251
track:920, 806, 581, 290, 251
track:921, 806, 580, 290, 251
init :922, 803, 581, 290, 251
track:923, 799, 581, 290, 251
track:924, 795, 578, 290, 251
init :925, 780, 581, 300, 254
track:926, 780, 581, 300, 254
track:927, 779, 582, 300, 254
init :928, 770, 581, 304, 251
track:929, 766, 581, 304, 251
track:930, 766, 578, 304, 251
init :931, 770, 581, 304, 249
track:932, 771, 579, 304, 249
track:933, 772, 576, 304, 249
init :934, 770, 578, 313, 238
track:935, 769, 577, 313, 238
track:936, 769, 577, 313, 238
init :937, 775, 565, 313, 249
track:938, 775, 565, 313, 249
track:939, 777, 565, 313, 249
init :940, 775, 568, 318, 236
track:941, 775, 568, 318, 236
track:942, 775, 569, 318, 236
init :943, 770, 571, 332, 231
track:944, 771, 572, 332, 231
track:945, 771, 575, 332, 231
init :946, 766, 573, 341, 225
track:947, 765, 574, 341, 225
track:948, 762, 574, 341, 225
init :949, 752, 568, 355, 236
track:950, 750, 568, 355, 236
track:951, 751, 568, 355, 236
init :952, 752, 576, 360, 236
track:953, 750, 576, 360, 236
track:954, 750, 578, 360, 236
init :955, 747, 576, 369, 241
track:956, 747, 576, 369, 241
track:957, 745, 577, 369, 241
init :958, 747, 578, 373, 241
track:959, 745, 580, 373, 241
track:960, 747, 580, 373, 241
init :961, 747, 584, 383, 236
track:962, 746, 585, 383, 236
track:963, 744, 587, 383, 236
init :964, 738, 584, 396, 241
track:965, 738, 584, 396, 241
track:966, 736, 584, 396, 241
init :967, 724, 586, 415, 241
track:968, 721, 586, 415, 241
track:969, 719, 586, 415, 241
init :970, 710, 584, 429, 244
track:971, 708, 582, 429, 244
track:972, 704, 581, 429, 244
init :973, 696, 584, 443, 246
track:974, 696, 585, 443, 246
track:975, 696, 586, 443, 246
init :976, 696, 584, 447, 246
track:977, 696, 584, 447, 246
track:978, 696, 585, 447, 246
init :979, 692, 584, 466, 249
track:980, 692, 584, 466, 249
track:981, 692, 585, 466, 249
init :982, 692, 586, 475, 249
track:983, 693, 587, 475, 249
track:984, 695, 587, 475, 249
init :985, 692, 586, 484, 246
track:986, 692, 586, 484, 246
track:987, 693, 587, 484, 246
init :988, 696, 586, 493, 251
track:989, 697, 586, 493, 251
track:990, 699, 586, 493, 251
init :991, 701, 586, 507, 249
track:992, 702, 587, 507, 249
track:993, 703, 586, 507, 249
init :994, 706, 589, 507, 238
track:995, 706, 589, 507, 238
track:996, 706, 588, 507, 238
init :997, 715, 584, 503, 231
track:998, 715, 585, 503, 231
track:999, 718, 584, 503, 231
init :1000, 724, 581, 503, 231
track:1001, 739, 587, 479, 220
track:1002, 740, 586, 479, 220
init :1003, 747, 578, 498, 225
track:1004, 748, 578, 498, 225
track:1005, 751, 577, 498, 225
init :1006, 752, 576, 507, 215
track:1007, 750, 575, 507, 215
track:1008, 747, 575, 507, 215
init :1009, 761, 573, 489, 199
track:1010, 761, 573, 489, 199
track:1011, 771, 578, 466, 190
init :1012, 761, 576, 484, 192
track:1013, 756, 576, 484, 192
track:1014, 751, 576, 484, 192
init :1015, 761, 576, 470, 189
track:1016, 757, 575, 470, 189
track:1017, 752, 577, 470, 189
init :1018, 761, 576, 456, 181
track:1019, 760, 577, 456, 181
track:1020, 759, 576, 456, 181
init :1021, 752, 576, 466, 184
track:1022, 751, 575, 466, 184
track:1023, 749, 573, 466, 184
init :1024, 756, 578, 447, 176
track:1025, 756, 578, 447, 176
track:1026, 755, 579, 447, 176
init :1027, 752, 581, 452, 171
track:1028, 752, 582, 452, 171
track:1029, 746, 581, 452, 171
init :1030, 747, 584, 447, 168
track:1031, 753, 588, 426, 160
track:1032, 748, 591, 426, 160
init :1033, 743, 586, 433, 163
track:1034, 743, 587, 433, 163
track:1035, 742, 586, 433, 163
init :1036, 747, 594, 429, 153
track:1037, 758, 600, 409, 146
track:1038, 767, 606, 389, 139
init :1039, 738, 602, 433, 150
track:1040, 738, 602, 433, 150
track:1041, 734, 604, 433, 150
init :1042, 738, 607, 433, 150
track:1043, 737, 606, 433, 150
track:1044, 739, 609, 433, 150
init :1045, 743, 610, 438, 150
track:1046, 742, 612, 438, 150
track:1047, 745, 613, 438, 150
init :1048, 743, 617, 447, 140
track:1049, 745, 616, 447, 140
track:1050, 747, 617, 447, 140
init :1051, 756, 610, 452, 150
track:1052, 761, 607, 452, 150
track:1053, 768, 607, 452, 150
init :1054, 784, 610, 443, 140
track:1055, 784, 610, 443, 140
track:1056, 775, 605, 465, 147
init :1057, 789, 610, 452, 145
track:1058, 789, 610, 452, 145
track:1059, 790, 611, 452, 145
init :1060, 798, 615, 438, 135
track:1061, 797, 615, 438, 135
track:1062, 795, 615, 438, 135
init :1063, 798, 617, 438, 132
track:1064, 797, 618, 438, 132
track:1065, 795, 619, 438, 132
init :1066, 784, 617, 438, 132
track:1067, 768, 614, 460, 139
track:1068, 752, 611, 483, 146
init :1069, 761, 620, 438, 127
track:1070, 761, 620, 438, 127
track:1071, 756, 620, 438, 127
init :1072, 743, 625, 438, 124
track:1073, 731, 626, 438, 124
track:1074, 721, 626, 438, 124
init :1075, 715, 625, 443, 124
track:1076, 705, 624, 443, 124
track:1077, 699, 624, 443, 124
init :1078, 687, 625, 438, 132
track:1079, 681, 626, 438, 132
track:1080, 679, 626, 438, 132
init :1081, 673, 625, 443, 135
track:1082, 667, 626, 443, 135
track:1083, 663, 628, 443, 135
init :1084, 664, 625, 452, 140
track:1085, 664, 625, 452, 140
track:1086, 666, 625, 452, 140
init :1087, 664, 625, 447, 137
track:1088, 665, 625, 447, 137
track:1089, 665, 625, 447, 137
init :1090, 669, 628, 447, 137
track:1091, 668, 630, 447, 137
track:1092, 668, 630, 447, 137
init :1093, 673, 628, 456, 140
track:1094, 673, 628, 456, 140
track:1095, 673, 628, 456, 140
init :1096, 678, 628, 452, 147
track:1097, 682, 629, 452, 147
track:1098, 686, 629, 452, 147
init :1099, 687, 628, 470, 155
track:1100, 687, 628, 470, 155
track:1101, 692, 628, 470, 155
init :1102, 692, 625, 470, 163
track:1103, 691, 625, 470, 163
track:1104, 704, 630, 448, 155
init :1105, 692, 628, 466, 163
track:1106, 691, 629, 466, 163
track:1107, 691, 628, 466, 163
init :1108, 701, 628, 443, 171
track:1109, 685, 625, 465, 180
track:1110, 684, 626, 465, 180
init :1111, 692, 633, 447, 166
track:1112, 693, 634, 447, 166
track:1113, 688, 634, 447, 166
init :1114, 696, 633, 433, 173
track:1115, 696, 633, 433, 173
track:1116, 691, 633, 433, 173
init :1117, 701, 633, 415, 168
track:1118, 699, 633, 415, 168
track:1119, 695, 632, 415, 168
init :1120, 701, 630, 401, 181
track:1121, 696, 630, 401, 181
track:1122, 693, 630, 401, 181
init :1123, 710, 628, 383, 189
track:1124, 710, 629, 383, 189
track:1125, 708, 629, 383, 189
init :1126, 724, 628, 369, 186
track:1127, 724, 628, 369, 186
track:1128, 721, 627, 369, 186
init :1129, 756, 628, 332, 173
track:1130, 756, 628, 332, 173
track:1131, 765, 632, 316, 165
init :1132, 789, 628, 295, 179
track:1133, 790, 626, 295, 179
track:1134, 792, 625, 295, 179
init :1135, 803, 630, 276, 179
track:1136, 803, 631, 276, 179
track:1137, 805, 628, 276, 179
init :1138, 826, 630, 244, 179
track:1139, 820, 630, 244, 179
track:1140, 818, 629, 244, 179
init :1141, 830, 630, 216, 181
track:1142, 826, 630, 216, 181
track:1143, 816, 630, 216, 181
init :1144, 821, 630, 203, 184
track:1145, 821, 630, 203, 184
track:1146, 815, 630, 203, 184
init :1147, 812, 630, 193, 181
track:1148, 809, 630, 193, 181
track:1149, 801, 630, 193, 181
init :1150, 798, 633, 193, 179
track:1151, 796, 633, 193, 179
track:1152, 792, 634, 193, 179
init :1153, 784, 636, 216, 176
track:1154, 784, 637, 216, 176
track:1155, 784, 638, 216, 176
init :1156, 780, 633, 240, 181
track:1157, 782, 633, 240, 181
track:1158, 784, 634, 240, 181
init :1159, 780, 636, 258, 173
track:1160, 780, 636, 258, 173
track:1161, 775, 631, 271, 182
init :1162, 780, 636, 281, 176
track:1163, 782, 636, 281, 176
track:1164, 784, 637, 281, 176
init :1165, 780, 636, 300, 176
track:1166, 781, 636, 300, 176
track:1167, 788, 642, 286, 168
init :1168, 770, 643, 327, 166
track:1169, 774, 644, 327, 166
track:1170, 770, 643, 327, 166
init :1171, 761, 638, 346, 168
track:1172, 761, 639, 346, 168
track:1173, 761, 639, 346, 168
init :1174, 766, 636, 350, 160
track:1175, 766, 636, 350, 160
track:1176, 768, 637, 350, 160
init :1177, 761, 638, 369, 155
track:1178, 772, 641, 351, 148
track:1179, 768, 636, 369, 155
init :1180, 766, 641, 373, 147
track:1181, 769, 641, 373, 147
track:1182, 763, 637, 392, 154
init :1183, 770, 638, 392, 145
track:1184, 781, 643, 373, 138
track:1185, 779, 643, 373, 138
init :1186, 775, 638, 396, 137
track:1187, 766, 634, 416, 144
track:1188, 768, 635, 416, 144
init :1189, 789, 633, 387, 132
track:1190, 789, 633, 387, 132
track:1191, 789, 633, 387, 132
init :1192, 793, 630, 383, 127
track:1193, 791, 630, 383, 127
track:1194, 783, 624, 402, 133
init :1195, 793, 630, 383, 116
track:1196, 784, 627, 402, 122
track:1197, 777, 626, 402, 122
init :1198, 793, 628, 373, 111
track:1199, 791, 629, 373, 111
track:1200, 792, 628, 373, 111
init :1201, 798, 630, 364, 109
track:1202, 798, 630, 364, 109
track:1203, 799, 630, 364, 109
init :1204, 816, 630, 355, 106
track:1205, 816, 630, 355, 106
track:1206, 819, 630, 355, 106
init :1207, 835, 633, 341, 103
track:1208, 838, 633, 341, 103
track:1209, 837, 633, 341, 103
init :1210, 853, 636, 341, 101
track:1211, 855, 636, 341, 101
track:1212, 863, 639, 325, 96
init :1213, 867, 641, 332, 103
track:1214, 867, 641, 332, 103
track:1215, 867, 641, 332, 103
init :1216, 876, 643, 323, 101
track:1217, 875, 642, 323, 101
track:1218, 873, 642, 323, 101
init :1219, 876, 649, 318, 101
track:1220, 874, 649, 318, 101
track:1221, 879, 653, 303, 96
init :1222, 886, 651, 304, 98
track:1223, 894, 654, 290, 93
track:1224, 894, 655, 290, 93
init :1225, 895, 654, 295, 96
track:1226, 896, 654, 295, 96
track:1227, 897, 654, 295, 96
init :1228, 900, 659, 276, 98
track:1229, 900, 659, 276, 98
track:1230, 900, 660, 276, 98
init :1231, 909, 659, 267, 98
track:1232, 907, 659, 267, 98
track:1233, 905, 660, 267, 98
init :1234, 913, 662, 253, 98
track:1235, 912, 662, 253, 98
track:1236, 915, 665, 241, 93
init :1237, 918, 664, 235, 96
track:1238, 924, 666, 224, 91
track:1239, 924, 666, 224, 91
init :1240, 927, 667, 221, 96
track:1241, 925, 667, 221, 96
track:1242, 922, 668, 221, 96
init :1243, 936, 669, 193, 96
track:1244, 936, 669, 193, 96
track:1245, 940, 671, 184, 91
init :1246, 941, 669, 184, 93
track:1247, 940, 670, 184, 93
track:1248, 941, 671, 175, 89
init :1249, 950, 669, 170, 93
track:1250, 947, 669, 170, 93
track:1251, 943, 667, 170, 93
init :1252, 950, 667, 147, 90
track:1253, 945, 666, 147, 90
track:1254, 945, 666, 147, 90
init :1255, 950, 667, 133, 85
track:1256, 944, 666, 133, 85
track:1257, 942, 667, 127, 81
init :1258, 941, 662, 115, 88
track:1259, 941, 662, 115, 88
track:1260, 938, 662, 115, 88
init :1261, 793, 589, 73, 51
track:1262, 820, 590, 73, 51
track:1263, 846, 588, 77, 54
init :1264, 946, 659, 96, 83
track:1265, 947, 659, 96, 83
track:1266, 948, 658, 96, 83
init :1267, 946, 656, 101, 83
track:1268, 945, 656, 101, 83
track:1269, 944, 656, 101, 83
init :1270, 941, 656, 106, 80
track:1271, 940, 656, 106, 80
track:1272, 937, 656, 106, 80
init :1273, 932, 656, 115, 77
track:1274, 932, 656, 115, 77
track:1275, 927, 655, 115, 77
init :1276, 923, 656, 124, 75
track:1277, 919, 656, 124, 75
track:1278, 910, 655, 130, 79
init :1279, 909, 656, 129, 80
track:1280, 901, 657, 129, 80
track:1281, 897, 658, 129, 80
init :1282, 890, 659, 133, 77
track:1283, 888, 659, 133, 77
track:1284, 888, 659, 133, 77
init :1285, 876, 659, 138, 75
track:1286, 875, 660, 131, 71
track:1287, 874, 660, 131, 71
init :1288, 872, 659, 143, 72
track:1289, 872, 659, 143, 72
track:1290, 872, 660, 143, 72
init :1291, 867, 659, 143, 75
track:1292, 866, 659, 143, 75
track:1293, 864, 659, 143, 75
init :1294, 867, 662, 143, 72
track:1295, 867, 661, 143, 72
track:1296, 866, 661, 143, 72
init :1297, 867, 656, 147, 70
track:1298, 868, 656, 147, 70
track:1299, 867, 657, 147, 70
init :1300, 863, 659, 147, 67
track:1301, 865, 661, 140, 64
track:1302, 863, 661, 140, 64
init :1303, 863, 662, 152, 64
track:1304, 863, 662, 152, 64
track:1305, 863, 662, 152, 64
init :1306, 867, 662, 152, 64
track:1307, 863, 661, 160, 67
track:1308, 864, 663, 160, 67
init :1309, 867, 664, 152, 62
track:1310, 867, 664, 152, 62
track:1311, 869, 664, 152, 62
init :1312, 867, 667, 161, 57
track:1313, 867, 667, 161, 57
track:1314, 867, 667, 161, 57
init :1315, 867, 669, 156, 57
track:1316, 867, 670, 156, 57
track:1317, 865, 670, 156, 57
init :1318, 863, 669, 166, 54
track:1319, 863, 669, 166, 54
track:1320, 863, 669, 166, 54
init :1321, 858, 672, 166, 54
track:1322, 859, 672, 166, 54
track:1323, 864, 674, 166, 54
init :1324, 863, 672, 170, 57
track:1325, 863, 672, 170, 57
track:1326, 860, 671, 178, 60
init :1327, 867, 675, 170, 57
track:1328, 868, 675, 170, 57
track:1329, 869, 675, 170, 57
init :1330, 867, 675, 170, 54
track:1331, 866, 675, 170, 54
track:1332, 863, 675, 170, 54
init :1333, 858, 677, 170, 51
track:1334, 858, 677, 170, 51
track:1335, 855, 677, 170, 51
init :1336, 853, 677, 175, 51
track:1337, 851, 677, 175, 51
track:1338, 848, 676, 175, 51
init :1339, 844, 677, 180, 49
track:1340, 844, 677, 180, 49
track:1341, 844, 677, 180, 49
init :1342, 844, 677, 175, 46
track:1343, 844, 677, 175, 46
track:1344, 844, 677, 175, 46
init :1345, 849, 680, 170, 49
track:1346, 849, 680, 170, 49
track:1347, 849, 680, 170, 49
init :1348, 849, 680, 175, 51
track:1349, 849, 680, 175, 51
track:1350, 848, 680, 175, 51
init :1351, 849, 680, 175, 49
track:1352, 848, 680, 175, 49
track:1353, 848, 680, 175, 49
init :1354, 849, 682, 175, 49
track:1355, 848, 682, 175, 49
track:1356, 850, 683, 175, 49
init :1357, 849, 682, 175, 49
track:1358, 849, 682, 175, 49
track:1359, 849, 683, 175, 49
init :1360, 849, 685, 175, 49
track:1361, 848, 685, 175, 49
track:1362, 853, 686, 167, 47
init :1363, 849, 687, 184, 51
track:1364, 849, 687, 184, 51
track:1365, 849, 687, 184, 51
init :1366, 849, 687, 180, 54
track:1367, 849, 687, 180, 54
track:1368, 847, 688, 180, 54
init :1369, 844, 687, 184, 57
track:1370, 843, 687, 184, 57
track:1371, 847, 689, 175, 54
init :1372, 844, 690, 184, 62
track:1373, 842, 690, 184, 62
track:1374, 841, 691, 184, 62
init :1375, 840, 693, 184, 59
track:1376, 838, 693, 184, 59
track:1377, 838, 693, 184, 59
init :1378, 830, 693, 189, 62
track:1379, 830, 693, 189, 62
track:1380, 826, 693, 189, 62
init :1381, 816, 695, 193, 62
track:1382, 814, 696, 193, 62
track:1383, 812, 696, 193, 62
init :1384, 812, 698, 193, 62
track:1385, 811, 699, 193, 62
track:1386, 811, 699, 193, 62
init :1387, 812, 700, 198, 62
track:1388, 813, 700, 198, 62
track:1389, 814, 701, 198, 62
init :1390, 821, 703, 198, 62
track:1391, 823, 703, 198, 62
track:1392, 820, 703, 208, 65
init :1393, 835, 708, 198, 59
track:1394, 835, 708, 198, 59
track:1395, 841, 710, 189, 56
init :1396, 840, 708, 198, 64
track:1397, 844, 709, 189, 61
track:1398, 842, 709, 189, 61
init :1399, 835, 708, 207, 64
track:1400, 831, 708, 207, 64
track:1401, 822, 707, 217, 67
init :1402, 821, 711, 207, 67
track:1403, 818, 711, 207, 67
track:1404, 817, 711, 207, 67
init :1405, 807, 713, 216, 70
track:1406, 805, 713, 216, 70
track:1407, 802, 713, 216, 70
init :1408, 793, 713, 230, 67
track:1409, 793, 713, 230, 67
track:1410, 792, 713, 230, 67
init :1411, 793, 713, 230, 75
track:1412, 792, 713, 230, 75
track:1413, 794, 714, 230, 75
init :1414, 793, 716, 240, 77
track:1415, 793, 716, 240, 77
track:1416, 789, 713, 252, 81
init :1417, 793, 719, 244, 77
track:1418, 785, 717, 256, 81
track:1419, 790, 720, 244, 77
init :1420, 789, 719, 249, 77
track:1421, 782, 717, 261, 81
track:1422, 780, 718, 261, 81
init :1423, 789, 719, 249, 85
track:1424, 789, 719, 249, 85
track:1425, 789, 719, 249, 85
init :1426, 793, 719, 244, 90
track:1427, 793, 719, 244, 90
track:1428, 797, 721, 232, 86
init :1429, 789, 719, 249, 90
track:1430, 788, 719, 249, 90
track:1431, 786, 720, 249, 90
init :1432, 789, 721, 253, 98
track:1433, 787, 721, 253, 98
track:1434, 786, 721, 253, 98
init :1435, 789, 721, 249, 103
track:1436, 789, 721, 249, 103
track:1437, 783, 720, 261, 108
init :1438, 789, 724, 249, 106
track:1439, 789, 724, 249, 106
track:1440, 788, 725, 249, 106
init :1441, 784, 724, 244, 109
track:1442, 780, 724, 244, 109
track:1443, 778, 724, 244, 109
init :1444, 780, 721, 240, 114
track:1445, 775, 720, 240, 114
track:1446, 772, 721, 240, 114
init :1447, 766, 719, 240, 119
track:1448, 765, 719, 240, 119
track:1449, 765, 719, 240, 119
init :1450, 766, 716, 240, 124
track:1451, 768, 716, 240, 124
track:1452, 770, 716, 240, 124
init :1453, 784, 711, 230, 135
track:1454, 784, 711, 230, 135
track:1455, 787, 710, 230, 135
init :1456, 807, 711, 221, 140
track:1457, 809, 711, 221, 140
track:1458, 812, 711, 221, 140
init :1459, 821, 708, 212, 142
track:1460, 825, 708, 212, 142
track:1461, 830, 709, 212, 142
init :1462, 835, 711, 203, 145
track:1463, 835, 711, 203, 145
track:1464, 835, 710, 203, 145
init :1465, 844, 706, 193, 158
track:1466, 845, 706, 193, 158
track:1467, 844, 706, 193, 158
init :1468, 853, 700, 180, 166
track:1469, 851, 698, 180, 166
track:1470, 846, 696, 180, 166
init :1471, 853, 693, 161, 163
track:1472, 851, 690, 161, 163
track:1473, 850, 689, 161, 163
init :1474, 853, 687, 156, 158
track:1475, 852, 686, 156, 158
track:1476, 851, 685, 156, 158
init :1477, 853, 685, 166, 155
track:1478, 853, 685, 166, 155
track:1479, 855, 683, 166, 155
init :1480, 844, 672, 193, 163
track:1481, 847, 670, 193, 163
track:1482, 850, 668, 193, 163
init :1483, 853, 662, 198, 163
track:1484, 863, 665, 189, 155
track:1485, 867, 665, 189, 155
init :1486, 858, 654, 230, 168
track:1487, 862, 654, 230, 168
track:1488, 864, 654, 230, 168
init :1489, 867, 651, 244, 168
track:1490, 867, 650, 244, 168
track:1491, 871, 648, 244, 168
init :1492, 867, 651, 267, 158
track:1493, 867, 651, 267, 158
track:1494, 867, 650, 267, 158
init :1495, 863, 649, 286, 147
track:1496, 861, 646, 286, 147
track:1497, 858, 645, 286, 147
init :1498, 849, 646, 295, 140
track:1499, 845, 644, 295, 140
track:1500, 839, 642, 295, 140
init :1501, 835, 641, 300, 132
track:1502, 833, 639, 300, 132
track:1503, 832, 638, 300, 132
init :1504, 826, 633, 309, 135
track:1505, 826, 631, 309, 135
track:1506, 824, 630, 309, 135
init :1507, 826, 628, 309, 122
track:1508, 826, 628, 309, 122
track:1509, 834, 631, 294, 116
init :1510, 826, 625, 309, 116
track:1511, 833, 627, 294, 110
track:1512, 825, 626, 294, 110
init :1513, 821, 620, 304, 116
track:1514, 806, 620, 304, 116
track:1515, 783, 620, 304, 116
init :1516, 770, 623, 295, 109
track:1517, 734, 621, 310, 114
track:1518, 734, 622, 310, 114
init :1519, 724, 623, 286, 109
track:1520, 701, 623, 286, 109
track:1521, 679, 624, 286, 109
init :1522, 669, 628, 272, 98
track:1523, 669, 628, 272, 98
track:1524, 664, 628, 272, 98
init :1525, 664, 630, 263, 93
track:1526, 675, 632, 250, 89
track:1527, 679, 633, 250, 89
init :1528, 673, 633, 263, 88
track:1529, 704, 634, 250, 84
track:1530, 726, 634, 250, 84
init :1531, 761, 633, 249, 85
track:1532, 787, 633, 249, 85
track:1533, 787, 633, 249, 85
init :1534, 812, 633, 249, 80
track:1535, 842, 636, 237, 76
track:1536, 864, 637, 237, 76
init :1537, 876, 638, 240, 77
track:1538, 876, 638, 240, 77
track:1539, 892, 637, 240, 77
init :1540, 900, 643, 235, 77
track:1541, 897, 642, 247, 81
track:1542, 898, 643, 247, 81
init :1543, 909, 646, 230, 77
track:1544, 908, 646, 230, 77
track:1545, 910, 650, 219, 73
init :1546, 904, 651, 226, 75
track:1547, 887, 652, 226, 75
track:1548, 896, 655, 215, 71
init :1549, 890, 656, 216, 70
track:1550, 879, 655, 227, 74
track:1551, 870, 656, 227, 74
init :1552, 872, 662, 212, 72
track:1553, 872, 662, 212, 72
track:1554, 869, 664, 212, 72
init :1555, 872, 664, 207, 72
track:1556, 872, 663, 207, 72
track:1557, 872, 664, 207, 72
init :1558, 881, 664, 203, 75
track:1559, 888, 666, 193, 71
track:1560, 893, 667, 193, 71
init :1561, 900, 667, 189, 70
track:1562, 900, 668, 189, 70
track:1563, 901, 669, 189, 70
init :1564, 909, 669, 189, 72
track:1565, 909, 669, 189, 72
track:1566, 914, 672, 180, 69
init :1567, 913, 669, 180, 72
track:1568, 913, 669, 180, 72
track:1569, 912, 670, 180, 72
init :1570, 913, 669, 170, 75
track:1571, 912, 669, 170, 75
track:1572, 910, 669, 170, 75
init :1573, 913, 672, 166, 75
track:1574, 911, 672, 166, 75
track:1575, 908, 672, 166, 75
init :1576, 913, 672, 147, 75
track:1577, 911, 673, 147, 75
track:1578, 910, 673, 147, 75
init :1579, 909, 672, 143, 75
track:1580, 906, 672, 143, 75
track:1581, 903, 672, 143, 75
init :1582, 904, 677, 138, 72
track:1583, 904, 677, 138, 72
track:1584, 904, 677, 138, 72
init :1585, 900, 677, 138, 72
track:1586, 900, 677, 138, 72
track:1587, 902, 679, 131, 69
init :1588, 904, 677, 133, 72
track:1589, 905, 677, 133, 72
track:1590, 905, 678, 133, 72
init :1591, 904, 680, 129, 72
track:1592, 904, 680, 129, 72
track:1593, 903, 680, 129, 72
init :1594, 913, 680, 115, 72
track:1595, 913, 680, 115, 72
track:1596, 910, 681, 115, 72
init :1599, 913, 680, 101, 72
init :1600, 913, 682, 96, 70
track:1601, 912, 681, 96, 70
track:1602, 911, 682, 96, 70
init :1603, 913, 680, 96, 70
track:1604, 911, 680, 96, 70
track:1605, 909, 680, 96, 70
init :1606, 913, 680, 92, 72
track:1607, 911, 680, 92, 72
track:1608, 911, 681, 92, 72
elapseTime: 35.804
