init :7, 821, 630, 235, 197
track:8, 821, 630, 235, 197
track:9, 822, 630, 235, 197
track:10, 821, 631, 235, 197
track:11, 823, 630, 235, 197
track:12, 823, 630, 235, 197
init :13, 821, 630, 235, 197
track:14, 821, 630, 235, 197
track:15, 821, 630, 235, 197
track:16, 821, 630, 235, 197
track:17, 822, 631, 235, 197
track:18, 822, 630, 235, 197
track:19, 822, 630, 235, 197
track:20, 822, 631, 235, 197
track:21, 823, 631, 235, 197
track:22, 823, 631, 235, 197
track:23, 823, 631, 235, 197
track:24, 824, 631, 235, 197
init :25, 821, 633, 240, 197
track:26, 821, 634, 240, 197
track:27, 822, 634, 240, 197
track:28, 822, 634, 240, 197
track:29, 823, 633, 240, 197
track:30, 823, 634, 240, 197
track:31, 821, 632, 240, 197
track:32, 821, 633, 240, 197
track:33, 823, 634, 240, 197
track:34, 823, 635, 240, 197
track:35, 823, 634, 240, 197
track:36, 823, 633, 240, 197
init :37, 826, 633, 240, 194
track:38, 827, 633, 240, 194
track:39, 827, 633, 240, 194
track:40, 828, 633, 240, 194
track:41, 828, 633, 240, 194
track:42, 828, 633, 240, 194
track:43, 828, 632, 240, 194
track:44, 828, 632, 240, 194
track:45, 829, 632, 240, 194
track:46, 834, 637, 229, 185
track:48, 828, 632, 240, 194
init :49, 826, 630, 235, 197
track:50, 827, 630, 235, 197
track:51, 827, 630, 235, 197
track:52, 826, 629, 235, 197
track:53, 826, 629, 235, 197
track:54, 826, 630, 235, 197
track:55, 828, 629, 235, 197
track:56, 826, 630, 235, 197
track:57, 828, 629, 235, 197
track:58, 827, 630, 235, 197
track:59, 826, 630, 235, 197
track:60, 827, 629, 235, 197
init :61, 826, 630, 235, 199
track:62, 826, 630, 235, 199
track:63, 825, 630, 235, 199
track:64, 825, 630, 235, 199
track:65, 825, 629, 235, 199
track:66, 825, 629, 235, 199
track:67, 825, 629, 235, 199
track:68, 824, 629, 235, 199
track:69, 824, 629, 235, 199
track:70, 825, 629, 235, 199
track:71, 824, 629, 235, 199
track:72, 824, 629, 235, 199
init :73, 826, 630, 235, 197
track:74, 826, 630, 235, 197
track:75, 826, 630, 235, 197
track:76, 825, 631, 235, 197
track:77, 826, 631, 235, 197
track:78, 824, 631, 235, 197
track:79, 825, 631, 235, 197
track:80, 826, 631, 235, 197
track:81, 824, 631, 235, 197
track:82, 825, 630, 235, 197
track:83, 826, 631, 235, 197
track:84, 825, 631, 235, 197
init :85, 826, 630, 240, 197
track:86, 826, 630, 240, 197
track:87, 826, 630, 240, 197
track:88, 826, 630, 240, 197
track:89, 827, 631, 240, 197
track:90, 827, 632, 240, 197
track:91, 827, 633, 240, 197
track:92, 831, 638, 229, 188
track:93, 826, 633, 240, 197
track:94, 832, 638, 229, 188
track:95, 832, 638, 229, 188
track:96, 833, 637, 229, 188
init :97, 826, 628, 240, 197
track:98, 827, 627, 240, 197
track:99, 827, 628, 240, 197
track:100, 829, 628, 240, 197
track:101, 829, 627, 240, 197
track:102, 830, 627, 240, 197
track:103, 831, 626, 240, 197
track:104, 830, 626, 240, 197
track:105, 832, 625, 240, 197
track:106, 837, 629, 229, 188
track:107, 832, 622, 240, 197
track:108, 832, 621, 240, 197
init :109, 835, 623, 235, 194
track:110, 835, 622, 235, 194
track:111, 835, 620, 235, 194
track:112, 836, 618, 235, 194
track:113, 837, 616, 235, 194
track:114, 836, 617, 235, 194
track:115, 837, 615, 235, 194
track:116, 838, 613, 235, 194
track:117, 844, 615, 224, 185
track:120, 845, 613, 224, 185
init :121, 853, 615, 198, 160
track:122, 854, 615, 198, 160
track:123, 853, 613, 198, 160
track:124, 853, 614, 198, 160
track:125, 856, 615, 189, 152
track:126, 855, 613, 189, 152
track:127, 852, 611, 189, 152
track:128, 851, 611, 189, 152
track:129, 851, 611, 189, 152
track:130, 856, 616, 180, 145
track:131, 856, 617, 180, 145
track:132, 859, 620, 180, 145
init :133, 863, 617, 180, 163
track:134, 863, 617, 180, 163
track:135, 862, 619, 180, 163
track:136, 863, 619, 180, 163
track:137, 864, 622, 180, 163
track:138, 865, 622, 180, 163
track:139, 865, 623, 180, 163
track:140, 869, 626, 171, 155
track:141, 869, 626, 171, 155
track:142, 867, 626, 171, 155
track:143, 861, 623, 180, 163
track:144, 860, 623, 180, 163
init :145, 858, 625, 180, 150
track:146, 858, 625, 180, 150
track:147, 859, 627, 180, 150
track:148, 860, 629, 180, 150
track:149, 864, 633, 171, 143
track:150, 864, 636, 171, 143
track:151, 865, 639, 171, 143
track:152, 865, 642, 171, 143
track:153, 865, 644, 171, 143
track:154, 860, 641, 180, 150
track:155, 861, 642, 180, 150
track:156, 861, 644, 180, 150
init :157, 863, 649, 170, 158
track:158, 863, 649, 170, 158
track:159, 864, 650, 170, 158
track:160, 863, 651, 170, 158
track:161, 861, 652, 170, 158
track:162, 859, 652, 170, 158
track:163, 858, 652, 170, 158
track:164, 858, 652, 170, 158
track:165, 858, 653, 170, 158
track:166, 858, 654, 170, 158
track:167, 858, 653, 170, 158
track:168, 858, 653, 170, 158
init :169, 863, 659, 166, 150
track:170, 863, 659, 166, 150
track:171, 866, 658, 166, 150
track:172, 868, 657, 166, 150
track:173, 867, 657, 166, 150
track:174, 866, 656, 166, 150
track:175, 864, 657, 166, 150
track:176, 862, 657, 166, 150
track:177, 862, 657, 166, 150
track:178, 864, 658, 166, 150
track:179, 864, 658, 166, 150
track:180, 865, 660, 166, 150
init :181, 867, 656, 161, 150
track:182, 867, 658, 161, 150
track:183, 869, 661, 161, 150
track:184, 869, 661, 161, 150
track:185, 870, 664, 161, 150
track:186, 864, 659, 169, 158
track:187, 860, 654, 169, 158
track:188, 857, 652, 169, 158
track:189, 855, 652, 169, 158
track:190, 858, 654, 161, 150
track:191, 857, 651, 161, 150
track:192, 857, 646, 161, 150
init :193, 858, 643, 161, 150
track:194, 858, 643, 161, 150
track:195, 860, 642, 161, 150
track:196, 861, 641, 161, 150
track:197, 860, 639, 161, 150
track:198, 858, 640, 161, 150
track:199, 858, 640, 161, 150
track:200, 857, 643, 161, 150
track:201, 854, 643, 161, 150
track:202, 854, 641, 161, 150
track:203, 853, 639, 161, 150
track:204, 853, 639, 161, 150
init :205, 858, 633, 156, 135
track:206, 859, 633, 156, 135
track:207, 856, 631, 156, 135
track:208, 857, 632, 156, 135
track:209, 855, 630, 156, 135
track:210, 853, 627, 156, 135
track:211, 853, 626, 156, 135
track:212, 855, 626, 149, 129
track:213, 855, 626, 149, 129
track:214, 856, 625, 149, 129
track:215, 856, 624, 149, 129
track:216, 856, 623, 149, 129
init :217, 849, 630, 147, 124
track:218, 849, 630, 147, 124
track:219, 849, 631, 147, 124
track:220, 849, 636, 147, 124
track:221, 848, 638, 147, 124
track:222, 848, 640, 147, 124
track:223, 848, 641, 147, 124
track:224, 848, 643, 147, 124
track:225, 848, 644, 147, 124
track:226, 848, 645, 147, 124
track:227, 852, 648, 140, 118
track:228, 852, 648, 140, 118
init :229, 853, 646, 138, 111
track:230, 853, 645, 138, 111
track:231, 853, 646, 138, 111
track:232, 853, 644, 138, 111
track:233, 853, 643, 138, 111
track:234, 855, 645, 131, 106
track:235, 855, 644, 131, 106
track:236, 855, 643, 131, 106
track:237, 857, 644, 131, 106
track:238, 857, 644, 131, 106
track:239, 859, 646, 131, 106
track:240, 859, 647, 131, 106
init :241, 863, 651, 120, 101
track:242, 864, 651, 120, 101
track:243, 864, 651, 120, 101
track:244, 864, 652, 120, 101
track:245, 864, 652, 120, 101
track:246, 864, 653, 120, 101
track:247, 864, 654, 120, 101
track:248, 865, 654, 120, 101
track:249, 864, 655, 120, 101
track:250, 864, 655, 120, 101
track:251, 865, 658, 120, 101
track:252, 866, 659, 120, 101
init :253, 867, 659, 120, 101
track:254, 868, 662, 120, 101
track:255, 869, 665, 120, 101
track:256, 868, 666, 120, 101
track:257, 870, 670, 120, 101
track:258, 870, 671, 120, 101
track:259, 871, 673, 120, 101
track:260, 871, 674, 120, 101
track:261, 871, 675, 120, 101
track:262, 871, 675, 120, 101
track:263, 871, 676, 120, 101
track:264, 871, 678, 120, 101
init :265, 867, 680, 124, 96
track:266, 867, 681, 124, 96
track:267, 868, 683, 124, 96
track:268, 868, 684, 124, 96
track:269, 868, 685, 124, 96
track:270, 868, 687, 124, 96
track:271, 866, 688, 130, 101
track:272, 867, 691, 130, 101
track:273, 867, 692, 130, 101
track:274, 868, 694, 130, 101
track:275, 868, 696, 130, 101
track:276, 865, 697, 137, 106
init :277, 867, 698, 133, 109
track:278, 867, 698, 133, 109
track:279, 868, 698, 133, 109
track:280, 868, 697, 133, 109
track:281, 870, 695, 133, 109
track:282, 871, 697, 133, 109
track:283, 872, 698, 133, 109
track:284, 873, 700, 133, 109
track:285, 871, 699, 140, 114
track:286, 873, 698, 140, 114
track:287, 872, 692, 147, 120
track:288, 872, 691, 147, 120
init :289, 872, 677, 161, 150
track:290, 872, 673, 161, 150
track:291, 872, 667, 161, 150
track:292, 870, 659, 169, 158
track:293, 871, 659, 169, 158
track:294, 871, 657, 169, 158
track:295, 869, 650, 178, 165
track:296, 871, 650, 178, 165
track:297, 866, 647, 186, 174
track:298, 861, 643, 196, 182
track:299, 859, 644, 196, 182
track:300, 858, 645, 196, 182
init :301, 835, 638, 244, 205
track:302, 834, 641, 244, 205
track:303, 834, 642, 244, 205
track:304, 833, 647, 244, 205
track:305, 832, 647, 244, 205
track:306, 824, 642, 256, 215
track:307, 818, 635, 269, 226
track:308, 816, 636, 269, 226
track:309, 816, 633, 269, 226
track:310, 815, 628, 269, 226
track:311, 813, 611, 269, 226
track:312, 820, 607, 256, 215
init :313, 812, 607, 263, 218
track:314, 813, 601, 263, 218
track:315, 813, 593, 263, 218
track:316, 813, 586, 263, 218
track:317, 822, 584, 250, 208
track:318, 822, 582, 250, 208
track:319, 823, 581, 250, 208
track:320, 827, 570, 250, 208
track:321, 836, 569, 239, 198
track:322, 838, 567, 239, 198
track:323, 836, 567, 239, 198
track:324, 834, 572, 239, 198
init :325, 853, 573, 198, 166
track:326, 853, 568, 198, 166
track:327, 852, 568, 198, 166
track:328, 851, 567, 198, 166
track:329, 853, 578, 189, 158
track:330, 850, 584, 189, 158
track:331, 845, 582, 198, 166
track:332, 843, 586, 198, 166
track:333, 844, 586, 198, 166
track:334, 842, 588, 198, 166
track:335, 842, 590, 198, 166
track:336, 842, 592, 198, 166
init :337, 853, 599, 184, 168
track:338, 853, 599, 184, 168
track:339, 853, 595, 184, 168
track:340, 854, 594, 184, 168
track:341, 854, 594, 184, 168
track:342, 855, 593, 184, 168
track:343, 855, 593, 184, 168
track:344, 854, 591, 184, 168
track:345, 860, 592, 175, 160
track:346, 860, 593, 175, 160
track:347, 859, 595, 175, 160
track:348, 859, 595, 175, 160
init :349, 872, 612, 152, 122
track:350, 873, 616, 152, 122
track:351, 873, 620, 152, 122
track:352, 874, 623, 152, 122
track:353, 874, 624, 152, 122
track:354, 874, 626, 152, 122
track:355, 873, 628, 152, 122
track:356, 877, 631, 145, 116
track:357, 876, 631, 145, 116
track:358, 876, 631, 145, 116
track:359, 876, 631, 145, 116
track:360, 875, 631, 145, 116
init :361, 872, 636, 138, 98
track:362, 871, 636, 138, 98
track:363, 871, 636, 138, 98
track:364, 871, 637, 138, 98
track:365, 871, 638, 138, 98
track:366, 871, 639, 138, 98
track:367, 871, 640, 138, 98
track:368, 871, 641, 138, 98
track:369, 870, 641, 138, 98
track:370, 869, 647, 138, 98
track:371, 868, 652, 138, 98
track:372, 871, 658, 131, 93
init :373, 876, 659, 120, 101
track:374, 877, 660, 120, 101
track:375, 875, 661, 120, 101
track:376, 873, 662, 120, 101
track:377, 871, 662, 120, 101
track:378, 871, 663, 120, 101
track:379, 870, 664, 120, 101
track:380, 871, 663, 120, 101
track:381, 870, 663, 120, 101
track:382, 868, 664, 120, 101
track:383, 868, 663, 120, 101
track:384, 866, 662, 120, 101
init :385, 863, 662, 110, 93
track:386, 863, 662, 110, 93
track:387, 864, 663, 110, 93
track:388, 864, 663, 110, 93
track:389, 863, 662, 110, 93
track:390, 863, 662, 110, 93
track:391, 863, 665, 110, 93
track:392, 863, 668, 110, 93
track:393, 863, 668, 110, 93
track:394, 863, 669, 110, 93
track:395, 864, 674, 110, 93
track:396, 865, 678, 110, 93
init :397, 867, 687, 110, 77
track:398, 867, 687, 110, 77
track:399, 869, 691, 110, 77
track:400, 870, 696, 110, 77
track:401, 871, 702, 110, 77
track:402, 872, 705, 110, 77
track:403, 873, 706, 110, 77
track:404, 873, 708, 110, 77
track:405, 874, 708, 110, 77
track:406, 874, 708, 110, 77
track:407, 875, 708, 110, 77
track:408, 875, 708, 110, 77
init :409, 876, 700, 106, 83
track:410, 876, 698, 106, 83
track:411, 877, 696, 106, 83
track:412, 878, 694, 106, 83
track:413, 878, 694, 106, 83
track:414, 878, 693, 106, 83
track:415, 878, 694, 106, 83
track:416, 878, 696, 106, 83
track:417, 879, 695, 106, 83
track:418, 880, 696, 106, 83
track:419, 879, 696, 106, 83
track:420, 877, 696, 106, 83
init :421, 876, 700, 110, 83
track:422, 876, 699, 110, 83
track:423, 876, 697, 110, 83
track:424, 876, 695, 110, 83
track:425, 876, 694, 110, 83
track:426, 875, 692, 110, 83
track:427, 874, 690, 110, 83
track:428, 873, 690, 110, 83
track:429, 873, 690, 110, 83
track:430, 873, 690, 110, 83
track:431, 873, 691, 110, 83
track:432, 872, 690, 110, 83
init :433, 872, 690, 110, 83
track:434, 871, 690, 110, 83
track:435, 871, 691, 110, 83
track:436, 871, 691, 110, 83
track:437, 870, 693, 110, 83
track:438, 870, 694, 110, 83
track:439, 871, 695, 110, 83
track:440, 872, 696, 110, 83
track:441, 872, 696, 110, 83
track:442, 872, 695, 110, 83
track:443, 873, 696, 110, 83
track:444, 873, 696, 110, 83
init :445, 872, 693, 110, 93
track:446, 872, 694, 110, 93
track:447, 873, 693, 110, 93
track:448, 873, 693, 110, 93
track:449, 873, 692, 110, 93
track:450, 874, 691, 110, 93
track:451, 874, 693, 110, 93
track:452, 875, 695, 110, 93
track:453, 876, 695, 110, 93
track:454, 877, 695, 110, 93
track:455, 878, 696, 110, 93
track:456, 878, 696, 110, 93
init :457, 872, 693, 124, 93
track:458, 872, 693, 124, 93
track:459, 872, 693, 124, 93
track:460, 872, 691, 124, 93
track:461, 872, 691, 124, 93
track:462, 873, 692, 124, 93
track:463, 873, 690, 124, 93
track:464, 870, 686, 130, 98
track:465, 869, 684, 130, 98
track:466, 869, 685, 130, 98
track:467, 869, 685, 130, 98
track:468, 869, 685, 130, 98
init :469, 867, 685, 129, 103
track:470, 868, 687, 129, 103
track:471, 869, 688, 129, 103
track:472, 869, 688, 129, 103
track:473, 869, 690, 129, 103
track:474, 870, 693, 129, 103
track:475, 869, 690, 135, 108
track:476, 871, 689, 135, 108
track:477, 871, 689, 135, 108
track:478, 872, 689, 135, 108
track:479, 874, 686, 135, 108
track:480, 876, 677, 135, 108
init :481, 872, 669, 147, 124
track:482, 872, 669, 147, 124
track:483, 875, 663, 147, 124
track:484, 876, 662, 147, 124
track:485, 874, 658, 154, 130
track:486, 875, 663, 154, 130
track:487, 875, 663, 154, 130
track:488, 873, 667, 154, 130
track:490, 871, 671, 154, 130
track:491, 868, 672, 154, 130
track:492, 863, 670, 162, 137
init :493, 858, 664, 180, 142
track:494, 857, 664, 180, 142
track:495, 854, 659, 180, 142
track:496, 853, 655, 180, 142
track:497, 852, 653, 180, 142
track:498, 851, 650, 180, 142
track:499, 850, 647, 180, 142
track:500, 849, 642, 180, 142
track:501, 849, 639, 180, 142
track:502, 848, 637, 180, 142
track:503, 849, 635, 180, 142
track:504, 849, 634, 180, 142
init :505, 853, 630, 156, 140
track:506, 852, 630, 156, 140
track:507, 853, 630, 156, 140
track:508, 848, 625, 164, 147
track:509, 848, 622, 164, 147
track:510, 848, 620, 164, 147
track:511, 848, 618, 164, 147
track:512, 851, 620, 156, 140
track:513, 851, 619, 156, 140
track:514, 851, 621, 156, 140
track:515, 852, 622, 156, 140
track:516, 851, 621, 156, 140
init :517, 853, 628, 152, 127
track:518, 853, 626, 152, 127
track:519, 853, 625, 152, 127
track:520, 854, 625, 152, 127
track:521, 858, 627, 145, 121
track:522, 859, 626, 145, 121
track:523, 858, 628, 145, 121
track:524, 859, 630, 145, 121
track:525, 863, 633, 138, 115
track:526, 864, 634, 138, 115
track:527, 864, 634, 138, 115
track:528, 864, 634, 138, 115
init :529, 867, 636, 138, 98
track:530, 868, 635, 138, 98
track:531, 868, 634, 138, 98
track:532, 869, 635, 138, 98
track:533, 870, 637, 138, 98
track:534, 871, 637, 138, 98
track:535, 870, 638, 138, 98
track:536, 870, 641, 138, 98
track:537, 871, 641, 138, 98
track:538, 874, 644, 131, 93
track:539, 877, 648, 125, 89
track:540, 877, 648, 125, 89
init :543, 876, 649, 120, 90
track:544, 876, 649, 120, 90
track:546, 875, 656, 120, 90
track:547, 874, 656, 120, 90
track:548, 873, 659, 120, 90
track:549, 873, 661, 120, 90
track:550, 872, 662, 120, 90
track:551, 874, 666, 114, 86
track:552, 874, 666, 114, 86
init :553, 881, 664, 101, 83
track:554, 881, 664, 101, 83
track:555, 881, 664, 101, 83
track:556, 880, 665, 101, 83
track:557, 880, 665, 101, 83
track:558, 880, 670, 101, 83
track:559, 879, 672, 101, 83
track:560, 879, 676, 101, 83
track:561, 882, 680, 96, 79
track:562, 881, 680, 96, 79
track:563, 882, 682, 96, 79
track:564, 881, 685, 96, 79
init :565, 876, 687, 96, 83
track:566, 876, 689, 96, 83
track:567, 876, 689, 96, 83
track:568, 877, 692, 96, 83
track:569, 878, 693, 96, 83
track:570, 877, 697, 96, 83
track:571, 877, 699, 96, 83
track:572, 877, 699, 96, 83
track:573, 878, 702, 96, 83
track:574, 876, 701, 101, 87
track:575, 878, 701, 101, 87
track:576, 877, 698, 101, 87
init :577, 872, 700, 101, 75
track:578, 872, 699, 101, 75
track:579, 873, 696, 101, 75
track:580, 874, 697, 101, 75
track:581, 874, 696, 101, 75
track:582, 874, 697, 101, 75
track:583, 874, 699, 101, 75
track:584, 874, 701, 101, 75
track:585, 874, 700, 101, 75
track:586, 873, 701, 101, 75
track:587, 871, 700, 106, 79
track:588, 871, 701, 106, 79
init :589, 876, 698, 106, 83
track:590, 875, 698, 106, 83
track:591, 874, 699, 106, 83
track:592, 874, 699, 106, 83
track:593, 873, 698, 106, 83
track:594, 873, 696, 106, 83
track:595, 871, 686, 111, 87
track:596, 870, 682, 111, 87
track:597, 869, 683, 111, 87
track:598, 867, 677, 117, 92
track:599, 866, 670, 117, 92
track:600, 866, 667, 117, 92
init :601, 867, 664, 115, 103
track:602, 867, 664, 115, 103
track:603, 867, 663, 115, 103
track:604, 865, 660, 115, 103
track:605, 865, 657, 115, 103
track:606, 866, 656, 115, 103
track:607, 865, 656, 115, 103
track:608, 866, 656, 115, 103
track:609, 867, 655, 115, 103
track:610, 867, 656, 115, 103
track:611, 867, 660, 115, 103
track:612, 864, 659, 121, 108
init :613, 863, 659, 129, 109
track:614, 864, 660, 129, 109
track:615, 864, 663, 129, 109
track:616, 863, 665, 129, 109
track:617, 863, 665, 129, 109
track:618, 864, 666, 129, 109
track:619, 860, 662, 135, 114
track:620, 862, 661, 135, 114
track:621, 862, 660, 135, 114
track:622, 862, 660, 135, 114
track:623, 862, 660, 135, 114
track:624, 861, 658, 135, 114
init :625, 858, 656, 133, 114
track:626, 862, 659, 127, 109
track:627, 863, 659, 127, 109
track:628, 864, 660, 127, 109
track:629, 864, 660, 127, 109
track:630, 864, 659, 127, 109
track:631, 860, 656, 133, 114
track:632, 859, 656, 133, 114
track:633, 861, 659, 133, 114
track:634, 859, 659, 140, 120
track:635, 859, 661, 140, 120
track:636, 860, 663, 140, 120
init :637, 858, 667, 147, 116
track:638, 859, 667, 147, 116
track:639, 861, 668, 147, 116
track:640, 860, 669, 147, 116
track:641, 860, 667, 147, 116
track:642, 861, 666, 147, 116
track:643, 861, 665, 147, 116
track:644, 861, 664, 147, 116
track:645, 861, 654, 147, 116
track:646, 860, 653, 147, 116
track:647, 861, 653, 147, 116
track:648, 861, 651, 147, 116
init :649, 863, 651, 143, 119
track:650, 865, 652, 143, 119
track:651, 867, 652, 143, 119
track:652, 867, 652, 143, 119
track:653, 869, 652, 143, 119
track:654, 868, 653, 143, 119
track:655, 870, 656, 143, 119
track:656, 871, 659, 143, 119
track:657, 872, 660, 143, 119
track:658, 870, 661, 150, 125
track:659, 874, 662, 143, 119
track:660, 874, 662, 143, 119
init :661, 876, 662, 143, 111
track:662, 876, 662, 143, 111
track:663, 877, 662, 143, 111
track:664, 878, 660, 143, 111
track:665, 880, 659, 143, 111
track:666, 880, 657, 143, 111
track:667, 875, 654, 150, 117
track:668, 876, 652, 150, 117
track:669, 877, 652, 150, 117
track:670, 877, 652, 150, 117
track:671, 875, 652, 150, 117
track:672, 874, 653, 150, 117
init :673, 872, 651, 143, 116
track:674, 871, 650, 143, 116
track:675, 870, 650, 143, 116
track:676, 870, 651, 143, 116
track:677, 870, 651, 143, 116
track:678, 868, 653, 143, 116
track:679, 867, 663, 143, 116
track:680, 868, 670, 143, 116
track:681, 868, 672, 143, 116
track:682, 868, 673, 143, 116
track:683, 866, 672, 143, 116
track:684, 865, 671, 143, 116
init :685, 867, 669, 143, 124
track:686, 868, 671, 143, 124
track:687, 867, 671, 143, 124
track:688, 867, 672, 143, 124
track:689, 862, 668, 150, 130
track:690, 861, 667, 150, 130
track:691, 860, 663, 150, 130
track:692, 861, 663, 150, 130
track:693, 860, 663, 150, 130
track:694, 860, 662, 150, 130
track:695, 861, 662, 150, 130
track:696, 860, 660, 150, 130
init :697, 863, 662, 143, 111
track:698, 861, 661, 143, 111
track:699, 860, 662, 143, 111
track:700, 860, 664, 143, 111
track:701, 860, 664, 143, 111
track:702, 860, 664, 143, 111
track:703, 861, 668, 143, 111
track:704, 858, 673, 143, 111
track:705, 858, 678, 143, 111
track:706, 857, 678, 143, 111
track:707, 857, 679, 143, 111
track:708, 852, 679, 150, 117
init :709, 853, 677, 147, 122
track:710, 853, 675, 147, 122
track:711, 853, 675, 147, 122
track:712, 853, 673, 147, 122
track:713, 852, 671, 147, 122
track:714, 852, 671, 147, 122
track:715, 852, 672, 147, 122
track:716, 851, 673, 147, 122
track:717, 852, 674, 147, 122
track:718, 853, 675, 147, 122
track:719, 853, 675, 147, 122
track:720, 853, 676, 147, 122
init :721, 853, 675, 147, 124
track:722, 853, 675, 147, 124
track:723, 853, 675, 147, 124
track:724, 854, 671, 147, 124
track:725, 854, 668, 147, 124
track:726, 854, 668, 147, 124
track:727, 854, 666, 147, 124
track:728, 855, 663, 147, 124
track:729, 852, 654, 154, 130
track:730, 852, 652, 154, 130
track:731, 853, 651, 154, 130
track:732, 853, 653, 154, 130
init :733, 849, 643, 166, 142
track:734, 849, 639, 166, 142
track:735, 851, 636, 166, 142
track:736, 855, 638, 158, 135
track:737, 856, 637, 158, 135
track:738, 855, 636, 158, 135
track:739, 855, 635, 158, 135
track:740, 856, 637, 158, 135
track:741, 852, 634, 166, 142
track:742, 851, 636, 166, 142
track:743, 850, 636, 166, 142
track:744, 850, 636, 166, 142
init :745, 853, 636, 156, 129
track:746, 853, 636, 156, 129
track:747, 854, 635, 156, 129
track:748, 854, 625, 156, 129
track:749, 853, 622, 156, 129
track:750, 852, 621, 156, 129
track:751, 851, 622, 156, 129
track:752, 850, 624, 156, 129
track:753, 855, 627, 149, 123
track:754, 857, 627, 149, 123
track:755, 860, 626, 149, 123
track:756, 861, 626, 149, 123
init :757, 853, 633, 161, 111
track:758, 852, 632, 161, 111
track:759, 852, 635, 161, 111
track:760, 851, 638, 161, 111
track:761, 852, 639, 161, 111
track:762, 854, 640, 161, 111
track:763, 858, 639, 161, 111
track:764, 858, 639, 161, 111
track:765, 856, 640, 161, 111
track:766, 856, 640, 161, 111
track:767, 855, 640, 161, 111
track:768, 855, 642, 161, 111
init :769, 863, 638, 147, 122
track:770, 865, 647, 147, 122
track:771, 866, 648, 147, 122
track:772, 867, 647, 147, 122
track:773, 867, 646, 147, 122
track:774, 869, 646, 147, 122
track:775, 868, 646, 147, 122
track:776, 868, 647, 147, 122
track:777, 869, 647, 147, 122
track:778, 870, 646, 147, 122
track:779, 871, 646, 147, 122
track:780, 872, 646, 147, 122
init :781, 881, 651, 133, 98
track:782, 881, 651, 133, 98
track:783, 880, 652, 133, 98
track:784, 880, 652, 133, 98
track:785, 879, 653, 133, 98
track:786, 879, 653, 133, 98
track:787, 878, 653, 133, 98
track:788, 881, 655, 127, 93
track:789, 881, 656, 127, 93
track:790, 880, 656, 127, 93
track:791, 880, 656, 127, 93
track:792, 879, 655, 127, 93
init :793, 876, 654, 133, 93
track:794, 876, 655, 133, 93
track:795, 876, 658, 133, 93
track:796, 876, 659, 133, 93
track:797, 877, 659, 133, 93
track:798, 876, 659, 133, 93
track:799, 876, 660, 133, 93
track:800, 876, 661, 133, 93
track:801, 876, 661, 133, 93
track:802, 875, 662, 133, 93
track:803, 875, 663, 133, 93
track:804, 876, 663, 133, 93
init :805, 867, 659, 138, 106
track:806, 867, 659, 138, 106
track:807, 867, 659, 138, 106
track:808, 865, 660, 138, 106
track:809, 863, 660, 145, 111
track:810, 863, 662, 145, 111
track:811, 864, 662, 145, 111
track:812, 862, 663, 145, 111
track:813, 861, 664, 145, 111
track:814, 859, 664, 145, 111
track:815, 858, 664, 145, 111
track:816, 858, 664, 145, 111
init :817, 863, 669, 147, 109
track:818, 862, 675, 147, 109
track:819, 862, 676, 147, 109
track:820, 860, 687, 147, 109
track:821, 859, 688, 147, 109
track:822, 859, 688, 147, 109
track:823, 858, 687, 147, 109
track:824, 855, 684, 154, 114
track:825, 854, 685, 154, 114
track:826, 853, 685, 154, 114
track:827, 849, 686, 162, 120
track:828, 850, 693, 162, 120
init :829, 853, 685, 156, 145
track:830, 854, 686, 156, 145
track:831, 855, 686, 156, 145
track:832, 855, 687, 156, 145
track:833, 858, 685, 156, 145
track:834, 859, 677, 156, 145
track:835, 854, 666, 164, 152
track:836, 854, 666, 164, 152
track:837, 854, 660, 164, 152
track:838, 849, 655, 172, 160
track:839, 847, 650, 172, 160
track:840, 844, 646, 172, 160
init :841, 840, 646, 180, 163
track:842, 839, 645, 180, 163
track:843, 837, 643, 180, 163
track:844, 836, 639, 180, 163
track:845, 831, 625, 180, 163
track:846, 831, 625, 180, 163
track:847, 830, 621, 180, 163
track:848, 829, 613, 180, 163
track:849, 829, 612, 180, 163
track:850, 823, 607, 189, 171
track:851, 823, 607, 189, 171
track:852, 822, 598, 198, 180
init :853, 826, 597, 198, 166
track:854, 827, 599, 198, 166
track:855, 828, 603, 198, 166
track:856, 829, 605, 198, 166
track:857, 828, 606, 198, 166
track:858, 827, 603, 198, 166
track:859, 829, 600, 198, 166
track:860, 833, 601, 189, 158
track:861, 833, 600, 189, 158
track:862, 832, 603, 189, 158
track:863, 835, 606, 189, 158
track:864, 835, 610, 189, 158
init :865, 844, 623, 175, 147
track:866, 844, 623, 175, 147
track:867, 844, 628, 175, 147
track:868, 844, 630, 175, 147
track:869, 844, 631, 175, 147
track:870, 845, 635, 175, 147
track:871, 850, 638, 167, 140
track:872, 851, 640, 167, 140
track:873, 851, 639, 167, 140
track:874, 852, 639, 167, 140
track:875, 855, 642, 159, 133
track:876, 856, 643, 159, 133
init :877, 858, 643, 152, 135
track:878, 860, 643, 152, 135
track:879, 861, 643, 152, 135
track:880, 861, 643, 152, 135
track:881, 861, 643, 152, 135
track:882, 862, 643, 152, 135
track:883, 864, 642, 152, 135
track:884, 865, 642, 152, 135
track:885, 867, 642, 152, 135
track:886, 867, 641, 152, 135
track:887, 872, 645, 145, 129
track:888, 877, 647, 138, 122
init :889, 876, 649, 133, 119
track:890, 878, 649, 133, 119
track:891, 878, 649, 133, 119
track:892, 880, 648, 133, 119
track:893, 881, 648, 133, 119
track:894, 881, 647, 133, 119
track:895, 882, 648, 133, 119
track:896, 882, 648, 133, 119
track:897, 882, 648, 133, 119
track:898, 881, 647, 133, 119
track:899, 878, 646, 133, 119
track:900, 881, 649, 127, 113
init :901, 881, 651, 124, 93
track:902, 880, 652, 124, 93
track:903, 880, 653, 124, 93
track:904, 881, 653, 124, 93
track:905, 880, 654, 124, 93
track:906, 881, 654, 124, 93
track:907, 856, 634, 124, 93
track:908, 847, 634, 124, 93
track:909, 849, 641, 124, 93
track:910, 842, 642, 124, 93
track:911, 844, 643, 124, 93
track:912, 840, 645, 130, 98
init :913, 807, 565, 286, 259
track:914, 809, 566, 286, 259
track:915, 811, 570, 286, 259
track:916, 810, 570, 286, 259
track:917, 812, 571, 286, 259
track:918, 819, 579, 272, 247
track:919, 819, 580, 272, 247
track:920, 817, 581, 272, 247
track:921, 809, 575, 286, 259
track:922, 805, 575, 286, 259
track:923, 800, 575, 286, 259
track:924, 795, 572, 286, 259
init :925, 780, 581, 300, 254
track:926, 780, 581, 300, 254
track:927, 779, 582, 300, 254
track:928, 773, 582, 300, 254
track:929, 770, 581, 300, 254
track:930, 767, 578, 300, 254
track:931, 765, 580, 300, 254
track:932, 765, 577, 300, 254
track:933, 763, 575, 300, 254
track:934, 764, 573, 300, 254
track:935, 764, 571, 300, 254
track:936, 764, 571, 300, 254
init :937, 775, 565, 313, 249
track:938, 775, 565, 313, 249
track:939, 777, 565, 313, 249
track:940, 779, 563, 313, 249
track:941, 788, 570, 298, 237
track:942, 781, 562, 313, 249
track:943, 780, 561, 313, 249
track:944, 779, 560, 313, 249
track:945, 779, 560, 313, 249
track:946, 780, 559, 313, 249
track:947, 775, 561, 313, 249
track:948, 772, 561, 313, 249
init :949, 752, 568, 355, 236
track:950, 750, 568, 355, 236
track:951, 751, 568, 355, 236
track:952, 748, 569, 355, 236
track:953, 748, 570, 355, 236
track:954, 745, 571, 355, 236
track:955, 747, 573, 355, 236
track:956, 738, 567, 373, 248
track:957, 737, 570, 373, 248
track:958, 739, 571, 373, 248
track:959, 738, 571, 373, 248
track:960, 737, 574, 373, 248
init :961, 747, 584, 383, 236
track:962, 746, 585, 383, 236
track:963, 744, 587, 383, 236
track:964, 744, 587, 383, 236
track:965, 743, 587, 383, 236
track:966, 741, 588, 383, 236
track:967, 739, 589, 383, 236
track:968, 737, 589, 383, 236
track:969, 729, 590, 383, 236
track:970, 729, 589, 383, 236
track:971, 728, 590, 383, 236
track:972, 721, 593, 383, 236
init :973, 696, 584, 443, 246
track:974, 696, 585, 443, 246
track:975, 696, 586, 443, 246
track:976, 694, 585, 443, 246
track:977, 692, 586, 443, 246
track:978, 693, 586, 443, 246
track:979, 691, 586, 443, 246
track:980, 692, 588, 443, 246
track:981, 690, 588, 443, 246
track:982, 679, 582, 465, 258
track:983, 680, 583, 465, 258
track:984, 682, 582, 465, 258
init :985, 692, 586, 484, 246
track:986, 692, 586, 484, 246
track:987, 693, 587, 484, 246
track:988, 710, 593, 461, 234
track:989, 711, 594, 461, 234
track:990, 713, 594, 461, 234
track:991, 710, 593, 461, 234
track:992, 714, 594, 461, 234
track:993, 712, 594, 461, 234
track:994, 715, 591, 461, 234
track:995, 712, 592, 461, 234
track:996, 716, 588, 461, 234
init :997, 715, 584, 503, 231
track:998, 715, 585, 503, 231
track:999, 718, 584, 503, 231
track:1000, 720, 585, 503, 231
track:1001, 724, 580, 503, 231
track:1002, 727, 578, 503, 231
track:1003, 731, 576, 503, 231
track:1004, 733, 574, 503, 231
track:1005, 736, 572, 503, 231
track:1006, 751, 576, 479, 220
track:1007, 753, 574, 479, 220
track:1008, 751, 571, 479, 220
init :1009, 761, 573, 489, 199
track:1010, 761, 573, 489, 199
track:1011, 771, 578, 466, 190
track:1012, 768, 577, 466, 190
track:1013, 761, 578, 466, 190
track:1014, 757, 578, 466, 190
track:1015, 757, 577, 466, 190
track:1016, 753, 576, 466, 190
track:1017, 751, 575, 466, 190
track:1018, 747, 576, 466, 190
track:1019, 731, 571, 489, 199
track:1020, 729, 569, 489, 199
init :1021, 752, 576, 466, 184
track:1022, 751, 575, 466, 184
track:1023, 749, 573, 466, 184
track:1024, 746, 572, 466, 184
track:1025, 749, 571, 466, 184
track:1026, 745, 571, 466, 184
track:1027, 752, 576, 444, 175
track:1028, 746, 577, 444, 175
track:1029, 742, 578, 444, 175
track:1030, 753, 584, 423, 167
track:1031, 760, 587, 403, 159
track:1032, 745, 584, 423, 167
init :1033, 743, 586, 433, 163
track:1034, 743, 587, 433, 163
track:1035, 742, 586, 433, 163
track:1036, 739, 587, 433, 163
track:1037, 739, 589, 433, 163
track:1038, 739, 592, 433, 163
track:1039, 744, 597, 412, 155
track:1040, 736, 596, 433, 163
track:1041, 733, 601, 433, 163
track:1042, 733, 601, 433, 163
track:1043, 731, 603, 433, 163
track:1044, 730, 603, 433, 163
init :1045, 743, 610, 438, 150
track:1046, 742, 612, 438, 150
track:1047, 745, 613, 438, 150
track:1048, 749, 613, 438, 150
track:1049, 764, 615, 417, 143
track:1050, 766, 612, 417, 143
track:1051, 767, 611, 417, 143
track:1052, 761, 606, 438, 150
track:1053, 780, 608, 417, 143
track:1054, 787, 609, 417, 143
track:1055, 779, 607, 438, 150
track:1056, 785, 606, 438, 150
init :1057, 789, 610, 452, 145
track:1058, 789, 610, 452, 145
track:1059, 790, 611, 452, 145
track:1060, 791, 611, 452, 145
track:1061, 791, 611, 452, 145
track:1062, 790, 612, 452, 145
track:1063, 788, 613, 452, 145
track:1064, 784, 614, 452, 145
track:1065, 784, 614, 452, 145
track:1066, 777, 613, 452, 145
track:1067, 770, 613, 452, 145
track:1068, 752, 610, 475, 152
init :1069, 761, 620, 438, 127
track:1070, 761, 620, 438, 127
track:1071, 756, 620, 438, 127
track:1072, 745, 620, 438, 127
track:1073, 722, 617, 460, 133
track:1074, 706, 617, 460, 133
track:1075, 703, 618, 460, 133
track:1076, 695, 617, 460, 133
track:1077, 689, 617, 460, 133
track:1078, 676, 617, 460, 133
track:1079, 661, 614, 483, 140
track:1080, 657, 616, 483, 140
init :1081, 673, 625, 443, 135
track:1082, 667, 626, 443, 135
track:1083, 663, 628, 443, 135
track:1084, 662, 629, 443, 135
track:1085, 662, 629, 443, 135
track:1086, 664, 629, 443, 135
track:1087, 666, 630, 443, 135
track:1088, 655, 627, 465, 142
track:1089, 655, 628, 465, 142
track:1090, 645, 625, 488, 149
track:1091, 659, 628, 465, 142
track:1092, 656, 629, 465, 142
init :1093, 673, 628, 456, 140
track:1094, 673, 628, 456, 140
track:1095, 673, 628, 456, 140
track:1096, 675, 629, 456, 140
track:1097, 679, 629, 456, 140
track:1098, 680, 631, 456, 140
track:1099, 681, 631, 456, 140
track:1100, 683, 631, 456, 140
track:1101, 672, 627, 479, 147
track:1102, 684, 629, 456, 140
track:1103, 680, 629, 456, 140
track:1104, 685, 629, 456, 140
init :1105, 692, 628, 466, 163
track:1106, 691, 629, 466, 163
track:1107, 691, 628, 466, 163
track:1108, 688, 628, 466, 163
track:1109, 685, 630, 466, 163
track:1110, 685, 630, 466, 163
track:1111, 681, 631, 466, 163
track:1112, 679, 633, 466, 163
track:1113, 671, 634, 466, 163
track:1114, 671, 635, 466, 163
track:1115, 667, 636, 466, 163
track:1116, 675, 638, 444, 155
init :1117, 701, 633, 415, 168
track:1118, 699, 633, 415, 168
track:1119, 695, 632, 415, 168
track:1120, 694, 632, 415, 168
track:1121, 692, 632, 415, 168
track:1122, 698, 637, 395, 160
track:1123, 696, 637, 395, 160
track:1124, 696, 636, 395, 160
track:1125, 696, 636, 395, 160
track:1126, 694, 637, 395, 160
track:1127, 690, 638, 395, 160
track:1128, 703, 639, 395, 160
init :1129, 756, 628, 332, 173
track:1130, 756, 628, 332, 173
track:1131, 765, 632, 316, 165
track:1132, 771, 632, 316, 165
track:1133, 780, 638, 301, 157
track:1134, 784, 638, 301, 157
track:1135, 792, 641, 287, 149
track:1136, 791, 642, 287, 149
track:1137, 802, 644, 273, 142
track:1138, 798, 644, 273, 142
track:1139, 794, 643, 273, 142
track:1140, 791, 643, 273, 142
init :1141, 830, 630, 216, 181
track:1142, 826, 630, 216, 181
track:1143, 816, 630, 216, 181
track:1144, 807, 631, 216, 181
track:1145, 806, 632, 216, 181
track:1146, 798, 631, 216, 181
track:1147, 791, 631, 216, 181
track:1148, 785, 637, 206, 172
track:1149, 775, 631, 216, 181
track:1150, 777, 631, 216, 181
track:1151, 776, 631, 216, 181
track:1152, 775, 631, 216, 181
init :1153, 784, 636, 216, 176
track:1154, 784, 637, 216, 176
track:1155, 784, 638, 216, 176
track:1156, 785, 639, 216, 176
track:1157, 786, 640, 216, 176
track:1158, 788, 640, 216, 176
track:1159, 788, 639, 216, 176
track:1160, 788, 639, 216, 176
track:1161, 783, 634, 227, 185
track:1162, 791, 638, 216, 176
track:1163, 798, 642, 206, 168
track:1164, 802, 643, 206, 168
init :1165, 780, 636, 300, 176
track:1166, 781, 636, 300, 176
track:1167, 788, 642, 286, 168
track:1168, 778, 638, 300, 176
track:1169, 773, 637, 300, 176
track:1170, 769, 637, 300, 176
track:1171, 762, 632, 315, 185
track:1172, 766, 637, 300, 176
track:1173, 773, 640, 286, 168
track:1174, 763, 634, 300, 176
track:1175, 758, 635, 300, 176
track:1176, 765, 638, 286, 168
init :1177, 761, 638, 369, 155
track:1178, 772, 641, 351, 148
track:1179, 768, 636, 369, 155
track:1180, 767, 635, 369, 155
track:1181, 770, 634, 369, 155
track:1182, 763, 628, 387, 163
track:1183, 777, 632, 369, 155
track:1184, 775, 630, 369, 155
track:1185, 786, 634, 351, 148
track:1186, 787, 632, 351, 148
track:1187, 790, 630, 351, 148
track:1188, 789, 629, 351, 148
init :1189, 789, 633, 387, 132
track:1190, 789, 633, 387, 132
track:1191, 789, 633, 387, 132
track:1192, 786, 632, 387, 132
track:1193, 785, 629, 387, 132
track:1194, 785, 627, 387, 132
track:1195, 785, 625, 387, 132
track:1196, 789, 627, 369, 126
track:1197, 778, 623, 387, 132
track:1198, 775, 621, 387, 132
track:1199, 771, 621, 387, 132
track:1200, 782, 622, 369, 126
init :1201, 798, 630, 364, 109
track:1202, 798, 630, 364, 109
track:1203, 799, 630, 364, 109
track:1204, 813, 633, 347, 104
track:1205, 813, 633, 347, 104
track:1206, 818, 633, 347, 104
track:1207, 822, 634, 347, 104
track:1208, 826, 634, 347, 104
track:1209, 826, 634, 347, 104
track:1210, 833, 634, 347, 104
track:1211, 840, 635, 347, 104
track:1212, 834, 633, 364, 109
init :1213, 867, 641, 332, 103
track:1214, 867, 641, 332, 103
track:1215, 867, 641, 332, 103
track:1216, 867, 642, 332, 103
track:1217, 867, 643, 332, 103
track:1218, 873, 645, 316, 98
track:1219, 873, 646, 316, 98
track:1220, 869, 647, 316, 98
track:1221, 876, 651, 301, 93
track:1222, 874, 651, 301, 93
track:1223, 871, 651, 301, 93
track:1224, 878, 655, 287, 89
init :1225, 895, 654, 295, 96
track:1226, 896, 654, 295, 96
track:1227, 897, 654, 295, 96
track:1228, 895, 656, 295, 96
track:1229, 894, 656, 295, 96
track:1230, 894, 658, 295, 96
track:1231, 900, 659, 281, 91
track:1232, 899, 660, 281, 91
track:1233, 903, 664, 268, 87
track:1234, 902, 665, 268, 87
track:1235, 904, 667, 255, 83
track:1236, 900, 668, 255, 83
init :1237, 918, 664, 235, 96
track:1238, 924, 666, 224, 91
track:1239, 924, 666, 224, 91
track:1240, 922, 666, 224, 91
track:1241, 926, 667, 213, 87
track:1242, 918, 667, 224, 91
track:1243, 922, 668, 213, 87
track:1244, 922, 668, 213, 87
track:1245, 920, 668, 213, 87
track:1246, 918, 668, 213, 87
track:1247, 916, 670, 213, 87
track:1248, 902, 668, 213, 87
init :1249, 950, 669, 170, 93
track:1250, 947, 669, 170, 93
track:1251, 943, 667, 170, 93
track:1252, 936, 666, 170, 93
track:1253, 932, 665, 170, 93
track:1254, 934, 666, 162, 89
track:1255, 932, 667, 154, 84
track:1256, 924, 665, 154, 84
track:1257, 918, 663, 154, 84
track:1258, 919, 664, 147, 80
track:1259, 923, 665, 140, 77
track:1260, 911, 660, 147, 80
init :1261, 793, 589, 73, 51
track:1262, 820, 590, 73, 51
track:1263, 846, 588, 77, 54
track:1264, 847, 588, 77, 54
track:1265, 861, 589, 77, 54
track:1266, 894, 589, 77, 54
track:1267, 918, 589, 77, 54
track:1268, 917, 583, 73, 51
track:1269, 919, 584, 70, 49
track:1270, 940, 586, 70, 49
track:1271, 954, 584, 66, 46
track:1272, 969, 582, 66, 46
init :1273, 932, 656, 115, 77
track:1274, 932, 656, 115, 77
track:1275, 927, 655, 115, 77
track:1276, 924, 655, 115, 77
track:1277, 917, 657, 115, 77
track:1278, 910, 658, 115, 77
track:1279, 911, 658, 115, 77
track:1280, 902, 659, 115, 77
track:1281, 895, 659, 115, 77
track:1282, 887, 660, 115, 77
track:1283, 884, 660, 115, 77
track:1284, 884, 660, 115, 77
init :1285, 876, 659, 138, 75
track:1286, 875, 660, 131, 71
track:1287, 874, 660, 131, 71
track:1288, 873, 659, 131, 71
track:1289, 872, 659, 131, 71
track:1290, 870, 659, 131, 71
track:1291, 869, 660, 131, 71
track:1292, 865, 658, 138, 75
track:1293, 862, 658, 138, 75
track:1294, 863, 658, 138, 75
track:1295, 864, 659, 131, 71
track:1296, 861, 658, 131, 71
init :1297, 867, 656, 147, 70
track:1298, 868, 656, 147, 70
track:1299, 867, 657, 147, 70
track:1300, 867, 658, 147, 70
track:1301, 861, 657, 154, 74
track:1302, 865, 659, 147, 70
track:1303, 860, 657, 154, 74
track:1304, 857, 655, 162, 77
track:1305, 857, 656, 162, 77
track:1306, 859, 657, 162, 77
track:1307, 860, 657, 162, 77
track:1308, 863, 660, 154, 74
init :1309, 867, 664, 152, 62
track:1310, 867, 664, 152, 62
track:1311, 869, 664, 152, 62
track:1312, 869, 665, 152, 62
track:1313, 869, 665, 152, 62
track:1314, 869, 666, 152, 62
track:1315, 868, 666, 152, 62
track:1316, 868, 667, 152, 62
track:1317, 865, 668, 152, 62
track:1318, 864, 668, 152, 62
track:1319, 862, 668, 152, 62
track:1320, 862, 669, 152, 62
init :1321, 858, 672, 166, 54
track:1322, 859, 672, 166, 54
track:1323, 864, 674, 166, 54
track:1324, 867, 675, 158, 51
track:1325, 867, 676, 158, 51
track:1326, 868, 676, 158, 51
track:1327, 867, 676, 166, 54
track:1328, 872, 678, 158, 51
track:1329, 872, 679, 158, 51
track:1330, 871, 679, 158, 51
track:1331, 871, 679, 158, 51
track:1332, 867, 679, 158, 51
init :1333, 858, 677, 170, 51
track:1334, 858, 677, 170, 51
track:1335, 855, 677, 170, 51
track:1336, 851, 677, 170, 51
track:1337, 846, 677, 170, 51
track:1338, 844, 677, 170, 51
track:1339, 843, 677, 170, 51
track:1340, 842, 677, 170, 51
track:1341, 842, 677, 170, 51
track:1342, 841, 677, 170, 51
track:1343, 841, 678, 170, 51
track:1344, 840, 678, 170, 51
init :1345, 849, 680, 170, 49
track:1346, 849, 680, 170, 49
track:1347, 849, 680, 170, 49
track:1348, 848, 681, 170, 49
track:1349, 849, 681, 170, 49
track:1350, 848, 681, 170, 49
track:1351, 847, 682, 170, 49
track:1352, 845, 682, 170, 49
track:1353, 844, 682, 170, 49
track:1354, 843, 682, 170, 49
track:1355, 844, 683, 170, 49
track:1356, 844, 683, 170, 49
init :1357, 849, 682, 175, 49
track:1358, 849, 682, 175, 49
track:1359, 849, 683, 175, 49
track:1360, 848, 682, 175, 49
track:1361, 846, 683, 175, 49
track:1362, 848, 683, 175, 49
track:1363, 852, 685, 167, 47
track:1364, 853, 685, 167, 47
track:1365, 856, 686, 159, 44
track:1366, 854, 686, 159, 44
track:1367, 855, 686, 159, 44
track:1368, 851, 685, 167, 47
init :1369, 844, 687, 184, 57
track:1370, 843, 687, 184, 57
track:1371, 847, 689, 175, 54
track:1372, 841, 688, 184, 57
track:1373, 839, 689, 184, 57
track:1374, 843, 691, 175, 54
track:1375, 836, 690, 184, 57
track:1376, 834, 690, 184, 57
track:1377, 832, 690, 184, 57
track:1378, 831, 691, 184, 57
track:1379, 829, 691, 184, 57
track:1380, 825, 692, 184, 57
init :1381, 816, 695, 193, 62
track:1382, 814, 696, 193, 62
track:1383, 812, 696, 193, 62
track:1384, 810, 697, 193, 62
track:1385, 813, 699, 184, 59
track:1386, 809, 698, 193, 62
track:1387, 810, 699, 193, 62
track:1388, 813, 700, 193, 62
track:1389, 815, 701, 193, 62
track:1390, 817, 702, 193, 62
track:1391, 825, 704, 184, 59
track:1392, 829, 705, 184, 59
init :1393, 835, 708, 198, 59
track:1394, 835, 708, 198, 59
track:1395, 841, 710, 189, 56
track:1396, 842, 710, 189, 56
track:1397, 844, 711, 189, 56
track:1398, 845, 712, 189, 56
track:1399, 843, 712, 189, 56
track:1400, 838, 713, 189, 56
track:1401, 834, 714, 189, 56
track:1402, 825, 713, 198, 59
track:1403, 821, 713, 198, 59
track:1404, 820, 713, 198, 59
init :1405, 807, 713, 216, 70
track:1406, 805, 713, 216, 70
track:1407, 802, 713, 216, 70
track:1408, 800, 713, 216, 70
track:1409, 799, 713, 216, 70
track:1410, 797, 714, 216, 70
track:1411, 802, 716, 206, 67
track:1412, 803, 716, 206, 67
track:1413, 803, 716, 206, 67
track:1414, 804, 717, 206, 67
track:1415, 801, 715, 216, 70
track:1416, 796, 715, 227, 74
init :1417, 793, 719, 244, 77
track:1418, 785, 717, 256, 81
track:1419, 790, 720, 244, 77
track:1420, 788, 719, 244, 77
track:1421, 788, 720, 244, 77
track:1422, 788, 721, 244, 77
track:1423, 789, 721, 244, 77
track:1424, 789, 722, 244, 77
track:1425, 790, 722, 244, 77
track:1426, 789, 722, 244, 77
track:1427, 789, 723, 244, 77
track:1428, 788, 723, 244, 77
init :1429, 789, 719, 249, 90
track:1430, 788, 719, 249, 90
track:1431, 786, 720, 249, 90
track:1432, 785, 721, 249, 90
track:1433, 785, 721, 249, 90
track:1434, 785, 723, 249, 90
track:1435, 784, 724, 249, 90
track:1436, 786, 726, 249, 90
track:1437, 785, 728, 237, 86
track:1438, 784, 729, 237, 86
track:1439, 788, 730, 226, 82
track:1440, 782, 729, 237, 86
init :1441, 784, 724, 244, 109
track:1442, 780, 724, 244, 109
track:1443, 778, 724, 244, 109
track:1444, 777, 724, 244, 109
track:1445, 772, 724, 244, 109
track:1446, 765, 725, 244, 109
track:1447, 762, 724, 244, 109
track:1448, 760, 724, 244, 109
track:1449, 759, 724, 244, 109
track:1450, 760, 722, 244, 109
track:1451, 762, 721, 244, 109
track:1452, 768, 723, 232, 104
init :1453, 784, 711, 230, 135
track:1454, 784, 711, 230, 135
track:1455, 787, 710, 230, 135
track:1456, 792, 710, 230, 135
track:1457, 796, 708, 230, 135
track:1458, 800, 708, 230, 135
track:1459, 802, 709, 230, 135
track:1460, 805, 710, 230, 135
track:1461, 808, 710, 230, 135
track:1462, 816, 713, 219, 129
track:1463, 815, 714, 219, 129
track:1464, 816, 713, 219, 129
init :1465, 844, 706, 193, 158
track:1466, 845, 706, 193, 158
track:1467, 844, 706, 193, 158
track:1468, 843, 705, 193, 158
track:1469, 841, 705, 193, 158
track:1470, 834, 704, 193, 158
track:1471, 834, 702, 193, 158
track:1472, 826, 697, 193, 158
track:1473, 826, 697, 193, 158
track:1474, 820, 695, 193, 158
track:1475, 819, 690, 193, 158
track:1476, 818, 690, 193, 158
init :1477, 853, 685, 166, 155
track:1478, 853, 685, 166, 155
track:1479, 855, 683, 166, 155
track:1480, 856, 681, 166, 155
track:1481, 858, 678, 166, 155
track:1482, 860, 675, 166, 155
track:1483, 859, 675, 166, 155
track:1484, 864, 674, 166, 155
track:1485, 868, 672, 166, 155
track:1486, 874, 671, 166, 155
track:1487, 881, 667, 166, 155
track:1488, 880, 667, 166, 155
init :1489, 867, 651, 244, 168
track:1490, 867, 650, 244, 168
track:1491, 871, 648, 244, 168
track:1492, 871, 646, 244, 168
track:1493, 872, 646, 244, 168
track:1494, 873, 643, 244, 168
track:1495, 869, 639, 244, 168
track:1496, 866, 636, 244, 168
track:1497, 863, 630, 244, 168
track:1498, 865, 634, 232, 160
track:1499, 864, 633, 232, 160
track:1500, 853, 627, 232, 160
init :1501, 835, 641, 300, 132
track:1502, 833, 639, 300, 132
track:1503, 832, 638, 300, 132
track:1504, 830, 636, 300, 132
track:1505, 825, 631, 300, 132
track:1506, 823, 629, 300, 132
track:1507, 822, 626, 300, 132
track:1508, 820, 625, 300, 132
track:1509, 820, 622, 300, 132
track:1510, 819, 620, 300, 132
track:1511, 818, 618, 300, 132
track:1512, 812, 616, 300, 132
init :1513, 821, 620, 304, 116
track:1514, 806, 620, 304, 116
track:1515, 783, 620, 304, 116
track:1516, 766, 622, 290, 110
track:1517, 732, 620, 304, 116
track:1518, 741, 623, 290, 110
track:1519, 714, 623, 290, 110
track:1520, 690, 623, 290, 110
track:1521, 671, 624, 290, 110
track:1522, 659, 625, 290, 110
track:1523, 657, 624, 290, 110
track:1524, 651, 627, 290, 110
init :1525, 664, 630, 263, 93
track:1526, 675, 632, 250, 89
track:1527, 679, 633, 250, 89
track:1528, 682, 632, 250, 89
track:1529, 705, 632, 250, 89
track:1530, 735, 631, 250, 89
track:1531, 749, 631, 250, 89
track:1532, 778, 631, 250, 89
track:1533, 778, 630, 250, 89
track:1534, 804, 629, 250, 89
track:1535, 835, 631, 239, 84
track:1536, 857, 632, 239, 84
init :1537, 876, 638, 240, 77
track:1538, 876, 638, 240, 77
track:1539, 892, 637, 240, 77
track:1540, 901, 641, 229, 73
track:1541, 904, 642, 229, 73
track:1542, 907, 642, 229, 73
track:1543, 912, 644, 218, 70
track:1544, 911, 644, 218, 70
track:1545, 903, 644, 229, 73
track:1546, 898, 645, 229, 73
track:1547, 895, 648, 218, 70
track:1548, 893, 649, 218, 70
init :1549, 890, 656, 216, 70
track:1550, 879, 655, 227, 74
track:1551, 870, 656, 227, 74
track:1552, 859, 656, 238, 77
track:1553, 864, 657, 227, 74
track:1554, 863, 658, 227, 74
track:1555, 866, 661, 216, 70
track:1556, 864, 662, 216, 70
track:1557, 865, 663, 216, 70
track:1558, 870, 665, 206, 67
track:1559, 879, 667, 196, 63
track:1560, 888, 669, 187, 60
init :1561, 900, 667, 189, 70
track:1562, 900, 668, 189, 70
track:1563, 901, 669, 189, 70
track:1564, 902, 669, 189, 70
track:1565, 903, 669, 189, 70
track:1566, 907, 670, 180, 67
track:1567, 906, 671, 180, 67
track:1568, 906, 671, 180, 67
track:1569, 909, 672, 171, 63
track:1570, 907, 673, 171, 63
track:1571, 907, 674, 163, 60
track:1572, 905, 675, 163, 60
init :1573, 913, 672, 166, 75
track:1574, 911, 672, 166, 75
track:1575, 908, 672, 166, 75
track:1576, 902, 673, 166, 75
track:1577, 901, 673, 166, 75
track:1578, 905, 674, 158, 71
track:1579, 901, 674, 158, 71
track:1580, 897, 676, 158, 71
track:1581, 894, 676, 158, 71
track:1582, 891, 677, 158, 71
track:1583, 895, 678, 151, 68
track:1584, 893, 678, 151, 68
init :1585, 900, 677, 138, 72
track:1586, 900, 677, 138, 72
track:1587, 902, 679, 131, 69
track:1588, 902, 678, 131, 69
track:1589, 899, 677, 138, 72
track:1590, 899, 678, 138, 72
track:1591, 902, 679, 131, 69
track:1592, 901, 680, 131, 69
track:1593, 900, 679, 131, 69
track:1594, 900, 680, 131, 69
track:1595, 897, 680, 131, 69
track:1596, 894, 681, 131, 69
init :1599, 913, 680, 101, 72
track:1600, 912, 680, 101, 72
track:1601, 911, 680, 101, 72
track:1602, 910, 680, 101, 72
track:1603, 909, 679, 101, 72
track:1604, 905, 679, 101, 72
track:1605, 906, 681, 96, 69
track:1606, 903, 681, 96, 69
track:1607, 901, 682, 96, 69
track:1608, 900, 682, 96, 69
elapseTime: 20.491
