init :7, 821, 630, 235, 197
track:8, 821, 630, 235, 197
track:9, 822, 630, 235, 197
track:10, 821, 631, 235, 197
track:11, 823, 630, 235, 197
track:12, 823, 630, 235, 197
track:13, 824, 630, 235, 197
track:14, 824, 630, 235, 197
track:15, 824, 630, 235, 197
track:16, 825, 630, 235, 197
track:17, 826, 630, 235, 197
track:18, 825, 630, 235, 197
track:19, 825, 629, 235, 197
track:20, 821, 626, 247, 207
track:21, 820, 626, 247, 207
track:22, 827, 631, 235, 197
track:23, 828, 631, 235, 197
track:24, 827, 631, 235, 197
track:25, 828, 630, 235, 197
track:26, 829, 631, 235, 197
track:27, 829, 631, 235, 197
track:28, 829, 631, 235, 197
track:29, 829, 630, 235, 197
track:30, 829, 630, 235, 197
track:31, 830, 629, 235, 197
track:32, 831, 631, 235, 197
track:33, 829, 630, 235, 197
track:34, 830, 631, 235, 197
track:35, 830, 630, 235, 197
track:36, 830, 631, 235, 197
track:37, 829, 630, 235, 197
track:38, 831, 630, 235, 197
track:39, 830, 630, 235, 197
track:40, 830, 630, 235, 197
track:41, 831, 629, 235, 197
track:42, 830, 631, 235, 197
track:43, 831, 630, 235, 197
track:44, 830, 631, 235, 197
track:45, 832, 630, 235, 197
track:46, 830, 631, 235, 197
track:48, 832, 630, 235, 197
track:49, 830, 630, 235, 197
track:50, 831, 629, 235, 197
track:51, 832, 629, 235, 197
track:52, 831, 628, 235, 197
track:53, 832, 629, 235, 197
track:54, 831, 629, 235, 197
track:55, 832, 629, 235, 197
track:56, 831, 629, 235, 197
track:57, 831, 628, 235, 197
track:58, 831, 629, 235, 197
track:59, 830, 628, 235, 197
track:60, 832, 628, 235, 197
track:61, 831, 630, 235, 197
track:62, 830, 629, 235, 197
track:63, 829, 629, 235, 197
track:64, 830, 629, 235, 197
track:65, 829, 629, 235, 197
track:66, 828, 629, 235, 197
track:67, 829, 628, 235, 197
track:68, 829, 629, 235, 197
track:69, 828, 629, 235, 197
track:70, 829, 628, 235, 197
track:71, 829, 629, 235, 197
track:72, 828, 629, 235, 197
track:73, 828, 629, 235, 197
track:74, 828, 628, 235, 197
track:75, 828, 629, 235, 197
track:76, 828, 629, 235, 197
track:77, 827, 629, 235, 197
track:78, 828, 628, 235, 197
track:79, 828, 629, 235, 197
track:80, 828, 629, 235, 197
track:81, 828, 628, 235, 197
track:82, 827, 629, 235, 197
track:83, 828, 630, 235, 197
track:84, 827, 629, 235, 197
track:85, 828, 629, 235, 197
track:86, 827, 630, 235, 197
track:87, 827, 629, 235, 197
track:88, 828, 629, 235, 197
track:89, 827, 630, 235, 197
track:90, 827, 630, 235, 197
track:91, 829, 629, 235, 197
track:92, 828, 630, 235, 197
track:93, 827, 629, 235, 197
track:94, 829, 629, 235, 197
track:95, 828, 630, 235, 197
init :96, 826, 630, 235, 197
track:97, 826, 631, 235, 197
track:98, 833, 635, 224, 188
track:99, 829, 630, 235, 197
track:100, 828, 629, 235, 197
track:101, 830, 630, 235, 197
track:102, 830, 628, 235, 197
track:103, 831, 628, 235, 197
track:104, 831, 627, 235, 197
track:105, 830, 626, 235, 197
track:106, 832, 626, 235, 197
track:107, 832, 625, 235, 197
track:108, 840, 628, 224, 188
track:109, 839, 627, 224, 188
track:110, 839, 626, 224, 188
track:111, 839, 624, 224, 188
track:112, 841, 623, 224, 188
track:113, 840, 621, 224, 188
track:114, 840, 620, 224, 188
track:115, 841, 619, 224, 188
track:116, 842, 615, 224, 188
track:117, 844, 614, 224, 188
track:120, 846, 612, 224, 188
track:121, 847, 609, 224, 188
track:122, 847, 608, 224, 188
track:123, 846, 606, 224, 188
track:124, 847, 605, 224, 188
track:125, 851, 608, 213, 179
track:126, 849, 605, 213, 179
track:127, 848, 603, 213, 179
track:128, 851, 607, 203, 170
track:129, 850, 607, 203, 170
track:130, 850, 609, 203, 170
track:131, 851, 609, 203, 170
track:132, 853, 613, 203, 170
track:133, 855, 615, 203, 170
track:134, 855, 615, 203, 170
track:135, 856, 616, 203, 170
track:136, 856, 617, 203, 170
track:137, 857, 617, 203, 170
track:138, 858, 619, 203, 170
track:139, 858, 619, 203, 170
track:140, 858, 618, 203, 170
track:141, 856, 617, 203, 170
track:142, 856, 619, 203, 170
track:143, 854, 621, 203, 170
track:144, 854, 620, 203, 170
track:145, 856, 627, 193, 162
track:146, 857, 629, 193, 162
track:147, 856, 629, 193, 162
track:148, 853, 627, 203, 170
track:149, 852, 628, 203, 170
track:150, 852, 630, 203, 170
track:151, 852, 633, 203, 170
track:152, 853, 636, 203, 170
track:153, 853, 637, 203, 170
track:154, 854, 638, 203, 170
track:155, 853, 641, 203, 170
track:156, 854, 641, 203, 170
track:157, 855, 641, 203, 170
track:158, 856, 642, 203, 170
track:159, 856, 642, 203, 170
track:160, 855, 644, 203, 170
track:161, 854, 643, 203, 170
track:162, 857, 647, 193, 162
track:163, 856, 647, 193, 162
track:164, 855, 648, 193, 162
track:165, 855, 648, 193, 162
track:166, 856, 648, 193, 162
track:167, 854, 649, 193, 162
track:168, 854, 649, 193, 162
track:169, 854, 648, 193, 162
track:170, 855, 647, 193, 162
track:171, 857, 647, 193, 162
track:172, 858, 645, 193, 162
track:173, 858, 644, 193, 162
track:174, 858, 644, 193, 162
track:175, 856, 645, 193, 162
track:176, 853, 646, 193, 162
track:177, 854, 645, 193, 162
track:178, 855, 647, 193, 162
track:179, 855, 647, 193, 162
track:180, 858, 648, 193, 162
track:181, 857, 649, 193, 162
track:182, 859, 652, 193, 162
track:183, 861, 654, 193, 162
track:184, 861, 655, 193, 162
track:185, 863, 657, 193, 162
track:186, 860, 656, 193, 162
track:187, 857, 651, 193, 162
track:188, 852, 648, 193, 162
track:189, 852, 647, 193, 162
track:190, 850, 645, 193, 162
init :191, 858, 646, 161, 145
track:192, 858, 643, 161, 145
track:193, 857, 642, 161, 145
track:194, 857, 640, 161, 145
track:195, 858, 639, 161, 145
track:196, 864, 641, 153, 138
track:197, 864, 640, 153, 138
track:198, 862, 641, 153, 138
track:199, 862, 641, 153, 138
track:200, 859, 643, 153, 138
track:201, 858, 644, 153, 138
track:202, 856, 641, 153, 138
track:203, 856, 638, 153, 138
track:204, 856, 638, 153, 138
track:205, 857, 635, 153, 138
track:206, 858, 634, 153, 138
track:207, 855, 633, 153, 138
track:208, 855, 634, 153, 138
track:209, 853, 632, 153, 138
track:210, 852, 628, 153, 138
track:211, 851, 624, 153, 138
track:212, 853, 626, 146, 132
track:213, 853, 625, 146, 132
track:214, 853, 624, 146, 132
track:215, 854, 623, 146, 132
track:216, 853, 622, 146, 132
track:217, 853, 622, 146, 132
track:218, 853, 623, 146, 132
track:219, 853, 624, 146, 132
track:220, 853, 628, 146, 132
track:221, 852, 630, 146, 132
track:222, 855, 634, 139, 125
track:223, 856, 634, 139, 125
track:224, 855, 637, 139, 125
track:225, 856, 639, 139, 125
track:226, 856, 639, 139, 125
track:227, 856, 640, 139, 125
track:228, 855, 640, 139, 125
track:229, 856, 641, 139, 125
track:230, 857, 641, 139, 125
track:231, 855, 640, 139, 125
track:232, 854, 636, 139, 125
track:233, 853, 637, 139, 125
track:234, 854, 637, 139, 125
track:235, 853, 637, 139, 125
track:236, 857, 637, 132, 119
track:237, 859, 638, 132, 119
track:238, 861, 640, 126, 114
track:239, 862, 642, 126, 114
track:240, 863, 644, 126, 114
track:241, 864, 645, 126, 114
track:242, 864, 645, 126, 114
track:243, 864, 645, 126, 114
track:244, 864, 645, 126, 114
track:245, 864, 647, 126, 114
track:246, 864, 647, 126, 114
track:247, 864, 646, 126, 114
track:248, 864, 646, 126, 114
track:249, 864, 647, 126, 114
track:250, 865, 650, 126, 114
track:251, 866, 650, 126, 114
track:252, 866, 653, 126, 114
track:253, 866, 652, 126, 114
track:254, 866, 655, 126, 114
track:255, 867, 659, 126, 114
track:256, 867, 660, 126, 114
track:257, 868, 663, 126, 114
track:258, 868, 664, 126, 114
track:259, 869, 665, 126, 114
track:260, 870, 667, 126, 114
track:261, 870, 667, 126, 114
track:262, 869, 668, 126, 114
track:263, 869, 668, 126, 114
track:264, 869, 670, 126, 114
track:265, 869, 672, 126, 114
track:266, 869, 674, 126, 114
track:267, 870, 675, 126, 114
track:268, 869, 676, 126, 114
track:269, 869, 677, 126, 114
track:270, 869, 678, 126, 114
track:271, 870, 681, 126, 114
track:272, 871, 685, 126, 114
track:273, 871, 686, 126, 114
track:274, 871, 688, 126, 114
track:275, 871, 689, 126, 114
track:276, 872, 691, 126, 114
track:277, 873, 695, 126, 114
track:278, 873, 696, 126, 114
track:279, 874, 696, 126, 114
track:280, 876, 694, 126, 114
track:281, 876, 693, 126, 114
track:282, 876, 692, 132, 119
track:283, 876, 692, 132, 119
track:284, 878, 694, 132, 119
track:285, 880, 696, 132, 119
init :286, 872, 690, 152, 140
track:287, 873, 687, 152, 140
track:288, 873, 688, 152, 140
track:289, 874, 685, 152, 140
track:290, 872, 677, 160, 147
track:291, 869, 667, 168, 154
track:292, 866, 658, 176, 162
track:293, 865, 658, 176, 162
track:294, 866, 657, 176, 162
track:295, 865, 650, 185, 170
track:296, 865, 650, 185, 170
track:297, 864, 651, 185, 170
track:298, 864, 652, 185, 170
track:299, 862, 653, 185, 170
track:300, 855, 650, 194, 179
track:301, 849, 648, 204, 188
track:302, 848, 652, 204, 188
track:303, 843, 648, 214, 197
track:304, 841, 655, 214, 197
track:305, 834, 651, 225, 207
track:306, 836, 651, 225, 207
track:307, 833, 648, 225, 207
track:308, 829, 642, 236, 217
track:309, 828, 639, 236, 217
track:310, 821, 629, 248, 228
track:311, 821, 612, 248, 228
track:312, 821, 604, 248, 228
track:313, 827, 608, 236, 217
track:314, 828, 600, 236, 217
track:315, 827, 592, 236, 217
track:316, 832, 584, 225, 207
track:317, 836, 580, 225, 207
track:318, 836, 579, 225, 207
track:319, 836, 577, 225, 207
track:320, 843, 568, 225, 207
track:321, 851, 568, 214, 197
track:322, 851, 566, 214, 197
track:323, 850, 565, 214, 197
track:324, 856, 573, 204, 188
track:325, 854, 571, 204, 188
track:326, 854, 561, 204, 188
track:327, 852, 562, 204, 188
track:328, 851, 563, 204, 188
track:329, 848, 570, 204, 188
track:330, 846, 577, 204, 188
track:331, 844, 580, 204, 188
track:332, 843, 583, 204, 188
track:333, 842, 584, 204, 188
track:334, 846, 591, 194, 179
track:335, 845, 591, 194, 179
track:336, 844, 594, 194, 179
track:337, 850, 599, 185, 170
track:338, 850, 599, 185, 170
track:339, 851, 594, 185, 170
track:340, 853, 592, 185, 170
track:341, 853, 592, 185, 170
track:342, 853, 590, 185, 170
track:343, 852, 590, 185, 170
track:344, 858, 594, 176, 162
track:345, 859, 589, 176, 162
track:346, 862, 595, 168, 154
track:347, 861, 597, 168, 154
track:348, 862, 597, 168, 154
track:349, 862, 600, 168, 154
track:350, 862, 604, 168, 154
track:351, 863, 608, 168, 154
track:352, 864, 611, 168, 154
track:353, 864, 612, 168, 154
track:354, 868, 618, 160, 147
track:355, 868, 619, 160, 147
track:356, 867, 619, 160, 147
track:357, 870, 623, 152, 140
track:358, 869, 623, 152, 140
track:359, 869, 622, 152, 140
track:360, 869, 621, 152, 140
track:361, 867, 620, 152, 140
track:362, 871, 625, 145, 133
track:363, 874, 629, 138, 127
track:364, 873, 629, 138, 127
track:365, 872, 630, 138, 127
track:366, 871, 629, 138, 127
track:367, 870, 631, 138, 127
track:368, 870, 631, 138, 127
track:369, 871, 632, 138, 127
track:370, 873, 639, 131, 121
track:371, 872, 646, 131, 121
track:372, 870, 650, 131, 121
track:373, 870, 649, 131, 121
track:374, 871, 652, 131, 121
track:375, 869, 652, 131, 121
track:376, 867, 652, 131, 121
track:377, 864, 653, 131, 121
track:378, 865, 654, 131, 121
track:379, 864, 654, 131, 121
track:380, 864, 654, 131, 121
init :381, 867, 662, 115, 96
track:382, 865, 662, 115, 96
track:383, 864, 663, 115, 96
track:384, 863, 663, 115, 96
track:385, 863, 662, 115, 96
track:386, 863, 661, 115, 96
track:387, 863, 661, 115, 96
track:388, 862, 662, 115, 96
track:389, 862, 662, 115, 96
track:390, 861, 662, 115, 96
track:391, 862, 663, 115, 96
track:392, 863, 666, 115, 96
track:393, 862, 666, 115, 96
track:394, 863, 667, 115, 96
track:395, 863, 673, 115, 96
track:396, 864, 676, 115, 96
track:397, 866, 681, 115, 96
track:398, 866, 681, 115, 96
track:399, 867, 685, 115, 96
track:400, 868, 689, 115, 96
track:401, 869, 694, 115, 96
track:402, 869, 698, 115, 96
track:403, 871, 699, 115, 96
track:404, 870, 701, 115, 96
track:405, 872, 700, 115, 96
track:406, 872, 700, 115, 96
track:407, 874, 700, 115, 96
track:408, 874, 700, 115, 96
track:409, 874, 699, 115, 96
track:410, 874, 696, 115, 96
track:411, 875, 694, 115, 96
track:412, 876, 692, 115, 96
track:413, 876, 692, 115, 96
track:414, 877, 691, 115, 96
track:415, 876, 692, 115, 96
track:416, 876, 694, 115, 96
track:417, 877, 694, 115, 96
track:418, 876, 694, 115, 96
track:419, 876, 694, 115, 96
track:420, 874, 695, 115, 96
track:421, 874, 696, 115, 96
track:422, 873, 693, 115, 96
track:423, 873, 693, 115, 96
track:424, 873, 690, 115, 96
track:425, 872, 688, 115, 96
track:426, 872, 686, 115, 96
track:427, 871, 685, 115, 96
track:428, 871, 685, 115, 96
track:429, 870, 685, 115, 96
track:430, 869, 685, 115, 96
track:431, 870, 685, 115, 96
track:432, 868, 685, 115, 96
track:433, 869, 686, 115, 96
track:434, 867, 685, 115, 96
track:435, 867, 685, 115, 96
track:436, 866, 686, 115, 96
track:437, 867, 688, 115, 96
track:438, 865, 689, 115, 96
track:439, 867, 690, 115, 96
track:440, 868, 691, 115, 96
track:441, 868, 691, 115, 96
track:442, 868, 691, 115, 96
track:443, 869, 691, 115, 96
track:444, 868, 691, 115, 96
track:445, 868, 692, 115, 96
track:446, 868, 693, 115, 96
track:447, 868, 692, 115, 96
track:448, 868, 692, 115, 96
track:449, 869, 691, 115, 96
track:450, 868, 690, 115, 96
track:451, 869, 691, 115, 96
track:452, 871, 694, 115, 96
track:453, 871, 694, 115, 96
track:454, 871, 694, 115, 96
track:455, 873, 694, 115, 96
track:456, 873, 695, 115, 96
track:457, 873, 695, 115, 96
track:458, 869, 692, 121, 101
track:459, 870, 692, 121, 101
track:460, 869, 691, 121, 101
track:461, 870, 691, 121, 101
track:462, 869, 690, 121, 101
track:463, 867, 688, 127, 106
track:464, 867, 686, 127, 106
track:465, 866, 683, 127, 106
track:466, 866, 683, 127, 106
track:467, 866, 683, 127, 106
track:468, 866, 685, 127, 106
track:469, 866, 685, 127, 106
track:470, 868, 686, 127, 106
track:471, 865, 686, 133, 111
track:472, 862, 682, 140, 117
track:473, 863, 685, 140, 117
track:474, 863, 687, 140, 117
track:475, 865, 687, 140, 117
init :476, 872, 682, 138, 116
track:477, 872, 682, 138, 116
track:478, 874, 682, 138, 116
track:479, 876, 680, 138, 116
track:480, 878, 671, 138, 116
track:481, 879, 669, 138, 116
track:482, 879, 668, 138, 116
track:483, 882, 660, 138, 116
track:484, 881, 656, 145, 122
track:485, 882, 657, 145, 122
track:486, 879, 657, 152, 128
track:487, 879, 658, 152, 128
track:488, 879, 662, 152, 128
track:490, 876, 665, 152, 128
track:491, 873, 667, 152, 128
track:492, 873, 667, 152, 128
track:493, 870, 667, 152, 128
track:494, 869, 667, 152, 128
track:495, 866, 658, 152, 128
track:496, 864, 654, 152, 128
track:497, 864, 653, 152, 128
track:498, 863, 651, 152, 128
track:499, 860, 647, 152, 128
track:500, 860, 643, 152, 128
track:501, 860, 639, 152, 128
track:502, 860, 638, 152, 128
track:503, 860, 636, 152, 128
track:504, 856, 632, 160, 134
track:505, 855, 630, 160, 134
track:506, 855, 630, 160, 134
track:507, 855, 631, 160, 134
track:508, 854, 628, 160, 134
track:509, 854, 624, 160, 134
track:510, 854, 621, 160, 134
track:511, 854, 619, 160, 134
track:512, 853, 619, 160, 134
track:513, 852, 619, 160, 134
track:514, 852, 620, 160, 134
track:515, 856, 624, 152, 128
track:516, 857, 624, 152, 128
track:517, 857, 623, 152, 128
track:518, 856, 620, 152, 128
track:519, 857, 619, 152, 128
track:520, 861, 622, 145, 122
track:521, 862, 620, 145, 122
track:522, 862, 620, 145, 122
track:523, 861, 622, 145, 122
track:524, 861, 625, 145, 122
track:525, 863, 626, 145, 122
track:526, 865, 627, 145, 122
track:527, 864, 627, 145, 122
track:528, 864, 627, 145, 122
track:529, 867, 629, 138, 116
track:530, 872, 629, 131, 110
track:531, 875, 631, 125, 105
track:532, 876, 631, 125, 105
track:533, 877, 633, 125, 105
track:534, 877, 632, 125, 105
track:535, 880, 636, 119, 100
track:536, 880, 638, 119, 100
track:537, 881, 638, 119, 100
track:538, 883, 642, 114, 95
track:539, 883, 644, 114, 95
track:540, 883, 644, 114, 95
track:543, 881, 645, 114, 95
track:544, 880, 646, 114, 95
track:546, 881, 652, 108, 91
track:547, 881, 653, 108, 91
track:548, 880, 654, 108, 91
track:549, 879, 658, 108, 91
track:550, 881, 661, 103, 87
track:551, 880, 662, 103, 87
track:552, 880, 663, 103, 87
track:553, 879, 663, 103, 87
track:554, 878, 662, 103, 87
track:555, 878, 662, 103, 87
track:556, 878, 662, 103, 87
track:557, 878, 663, 103, 87
track:558, 877, 667, 103, 87
track:559, 877, 670, 103, 87
track:560, 876, 673, 103, 87
track:561, 876, 677, 103, 87
track:562, 879, 680, 98, 82
track:563, 878, 682, 98, 82
track:564, 881, 685, 93, 79
track:565, 881, 686, 93, 79
track:566, 881, 689, 93, 79
track:567, 881, 688, 93, 79
track:568, 884, 692, 89, 75
track:569, 885, 694, 89, 75
track:570, 883, 696, 89, 75
init :571, 872, 700, 101, 77
track:572, 872, 700, 101, 77
track:573, 873, 702, 101, 77
track:574, 874, 704, 101, 77
track:575, 875, 704, 101, 77
track:576, 874, 702, 101, 77
track:577, 874, 702, 101, 77
track:578, 871, 697, 106, 81
track:579, 872, 696, 106, 81
track:580, 873, 695, 106, 81
track:581, 874, 696, 106, 81
track:582, 874, 695, 106, 81
track:583, 873, 699, 106, 81
track:584, 873, 699, 106, 81
track:585, 873, 699, 106, 81
track:586, 873, 700, 106, 81
track:587, 873, 700, 106, 81
track:588, 873, 700, 106, 81
track:589, 874, 700, 106, 81
track:590, 873, 699, 106, 81
track:591, 871, 700, 106, 81
track:592, 868, 698, 111, 85
track:593, 867, 697, 111, 85
track:594, 864, 693, 117, 89
track:595, 865, 684, 117, 89
track:596, 863, 682, 117, 89
track:597, 863, 681, 117, 89
track:598, 863, 677, 117, 89
track:599, 862, 671, 117, 89
track:600, 862, 668, 117, 89
track:601, 863, 667, 117, 89
track:602, 860, 665, 123, 94
track:603, 860, 664, 123, 94
track:604, 858, 660, 123, 94
track:605, 858, 657, 123, 94
track:606, 858, 656, 123, 94
track:607, 858, 656, 123, 94
track:608, 858, 655, 123, 94
track:609, 856, 653, 129, 98
track:610, 856, 655, 129, 98
track:611, 857, 658, 129, 98
track:612, 856, 659, 129, 98
track:613, 857, 661, 129, 98
track:614, 856, 664, 129, 98
track:615, 856, 667, 129, 98
track:616, 856, 668, 129, 98
track:617, 853, 667, 135, 103
track:618, 852, 666, 135, 103
track:619, 853, 665, 135, 103
track:620, 854, 664, 135, 103
track:621, 855, 663, 135, 103
track:622, 855, 663, 135, 103
track:623, 854, 663, 135, 103
track:624, 853, 661, 135, 103
track:625, 853, 662, 135, 103
track:626, 855, 662, 135, 103
track:627, 855, 662, 135, 103
track:628, 855, 664, 135, 103
track:629, 854, 664, 135, 103
track:630, 854, 660, 135, 103
track:631, 854, 660, 135, 103
track:632, 854, 660, 135, 103
track:633, 855, 663, 135, 103
track:634, 856, 666, 135, 103
track:635, 853, 666, 142, 108
track:636, 852, 664, 149, 114
track:637, 851, 666, 149, 114
track:638, 853, 667, 149, 114
track:639, 855, 667, 149, 114
track:640, 855, 666, 149, 114
track:641, 854, 665, 149, 114
track:642, 854, 664, 149, 114
track:643, 854, 663, 149, 114
track:644, 854, 662, 149, 114
track:645, 855, 653, 149, 114
track:646, 855, 651, 149, 114
track:647, 855, 651, 149, 114
track:648, 854, 650, 149, 114
track:649, 855, 650, 149, 114
track:650, 856, 651, 149, 114
track:651, 857, 651, 149, 114
track:652, 858, 651, 149, 114
track:653, 859, 651, 149, 114
track:654, 861, 652, 149, 114
track:655, 861, 655, 149, 114
track:656, 863, 657, 149, 114
track:657, 862, 658, 149, 114
track:658, 865, 661, 149, 114
track:659, 866, 660, 149, 114
track:660, 865, 659, 149, 114
track:661, 866, 658, 149, 114
track:662, 866, 659, 149, 114
track:663, 867, 659, 149, 114
track:664, 868, 657, 149, 114
track:665, 870, 654, 149, 114
init :666, 881, 654, 138, 116
track:667, 881, 654, 138, 116
track:668, 882, 652, 138, 116
track:669, 882, 652, 138, 116
track:670, 882, 652, 138, 116
track:671, 880, 652, 138, 116
track:672, 880, 653, 138, 116
track:673, 878, 652, 138, 116
track:674, 878, 651, 138, 116
track:675, 878, 650, 138, 116
track:676, 875, 650, 138, 116
track:677, 875, 650, 138, 116
track:678, 874, 654, 138, 116
track:679, 873, 663, 138, 116
track:680, 874, 669, 138, 116
track:681, 874, 671, 138, 116
track:682, 874, 672, 138, 116
track:683, 871, 671, 138, 116
track:684, 870, 670, 138, 116
track:685, 870, 672, 138, 116
track:686, 871, 674, 138, 116
track:687, 872, 676, 138, 116
track:688, 870, 675, 138, 116
track:689, 869, 674, 138, 116
track:690, 867, 672, 138, 116
track:691, 867, 670, 138, 116
track:692, 867, 669, 138, 116
track:693, 866, 668, 138, 116
track:694, 863, 665, 145, 122
track:695, 865, 664, 145, 122
track:696, 863, 662, 145, 122
track:697, 863, 662, 145, 122
track:698, 860, 662, 145, 122
track:699, 857, 662, 145, 122
track:700, 857, 663, 145, 122
track:701, 859, 664, 145, 122
track:702, 858, 664, 145, 122
track:703, 858, 668, 145, 122
track:704, 856, 674, 145, 122
track:705, 855, 679, 145, 122
track:706, 854, 680, 145, 122
track:707, 854, 679, 145, 122
track:708, 854, 681, 145, 122
track:709, 854, 681, 145, 122
track:710, 854, 680, 145, 122
track:711, 855, 679, 145, 122
track:712, 854, 677, 145, 122
track:713, 854, 676, 145, 122
track:714, 854, 675, 145, 122
track:715, 853, 677, 145, 122
track:716, 852, 677, 145, 122
track:717, 854, 679, 145, 122
track:718, 854, 679, 145, 122
track:719, 854, 679, 145, 122
track:720, 855, 680, 145, 122
track:721, 855, 680, 145, 122
track:722, 855, 680, 145, 122
track:723, 855, 680, 145, 122
track:724, 856, 676, 145, 122
track:725, 853, 670, 152, 128
track:726, 853, 669, 152, 128
track:727, 853, 668, 152, 128
track:728, 854, 665, 152, 128
track:729, 853, 660, 152, 128
track:730, 852, 655, 160, 134
track:731, 851, 655, 160, 134
track:732, 852, 654, 160, 134
track:733, 851, 652, 160, 134
track:734, 852, 648, 160, 134
track:735, 852, 644, 160, 134
track:736, 853, 644, 160, 134
track:737, 854, 641, 160, 134
track:738, 852, 641, 160, 134
track:739, 851, 640, 160, 134
track:740, 853, 642, 160, 134
track:741, 854, 643, 160, 134
track:742, 853, 644, 160, 134
track:743, 852, 643, 160, 134
track:744, 851, 643, 160, 134
track:745, 853, 641, 160, 134
track:746, 853, 640, 160, 134
track:747, 853, 639, 160, 134
track:748, 853, 633, 160, 134
track:749, 852, 627, 160, 134
track:750, 850, 625, 160, 134
track:751, 850, 625, 160, 134
track:752, 849, 626, 160, 134
track:753, 851, 627, 160, 134
track:754, 854, 628, 160, 134
track:755, 860, 630, 152, 128
track:756, 860, 630, 152, 128
track:757, 860, 630, 152, 128
track:758, 859, 627, 152, 128
track:759, 858, 629, 152, 128
track:760, 859, 635, 152, 128
init :761, 858, 630, 152, 132
track:762, 860, 630, 152, 132
track:763, 861, 630, 152, 132
track:764, 863, 631, 152, 132
track:765, 862, 632, 152, 132
track:766, 862, 632, 152, 132
track:767, 860, 632, 152, 132
track:768, 861, 633, 152, 132
track:769, 862, 635, 152, 132
track:770, 864, 644, 152, 132
track:771, 869, 646, 145, 126
track:772, 869, 646, 145, 126
track:773, 871, 644, 145, 126
track:774, 872, 644, 145, 126
track:775, 873, 645, 145, 126
track:776, 872, 645, 145, 126
track:777, 873, 644, 145, 126
track:778, 877, 645, 138, 120
track:779, 879, 644, 138, 120
track:780, 879, 646, 138, 120
track:781, 878, 646, 138, 120
track:782, 879, 647, 138, 120
track:783, 878, 647, 138, 120
track:784, 878, 646, 138, 120
track:785, 876, 645, 138, 120
track:786, 876, 645, 138, 120
track:787, 877, 646, 138, 120
track:788, 876, 646, 138, 120
track:789, 879, 650, 131, 114
track:790, 878, 649, 131, 114
track:791, 878, 649, 131, 114
track:792, 877, 648, 131, 114
track:793, 877, 649, 131, 114
track:794, 877, 651, 131, 114
track:795, 877, 656, 131, 114
track:796, 877, 655, 131, 114
track:797, 877, 654, 131, 114
track:798, 877, 654, 131, 114
track:799, 877, 655, 131, 114
track:800, 877, 656, 131, 114
track:801, 877, 656, 131, 114
track:802, 877, 657, 131, 114
track:803, 876, 658, 131, 114
track:804, 876, 659, 131, 114
track:805, 875, 659, 131, 114
track:806, 875, 658, 131, 114
track:807, 874, 658, 131, 114
track:808, 873, 659, 131, 114
track:809, 875, 661, 131, 114
track:810, 874, 663, 131, 114
track:811, 876, 664, 131, 114
track:812, 875, 665, 131, 114
track:813, 872, 665, 131, 114
track:814, 870, 664, 131, 114
track:815, 870, 664, 131, 114
track:816, 870, 664, 131, 114
track:817, 869, 667, 131, 114
track:818, 865, 670, 138, 120
track:819, 865, 672, 138, 120
track:820, 862, 684, 138, 120
track:821, 859, 681, 145, 126
track:822, 859, 682, 145, 126
track:823, 855, 679, 152, 132
track:824, 854, 677, 152, 132
track:825, 852, 678, 152, 132
track:826, 852, 678, 152, 132
track:827, 852, 683, 152, 132
track:828, 853, 688, 152, 132
track:829, 854, 689, 152, 132
track:830, 852, 688, 160, 139
track:831, 853, 689, 160, 139
track:832, 854, 689, 160, 139
track:833, 856, 687, 160, 139
track:834, 856, 680, 160, 139
track:835, 857, 671, 160, 139
track:836, 857, 670, 160, 139
track:837, 852, 663, 168, 146
track:838, 851, 661, 168, 146
track:839, 849, 657, 168, 146
track:840, 847, 651, 168, 146
track:841, 846, 651, 168, 146
track:842, 845, 650, 168, 146
track:843, 842, 647, 168, 146
track:844, 840, 643, 168, 146
track:845, 834, 629, 168, 146
track:846, 833, 628, 168, 146
track:847, 828, 617, 176, 153
track:848, 829, 612, 176, 153
track:849, 828, 610, 176, 153
track:850, 828, 609, 176, 153
track:851, 823, 606, 185, 160
track:852, 827, 600, 185, 160
track:853, 831, 596, 185, 160
track:854, 832, 597, 185, 160
track:855, 832, 602, 185, 160
init :856, 830, 599, 198, 173
track:857, 829, 600, 198, 173
track:858, 832, 597, 198, 173
track:859, 832, 595, 198, 173
track:860, 831, 592, 198, 173
track:861, 831, 591, 198, 173
track:862, 836, 596, 189, 165
track:863, 837, 603, 189, 165
track:864, 838, 608, 189, 165
track:865, 839, 614, 189, 165
track:866, 839, 615, 189, 165
track:867, 843, 623, 180, 157
track:868, 843, 625, 180, 157
track:869, 843, 624, 180, 157
track:870, 845, 630, 180, 157
track:871, 848, 634, 171, 149
track:872, 853, 638, 163, 142
track:873, 853, 638, 163, 142
track:874, 854, 638, 163, 142
track:875, 855, 639, 163, 142
track:876, 854, 640, 163, 142
track:877, 859, 643, 155, 136
track:878, 861, 643, 155, 136
track:879, 862, 643, 155, 136
track:880, 865, 646, 148, 129
track:881, 865, 646, 148, 129
track:882, 866, 645, 148, 129
track:883, 868, 644, 148, 129
track:884, 871, 643, 148, 129
track:885, 871, 643, 148, 129
track:886, 871, 643, 148, 129
track:887, 873, 645, 148, 129
track:888, 874, 645, 148, 129
track:889, 874, 643, 148, 129
track:890, 876, 642, 148, 129
track:891, 880, 645, 141, 123
track:892, 886, 646, 134, 117
track:893, 886, 645, 134, 117
track:894, 886, 644, 134, 117
track:895, 887, 645, 134, 117
track:896, 889, 644, 134, 117
track:897, 888, 644, 134, 117
track:898, 888, 647, 128, 112
track:899, 886, 646, 128, 112
track:900, 885, 648, 128, 112
track:901, 885, 648, 128, 112
track:902, 884, 650, 128, 112
track:903, 883, 650, 128, 112
track:904, 886, 652, 122, 106
track:905, 887, 653, 122, 106
track:906, 886, 652, 122, 106
track:907, 896, 632, 122, 106
track:908, 911, 639, 122, 106
track:909, 916, 649, 122, 106
track:910, 917, 653, 122, 106
track:911, 917, 654, 122, 106
track:912, 914, 658, 122, 106
track:913, 910, 659, 128, 112
track:914, 915, 665, 122, 106
track:915, 926, 670, 116, 101
track:916, 925, 670, 116, 101
track:917, 924, 672, 116, 101
track:918, 922, 671, 122, 106
track:919, 921, 671, 122, 106
track:920, 920, 672, 122, 106
track:921, 920, 672, 122, 106
track:922, 915, 673, 122, 106
track:923, 911, 672, 122, 106
track:924, 901, 669, 122, 106
track:925, 895, 669, 122, 106
track:926, 894, 669, 122, 106
track:927, 891, 669, 122, 106
track:928, 880, 669, 122, 106
track:929, 876, 669, 122, 106
track:930, 872, 668, 122, 106
track:931, 870, 669, 122, 106
track:932, 867, 666, 122, 106
track:933, 865, 664, 122, 106
track:934, 863, 660, 122, 106
track:935, 863, 658, 122, 106
track:936, 863, 657, 122, 106
track:937, 864, 655, 122, 106
track:938, 863, 653, 122, 106
track:939, 863, 651, 122, 106
track:940, 862, 650, 122, 106
track:941, 861, 649, 122, 106
track:942, 863, 650, 116, 101
track:943, 861, 650, 116, 101
track:944, 859, 649, 116, 101
track:945, 862, 651, 110, 96
track:946, 862, 652, 110, 96
track:947, 857, 652, 110, 96
track:948, 852, 653, 110, 96
track:949, 847, 654, 110, 96
track:950, 846, 658, 105, 92
init :951, 752, 571, 355, 236
track:952, 750, 573, 355, 236
track:953, 750, 575, 355, 236
track:954, 750, 576, 355, 236
track:955, 749, 578, 355, 236
track:956, 752, 577, 355, 236
track:957, 749, 579, 355, 236
track:958, 751, 579, 355, 236
track:959, 750, 581, 355, 236
track:960, 749, 581, 355, 236
track:961, 750, 582, 355, 236
track:962, 747, 584, 355, 236
track:963, 737, 579, 373, 248
track:964, 736, 579, 373, 248
track:965, 735, 579, 373, 248
track:966, 732, 579, 373, 248
track:967, 728, 581, 373, 248
track:968, 723, 583, 373, 248
track:969, 719, 583, 373, 248
track:970, 718, 584, 373, 248
track:971, 711, 583, 373, 248
track:972, 708, 585, 373, 248
track:973, 704, 584, 373, 248
track:974, 699, 585, 373, 248
track:975, 699, 585, 373, 248
track:976, 695, 586, 373, 248
track:977, 690, 587, 373, 248
track:978, 689, 586, 373, 248
track:979, 689, 587, 373, 248
track:980, 684, 587, 373, 248
track:981, 687, 588, 373, 248
track:982, 690, 586, 373, 248
track:983, 692, 592, 355, 236
track:984, 690, 594, 355, 236
track:985, 693, 594, 355, 236
track:986, 695, 594, 355, 236
track:987, 694, 595, 355, 236
track:988, 699, 601, 338, 225
track:989, 702, 600, 338, 225
track:990, 702, 602, 338, 225
track:991, 702, 602, 338, 225
track:992, 701, 601, 338, 225
track:993, 707, 607, 322, 214
track:994, 707, 605, 322, 214
track:995, 705, 604, 322, 214
track:996, 705, 602, 322, 214
track:997, 707, 601, 322, 214
track:998, 710, 599, 322, 214
track:999, 714, 595, 322, 214
track:1000, 722, 600, 307, 204
track:1001, 733, 604, 292, 194
track:1002, 736, 602, 292, 194
track:1003, 742, 598, 292, 194
track:1004, 748, 594, 292, 194
track:1005, 748, 592, 292, 194
track:1006, 751, 591, 292, 194
track:1007, 752, 587, 292, 194
track:1008, 750, 585, 292, 194
track:1009, 757, 588, 278, 185
track:1010, 762, 592, 265, 176
track:1011, 752, 585, 278, 185
track:1012, 751, 583, 278, 185
track:1013, 747, 581, 278, 185
track:1014, 750, 585, 265, 176
track:1015, 749, 585, 265, 176
track:1016, 744, 585, 265, 176
track:1017, 743, 585, 265, 176
track:1018, 746, 588, 252, 168
track:1019, 750, 591, 240, 160
track:1020, 751, 592, 240, 160
track:1021, 751, 591, 240, 160
track:1022, 750, 591, 240, 160
track:1023, 746, 591, 240, 160
track:1024, 744, 590, 240, 160
track:1025, 745, 589, 240, 160
track:1026, 745, 590, 240, 160
track:1027, 747, 595, 229, 152
track:1028, 741, 597, 229, 152
track:1029, 740, 598, 229, 152
track:1030, 739, 597, 229, 152
track:1031, 739, 602, 218, 145
track:1032, 734, 603, 218, 145
track:1033, 731, 605, 218, 145
track:1034, 726, 605, 218, 145
track:1035, 726, 606, 218, 145
track:1036, 723, 608, 218, 145
track:1037, 722, 609, 218, 145
track:1038, 721, 614, 218, 145
track:1039, 723, 619, 208, 138
track:1040, 726, 623, 198, 131
track:1041, 724, 626, 198, 131
track:1042, 723, 628, 198, 131
track:1043, 722, 629, 198, 131
track:1044, 724, 630, 198, 131
track:1045, 723, 631, 198, 131
init :1046, 738, 615, 443, 145
track:1047, 739, 616, 443, 145
track:1048, 730, 613, 465, 152
track:1049, 744, 615, 443, 145
track:1050, 746, 613, 443, 145
track:1051, 749, 611, 443, 145
track:1052, 757, 608, 443, 145
track:1053, 772, 610, 422, 138
track:1054, 768, 607, 443, 145
track:1055, 781, 612, 422, 138
track:1056, 776, 610, 443, 145
track:1057, 780, 609, 443, 145
track:1058, 794, 612, 422, 138
track:1059, 801, 616, 402, 132
track:1060, 801, 617, 402, 132
track:1061, 802, 617, 402, 132
track:1062, 799, 618, 402, 132
track:1063, 798, 618, 402, 132
track:1064, 785, 616, 422, 138
track:1065, 782, 615, 422, 138
track:1066, 779, 617, 422, 138
track:1067, 764, 613, 443, 145
track:1068, 754, 612, 443, 145
track:1069, 753, 613, 443, 145
track:1070, 743, 614, 443, 145
track:1071, 729, 615, 443, 145
track:1072, 720, 616, 443, 145
track:1073, 715, 616, 443, 145
track:1074, 694, 617, 422, 138
track:1075, 694, 617, 422, 138
track:1076, 688, 617, 422, 138
track:1077, 674, 613, 443, 145
track:1078, 654, 613, 443, 145
track:1079, 650, 614, 443, 145
track:1080, 648, 614, 443, 145
track:1081, 638, 615, 443, 145
track:1082, 632, 614, 443, 145
track:1083, 628, 615, 443, 145
track:1084, 634, 619, 422, 138
track:1085, 624, 616, 443, 145
track:1086, 633, 618, 422, 138
track:1087, 633, 617, 422, 138
track:1088, 631, 616, 422, 138
track:1089, 619, 613, 443, 145
track:1090, 617, 613, 443, 145
track:1091, 620, 615, 443, 145
track:1092, 612, 613, 465, 152
track:1093, 620, 615, 465, 152
track:1094, 614, 617, 465, 152
track:1095, 612, 617, 465, 152
track:1096, 613, 618, 465, 152
track:1097, 617, 618, 465, 152
track:1098, 620, 617, 465, 152
track:1099, 617, 616, 465, 152
track:1100, 618, 616, 465, 152
track:1101, 618, 617, 465, 152
track:1102, 613, 619, 465, 152
track:1103, 616, 620, 465, 152
track:1104, 618, 620, 465, 152
track:1105, 618, 618, 465, 152
track:1106, 618, 619, 465, 152
track:1107, 618, 619, 465, 152
track:1108, 602, 617, 488, 160
track:1109, 602, 619, 488, 160
track:1110, 597, 619, 488, 160
track:1111, 585, 623, 488, 160
track:1112, 581, 622, 488, 160
track:1113, 571, 624, 488, 160
track:1114, 597, 628, 465, 152
track:1115, 594, 629, 465, 152
track:1116, 575, 629, 465, 152
track:1117, 592, 631, 443, 145
track:1118, 587, 624, 465, 152
track:1119, 597, 625, 465, 152
track:1120, 596, 631, 443, 145
track:1121, 589, 630, 443, 145
track:1122, 591, 632, 443, 145
track:1123, 581, 627, 465, 152
track:1124, 573, 626, 488, 160
track:1125, 559, 624, 513, 168
track:1126, 545, 622, 538, 176
track:1127, 570, 625, 513, 168
track:1128, 586, 629, 513, 168
track:1129, 585, 630, 513, 168
track:1130, 579, 632, 513, 168
track:1131, 623, 631, 488, 160
track:1132, 633, 630, 488, 160
track:1133, 650, 633, 465, 152
track:1134, 667, 631, 465, 152
track:1135, 662, 630, 488, 160
track:1136, 717, 631, 465, 152
track:1137, 691, 630, 465, 152
track:1138, 694, 627, 465, 152
track:1139, 709, 632, 443, 145
track:1140, 706, 632, 443, 145
init :1141, 830, 630, 216, 181
track:1142, 826, 630, 216, 181
track:1143, 816, 630, 216, 181
track:1144, 807, 631, 216, 181
track:1145, 806, 632, 216, 181
track:1146, 798, 631, 216, 181
track:1147, 791, 631, 216, 181
track:1148, 785, 637, 206, 172
track:1149, 775, 631, 216, 181
track:1150, 777, 631, 216, 181
track:1151, 776, 631, 216, 181
track:1152, 775, 631, 216, 181
track:1153, 771, 632, 216, 181
track:1154, 775, 638, 206, 172
track:1155, 769, 639, 206, 172
track:1156, 773, 642, 206, 172
track:1157, 774, 644, 206, 172
track:1158, 774, 643, 206, 172
track:1159, 777, 640, 206, 172
track:1160, 778, 640, 206, 172
track:1161, 778, 641, 206, 172
track:1162, 784, 636, 216, 181
track:1163, 781, 637, 216, 181
track:1164, 788, 640, 216, 181
track:1165, 787, 638, 216, 181
track:1166, 780, 639, 216, 181
track:1167, 784, 644, 206, 172
track:1168, 776, 645, 206, 172
track:1169, 773, 644, 206, 172
track:1170, 772, 644, 206, 172
track:1171, 768, 644, 206, 172
track:1172, 761, 642, 206, 172
track:1173, 761, 643, 206, 172
track:1174, 746, 636, 216, 181
track:1175, 749, 636, 216, 181
track:1176, 750, 634, 216, 181
track:1177, 751, 635, 216, 181
track:1178, 747, 631, 216, 181
track:1179, 747, 629, 216, 181
track:1180, 756, 634, 206, 172
track:1181, 754, 632, 206, 172
track:1182, 756, 629, 206, 172
track:1183, 767, 633, 196, 164
track:1184, 757, 636, 187, 156
track:1185, 760, 637, 187, 156
track:1186, 766, 640, 178, 149
track:1187, 773, 638, 178, 149
track:1188, 774, 636, 178, 149
track:1189, 773, 639, 169, 142
track:1190, 776, 639, 169, 142
track:1191, 779, 637, 169, 142
track:1192, 786, 637, 161, 135
track:1193, 786, 634, 161, 135
track:1194, 786, 634, 154, 129
track:1195, 790, 638, 146, 123
track:1196, 786, 634, 146, 123
track:1197, 785, 634, 146, 123
track:1198, 788, 634, 139, 117
track:1199, 787, 633, 139, 117
track:1200, 787, 633, 139, 117
track:1201, 789, 634, 139, 117
track:1202, 790, 633, 139, 117
track:1203, 793, 632, 139, 117
track:1204, 800, 633, 139, 117
track:1205, 803, 636, 133, 111
track:1206, 807, 636, 133, 111
track:1207, 816, 637, 133, 111
track:1208, 819, 636, 133, 111
track:1209, 817, 637, 133, 111
track:1210, 834, 638, 133, 111
track:1211, 838, 642, 126, 106
track:1212, 843, 644, 126, 106
track:1213, 849, 645, 126, 106
track:1214, 851, 648, 120, 101
track:1215, 855, 648, 120, 101
track:1216, 859, 649, 120, 101
track:1217, 861, 650, 120, 101
track:1218, 859, 650, 120, 101
track:1219, 860, 650, 120, 101
track:1220, 862, 654, 115, 96
track:1221, 865, 657, 109, 91
track:1222, 869, 660, 104, 87
track:1223, 874, 664, 99, 83
track:1224, 875, 663, 99, 83
track:1225, 879, 665, 94, 79
track:1226, 883, 665, 94, 79
track:1227, 884, 665, 94, 79
track:1228, 891, 664, 94, 79
track:1229, 890, 664, 94, 79
track:1230, 893, 666, 90, 75
track:1231, 897, 667, 90, 75
track:1232, 898, 667, 90, 75
track:1233, 901, 668, 90, 75
track:1234, 901, 669, 90, 75
track:1235, 903, 671, 85, 72
init :1236, 918, 667, 240, 96
track:1237, 923, 669, 229, 91
track:1238, 916, 667, 240, 96
track:1239, 915, 667, 240, 96
track:1240, 913, 666, 240, 96
track:1241, 912, 667, 240, 96
track:1242, 917, 669, 229, 91
track:1243, 920, 671, 218, 87
track:1244, 919, 672, 218, 87
track:1245, 919, 672, 218, 87
track:1246, 920, 674, 218, 87
track:1247, 907, 673, 218, 87
track:1248, 908, 673, 218, 87
track:1249, 908, 674, 218, 87
track:1250, 889, 671, 218, 87
track:1251, 893, 671, 218, 87
track:1252, 871, 665, 229, 91
track:1253, 875, 667, 218, 87
track:1254, 872, 665, 218, 87
track:1255, 861, 664, 218, 87
track:1256, 860, 660, 218, 87
track:1257, 862, 660, 207, 83
track:1258, 862, 660, 197, 79
track:1259, 869, 660, 188, 75
track:1260, 869, 658, 188, 75
track:1261, 878, 654, 188, 75
track:1262, 845, 650, 197, 79
track:1263, 845, 650, 197, 79
track:1264, 844, 650, 197, 79
track:1265, 851, 652, 188, 75
track:1266, 857, 653, 188, 75
track:1267, 859, 653, 188, 75
track:1268, 858, 654, 188, 75
track:1269, 862, 655, 179, 72
track:1270, 863, 656, 179, 72
track:1271, 862, 657, 179, 72
track:1272, 858, 659, 179, 72
track:1273, 855, 659, 179, 72
track:1274, 854, 662, 179, 72
track:1275, 849, 657, 179, 72
track:1276, 836, 655, 188, 75
track:1277, 829, 657, 188, 75
track:1278, 825, 655, 188, 75
track:1279, 826, 656, 188, 75
track:1280, 807, 653, 197, 79
track:1281, 807, 657, 188, 75
track:1282, 806, 658, 188, 75
track:1283, 801, 657, 188, 75
track:1284, 801, 657, 188, 75
track:1285, 797, 659, 179, 72
track:1286, 796, 660, 179, 72
track:1287, 793, 660, 179, 72
track:1288, 794, 661, 171, 68
track:1289, 794, 662, 171, 68
track:1290, 796, 664, 162, 65
track:1291, 799, 664, 155, 62
track:1292, 798, 664, 155, 62
track:1293, 801, 665, 147, 59
track:1294, 800, 665, 147, 59
track:1295, 800, 664, 147, 59
track:1296, 797, 663, 147, 59
track:1297, 798, 662, 147, 59
track:1298, 801, 663, 140, 56
track:1299, 801, 663, 140, 56
track:1300, 802, 665, 140, 56
track:1301, 801, 666, 140, 56
track:1302, 800, 666, 140, 56
track:1303, 795, 664, 147, 59
track:1304, 796, 663, 147, 59
track:1305, 796, 662, 147, 59
track:1306, 799, 662, 147, 59
track:1307, 802, 665, 140, 56
track:1308, 805, 667, 134, 53
track:1309, 805, 668, 134, 53
track:1310, 807, 668, 134, 53
track:1311, 805, 667, 140, 56
track:1312, 805, 666, 140, 56
track:1313, 809, 667, 134, 53
track:1314, 808, 668, 134, 53
track:1315, 809, 669, 134, 53
track:1316, 805, 668, 134, 53
track:1317, 803, 667, 140, 56
track:1318, 800, 667, 140, 56
track:1319, 800, 667, 140, 56
track:1320, 794, 666, 147, 59
track:1321, 797, 668, 140, 56
track:1322, 802, 670, 134, 53
track:1323, 803, 671, 134, 53
track:1324, 804, 672, 134, 53
track:1325, 804, 673, 134, 53
track:1326, 806, 674, 134, 53
track:1327, 808, 675, 134, 53
track:1328, 809, 675, 134, 53
track:1329, 809, 676, 134, 53
track:1330, 808, 676, 134, 53
init :1331, 867, 677, 166, 49
track:1332, 865, 677, 166, 49
track:1333, 863, 677, 166, 49
track:1334, 863, 677, 166, 49
track:1335, 858, 677, 166, 49
track:1336, 853, 678, 166, 49
track:1337, 849, 678, 166, 49
track:1338, 847, 678, 166, 49
track:1339, 846, 678, 166, 49
track:1340, 846, 678, 166, 49
track:1341, 844, 678, 166, 49
track:1342, 843, 678, 166, 49
track:1343, 840, 677, 174, 51
track:1344, 839, 677, 174, 51
track:1345, 841, 677, 174, 51
track:1346, 840, 677, 174, 51
track:1347, 841, 678, 174, 51
track:1348, 840, 678, 174, 51
track:1349, 840, 679, 174, 51
track:1350, 843, 680, 166, 49
track:1351, 841, 680, 166, 49
track:1352, 839, 681, 166, 49
track:1353, 839, 681, 166, 49
track:1354, 839, 681, 166, 49
track:1355, 840, 681, 166, 49
track:1356, 841, 682, 166, 49
track:1357, 837, 681, 174, 51
track:1358, 837, 681, 174, 51
track:1359, 838, 681, 174, 51
track:1360, 836, 681, 174, 51
track:1361, 836, 682, 174, 51
track:1362, 836, 682, 174, 51
track:1363, 836, 683, 174, 51
track:1364, 838, 683, 174, 51
track:1365, 833, 683, 183, 54
track:1366, 831, 683, 183, 54
track:1367, 835, 685, 174, 51
track:1368, 836, 685, 174, 51
track:1369, 836, 685, 174, 51
track:1370, 831, 685, 183, 54
track:1371, 830, 685, 183, 54
track:1372, 828, 686, 183, 54
track:1373, 827, 687, 183, 54
track:1374, 825, 687, 183, 54
track:1375, 817, 687, 192, 57
track:1376, 814, 686, 192, 57
track:1377, 817, 688, 183, 54
track:1378, 815, 689, 183, 54
track:1379, 814, 689, 183, 54
track:1380, 809, 690, 183, 54
track:1381, 808, 691, 183, 54
track:1382, 800, 690, 192, 57
track:1383, 796, 691, 192, 57
track:1384, 794, 692, 192, 57
track:1385, 792, 693, 192, 57
track:1386, 794, 695, 192, 57
track:1387, 796, 695, 192, 57
track:1388, 799, 697, 192, 57
track:1389, 799, 697, 192, 57
track:1390, 801, 697, 192, 57
track:1391, 803, 698, 192, 57
track:1392, 812, 700, 183, 54
track:1393, 820, 702, 174, 51
track:1394, 821, 702, 174, 51
track:1395, 825, 704, 166, 49
track:1396, 823, 702, 174, 51
track:1397, 824, 703, 174, 51
track:1398, 823, 704, 174, 51
track:1399, 823, 704, 174, 51
track:1400, 816, 705, 183, 54
track:1401, 817, 707, 174, 51
track:1402, 808, 709, 166, 49
track:1403, 804, 708, 174, 51
track:1404, 804, 708, 174, 51
track:1405, 800, 709, 174, 51
track:1406, 794, 708, 183, 54
track:1407, 789, 708, 183, 54
track:1408, 786, 708, 183, 54
track:1409, 781, 707, 192, 57
track:1410, 781, 707, 192, 57
track:1411, 785, 709, 183, 54
track:1412, 790, 710, 174, 51
track:1413, 790, 710, 174, 51
track:1414, 791, 710, 174, 51
track:1415, 792, 710, 174, 51
track:1416, 792, 711, 174, 51
track:1417, 796, 712, 166, 49
track:1418, 795, 712, 166, 49
track:1419, 795, 712, 166, 49
track:1420, 795, 714, 158, 47
track:1421, 794, 713, 158, 47
track:1422, 793, 714, 158, 47
track:1423, 793, 714, 158, 47
track:1424, 793, 714, 158, 47
track:1425, 790, 713, 166, 49
init :1426, 793, 719, 244, 90
track:1427, 793, 719, 244, 90
track:1428, 797, 721, 232, 86
track:1429, 796, 721, 232, 86
track:1430, 796, 721, 232, 86
track:1431, 794, 722, 232, 86
track:1432, 796, 724, 232, 86
track:1433, 792, 724, 232, 86
track:1434, 791, 724, 232, 86
track:1435, 790, 727, 232, 86
track:1436, 786, 726, 232, 86
track:1437, 787, 726, 232, 86
track:1438, 787, 728, 232, 86
track:1439, 791, 731, 221, 82
track:1440, 784, 729, 232, 86
track:1441, 781, 731, 232, 86
track:1442, 777, 731, 232, 86
track:1443, 769, 731, 232, 86
track:1444, 768, 730, 232, 86
track:1445, 767, 730, 232, 86
track:1446, 758, 728, 244, 90
track:1447, 744, 726, 256, 94
track:1448, 749, 728, 244, 90
track:1449, 749, 728, 244, 90
track:1450, 749, 726, 244, 90
track:1451, 755, 724, 244, 90
track:1452, 756, 722, 244, 90
track:1453, 760, 721, 244, 90
track:1454, 766, 720, 244, 90
track:1455, 770, 718, 244, 90
track:1456, 778, 719, 244, 90
track:1457, 786, 718, 232, 86
track:1458, 793, 719, 232, 86
track:1459, 793, 714, 232, 86
track:1460, 799, 717, 232, 86
track:1461, 806, 716, 232, 86
track:1462, 811, 713, 232, 86
track:1463, 817, 713, 221, 82
track:1464, 824, 712, 221, 82
track:1465, 832, 708, 221, 82
track:1466, 851, 700, 221, 82
track:1467, 844, 692, 232, 86
track:1468, 846, 690, 232, 86
track:1469, 842, 685, 244, 90
track:1470, 845, 687, 232, 86
track:1471, 850, 691, 232, 86
track:1472, 846, 690, 232, 86
track:1473, 845, 690, 232, 86
track:1474, 847, 689, 232, 86
track:1475, 845, 684, 244, 90
track:1476, 839, 683, 256, 94
track:1477, 839, 687, 256, 94
track:1478, 837, 688, 256, 94
track:1479, 844, 687, 244, 90
track:1480, 845, 689, 244, 90
track:1481, 848, 694, 244, 90
track:1482, 847, 694, 244, 90
track:1483, 848, 695, 244, 90
track:1484, 849, 699, 244, 90
track:1485, 850, 702, 244, 90
track:1486, 852, 704, 244, 90
track:1487, 858, 707, 244, 90
track:1488, 860, 709, 232, 86
track:1489, 862, 710, 232, 86
track:1490, 857, 710, 244, 90
track:1491, 854, 706, 244, 90
track:1492, 857, 706, 244, 90
track:1493, 857, 705, 244, 90
track:1494, 854, 702, 244, 90
track:1495, 849, 698, 244, 90
track:1496, 846, 696, 244, 90
track:1497, 836, 692, 244, 90
track:1498, 837, 691, 244, 90
track:1499, 831, 689, 244, 90
track:1500, 823, 682, 244, 90
track:1501, 824, 681, 244, 90
track:1502, 818, 677, 244, 90
track:1503, 814, 676, 244, 90
track:1504, 814, 672, 244, 90
track:1505, 814, 669, 244, 90
track:1506, 816, 665, 244, 90
track:1507, 811, 661, 244, 90
track:1508, 809, 660, 244, 90
track:1509, 812, 661, 232, 86
track:1510, 809, 659, 232, 86
track:1511, 808, 653, 232, 86
track:1512, 802, 651, 232, 86
track:1513, 802, 648, 232, 86
track:1514, 786, 648, 232, 86
track:1515, 766, 647, 232, 86
track:1516, 744, 647, 232, 86
track:1517, 726, 649, 221, 82
track:1518, 724, 649, 221, 82
track:1519, 705, 650, 211, 78
track:1520, 683, 650, 211, 78
init :1521, 683, 625, 276, 103
track:1522, 670, 626, 276, 103
track:1523, 669, 626, 276, 103
track:1524, 660, 626, 276, 103
track:1525, 663, 628, 263, 98
track:1526, 664, 628, 263, 98
track:1527, 676, 630, 250, 93
track:1528, 676, 629, 250, 93
track:1529, 701, 629, 250, 93
track:1530, 729, 631, 238, 89
track:1531, 753, 630, 238, 89
track:1532, 779, 629, 238, 89
track:1533, 775, 625, 250, 93
track:1534, 802, 626, 250, 93
track:1535, 826, 627, 250, 93
track:1536, 852, 629, 238, 89
track:1537, 870, 629, 238, 89
track:1538, 874, 633, 227, 85
track:1539, 885, 633, 216, 81
track:1540, 895, 632, 227, 85
track:1541, 902, 636, 216, 81
track:1542, 902, 637, 216, 81
track:1543, 900, 636, 227, 85
track:1544, 890, 635, 238, 89
track:1545, 888, 635, 238, 89
track:1546, 882, 637, 238, 89
track:1547, 875, 637, 238, 89
track:1548, 874, 638, 238, 89
track:1549, 851, 642, 250, 93
track:1550, 852, 641, 250, 93
track:1551, 854, 643, 238, 89
track:1552, 846, 648, 227, 85
track:1553, 847, 649, 227, 85
track:1554, 849, 650, 227, 85
track:1555, 849, 649, 227, 85
track:1556, 854, 651, 216, 81
track:1557, 861, 653, 216, 81
track:1558, 865, 655, 206, 77
track:1559, 868, 655, 206, 77
track:1560, 876, 654, 206, 77
track:1561, 878, 655, 206, 77
track:1562, 879, 656, 206, 77
track:1563, 880, 658, 206, 77
track:1564, 889, 659, 196, 73
track:1565, 894, 659, 187, 70
track:1566, 899, 661, 178, 66
track:1567, 894, 661, 178, 66
track:1568, 893, 661, 178, 66
track:1569, 896, 661, 178, 66
track:1570, 894, 662, 178, 66
track:1571, 885, 661, 178, 66
track:1572, 888, 663, 178, 66
track:1573, 886, 664, 178, 66
track:1574, 887, 663, 178, 66
track:1575, 889, 664, 178, 66
track:1576, 880, 665, 178, 66
track:1577, 884, 666, 169, 63
track:1578, 884, 666, 169, 63
track:1579, 882, 667, 169, 63
track:1580, 880, 669, 169, 63
track:1581, 878, 669, 169, 63
track:1582, 878, 669, 169, 63
track:1583, 880, 670, 161, 60
track:1584, 876, 670, 169, 63
track:1585, 879, 672, 169, 63
track:1586, 882, 674, 169, 63
track:1587, 888, 676, 161, 60
track:1588, 896, 675, 169, 63
track:1589, 883, 678, 161, 60
track:1590, 883, 676, 161, 60
track:1591, 887, 676, 154, 57
track:1592, 890, 676, 154, 57
track:1593, 885, 673, 161, 60
track:1594, 886, 674, 161, 60
track:1595, 886, 675, 161, 60
track:1596, 887, 674, 154, 57
track:1599, 884, 675, 154, 57
track:1600, 885, 675, 154, 57
track:1601, 885, 675, 146, 55
track:1602, 885, 675, 146, 55
track:1603, 885, 675, 146, 55
track:1604, 886, 675, 139, 52
track:1605, 886, 675, 139, 52
track:1606, 886, 673, 139, 52
track:1607, 883, 673, 139, 52
track:1608, 883, 674, 139, 52
elapseTime: 16.013
