init :7, 821, 630, 235, 197
track:8, 821, 630, 235, 197
track:9, 822, 630, 235, 197
track:10, 821, 631, 235, 197
track:11, 823, 630, 235, 197
track:12, 823, 630, 235, 197
track:13, 824, 630, 235, 197
track:14, 824, 630, 235, 197
track:15, 824, 630, 235, 197
track:16, 825, 630, 235, 197
track:17, 826, 630, 235, 197
track:18, 825, 630, 235, 197
track:19, 825, 629, 235, 197
track:20, 821, 626, 247, 207
track:21, 820, 626, 247, 207
track:22, 827, 631, 235, 197
track:23, 828, 631, 235, 197
track:24, 827, 631, 235, 197
track:25, 828, 630, 235, 197
track:26, 829, 631, 235, 197
track:27, 829, 631, 235, 197
track:28, 829, 631, 235, 197
track:29, 829, 630, 235, 197
track:30, 829, 630, 235, 197
track:31, 830, 629, 235, 197
track:32, 831, 631, 235, 197
track:33, 829, 630, 235, 197
init :34, 826, 630, 240, 197
track:35, 826, 630, 240, 197
track:36, 827, 629, 240, 197
track:37, 826, 630, 240, 197
track:38, 827, 629, 240, 197
track:39, 827, 629, 240, 197
track:40, 827, 629, 240, 197
track:41, 827, 630, 240, 197
track:42, 827, 630, 240, 197
track:43, 827, 629, 240, 197
track:44, 826, 630, 240, 197
track:45, 827, 629, 240, 197
track:46, 827, 629, 240, 197
track:48, 827, 629, 240, 197
track:49, 827, 628, 240, 197
track:50, 828, 629, 240, 197
track:51, 828, 627, 240, 197
track:52, 828, 629, 240, 197
track:53, 828, 628, 240, 197
track:54, 828, 627, 240, 197
track:55, 827, 628, 240, 197
track:56, 827, 629, 240, 197
track:57, 827, 628, 240, 197
track:58, 828, 627, 240, 197
track:59, 828, 628, 240, 197
track:60, 828, 628, 240, 197
track:61, 828, 627, 240, 197
track:62, 826, 626, 240, 197
track:63, 826, 628, 240, 197
track:64, 826, 628, 240, 197
track:65, 826, 627, 240, 197
track:66, 826, 627, 240, 197
init :67, 826, 630, 240, 197
track:68, 826, 630, 240, 197
track:69, 826, 629, 240, 197
track:70, 826, 629, 240, 197
track:71, 825, 628, 240, 197
track:72, 826, 630, 240, 197
track:73, 826, 629, 240, 197
track:74, 826, 629, 240, 197
track:75, 826, 630, 240, 197
track:76, 825, 629, 240, 197
track:77, 826, 629, 240, 197
track:78, 826, 629, 240, 197
track:79, 826, 629, 240, 197
track:80, 826, 629, 240, 197
track:81, 826, 629, 240, 197
track:82, 826, 629, 240, 197
track:83, 825, 630, 240, 197
track:84, 825, 629, 240, 197
track:85, 826, 630, 240, 197
track:86, 825, 629, 240, 197
track:87, 825, 630, 240, 197
track:88, 825, 629, 240, 197
track:89, 825, 630, 240, 197
track:90, 825, 629, 240, 197
track:91, 825, 630, 240, 197
track:92, 825, 630, 240, 197
track:93, 825, 629, 240, 197
track:94, 825, 630, 240, 197
track:95, 826, 630, 240, 197
track:96, 826, 630, 240, 197
track:97, 827, 629, 240, 197
track:98, 828, 630, 240, 197
track:99, 828, 629, 240, 197
init :100, 826, 628, 244, 197
track:101, 826, 628, 244, 197
track:102, 830, 625, 244, 197
track:103, 829, 625, 244, 197
track:104, 828, 625, 244, 197
track:105, 830, 625, 244, 197
track:106, 831, 624, 244, 197
track:107, 831, 624, 244, 197
track:108, 831, 621, 244, 197
track:109, 832, 620, 244, 197
track:110, 832, 618, 244, 197
track:111, 834, 617, 244, 197
track:112, 832, 616, 244, 197
track:113, 833, 614, 244, 197
track:114, 833, 613, 244, 197
track:115, 833, 612, 244, 197
track:116, 835, 610, 244, 197
track:117, 834, 608, 244, 197
track:120, 837, 604, 244, 197
track:121, 845, 607, 232, 188
track:122, 846, 605, 232, 188
track:123, 845, 603, 232, 188
track:124, 844, 603, 232, 188
track:125, 851, 605, 221, 179
track:126, 846, 602, 221, 179
track:127, 844, 600, 221, 179
track:128, 850, 604, 211, 170
track:129, 850, 603, 211, 170
track:130, 850, 605, 211, 170
track:131, 850, 605, 211, 170
track:132, 853, 610, 211, 170
init :133, 863, 617, 180, 163
track:134, 863, 617, 180, 163
track:135, 862, 619, 180, 163
track:136, 863, 619, 180, 163
track:137, 864, 622, 180, 163
track:138, 865, 622, 180, 163
track:139, 865, 623, 180, 163
track:140, 869, 626, 171, 155
track:141, 869, 626, 171, 155
track:142, 867, 626, 171, 155
track:143, 861, 623, 180, 163
track:144, 860, 623, 180, 163
track:145, 857, 627, 180, 163
track:146, 857, 628, 180, 163
track:147, 858, 629, 180, 163
track:148, 858, 632, 180, 163
track:149, 858, 631, 180, 163
track:150, 860, 634, 180, 163
track:151, 859, 637, 180, 163
track:152, 860, 640, 180, 163
track:153, 860, 643, 180, 163
track:154, 860, 643, 180, 163
track:155, 860, 646, 180, 163
track:156, 860, 646, 180, 163
track:157, 867, 650, 171, 155
track:158, 867, 651, 171, 155
track:159, 868, 650, 171, 155
track:160, 866, 651, 171, 155
track:161, 865, 652, 171, 155
track:162, 862, 651, 171, 155
track:163, 861, 652, 171, 155
track:164, 861, 652, 171, 155
track:165, 861, 653, 171, 155
init :166, 863, 656, 170, 153
track:167, 862, 657, 170, 153
track:168, 863, 656, 170, 153
track:169, 863, 657, 170, 153
track:170, 863, 655, 170, 153
track:171, 866, 655, 170, 153
track:172, 866, 654, 170, 153
track:173, 866, 654, 170, 153
track:174, 866, 653, 170, 153
track:175, 863, 654, 170, 153
track:176, 862, 655, 170, 153
track:177, 862, 654, 170, 153
track:178, 863, 655, 170, 153
track:179, 863, 656, 170, 153
track:180, 865, 657, 170, 153
track:181, 866, 657, 170, 153
track:182, 866, 660, 170, 153
track:183, 867, 662, 170, 153
track:184, 867, 664, 170, 153
track:185, 864, 662, 178, 161
track:186, 863, 660, 178, 161
track:187, 859, 654, 178, 161
track:188, 854, 652, 178, 161
track:189, 853, 651, 178, 161
track:190, 851, 650, 178, 161
track:191, 852, 648, 178, 161
track:192, 851, 643, 178, 161
track:193, 850, 641, 178, 161
track:194, 849, 641, 178, 161
track:195, 851, 639, 178, 161
track:196, 852, 638, 178, 161
track:197, 853, 637, 178, 161
track:198, 850, 637, 178, 161
init :199, 858, 636, 161, 150
track:200, 857, 638, 161, 150
track:201, 855, 638, 161, 150
track:202, 854, 637, 161, 150
track:203, 854, 635, 161, 150
track:204, 854, 635, 161, 150
track:205, 854, 634, 161, 150
track:206, 855, 633, 161, 150
track:207, 854, 631, 161, 150
track:208, 853, 630, 161, 150
track:209, 851, 628, 161, 150
track:210, 850, 626, 161, 150
track:211, 850, 624, 161, 150
track:212, 850, 622, 161, 150
track:213, 848, 620, 161, 150
track:214, 849, 619, 161, 150
track:215, 850, 617, 161, 150
track:216, 849, 616, 161, 150
track:217, 852, 620, 153, 143
track:218, 853, 620, 153, 143
track:219, 852, 622, 153, 143
track:220, 851, 624, 153, 143
track:221, 853, 627, 153, 143
track:222, 855, 631, 146, 136
track:223, 855, 632, 146, 136
track:224, 855, 633, 146, 136
track:225, 857, 638, 139, 130
track:226, 858, 639, 139, 130
track:227, 858, 639, 139, 130
track:228, 858, 639, 139, 130
track:229, 857, 640, 139, 130
track:230, 858, 640, 139, 130
track:231, 861, 643, 132, 123
init :232, 858, 649, 124, 103
track:233, 858, 649, 124, 103
track:234, 858, 649, 124, 103
track:235, 858, 648, 124, 103
track:236, 859, 648, 124, 103
track:237, 860, 648, 124, 103
track:238, 860, 649, 124, 103
track:239, 861, 650, 124, 103
track:240, 862, 652, 124, 103
track:241, 863, 654, 124, 103
track:242, 863, 655, 124, 103
track:243, 865, 657, 118, 98
track:244, 866, 656, 118, 98
track:245, 866, 657, 118, 98
track:246, 866, 657, 118, 98
track:247, 866, 658, 118, 98
track:248, 866, 658, 118, 98
track:249, 866, 658, 118, 98
track:250, 867, 660, 118, 98
track:251, 867, 661, 118, 98
track:252, 871, 664, 112, 93
track:253, 871, 664, 112, 93
track:254, 872, 667, 112, 93
track:255, 872, 671, 112, 93
track:256, 872, 672, 112, 93
track:257, 872, 675, 112, 93
track:258, 873, 675, 112, 93
track:259, 874, 677, 112, 93
track:260, 874, 679, 112, 93
track:261, 874, 679, 112, 93
track:262, 874, 680, 112, 93
track:263, 874, 680, 112, 93
track:264, 874, 682, 112, 93
init :265, 867, 680, 124, 96
track:266, 867, 681, 124, 96
track:267, 868, 683, 124, 96
track:268, 868, 684, 124, 96
track:269, 868, 685, 124, 96
track:270, 868, 687, 124, 96
track:271, 866, 688, 130, 101
track:272, 867, 691, 130, 101
track:273, 867, 692, 130, 101
track:274, 868, 694, 130, 101
track:275, 868, 696, 130, 101
track:276, 865, 697, 137, 106
track:277, 868, 700, 137, 106
track:278, 864, 697, 144, 111
track:279, 864, 697, 144, 111
track:280, 863, 694, 151, 117
track:281, 862, 693, 151, 117
track:282, 865, 694, 151, 117
track:283, 866, 695, 151, 117
track:284, 868, 697, 151, 117
track:285, 869, 698, 151, 117
track:286, 871, 697, 151, 117
track:287, 869, 691, 158, 123
track:288, 869, 691, 158, 123
track:289, 869, 687, 158, 123
track:290, 866, 680, 166, 129
track:291, 866, 674, 166, 129
track:292, 867, 668, 166, 129
track:293, 864, 664, 174, 135
track:294, 865, 662, 174, 135
track:295, 863, 657, 183, 142
track:296, 864, 656, 183, 142
track:297, 864, 657, 183, 142
init :298, 858, 641, 198, 189
track:299, 858, 641, 198, 189
track:300, 856, 642, 198, 189
track:301, 854, 645, 198, 189
track:302, 847, 646, 208, 198
track:303, 840, 642, 218, 208
track:304, 839, 647, 218, 208
track:305, 838, 648, 218, 208
track:306, 833, 643, 229, 219
track:307, 824, 635, 241, 230
track:308, 825, 635, 241, 230
track:309, 824, 633, 241, 230
track:310, 823, 626, 241, 230
track:311, 824, 611, 241, 230
track:312, 822, 602, 241, 230
track:313, 823, 600, 241, 230
track:314, 825, 593, 241, 230
track:315, 823, 585, 241, 230
track:316, 830, 579, 229, 219
track:317, 830, 573, 229, 219
track:318, 831, 572, 229, 219
track:319, 833, 570, 229, 219
track:320, 844, 566, 218, 208
track:321, 847, 558, 218, 208
track:322, 852, 563, 208, 198
track:323, 852, 563, 208, 198
track:324, 856, 571, 198, 189
track:325, 856, 569, 198, 189
track:326, 855, 560, 198, 189
track:327, 854, 560, 198, 189
track:328, 853, 560, 198, 189
track:329, 850, 568, 198, 189
track:330, 847, 576, 198, 189
init :331, 849, 589, 198, 176
track:332, 852, 596, 189, 168
track:333, 852, 596, 189, 168
track:334, 846, 594, 198, 176
track:335, 846, 596, 198, 176
track:336, 845, 598, 198, 176
track:337, 846, 599, 198, 176
track:338, 847, 599, 198, 176
track:339, 847, 595, 198, 176
track:340, 853, 597, 189, 168
track:341, 853, 597, 189, 168
track:342, 853, 596, 189, 168
track:343, 853, 596, 189, 168
track:344, 852, 595, 189, 168
track:345, 858, 595, 180, 160
track:346, 857, 596, 180, 160
track:347, 859, 597, 180, 160
track:348, 857, 598, 180, 160
track:349, 861, 603, 171, 152
track:350, 862, 607, 171, 152
track:351, 862, 610, 171, 152
track:352, 868, 617, 163, 145
track:353, 872, 622, 155, 138
track:354, 871, 623, 155, 138
track:355, 870, 624, 155, 138
track:356, 871, 625, 155, 138
track:357, 869, 625, 155, 138
track:358, 870, 626, 155, 138
track:359, 872, 629, 148, 131
track:360, 872, 630, 148, 131
track:361, 870, 629, 148, 131
track:362, 870, 630, 148, 131
track:363, 873, 632, 141, 125
init :364, 872, 641, 133, 106
track:365, 871, 642, 133, 106
track:366, 871, 642, 133, 106
track:367, 870, 644, 133, 106
track:368, 869, 644, 133, 106
track:369, 870, 644, 133, 106
track:370, 868, 650, 133, 106
track:371, 868, 655, 133, 106
track:372, 868, 658, 133, 106
track:373, 868, 659, 133, 106
track:374, 867, 660, 133, 106
track:375, 865, 661, 133, 106
track:376, 862, 661, 133, 106
track:377, 861, 662, 133, 106
track:378, 862, 664, 133, 106
track:379, 860, 664, 133, 106
track:380, 860, 663, 133, 106
track:381, 860, 663, 133, 106
track:382, 858, 663, 133, 106
track:383, 857, 662, 133, 106
track:384, 856, 662, 133, 106
track:385, 859, 662, 127, 101
track:386, 859, 662, 127, 101
track:387, 860, 662, 127, 101
track:388, 859, 662, 127, 101
track:389, 859, 662, 127, 101
track:390, 858, 661, 127, 101
track:391, 858, 664, 127, 101
track:392, 858, 666, 127, 101
track:393, 858, 666, 127, 101
track:394, 859, 669, 127, 101
track:395, 859, 672, 127, 101
track:396, 860, 676, 127, 101
init :397, 867, 687, 110, 77
track:398, 867, 687, 110, 77
track:399, 869, 691, 110, 77
track:400, 870, 696, 110, 77
track:401, 871, 702, 110, 77
track:402, 872, 705, 110, 77
track:403, 873, 706, 110, 77
track:404, 873, 708, 110, 77
track:405, 874, 708, 110, 77
track:406, 874, 708, 110, 77
track:407, 875, 708, 110, 77
track:408, 875, 708, 110, 77
track:409, 875, 706, 110, 77
track:410, 876, 705, 110, 77
track:411, 877, 701, 110, 77
track:412, 881, 701, 105, 73
track:413, 878, 699, 110, 77
track:414, 878, 698, 110, 77
track:415, 878, 700, 110, 77
track:416, 878, 701, 110, 77
track:417, 878, 702, 110, 77
track:418, 879, 702, 110, 77
track:419, 879, 702, 110, 77
track:420, 878, 703, 110, 77
track:421, 876, 703, 110, 77
track:422, 875, 701, 110, 77
track:423, 875, 701, 110, 77
track:424, 875, 697, 110, 77
track:425, 874, 696, 110, 77
track:426, 874, 694, 110, 77
track:427, 873, 692, 110, 77
track:428, 872, 692, 110, 77
track:429, 872, 692, 110, 77
init :430, 872, 693, 110, 83
track:431, 872, 693, 110, 83
track:432, 872, 693, 110, 83
track:433, 872, 692, 110, 83
track:434, 871, 693, 110, 83
track:435, 870, 693, 110, 83
track:436, 869, 694, 110, 83
track:437, 869, 695, 110, 83
track:438, 869, 695, 110, 83
track:439, 870, 697, 110, 83
track:440, 870, 698, 110, 83
track:441, 868, 696, 115, 87
track:442, 869, 696, 115, 87
track:443, 869, 696, 115, 87
track:444, 869, 696, 115, 87
track:445, 868, 697, 115, 87
track:446, 869, 699, 115, 87
track:447, 870, 697, 115, 87
track:448, 870, 697, 115, 87
track:449, 870, 696, 115, 87
track:450, 870, 696, 115, 87
track:451, 870, 697, 115, 87
track:452, 871, 699, 115, 87
track:453, 872, 699, 115, 87
track:454, 869, 698, 121, 92
track:455, 870, 698, 121, 92
track:456, 871, 698, 121, 92
track:457, 871, 699, 121, 92
track:458, 870, 698, 121, 92
track:459, 870, 698, 121, 92
track:460, 870, 696, 121, 92
track:461, 867, 693, 127, 96
track:462, 868, 693, 127, 96
init :463, 867, 687, 124, 101
track:464, 866, 685, 124, 101
track:465, 866, 682, 124, 101
track:466, 867, 683, 124, 101
track:467, 867, 683, 124, 101
track:468, 866, 684, 124, 101
track:469, 866, 685, 124, 101
track:470, 868, 687, 124, 101
track:471, 866, 684, 130, 106
track:472, 866, 684, 130, 106
track:473, 867, 687, 130, 106
track:474, 867, 689, 130, 106
track:475, 869, 689, 130, 106
track:476, 867, 686, 137, 111
track:477, 864, 683, 144, 117
track:478, 866, 682, 144, 117
track:479, 867, 679, 144, 117
track:480, 866, 671, 151, 123
track:481, 868, 667, 151, 123
track:482, 868, 666, 151, 123
track:483, 870, 658, 151, 123
track:484, 873, 657, 151, 123
track:485, 877, 658, 144, 117
track:486, 878, 663, 144, 117
track:487, 878, 663, 144, 117
track:488, 876, 667, 144, 117
track:490, 871, 667, 151, 123
track:491, 867, 669, 151, 123
track:492, 867, 669, 151, 123
track:493, 861, 667, 158, 129
track:494, 860, 666, 158, 129
track:495, 857, 658, 158, 129
init :496, 858, 649, 170, 145
track:497, 858, 649, 170, 145
track:498, 858, 647, 170, 145
track:499, 856, 644, 170, 145
track:500, 855, 639, 170, 145
track:501, 855, 636, 170, 145
track:502, 855, 635, 170, 145
track:503, 855, 633, 170, 145
track:504, 854, 631, 170, 145
track:505, 858, 633, 162, 138
track:506, 858, 632, 162, 138
track:507, 857, 633, 162, 138
track:508, 856, 631, 162, 138
track:509, 856, 627, 162, 138
track:510, 856, 623, 162, 138
track:511, 855, 622, 162, 138
track:512, 855, 622, 162, 138
track:513, 855, 622, 162, 138
track:514, 855, 622, 162, 138
track:515, 855, 623, 162, 138
track:516, 855, 622, 162, 138
track:517, 855, 621, 162, 138
track:518, 858, 623, 154, 132
track:519, 857, 622, 154, 132
track:520, 858, 622, 154, 132
track:521, 859, 620, 154, 132
track:522, 858, 619, 154, 132
track:523, 861, 624, 147, 125
track:524, 862, 627, 147, 125
track:525, 864, 628, 147, 125
track:526, 868, 632, 140, 119
track:527, 868, 633, 140, 119
track:528, 868, 632, 140, 119
init :529, 867, 636, 138, 98
track:530, 868, 635, 138, 98
track:531, 868, 634, 138, 98
track:532, 869, 635, 138, 98
track:533, 870, 637, 138, 98
track:534, 871, 637, 138, 98
track:535, 870, 638, 138, 98
track:536, 870, 641, 138, 98
track:537, 871, 641, 138, 98
track:538, 874, 644, 131, 93
track:539, 877, 648, 125, 89
track:540, 877, 648, 125, 89
track:543, 875, 649, 125, 89
track:544, 874, 649, 125, 89
track:546, 875, 655, 119, 85
track:547, 876, 656, 119, 85
track:548, 874, 659, 119, 85
track:549, 873, 661, 119, 85
track:550, 873, 663, 119, 85
track:551, 871, 664, 119, 85
track:552, 870, 664, 119, 85
track:553, 871, 664, 119, 85
track:554, 869, 663, 119, 85
track:555, 869, 664, 119, 85
track:556, 869, 665, 119, 85
track:557, 869, 665, 119, 85
track:558, 869, 670, 119, 85
track:559, 871, 674, 114, 81
track:560, 870, 677, 114, 81
track:561, 870, 681, 114, 81
init :562, 876, 680, 96, 80
track:563, 876, 682, 96, 80
track:564, 876, 684, 96, 80
track:565, 876, 686, 96, 80
track:566, 875, 689, 96, 80
track:567, 876, 689, 96, 80
track:568, 877, 692, 96, 80
track:569, 878, 693, 96, 80
track:570, 877, 696, 96, 80
track:571, 877, 698, 96, 80
track:572, 877, 699, 96, 80
track:573, 878, 700, 96, 80
track:574, 879, 701, 96, 80
track:575, 880, 700, 96, 80
track:576, 879, 698, 96, 80
track:577, 878, 698, 96, 80
track:578, 878, 697, 96, 80
track:579, 879, 694, 96, 80
track:580, 881, 694, 96, 80
track:581, 881, 694, 96, 80
track:582, 881, 694, 96, 80
track:583, 880, 697, 96, 80
track:584, 877, 696, 101, 84
track:585, 877, 696, 101, 84
track:586, 877, 697, 101, 84
track:587, 877, 697, 101, 84
track:588, 877, 697, 101, 84
track:589, 878, 696, 101, 84
track:590, 877, 695, 101, 84
track:591, 875, 696, 101, 84
track:592, 875, 696, 101, 84
track:593, 874, 695, 101, 84
track:594, 874, 693, 101, 84
init :595, 872, 685, 110, 85
track:596, 871, 683, 110, 85
track:597, 870, 683, 110, 85
track:598, 870, 678, 110, 85
track:599, 870, 673, 110, 85
track:600, 870, 669, 110, 85
track:601, 871, 668, 110, 85
track:602, 871, 668, 110, 85
track:603, 871, 668, 110, 85
track:604, 870, 662, 110, 85
track:605, 870, 659, 110, 85
track:606, 870, 658, 110, 85
track:607, 870, 659, 110, 85
track:608, 870, 658, 110, 85
track:609, 871, 658, 110, 85
track:610, 871, 660, 110, 85
track:611, 871, 662, 110, 85
track:612, 870, 663, 110, 85
track:613, 870, 666, 110, 85
track:614, 871, 668, 110, 85
track:615, 871, 671, 110, 85
track:616, 870, 673, 110, 85
track:617, 868, 671, 115, 89
track:618, 868, 672, 115, 89
track:619, 868, 670, 115, 89
track:620, 867, 668, 121, 94
track:621, 867, 668, 121, 94
track:622, 868, 667, 121, 94
track:623, 867, 667, 121, 94
track:624, 866, 665, 121, 94
track:625, 866, 664, 121, 94
track:626, 868, 666, 121, 94
track:627, 868, 666, 121, 94
init :628, 858, 659, 138, 111
track:629, 858, 659, 138, 111
track:630, 858, 656, 138, 111
track:631, 858, 656, 138, 111
track:632, 857, 656, 138, 111
track:633, 859, 659, 138, 111
track:634, 860, 662, 138, 111
track:635, 861, 663, 138, 111
track:636, 862, 665, 138, 111
track:637, 862, 665, 138, 111
track:638, 864, 666, 138, 111
track:639, 862, 664, 145, 117
track:640, 862, 663, 145, 117
track:641, 862, 661, 145, 117
track:642, 861, 661, 145, 117
track:643, 861, 659, 145, 117
track:644, 862, 657, 145, 117
track:645, 865, 651, 138, 111
track:646, 865, 649, 138, 111
track:647, 865, 650, 138, 111
track:648, 865, 650, 138, 111
track:649, 865, 650, 138, 111
track:650, 867, 650, 138, 111
track:651, 869, 651, 138, 111
track:652, 869, 650, 138, 111
track:653, 870, 650, 138, 111
track:654, 871, 651, 138, 111
track:655, 871, 655, 138, 111
track:656, 872, 657, 138, 111
track:657, 873, 658, 138, 111
track:658, 874, 660, 138, 111
track:659, 876, 660, 138, 111
track:660, 876, 658, 138, 111
init :661, 876, 662, 143, 111
track:662, 876, 662, 143, 111
track:663, 877, 662, 143, 111
track:664, 878, 660, 143, 111
track:665, 880, 659, 143, 111
track:666, 880, 657, 143, 111
track:667, 875, 654, 150, 117
track:668, 876, 652, 150, 117
track:669, 877, 652, 150, 117
track:670, 877, 652, 150, 117
track:671, 875, 652, 150, 117
track:672, 874, 653, 150, 117
track:673, 872, 653, 150, 117
track:674, 870, 651, 150, 117
track:675, 871, 650, 150, 117
track:676, 870, 650, 150, 117
track:677, 873, 651, 143, 111
track:678, 871, 654, 143, 111
track:679, 871, 664, 143, 111
track:680, 872, 671, 143, 111
track:681, 872, 673, 143, 111
track:682, 872, 673, 143, 111
track:683, 870, 671, 143, 111
track:684, 868, 671, 143, 111
track:685, 868, 673, 143, 111
track:686, 869, 676, 143, 111
track:687, 868, 677, 143, 111
track:688, 864, 674, 150, 117
track:689, 863, 672, 150, 117
track:690, 862, 670, 150, 117
track:691, 861, 668, 150, 117
track:692, 861, 668, 150, 117
track:693, 861, 668, 150, 117
init :694, 858, 664, 147, 116
track:695, 859, 664, 147, 116
track:696, 857, 664, 147, 116
track:697, 858, 664, 147, 116
track:698, 856, 663, 147, 116
track:699, 854, 663, 147, 116
track:700, 853, 664, 147, 116
track:701, 853, 665, 147, 116
track:702, 854, 665, 147, 116
track:703, 854, 668, 147, 116
track:704, 849, 671, 154, 122
track:705, 848, 675, 154, 122
track:706, 847, 678, 154, 122
track:707, 846, 678, 154, 122
track:708, 846, 680, 154, 122
track:709, 847, 680, 154, 122
track:710, 847, 678, 154, 122
track:711, 847, 677, 154, 122
track:712, 846, 673, 154, 122
track:713, 846, 673, 154, 122
track:714, 846, 672, 154, 122
track:715, 845, 675, 154, 122
track:716, 845, 675, 154, 122
track:717, 846, 676, 154, 122
track:718, 846, 677, 154, 122
track:719, 847, 677, 154, 122
track:720, 847, 677, 154, 122
track:721, 848, 677, 154, 122
track:722, 848, 677, 154, 122
track:723, 848, 677, 154, 122
track:724, 848, 674, 154, 122
track:725, 845, 668, 162, 128
track:726, 845, 667, 162, 128
init :727, 853, 667, 152, 122
track:728, 854, 664, 152, 122
track:729, 854, 661, 152, 122
track:730, 855, 660, 152, 122
track:731, 855, 658, 152, 122
track:732, 856, 658, 152, 122
track:733, 855, 657, 152, 122
track:734, 856, 652, 152, 122
track:735, 857, 646, 152, 122
track:736, 854, 644, 160, 128
track:737, 855, 642, 160, 128
track:738, 854, 641, 160, 128
track:739, 853, 641, 160, 128
track:740, 854, 642, 160, 128
track:741, 855, 643, 160, 128
track:742, 855, 644, 160, 128
track:743, 853, 644, 160, 128
track:744, 853, 644, 160, 128
track:745, 853, 642, 160, 128
track:746, 854, 642, 160, 128
track:747, 855, 640, 160, 128
track:748, 855, 631, 160, 128
track:749, 855, 627, 160, 128
track:750, 852, 625, 160, 128
track:751, 854, 629, 152, 122
track:752, 851, 628, 160, 128
track:753, 851, 628, 160, 128
track:754, 853, 628, 160, 128
track:755, 857, 628, 160, 128
track:756, 857, 628, 160, 128
track:757, 857, 627, 160, 128
track:758, 861, 628, 152, 122
track:759, 860, 629, 152, 122
init :760, 858, 630, 152, 129
track:761, 858, 630, 152, 129
track:762, 861, 631, 152, 129
track:763, 863, 631, 152, 129
track:764, 864, 631, 152, 129
track:765, 863, 632, 152, 129
track:766, 861, 632, 152, 129
track:767, 861, 631, 152, 129
track:768, 861, 635, 152, 129
track:769, 861, 635, 152, 129
track:770, 863, 645, 152, 129
track:771, 865, 646, 152, 129
track:772, 865, 645, 152, 129
track:773, 867, 643, 152, 129
track:774, 867, 643, 152, 129
track:775, 868, 642, 152, 129
track:776, 868, 643, 152, 129
track:777, 868, 643, 152, 129
track:778, 869, 641, 152, 129
track:779, 870, 641, 152, 129
track:780, 870, 641, 152, 129
track:781, 871, 642, 152, 129
track:782, 870, 642, 152, 129
track:783, 870, 641, 152, 129
track:784, 869, 641, 152, 129
track:785, 869, 642, 152, 129
track:786, 868, 642, 152, 129
track:787, 869, 642, 152, 129
track:788, 868, 642, 152, 129
track:789, 871, 645, 145, 123
track:790, 871, 645, 145, 123
track:791, 871, 644, 145, 123
track:792, 870, 643, 145, 123
init :793, 876, 654, 133, 93
track:794, 876, 655, 133, 93
track:795, 876, 658, 133, 93
track:796, 876, 659, 133, 93
track:797, 877, 659, 133, 93
track:798, 876, 659, 133, 93
track:799, 876, 660, 133, 93
track:800, 876, 661, 133, 93
track:801, 876, 661, 133, 93
track:802, 875, 662, 133, 93
track:803, 875, 663, 133, 93
track:804, 876, 663, 133, 93
track:805, 874, 663, 133, 93
track:806, 874, 664, 133, 93
track:807, 873, 663, 133, 93
track:808, 873, 664, 133, 93
track:809, 873, 665, 133, 93
track:810, 874, 667, 133, 93
track:811, 874, 668, 133, 93
track:812, 873, 669, 133, 93
track:813, 871, 670, 133, 93
track:814, 869, 670, 133, 93
track:815, 869, 670, 133, 93
track:816, 868, 670, 133, 93
track:817, 869, 672, 133, 93
track:818, 868, 678, 133, 93
track:819, 864, 678, 140, 98
track:820, 862, 689, 140, 98
track:821, 861, 689, 140, 98
track:822, 861, 690, 140, 98
track:823, 858, 687, 147, 103
track:824, 858, 686, 147, 103
track:825, 856, 686, 147, 103
init :826, 858, 680, 152, 122
track:827, 858, 685, 152, 122
track:828, 854, 688, 160, 128
track:829, 856, 690, 160, 128
track:830, 858, 692, 160, 128
track:831, 858, 692, 160, 128
track:832, 855, 689, 168, 135
track:833, 857, 687, 168, 135
track:834, 858, 680, 168, 135
track:835, 854, 671, 176, 141
track:836, 855, 669, 176, 141
track:837, 853, 663, 176, 141
track:838, 852, 661, 176, 141
track:839, 850, 658, 176, 141
track:840, 845, 650, 185, 148
track:841, 844, 649, 185, 148
track:842, 842, 647, 185, 148
track:843, 840, 644, 185, 148
track:844, 839, 641, 185, 148
track:845, 833, 626, 185, 148
track:846, 831, 626, 185, 148
track:847, 827, 617, 194, 156
track:848, 827, 610, 194, 156
track:849, 825, 607, 194, 156
track:850, 826, 606, 194, 156
track:851, 826, 606, 194, 156
track:852, 829, 602, 194, 156
track:853, 833, 598, 194, 156
track:854, 834, 599, 194, 156
track:855, 834, 602, 194, 156
track:856, 834, 603, 194, 156
track:857, 834, 604, 194, 156
track:858, 836, 603, 194, 156
init :859, 830, 594, 198, 166
track:860, 830, 592, 198, 166
track:861, 830, 592, 198, 166
track:862, 830, 594, 198, 166
track:863, 832, 600, 198, 166
track:864, 832, 605, 198, 166
track:865, 832, 612, 198, 166
track:866, 832, 611, 198, 166
track:867, 832, 615, 198, 166
track:868, 833, 618, 198, 166
track:869, 834, 619, 198, 166
track:870, 834, 624, 198, 166
track:871, 834, 625, 198, 166
track:872, 834, 625, 198, 166
track:873, 834, 625, 198, 166
track:874, 837, 624, 198, 166
track:875, 836, 624, 198, 166
track:876, 842, 629, 189, 158
track:877, 842, 630, 189, 158
track:878, 849, 633, 180, 151
track:879, 850, 632, 180, 151
track:880, 850, 632, 180, 151
track:881, 850, 634, 180, 151
track:882, 850, 632, 180, 151
track:883, 853, 632, 180, 151
track:884, 858, 634, 171, 143
track:885, 860, 633, 171, 143
track:886, 860, 633, 171, 143
track:887, 865, 638, 163, 137
track:888, 870, 642, 155, 130
track:889, 870, 640, 155, 130
track:890, 872, 639, 155, 130
track:891, 872, 639, 155, 130
init :892, 886, 649, 129, 114
track:893, 886, 648, 129, 114
track:894, 886, 649, 129, 114
track:895, 887, 649, 129, 114
track:896, 888, 649, 129, 114
track:897, 887, 649, 129, 114
track:898, 889, 651, 123, 109
track:899, 886, 650, 123, 109
track:900, 886, 651, 123, 109
track:901, 885, 652, 123, 109
track:902, 884, 654, 123, 109
track:903, 884, 655, 123, 109
track:904, 883, 654, 123, 109
track:905, 884, 654, 123, 109
track:906, 883, 653, 123, 109
track:907, 862, 641, 117, 103
track:908, 856, 639, 123, 109
track:909, 862, 649, 117, 103
track:910, 865, 660, 111, 98
track:911, 865, 660, 111, 98
track:912, 865, 665, 106, 94
track:913, 867, 670, 106, 94
track:914, 866, 673, 106, 94
track:915, 867, 676, 106, 94
track:916, 869, 676, 106, 94
track:917, 872, 681, 101, 89
track:918, 874, 682, 101, 89
track:919, 873, 684, 101, 89
track:920, 870, 683, 101, 89
track:921, 871, 683, 101, 89
track:922, 868, 683, 101, 89
track:923, 861, 683, 101, 89
track:924, 858, 684, 96, 85
init :925, 780, 581, 300, 254
track:926, 780, 581, 300, 254
track:927, 779, 582, 300, 254
track:928, 773, 582, 300, 254
track:929, 770, 581, 300, 254
track:930, 767, 578, 300, 254
track:931, 765, 580, 300, 254
track:932, 765, 577, 300, 254
track:933, 763, 575, 300, 254
track:934, 764, 573, 300, 254
track:935, 764, 571, 300, 254
track:936, 764, 571, 300, 254
track:937, 763, 568, 300, 254
track:938, 765, 566, 300, 254
track:939, 765, 562, 300, 254
track:940, 770, 570, 286, 242
track:941, 771, 569, 286, 242
track:942, 771, 566, 286, 242
track:943, 767, 566, 286, 242
track:944, 765, 566, 286, 242
track:945, 767, 566, 286, 242
track:946, 773, 571, 272, 230
track:947, 769, 572, 272, 230
track:948, 765, 573, 272, 230
track:949, 763, 575, 272, 230
track:950, 758, 577, 272, 230
track:951, 758, 578, 272, 230
track:952, 754, 578, 272, 230
track:953, 751, 579, 272, 230
track:954, 752, 581, 272, 230
track:955, 749, 581, 272, 230
track:956, 748, 581, 272, 230
track:957, 748, 584, 272, 230
init :958, 747, 578, 373, 241
track:959, 745, 580, 373, 241
track:960, 747, 580, 373, 241
track:961, 749, 581, 373, 241
track:962, 747, 582, 373, 241
track:963, 746, 582, 373, 241
track:964, 745, 582, 373, 241
track:965, 745, 582, 373, 241
track:966, 742, 582, 373, 241
track:967, 740, 583, 373, 241
track:968, 735, 584, 373, 241
track:969, 730, 585, 373, 241
track:970, 730, 585, 373, 241
track:971, 728, 585, 373, 241
track:972, 722, 586, 373, 241
track:973, 719, 586, 373, 241
track:974, 715, 586, 373, 241
track:975, 714, 586, 373, 241
track:976, 710, 588, 373, 241
track:977, 708, 585, 373, 241
track:978, 706, 589, 373, 241
track:979, 707, 587, 373, 241
track:980, 702, 588, 373, 241
track:981, 702, 587, 373, 241
track:982, 699, 590, 373, 241
track:983, 704, 589, 373, 241
track:984, 702, 590, 373, 241
track:985, 705, 590, 373, 241
track:986, 703, 590, 373, 241
track:987, 704, 590, 373, 241
track:988, 706, 592, 373, 241
track:989, 708, 592, 373, 241
track:990, 715, 597, 355, 230
init :991, 701, 586, 507, 249
track:992, 702, 587, 507, 249
track:993, 703, 586, 507, 249
track:994, 705, 585, 507, 249
track:995, 704, 585, 507, 249
track:996, 705, 584, 507, 249
track:997, 721, 589, 483, 237
track:998, 721, 587, 483, 237
track:999, 713, 581, 507, 249
track:1000, 713, 579, 507, 249
track:1001, 728, 581, 483, 237
track:1002, 734, 580, 483, 237
track:1003, 750, 583, 460, 226
track:1004, 764, 586, 438, 215
track:1005, 754, 581, 460, 226
track:1006, 761, 578, 460, 226
track:1007, 762, 576, 460, 226
track:1008, 762, 574, 460, 226
track:1009, 755, 573, 460, 226
track:1010, 753, 574, 460, 226
track:1011, 756, 572, 460, 226
track:1012, 738, 567, 483, 237
track:1013, 747, 568, 460, 226
track:1014, 740, 567, 460, 226
track:1015, 745, 567, 460, 226
track:1016, 738, 566, 460, 226
track:1017, 734, 565, 460, 226
track:1018, 740, 572, 438, 215
track:1019, 738, 568, 438, 215
track:1020, 736, 571, 438, 215
track:1021, 734, 568, 438, 215
track:1022, 735, 569, 438, 215
track:1023, 731, 566, 438, 215
init :1024, 756, 578, 447, 176
track:1025, 756, 578, 447, 176
track:1026, 755, 579, 447, 176
track:1027, 752, 580, 447, 176
track:1028, 748, 581, 447, 176
track:1029, 745, 581, 447, 176
track:1030, 733, 579, 469, 185
track:1031, 728, 580, 469, 185
track:1032, 722, 583, 469, 185
track:1033, 727, 587, 447, 176
track:1034, 723, 588, 447, 176
track:1035, 722, 589, 447, 176
track:1036, 723, 591, 447, 176
track:1037, 721, 592, 447, 176
track:1038, 721, 593, 447, 176
track:1039, 709, 591, 469, 185
track:1040, 719, 596, 447, 176
track:1041, 717, 597, 447, 176
track:1042, 714, 600, 447, 176
track:1043, 713, 601, 447, 176
track:1044, 725, 608, 426, 168
track:1045, 732, 614, 405, 160
track:1046, 736, 616, 405, 160
track:1047, 736, 617, 405, 160
track:1048, 730, 614, 426, 168
track:1049, 735, 611, 426, 168
track:1050, 728, 608, 447, 176
track:1051, 719, 604, 469, 185
track:1052, 727, 601, 469, 185
track:1053, 720, 596, 493, 194
track:1054, 743, 600, 469, 185
track:1055, 745, 601, 469, 185
track:1056, 745, 601, 469, 185
init :1057, 789, 610, 452, 145
track:1058, 789, 610, 452, 145
track:1059, 790, 611, 452, 145
track:1060, 791, 611, 452, 145
track:1061, 791, 611, 452, 145
track:1062, 790, 612, 452, 145
track:1063, 788, 613, 452, 145
track:1064, 784, 614, 452, 145
track:1065, 784, 614, 452, 145
track:1066, 777, 613, 452, 145
track:1067, 770, 613, 452, 145
track:1068, 752, 610, 475, 152
track:1069, 753, 613, 452, 145
track:1070, 750, 613, 452, 145
track:1071, 731, 609, 475, 152
track:1072, 718, 608, 475, 152
track:1073, 702, 609, 475, 152
track:1074, 702, 611, 452, 145
track:1075, 699, 611, 452, 145
track:1076, 691, 611, 452, 145
track:1077, 684, 611, 452, 145
track:1078, 666, 611, 452, 145
track:1079, 650, 609, 475, 152
track:1080, 657, 613, 452, 145
track:1081, 647, 612, 452, 145
track:1082, 644, 613, 452, 145
track:1083, 636, 613, 452, 145
track:1084, 636, 615, 452, 145
track:1085, 635, 615, 452, 145
track:1086, 637, 614, 452, 145
track:1087, 637, 613, 452, 145
track:1088, 633, 613, 452, 145
track:1089, 631, 614, 452, 145
init :1090, 669, 628, 447, 137
track:1091, 668, 630, 447, 137
track:1092, 668, 630, 447, 137
track:1093, 669, 630, 447, 137
track:1094, 671, 631, 447, 137
track:1095, 683, 636, 426, 130
track:1096, 673, 632, 447, 137
track:1097, 678, 633, 447, 137
track:1098, 676, 633, 447, 137
track:1099, 689, 635, 426, 130
track:1100, 689, 636, 426, 130
track:1101, 682, 633, 447, 137
track:1102, 681, 633, 447, 137
track:1103, 680, 633, 447, 137
track:1104, 694, 636, 426, 130
track:1105, 682, 634, 447, 137
track:1106, 690, 638, 426, 130
track:1107, 681, 635, 447, 137
track:1108, 682, 636, 447, 137
track:1109, 674, 635, 447, 137
track:1110, 671, 638, 447, 137
track:1111, 668, 639, 447, 137
track:1112, 667, 639, 447, 137
track:1113, 665, 639, 447, 137
track:1114, 664, 640, 447, 137
track:1115, 663, 640, 447, 137
track:1116, 650, 638, 469, 144
track:1117, 650, 641, 447, 137
track:1118, 663, 646, 426, 130
track:1119, 657, 645, 426, 130
track:1120, 658, 645, 426, 130
track:1121, 662, 647, 405, 124
track:1122, 657, 646, 405, 124
init :1123, 710, 628, 383, 189
track:1124, 710, 629, 383, 189
track:1125, 708, 629, 383, 189
track:1126, 716, 632, 365, 180
track:1127, 721, 631, 365, 180
track:1128, 718, 631, 365, 180
track:1129, 716, 625, 383, 189
track:1130, 716, 625, 383, 189
track:1131, 715, 627, 383, 189
track:1132, 721, 628, 383, 189
track:1133, 702, 620, 402, 198
track:1134, 685, 616, 422, 208
track:1135, 673, 609, 443, 219
track:1136, 676, 605, 443, 219
track:1137, 672, 603, 443, 219
track:1138, 646, 596, 466, 230
track:1139, 656, 598, 443, 219
track:1140, 666, 599, 422, 208
track:1141, 665, 600, 422, 208
track:1142, 666, 602, 422, 208
track:1143, 665, 612, 402, 198
track:1144, 652, 614, 383, 189
track:1145, 665, 624, 365, 180
track:1146, 666, 626, 365, 180
track:1147, 679, 637, 347, 171
track:1148, 679, 641, 347, 171
track:1149, 675, 649, 347, 171
track:1150, 671, 649, 347, 171
track:1151, 665, 648, 347, 171
track:1152, 667, 652, 331, 163
track:1153, 671, 659, 315, 155
track:1154, 670, 658, 315, 155
track:1155, 668, 658, 315, 155
init :1156, 780, 633, 240, 181
track:1157, 782, 633, 240, 181
track:1158, 784, 634, 240, 181
track:1159, 787, 632, 240, 181
track:1160, 786, 632, 240, 181
track:1161, 788, 633, 240, 181
track:1162, 789, 632, 240, 181
track:1163, 793, 638, 229, 172
track:1164, 795, 637, 229, 172
track:1165, 793, 639, 229, 172
track:1166, 791, 640, 229, 172
track:1167, 792, 642, 229, 172
track:1168, 781, 643, 229, 172
track:1169, 786, 642, 229, 172
track:1170, 787, 641, 229, 172
track:1171, 781, 640, 229, 172
track:1172, 767, 634, 240, 181
track:1173, 773, 635, 240, 181
track:1174, 769, 634, 240, 181
track:1175, 773, 639, 229, 172
track:1176, 775, 635, 229, 172
track:1177, 780, 636, 229, 172
track:1178, 776, 636, 229, 172
track:1179, 780, 630, 229, 172
track:1180, 777, 631, 229, 172
track:1181, 781, 633, 229, 172
track:1182, 776, 629, 229, 172
track:1183, 774, 631, 218, 164
track:1184, 776, 628, 218, 164
track:1185, 778, 626, 218, 164
track:1186, 775, 625, 218, 164
track:1187, 780, 624, 218, 164
track:1188, 787, 628, 207, 156
init :1189, 789, 633, 387, 132
track:1190, 789, 633, 387, 132
track:1191, 789, 633, 387, 132
track:1192, 786, 632, 387, 132
track:1193, 785, 629, 387, 132
track:1194, 785, 627, 387, 132
track:1195, 785, 625, 387, 132
track:1196, 789, 627, 369, 126
track:1197, 778, 623, 387, 132
track:1198, 775, 621, 387, 132
track:1199, 771, 621, 387, 132
track:1200, 782, 622, 369, 126
track:1201, 784, 621, 369, 126
track:1202, 787, 619, 369, 126
track:1203, 787, 620, 369, 126
track:1204, 791, 620, 369, 126
track:1205, 802, 623, 351, 120
track:1206, 808, 624, 351, 120
track:1207, 811, 625, 351, 120
track:1208, 814, 625, 351, 120
track:1209, 815, 624, 351, 120
track:1210, 818, 624, 351, 120
track:1211, 825, 625, 351, 120
track:1212, 837, 629, 334, 114
track:1213, 845, 634, 318, 109
track:1214, 840, 630, 334, 114
track:1215, 843, 632, 334, 114
track:1216, 838, 630, 351, 120
track:1217, 848, 632, 334, 114
track:1218, 846, 635, 318, 109
track:1219, 846, 635, 318, 109
track:1220, 850, 636, 318, 109
track:1221, 860, 640, 303, 103
init :1222, 886, 651, 304, 98
track:1223, 894, 654, 290, 93
track:1224, 894, 655, 290, 93
track:1225, 901, 658, 276, 89
track:1226, 900, 658, 276, 89
track:1227, 907, 660, 263, 85
track:1228, 899, 659, 276, 89
track:1229, 899, 659, 276, 89
track:1230, 904, 662, 263, 85
track:1231, 904, 663, 263, 85
track:1232, 902, 663, 263, 85
track:1233, 906, 667, 250, 81
track:1234, 905, 667, 250, 81
track:1235, 905, 669, 250, 81
track:1236, 899, 669, 250, 81
track:1237, 903, 672, 238, 77
track:1238, 902, 672, 238, 77
track:1239, 901, 671, 238, 77
track:1240, 900, 672, 238, 77
track:1241, 902, 673, 238, 77
track:1242, 907, 674, 227, 73
track:1243, 910, 676, 227, 73
track:1244, 898, 676, 227, 73
track:1245, 900, 676, 227, 73
track:1246, 896, 675, 227, 73
track:1247, 894, 677, 216, 70
track:1248, 915, 677, 206, 66
track:1249, 913, 680, 206, 66
track:1250, 909, 680, 206, 66
track:1251, 904, 683, 206, 66
track:1252, 957, 684, 196, 63
track:1253, 964, 684, 196, 63
track:1254, 960, 685, 196, 63
init :1255, 950, 667, 133, 85
track:1256, 944, 666, 133, 85
track:1257, 942, 667, 127, 81
track:1258, 940, 666, 127, 81
track:1259, 937, 664, 127, 81
track:1260, 934, 663, 127, 81
track:1261, 926, 662, 127, 81
track:1262, 922, 660, 127, 81
track:1263, 921, 662, 121, 77
track:1264, 921, 663, 121, 77
track:1265, 920, 663, 121, 77
track:1266, 921, 663, 121, 77
track:1267, 919, 660, 121, 77
track:1268, 919, 660, 121, 77
track:1269, 918, 660, 121, 77
track:1270, 918, 658, 121, 77
track:1271, 918, 657, 121, 77
track:1272, 911, 659, 121, 77
track:1273, 909, 659, 115, 73
track:1274, 909, 658, 115, 73
track:1275, 906, 657, 115, 73
track:1276, 899, 657, 115, 73
track:1277, 893, 658, 115, 73
track:1278, 886, 659, 115, 73
track:1279, 887, 659, 115, 73
track:1280, 880, 660, 115, 73
track:1281, 876, 663, 109, 70
track:1282, 869, 664, 109, 70
track:1283, 864, 663, 109, 70
track:1284, 865, 663, 109, 70
track:1285, 857, 664, 109, 70
track:1286, 854, 665, 104, 67
track:1287, 852, 665, 104, 67
init :1288, 872, 659, 143, 72
track:1289, 872, 659, 143, 72
track:1290, 872, 660, 143, 72
track:1291, 869, 660, 143, 72
track:1292, 868, 660, 143, 72
track:1293, 866, 660, 143, 72
track:1294, 866, 659, 143, 72
track:1295, 865, 659, 143, 72
track:1296, 861, 657, 150, 76
track:1297, 861, 657, 150, 76
track:1298, 862, 657, 150, 76
track:1299, 861, 657, 150, 76
track:1300, 861, 658, 150, 76
track:1301, 861, 660, 143, 72
track:1302, 864, 661, 136, 69
track:1303, 864, 661, 136, 69
track:1304, 864, 661, 136, 69
track:1305, 864, 660, 136, 69
track:1306, 862, 659, 143, 72
track:1307, 863, 661, 143, 72
track:1308, 863, 662, 143, 72
track:1309, 862, 662, 143, 72
track:1310, 863, 662, 143, 72
track:1311, 864, 663, 143, 72
track:1312, 868, 664, 136, 69
track:1313, 863, 663, 143, 72
track:1314, 864, 663, 143, 72
track:1315, 863, 665, 143, 72
track:1316, 860, 665, 143, 72
track:1317, 856, 662, 150, 76
track:1318, 853, 662, 158, 79
track:1319, 856, 664, 158, 79
track:1320, 852, 663, 158, 79
init :1321, 858, 672, 166, 54
track:1322, 859, 672, 166, 54
track:1323, 864, 674, 166, 54
track:1324, 867, 675, 158, 51
track:1325, 867, 676, 158, 51
track:1326, 868, 676, 158, 51
track:1327, 867, 676, 166, 54
track:1328, 872, 678, 158, 51
track:1329, 872, 679, 158, 51
track:1330, 871, 679, 158, 51
track:1331, 871, 679, 158, 51
track:1332, 867, 679, 158, 51
track:1333, 863, 679, 158, 51
track:1334, 862, 679, 158, 51
track:1335, 858, 679, 158, 51
track:1336, 854, 679, 158, 51
track:1337, 850, 679, 158, 51
track:1338, 848, 678, 158, 51
track:1339, 847, 678, 158, 51
track:1340, 847, 679, 158, 51
track:1341, 847, 679, 158, 51
track:1342, 846, 679, 158, 51
track:1343, 843, 679, 166, 54
track:1344, 843, 679, 166, 54
track:1345, 843, 680, 166, 54
track:1346, 839, 679, 174, 57
track:1347, 840, 680, 174, 57
track:1348, 838, 680, 174, 57
track:1349, 837, 680, 174, 57
track:1350, 837, 680, 174, 57
track:1351, 834, 680, 174, 57
track:1352, 834, 681, 174, 57
track:1353, 838, 682, 166, 54
init :1354, 849, 682, 175, 49
track:1355, 848, 682, 175, 49
track:1356, 850, 683, 175, 49
track:1357, 851, 683, 175, 49
track:1358, 855, 684, 167, 47
track:1359, 855, 684, 167, 47
track:1360, 855, 685, 167, 47
track:1361, 850, 684, 175, 49
track:1362, 850, 684, 175, 49
track:1363, 855, 686, 167, 47
track:1364, 857, 686, 167, 47
track:1365, 858, 686, 167, 47
track:1366, 855, 686, 167, 47
track:1367, 849, 686, 175, 49
track:1368, 848, 686, 175, 49
track:1369, 849, 686, 175, 49
track:1370, 854, 688, 167, 47
track:1371, 851, 689, 167, 47
track:1372, 847, 688, 175, 49
track:1373, 844, 689, 175, 49
track:1374, 844, 690, 175, 49
track:1375, 839, 689, 184, 51
track:1376, 831, 688, 193, 54
track:1377, 828, 688, 193, 54
track:1378, 827, 689, 193, 54
track:1379, 831, 691, 184, 51
track:1380, 828, 692, 184, 51
track:1381, 821, 692, 193, 54
track:1382, 815, 693, 193, 54
track:1383, 808, 692, 203, 57
track:1384, 807, 693, 203, 57
track:1385, 806, 694, 203, 57
track:1386, 812, 696, 193, 54
init :1387, 812, 700, 198, 62
track:1388, 813, 700, 198, 62
track:1389, 814, 701, 198, 62
track:1390, 816, 701, 198, 62
track:1391, 831, 703, 198, 62
track:1392, 829, 704, 198, 62
track:1393, 832, 705, 198, 62
track:1394, 833, 705, 198, 62
track:1395, 834, 706, 198, 62
track:1396, 835, 706, 198, 62
track:1397, 835, 707, 198, 62
track:1398, 835, 708, 198, 62
track:1399, 835, 708, 198, 62
track:1400, 831, 708, 198, 62
track:1401, 821, 709, 208, 65
track:1402, 818, 710, 208, 65
track:1403, 807, 710, 218, 68
track:1404, 805, 711, 218, 68
track:1405, 801, 711, 218, 68
track:1406, 799, 711, 218, 68
track:1407, 800, 713, 208, 65
track:1408, 797, 712, 208, 65
track:1409, 796, 712, 208, 65
track:1410, 794, 712, 208, 65
track:1411, 795, 713, 208, 65
track:1412, 796, 715, 208, 65
track:1413, 797, 715, 208, 65
track:1414, 797, 716, 208, 65
track:1415, 799, 716, 208, 65
track:1416, 799, 716, 208, 65
track:1417, 798, 717, 208, 65
track:1418, 791, 717, 218, 68
track:1419, 787, 715, 229, 72
init :1420, 789, 719, 249, 77
track:1421, 782, 717, 261, 81
track:1422, 780, 718, 261, 81
track:1423, 781, 718, 261, 81
track:1424, 781, 719, 261, 81
track:1425, 789, 721, 249, 77
track:1426, 789, 721, 249, 77
track:1427, 787, 721, 249, 77
track:1428, 780, 721, 261, 81
track:1429, 780, 721, 261, 81
track:1430, 780, 721, 261, 81
track:1431, 779, 722, 261, 81
track:1432, 777, 723, 261, 81
track:1433, 777, 724, 261, 81
track:1434, 771, 723, 275, 85
track:1435, 774, 727, 261, 81
track:1436, 772, 728, 261, 81
track:1437, 779, 731, 249, 77
track:1438, 777, 731, 249, 77
track:1439, 778, 730, 249, 77
track:1440, 776, 731, 249, 77
track:1441, 767, 730, 261, 81
track:1442, 763, 729, 261, 81
track:1443, 754, 729, 275, 85
track:1444, 752, 729, 275, 85
track:1445, 747, 730, 275, 85
track:1446, 736, 729, 288, 89
track:1447, 730, 727, 303, 94
track:1448, 729, 728, 303, 94
track:1449, 735, 729, 288, 89
track:1450, 739, 729, 288, 89
track:1451, 737, 727, 288, 89
track:1452, 739, 726, 288, 89
init :1453, 784, 711, 230, 135
track:1454, 784, 711, 230, 135
track:1455, 787, 710, 230, 135
track:1456, 792, 710, 230, 135
track:1457, 796, 708, 230, 135
track:1458, 800, 708, 230, 135
track:1459, 802, 709, 230, 135
track:1460, 805, 710, 230, 135
track:1461, 808, 710, 230, 135
track:1462, 816, 713, 219, 129
track:1463, 815, 714, 219, 129
track:1464, 816, 713, 219, 129
track:1465, 819, 714, 219, 129
track:1466, 818, 716, 219, 129
track:1467, 825, 719, 219, 129
track:1468, 819, 716, 230, 135
track:1469, 811, 716, 230, 135
track:1470, 803, 714, 230, 135
track:1471, 825, 723, 219, 129
track:1472, 815, 721, 219, 129
track:1473, 807, 721, 219, 129
track:1474, 800, 717, 219, 129
track:1475, 800, 712, 219, 129
track:1476, 798, 710, 219, 129
track:1477, 797, 708, 219, 129
track:1478, 792, 712, 219, 129
track:1479, 789, 705, 219, 129
track:1480, 801, 705, 209, 122
track:1481, 809, 703, 209, 122
track:1482, 797, 700, 209, 122
track:1483, 814, 703, 199, 117
track:1484, 820, 704, 199, 117
track:1485, 808, 706, 199, 117
init :1486, 858, 654, 230, 168
track:1487, 862, 654, 230, 168
track:1488, 864, 654, 230, 168
track:1489, 869, 653, 230, 168
track:1490, 871, 651, 230, 168
track:1491, 873, 650, 230, 168
track:1492, 875, 647, 230, 168
track:1493, 873, 646, 230, 168
track:1494, 868, 640, 241, 176
track:1495, 867, 636, 241, 176
track:1496, 866, 638, 230, 168
track:1497, 865, 632, 230, 168
track:1498, 858, 631, 230, 168
track:1499, 855, 627, 230, 168
track:1500, 852, 625, 230, 168
track:1501, 845, 620, 230, 168
track:1502, 833, 616, 230, 168
track:1503, 833, 615, 230, 168
track:1504, 836, 612, 230, 168
track:1505, 834, 610, 230, 168
track:1506, 836, 606, 230, 168
track:1507, 831, 602, 230, 168
track:1508, 831, 603, 230, 168
track:1509, 828, 600, 230, 168
track:1510, 834, 596, 230, 168
track:1511, 840, 596, 219, 160
track:1512, 835, 595, 219, 160
track:1513, 832, 595, 219, 160
track:1514, 820, 590, 219, 160
track:1515, 798, 590, 219, 160
track:1516, 780, 592, 219, 160
track:1517, 757, 591, 219, 160
track:1518, 748, 593, 219, 160
init :1519, 724, 623, 286, 109
track:1520, 701, 623, 286, 109
track:1521, 679, 624, 286, 109
track:1522, 675, 627, 272, 104
track:1523, 674, 627, 272, 104
track:1524, 666, 628, 272, 104
track:1525, 664, 628, 272, 104
track:1526, 667, 629, 272, 104
track:1527, 664, 625, 286, 109
track:1528, 672, 628, 272, 104
track:1529, 703, 630, 259, 99
track:1530, 722, 628, 259, 99
track:1531, 749, 628, 259, 99
track:1532, 775, 627, 259, 99
track:1533, 782, 629, 247, 94
track:1534, 805, 629, 247, 94
track:1535, 831, 628, 247, 94
track:1536, 852, 627, 247, 94
track:1537, 872, 628, 247, 94
track:1538, 869, 628, 247, 94
track:1539, 890, 629, 247, 94
track:1540, 891, 629, 247, 94
track:1541, 896, 631, 247, 94
track:1542, 895, 630, 247, 94
track:1543, 902, 633, 235, 90
track:1544, 900, 636, 235, 90
track:1545, 897, 636, 235, 90
track:1546, 898, 637, 235, 90
track:1547, 887, 642, 224, 85
track:1548, 890, 643, 224, 85
track:1549, 883, 645, 224, 85
track:1550, 867, 644, 235, 90
track:1551, 868, 647, 224, 85
init :1552, 872, 662, 212, 72
track:1553, 872, 662, 212, 72
track:1554, 869, 664, 212, 72
track:1555, 874, 666, 202, 69
track:1556, 873, 667, 202, 69
track:1557, 874, 668, 202, 69
track:1558, 876, 668, 202, 69
track:1559, 879, 669, 202, 69
track:1560, 882, 669, 202, 69
track:1561, 885, 668, 202, 69
track:1562, 889, 669, 202, 69
track:1563, 888, 669, 202, 69
track:1564, 891, 670, 202, 69
track:1565, 890, 671, 202, 69
track:1566, 888, 671, 202, 69
track:1567, 887, 671, 202, 69
track:1568, 887, 672, 202, 69
track:1569, 892, 674, 192, 65
track:1570, 894, 675, 183, 62
track:1571, 891, 675, 183, 62
track:1572, 889, 676, 183, 62
track:1573, 888, 677, 183, 62
track:1574, 883, 677, 183, 62
track:1575, 884, 677, 183, 62
track:1576, 881, 677, 183, 62
track:1577, 877, 677, 183, 62
track:1578, 875, 678, 183, 62
track:1579, 879, 680, 174, 59
track:1580, 876, 679, 174, 59
track:1581, 879, 680, 166, 56
track:1582, 882, 681, 158, 54
track:1583, 884, 683, 151, 51
track:1584, 882, 683, 151, 51
init :1585, 900, 677, 138, 72
track:1586, 900, 677, 138, 72
track:1587, 902, 679, 131, 69
track:1588, 902, 678, 131, 69
track:1589, 899, 677, 138, 72
track:1590, 899, 678, 138, 72
track:1591, 902, 679, 131, 69
track:1592, 901, 680, 131, 69
track:1593, 900, 679, 131, 69
track:1594, 900, 680, 131, 69
track:1595, 897, 680, 131, 69
track:1596, 894, 681, 131, 69
track:1599, 893, 682, 131, 69
track:1600, 890, 681, 131, 69
track:1601, 893, 683, 125, 65
track:1602, 892, 684, 125, 65
track:1603, 892, 684, 125, 65
track:1604, 892, 685, 119, 62
track:1605, 890, 687, 114, 59
track:1606, 884, 686, 119, 62
track:1607, 881, 686, 119, 62
track:1608, 881, 686, 119, 62
elapseTime: 17.01
