init :7, 821, 630, 235, 197
track:8, 821, 630, 235, 197
track:9, 822, 630, 235, 197
track:10, 821, 631, 235, 197
init :11, 816, 633, 240, 197
track:12, 817, 633, 240, 197
track:13, 819, 634, 240, 197
track:14, 819, 633, 240, 197
track:15, 818, 633, 240, 197
track:16, 819, 634, 240, 197
track:17, 820, 634, 240, 197
track:18, 819, 633, 240, 197
track:19, 819, 633, 240, 197
track:20, 820, 633, 240, 197
init :21, 826, 633, 235, 194
track:22, 826, 633, 235, 194
track:23, 827, 632, 235, 194
track:24, 827, 632, 235, 194
track:25, 826, 632, 235, 194
track:26, 829, 632, 235, 194
track:27, 827, 632, 235, 194
track:28, 829, 632, 235, 194
track:29, 828, 632, 235, 194
track:30, 828, 632, 235, 194
init :31, 826, 633, 240, 194
track:32, 826, 633, 240, 194
track:33, 827, 633, 240, 194
track:34, 827, 632, 240, 194
track:35, 827, 632, 240, 194
track:36, 827, 632, 240, 194
track:37, 826, 631, 240, 194
track:38, 820, 627, 252, 204
track:39, 821, 628, 252, 204
track:40, 826, 632, 240, 194
init :41, 826, 633, 240, 197
track:42, 826, 633, 240, 197
track:43, 828, 634, 240, 197
track:44, 827, 634, 240, 197
track:45, 827, 634, 240, 197
track:46, 828, 633, 240, 197
track:48, 828, 633, 240, 197
track:49, 828, 633, 240, 197
track:50, 828, 634, 240, 197
init :51, 826, 633, 230, 197
track:52, 826, 633, 230, 197
track:53, 826, 634, 230, 197
track:54, 827, 632, 230, 197
track:55, 826, 633, 230, 197
track:56, 826, 633, 230, 197
track:57, 826, 633, 230, 197
track:58, 827, 632, 230, 197
track:59, 826, 632, 230, 197
track:60, 825, 633, 230, 197
init :61, 826, 630, 235, 199
track:62, 826, 630, 235, 199
track:63, 825, 630, 235, 199
track:64, 825, 630, 235, 199
track:65, 825, 629, 235, 199
track:66, 825, 629, 235, 199
track:67, 825, 629, 235, 199
track:68, 824, 629, 235, 199
track:69, 824, 629, 235, 199
track:70, 825, 629, 235, 199
init :71, 826, 630, 235, 197
track:72, 826, 630, 235, 197
track:73, 826, 630, 235, 197
track:74, 826, 630, 235, 197
track:75, 826, 630, 235, 197
track:76, 826, 630, 235, 197
track:77, 826, 630, 235, 197
track:78, 825, 630, 235, 197
track:79, 826, 630, 235, 197
track:80, 826, 631, 235, 197
init :81, 826, 630, 235, 197
track:82, 826, 630, 235, 197
track:83, 826, 631, 235, 197
track:84, 826, 630, 235, 197
track:85, 826, 631, 235, 197
track:86, 826, 631, 235, 197
track:87, 826, 631, 235, 197
track:88, 827, 632, 235, 197
track:89, 826, 631, 235, 197
track:90, 826, 631, 235, 197
init :91, 821, 633, 240, 197
track:92, 821, 633, 240, 197
track:93, 821, 633, 240, 197
track:94, 821, 634, 240, 197
track:95, 821, 633, 240, 197
track:96, 823, 633, 240, 197
track:97, 824, 633, 240, 197
track:98, 824, 632, 240, 197
track:99, 823, 631, 240, 197
track:100, 825, 631, 240, 197
init :101, 830, 628, 235, 197
track:102, 831, 628, 235, 197
track:103, 833, 628, 235, 197
track:104, 834, 627, 235, 197
track:105, 834, 626, 235, 197
track:106, 835, 626, 235, 197
track:107, 835, 625, 235, 197
track:108, 836, 623, 235, 197
track:109, 835, 621, 235, 197
track:110, 835, 620, 235, 197
init :111, 840, 625, 221, 181
track:112, 840, 624, 221, 181
track:113, 841, 622, 221, 181
track:114, 841, 622, 221, 181
track:115, 842, 621, 221, 181
track:116, 843, 619, 221, 181
track:117, 844, 615, 221, 181
track:120, 844, 613, 221, 181
init :121, 853, 615, 198, 160
track:122, 854, 615, 198, 160
track:123, 853, 613, 198, 160
track:124, 853, 614, 198, 160
track:125, 856, 615, 189, 152
track:126, 855, 613, 189, 152
track:127, 852, 611, 189, 152
track:128, 851, 611, 189, 152
track:129, 851, 611, 189, 152
track:130, 856, 616, 180, 145
init :131, 853, 612, 189, 163
track:132, 856, 616, 189, 163
track:133, 857, 617, 189, 163
track:134, 856, 618, 189, 163
track:135, 856, 619, 189, 163
track:136, 857, 620, 189, 163
track:137, 859, 621, 189, 163
track:138, 860, 623, 189, 163
track:139, 861, 622, 189, 163
track:140, 859, 623, 189, 163
init :141, 863, 620, 175, 158
track:142, 866, 624, 167, 150
track:143, 865, 625, 167, 150
track:144, 865, 625, 167, 150
track:145, 862, 629, 167, 150
track:146, 861, 631, 167, 150
track:147, 857, 628, 175, 158
track:148, 853, 626, 184, 166
track:149, 853, 627, 184, 166
track:150, 854, 630, 184, 166
init :151, 858, 633, 175, 160
track:152, 858, 634, 175, 160
track:153, 859, 638, 175, 160
track:154, 858, 639, 175, 160
track:155, 857, 641, 175, 160
track:156, 858, 641, 175, 160
track:157, 859, 642, 175, 160
track:158, 860, 643, 175, 160
track:159, 860, 643, 175, 160
track:160, 859, 644, 175, 160
init :161, 863, 651, 170, 155
track:162, 861, 650, 170, 155
track:163, 859, 650, 170, 155
track:164, 859, 651, 170, 155
track:165, 858, 651, 170, 155
track:166, 859, 651, 170, 155
track:167, 859, 651, 170, 155
track:168, 859, 652, 170, 155
track:169, 860, 652, 170, 155
track:170, 860, 651, 170, 155
init :171, 867, 659, 161, 147
track:172, 867, 658, 161, 147
track:173, 867, 659, 161, 147
track:174, 867, 658, 161, 147
track:175, 864, 659, 161, 147
track:176, 863, 660, 161, 147
track:177, 863, 659, 161, 147
track:178, 865, 660, 161, 147
track:179, 865, 660, 161, 147
track:180, 867, 662, 161, 147
init :181, 867, 656, 161, 150
track:182, 867, 658, 161, 150
track:183, 869, 661, 161, 150
track:184, 869, 661, 161, 150
track:185, 870, 664, 161, 150
track:186, 864, 659, 169, 158
track:187, 860, 654, 169, 158
track:188, 857, 652, 169, 158
track:189, 855, 652, 169, 158
track:190, 858, 654, 161, 150
init :191, 858, 646, 161, 145
track:192, 858, 643, 161, 145
track:193, 857, 642, 161, 145
track:194, 857, 640, 161, 145
track:195, 858, 639, 161, 145
track:196, 864, 641, 153, 138
track:197, 864, 640, 153, 138
track:198, 862, 641, 153, 138
track:199, 862, 641, 153, 138
track:200, 859, 643, 153, 138
init :201, 853, 638, 156, 145
track:202, 853, 636, 156, 145
track:203, 852, 634, 156, 145
track:204, 853, 633, 156, 145
track:205, 854, 632, 156, 145
track:206, 855, 631, 156, 145
track:207, 852, 630, 156, 145
track:208, 852, 629, 156, 145
track:209, 851, 628, 156, 145
track:210, 848, 625, 156, 145
init :211, 849, 630, 152, 129
track:212, 848, 629, 152, 129
track:213, 849, 629, 152, 129
track:214, 849, 628, 152, 129
track:215, 850, 627, 152, 129
track:216, 850, 627, 152, 129
track:217, 850, 628, 152, 129
track:218, 850, 628, 152, 129
track:219, 849, 629, 152, 129
track:220, 849, 632, 152, 129
init :221, 849, 638, 143, 122
track:222, 849, 640, 143, 122
track:223, 850, 640, 143, 122
track:224, 849, 642, 143, 122
track:225, 849, 645, 143, 122
track:226, 849, 645, 143, 122
track:227, 849, 646, 143, 122
track:228, 850, 646, 143, 122
track:229, 852, 650, 136, 116
track:230, 852, 650, 136, 116
init :231, 853, 649, 138, 119
track:232, 852, 647, 138, 119
track:233, 852, 647, 138, 119
track:234, 851, 646, 138, 119
track:235, 851, 646, 138, 119
track:236, 852, 645, 138, 119
track:237, 855, 645, 138, 119
track:238, 855, 645, 138, 119
track:239, 855, 647, 138, 119
track:240, 859, 652, 131, 113
init :241, 863, 651, 120, 101
track:242, 864, 651, 120, 101
track:243, 864, 651, 120, 101
track:244, 864, 652, 120, 101
track:245, 864, 652, 120, 101
track:246, 864, 653, 120, 101
track:247, 864, 654, 120, 101
track:248, 865, 654, 120, 101
track:249, 864, 655, 120, 101
track:250, 864, 655, 120, 101
init :251, 867, 659, 120, 98
track:252, 868, 661, 120, 98
track:253, 869, 661, 120, 98
track:254, 869, 664, 120, 98
track:255, 869, 668, 120, 98
track:256, 870, 669, 120, 98
track:257, 870, 672, 120, 98
track:258, 871, 674, 120, 98
track:259, 871, 675, 120, 98
track:260, 872, 677, 120, 98
init :261, 872, 677, 124, 90
track:262, 872, 678, 124, 90
track:263, 872, 678, 124, 90
track:264, 872, 681, 124, 90
track:265, 873, 682, 124, 90
track:266, 872, 684, 124, 90
track:267, 873, 686, 124, 90
track:268, 873, 686, 124, 90
track:269, 873, 686, 124, 90
track:270, 874, 689, 124, 90
init :271, 867, 687, 124, 101
track:272, 868, 690, 124, 101
track:273, 868, 690, 124, 101
track:274, 868, 692, 124, 101
track:275, 869, 694, 124, 101
track:276, 869, 697, 124, 101
track:277, 871, 699, 124, 101
track:278, 872, 700, 124, 101
track:279, 870, 697, 130, 106
track:280, 867, 694, 137, 111
init :281, 867, 687, 138, 122
track:282, 869, 690, 138, 122
track:283, 869, 690, 138, 122
track:284, 870, 692, 138, 122
track:285, 872, 694, 138, 122
track:286, 874, 694, 138, 122
track:287, 876, 691, 138, 122
track:288, 874, 686, 145, 128
track:289, 870, 681, 152, 135
track:290, 866, 674, 160, 141
init :291, 867, 667, 170, 145
track:292, 868, 664, 170, 145
track:293, 869, 663, 170, 145
track:294, 866, 659, 178, 152
track:295, 864, 653, 187, 160
track:296, 864, 653, 187, 160
track:297, 863, 654, 187, 160
track:298, 859, 650, 197, 168
track:299, 858, 651, 197, 168
track:300, 852, 649, 207, 176
init :301, 835, 638, 244, 205
track:302, 834, 641, 244, 205
track:303, 834, 642, 244, 205
track:304, 833, 647, 244, 205
track:305, 832, 647, 244, 205
track:306, 824, 642, 256, 215
track:307, 818, 635, 269, 226
track:308, 816, 636, 269, 226
track:309, 816, 633, 269, 226
track:310, 815, 628, 269, 226
init :311, 816, 612, 258, 220
track:312, 814, 603, 258, 220
track:313, 815, 602, 258, 220
track:314, 817, 597, 258, 220
track:315, 815, 590, 258, 220
track:316, 822, 585, 246, 210
track:317, 823, 577, 246, 210
track:318, 823, 576, 246, 210
track:319, 826, 575, 246, 210
track:320, 831, 568, 246, 210
init :321, 858, 568, 207, 184
track:322, 858, 568, 207, 184
track:323, 858, 568, 207, 184
track:324, 857, 571, 207, 184
track:325, 857, 571, 207, 184
track:326, 856, 565, 207, 184
track:327, 853, 566, 207, 184
track:328, 853, 565, 207, 184
track:329, 854, 575, 197, 175
track:330, 853, 580, 197, 175
init :331, 849, 589, 198, 176
track:332, 852, 596, 189, 168
track:333, 852, 596, 189, 168
track:334, 846, 594, 198, 176
track:335, 846, 596, 198, 176
track:336, 845, 598, 198, 176
track:337, 846, 599, 198, 176
track:338, 847, 599, 198, 176
track:339, 847, 595, 198, 176
track:340, 853, 597, 189, 168
init :341, 853, 599, 180, 158
track:342, 853, 598, 180, 158
track:343, 854, 598, 180, 158
track:344, 854, 598, 180, 158
track:345, 855, 595, 180, 158
track:346, 859, 600, 171, 150
track:347, 863, 604, 163, 143
track:348, 864, 604, 163, 143
track:349, 864, 607, 163, 143
track:350, 863, 611, 163, 143
init :351, 872, 625, 147, 114
track:352, 873, 627, 147, 114
track:353, 873, 628, 147, 114
track:354, 874, 631, 147, 114
track:355, 872, 632, 147, 114
track:356, 876, 635, 140, 109
track:357, 875, 636, 140, 109
track:358, 875, 636, 140, 109
track:359, 875, 636, 140, 109
track:360, 875, 636, 140, 109
init :361, 872, 636, 138, 98
track:362, 871, 636, 138, 98
track:363, 871, 636, 138, 98
track:364, 871, 637, 138, 98
track:365, 871, 638, 138, 98
track:366, 871, 639, 138, 98
track:367, 871, 640, 138, 98
track:368, 871, 641, 138, 98
track:369, 870, 641, 138, 98
track:370, 869, 647, 138, 98
init :371, 872, 656, 124, 90
track:372, 872, 659, 124, 90
track:373, 872, 659, 124, 90
track:374, 872, 661, 124, 90
track:375, 870, 661, 124, 90
track:376, 869, 662, 124, 90
track:377, 866, 664, 124, 90
track:378, 865, 664, 124, 90
track:379, 865, 666, 124, 90
track:380, 865, 664, 124, 90
init :381, 867, 662, 115, 96
track:382, 865, 662, 115, 96
track:383, 864, 663, 115, 96
track:384, 863, 663, 115, 96
track:385, 863, 662, 115, 96
track:386, 863, 661, 115, 96
track:387, 863, 661, 115, 96
track:388, 862, 662, 115, 96
track:389, 862, 662, 115, 96
track:390, 861, 662, 115, 96
init :391, 867, 667, 110, 88
track:392, 867, 669, 110, 88
track:393, 867, 670, 110, 88
track:394, 867, 671, 110, 88
track:395, 868, 678, 110, 88
track:396, 869, 680, 110, 88
track:397, 871, 684, 110, 88
track:398, 871, 684, 110, 88
track:399, 873, 690, 110, 88
track:400, 873, 694, 110, 88
init :401, 876, 703, 101, 85
track:402, 877, 707, 101, 85
track:403, 877, 707, 101, 85
track:404, 878, 709, 101, 85
track:405, 879, 710, 101, 85
track:406, 879, 709, 101, 85
track:407, 880, 709, 101, 85
track:408, 880, 710, 101, 85
track:409, 879, 706, 106, 89
track:410, 879, 705, 106, 89
init :411, 881, 700, 101, 77
track:412, 881, 699, 101, 77
track:413, 882, 699, 101, 77
track:414, 881, 698, 101, 77
track:415, 881, 699, 101, 77
track:416, 881, 700, 101, 77
track:417, 882, 701, 101, 77
track:418, 882, 702, 101, 77
track:419, 882, 701, 101, 77
track:420, 878, 701, 106, 81
init :421, 876, 700, 110, 83
track:422, 876, 699, 110, 83
track:423, 876, 697, 110, 83
track:424, 876, 695, 110, 83
track:425, 876, 694, 110, 83
track:426, 875, 692, 110, 83
track:427, 874, 690, 110, 83
track:428, 873, 690, 110, 83
track:429, 873, 690, 110, 83
track:430, 873, 690, 110, 83
init :431, 872, 690, 110, 83
track:432, 871, 689, 110, 83
track:433, 871, 690, 110, 83
track:434, 871, 689, 110, 83
track:435, 870, 690, 110, 83
track:436, 869, 690, 110, 83
track:437, 869, 692, 110, 83
track:438, 869, 693, 110, 83
track:439, 870, 694, 110, 83
track:440, 871, 695, 110, 83
init :441, 867, 693, 115, 88
track:442, 868, 694, 115, 88
track:443, 868, 694, 115, 88
track:444, 867, 695, 115, 88
track:445, 867, 696, 115, 88
track:446, 867, 697, 115, 88
track:447, 868, 696, 115, 88
track:448, 868, 696, 115, 88
track:449, 867, 695, 115, 88
track:450, 868, 695, 115, 88
init :451, 872, 693, 115, 93
track:452, 873, 695, 115, 93
track:453, 872, 695, 115, 93
track:454, 874, 695, 115, 93
track:455, 875, 696, 115, 93
track:456, 876, 696, 115, 93
track:457, 875, 696, 115, 93
track:458, 875, 696, 115, 93
track:459, 875, 695, 115, 93
track:460, 874, 693, 115, 93
init :461, 872, 687, 124, 101
track:462, 872, 687, 124, 101
track:463, 872, 687, 124, 101
track:464, 872, 684, 124, 101
track:465, 872, 683, 124, 101
track:466, 872, 683, 124, 101
track:467, 872, 683, 124, 101
track:468, 871, 683, 124, 101
track:469, 871, 684, 124, 101
track:470, 873, 684, 124, 101
init :471, 863, 685, 138, 106
track:472, 863, 685, 138, 106
track:473, 864, 688, 138, 106
track:474, 860, 688, 145, 111
track:475, 863, 687, 145, 111
track:476, 865, 687, 145, 111
track:477, 865, 686, 145, 111
track:478, 867, 686, 145, 111
track:479, 867, 684, 145, 111
track:480, 866, 673, 152, 117
init :481, 872, 669, 147, 124
track:482, 872, 669, 147, 124
track:483, 875, 663, 147, 124
track:484, 876, 662, 147, 124
track:485, 874, 658, 154, 130
track:486, 875, 663, 154, 130
track:487, 875, 663, 154, 130
track:488, 873, 667, 154, 130
track:490, 871, 671, 154, 130
init :491, 863, 664, 170, 145
track:492, 863, 664, 170, 145
track:493, 862, 664, 170, 145
track:494, 861, 664, 170, 145
track:495, 857, 656, 170, 145
track:496, 858, 654, 170, 145
track:497, 856, 652, 170, 145
track:498, 853, 648, 170, 145
track:499, 853, 645, 170, 145
track:500, 852, 640, 170, 145
init :501, 853, 636, 170, 145
track:502, 853, 636, 170, 145
track:503, 853, 636, 170, 145
track:504, 853, 634, 170, 145
track:505, 853, 634, 170, 145
track:506, 852, 634, 170, 145
track:507, 852, 635, 170, 145
track:508, 846, 628, 178, 152
track:509, 845, 625, 178, 152
track:510, 845, 621, 178, 152
init :511, 853, 623, 156, 137
track:512, 853, 623, 156, 137
track:513, 853, 623, 156, 137
track:514, 853, 624, 156, 137
track:515, 856, 628, 149, 130
track:516, 857, 628, 149, 130
track:517, 857, 628, 149, 130
track:518, 856, 625, 149, 130
track:519, 856, 624, 149, 130
track:520, 857, 624, 149, 130
init :521, 858, 625, 152, 111
track:522, 858, 625, 152, 111
track:523, 857, 628, 152, 111
track:524, 858, 630, 152, 111
track:525, 860, 633, 152, 111
track:526, 864, 636, 145, 106
track:527, 864, 636, 145, 106
track:528, 864, 636, 145, 106
track:529, 865, 635, 145, 106
track:530, 865, 634, 145, 106
init :531, 872, 636, 133, 98
track:532, 872, 636, 133, 98
track:533, 873, 638, 133, 98
track:534, 873, 638, 133, 98
track:535, 873, 640, 133, 98
track:536, 873, 642, 133, 98
track:537, 873, 642, 133, 98
track:538, 873, 644, 133, 98
track:539, 873, 647, 133, 98
track:540, 874, 647, 133, 98
init :543, 876, 649, 120, 90
track:544, 876, 649, 120, 90
track:546, 875, 656, 120, 90
track:547, 874, 656, 120, 90
track:548, 873, 659, 120, 90
track:549, 873, 661, 120, 90
track:550, 872, 662, 120, 90
init :551, 872, 664, 106, 85
track:552, 872, 664, 106, 85
track:553, 872, 664, 106, 85
track:554, 871, 663, 106, 85
track:555, 871, 664, 106, 85
track:556, 871, 665, 106, 85
track:557, 874, 667, 101, 81
track:558, 870, 669, 106, 85
track:559, 870, 673, 106, 85
track:560, 871, 675, 106, 85
init :561, 876, 680, 96, 80
track:562, 876, 680, 96, 80
track:563, 876, 683, 96, 80
track:564, 876, 685, 96, 80
track:565, 876, 686, 96, 80
track:566, 876, 689, 96, 80
track:567, 876, 689, 96, 80
track:568, 877, 692, 96, 80
track:569, 878, 693, 96, 80
track:570, 877, 696, 96, 80
init :571, 872, 700, 101, 77
track:572, 872, 700, 101, 77
track:573, 873, 702, 101, 77
track:574, 874, 704, 101, 77
track:575, 875, 704, 101, 77
track:576, 874, 702, 101, 77
track:577, 874, 702, 101, 77
track:578, 871, 697, 106, 81
track:579, 872, 696, 106, 81
track:580, 873, 695, 106, 81
init :581, 876, 693, 101, 90
track:582, 876, 693, 101, 90
track:583, 875, 696, 101, 90
track:584, 875, 698, 101, 90
track:585, 874, 698, 101, 90
track:586, 875, 698, 101, 90
track:587, 874, 698, 101, 90
track:588, 875, 699, 101, 90
track:589, 875, 698, 101, 90
track:590, 874, 698, 101, 90
init :591, 872, 695, 110, 90
track:592, 872, 695, 110, 90
track:593, 872, 695, 110, 90
track:594, 872, 693, 110, 90
track:595, 872, 684, 110, 90
track:596, 872, 681, 110, 90
track:597, 871, 681, 110, 90
track:598, 870, 678, 110, 90
track:599, 870, 671, 110, 90
track:600, 870, 667, 110, 90
init :601, 867, 664, 115, 103
track:602, 867, 664, 115, 103
track:603, 867, 663, 115, 103
track:604, 865, 660, 115, 103
track:605, 865, 657, 115, 103
track:606, 866, 656, 115, 103
track:607, 865, 656, 115, 103
track:608, 866, 656, 115, 103
track:609, 867, 655, 115, 103
track:610, 867, 656, 115, 103
init :611, 863, 659, 124, 101
track:612, 863, 659, 124, 101
track:613, 862, 662, 124, 101
track:614, 863, 664, 124, 101
track:615, 864, 667, 124, 101
track:616, 863, 669, 124, 101
track:617, 863, 670, 124, 101
track:618, 863, 669, 124, 101
track:619, 863, 668, 124, 101
track:620, 864, 667, 124, 101
init :621, 863, 662, 133, 106
track:622, 863, 662, 133, 106
track:623, 862, 661, 133, 106
track:624, 862, 661, 133, 106
track:625, 862, 662, 133, 106
track:626, 863, 663, 133, 106
track:627, 860, 661, 140, 111
track:628, 864, 665, 133, 106
track:629, 863, 664, 133, 106
track:630, 863, 661, 133, 106
init :631, 858, 656, 143, 114
track:632, 858, 656, 143, 114
track:633, 860, 660, 143, 114
track:634, 857, 662, 150, 120
track:635, 857, 664, 150, 120
track:636, 859, 665, 150, 120
track:637, 859, 666, 150, 120
track:638, 860, 667, 150, 120
track:639, 861, 667, 150, 120
track:640, 862, 666, 150, 120
init :641, 863, 664, 147, 111
track:642, 863, 664, 147, 111
track:643, 864, 662, 147, 111
track:644, 860, 659, 154, 117
track:645, 860, 651, 154, 117
track:646, 864, 652, 147, 111
track:647, 865, 652, 147, 111
track:648, 865, 651, 147, 111
track:649, 864, 651, 147, 111
track:650, 870, 654, 140, 106
init :651, 872, 651, 143, 122
track:652, 872, 651, 143, 122
track:653, 872, 652, 143, 122
track:654, 873, 653, 143, 122
track:655, 871, 653, 150, 128
track:656, 871, 656, 150, 128
track:657, 871, 657, 150, 128
track:658, 873, 659, 150, 128
track:659, 875, 659, 150, 128
track:660, 875, 659, 150, 128
init :661, 876, 662, 143, 111
track:662, 876, 662, 143, 111
track:663, 877, 662, 143, 111
track:664, 878, 660, 143, 111
track:665, 880, 659, 143, 111
track:666, 880, 657, 143, 111
track:667, 875, 654, 150, 117
track:668, 876, 652, 150, 117
track:669, 877, 652, 150, 117
track:670, 877, 652, 150, 117
init :671, 876, 649, 138, 119
track:672, 876, 649, 138, 119
track:673, 875, 649, 138, 119
track:674, 874, 648, 138, 119
track:675, 873, 649, 138, 119
track:676, 872, 648, 138, 119
track:677, 872, 648, 138, 119
track:678, 870, 652, 138, 119
track:679, 869, 660, 138, 119
track:680, 870, 668, 138, 119
init :681, 872, 669, 143, 119
track:682, 872, 669, 143, 119
track:683, 870, 668, 143, 119
track:684, 869, 668, 143, 119
track:685, 868, 669, 143, 119
track:686, 868, 672, 143, 119
track:687, 869, 672, 143, 119
track:688, 865, 670, 150, 125
track:689, 864, 668, 150, 125
track:690, 863, 666, 150, 125
init :691, 858, 667, 152, 114
track:692, 858, 667, 152, 114
track:693, 858, 665, 152, 114
track:694, 858, 665, 152, 114
track:695, 859, 665, 152, 114
track:696, 858, 663, 152, 114
track:697, 857, 663, 152, 114
track:698, 855, 663, 152, 114
track:699, 853, 664, 152, 114
track:700, 853, 665, 152, 114
init :701, 853, 667, 152, 111
track:702, 853, 667, 152, 111
track:703, 853, 669, 152, 111
track:704, 852, 675, 152, 111
track:705, 850, 680, 152, 111
track:706, 850, 681, 152, 111
track:707, 850, 682, 152, 111
track:708, 848, 683, 152, 111
track:709, 849, 684, 152, 111
track:710, 849, 682, 152, 111
init :711, 853, 677, 147, 116
track:712, 852, 674, 147, 116
track:713, 852, 673, 147, 116
track:714, 852, 674, 147, 116
track:715, 851, 675, 147, 116
track:716, 851, 676, 147, 116
track:717, 851, 677, 147, 116
track:718, 853, 677, 147, 116
track:719, 853, 678, 147, 116
track:720, 853, 678, 147, 116
init :721, 853, 675, 147, 124
track:722, 853, 675, 147, 124
track:723, 853, 675, 147, 124
track:724, 854, 671, 147, 124
track:725, 854, 668, 147, 124
track:726, 854, 668, 147, 124
track:727, 854, 666, 147, 124
track:728, 855, 663, 147, 124
track:729, 852, 654, 154, 130
track:730, 852, 652, 154, 130
init :731, 858, 651, 152, 135
track:732, 859, 651, 152, 135
track:733, 858, 649, 152, 135
track:734, 859, 645, 152, 135
track:735, 860, 641, 152, 135
track:736, 860, 640, 152, 135
track:737, 860, 639, 152, 135
track:738, 859, 637, 152, 135
track:739, 858, 637, 152, 135
track:740, 860, 638, 152, 135
init :741, 853, 638, 166, 124
track:742, 849, 636, 174, 130
track:743, 847, 638, 174, 130
track:744, 847, 637, 174, 130
track:745, 849, 636, 174, 130
track:746, 848, 636, 174, 130
track:747, 853, 637, 166, 124
track:748, 852, 627, 166, 124
track:749, 851, 623, 166, 124
track:750, 849, 622, 166, 124
init :751, 849, 625, 156, 124
track:752, 848, 627, 156, 124
track:753, 850, 628, 156, 124
track:754, 851, 629, 156, 124
track:755, 853, 628, 156, 124
track:756, 854, 628, 156, 124
track:757, 855, 628, 156, 124
track:758, 854, 627, 156, 124
track:759, 854, 629, 156, 124
track:760, 855, 632, 156, 124
init :761, 858, 630, 152, 132
track:762, 860, 630, 152, 132
track:763, 861, 630, 152, 132
track:764, 863, 631, 152, 132
track:765, 862, 632, 152, 132
track:766, 862, 632, 152, 132
track:767, 860, 632, 152, 132
track:768, 861, 633, 152, 132
track:769, 862, 635, 152, 132
track:770, 864, 644, 152, 132
init :771, 867, 643, 147, 132
track:772, 868, 643, 147, 132
track:773, 868, 642, 147, 132
track:774, 869, 642, 147, 132
track:775, 869, 643, 147, 132
track:776, 870, 643, 147, 132
track:777, 870, 642, 147, 132
track:778, 870, 641, 147, 132
track:779, 872, 641, 147, 132
track:780, 873, 641, 147, 132
init :781, 881, 651, 133, 98
track:782, 881, 651, 133, 98
track:783, 880, 652, 133, 98
track:784, 880, 652, 133, 98
track:785, 879, 653, 133, 98
track:786, 879, 653, 133, 98
track:787, 878, 653, 133, 98
track:788, 881, 655, 127, 93
track:789, 881, 656, 127, 93
track:790, 880, 656, 127, 93
init :791, 876, 651, 133, 96
track:792, 876, 650, 133, 96
track:793, 872, 650, 140, 101
track:794, 871, 651, 140, 101
track:795, 872, 655, 140, 101
track:796, 872, 656, 140, 101
track:797, 876, 658, 133, 96
track:798, 876, 657, 133, 96
track:799, 872, 656, 140, 101
track:800, 872, 656, 140, 101
init :801, 876, 659, 133, 109
track:802, 876, 659, 133, 109
track:803, 875, 660, 133, 109
track:804, 873, 658, 140, 114
track:805, 871, 659, 140, 114
track:806, 871, 659, 140, 114
track:807, 871, 659, 140, 114
track:808, 870, 660, 140, 114
track:809, 870, 661, 140, 114
track:810, 870, 664, 140, 114
init :811, 872, 662, 138, 106
track:812, 870, 663, 138, 106
track:813, 869, 663, 138, 106
track:814, 868, 663, 138, 106
track:815, 864, 662, 145, 111
track:816, 864, 661, 145, 111
track:817, 865, 664, 145, 111
track:818, 866, 672, 138, 106
track:819, 865, 673, 138, 106
track:820, 861, 682, 145, 111
init :821, 853, 680, 147, 127
track:822, 853, 681, 147, 127
track:823, 852, 679, 147, 127
track:824, 852, 677, 147, 127
track:825, 851, 678, 147, 127
track:826, 851, 678, 147, 127
track:827, 851, 683, 147, 127
track:828, 850, 687, 147, 127
track:829, 851, 690, 147, 127
track:830, 853, 690, 147, 127
init :831, 853, 682, 161, 153
track:832, 853, 682, 161, 153
track:833, 857, 681, 161, 153
track:834, 853, 671, 169, 161
track:835, 852, 661, 169, 161
track:836, 852, 662, 169, 161
track:837, 851, 657, 169, 161
track:838, 851, 655, 169, 161
track:839, 849, 651, 169, 161
track:840, 848, 645, 169, 161
init :841, 840, 646, 180, 163
track:842, 839, 645, 180, 163
track:843, 837, 643, 180, 163
track:844, 836, 639, 180, 163
track:845, 831, 625, 180, 163
track:846, 831, 625, 180, 163
track:847, 830, 621, 180, 163
track:848, 829, 613, 180, 163
track:849, 829, 612, 180, 163
track:850, 823, 607, 189, 171
init :851, 821, 604, 198, 173
track:852, 825, 601, 198, 173
track:853, 829, 596, 198, 173
track:854, 831, 598, 198, 173
track:855, 832, 602, 198, 173
track:856, 831, 604, 198, 173
track:857, 832, 604, 198, 173
track:858, 831, 600, 198, 173
track:859, 832, 598, 198, 173
track:860, 832, 595, 198, 173
init :861, 835, 597, 193, 153
track:862, 835, 600, 193, 153
track:863, 837, 605, 193, 153
track:864, 837, 610, 193, 153
track:865, 838, 616, 193, 153
track:866, 837, 616, 193, 153
track:867, 838, 623, 193, 153
track:868, 838, 625, 193, 153
track:869, 839, 624, 193, 153
track:870, 839, 630, 193, 153
init :871, 849, 636, 166, 129
track:872, 849, 637, 166, 129
track:873, 850, 638, 166, 129
track:874, 851, 638, 166, 129
track:875, 856, 641, 158, 123
track:876, 857, 641, 158, 123
track:877, 858, 643, 158, 123
track:878, 859, 643, 158, 123
track:879, 860, 642, 158, 123
track:880, 861, 642, 158, 123
init :881, 863, 643, 147, 124
track:882, 863, 643, 147, 124
track:883, 865, 642, 147, 124
track:884, 867, 642, 147, 124
track:885, 869, 642, 147, 124
track:886, 869, 642, 147, 124
track:887, 870, 644, 147, 124
track:888, 870, 644, 147, 124
track:889, 875, 645, 140, 118
track:890, 877, 643, 140, 118
init :891, 876, 646, 133, 111
track:892, 877, 646, 133, 111
track:893, 879, 645, 133, 111
track:894, 878, 645, 133, 111
track:895, 878, 645, 133, 111
track:896, 879, 645, 133, 111
track:897, 880, 646, 133, 111
track:898, 877, 645, 133, 111
track:899, 875, 644, 133, 111
track:900, 878, 648, 127, 106
init :901, 881, 651, 124, 93
track:902, 880, 652, 124, 93
track:903, 880, 653, 124, 93
track:904, 881, 653, 124, 93
track:905, 880, 654, 124, 93
track:906, 881, 654, 124, 93
track:907, 856, 634, 124, 93
track:908, 847, 634, 124, 93
track:909, 849, 641, 124, 93
track:910, 842, 642, 124, 93
init :911, 803, 558, 290, 262
track:912, 797, 556, 304, 275
track:913, 797, 558, 304, 275
track:914, 798, 561, 304, 275
track:915, 799, 566, 304, 275
track:916, 806, 572, 290, 262
track:917, 800, 568, 304, 275
track:918, 807, 576, 290, 262
track:919, 814, 583, 276, 250
track:920, 805, 578, 290, 262
init :921, 807, 584, 290, 249
track:922, 803, 584, 290, 249
track:923, 799, 582, 290, 249
track:924, 795, 581, 290, 249
track:925, 789, 581, 290, 249
track:926, 788, 580, 290, 249
track:927, 786, 582, 290, 249
track:928, 778, 580, 290, 249
track:929, 774, 580, 290, 249
track:930, 770, 579, 290, 249
init :931, 770, 581, 304, 249
track:932, 771, 579, 304, 249
track:933, 772, 576, 304, 249
track:934, 772, 573, 304, 249
track:935, 773, 571, 304, 249
track:936, 775, 570, 304, 249
track:937, 776, 569, 304, 249
track:938, 775, 567, 304, 249
track:939, 776, 565, 304, 249
track:940, 777, 563, 304, 249
init :941, 775, 568, 318, 236
track:942, 776, 569, 318, 236
track:943, 776, 569, 318, 236
track:944, 776, 567, 318, 236
track:945, 777, 567, 318, 236
track:946, 776, 566, 318, 236
track:947, 774, 567, 318, 236
track:948, 770, 569, 318, 236
track:949, 767, 570, 318, 236
track:950, 762, 570, 318, 236
init :951, 752, 571, 355, 236
track:952, 750, 573, 355, 236
track:953, 750, 575, 355, 236
track:954, 750, 576, 355, 236
track:955, 749, 578, 355, 236
track:956, 752, 577, 355, 236
track:957, 749, 579, 355, 236
track:958, 751, 579, 355, 236
track:959, 750, 581, 355, 236
track:960, 749, 581, 355, 236
init :961, 747, 584, 383, 236
track:962, 746, 585, 383, 236
track:963, 744, 587, 383, 236
track:964, 744, 587, 383, 236
track:965, 743, 587, 383, 236
track:966, 741, 588, 383, 236
track:967, 739, 589, 383, 236
track:968, 737, 589, 383, 236
track:969, 729, 590, 383, 236
track:970, 729, 589, 383, 236
init :971, 706, 584, 438, 246
track:972, 703, 584, 438, 246
track:973, 700, 585, 438, 246
track:974, 701, 585, 438, 246
track:975, 697, 585, 438, 246
track:976, 696, 585, 438, 246
track:977, 696, 587, 438, 246
track:978, 693, 587, 438, 246
track:979, 693, 588, 438, 246
track:980, 694, 587, 438, 246
init :981, 692, 586, 470, 246
track:982, 693, 587, 470, 246
track:983, 694, 588, 470, 246
track:984, 695, 590, 470, 246
track:985, 698, 588, 470, 246
track:986, 700, 587, 470, 246
track:987, 700, 587, 470, 246
track:988, 702, 587, 470, 246
track:989, 704, 588, 470, 246
track:990, 706, 589, 470, 246
init :991, 701, 586, 507, 249
track:992, 702, 587, 507, 249
track:993, 703, 586, 507, 249
track:994, 705, 585, 507, 249
track:995, 704, 585, 507, 249
track:996, 705, 584, 507, 249
track:997, 721, 589, 483, 237
track:998, 721, 587, 483, 237
track:999, 713, 581, 507, 249
track:1000, 713, 579, 507, 249
init :1001, 733, 581, 498, 225
track:1002, 735, 581, 498, 225
track:1003, 739, 579, 498, 225
track:1004, 745, 577, 498, 225
track:1005, 745, 576, 498, 225
track:1006, 745, 573, 498, 225
track:1007, 747, 570, 498, 225
track:1008, 748, 568, 498, 225
track:1009, 760, 572, 474, 214
track:1010, 759, 571, 474, 214
init :1011, 761, 573, 484, 199
track:1012, 758, 573, 484, 199
track:1013, 752, 572, 484, 199
track:1014, 748, 571, 484, 199
track:1015, 758, 576, 461, 190
track:1016, 756, 575, 461, 190
track:1017, 752, 574, 461, 190
track:1018, 748, 575, 461, 190
track:1019, 748, 576, 461, 190
track:1020, 746, 576, 461, 190
init :1021, 752, 576, 466, 184
track:1022, 751, 575, 466, 184
track:1023, 749, 573, 466, 184
track:1024, 746, 572, 466, 184
track:1025, 749, 571, 466, 184
track:1026, 745, 571, 466, 184
track:1027, 752, 576, 444, 175
track:1028, 746, 577, 444, 175
track:1029, 742, 578, 444, 175
track:1030, 753, 584, 423, 167
init :1031, 752, 584, 433, 168
track:1032, 749, 585, 433, 168
track:1033, 746, 586, 433, 168
track:1034, 749, 591, 412, 160
track:1035, 738, 587, 433, 168
track:1036, 736, 588, 433, 168
track:1037, 735, 591, 433, 168
track:1038, 735, 594, 433, 168
track:1039, 735, 596, 433, 168
track:1040, 736, 597, 433, 168
init :1041, 738, 607, 438, 150
track:1042, 736, 606, 438, 150
track:1043, 724, 604, 460, 158
track:1044, 725, 607, 460, 158
track:1045, 736, 610, 438, 150
track:1046, 745, 615, 417, 143
track:1047, 746, 615, 417, 143
track:1048, 749, 615, 417, 143
track:1049, 744, 612, 438, 150
track:1050, 744, 612, 438, 150
init :1051, 756, 610, 452, 150
track:1052, 761, 607, 452, 150
track:1053, 768, 607, 452, 150
track:1054, 773, 608, 452, 150
track:1055, 777, 608, 452, 150
track:1056, 780, 607, 452, 150
track:1057, 785, 608, 452, 150
track:1058, 788, 609, 452, 150
track:1059, 790, 610, 452, 150
track:1060, 789, 611, 452, 150
init :1061, 798, 617, 438, 135
track:1062, 796, 618, 438, 135
track:1063, 797, 617, 438, 135
track:1064, 784, 615, 460, 142
track:1065, 782, 615, 460, 142
track:1066, 766, 610, 483, 149
track:1067, 759, 609, 483, 149
track:1068, 759, 612, 460, 142
track:1069, 740, 610, 483, 149
track:1070, 734, 610, 483, 149
init :1071, 752, 623, 443, 124
track:1072, 745, 622, 443, 124
track:1073, 721, 620, 465, 130
track:1074, 711, 619, 465, 130
track:1075, 708, 619, 465, 130
track:1076, 697, 619, 465, 130
track:1077, 690, 620, 465, 130
track:1078, 675, 618, 465, 130
track:1079, 667, 619, 465, 130
track:1080, 664, 619, 465, 130
init :1081, 673, 625, 443, 135
track:1082, 667, 626, 443, 135
track:1083, 663, 628, 443, 135
track:1084, 662, 629, 443, 135
track:1085, 662, 629, 443, 135
track:1086, 664, 629, 443, 135
track:1087, 666, 630, 443, 135
track:1088, 655, 627, 465, 142
track:1089, 655, 628, 465, 142
track:1090, 645, 625, 488, 149
init :1091, 673, 628, 452, 137
track:1092, 664, 624, 475, 144
track:1093, 669, 623, 475, 144
track:1094, 670, 623, 475, 144
track:1095, 670, 625, 475, 144
track:1096, 673, 623, 475, 144
track:1097, 674, 625, 475, 144
track:1098, 688, 628, 452, 137
track:1099, 690, 628, 452, 137
track:1100, 699, 630, 430, 130
init :1101, 692, 625, 461, 163
track:1102, 692, 624, 461, 163
track:1103, 693, 625, 461, 163
track:1104, 687, 625, 461, 163
track:1105, 701, 629, 439, 155
track:1106, 702, 628, 439, 155
track:1107, 700, 628, 439, 155
track:1108, 699, 629, 439, 155
track:1109, 697, 630, 439, 155
track:1110, 693, 630, 439, 155
init :1111, 692, 633, 447, 166
track:1112, 693, 634, 447, 166
track:1113, 688, 634, 447, 166
track:1114, 683, 633, 447, 166
track:1115, 696, 638, 426, 158
track:1116, 699, 639, 426, 158
track:1117, 693, 639, 426, 158
track:1118, 700, 644, 405, 151
track:1119, 695, 644, 405, 151
track:1120, 694, 642, 405, 151
init :1121, 701, 628, 401, 184
track:1122, 701, 628, 401, 184
track:1123, 697, 627, 401, 184
track:1124, 693, 627, 401, 184
track:1125, 693, 626, 401, 184
track:1126, 697, 626, 401, 184
track:1127, 699, 627, 401, 184
track:1128, 699, 628, 401, 184
track:1129, 706, 626, 401, 184
track:1130, 703, 626, 401, 184
init :1131, 775, 625, 309, 179
track:1132, 777, 625, 309, 179
track:1133, 785, 629, 294, 170
track:1134, 788, 629, 294, 170
track:1135, 785, 627, 294, 170
track:1136, 790, 628, 294, 170
track:1137, 785, 629, 294, 170
track:1138, 786, 631, 280, 162
track:1139, 783, 629, 280, 162
track:1140, 784, 630, 280, 162
init :1141, 830, 630, 216, 181
track:1142, 826, 630, 216, 181
track:1143, 816, 630, 216, 181
track:1144, 807, 631, 216, 181
track:1145, 806, 632, 216, 181
track:1146, 798, 631, 216, 181
track:1147, 791, 631, 216, 181
track:1148, 785, 637, 206, 172
track:1149, 775, 631, 216, 181
track:1150, 777, 631, 216, 181
init :1151, 789, 633, 203, 173
track:1152, 790, 634, 203, 173
track:1153, 784, 634, 203, 173
track:1154, 782, 637, 203, 173
track:1155, 782, 637, 203, 173
track:1156, 784, 640, 203, 173
track:1157, 788, 640, 203, 173
track:1158, 788, 641, 203, 173
track:1159, 785, 639, 203, 173
track:1160, 786, 638, 203, 173
init :1161, 780, 636, 272, 176
track:1162, 783, 636, 272, 176
track:1163, 789, 636, 272, 176
track:1164, 789, 635, 272, 176
track:1165, 789, 635, 272, 176
track:1166, 785, 636, 272, 176
track:1167, 787, 638, 272, 176
track:1168, 781, 637, 272, 176
track:1169, 780, 638, 272, 176
track:1170, 778, 639, 272, 176
init :1171, 761, 638, 346, 168
track:1172, 761, 639, 346, 168
track:1173, 761, 639, 346, 168
track:1174, 762, 639, 346, 168
track:1175, 763, 639, 346, 168
track:1176, 766, 636, 346, 168
track:1177, 767, 636, 346, 168
track:1178, 765, 636, 346, 168
track:1179, 763, 633, 346, 168
track:1180, 768, 631, 346, 168
init :1181, 766, 636, 383, 150
track:1182, 760, 633, 402, 158
track:1183, 773, 637, 383, 150
track:1184, 776, 637, 383, 150
track:1185, 768, 633, 402, 158
track:1186, 771, 634, 402, 158
track:1187, 775, 634, 402, 158
track:1188, 763, 632, 402, 158
track:1189, 762, 630, 402, 158
track:1190, 764, 631, 402, 158
init :1191, 793, 633, 387, 127
track:1192, 790, 631, 387, 127
track:1193, 790, 630, 387, 127
track:1194, 786, 629, 387, 127
track:1195, 786, 628, 387, 127
track:1196, 791, 631, 369, 121
track:1197, 795, 629, 369, 121
track:1198, 786, 624, 387, 127
track:1199, 781, 626, 387, 127
track:1200, 778, 625, 387, 127
init :1201, 798, 630, 364, 109
track:1202, 798, 630, 364, 109
track:1203, 799, 630, 364, 109
track:1204, 813, 633, 347, 104
track:1205, 813, 633, 347, 104
track:1206, 818, 633, 347, 104
track:1207, 822, 634, 347, 104
track:1208, 826, 634, 347, 104
track:1209, 826, 634, 347, 104
track:1210, 833, 634, 347, 104
init :1211, 853, 636, 346, 103
track:1212, 864, 638, 330, 98
track:1213, 866, 639, 330, 98
track:1214, 874, 641, 314, 93
track:1215, 867, 640, 330, 98
track:1216, 867, 641, 330, 98
track:1217, 872, 643, 314, 93
track:1218, 872, 644, 314, 93
track:1219, 871, 645, 314, 93
track:1220, 869, 645, 314, 93
init :1221, 881, 651, 313, 98
track:1222, 888, 654, 298, 93
track:1223, 888, 655, 298, 93
track:1224, 887, 655, 298, 93
track:1225, 895, 657, 284, 89
track:1226, 894, 658, 284, 89
track:1227, 901, 660, 270, 85
track:1228, 900, 660, 270, 85
track:1229, 900, 660, 270, 85
track:1230, 896, 661, 270, 85
init :1231, 909, 659, 267, 98
track:1232, 907, 659, 267, 98
track:1233, 905, 660, 267, 98
track:1234, 911, 664, 254, 93
track:1235, 915, 668, 242, 89
track:1236, 917, 670, 231, 85
track:1237, 913, 669, 231, 85
track:1238, 917, 671, 220, 81
track:1239, 916, 670, 220, 81
track:1240, 920, 672, 209, 77
init :1241, 927, 667, 212, 96
track:1242, 925, 667, 212, 96
track:1243, 925, 669, 212, 96
track:1244, 925, 669, 212, 96
track:1245, 928, 673, 202, 91
track:1246, 927, 673, 202, 91
track:1247, 926, 676, 192, 87
track:1248, 917, 673, 202, 91
track:1249, 917, 673, 202, 91
track:1250, 916, 672, 202, 91
init :1251, 950, 667, 156, 93
track:1252, 948, 668, 149, 89
track:1253, 943, 666, 149, 89
track:1254, 943, 666, 149, 89
track:1255, 938, 665, 149, 89
track:1256, 931, 662, 149, 89
track:1257, 924, 660, 149, 89
track:1258, 919, 659, 149, 89
track:1259, 923, 660, 141, 84
track:1260, 924, 662, 135, 80
init :1261, 793, 589, 73, 51
track:1262, 820, 590, 73, 51
track:1263, 846, 588, 77, 54
track:1264, 847, 588, 77, 54
track:1265, 861, 589, 77, 54
track:1266, 894, 589, 77, 54
track:1267, 918, 589, 77, 54
track:1268, 917, 583, 73, 51
track:1269, 919, 584, 70, 49
track:1270, 940, 586, 70, 49
init :1271, 941, 656, 110, 77
track:1272, 938, 655, 110, 77
track:1273, 934, 655, 110, 77
track:1274, 934, 655, 110, 77
track:1275, 928, 654, 110, 77
track:1276, 925, 653, 110, 77
track:1277, 919, 654, 110, 77
track:1278, 914, 658, 105, 73
track:1279, 913, 657, 105, 73
track:1280, 907, 659, 100, 70
init :1281, 900, 659, 129, 77
track:1282, 893, 660, 129, 77
track:1283, 890, 660, 129, 77
track:1284, 890, 660, 129, 77
track:1285, 880, 660, 129, 77
track:1286, 878, 659, 129, 77
track:1287, 875, 658, 129, 77
track:1288, 873, 657, 129, 77
track:1289, 874, 658, 129, 77
track:1290, 873, 658, 129, 77
init :1291, 867, 659, 143, 75
track:1292, 866, 659, 143, 75
track:1293, 864, 659, 143, 75
track:1294, 864, 659, 143, 75
track:1295, 863, 659, 143, 75
track:1296, 859, 658, 150, 79
track:1297, 863, 658, 143, 75
track:1298, 862, 658, 143, 75
track:1299, 862, 657, 143, 75
track:1300, 863, 658, 143, 75
init :1301, 863, 662, 152, 64
track:1302, 864, 662, 152, 64
track:1303, 863, 662, 152, 64
track:1304, 863, 662, 152, 64
track:1305, 864, 662, 152, 64
track:1306, 866, 662, 152, 64
track:1307, 866, 663, 152, 64
track:1308, 866, 664, 152, 64
track:1309, 867, 664, 152, 64
track:1310, 868, 663, 152, 64
init :1311, 867, 667, 161, 59
track:1312, 866, 667, 161, 59
track:1313, 866, 667, 161, 59
track:1314, 865, 667, 161, 59
track:1315, 870, 669, 153, 56
track:1316, 868, 670, 153, 56
track:1317, 866, 670, 153, 56
track:1318, 865, 671, 153, 56
track:1319, 865, 671, 153, 56
track:1320, 863, 672, 153, 56
init :1321, 858, 672, 166, 54
track:1322, 859, 672, 166, 54
track:1323, 864, 674, 166, 54
track:1324, 867, 675, 158, 51
track:1325, 867, 676, 158, 51
track:1326, 868, 676, 158, 51
track:1327, 867, 676, 166, 54
track:1328, 872, 678, 158, 51
track:1329, 872, 679, 158, 51
track:1330, 871, 679, 158, 51
init :1331, 867, 677, 166, 49
track:1332, 865, 677, 166, 49
track:1333, 863, 677, 166, 49
track:1334, 863, 677, 166, 49
track:1335, 858, 677, 166, 49
track:1336, 853, 678, 166, 49
track:1337, 849, 678, 166, 49
track:1338, 847, 678, 166, 49
track:1339, 846, 678, 166, 49
track:1340, 846, 678, 166, 49
init :1341, 844, 677, 175, 49
track:1342, 843, 676, 175, 49
track:1343, 843, 676, 175, 49
track:1344, 843, 677, 175, 49
track:1345, 843, 676, 175, 49
track:1346, 843, 677, 175, 49
track:1347, 843, 677, 175, 49
track:1348, 843, 677, 175, 49
track:1349, 843, 677, 175, 49
track:1350, 839, 676, 184, 51
init :1351, 849, 680, 175, 49
track:1352, 848, 680, 175, 49
track:1353, 848, 680, 175, 49
track:1354, 848, 680, 175, 49
track:1355, 848, 680, 175, 49
track:1356, 853, 682, 167, 47
track:1357, 857, 683, 159, 44
track:1358, 856, 683, 159, 44
track:1359, 859, 684, 151, 42
track:1360, 858, 684, 151, 42
init :1361, 849, 685, 180, 49
track:1362, 848, 686, 180, 49
track:1363, 850, 687, 180, 49
track:1364, 855, 688, 171, 47
track:1365, 855, 688, 171, 47
track:1366, 850, 687, 180, 49
track:1367, 850, 687, 180, 49
track:1368, 844, 687, 189, 51
track:1369, 844, 687, 189, 51
track:1370, 843, 688, 189, 51
init :1371, 844, 690, 180, 62
track:1372, 842, 690, 180, 62
track:1373, 841, 691, 180, 62
track:1374, 840, 692, 180, 62
track:1375, 838, 692, 180, 62
track:1376, 836, 692, 180, 62
track:1377, 835, 692, 180, 62
track:1378, 831, 693, 180, 62
track:1379, 831, 693, 180, 62
track:1380, 827, 694, 180, 62
init :1381, 816, 695, 193, 62
track:1382, 814, 696, 193, 62
track:1383, 812, 696, 193, 62
track:1384, 810, 697, 193, 62
track:1385, 813, 699, 184, 59
track:1386, 809, 698, 193, 62
track:1387, 810, 699, 193, 62
track:1388, 813, 700, 193, 62
track:1389, 815, 701, 193, 62
track:1390, 817, 702, 193, 62
init :1391, 821, 706, 198, 59
track:1392, 823, 706, 198, 59
track:1393, 831, 708, 189, 56
track:1394, 834, 709, 189, 56
track:1395, 840, 710, 180, 54
track:1396, 840, 711, 180, 54
track:1397, 839, 712, 180, 54
track:1398, 835, 711, 189, 56
track:1399, 835, 712, 189, 56
track:1400, 832, 713, 189, 56
init :1401, 821, 711, 203, 64
track:1402, 811, 709, 213, 67
track:1403, 808, 710, 213, 67
track:1404, 806, 710, 213, 67
track:1405, 801, 711, 213, 67
track:1406, 800, 711, 213, 67
track:1407, 798, 712, 213, 67
track:1408, 794, 712, 213, 67
track:1409, 793, 712, 213, 67
track:1410, 793, 713, 213, 67
init :1411, 793, 713, 230, 75
track:1412, 792, 713, 230, 75
track:1413, 794, 714, 230, 75
track:1414, 794, 715, 230, 75
track:1415, 796, 715, 230, 75
track:1416, 797, 716, 230, 75
track:1417, 797, 715, 230, 75
track:1418, 793, 715, 230, 75
track:1419, 794, 716, 230, 75
track:1420, 793, 716, 230, 75
init :1421, 789, 719, 249, 80
track:1422, 787, 719, 249, 80
track:1423, 780, 717, 261, 84
track:1424, 780, 717, 261, 84
track:1425, 789, 719, 249, 80
track:1426, 790, 720, 249, 80
track:1427, 788, 721, 249, 80
track:1428, 789, 721, 249, 80
track:1429, 783, 719, 261, 84
track:1430, 783, 720, 261, 84
init :1431, 789, 719, 249, 98
track:1432, 793, 720, 237, 93
track:1433, 793, 721, 237, 93
track:1434, 793, 721, 237, 93
track:1435, 790, 723, 237, 93
track:1436, 788, 724, 237, 93
track:1437, 786, 725, 237, 93
track:1438, 781, 724, 249, 98
track:1439, 786, 727, 237, 93
track:1440, 785, 729, 237, 93
init :1441, 784, 724, 244, 109
track:1442, 780, 724, 244, 109
track:1443, 778, 724, 244, 109
track:1444, 777, 724, 244, 109
track:1445, 772, 724, 244, 109
track:1446, 765, 725, 244, 109
track:1447, 762, 724, 244, 109
track:1448, 760, 724, 244, 109
track:1449, 759, 724, 244, 109
track:1450, 760, 722, 244, 109
init :1451, 770, 713, 235, 127
track:1452, 771, 713, 235, 127
track:1453, 775, 713, 235, 127
track:1454, 783, 717, 224, 121
track:1455, 784, 715, 235, 127
track:1456, 788, 714, 235, 127
track:1457, 790, 713, 235, 127
track:1458, 794, 714, 235, 127
track:1459, 794, 714, 235, 127
track:1460, 803, 718, 224, 121
init :1461, 830, 711, 207, 142
track:1462, 831, 711, 207, 142
track:1463, 831, 711, 207, 142
track:1464, 830, 711, 207, 142
track:1465, 834, 712, 207, 142
track:1466, 832, 713, 207, 142
track:1467, 834, 714, 197, 135
track:1468, 832, 710, 207, 142
track:1469, 829, 711, 207, 142
track:1470, 818, 705, 217, 149
init :1471, 853, 693, 161, 163
track:1472, 851, 690, 161, 163
track:1473, 850, 689, 161, 163
track:1474, 846, 687, 161, 163
track:1475, 843, 684, 161, 163
track:1476, 841, 683, 161, 163
track:1477, 841, 681, 161, 163
track:1478, 844, 681, 161, 163
track:1479, 842, 678, 161, 163
track:1480, 842, 675, 161, 163
init :1481, 844, 664, 203, 168
track:1482, 850, 661, 203, 168
track:1483, 850, 660, 203, 168
track:1484, 854, 661, 203, 168
track:1485, 857, 660, 203, 168
track:1486, 861, 659, 203, 168
track:1487, 866, 658, 203, 168
track:1488, 865, 657, 203, 168
track:1489, 868, 656, 203, 168
track:1490, 869, 655, 203, 168
init :1491, 867, 654, 263, 160
track:1492, 870, 653, 263, 160
track:1493, 868, 652, 263, 160
track:1494, 867, 650, 263, 160
track:1495, 865, 647, 263, 160
track:1496, 864, 644, 263, 160
track:1497, 858, 639, 263, 160
track:1498, 858, 638, 263, 160
track:1499, 861, 639, 263, 160
track:1500, 847, 633, 263, 160
init :1501, 835, 641, 300, 132
track:1502, 833, 639, 300, 132
track:1503, 832, 638, 300, 132
track:1504, 830, 636, 300, 132
track:1505, 825, 631, 300, 132
track:1506, 823, 629, 300, 132
track:1507, 822, 626, 300, 132
track:1508, 820, 625, 300, 132
track:1509, 820, 622, 300, 132
track:1510, 819, 620, 300, 132
init :1511, 826, 623, 309, 116
track:1512, 822, 622, 309, 116
track:1513, 821, 621, 309, 116
track:1514, 803, 621, 309, 116
track:1515, 780, 619, 309, 116
track:1516, 757, 620, 309, 116
track:1517, 729, 621, 309, 116
track:1518, 738, 624, 294, 110
track:1519, 714, 623, 294, 110
track:1520, 687, 624, 294, 110
init :1521, 683, 625, 276, 103
track:1522, 670, 626, 276, 103
track:1523, 669, 626, 276, 103
track:1524, 660, 626, 276, 103
track:1525, 663, 628, 263, 98
track:1526, 664, 628, 263, 98
track:1527, 676, 630, 250, 93
track:1528, 676, 629, 250, 93
track:1529, 701, 629, 250, 93
track:1530, 729, 631, 238, 89
init :1531, 761, 633, 249, 85
track:1532, 787, 633, 249, 85
track:1533, 787, 633, 249, 85
track:1534, 818, 635, 237, 81
track:1535, 841, 635, 237, 81
track:1536, 865, 635, 237, 81
track:1537, 881, 635, 237, 81
track:1538, 881, 636, 237, 81
track:1539, 890, 637, 237, 81
track:1540, 892, 636, 249, 85
init :1541, 909, 643, 230, 75
track:1542, 909, 643, 230, 75
track:1543, 909, 643, 230, 75
track:1544, 909, 644, 230, 75
track:1545, 905, 645, 230, 75
track:1546, 901, 646, 230, 75
track:1547, 893, 648, 230, 75
track:1548, 891, 650, 230, 75
track:1549, 890, 653, 219, 71
track:1550, 876, 655, 219, 71
init :1551, 876, 662, 221, 70
track:1552, 872, 663, 221, 70
track:1553, 871, 663, 221, 70
track:1554, 869, 664, 221, 70
track:1555, 872, 667, 210, 67
track:1556, 871, 667, 210, 67
track:1557, 877, 670, 200, 63
track:1558, 878, 670, 200, 63
track:1559, 880, 669, 200, 63
track:1560, 883, 671, 200, 63
init :1561, 900, 667, 189, 70
track:1562, 900, 668, 189, 70
track:1563, 901, 669, 189, 70
track:1564, 902, 669, 189, 70
track:1565, 903, 669, 189, 70
track:1566, 907, 670, 180, 67
track:1567, 906, 671, 180, 67
track:1568, 906, 671, 180, 67
track:1569, 909, 672, 171, 63
track:1570, 907, 673, 171, 63
init :1571, 913, 672, 166, 75
track:1572, 912, 673, 166, 75
track:1573, 912, 672, 166, 75
track:1574, 911, 673, 166, 75
track:1575, 911, 675, 158, 71
track:1576, 907, 676, 158, 71
track:1577, 904, 675, 158, 71
track:1578, 904, 675, 158, 71
track:1579, 902, 676, 158, 71
track:1580, 899, 677, 158, 71
init :1581, 904, 675, 138, 72
track:1582, 902, 675, 138, 72
track:1583, 902, 675, 138, 72
track:1584, 902, 676, 138, 72
track:1585, 899, 676, 138, 72
track:1586, 898, 676, 138, 72
track:1587, 902, 679, 131, 69
track:1588, 902, 679, 131, 69
track:1589, 901, 678, 131, 69
track:1590, 901, 678, 131, 69
init :1591, 904, 680, 129, 72
track:1592, 904, 680, 129, 72
track:1593, 903, 680, 129, 72
track:1594, 902, 681, 129, 72
track:1595, 901, 682, 129, 72
track:1596, 901, 684, 123, 69
track:1599, 898, 684, 123, 69
track:1600, 897, 685, 123, 69
init :1601, 913, 680, 101, 72
track:1602, 912, 680, 101, 72
track:1603, 912, 680, 101, 72
track:1604, 909, 680, 101, 72
track:1605, 910, 682, 96, 69
track:1606, 908, 683, 96, 69
track:1607, 905, 683, 96, 69
track:1608, 904, 684, 96, 69
elapseTime: 21.665
