init :7, 821, 630, 235, 197
track:8, 821, 630, 235, 197
track:9, 822, 630, 235, 197
track:10, 821, 631, 235, 197
track:11, 823, 630, 235, 197
track:12, 823, 630, 235, 197
track:13, 824, 630, 235, 197
track:14, 824, 630, 235, 197
track:15, 824, 630, 235, 197
track:16, 825, 630, 235, 197
track:17, 826, 630, 235, 197
track:18, 825, 630, 235, 197
track:19, 825, 629, 235, 197
track:20, 821, 626, 247, 207
track:21, 820, 626, 247, 207
track:22, 827, 631, 235, 197
track:23, 828, 631, 235, 197
track:24, 827, 631, 235, 197
track:25, 828, 630, 235, 197
track:26, 829, 631, 235, 197
track:27, 829, 631, 235, 197
track:28, 829, 631, 235, 197
track:29, 829, 630, 235, 197
track:30, 829, 630, 235, 197
track:31, 830, 629, 235, 197
track:32, 831, 631, 235, 197
track:33, 829, 630, 235, 197
track:34, 830, 631, 235, 197
track:35, 830, 630, 235, 197
track:36, 830, 631, 235, 197
init :37, 826, 633, 240, 194
track:38, 827, 633, 240, 194
track:39, 827, 633, 240, 194
track:40, 828, 633, 240, 194
track:41, 828, 633, 240, 194
track:42, 828, 633, 240, 194
track:43, 828, 632, 240, 194
track:44, 828, 632, 240, 194
track:45, 829, 632, 240, 194
track:46, 834, 637, 229, 185
track:48, 828, 632, 240, 194
track:49, 828, 632, 240, 194
track:50, 828, 632, 240, 194
track:51, 828, 631, 240, 194
track:52, 828, 631, 240, 194
track:53, 828, 631, 240, 194
track:54, 828, 631, 240, 194
track:55, 828, 631, 240, 194
track:56, 829, 631, 240, 194
track:57, 829, 631, 240, 194
track:58, 829, 630, 240, 194
track:59, 829, 630, 240, 194
track:60, 830, 630, 240, 194
track:61, 835, 635, 229, 185
track:62, 833, 635, 229, 185
track:63, 833, 635, 229, 185
track:64, 833, 635, 229, 185
track:65, 833, 636, 229, 185
track:66, 826, 631, 240, 194
track:67, 825, 631, 240, 194
track:68, 825, 631, 240, 194
track:69, 825, 631, 240, 194
track:70, 825, 631, 240, 194
track:71, 826, 630, 240, 194
track:72, 826, 630, 240, 194
init :73, 826, 630, 235, 197
track:74, 826, 630, 235, 197
track:75, 826, 630, 235, 197
track:76, 825, 631, 235, 197
track:77, 826, 631, 235, 197
track:78, 824, 631, 235, 197
track:79, 825, 631, 235, 197
track:80, 826, 631, 235, 197
track:81, 824, 631, 235, 197
track:82, 825, 630, 235, 197
track:83, 826, 631, 235, 197
track:84, 825, 631, 235, 197
track:85, 825, 631, 235, 197
track:86, 825, 632, 235, 197
track:87, 825, 631, 235, 197
track:88, 825, 632, 235, 197
track:89, 825, 631, 235, 197
track:90, 825, 632, 235, 197
track:91, 826, 630, 235, 197
track:92, 826, 630, 235, 197
track:93, 825, 631, 235, 197
track:94, 827, 631, 235, 197
track:95, 827, 630, 235, 197
track:96, 826, 630, 235, 197
track:97, 827, 630, 235, 197
track:98, 829, 630, 235, 197
track:99, 828, 630, 235, 197
track:100, 829, 631, 235, 197
track:101, 828, 629, 235, 197
track:102, 830, 630, 235, 197
track:103, 829, 628, 235, 197
track:104, 830, 628, 235, 197
track:105, 831, 628, 235, 197
track:106, 831, 626, 235, 197
track:107, 833, 625, 235, 197
track:108, 834, 623, 235, 197
init :109, 835, 623, 235, 194
track:110, 835, 622, 235, 194
track:111, 835, 620, 235, 194
track:112, 836, 618, 235, 194
track:113, 837, 616, 235, 194
track:114, 836, 617, 235, 194
track:115, 837, 615, 235, 194
track:116, 838, 613, 235, 194
track:117, 844, 615, 224, 185
track:120, 845, 613, 224, 185
track:121, 848, 610, 224, 185
track:122, 847, 608, 224, 185
track:123, 845, 607, 224, 185
track:124, 847, 606, 224, 185
track:125, 851, 609, 213, 176
track:126, 850, 606, 213, 176
track:127, 852, 609, 203, 168
track:128, 858, 611, 193, 160
track:129, 857, 612, 193, 160
track:130, 857, 613, 193, 160
track:131, 857, 613, 193, 160
track:132, 860, 617, 193, 160
track:133, 856, 615, 203, 168
track:134, 856, 616, 203, 168
track:135, 856, 617, 203, 168
track:136, 857, 618, 203, 168
track:137, 858, 620, 203, 168
track:138, 858, 620, 203, 168
track:139, 858, 621, 203, 168
track:140, 858, 620, 203, 168
track:141, 858, 619, 203, 168
track:142, 856, 620, 203, 168
track:143, 854, 621, 203, 168
track:144, 855, 620, 203, 168
init :145, 858, 625, 180, 150
track:146, 858, 625, 180, 150
track:147, 859, 627, 180, 150
track:148, 860, 629, 180, 150
track:149, 864, 633, 171, 143
track:150, 864, 636, 171, 143
track:151, 865, 639, 171, 143
track:152, 865, 642, 171, 143
track:153, 865, 644, 171, 143
track:154, 860, 641, 180, 150
track:155, 861, 642, 180, 150
track:156, 861, 644, 180, 150
track:157, 862, 645, 180, 150
track:158, 862, 646, 180, 150
track:159, 862, 646, 180, 150
track:160, 862, 646, 180, 150
track:161, 860, 647, 180, 150
track:162, 856, 647, 180, 150
track:163, 861, 649, 171, 143
track:164, 861, 650, 171, 143
track:165, 861, 651, 171, 143
track:166, 861, 651, 171, 143
track:167, 866, 654, 163, 136
track:168, 866, 654, 163, 136
track:169, 866, 654, 163, 136
track:170, 867, 653, 163, 136
track:171, 868, 652, 163, 136
track:172, 869, 651, 163, 136
track:173, 869, 651, 163, 136
track:174, 869, 651, 163, 136
track:175, 867, 651, 163, 136
track:176, 863, 651, 163, 136
track:177, 864, 651, 163, 136
track:178, 866, 652, 163, 136
track:179, 867, 651, 163, 136
track:180, 869, 653, 163, 136
init :181, 867, 656, 161, 150
track:182, 867, 658, 161, 150
track:183, 869, 661, 161, 150
track:184, 869, 661, 161, 150
track:185, 870, 664, 161, 150
track:186, 864, 659, 169, 158
track:187, 860, 654, 169, 158
track:188, 857, 652, 169, 158
track:189, 855, 652, 169, 158
track:190, 858, 654, 161, 150
track:191, 857, 651, 161, 150
track:192, 857, 646, 161, 150
track:193, 856, 646, 161, 150
track:194, 856, 644, 161, 150
track:195, 857, 643, 161, 150
track:196, 858, 642, 161, 150
track:197, 859, 640, 161, 150
track:198, 857, 641, 161, 150
track:199, 855, 642, 161, 150
track:200, 853, 642, 161, 150
track:201, 852, 642, 161, 150
track:202, 850, 641, 161, 150
track:203, 851, 638, 161, 150
track:204, 851, 638, 161, 150
track:205, 851, 636, 161, 150
track:206, 852, 634, 161, 150
track:207, 851, 632, 161, 150
track:208, 854, 636, 153, 143
track:209, 852, 633, 153, 143
track:210, 851, 629, 153, 143
track:211, 849, 627, 153, 143
track:212, 849, 625, 153, 143
track:213, 850, 624, 153, 143
track:214, 853, 627, 146, 136
track:215, 853, 626, 146, 136
track:216, 852, 624, 146, 136
init :217, 849, 630, 147, 124
track:218, 849, 630, 147, 124
track:219, 849, 631, 147, 124
track:220, 849, 636, 147, 124
track:221, 848, 638, 147, 124
track:222, 848, 640, 147, 124
track:223, 848, 641, 147, 124
track:224, 848, 643, 147, 124
track:225, 848, 644, 147, 124
track:226, 848, 645, 147, 124
track:227, 852, 648, 140, 118
track:228, 852, 648, 140, 118
track:229, 851, 649, 140, 118
track:230, 852, 649, 140, 118
track:231, 852, 648, 140, 118
track:232, 851, 645, 140, 118
track:233, 850, 645, 140, 118
track:234, 853, 647, 133, 112
track:235, 853, 647, 133, 112
track:236, 853, 645, 133, 112
track:237, 856, 645, 133, 112
track:238, 855, 645, 133, 112
track:239, 857, 647, 133, 112
track:240, 858, 648, 133, 112
track:241, 858, 650, 133, 112
track:242, 862, 653, 127, 107
track:243, 862, 653, 127, 107
track:244, 861, 652, 127, 107
track:245, 861, 654, 127, 107
track:246, 862, 654, 127, 107
track:247, 862, 654, 127, 107
track:248, 863, 654, 127, 107
track:249, 861, 655, 127, 107
track:250, 862, 656, 127, 107
track:251, 862, 657, 127, 107
track:252, 863, 659, 127, 107
init :253, 867, 659, 120, 101
track:254, 868, 662, 120, 101
track:255, 869, 665, 120, 101
track:256, 868, 666, 120, 101
track:257, 870, 670, 120, 101
track:258, 870, 671, 120, 101
track:259, 871, 673, 120, 101
track:260, 871, 674, 120, 101
track:261, 871, 675, 120, 101
track:262, 871, 675, 120, 101
track:263, 871, 676, 120, 101
track:264, 871, 678, 120, 101
track:265, 871, 679, 120, 101
track:266, 871, 680, 120, 101
track:267, 871, 682, 120, 101
track:268, 870, 682, 120, 101
track:269, 870, 683, 120, 101
track:270, 871, 685, 120, 101
track:271, 872, 689, 120, 101
track:272, 873, 692, 120, 101
track:273, 873, 693, 120, 101
track:274, 873, 694, 120, 101
track:275, 870, 693, 126, 106
track:276, 871, 696, 126, 106
track:277, 873, 700, 126, 106
track:278, 870, 698, 132, 111
track:279, 868, 695, 139, 117
track:280, 870, 694, 139, 117
track:281, 871, 693, 139, 117
track:282, 869, 691, 146, 123
track:283, 868, 692, 146, 123
track:284, 870, 695, 146, 123
track:285, 872, 697, 146, 123
track:286, 874, 696, 146, 123
track:287, 875, 693, 146, 123
track:288, 873, 689, 153, 129
init :289, 872, 677, 161, 150
track:290, 872, 673, 161, 150
track:291, 872, 667, 161, 150
track:292, 870, 659, 169, 158
track:293, 871, 659, 169, 158
track:294, 871, 657, 169, 158
track:295, 869, 650, 178, 165
track:296, 871, 650, 178, 165
track:297, 866, 647, 186, 174
track:298, 861, 643, 196, 182
track:299, 859, 644, 196, 182
track:300, 858, 645, 196, 182
track:301, 855, 647, 196, 182
track:302, 850, 648, 205, 191
track:303, 845, 646, 216, 201
track:304, 843, 649, 216, 201
track:305, 837, 645, 227, 211
track:306, 831, 641, 238, 222
track:307, 830, 639, 238, 222
track:308, 831, 638, 238, 222
track:309, 825, 631, 250, 233
track:310, 823, 624, 250, 233
track:311, 822, 607, 250, 233
track:312, 824, 599, 250, 233
track:313, 828, 602, 238, 222
track:314, 830, 597, 238, 222
track:315, 828, 588, 238, 222
track:316, 830, 579, 238, 222
track:317, 832, 573, 238, 222
track:318, 833, 570, 238, 222
track:319, 834, 569, 238, 222
track:320, 844, 565, 227, 211
track:321, 847, 557, 227, 211
track:322, 853, 562, 216, 201
track:323, 853, 561, 216, 201
track:324, 852, 565, 216, 201
init :325, 853, 573, 198, 166
track:326, 853, 568, 198, 166
track:327, 852, 568, 198, 166
track:328, 851, 567, 198, 166
track:329, 853, 578, 189, 158
track:330, 850, 584, 189, 158
track:331, 845, 582, 198, 166
track:332, 843, 586, 198, 166
track:333, 844, 586, 198, 166
track:334, 842, 588, 198, 166
track:335, 842, 590, 198, 166
track:336, 842, 592, 198, 166
track:337, 842, 593, 198, 166
track:338, 842, 593, 198, 166
track:339, 848, 596, 189, 158
track:340, 849, 592, 189, 158
track:341, 850, 593, 189, 158
track:342, 849, 591, 189, 158
track:343, 853, 593, 180, 151
track:344, 853, 593, 180, 151
track:345, 853, 589, 180, 151
track:346, 854, 591, 180, 151
track:347, 857, 596, 171, 143
track:348, 856, 596, 171, 143
track:349, 857, 599, 171, 143
track:350, 862, 608, 163, 137
track:351, 863, 611, 163, 137
track:352, 864, 613, 163, 137
track:353, 864, 614, 163, 137
track:354, 864, 616, 163, 137
track:355, 863, 617, 163, 137
track:356, 867, 621, 155, 130
track:357, 867, 622, 155, 130
track:358, 866, 622, 155, 130
track:359, 866, 622, 155, 130
track:360, 868, 625, 148, 124
init :361, 872, 636, 138, 98
track:362, 871, 636, 138, 98
track:363, 871, 636, 138, 98
track:364, 871, 637, 138, 98
track:365, 871, 638, 138, 98
track:366, 871, 639, 138, 98
track:367, 871, 640, 138, 98
track:368, 871, 641, 138, 98
track:369, 870, 641, 138, 98
track:370, 869, 647, 138, 98
track:371, 868, 652, 138, 98
track:372, 871, 658, 131, 93
track:373, 870, 659, 131, 93
track:374, 870, 661, 131, 93
track:375, 868, 661, 131, 93
track:376, 866, 662, 131, 93
track:377, 865, 663, 131, 93
track:378, 864, 663, 131, 93
track:379, 864, 664, 131, 93
track:380, 864, 663, 131, 93
track:381, 864, 662, 131, 93
track:382, 861, 662, 131, 93
track:383, 860, 662, 131, 93
track:384, 862, 664, 125, 89
track:385, 861, 662, 125, 89
track:386, 864, 663, 119, 85
track:387, 864, 663, 119, 85
track:388, 864, 664, 119, 85
track:389, 863, 663, 119, 85
track:390, 863, 663, 119, 85
track:391, 864, 665, 119, 85
track:392, 863, 668, 119, 85
track:393, 863, 669, 119, 85
track:394, 863, 669, 119, 85
track:395, 866, 677, 114, 81
track:396, 867, 680, 114, 81
init :397, 867, 687, 110, 77
track:398, 867, 687, 110, 77
track:399, 869, 691, 110, 77
track:400, 870, 696, 110, 77
track:401, 871, 702, 110, 77
track:402, 872, 705, 110, 77
track:403, 873, 706, 110, 77
track:404, 873, 708, 110, 77
track:405, 874, 708, 110, 77
track:406, 874, 708, 110, 77
track:407, 875, 708, 110, 77
track:408, 875, 708, 110, 77
track:409, 875, 706, 110, 77
track:410, 876, 705, 110, 77
track:411, 877, 701, 110, 77
track:412, 881, 701, 105, 73
track:413, 878, 699, 110, 77
track:414, 878, 698, 110, 77
track:415, 878, 700, 110, 77
track:416, 878, 701, 110, 77
track:417, 878, 702, 110, 77
track:418, 879, 702, 110, 77
track:419, 879, 702, 110, 77
track:420, 878, 703, 110, 77
track:421, 876, 703, 110, 77
track:422, 875, 701, 110, 77
track:423, 875, 701, 110, 77
track:424, 875, 697, 110, 77
track:425, 874, 696, 110, 77
track:426, 874, 694, 110, 77
track:427, 873, 692, 110, 77
track:428, 872, 692, 110, 77
track:429, 872, 692, 110, 77
track:430, 872, 693, 110, 77
track:431, 872, 693, 110, 77
track:432, 870, 693, 110, 77
init :433, 872, 690, 110, 83
track:434, 871, 690, 110, 83
track:435, 871, 691, 110, 83
track:436, 871, 691, 110, 83
track:437, 870, 693, 110, 83
track:438, 870, 694, 110, 83
track:439, 871, 695, 110, 83
track:440, 872, 696, 110, 83
track:441, 872, 696, 110, 83
track:442, 872, 695, 110, 83
track:443, 873, 696, 110, 83
track:444, 873, 696, 110, 83
track:445, 873, 697, 110, 83
track:446, 874, 698, 110, 83
track:447, 873, 697, 110, 83
track:448, 873, 696, 110, 83
track:449, 873, 695, 110, 83
track:450, 873, 695, 110, 83
track:451, 874, 696, 110, 83
track:452, 875, 698, 110, 83
track:453, 876, 699, 110, 83
track:454, 877, 699, 110, 83
track:455, 877, 699, 110, 83
track:456, 877, 700, 110, 83
track:457, 875, 697, 115, 87
track:458, 874, 697, 115, 87
track:459, 875, 697, 115, 87
track:460, 872, 694, 121, 92
track:461, 872, 694, 121, 92
track:462, 873, 693, 121, 92
track:463, 872, 693, 121, 92
track:464, 871, 690, 121, 92
track:465, 871, 687, 121, 92
track:466, 869, 686, 127, 96
track:467, 869, 686, 127, 96
track:468, 869, 687, 127, 96
init :469, 867, 685, 129, 103
track:470, 868, 687, 129, 103
track:471, 869, 688, 129, 103
track:472, 869, 688, 129, 103
track:473, 869, 690, 129, 103
track:474, 870, 693, 129, 103
track:475, 869, 690, 135, 108
track:476, 871, 689, 135, 108
track:477, 871, 689, 135, 108
track:478, 872, 689, 135, 108
track:479, 874, 686, 135, 108
track:480, 876, 677, 135, 108
track:481, 874, 672, 142, 114
track:482, 874, 672, 142, 114
track:483, 873, 663, 149, 119
track:484, 874, 661, 149, 119
track:485, 876, 661, 149, 119
track:486, 876, 665, 149, 119
track:487, 876, 666, 149, 119
track:488, 876, 670, 149, 119
track:490, 871, 670, 157, 125
track:491, 869, 671, 157, 125
track:492, 867, 672, 157, 125
track:493, 864, 672, 157, 125
track:494, 864, 671, 157, 125
track:495, 860, 665, 157, 125
track:496, 858, 659, 157, 125
track:497, 858, 658, 157, 125
track:498, 857, 656, 157, 125
track:499, 856, 652, 157, 125
track:500, 855, 647, 157, 125
track:501, 854, 645, 157, 125
track:502, 854, 643, 157, 125
track:503, 854, 640, 157, 125
track:504, 854, 640, 157, 125
init :505, 853, 630, 156, 140
track:506, 852, 630, 156, 140
track:507, 853, 630, 156, 140
track:508, 848, 625, 164, 147
track:509, 848, 622, 164, 147
track:510, 848, 620, 164, 147
track:511, 848, 618, 164, 147
track:512, 851, 620, 156, 140
track:513, 851, 619, 156, 140
track:514, 851, 621, 156, 140
track:515, 852, 622, 156, 140
track:516, 851, 621, 156, 140
track:517, 855, 624, 149, 133
track:518, 855, 621, 149, 133
track:519, 855, 620, 149, 133
track:520, 855, 619, 149, 133
track:521, 855, 618, 149, 133
track:522, 856, 618, 149, 133
track:523, 858, 623, 141, 127
track:524, 859, 625, 141, 127
track:525, 861, 627, 141, 127
track:526, 862, 627, 141, 127
track:527, 866, 631, 135, 121
track:528, 866, 630, 135, 121
track:529, 865, 629, 135, 121
track:530, 870, 630, 128, 115
track:531, 869, 629, 128, 115
track:532, 870, 628, 128, 115
track:533, 872, 629, 128, 115
track:534, 872, 630, 128, 115
track:535, 872, 631, 128, 115
track:536, 875, 636, 122, 110
track:537, 875, 636, 122, 110
track:538, 876, 638, 122, 110
track:539, 877, 639, 122, 110
track:540, 880, 641, 116, 104
init :543, 876, 649, 120, 90
track:544, 876, 649, 120, 90
track:546, 875, 656, 120, 90
track:547, 874, 656, 120, 90
track:548, 873, 659, 120, 90
track:549, 873, 661, 120, 90
track:550, 872, 662, 120, 90
track:551, 874, 666, 114, 86
track:552, 874, 666, 114, 86
track:553, 873, 666, 114, 86
track:554, 872, 665, 114, 86
track:555, 872, 665, 114, 86
track:556, 871, 666, 114, 86
track:557, 871, 666, 114, 86
track:558, 870, 671, 114, 86
track:559, 873, 675, 109, 82
track:560, 874, 678, 109, 82
track:561, 876, 683, 104, 78
track:562, 876, 683, 104, 78
track:563, 876, 685, 104, 78
track:564, 876, 687, 104, 78
track:565, 875, 688, 104, 78
track:566, 877, 691, 99, 74
track:567, 877, 692, 99, 74
track:568, 878, 695, 99, 74
track:569, 879, 695, 99, 74
track:570, 878, 698, 99, 74
track:571, 878, 701, 99, 74
track:572, 878, 701, 99, 74
track:573, 879, 704, 99, 74
track:574, 880, 706, 99, 74
track:575, 881, 705, 99, 74
track:576, 877, 701, 104, 78
init :577, 872, 700, 101, 75
track:578, 872, 699, 101, 75
track:579, 873, 696, 101, 75
track:580, 874, 697, 101, 75
track:581, 874, 696, 101, 75
track:582, 874, 697, 101, 75
track:583, 874, 699, 101, 75
track:584, 874, 701, 101, 75
track:585, 874, 700, 101, 75
track:586, 873, 701, 101, 75
track:587, 871, 700, 106, 79
track:588, 871, 701, 106, 79
track:589, 872, 699, 106, 79
track:590, 871, 699, 106, 79
track:591, 870, 700, 106, 79
track:592, 869, 700, 106, 79
track:593, 868, 699, 106, 79
track:594, 868, 697, 106, 79
track:595, 865, 687, 111, 83
track:596, 864, 684, 111, 83
track:597, 864, 684, 111, 83
track:598, 864, 680, 111, 83
track:599, 863, 673, 111, 83
track:600, 863, 670, 111, 83
track:601, 864, 670, 111, 83
track:602, 864, 670, 111, 83
track:603, 864, 669, 111, 83
track:604, 863, 665, 111, 83
track:605, 863, 662, 111, 83
track:606, 862, 660, 111, 83
track:607, 862, 660, 111, 83
track:608, 863, 660, 111, 83
track:609, 863, 660, 111, 83
track:610, 860, 659, 117, 87
track:611, 860, 662, 117, 87
track:612, 861, 662, 117, 87
init :613, 863, 659, 129, 109
track:614, 864, 660, 129, 109
track:615, 864, 663, 129, 109
track:616, 863, 665, 129, 109
track:617, 863, 665, 129, 109
track:618, 864, 666, 129, 109
track:619, 860, 662, 135, 114
track:620, 862, 661, 135, 114
track:621, 862, 660, 135, 114
track:622, 862, 660, 135, 114
track:623, 862, 660, 135, 114
track:624, 861, 658, 135, 114
track:625, 861, 658, 135, 114
track:626, 862, 659, 135, 114
track:627, 863, 660, 135, 114
track:628, 863, 661, 135, 114
track:629, 862, 660, 135, 114
track:630, 862, 657, 135, 114
track:631, 862, 656, 135, 114
track:632, 859, 654, 142, 120
track:633, 861, 658, 142, 120
track:634, 861, 661, 142, 120
track:635, 858, 661, 149, 126
track:636, 860, 662, 149, 126
track:637, 859, 661, 149, 126
track:638, 861, 663, 149, 126
track:639, 862, 663, 149, 126
track:640, 862, 662, 149, 126
track:641, 862, 660, 149, 126
track:642, 861, 660, 149, 126
track:643, 862, 658, 149, 126
track:644, 861, 657, 149, 126
track:645, 862, 649, 149, 126
track:646, 861, 647, 149, 126
track:647, 861, 647, 149, 126
track:648, 862, 645, 149, 126
init :649, 863, 651, 143, 119
track:650, 865, 652, 143, 119
track:651, 867, 652, 143, 119
track:652, 867, 652, 143, 119
track:653, 869, 652, 143, 119
track:654, 868, 653, 143, 119
track:655, 870, 656, 143, 119
track:656, 871, 659, 143, 119
track:657, 872, 660, 143, 119
track:658, 870, 661, 150, 125
track:659, 874, 662, 143, 119
track:660, 874, 662, 143, 119
track:661, 874, 661, 143, 119
track:662, 876, 660, 143, 119
track:663, 876, 660, 143, 119
track:664, 876, 659, 143, 119
track:665, 878, 656, 143, 119
track:666, 878, 656, 143, 119
track:667, 879, 655, 143, 119
track:668, 879, 653, 143, 119
track:669, 879, 652, 143, 119
track:670, 878, 653, 143, 119
track:671, 877, 652, 143, 119
track:672, 876, 652, 143, 119
track:673, 875, 652, 143, 119
track:674, 873, 650, 143, 119
track:675, 873, 649, 143, 119
track:676, 871, 650, 143, 119
track:677, 872, 650, 143, 119
track:678, 869, 653, 143, 119
track:679, 869, 663, 143, 119
track:680, 870, 670, 143, 119
track:681, 870, 671, 143, 119
track:682, 870, 672, 143, 119
track:683, 865, 668, 150, 125
track:684, 864, 667, 150, 125
init :685, 867, 669, 143, 124
track:686, 868, 671, 143, 124
track:687, 867, 671, 143, 124
track:688, 867, 672, 143, 124
track:689, 862, 668, 150, 130
track:690, 861, 667, 150, 130
track:691, 860, 663, 150, 130
track:692, 861, 663, 150, 130
track:693, 860, 663, 150, 130
track:694, 860, 662, 150, 130
track:695, 861, 662, 150, 130
track:696, 860, 660, 150, 130
track:697, 859, 659, 150, 130
track:698, 857, 657, 150, 130
track:699, 855, 658, 150, 130
track:700, 855, 659, 150, 130
track:701, 855, 661, 150, 130
track:702, 856, 661, 150, 130
track:703, 859, 667, 143, 124
track:704, 857, 672, 143, 124
track:705, 856, 677, 143, 124
track:706, 855, 679, 143, 124
track:707, 855, 679, 143, 124
track:708, 854, 681, 143, 124
track:709, 854, 681, 143, 124
track:710, 854, 678, 143, 124
track:711, 855, 678, 143, 124
track:712, 854, 675, 143, 124
track:713, 854, 674, 143, 124
track:714, 853, 674, 143, 124
track:715, 853, 675, 143, 124
track:716, 853, 676, 143, 124
track:717, 853, 678, 143, 124
track:718, 854, 678, 143, 124
track:719, 855, 677, 143, 124
track:720, 855, 679, 143, 124
init :721, 853, 675, 147, 124
track:722, 853, 675, 147, 124
track:723, 853, 675, 147, 124
track:724, 854, 671, 147, 124
track:725, 854, 668, 147, 124
track:726, 854, 668, 147, 124
track:727, 854, 666, 147, 124
track:728, 855, 663, 147, 124
track:729, 852, 654, 154, 130
track:730, 852, 652, 154, 130
track:731, 853, 651, 154, 130
track:732, 853, 653, 154, 130
track:733, 852, 651, 154, 130
track:734, 853, 647, 154, 130
track:735, 854, 643, 154, 130
track:736, 855, 641, 154, 130
track:737, 854, 640, 154, 130
track:738, 853, 638, 154, 130
track:739, 850, 636, 162, 137
track:740, 852, 638, 162, 137
track:741, 852, 638, 162, 137
track:742, 853, 639, 162, 137
track:743, 851, 639, 162, 137
track:744, 850, 640, 162, 137
track:745, 851, 638, 162, 137
track:746, 851, 637, 162, 137
track:747, 851, 635, 162, 137
track:748, 852, 626, 162, 137
track:749, 851, 621, 162, 137
track:750, 848, 621, 162, 137
track:751, 848, 620, 162, 137
track:752, 848, 622, 162, 137
track:753, 850, 624, 162, 137
track:754, 852, 624, 162, 137
track:755, 855, 623, 162, 137
track:756, 855, 623, 162, 137
init :757, 853, 633, 161, 111
track:758, 852, 632, 161, 111
track:759, 852, 635, 161, 111
track:760, 851, 638, 161, 111
track:761, 852, 639, 161, 111
track:762, 854, 640, 161, 111
track:763, 858, 639, 161, 111
track:764, 858, 639, 161, 111
track:765, 856, 640, 161, 111
track:766, 856, 640, 161, 111
track:767, 855, 640, 161, 111
track:768, 855, 642, 161, 111
track:769, 856, 643, 161, 111
track:770, 858, 653, 161, 111
track:771, 859, 653, 161, 111
track:772, 860, 653, 161, 111
track:773, 864, 654, 153, 106
track:774, 866, 653, 153, 106
track:775, 866, 654, 153, 106
track:776, 867, 653, 153, 106
track:777, 867, 652, 153, 106
track:778, 868, 652, 153, 106
track:779, 869, 652, 153, 106
track:780, 869, 653, 153, 106
track:781, 869, 653, 153, 106
track:782, 869, 653, 153, 106
track:783, 869, 652, 153, 106
track:784, 873, 653, 146, 101
track:785, 872, 653, 146, 101
track:786, 872, 653, 146, 101
track:787, 871, 655, 146, 101
track:788, 874, 657, 139, 96
track:789, 873, 658, 139, 96
track:790, 873, 657, 139, 96
track:791, 873, 657, 139, 96
track:792, 872, 656, 139, 96
init :793, 876, 654, 133, 93
track:794, 876, 655, 133, 93
track:795, 876, 658, 133, 93
track:796, 876, 659, 133, 93
track:797, 877, 659, 133, 93
track:798, 876, 659, 133, 93
track:799, 876, 660, 133, 93
track:800, 876, 661, 133, 93
track:801, 876, 661, 133, 93
track:802, 875, 662, 133, 93
track:803, 875, 663, 133, 93
track:804, 876, 663, 133, 93
track:805, 874, 663, 133, 93
track:806, 874, 664, 133, 93
track:807, 873, 663, 133, 93
track:808, 873, 664, 133, 93
track:809, 873, 665, 133, 93
track:810, 874, 667, 133, 93
track:811, 874, 668, 133, 93
track:812, 873, 669, 133, 93
track:813, 871, 670, 133, 93
track:814, 869, 670, 133, 93
track:815, 869, 670, 133, 93
track:816, 868, 670, 133, 93
track:817, 869, 672, 133, 93
track:818, 868, 678, 133, 93
track:819, 864, 678, 140, 98
track:820, 862, 689, 140, 98
track:821, 861, 689, 140, 98
track:822, 861, 690, 140, 98
track:823, 858, 687, 147, 103
track:824, 858, 686, 147, 103
track:825, 856, 686, 147, 103
track:826, 857, 687, 147, 103
track:827, 856, 691, 147, 103
track:828, 856, 696, 147, 103
init :829, 853, 685, 156, 145
track:830, 854, 686, 156, 145
track:831, 855, 686, 156, 145
track:832, 855, 687, 156, 145
track:833, 858, 685, 156, 145
track:834, 859, 677, 156, 145
track:835, 854, 666, 164, 152
track:836, 854, 666, 164, 152
track:837, 854, 660, 164, 152
track:838, 849, 655, 172, 160
track:839, 847, 650, 172, 160
track:840, 844, 646, 172, 160
track:841, 845, 646, 172, 160
track:842, 843, 645, 172, 160
track:843, 840, 639, 172, 160
track:844, 838, 636, 172, 160
track:845, 832, 621, 172, 160
track:846, 831, 621, 172, 160
track:847, 826, 612, 181, 168
track:848, 827, 606, 181, 168
track:849, 827, 604, 181, 168
track:850, 826, 603, 181, 168
track:851, 826, 602, 181, 168
track:852, 830, 598, 181, 168
track:853, 834, 594, 181, 168
track:854, 834, 596, 181, 168
track:855, 835, 599, 181, 168
track:856, 834, 600, 181, 168
track:857, 835, 601, 181, 168
track:858, 836, 599, 181, 168
track:859, 837, 594, 181, 168
track:860, 838, 593, 181, 168
track:861, 838, 592, 181, 168
track:862, 837, 595, 181, 168
track:863, 838, 599, 181, 168
track:864, 839, 604, 181, 168
init :865, 844, 623, 175, 147
track:866, 844, 623, 175, 147
track:867, 844, 628, 175, 147
track:868, 844, 630, 175, 147
track:869, 844, 631, 175, 147
track:870, 845, 635, 175, 147
track:871, 850, 638, 167, 140
track:872, 851, 640, 167, 140
track:873, 851, 639, 167, 140
track:874, 852, 639, 167, 140
track:875, 855, 642, 159, 133
track:876, 856, 643, 159, 133
track:877, 856, 643, 159, 133
track:878, 857, 644, 159, 133
track:879, 860, 643, 159, 133
track:880, 859, 643, 159, 133
track:881, 859, 642, 159, 133
track:882, 860, 642, 159, 133
track:883, 861, 641, 159, 133
track:884, 868, 644, 151, 127
track:885, 870, 643, 151, 127
track:886, 870, 643, 151, 127
track:887, 874, 647, 144, 121
track:888, 875, 647, 144, 121
track:889, 876, 647, 144, 121
track:890, 877, 645, 144, 121
track:891, 879, 645, 144, 121
track:892, 879, 644, 144, 121
track:893, 880, 643, 144, 121
track:894, 880, 642, 144, 121
track:895, 881, 643, 144, 121
track:896, 886, 645, 137, 115
track:897, 885, 645, 137, 115
track:898, 883, 644, 137, 115
track:899, 883, 646, 131, 110
track:900, 883, 648, 131, 110
init :901, 881, 651, 124, 93
track:902, 880, 652, 124, 93
track:903, 880, 653, 124, 93
track:904, 881, 653, 124, 93
track:905, 880, 654, 124, 93
track:906, 881, 654, 124, 93
track:907, 856, 634, 124, 93
track:908, 847, 634, 124, 93
track:909, 849, 641, 124, 93
track:910, 842, 642, 124, 93
track:911, 844, 643, 124, 93
track:912, 840, 645, 130, 98
track:913, 837, 644, 137, 103
track:914, 833, 646, 137, 103
track:915, 831, 644, 144, 108
track:916, 831, 643, 144, 108
track:917, 830, 645, 144, 108
track:918, 831, 645, 144, 108
track:919, 826, 644, 151, 113
track:920, 821, 641, 158, 119
track:921, 819, 640, 158, 119
track:922, 815, 640, 158, 119
track:923, 810, 640, 158, 119
track:924, 805, 641, 158, 119
track:925, 796, 637, 166, 125
track:926, 796, 635, 166, 125
track:927, 791, 635, 166, 125
track:928, 783, 638, 166, 125
track:929, 777, 637, 166, 125
track:930, 774, 635, 166, 125
track:931, 774, 634, 166, 125
track:932, 770, 632, 166, 125
track:933, 771, 631, 166, 125
track:934, 771, 628, 166, 125
track:935, 771, 625, 166, 125
track:936, 771, 624, 166, 125
init :937, 775, 565, 313, 249
track:938, 775, 565, 313, 249
track:939, 777, 565, 313, 249
track:940, 779, 563, 313, 249
track:941, 788, 570, 298, 237
track:942, 781, 562, 313, 249
track:943, 780, 561, 313, 249
track:944, 779, 560, 313, 249
track:945, 779, 560, 313, 249
track:946, 780, 559, 313, 249
track:947, 775, 561, 313, 249
track:948, 772, 561, 313, 249
track:949, 767, 563, 313, 249
track:950, 763, 565, 313, 249
track:951, 762, 567, 313, 249
track:952, 760, 567, 313, 249
track:953, 758, 568, 313, 249
track:954, 756, 568, 313, 249
track:955, 760, 577, 298, 237
track:956, 753, 572, 313, 249
track:957, 753, 574, 313, 249
track:958, 752, 574, 313, 249
track:959, 743, 567, 329, 261
track:960, 750, 577, 313, 249
track:961, 749, 576, 313, 249
track:962, 748, 579, 313, 249
track:963, 745, 578, 313, 249
track:964, 744, 579, 313, 249
track:965, 740, 580, 313, 249
track:966, 738, 581, 313, 249
track:967, 736, 580, 313, 249
track:968, 732, 580, 313, 249
track:969, 725, 581, 313, 249
track:970, 726, 581, 313, 249
track:971, 722, 581, 313, 249
track:972, 716, 581, 313, 249
init :973, 696, 584, 443, 246
track:974, 696, 585, 443, 246
track:975, 696, 586, 443, 246
track:976, 694, 585, 443, 246
track:977, 692, 586, 443, 246
track:978, 693, 586, 443, 246
track:979, 691, 586, 443, 246
track:980, 692, 588, 443, 246
track:981, 690, 588, 443, 246
track:982, 679, 582, 465, 258
track:983, 680, 583, 465, 258
track:984, 682, 582, 465, 258
track:985, 680, 582, 465, 258
track:986, 684, 583, 465, 258
track:987, 676, 578, 488, 271
track:988, 677, 577, 488, 271
track:989, 678, 578, 488, 271
track:990, 682, 577, 488, 271
track:991, 683, 579, 488, 271
track:992, 684, 576, 488, 271
track:993, 684, 577, 488, 271
track:994, 684, 573, 488, 271
track:995, 685, 574, 488, 271
track:996, 695, 579, 465, 258
track:997, 698, 578, 465, 258
track:998, 700, 576, 465, 258
track:999, 702, 574, 465, 258
track:1000, 702, 571, 465, 258
track:1001, 717, 578, 443, 246
track:1002, 721, 574, 443, 246
track:1003, 727, 568, 443, 246
track:1004, 727, 568, 443, 246
track:1005, 727, 567, 443, 246
track:1006, 735, 561, 443, 246
track:1007, 735, 560, 443, 246
track:1008, 740, 555, 443, 246
init :1009, 761, 573, 489, 199
track:1010, 761, 573, 489, 199
track:1011, 771, 578, 466, 190
track:1012, 768, 577, 466, 190
track:1013, 761, 578, 466, 190
track:1014, 757, 578, 466, 190
track:1015, 757, 577, 466, 190
track:1016, 753, 576, 466, 190
track:1017, 751, 575, 466, 190
track:1018, 747, 576, 466, 190
track:1019, 731, 571, 489, 199
track:1020, 729, 569, 489, 199
track:1021, 731, 570, 489, 199
track:1022, 742, 574, 466, 190
track:1023, 740, 574, 466, 190
track:1024, 736, 575, 466, 190
track:1025, 738, 575, 466, 190
track:1026, 736, 575, 466, 190
track:1027, 731, 577, 466, 190
track:1028, 740, 579, 444, 180
track:1029, 736, 579, 444, 180
track:1030, 731, 580, 444, 180
track:1031, 728, 581, 444, 180
track:1032, 726, 584, 444, 180
track:1033, 722, 585, 444, 180
track:1034, 719, 586, 444, 180
track:1035, 717, 588, 444, 180
track:1036, 714, 589, 444, 180
track:1037, 713, 592, 444, 180
track:1038, 710, 595, 444, 180
track:1039, 714, 598, 444, 180
track:1040, 712, 600, 444, 180
track:1041, 712, 601, 444, 180
track:1042, 716, 607, 422, 172
track:1043, 714, 607, 422, 172
track:1044, 717, 608, 422, 172
init :1045, 743, 610, 438, 150
track:1046, 742, 612, 438, 150
track:1047, 745, 613, 438, 150
track:1048, 749, 613, 438, 150
track:1049, 764, 615, 417, 143
track:1050, 766, 612, 417, 143
track:1051, 767, 611, 417, 143
track:1052, 761, 606, 438, 150
track:1053, 780, 608, 417, 143
track:1054, 787, 609, 417, 143
track:1055, 779, 607, 438, 150
track:1056, 785, 606, 438, 150
track:1057, 778, 602, 460, 158
track:1058, 780, 601, 460, 158
track:1059, 783, 602, 460, 158
track:1060, 782, 602, 460, 158
track:1061, 792, 607, 438, 150
track:1062, 782, 603, 460, 158
track:1063, 791, 608, 438, 150
track:1064, 788, 610, 438, 150
track:1065, 786, 610, 438, 150
track:1066, 781, 610, 438, 150
track:1067, 779, 614, 417, 143
track:1068, 771, 612, 417, 143
track:1069, 762, 613, 417, 143
track:1070, 756, 612, 417, 143
track:1071, 753, 611, 417, 143
track:1072, 743, 613, 417, 143
track:1073, 719, 610, 438, 150
track:1074, 698, 611, 438, 150
track:1075, 701, 611, 438, 150
track:1076, 690, 611, 438, 150
track:1077, 689, 612, 438, 150
track:1078, 672, 616, 417, 143
track:1079, 663, 616, 417, 143
track:1080, 662, 617, 417, 143
init :1081, 673, 625, 443, 135
track:1082, 667, 626, 443, 135
track:1083, 663, 628, 443, 135
track:1084, 662, 629, 443, 135
track:1085, 662, 629, 443, 135
track:1086, 664, 629, 443, 135
track:1087, 666, 630, 443, 135
track:1088, 655, 627, 465, 142
track:1089, 655, 628, 465, 142
track:1090, 645, 625, 488, 149
track:1091, 659, 628, 465, 142
track:1092, 656, 629, 465, 142
track:1093, 658, 631, 465, 142
track:1094, 659, 631, 465, 142
track:1095, 661, 631, 465, 142
track:1096, 659, 632, 465, 142
track:1097, 662, 634, 465, 142
track:1098, 664, 634, 465, 142
track:1099, 664, 634, 465, 142
track:1100, 665, 634, 465, 142
track:1101, 666, 634, 465, 142
track:1102, 658, 633, 488, 149
track:1103, 655, 633, 488, 149
track:1104, 656, 635, 488, 149
track:1105, 655, 635, 488, 149
track:1106, 648, 635, 488, 149
track:1107, 662, 639, 465, 142
track:1108, 646, 635, 488, 149
track:1109, 650, 637, 488, 149
track:1110, 645, 638, 488, 149
track:1111, 639, 639, 488, 149
track:1112, 625, 635, 513, 156
track:1113, 626, 637, 513, 156
track:1114, 599, 640, 538, 164
track:1115, 613, 644, 513, 156
track:1116, 632, 646, 488, 149
init :1117, 701, 633, 415, 168
track:1118, 699, 633, 415, 168
track:1119, 695, 632, 415, 168
track:1120, 694, 632, 415, 168
track:1121, 692, 632, 415, 168
track:1122, 698, 637, 395, 160
track:1123, 696, 637, 395, 160
track:1124, 696, 636, 395, 160
track:1125, 696, 636, 395, 160
track:1126, 694, 637, 395, 160
track:1127, 690, 638, 395, 160
track:1128, 703, 639, 395, 160
track:1129, 715, 642, 376, 152
track:1130, 719, 643, 376, 152
track:1131, 718, 645, 376, 152
track:1132, 716, 650, 376, 152
track:1133, 729, 646, 376, 152
track:1134, 724, 644, 376, 152
track:1135, 729, 646, 358, 145
track:1136, 727, 649, 358, 145
track:1137, 726, 647, 358, 145
track:1138, 721, 647, 358, 145
track:1139, 694, 639, 376, 152
track:1140, 700, 636, 376, 152
track:1141, 697, 637, 376, 152
track:1142, 685, 649, 358, 145
track:1143, 652, 647, 376, 152
track:1144, 648, 648, 376, 152
track:1145, 654, 655, 358, 145
track:1146, 652, 660, 358, 145
track:1147, 649, 665, 358, 145
track:1148, 652, 667, 358, 145
track:1149, 637, 671, 358, 145
track:1150, 648, 669, 358, 145
track:1151, 629, 665, 376, 152
track:1152, 632, 662, 376, 152
init :1153, 784, 636, 216, 176
track:1154, 784, 637, 216, 176
track:1155, 784, 638, 216, 176
track:1156, 785, 639, 216, 176
track:1157, 786, 640, 216, 176
track:1158, 788, 640, 216, 176
track:1159, 788, 639, 216, 176
track:1160, 788, 639, 216, 176
track:1161, 783, 634, 227, 185
track:1162, 791, 638, 216, 176
track:1163, 798, 642, 206, 168
track:1164, 802, 643, 206, 168
track:1165, 800, 643, 206, 168
track:1166, 797, 646, 206, 168
track:1167, 799, 647, 206, 168
track:1168, 792, 647, 206, 168
track:1169, 784, 648, 206, 168
track:1170, 786, 647, 206, 168
track:1171, 787, 646, 206, 168
track:1172, 785, 649, 196, 160
track:1173, 785, 650, 196, 160
track:1174, 787, 652, 187, 152
track:1175, 784, 653, 187, 152
track:1176, 784, 653, 187, 152
track:1177, 778, 653, 187, 152
track:1178, 776, 654, 187, 152
track:1179, 775, 649, 187, 152
track:1180, 774, 649, 187, 152
track:1181, 773, 644, 196, 160
track:1182, 773, 643, 196, 160
track:1183, 774, 638, 196, 160
track:1184, 776, 636, 196, 160
track:1185, 777, 636, 196, 160
track:1186, 775, 633, 196, 160
track:1187, 782, 631, 196, 160
track:1188, 784, 634, 187, 152
init :1189, 789, 633, 387, 132
track:1190, 789, 633, 387, 132
track:1191, 789, 633, 387, 132
track:1192, 786, 632, 387, 132
track:1193, 785, 629, 387, 132
track:1194, 785, 627, 387, 132
track:1195, 785, 625, 387, 132
track:1196, 789, 627, 369, 126
track:1197, 778, 623, 387, 132
track:1198, 775, 621, 387, 132
track:1199, 771, 621, 387, 132
track:1200, 782, 622, 369, 126
track:1201, 784, 621, 369, 126
track:1202, 787, 619, 369, 126
track:1203, 787, 620, 369, 126
track:1204, 791, 620, 369, 126
track:1205, 802, 623, 351, 120
track:1206, 808, 624, 351, 120
track:1207, 811, 625, 351, 120
track:1208, 814, 625, 351, 120
track:1209, 815, 624, 351, 120
track:1210, 818, 624, 351, 120
track:1211, 825, 625, 351, 120
track:1212, 837, 629, 334, 114
track:1213, 845, 634, 318, 109
track:1214, 840, 630, 334, 114
track:1215, 843, 632, 334, 114
track:1216, 838, 630, 351, 120
track:1217, 848, 632, 334, 114
track:1218, 846, 635, 318, 109
track:1219, 846, 635, 318, 109
track:1220, 850, 636, 318, 109
track:1221, 860, 640, 303, 103
track:1222, 862, 641, 303, 103
track:1223, 866, 641, 303, 103
track:1224, 862, 642, 303, 103
init :1225, 895, 654, 295, 96
track:1226, 896, 654, 295, 96
track:1227, 897, 654, 295, 96
track:1228, 895, 656, 295, 96
track:1229, 894, 656, 295, 96
track:1230, 894, 658, 295, 96
track:1231, 900, 659, 281, 91
track:1232, 899, 660, 281, 91
track:1233, 903, 664, 268, 87
track:1234, 902, 665, 268, 87
track:1235, 904, 667, 255, 83
track:1236, 900, 668, 255, 83
track:1237, 905, 671, 243, 79
track:1238, 902, 671, 243, 79
track:1239, 909, 672, 231, 75
track:1240, 906, 673, 231, 75
track:1241, 911, 674, 231, 75
track:1242, 905, 672, 231, 75
track:1243, 913, 675, 231, 75
track:1244, 913, 676, 220, 72
track:1245, 901, 675, 220, 72
track:1246, 903, 675, 220, 72
track:1247, 884, 677, 220, 72
track:1248, 867, 675, 220, 72
track:1249, 899, 677, 220, 72
track:1250, 888, 677, 220, 72
track:1251, 888, 677, 220, 72
track:1252, 963, 679, 210, 68
track:1253, 961, 678, 210, 68
track:1254, 956, 678, 220, 72
track:1255, 947, 675, 231, 75
track:1256, 944, 677, 220, 72
track:1257, 939, 679, 220, 72
track:1258, 941, 680, 210, 68
track:1259, 939, 679, 210, 68
track:1260, 941, 679, 210, 68
init :1261, 793, 589, 73, 51
track:1262, 820, 590, 73, 51
track:1263, 846, 588, 77, 54
track:1264, 847, 588, 77, 54
track:1265, 861, 589, 77, 54
track:1266, 894, 589, 77, 54
track:1267, 918, 589, 77, 54
track:1268, 917, 583, 73, 51
track:1269, 919, 584, 70, 49
track:1270, 940, 586, 70, 49
track:1271, 954, 584, 66, 46
track:1272, 969, 582, 66, 46
track:1273, 971, 587, 66, 46
track:1274, 949, 582, 66, 46
track:1275, 942, 589, 66, 46
track:1276, 950, 593, 66, 46
track:1277, 954, 592, 70, 49
track:1278, 963, 587, 70, 49
track:1279, 962, 588, 70, 49
track:1280, 977, 588, 70, 49
track:1281, 988, 589, 73, 51
track:1282, 965, 588, 77, 54
track:1283, 963, 588, 77, 54
track:1284, 960, 588, 80, 56
track:1285, 951, 586, 85, 59
track:1286, 931, 586, 85, 59
track:1287, 924, 587, 85, 59
track:1288, 930, 589, 80, 56
track:1289, 930, 593, 77, 54
track:1290, 946, 595, 73, 51
track:1291, 959, 597, 73, 51
track:1292, 949, 596, 73, 51
track:1293, 957, 599, 70, 49
track:1294, 956, 596, 73, 51
track:1295, 973, 599, 77, 54
track:1296, 983, 603, 80, 56
init :1297, 867, 656, 147, 70
track:1298, 868, 656, 147, 70
track:1299, 867, 657, 147, 70
track:1300, 867, 658, 147, 70
track:1301, 861, 657, 154, 74
track:1302, 865, 659, 147, 70
track:1303, 860, 657, 154, 74
track:1304, 857, 655, 162, 77
track:1305, 857, 656, 162, 77
track:1306, 859, 657, 162, 77
track:1307, 860, 657, 162, 77
track:1308, 863, 660, 154, 74
track:1309, 863, 660, 154, 74
track:1310, 863, 660, 154, 74
track:1311, 865, 660, 154, 74
track:1312, 868, 662, 147, 70
track:1313, 864, 661, 154, 74
track:1314, 864, 662, 154, 74
track:1315, 868, 664, 147, 70
track:1316, 867, 664, 147, 70
track:1317, 860, 663, 154, 74
track:1318, 859, 664, 154, 74
track:1319, 860, 663, 154, 74
track:1320, 862, 665, 147, 70
track:1321, 860, 665, 147, 70
track:1322, 862, 665, 147, 70
track:1323, 866, 667, 140, 67
track:1324, 866, 668, 140, 67
track:1325, 867, 668, 140, 67
track:1326, 869, 670, 140, 67
track:1327, 871, 670, 140, 67
track:1328, 872, 670, 140, 67
track:1329, 872, 671, 140, 67
track:1330, 872, 671, 140, 67
track:1331, 871, 672, 140, 67
track:1332, 868, 671, 140, 67
init :1333, 858, 677, 170, 51
track:1334, 858, 677, 170, 51
track:1335, 855, 677, 170, 51
track:1336, 851, 677, 170, 51
track:1337, 846, 677, 170, 51
track:1338, 844, 677, 170, 51
track:1339, 843, 677, 170, 51
track:1340, 842, 677, 170, 51
track:1341, 842, 677, 170, 51
track:1342, 841, 677, 170, 51
track:1343, 841, 678, 170, 51
track:1344, 840, 678, 170, 51
track:1345, 841, 678, 170, 51
track:1346, 841, 678, 170, 51
track:1347, 842, 678, 170, 51
track:1348, 841, 679, 170, 51
track:1349, 840, 679, 170, 51
track:1350, 840, 679, 170, 51
track:1351, 839, 680, 170, 51
track:1352, 837, 680, 170, 51
track:1353, 833, 679, 178, 54
track:1354, 835, 681, 170, 51
track:1355, 835, 681, 170, 51
track:1356, 837, 681, 170, 51
track:1357, 837, 682, 170, 51
track:1358, 837, 681, 170, 51
track:1359, 837, 682, 170, 51
track:1360, 837, 682, 170, 51
track:1361, 836, 682, 170, 51
track:1362, 833, 682, 178, 54
track:1363, 833, 683, 178, 54
track:1364, 835, 684, 178, 54
track:1365, 838, 685, 170, 51
track:1366, 837, 685, 170, 51
track:1367, 836, 685, 170, 51
track:1368, 836, 686, 170, 51
init :1369, 844, 687, 184, 57
track:1370, 843, 687, 184, 57
track:1371, 847, 689, 175, 54
track:1372, 841, 688, 184, 57
track:1373, 839, 689, 184, 57
track:1374, 843, 691, 175, 54
track:1375, 836, 690, 184, 57
track:1376, 834, 690, 184, 57
track:1377, 832, 690, 184, 57
track:1378, 831, 691, 184, 57
track:1379, 829, 691, 184, 57
track:1380, 825, 692, 184, 57
track:1381, 816, 691, 193, 60
track:1382, 810, 691, 203, 63
track:1383, 801, 690, 213, 66
track:1384, 800, 691, 213, 66
track:1385, 798, 692, 213, 66
track:1386, 800, 693, 213, 66
track:1387, 803, 694, 213, 66
track:1388, 805, 695, 213, 66
track:1389, 810, 698, 203, 63
track:1390, 812, 699, 203, 63
track:1391, 815, 700, 203, 63
track:1392, 825, 703, 193, 60
track:1393, 828, 704, 193, 60
track:1394, 826, 704, 203, 63
track:1395, 827, 704, 203, 63
track:1396, 828, 705, 203, 63
track:1397, 824, 705, 213, 66
track:1398, 824, 705, 213, 66
track:1399, 823, 706, 213, 66
track:1400, 821, 707, 213, 66
track:1401, 816, 707, 213, 66
track:1402, 808, 708, 213, 66
track:1403, 805, 709, 213, 66
track:1404, 804, 710, 213, 66
init :1405, 807, 713, 216, 70
track:1406, 805, 713, 216, 70
track:1407, 802, 713, 216, 70
track:1408, 800, 713, 216, 70
track:1409, 799, 713, 216, 70
track:1410, 797, 714, 216, 70
track:1411, 802, 716, 206, 67
track:1412, 803, 716, 206, 67
track:1413, 803, 716, 206, 67
track:1414, 804, 717, 206, 67
track:1415, 801, 715, 216, 70
track:1416, 796, 715, 227, 74
track:1417, 796, 716, 227, 74
track:1418, 788, 716, 238, 77
track:1419, 788, 716, 238, 77
track:1420, 787, 717, 238, 77
track:1421, 785, 718, 238, 77
track:1422, 785, 719, 238, 77
track:1423, 785, 720, 238, 77
track:1424, 785, 720, 238, 77
track:1425, 787, 720, 238, 77
track:1426, 786, 720, 238, 77
track:1427, 778, 719, 250, 81
track:1428, 785, 721, 238, 77
track:1429, 785, 722, 238, 77
track:1430, 785, 722, 238, 77
track:1431, 782, 722, 238, 77
track:1432, 779, 723, 238, 77
track:1433, 776, 724, 238, 77
track:1434, 775, 724, 238, 77
track:1435, 780, 726, 227, 74
track:1436, 782, 729, 216, 70
track:1437, 782, 730, 216, 70
track:1438, 777, 728, 227, 74
track:1439, 773, 727, 238, 77
track:1440, 771, 728, 238, 77
init :1441, 784, 724, 244, 109
track:1442, 780, 724, 244, 109
track:1443, 778, 724, 244, 109
track:1444, 777, 724, 244, 109
track:1445, 772, 724, 244, 109
track:1446, 765, 725, 244, 109
track:1447, 762, 724, 244, 109
track:1448, 760, 724, 244, 109
track:1449, 759, 724, 244, 109
track:1450, 760, 722, 244, 109
track:1451, 762, 721, 244, 109
track:1452, 768, 723, 232, 104
track:1453, 769, 719, 244, 109
track:1454, 768, 721, 244, 109
track:1455, 774, 721, 244, 109
track:1456, 780, 721, 244, 109
track:1457, 790, 723, 244, 109
track:1458, 790, 723, 244, 109
track:1459, 791, 723, 244, 109
track:1460, 799, 725, 244, 109
track:1461, 809, 730, 232, 104
track:1462, 821, 735, 221, 99
track:1463, 821, 733, 221, 99
track:1464, 830, 738, 211, 94
track:1465, 839, 736, 211, 94
track:1466, 848, 743, 201, 90
track:1467, 844, 742, 211, 94
track:1468, 844, 743, 211, 94
track:1469, 844, 745, 211, 94
track:1470, 842, 746, 211, 94
track:1471, 840, 745, 211, 94
track:1472, 834, 742, 221, 99
track:1473, 831, 740, 221, 99
track:1474, 826, 733, 221, 99
track:1475, 820, 731, 232, 104
track:1476, 819, 732, 232, 104
init :1477, 853, 685, 166, 155
track:1478, 853, 685, 166, 155
track:1479, 855, 683, 166, 155
track:1480, 856, 681, 166, 155
track:1481, 858, 678, 166, 155
track:1482, 860, 675, 166, 155
track:1483, 859, 675, 166, 155
track:1484, 864, 674, 166, 155
track:1485, 868, 672, 166, 155
track:1486, 874, 671, 166, 155
track:1487, 881, 667, 166, 155
track:1488, 880, 667, 166, 155
track:1489, 882, 667, 166, 155
track:1490, 882, 666, 166, 155
track:1491, 888, 663, 166, 155
track:1492, 889, 662, 166, 155
track:1493, 891, 661, 166, 155
track:1494, 892, 662, 158, 148
track:1495, 886, 657, 158, 148
track:1496, 884, 653, 158, 148
track:1497, 881, 652, 158, 148
track:1498, 879, 652, 158, 148
track:1499, 869, 645, 158, 148
track:1500, 865, 645, 151, 141
track:1501, 860, 638, 158, 148
track:1502, 849, 638, 151, 141
track:1503, 850, 641, 143, 134
track:1504, 852, 637, 143, 134
track:1505, 844, 632, 143, 134
track:1506, 841, 630, 143, 134
track:1507, 837, 625, 143, 134
track:1508, 839, 625, 143, 134
track:1509, 835, 623, 143, 134
track:1510, 835, 618, 143, 134
track:1511, 838, 618, 137, 128
track:1512, 827, 614, 137, 128
init :1513, 821, 620, 304, 116
track:1514, 806, 620, 304, 116
track:1515, 783, 620, 304, 116
track:1516, 766, 622, 290, 110
track:1517, 732, 620, 304, 116
track:1518, 741, 623, 290, 110
track:1519, 714, 623, 290, 110
track:1520, 690, 623, 290, 110
track:1521, 671, 624, 290, 110
track:1522, 659, 625, 290, 110
track:1523, 657, 624, 290, 110
track:1524, 651, 627, 290, 110
track:1525, 646, 626, 290, 110
track:1526, 657, 628, 276, 105
track:1527, 666, 630, 263, 100
track:1528, 666, 629, 263, 100
track:1529, 697, 631, 250, 95
track:1530, 718, 630, 250, 95
track:1531, 745, 630, 250, 95
track:1532, 769, 629, 250, 95
track:1533, 775, 632, 238, 91
track:1534, 800, 631, 238, 91
track:1535, 826, 631, 238, 91
track:1536, 848, 632, 238, 91
track:1537, 862, 630, 250, 95
track:1538, 862, 631, 250, 95
track:1539, 874, 633, 238, 91
track:1540, 888, 634, 227, 87
track:1541, 895, 636, 227, 87
track:1542, 896, 637, 227, 87
track:1543, 896, 638, 227, 87
track:1544, 900, 641, 216, 82
track:1545, 894, 640, 227, 87
track:1546, 882, 642, 227, 87
track:1547, 879, 645, 227, 87
track:1548, 877, 644, 227, 87
init :1549, 890, 656, 216, 70
track:1550, 879, 655, 227, 74
track:1551, 870, 656, 227, 74
track:1552, 859, 656, 238, 77
track:1553, 864, 657, 227, 74
track:1554, 863, 658, 227, 74
track:1555, 866, 661, 216, 70
track:1556, 864, 662, 216, 70
track:1557, 865, 663, 216, 70
track:1558, 870, 665, 206, 67
track:1559, 879, 667, 196, 63
track:1560, 888, 669, 187, 60
track:1561, 894, 671, 178, 58
track:1562, 897, 671, 178, 58
track:1563, 898, 672, 178, 58
track:1564, 899, 672, 178, 58
track:1565, 899, 672, 178, 58
track:1566, 899, 672, 178, 58
track:1567, 904, 674, 169, 55
track:1568, 908, 675, 161, 52
track:1569, 906, 675, 161, 52
track:1570, 904, 675, 161, 52
track:1571, 902, 675, 161, 52
track:1572, 900, 675, 161, 52
track:1573, 899, 676, 161, 52
track:1574, 899, 677, 154, 50
track:1575, 894, 678, 154, 50
track:1576, 895, 678, 154, 50
track:1577, 893, 678, 146, 47
track:1578, 894, 679, 146, 47
track:1579, 889, 679, 146, 47
track:1580, 891, 680, 146, 47
track:1581, 890, 680, 146, 47
track:1582, 882, 682, 146, 47
track:1583, 884, 682, 146, 47
track:1584, 886, 683, 139, 45
init :1585, 900, 677, 138, 72
track:1586, 900, 677, 138, 72
track:1587, 902, 679, 131, 69
track:1588, 902, 678, 131, 69
track:1589, 899, 677, 138, 72
track:1590, 899, 678, 138, 72
track:1591, 902, 679, 131, 69
track:1592, 901, 680, 131, 69
track:1593, 900, 679, 131, 69
track:1594, 900, 680, 131, 69
track:1595, 897, 680, 131, 69
track:1596, 894, 681, 131, 69
track:1599, 893, 682, 131, 69
track:1600, 890, 681, 131, 69
track:1601, 893, 683, 125, 65
track:1602, 892, 684, 125, 65
track:1603, 892, 684, 125, 65
track:1604, 892, 685, 119, 62
track:1605, 890, 687, 114, 59
track:1606, 884, 686, 119, 62
track:1607, 881, 686, 119, 62
track:1608, 881, 686, 119, 62
elapseTime: 16.873
