init :7, 821, 630, 235, 197
track:8, 821, 630, 235, 197
track:9, 822, 630, 235, 197
track:10, 821, 631, 235, 197
track:11, 823, 630, 235, 197
track:12, 823, 630, 235, 197
track:13, 824, 630, 235, 197
track:14, 824, 630, 235, 197
track:15, 824, 630, 235, 197
track:16, 825, 630, 235, 197
track:17, 826, 630, 235, 197
track:18, 825, 630, 235, 197
track:19, 825, 629, 235, 197
track:20, 821, 626, 247, 207
track:21, 820, 626, 247, 207
track:22, 827, 631, 235, 197
track:23, 828, 631, 235, 197
track:24, 827, 631, 235, 197
track:25, 828, 630, 235, 197
track:26, 829, 631, 235, 197
track:27, 829, 631, 235, 197
track:28, 829, 631, 235, 197
track:29, 829, 630, 235, 197
track:30, 829, 630, 235, 197
track:31, 830, 629, 235, 197
track:32, 831, 631, 235, 197
track:33, 829, 630, 235, 197
track:34, 830, 631, 235, 197
track:35, 830, 630, 235, 197
track:36, 830, 631, 235, 197
track:37, 829, 630, 235, 197
track:38, 831, 630, 235, 197
track:39, 830, 630, 235, 197
track:40, 830, 630, 235, 197
track:41, 831, 629, 235, 197
track:42, 830, 631, 235, 197
track:43, 831, 630, 235, 197
track:44, 830, 631, 235, 197
track:45, 832, 630, 235, 197
track:46, 830, 631, 235, 197
track:48, 832, 630, 235, 197
track:49, 830, 630, 235, 197
track:50, 831, 629, 235, 197
track:51, 832, 629, 235, 197
track:52, 831, 628, 235, 197
track:53, 832, 629, 235, 197
track:54, 831, 629, 235, 197
track:55, 832, 629, 235, 197
track:56, 831, 629, 235, 197
track:57, 831, 628, 235, 197
track:58, 831, 629, 235, 197
track:59, 830, 628, 235, 197
track:60, 832, 628, 235, 197
track:61, 831, 630, 235, 197
track:62, 830, 629, 235, 197
track:63, 829, 629, 235, 197
track:64, 830, 629, 235, 197
track:65, 829, 629, 235, 197
track:66, 828, 629, 235, 197
track:67, 829, 628, 235, 197
track:68, 829, 629, 235, 197
track:69, 828, 629, 235, 197
track:70, 829, 628, 235, 197
track:71, 829, 629, 235, 197
track:72, 828, 629, 235, 197
track:73, 828, 629, 235, 197
track:74, 828, 628, 235, 197
track:75, 828, 629, 235, 197
track:76, 828, 629, 235, 197
track:77, 827, 629, 235, 197
track:78, 828, 628, 235, 197
track:79, 828, 629, 235, 197
track:80, 828, 629, 235, 197
track:81, 828, 628, 235, 197
track:82, 827, 629, 235, 197
track:83, 828, 630, 235, 197
track:84, 827, 629, 235, 197
track:85, 828, 629, 235, 197
track:86, 827, 630, 235, 197
track:87, 827, 629, 235, 197
track:88, 828, 629, 235, 197
track:89, 827, 630, 235, 197
track:90, 827, 630, 235, 197
track:91, 829, 629, 235, 197
track:92, 828, 630, 235, 197
track:93, 827, 629, 235, 197
track:94, 829, 629, 235, 197
init :95, 826, 630, 235, 197
track:96, 826, 629, 235, 197
track:97, 827, 629, 235, 197
track:98, 828, 629, 235, 197
track:99, 828, 629, 235, 197
track:100, 829, 629, 235, 197
track:101, 830, 629, 235, 197
track:102, 831, 628, 235, 197
track:103, 831, 627, 235, 197
track:104, 831, 627, 235, 197
track:105, 831, 626, 235, 197
track:106, 832, 626, 235, 197
track:107, 832, 624, 235, 197
track:108, 833, 622, 235, 197
track:109, 832, 622, 235, 197
track:110, 834, 621, 235, 197
track:111, 840, 623, 224, 188
track:112, 840, 621, 224, 188
track:113, 840, 620, 224, 188
track:114, 840, 619, 224, 188
track:115, 843, 618, 224, 188
track:116, 843, 617, 224, 188
track:117, 842, 613, 224, 188
track:120, 845, 611, 224, 188
track:121, 847, 609, 224, 188
track:122, 847, 608, 224, 188
track:123, 846, 606, 224, 188
track:124, 847, 604, 224, 188
track:125, 852, 607, 213, 179
track:126, 855, 608, 203, 170
track:127, 854, 606, 203, 170
track:128, 852, 607, 203, 170
track:129, 851, 606, 203, 170
track:130, 846, 604, 213, 179
track:131, 847, 606, 213, 179
track:132, 849, 609, 213, 179
track:133, 850, 610, 213, 179
track:134, 856, 615, 203, 170
track:135, 855, 616, 203, 170
track:136, 856, 617, 203, 170
track:137, 857, 617, 203, 170
track:138, 859, 618, 203, 170
track:139, 859, 618, 203, 170
track:140, 857, 619, 203, 170
track:141, 858, 617, 203, 170
track:142, 860, 622, 193, 162
track:143, 860, 623, 193, 162
track:144, 861, 623, 193, 162
track:145, 858, 627, 193, 162
track:146, 857, 628, 193, 162
track:147, 858, 628, 193, 162
track:148, 857, 631, 193, 162
track:149, 858, 630, 193, 162
track:150, 858, 634, 193, 162
track:151, 858, 637, 193, 162
track:152, 854, 634, 203, 170
track:153, 860, 641, 193, 162
track:154, 859, 642, 193, 162
track:155, 859, 644, 193, 162
track:156, 859, 645, 193, 162
track:157, 860, 646, 193, 162
track:158, 857, 642, 203, 170
track:159, 861, 646, 193, 162
track:160, 861, 647, 193, 162
track:161, 859, 648, 193, 162
track:162, 862, 651, 184, 154
track:163, 856, 648, 193, 162
track:164, 855, 648, 193, 162
track:165, 856, 648, 193, 162
track:166, 856, 649, 193, 162
track:167, 855, 648, 193, 162
track:168, 854, 648, 193, 162
track:169, 854, 648, 193, 162
track:170, 856, 647, 193, 162
track:171, 857, 646, 193, 162
track:172, 859, 644, 193, 162
track:173, 858, 644, 193, 162
track:174, 858, 644, 193, 162
track:175, 857, 644, 193, 162
track:176, 854, 645, 193, 162
track:177, 855, 645, 193, 162
track:178, 856, 646, 193, 162
track:179, 856, 647, 193, 162
track:180, 857, 648, 193, 162
track:181, 857, 649, 193, 162
track:182, 859, 651, 193, 162
track:183, 862, 654, 193, 162
track:184, 862, 654, 193, 162
track:185, 863, 655, 193, 162
track:186, 861, 655, 193, 162
track:187, 857, 651, 193, 162
track:188, 853, 646, 193, 162
init :189, 863, 649, 170, 158
track:190, 860, 649, 170, 158
track:191, 859, 648, 170, 158
track:192, 859, 643, 170, 158
track:193, 858, 642, 170, 158
track:194, 858, 642, 170, 158
track:195, 860, 640, 170, 158
track:196, 862, 638, 170, 158
track:197, 860, 637, 170, 158
track:198, 862, 642, 162, 150
track:199, 862, 642, 162, 150
track:200, 861, 643, 162, 150
track:201, 858, 644, 162, 150
track:202, 857, 642, 162, 150
track:203, 857, 640, 162, 150
track:204, 858, 639, 162, 150
track:205, 859, 636, 162, 150
track:206, 857, 635, 162, 150
track:207, 856, 634, 162, 150
track:208, 856, 633, 162, 150
track:209, 854, 631, 162, 150
track:210, 851, 627, 162, 150
track:211, 850, 625, 162, 150
track:212, 850, 621, 162, 150
track:213, 850, 622, 162, 150
track:214, 854, 624, 154, 143
track:215, 853, 624, 154, 143
track:216, 854, 622, 154, 143
track:217, 854, 623, 154, 143
track:218, 854, 622, 154, 143
track:219, 853, 624, 154, 143
track:220, 854, 627, 154, 143
track:221, 856, 632, 147, 136
track:222, 856, 634, 147, 136
track:223, 856, 635, 147, 136
track:224, 855, 637, 147, 136
track:225, 860, 641, 140, 130
track:226, 860, 642, 140, 130
track:227, 860, 642, 140, 130
track:228, 860, 643, 140, 130
track:229, 860, 644, 140, 130
track:230, 859, 643, 140, 130
track:231, 860, 643, 140, 130
track:232, 858, 639, 140, 130
track:233, 858, 638, 140, 130
track:234, 857, 638, 140, 130
track:235, 858, 638, 140, 130
track:236, 861, 639, 133, 124
track:237, 863, 640, 133, 124
track:238, 864, 640, 133, 124
track:239, 864, 642, 133, 124
track:240, 865, 644, 133, 124
track:241, 865, 645, 133, 124
track:242, 865, 644, 133, 124
track:243, 865, 644, 133, 124
track:244, 865, 644, 133, 124
track:245, 865, 645, 133, 124
track:246, 866, 646, 133, 124
track:247, 865, 646, 133, 124
track:248, 866, 646, 133, 124
track:249, 866, 646, 133, 124
track:250, 868, 650, 127, 118
track:251, 868, 652, 127, 118
track:252, 870, 654, 127, 118
track:253, 869, 654, 127, 118
track:254, 870, 657, 127, 118
track:255, 871, 660, 127, 118
track:256, 871, 661, 127, 118
track:257, 872, 665, 127, 118
track:258, 872, 665, 127, 118
track:259, 872, 666, 127, 118
track:260, 873, 669, 127, 118
track:261, 872, 669, 127, 118
track:262, 872, 669, 127, 118
track:263, 873, 669, 127, 118
track:264, 872, 672, 127, 118
track:265, 872, 674, 127, 118
track:266, 873, 675, 127, 118
track:267, 872, 677, 127, 118
track:268, 873, 678, 127, 118
track:269, 872, 678, 127, 118
track:270, 873, 680, 127, 118
track:271, 874, 683, 127, 118
track:272, 875, 687, 127, 118
track:273, 875, 688, 127, 118
track:274, 874, 689, 127, 118
track:275, 876, 691, 127, 118
track:276, 877, 694, 127, 118
track:277, 875, 694, 133, 124
track:278, 875, 695, 133, 124
track:279, 877, 695, 133, 124
track:280, 877, 694, 133, 124
track:281, 876, 690, 140, 130
track:282, 878, 691, 140, 130
init :283, 872, 690, 143, 127
track:284, 874, 692, 143, 127
track:285, 876, 694, 143, 127
track:286, 875, 691, 150, 133
track:287, 872, 685, 158, 140
track:288, 871, 684, 158, 140
track:289, 872, 681, 158, 140
track:290, 869, 674, 166, 147
track:291, 869, 666, 166, 147
track:292, 867, 658, 174, 154
track:293, 867, 656, 174, 154
track:294, 867, 654, 174, 154
track:295, 866, 648, 183, 162
track:296, 867, 647, 183, 162
track:297, 867, 649, 183, 162
track:298, 863, 645, 192, 170
track:299, 858, 642, 201, 179
track:300, 856, 643, 201, 179
track:301, 850, 642, 211, 188
track:302, 848, 647, 211, 188
track:303, 848, 647, 211, 188
track:304, 841, 647, 222, 197
track:305, 834, 644, 233, 207
track:306, 833, 642, 233, 207
track:307, 832, 640, 233, 207
track:308, 832, 640, 233, 207
track:309, 832, 636, 233, 207
track:310, 830, 630, 233, 207
track:311, 831, 617, 233, 207
track:312, 832, 607, 233, 207
track:313, 832, 605, 233, 207
track:314, 832, 600, 233, 207
track:315, 831, 590, 233, 207
track:316, 833, 580, 233, 207
track:317, 840, 581, 222, 197
track:318, 845, 584, 211, 188
track:319, 846, 581, 211, 188
track:320, 851, 572, 211, 188
track:321, 854, 566, 211, 188
track:322, 853, 565, 211, 188
track:323, 854, 565, 211, 188
track:324, 855, 568, 211, 188
track:325, 852, 567, 211, 188
track:326, 853, 558, 211, 188
track:327, 850, 557, 211, 188
track:328, 855, 562, 201, 179
track:329, 853, 570, 201, 179
track:330, 851, 578, 201, 179
track:331, 848, 580, 201, 179
track:332, 847, 583, 201, 179
track:333, 847, 584, 201, 179
track:334, 846, 584, 201, 179
track:335, 845, 586, 201, 179
track:336, 849, 593, 192, 170
track:337, 850, 595, 192, 170
track:338, 851, 595, 192, 170
track:339, 851, 591, 192, 170
track:340, 852, 588, 192, 170
track:341, 851, 588, 192, 170
track:342, 852, 588, 192, 170
track:343, 857, 591, 183, 162
track:344, 855, 590, 183, 162
track:345, 857, 586, 183, 162
track:346, 861, 591, 174, 154
track:347, 865, 597, 166, 147
track:348, 865, 596, 166, 147
track:349, 866, 600, 166, 147
track:350, 864, 604, 166, 147
track:351, 865, 609, 166, 147
track:352, 866, 611, 166, 147
track:353, 867, 611, 166, 147
track:354, 870, 617, 158, 140
track:355, 870, 617, 158, 140
track:356, 870, 618, 158, 140
track:357, 869, 619, 158, 140
track:358, 869, 619, 158, 140
track:359, 869, 619, 158, 140
track:360, 867, 618, 158, 140
track:361, 867, 618, 158, 140
track:362, 870, 622, 150, 133
track:363, 869, 622, 150, 133
track:364, 872, 625, 143, 127
track:365, 872, 625, 143, 127
track:366, 872, 627, 143, 127
track:367, 870, 627, 143, 127
track:368, 873, 630, 136, 121
track:369, 873, 631, 136, 121
track:370, 872, 637, 136, 121
track:371, 871, 643, 136, 121
track:372, 870, 648, 136, 121
track:373, 870, 647, 136, 121
track:374, 869, 648, 136, 121
track:375, 868, 650, 136, 121
track:376, 866, 649, 136, 121
init :377, 867, 664, 115, 101
track:378, 867, 664, 115, 101
track:379, 867, 665, 115, 101
track:380, 866, 665, 115, 101
track:381, 866, 664, 115, 101
track:382, 864, 664, 115, 101
track:383, 864, 664, 115, 101
track:384, 863, 664, 115, 101
track:385, 862, 663, 115, 101
track:386, 862, 662, 115, 101
track:387, 862, 662, 115, 101
track:388, 863, 662, 115, 101
track:389, 864, 664, 110, 96
track:390, 864, 664, 110, 96
track:391, 864, 666, 110, 96
track:392, 864, 669, 110, 96
track:393, 864, 669, 110, 96
track:394, 865, 670, 110, 96
track:395, 866, 674, 110, 96
track:396, 867, 678, 110, 96
track:397, 868, 682, 110, 96
track:398, 868, 683, 110, 96
track:399, 869, 686, 110, 96
track:400, 870, 692, 110, 96
track:401, 871, 698, 110, 96
track:402, 873, 702, 110, 96
track:403, 872, 702, 110, 96
track:404, 873, 704, 110, 96
track:405, 876, 706, 104, 92
track:406, 878, 706, 104, 92
track:407, 878, 706, 104, 92
track:408, 878, 705, 104, 92
track:409, 879, 704, 104, 92
track:410, 879, 702, 104, 92
track:411, 879, 699, 104, 92
track:412, 880, 698, 104, 92
track:413, 881, 697, 104, 92
track:414, 880, 696, 104, 92
track:415, 880, 697, 104, 92
track:416, 880, 700, 104, 92
track:417, 881, 700, 104, 92
track:418, 881, 700, 104, 92
track:419, 881, 700, 104, 92
track:420, 879, 701, 104, 92
track:421, 878, 701, 104, 92
track:422, 878, 699, 104, 92
track:423, 878, 698, 104, 92
track:424, 878, 695, 104, 92
track:425, 878, 693, 104, 92
track:426, 876, 692, 104, 92
track:427, 875, 690, 104, 92
track:428, 875, 690, 104, 92
track:429, 875, 690, 104, 92
track:430, 874, 691, 104, 92
track:431, 873, 691, 104, 92
track:432, 873, 691, 104, 92
track:433, 873, 691, 104, 92
track:434, 871, 691, 104, 92
track:435, 871, 691, 104, 92
track:436, 870, 692, 104, 92
track:437, 870, 694, 104, 92
track:438, 871, 694, 104, 92
track:439, 872, 695, 104, 92
track:440, 872, 696, 104, 92
track:441, 871, 696, 104, 92
track:442, 872, 696, 104, 92
track:443, 872, 696, 104, 92
track:444, 872, 697, 104, 92
track:445, 872, 698, 104, 92
track:446, 873, 699, 104, 92
track:447, 873, 698, 104, 92
track:448, 873, 697, 104, 92
track:449, 871, 694, 110, 96
track:450, 871, 694, 110, 96
track:451, 870, 695, 110, 96
track:452, 872, 697, 110, 96
track:453, 873, 697, 110, 96
track:454, 873, 697, 110, 96
track:455, 872, 695, 115, 101
track:456, 873, 695, 115, 101
track:457, 872, 695, 115, 101
track:458, 871, 695, 115, 101
track:459, 871, 695, 115, 101
track:460, 871, 693, 115, 101
track:461, 872, 693, 115, 101
track:462, 872, 693, 115, 101
track:463, 872, 692, 115, 101
track:464, 868, 688, 121, 106
track:465, 868, 686, 121, 106
track:466, 868, 687, 121, 106
track:467, 867, 687, 121, 106
track:468, 868, 688, 121, 106
track:469, 868, 688, 121, 106
track:470, 867, 687, 127, 111
init :471, 863, 685, 138, 106
track:472, 863, 685, 138, 106
track:473, 864, 688, 138, 106
track:474, 860, 688, 145, 111
track:475, 863, 687, 145, 111
track:476, 865, 687, 145, 111
track:477, 865, 686, 145, 111
track:478, 867, 686, 145, 111
track:479, 867, 684, 145, 111
track:480, 866, 673, 152, 117
track:481, 868, 670, 152, 117
track:482, 868, 670, 152, 117
track:483, 871, 662, 152, 117
track:484, 873, 661, 152, 117
track:485, 874, 661, 152, 117
track:486, 873, 665, 152, 117
track:487, 874, 666, 152, 117
track:488, 870, 667, 160, 123
track:490, 868, 670, 160, 123
track:491, 864, 671, 160, 123
track:492, 863, 672, 160, 123
track:493, 858, 669, 168, 129
track:494, 857, 669, 168, 129
track:495, 853, 660, 168, 129
track:496, 850, 656, 168, 129
track:497, 850, 655, 168, 129
track:498, 849, 652, 168, 129
track:499, 848, 649, 168, 129
track:500, 847, 645, 168, 129
track:501, 847, 640, 168, 129
track:502, 848, 639, 168, 129
track:503, 848, 638, 168, 129
track:504, 847, 636, 168, 129
track:505, 846, 634, 168, 129
track:506, 846, 634, 168, 129
track:507, 845, 634, 168, 129
track:508, 845, 632, 168, 129
track:509, 849, 632, 160, 123
track:510, 849, 629, 160, 123
track:511, 848, 627, 160, 123
track:512, 848, 627, 160, 123
track:513, 848, 626, 160, 123
track:514, 848, 627, 160, 123
track:515, 848, 628, 160, 123
track:516, 848, 627, 160, 123
track:517, 848, 627, 160, 123
track:518, 848, 625, 160, 123
track:519, 848, 624, 160, 123
track:520, 853, 626, 152, 117
track:521, 858, 628, 145, 111
track:522, 858, 627, 145, 111
track:523, 857, 628, 145, 111
track:524, 857, 631, 145, 111
track:525, 859, 633, 145, 111
track:526, 860, 634, 145, 111
track:527, 860, 633, 145, 111
track:528, 860, 633, 145, 111
track:529, 861, 633, 145, 111
track:530, 861, 631, 145, 111
track:531, 865, 633, 138, 106
track:532, 865, 632, 138, 106
track:533, 867, 634, 138, 106
track:534, 867, 634, 138, 106
track:535, 866, 635, 138, 106
track:536, 869, 640, 131, 101
track:537, 869, 639, 131, 101
track:538, 870, 641, 131, 101
track:539, 870, 643, 131, 101
track:540, 870, 642, 131, 101
track:543, 871, 647, 125, 96
track:544, 871, 646, 125, 96
track:546, 869, 654, 125, 96
track:547, 868, 653, 125, 96
track:548, 867, 655, 125, 96
track:549, 870, 660, 119, 92
track:550, 869, 661, 119, 92
track:551, 869, 663, 119, 92
track:552, 870, 665, 114, 87
track:553, 870, 664, 114, 87
track:554, 872, 666, 108, 83
track:555, 872, 665, 108, 83
track:556, 872, 665, 108, 83
track:557, 872, 666, 108, 83
track:558, 871, 671, 108, 83
track:559, 871, 673, 108, 83
track:560, 870, 677, 108, 83
track:561, 870, 681, 108, 83
track:562, 870, 680, 108, 83
track:563, 871, 683, 108, 83
track:564, 871, 685, 108, 83
init :565, 876, 687, 96, 83
track:566, 876, 689, 96, 83
track:567, 876, 689, 96, 83
track:568, 877, 692, 96, 83
track:569, 878, 693, 96, 83
track:570, 877, 697, 96, 83
track:571, 877, 699, 96, 83
track:572, 877, 699, 96, 83
track:573, 878, 702, 96, 83
track:574, 876, 701, 101, 87
track:575, 878, 701, 101, 87
track:576, 877, 698, 101, 87
track:577, 876, 698, 101, 87
track:578, 876, 696, 101, 87
track:579, 877, 694, 101, 87
track:580, 878, 693, 101, 87
track:581, 879, 694, 101, 87
track:582, 878, 694, 101, 87
track:583, 878, 696, 101, 87
track:584, 877, 697, 101, 87
track:585, 878, 697, 101, 87
track:586, 878, 698, 101, 87
track:587, 878, 698, 101, 87
track:588, 878, 699, 101, 87
track:589, 876, 696, 106, 92
track:590, 876, 696, 106, 92
track:591, 874, 697, 106, 92
track:592, 873, 697, 106, 92
track:593, 870, 694, 111, 96
track:594, 870, 693, 111, 96
track:595, 870, 683, 111, 96
track:596, 869, 682, 111, 96
track:597, 866, 678, 117, 101
track:598, 866, 674, 117, 101
track:599, 865, 668, 117, 101
track:600, 865, 664, 117, 101
track:601, 866, 664, 117, 101
track:602, 866, 664, 117, 101
track:603, 866, 663, 117, 101
track:604, 865, 659, 117, 101
track:605, 865, 656, 117, 101
track:606, 865, 654, 117, 101
track:607, 864, 655, 117, 101
track:608, 865, 654, 117, 101
track:609, 866, 654, 117, 101
track:610, 866, 655, 117, 101
track:611, 866, 659, 117, 101
track:612, 866, 659, 117, 101
track:613, 866, 662, 117, 101
track:614, 866, 664, 117, 101
track:615, 867, 666, 117, 101
track:616, 866, 669, 117, 101
track:617, 863, 667, 123, 106
track:618, 863, 667, 123, 106
track:619, 862, 666, 123, 106
track:620, 863, 665, 123, 106
track:621, 863, 664, 123, 106
track:622, 864, 665, 123, 106
track:623, 863, 664, 123, 106
track:624, 863, 663, 123, 106
track:625, 863, 663, 123, 106
track:626, 864, 664, 123, 106
track:627, 864, 664, 123, 106
track:628, 862, 662, 129, 111
track:629, 861, 663, 129, 111
track:630, 858, 657, 135, 117
track:631, 858, 656, 135, 117
track:632, 858, 655, 135, 117
track:633, 860, 659, 135, 117
track:634, 860, 663, 135, 117
track:635, 859, 664, 135, 117
track:636, 861, 666, 135, 117
track:637, 862, 666, 135, 117
track:638, 863, 666, 135, 117
track:639, 865, 667, 135, 117
track:640, 864, 667, 135, 117
track:641, 865, 664, 135, 117
track:642, 864, 664, 135, 117
track:643, 864, 662, 135, 117
track:644, 864, 662, 135, 117
track:645, 865, 653, 135, 117
track:646, 866, 651, 135, 117
track:647, 865, 650, 135, 117
track:648, 862, 648, 142, 123
track:649, 862, 648, 142, 123
track:650, 864, 650, 142, 123
track:651, 866, 649, 142, 123
track:652, 867, 649, 142, 123
track:653, 868, 648, 142, 123
track:654, 868, 650, 142, 123
track:655, 869, 654, 142, 123
track:656, 870, 655, 142, 123
track:657, 871, 656, 142, 123
track:658, 873, 659, 142, 123
init :659, 876, 662, 138, 116
track:660, 876, 661, 138, 116
track:661, 877, 662, 138, 116
track:662, 877, 663, 138, 116
track:663, 878, 662, 138, 116
track:664, 879, 661, 138, 116
track:665, 881, 659, 138, 116
track:666, 881, 658, 138, 116
track:667, 881, 657, 138, 116
track:668, 882, 654, 138, 116
track:669, 882, 654, 138, 116
track:670, 882, 653, 138, 116
track:671, 880, 654, 138, 116
track:672, 880, 653, 138, 116
track:673, 877, 652, 138, 116
track:674, 876, 652, 138, 116
track:675, 876, 651, 138, 116
track:676, 875, 651, 138, 116
track:677, 874, 651, 138, 116
track:678, 872, 654, 138, 116
track:679, 871, 664, 138, 116
track:680, 873, 671, 138, 116
track:681, 874, 672, 138, 116
track:682, 873, 672, 138, 116
track:683, 871, 672, 138, 116
track:684, 869, 671, 138, 116
track:685, 869, 674, 138, 116
track:686, 870, 677, 138, 116
track:687, 870, 677, 138, 116
track:688, 869, 676, 138, 116
track:689, 868, 674, 138, 116
track:690, 866, 673, 138, 116
track:691, 865, 671, 138, 116
track:692, 866, 670, 138, 116
track:693, 865, 669, 138, 116
track:694, 864, 668, 138, 116
track:695, 865, 667, 138, 116
track:696, 864, 666, 138, 116
track:697, 865, 666, 138, 116
track:698, 862, 665, 138, 116
track:699, 860, 666, 138, 116
track:700, 859, 667, 138, 116
track:701, 860, 668, 138, 116
track:702, 860, 669, 138, 116
track:703, 860, 672, 138, 116
track:704, 856, 676, 145, 122
track:705, 854, 679, 145, 122
track:706, 853, 681, 145, 122
track:707, 856, 684, 138, 116
track:708, 855, 686, 138, 116
track:709, 855, 686, 138, 116
track:710, 855, 684, 138, 116
track:711, 856, 683, 138, 116
track:712, 855, 681, 138, 116
track:713, 855, 679, 138, 116
track:714, 854, 679, 138, 116
track:715, 854, 681, 138, 116
track:716, 854, 682, 138, 116
track:717, 855, 683, 138, 116
track:718, 855, 683, 138, 116
track:719, 856, 683, 138, 116
track:720, 855, 684, 138, 116
track:721, 855, 684, 138, 116
track:722, 856, 684, 138, 116
track:723, 857, 683, 138, 116
track:724, 857, 680, 138, 116
track:725, 855, 674, 145, 122
track:726, 855, 673, 145, 122
track:727, 852, 668, 152, 128
track:728, 852, 665, 152, 128
track:729, 852, 660, 152, 128
track:730, 853, 659, 152, 128
track:731, 854, 658, 152, 128
track:732, 854, 659, 152, 128
track:733, 854, 657, 152, 128
track:734, 854, 652, 152, 128
track:735, 852, 646, 160, 134
track:736, 853, 644, 160, 134
track:737, 853, 642, 160, 134
track:738, 850, 641, 160, 134
track:739, 850, 641, 160, 134
track:740, 852, 643, 160, 134
track:741, 852, 643, 160, 134
track:742, 852, 644, 160, 134
track:743, 851, 644, 160, 134
track:744, 850, 644, 160, 134
track:745, 851, 642, 160, 134
track:746, 851, 642, 160, 134
track:747, 851, 640, 160, 134
track:748, 851, 632, 160, 134
track:749, 850, 627, 160, 134
track:750, 849, 626, 160, 134
track:751, 849, 625, 160, 134
track:752, 848, 627, 160, 134
init :753, 849, 628, 156, 124
track:754, 850, 628, 156, 124
track:755, 853, 629, 156, 124
track:756, 853, 629, 156, 124
track:757, 854, 628, 156, 124
track:758, 854, 627, 156, 124
track:759, 853, 628, 156, 124
track:760, 854, 632, 156, 124
track:761, 854, 633, 156, 124
track:762, 856, 633, 156, 124
track:763, 859, 632, 156, 124
track:764, 860, 632, 156, 124
track:765, 863, 635, 149, 118
track:766, 862, 635, 149, 118
track:767, 861, 636, 149, 118
track:768, 861, 637, 149, 118
track:769, 861, 639, 149, 118
track:770, 864, 649, 149, 118
track:771, 865, 648, 149, 118
track:772, 866, 648, 149, 118
track:773, 867, 647, 149, 118
track:774, 868, 647, 149, 118
track:775, 870, 647, 149, 118
track:776, 869, 647, 149, 118
track:777, 870, 647, 149, 118
track:778, 874, 648, 141, 112
track:779, 874, 648, 141, 112
track:780, 878, 650, 135, 107
track:781, 878, 650, 135, 107
track:782, 878, 650, 135, 107
track:783, 879, 650, 135, 107
track:784, 878, 650, 135, 107
track:785, 878, 650, 135, 107
track:786, 878, 651, 135, 107
track:787, 879, 653, 128, 102
track:788, 878, 653, 128, 102
track:789, 878, 654, 128, 102
track:790, 878, 653, 128, 102
track:791, 877, 653, 128, 102
track:792, 880, 654, 122, 97
track:793, 876, 654, 128, 102
track:794, 877, 655, 128, 102
track:795, 877, 659, 128, 102
track:796, 877, 660, 128, 102
track:797, 877, 659, 128, 102
track:798, 877, 658, 128, 102
track:799, 877, 659, 128, 102
track:800, 877, 660, 128, 102
track:801, 877, 661, 128, 102
track:802, 876, 661, 128, 102
track:803, 877, 661, 128, 102
track:804, 876, 662, 128, 102
track:805, 875, 662, 128, 102
track:806, 875, 663, 128, 102
track:807, 875, 662, 128, 102
track:808, 874, 663, 128, 102
track:809, 874, 665, 128, 102
track:810, 875, 667, 128, 102
track:811, 875, 668, 128, 102
track:812, 873, 669, 128, 102
track:813, 872, 669, 128, 102
track:814, 871, 669, 128, 102
track:815, 870, 669, 128, 102
track:816, 869, 668, 128, 102
track:817, 869, 670, 128, 102
track:818, 866, 675, 135, 107
track:819, 865, 678, 135, 107
track:820, 862, 689, 135, 107
track:821, 862, 689, 135, 107
track:822, 861, 690, 135, 107
track:823, 858, 685, 141, 112
track:824, 858, 685, 141, 112
track:825, 856, 685, 141, 112
track:826, 856, 685, 141, 112
track:827, 855, 690, 141, 112
track:828, 855, 695, 141, 112
track:829, 853, 694, 149, 118
track:830, 855, 696, 149, 118
track:831, 855, 696, 149, 118
track:832, 856, 696, 149, 118
track:833, 859, 694, 149, 118
track:834, 856, 686, 156, 124
track:835, 855, 677, 156, 124
track:836, 856, 676, 156, 124
track:837, 852, 667, 164, 130
track:838, 851, 666, 164, 130
track:839, 845, 660, 172, 137
track:840, 843, 655, 172, 137
track:841, 842, 655, 172, 137
track:842, 841, 654, 172, 137
track:843, 838, 649, 172, 137
track:844, 835, 645, 172, 137
track:845, 829, 632, 172, 137
track:846, 828, 632, 172, 137
init :847, 821, 612, 189, 160
track:848, 822, 608, 189, 160
track:849, 818, 604, 198, 168
track:850, 823, 606, 189, 160
track:851, 822, 605, 189, 160
track:852, 822, 598, 198, 168
track:853, 825, 594, 198, 168
track:854, 827, 595, 198, 168
track:855, 826, 600, 198, 168
track:856, 827, 601, 198, 168
track:857, 826, 602, 198, 168
track:858, 832, 602, 189, 160
track:859, 832, 597, 189, 160
track:860, 833, 596, 189, 160
track:861, 833, 595, 189, 160
track:862, 833, 597, 189, 160
track:863, 833, 602, 189, 160
track:864, 835, 607, 189, 160
track:865, 834, 613, 189, 160
track:866, 839, 618, 180, 152
track:867, 839, 623, 180, 152
track:868, 840, 624, 180, 152
track:869, 841, 625, 180, 152
track:870, 841, 630, 180, 152
track:871, 841, 630, 180, 152
track:872, 842, 630, 180, 152
track:873, 843, 630, 180, 152
track:874, 843, 630, 180, 152
track:875, 843, 632, 180, 152
track:876, 843, 632, 180, 152
track:877, 844, 633, 180, 152
track:878, 850, 636, 171, 145
track:879, 852, 636, 171, 145
track:880, 852, 635, 171, 145
track:881, 852, 636, 171, 145
track:882, 856, 637, 163, 138
track:883, 858, 636, 163, 138
track:884, 861, 635, 163, 138
track:885, 862, 636, 163, 138
track:886, 862, 635, 163, 138
track:887, 864, 637, 163, 138
track:888, 869, 641, 155, 132
track:889, 870, 639, 155, 132
track:890, 872, 638, 155, 132
track:891, 871, 637, 155, 132
track:892, 872, 637, 155, 132
track:893, 873, 635, 155, 132
track:894, 874, 635, 155, 132
track:895, 878, 638, 148, 125
track:896, 882, 642, 141, 119
track:897, 882, 641, 141, 119
track:898, 880, 641, 141, 119
track:899, 879, 640, 141, 119
track:900, 877, 642, 141, 119
track:901, 878, 643, 141, 119
track:902, 879, 646, 134, 114
track:903, 878, 646, 134, 114
track:904, 878, 645, 134, 114
track:905, 878, 646, 134, 114
track:906, 879, 646, 134, 114
track:907, 904, 638, 128, 108
track:908, 917, 643, 122, 103
track:909, 919, 653, 122, 103
track:910, 921, 660, 122, 103
track:911, 922, 659, 122, 103
track:912, 919, 663, 122, 103
track:913, 919, 666, 122, 103
track:914, 918, 668, 122, 103
track:915, 922, 673, 116, 98
track:916, 921, 674, 116, 98
track:917, 924, 676, 116, 98
track:918, 924, 676, 116, 98
track:919, 924, 678, 116, 98
track:920, 922, 679, 116, 98
track:921, 921, 678, 116, 98
track:922, 919, 678, 116, 98
track:923, 910, 678, 116, 98
track:924, 905, 676, 116, 98
track:925, 898, 676, 116, 98
track:926, 897, 677, 116, 98
track:927, 899, 680, 111, 94
track:928, 887, 679, 111, 94
track:929, 886, 680, 105, 89
track:930, 883, 678, 105, 89
track:931, 880, 679, 105, 89
track:932, 876, 677, 105, 89
track:933, 873, 675, 105, 89
track:934, 873, 673, 105, 89
track:935, 872, 670, 105, 89
track:936, 871, 669, 105, 89
track:937, 871, 666, 105, 89
track:938, 871, 664, 105, 89
track:939, 870, 663, 105, 89
track:940, 870, 661, 105, 89
init :941, 775, 568, 318, 236
track:942, 776, 569, 318, 236
track:943, 776, 569, 318, 236
track:944, 776, 567, 318, 236
track:945, 777, 567, 318, 236
track:946, 776, 566, 318, 236
track:947, 774, 567, 318, 236
track:948, 770, 569, 318, 236
track:949, 767, 570, 318, 236
track:950, 762, 570, 318, 236
track:951, 762, 573, 318, 236
track:952, 759, 574, 318, 236
track:953, 758, 575, 318, 236
track:954, 755, 575, 318, 236
track:955, 753, 577, 318, 236
track:956, 756, 578, 318, 236
track:957, 753, 579, 318, 236
track:958, 749, 581, 318, 236
track:959, 742, 575, 334, 248
track:960, 743, 575, 334, 248
track:961, 743, 575, 334, 248
track:962, 741, 577, 334, 248
track:963, 737, 578, 334, 248
track:964, 738, 577, 334, 248
track:965, 734, 577, 334, 248
track:966, 730, 578, 334, 248
track:967, 731, 579, 334, 248
track:968, 725, 580, 334, 248
track:969, 719, 581, 334, 248
track:970, 719, 581, 334, 248
track:971, 715, 580, 334, 248
track:972, 709, 581, 334, 248
track:973, 704, 582, 334, 248
track:974, 701, 582, 334, 248
track:975, 704, 583, 334, 248
track:976, 701, 584, 334, 248
track:977, 698, 586, 334, 248
track:978, 699, 592, 318, 236
track:979, 695, 590, 318, 236
track:980, 698, 593, 318, 236
track:981, 698, 594, 318, 236
track:982, 696, 595, 318, 236
track:983, 698, 594, 318, 236
track:984, 697, 595, 318, 236
track:985, 701, 593, 318, 236
track:986, 699, 594, 318, 236
track:987, 699, 595, 318, 236
track:988, 704, 595, 318, 236
track:989, 703, 594, 318, 236
track:990, 704, 594, 318, 236
track:991, 703, 594, 318, 236
track:992, 703, 593, 318, 236
track:993, 703, 591, 318, 236
track:994, 708, 596, 303, 225
track:995, 709, 594, 303, 225
track:996, 710, 592, 303, 225
track:997, 711, 591, 303, 225
track:998, 718, 595, 288, 214
track:999, 727, 594, 288, 214
track:1000, 723, 593, 288, 214
track:1001, 731, 589, 288, 214
track:1002, 739, 593, 275, 204
track:1003, 746, 588, 275, 204
track:1004, 755, 591, 262, 194
track:1005, 756, 589, 262, 194
track:1006, 759, 588, 262, 194
track:1007, 761, 585, 262, 194
track:1008, 766, 586, 249, 185
track:1009, 759, 580, 262, 194
track:1010, 758, 578, 262, 194
track:1011, 763, 581, 249, 185
track:1012, 759, 579, 249, 185
track:1013, 756, 579, 249, 185
track:1014, 753, 576, 249, 185
track:1015, 753, 576, 249, 185
track:1016, 750, 575, 249, 185
track:1017, 754, 578, 237, 176
track:1018, 750, 579, 237, 176
track:1019, 750, 578, 237, 176
track:1020, 750, 577, 237, 176
track:1021, 748, 579, 237, 176
track:1022, 747, 578, 237, 176
track:1023, 746, 578, 237, 176
track:1024, 744, 578, 237, 176
track:1025, 744, 578, 237, 176
track:1026, 750, 581, 226, 168
track:1027, 752, 586, 215, 160
track:1028, 751, 591, 205, 152
track:1029, 747, 592, 205, 152
track:1030, 751, 596, 195, 145
track:1031, 752, 600, 186, 138
track:1032, 746, 601, 186, 138
track:1033, 743, 603, 186, 138
track:1034, 738, 604, 186, 138
init :1035, 743, 589, 433, 160
track:1036, 740, 590, 433, 160
track:1037, 739, 593, 433, 160
track:1038, 737, 594, 433, 160
track:1039, 744, 597, 433, 160
track:1040, 729, 597, 455, 168
track:1041, 724, 600, 455, 168
track:1042, 724, 602, 455, 168
track:1043, 735, 606, 433, 160
track:1044, 744, 612, 412, 152
track:1045, 744, 611, 412, 152
track:1046, 745, 613, 412, 152
track:1047, 745, 614, 412, 152
track:1048, 750, 616, 412, 152
track:1049, 752, 616, 412, 152
track:1050, 756, 616, 412, 152
track:1051, 761, 614, 412, 152
track:1052, 773, 615, 393, 145
track:1053, 779, 615, 393, 145
track:1054, 794, 613, 393, 145
track:1055, 785, 608, 412, 152
track:1056, 788, 608, 412, 152
track:1057, 794, 608, 412, 152
track:1058, 784, 607, 433, 160
track:1059, 787, 609, 433, 160
track:1060, 787, 610, 433, 160
track:1061, 796, 614, 412, 152
track:1062, 795, 614, 412, 152
track:1063, 781, 610, 433, 160
track:1064, 780, 610, 433, 160
track:1065, 778, 611, 433, 160
track:1066, 773, 611, 433, 160
track:1067, 765, 611, 433, 160
track:1068, 758, 611, 433, 160
track:1069, 745, 611, 433, 160
track:1070, 752, 615, 412, 152
track:1071, 746, 616, 412, 152
track:1072, 731, 616, 412, 152
track:1073, 703, 615, 433, 160
track:1074, 698, 614, 433, 160
track:1075, 694, 614, 433, 160
track:1076, 683, 616, 433, 160
track:1077, 677, 617, 433, 160
track:1078, 663, 619, 433, 160
track:1079, 642, 615, 455, 168
track:1080, 638, 614, 455, 168
track:1081, 644, 619, 433, 160
track:1082, 637, 620, 433, 160
track:1083, 640, 623, 412, 152
track:1084, 632, 621, 433, 160
track:1085, 637, 624, 412, 152
track:1086, 630, 619, 433, 160
track:1087, 628, 617, 433, 160
track:1088, 626, 616, 433, 160
track:1089, 620, 619, 433, 160
track:1090, 621, 618, 433, 160
track:1091, 625, 618, 433, 160
track:1092, 618, 618, 455, 168
track:1093, 630, 622, 433, 160
track:1094, 619, 618, 455, 168
track:1095, 618, 618, 455, 168
track:1096, 631, 622, 433, 160
track:1097, 635, 623, 433, 160
track:1098, 629, 624, 433, 160
track:1099, 632, 623, 433, 160
track:1100, 633, 622, 433, 160
track:1101, 636, 621, 433, 160
track:1102, 633, 623, 433, 160
track:1103, 642, 626, 412, 152
track:1104, 645, 627, 412, 152
track:1105, 642, 627, 412, 152
track:1106, 641, 627, 412, 152
track:1107, 641, 626, 412, 152
track:1108, 638, 629, 412, 152
track:1109, 635, 629, 412, 152
track:1110, 634, 631, 412, 152
track:1111, 633, 635, 393, 145
track:1112, 631, 632, 393, 145
track:1113, 632, 635, 374, 138
track:1114, 625, 637, 374, 138
track:1115, 629, 637, 374, 138
track:1116, 638, 641, 356, 132
track:1117, 639, 640, 356, 132
track:1118, 648, 645, 339, 125
track:1119, 641, 643, 339, 125
track:1120, 648, 646, 323, 119
track:1121, 644, 645, 323, 119
track:1122, 636, 646, 323, 119
track:1123, 639, 644, 323, 119
track:1124, 640, 645, 323, 119
track:1125, 646, 650, 308, 114
track:1126, 654, 652, 308, 114
track:1127, 660, 654, 308, 114
track:1128, 671, 659, 293, 108
init :1129, 756, 628, 332, 173
track:1130, 756, 628, 332, 173
track:1131, 765, 632, 316, 165
track:1132, 771, 632, 316, 165
track:1133, 780, 638, 301, 157
track:1134, 784, 638, 301, 157
track:1135, 792, 641, 287, 149
track:1136, 791, 642, 287, 149
track:1137, 802, 644, 273, 142
track:1138, 798, 644, 273, 142
track:1139, 794, 643, 273, 142
track:1140, 791, 643, 273, 142
track:1141, 779, 643, 287, 149
track:1142, 774, 643, 287, 149
track:1143, 755, 642, 287, 149
track:1144, 718, 636, 301, 157
track:1145, 715, 632, 316, 165
track:1146, 712, 633, 316, 165
track:1147, 722, 640, 301, 157
track:1148, 728, 648, 287, 149
track:1149, 727, 656, 273, 142
track:1150, 721, 654, 273, 142
track:1151, 717, 653, 273, 142
track:1152, 711, 655, 273, 142
track:1153, 715, 665, 260, 136
track:1154, 704, 661, 273, 142
track:1155, 701, 663, 273, 142
track:1156, 706, 666, 273, 142
track:1157, 707, 662, 273, 142
track:1158, 717, 666, 260, 136
track:1159, 716, 666, 260, 136
track:1160, 716, 665, 260, 136
track:1161, 718, 666, 260, 136
track:1162, 723, 668, 260, 136
track:1163, 723, 667, 260, 136
track:1164, 723, 668, 260, 136
track:1165, 720, 669, 260, 136
track:1166, 715, 670, 260, 136
track:1167, 717, 669, 260, 136
track:1168, 700, 665, 273, 142
track:1169, 691, 665, 273, 142
track:1170, 693, 667, 273, 142
track:1171, 692, 665, 273, 142
track:1172, 687, 658, 287, 149
track:1173, 681, 657, 287, 149
track:1174, 671, 656, 287, 149
track:1175, 681, 655, 287, 149
track:1176, 683, 657, 287, 149
track:1177, 687, 658, 273, 142
track:1178, 684, 655, 273, 142
track:1179, 686, 652, 273, 142
track:1180, 686, 651, 273, 142
track:1181, 694, 649, 273, 142
track:1182, 686, 642, 287, 149
track:1183, 680, 638, 287, 149
track:1184, 685, 634, 287, 149
track:1185, 675, 632, 301, 157
track:1186, 686, 633, 287, 149
track:1187, 689, 630, 287, 149
track:1188, 695, 634, 273, 142
track:1189, 702, 638, 260, 136
track:1190, 703, 639, 260, 136
track:1191, 702, 633, 260, 136
track:1192, 706, 631, 260, 136
track:1193, 706, 628, 260, 136
track:1194, 709, 625, 260, 136
track:1195, 711, 628, 248, 129
track:1196, 710, 628, 248, 129
track:1197, 715, 628, 236, 123
track:1198, 720, 629, 225, 117
track:1199, 717, 628, 225, 117
track:1200, 720, 628, 225, 117
track:1201, 725, 632, 214, 112
track:1202, 730, 631, 214, 112
track:1203, 728, 626, 225, 117
track:1204, 736, 626, 225, 117
track:1205, 736, 626, 225, 117
track:1206, 742, 624, 225, 117
track:1207, 752, 623, 225, 117
track:1208, 760, 627, 214, 112
track:1209, 758, 628, 214, 112
track:1210, 765, 631, 214, 112
track:1211, 772, 631, 214, 112
track:1212, 780, 632, 214, 112
track:1213, 786, 633, 214, 112
track:1214, 783, 634, 214, 112
track:1215, 792, 633, 214, 112
track:1216, 794, 633, 214, 112
track:1217, 797, 634, 214, 112
track:1218, 803, 638, 204, 106
track:1219, 804, 638, 204, 106
track:1220, 804, 638, 204, 106
track:1221, 807, 638, 204, 106
track:1222, 813, 642, 194, 101
init :1223, 886, 654, 300, 96
track:1224, 886, 654, 300, 96
track:1225, 894, 657, 286, 91
track:1226, 894, 658, 286, 91
track:1227, 893, 658, 286, 91
track:1228, 892, 659, 286, 91
track:1229, 891, 659, 286, 91
track:1230, 891, 660, 286, 91
track:1231, 891, 660, 286, 91
track:1232, 898, 662, 272, 87
track:1233, 901, 665, 259, 83
track:1234, 900, 665, 259, 83
track:1235, 899, 667, 259, 83
track:1236, 901, 670, 247, 79
track:1237, 897, 670, 247, 79
track:1238, 897, 670, 247, 79
track:1239, 897, 670, 247, 79
track:1240, 890, 668, 259, 83
track:1241, 877, 666, 272, 87
track:1242, 886, 669, 259, 83
track:1243, 890, 670, 247, 79
track:1244, 879, 671, 259, 83
track:1245, 870, 674, 259, 83
track:1246, 873, 676, 259, 83
track:1247, 953, 673, 259, 83
track:1248, 949, 675, 259, 83
track:1249, 946, 674, 259, 83
track:1250, 945, 672, 259, 83
track:1251, 951, 674, 247, 79
track:1252, 950, 674, 247, 79
track:1253, 945, 673, 247, 79
track:1254, 944, 672, 247, 79
track:1255, 941, 671, 247, 79
track:1256, 917, 671, 247, 79
track:1257, 918, 672, 247, 79
track:1258, 910, 671, 259, 83
track:1259, 909, 674, 259, 83
track:1260, 905, 674, 259, 83
track:1261, 898, 675, 259, 83
track:1262, 890, 678, 259, 83
track:1263, 890, 678, 259, 83
track:1264, 890, 678, 259, 83
track:1265, 898, 681, 247, 79
track:1266, 899, 680, 247, 79
track:1267, 898, 678, 247, 79
track:1268, 894, 675, 247, 79
track:1269, 896, 671, 247, 79
track:1270, 893, 666, 247, 79
track:1271, 891, 664, 247, 79
track:1272, 895, 664, 235, 75
track:1273, 890, 663, 235, 75
track:1274, 892, 662, 235, 75
track:1275, 894, 664, 224, 72
track:1276, 890, 664, 224, 72
track:1277, 887, 663, 224, 72
track:1278, 875, 662, 224, 72
track:1279, 878, 663, 213, 68
track:1280, 871, 661, 224, 72
track:1281, 872, 660, 224, 72
track:1282, 861, 662, 213, 68
track:1283, 866, 662, 203, 65
track:1284, 858, 659, 213, 68
track:1285, 856, 658, 213, 68
track:1286, 852, 658, 213, 68
track:1287, 857, 658, 203, 65
track:1288, 843, 659, 203, 65
track:1289, 847, 659, 193, 62
track:1290, 851, 658, 193, 62
track:1291, 853, 656, 193, 62
track:1292, 845, 660, 184, 59
track:1293, 848, 659, 184, 59
track:1294, 849, 658, 184, 59
track:1295, 845, 657, 184, 59
track:1296, 846, 657, 184, 59
track:1297, 851, 656, 184, 59
track:1298, 848, 655, 184, 59
track:1299, 847, 654, 184, 59
track:1300, 849, 654, 184, 59
track:1301, 852, 654, 184, 59
track:1302, 849, 655, 184, 59
track:1303, 850, 654, 184, 59
track:1304, 853, 655, 184, 59
track:1305, 858, 656, 184, 59
track:1306, 866, 656, 184, 59
track:1307, 862, 658, 184, 59
track:1308, 874, 659, 184, 59
track:1309, 869, 660, 184, 59
track:1310, 870, 660, 184, 59
track:1311, 869, 660, 193, 62
track:1312, 867, 661, 193, 62
track:1313, 868, 662, 193, 62
track:1314, 866, 662, 193, 62
track:1315, 864, 663, 193, 62
track:1316, 863, 663, 193, 62
init :1317, 863, 669, 166, 54
track:1318, 861, 669, 166, 54
track:1319, 862, 669, 166, 54
track:1320, 866, 671, 158, 51
track:1321, 864, 670, 158, 51
track:1322, 862, 670, 166, 54
track:1323, 859, 669, 174, 57
track:1324, 860, 670, 174, 57
track:1325, 861, 670, 174, 57
track:1326, 862, 672, 174, 57
track:1327, 864, 673, 174, 57
track:1328, 861, 672, 183, 60
track:1329, 862, 673, 183, 60
track:1330, 859, 673, 183, 60
track:1331, 860, 674, 183, 60
track:1332, 859, 674, 183, 60
track:1333, 854, 674, 183, 60
track:1334, 852, 674, 183, 60
track:1335, 854, 675, 174, 57
track:1336, 849, 675, 174, 57
track:1337, 842, 674, 183, 60
track:1338, 838, 674, 183, 60
track:1339, 838, 674, 183, 60
track:1340, 837, 674, 183, 60
track:1341, 836, 675, 183, 60
track:1342, 835, 675, 183, 60
track:1343, 835, 675, 183, 60
track:1344, 834, 676, 183, 60
track:1345, 835, 676, 183, 60
track:1346, 835, 676, 183, 60
track:1347, 835, 676, 183, 60
track:1348, 840, 677, 174, 57
track:1349, 840, 677, 174, 57
track:1350, 839, 677, 174, 57
track:1351, 837, 678, 174, 57
track:1352, 836, 678, 174, 57
track:1353, 834, 679, 174, 57
track:1354, 835, 679, 174, 57
track:1355, 835, 679, 174, 57
track:1356, 835, 680, 174, 57
track:1357, 837, 679, 174, 57
track:1358, 837, 679, 174, 57
track:1359, 837, 680, 174, 57
track:1360, 831, 679, 183, 60
track:1361, 831, 680, 183, 60
track:1362, 836, 682, 174, 57
track:1363, 835, 683, 174, 57
track:1364, 834, 683, 174, 57
track:1365, 839, 685, 166, 54
track:1366, 839, 684, 166, 54
track:1367, 835, 683, 174, 57
track:1368, 834, 684, 174, 57
track:1369, 829, 683, 183, 60
track:1370, 833, 685, 174, 57
track:1371, 830, 686, 174, 57
track:1372, 829, 686, 174, 57
track:1373, 824, 686, 183, 60
track:1374, 827, 688, 174, 57
track:1375, 825, 688, 174, 57
track:1376, 824, 688, 174, 57
track:1377, 821, 688, 174, 57
track:1378, 817, 689, 174, 57
track:1379, 815, 688, 174, 57
track:1380, 813, 690, 174, 57
track:1381, 804, 689, 183, 60
track:1382, 801, 691, 183, 60
track:1383, 798, 692, 183, 60
track:1384, 801, 693, 174, 57
track:1385, 796, 692, 183, 60
track:1386, 796, 694, 183, 60
track:1387, 803, 696, 174, 57
track:1388, 809, 697, 166, 54
track:1389, 812, 698, 158, 51
track:1390, 810, 697, 166, 54
track:1391, 814, 698, 166, 54
track:1392, 820, 699, 166, 54
track:1393, 819, 699, 174, 57
track:1394, 819, 700, 174, 57
track:1395, 825, 702, 166, 54
track:1396, 827, 702, 166, 54
track:1397, 828, 703, 166, 54
track:1398, 827, 703, 166, 54
track:1399, 826, 704, 166, 54
track:1400, 823, 705, 166, 54
track:1401, 818, 707, 166, 54
track:1402, 808, 707, 174, 57
track:1403, 806, 707, 174, 57
track:1404, 804, 708, 174, 57
track:1405, 800, 709, 174, 57
track:1406, 798, 708, 174, 57
track:1407, 794, 708, 174, 57
track:1408, 791, 709, 174, 57
track:1409, 791, 708, 174, 57
track:1410, 790, 708, 174, 57
init :1411, 793, 713, 230, 75
track:1412, 792, 713, 230, 75
track:1413, 794, 714, 230, 75
track:1414, 794, 715, 230, 75
track:1415, 796, 715, 230, 75
track:1416, 797, 716, 230, 75
track:1417, 797, 715, 230, 75
track:1418, 793, 715, 230, 75
track:1419, 794, 716, 230, 75
track:1420, 793, 716, 230, 75
track:1421, 786, 714, 241, 79
track:1422, 785, 716, 241, 79
track:1423, 786, 717, 241, 79
track:1424, 786, 717, 241, 79
track:1425, 787, 717, 241, 79
track:1426, 787, 717, 241, 79
track:1427, 788, 717, 241, 79
track:1428, 779, 715, 254, 83
track:1429, 778, 715, 254, 83
track:1430, 776, 716, 254, 83
track:1431, 775, 717, 254, 83
track:1432, 781, 720, 254, 83
track:1433, 774, 720, 254, 83
track:1434, 773, 720, 254, 83
track:1435, 772, 721, 254, 83
track:1436, 768, 721, 254, 83
track:1437, 768, 722, 254, 83
track:1438, 763, 723, 266, 87
track:1439, 765, 723, 266, 87
track:1440, 757, 724, 280, 91
track:1441, 763, 727, 266, 87
track:1442, 754, 727, 266, 87
track:1443, 752, 728, 266, 87
track:1444, 745, 727, 280, 91
track:1445, 745, 728, 280, 91
track:1446, 732, 727, 280, 91
track:1447, 731, 728, 280, 91
track:1448, 724, 726, 294, 96
track:1449, 735, 726, 280, 91
track:1450, 727, 724, 294, 96
track:1451, 727, 724, 294, 96
track:1452, 732, 726, 294, 96
track:1453, 737, 728, 294, 96
track:1454, 743, 728, 294, 96
track:1455, 747, 728, 294, 96
track:1456, 761, 729, 280, 91
track:1457, 767, 728, 280, 91
track:1458, 808, 725, 294, 96
track:1459, 826, 727, 294, 96
track:1460, 825, 727, 294, 96
track:1461, 827, 726, 294, 96
track:1462, 825, 725, 294, 96
track:1463, 826, 724, 294, 96
track:1464, 819, 718, 308, 101
track:1465, 819, 716, 294, 96
track:1466, 826, 705, 294, 96
track:1467, 821, 700, 294, 96
track:1468, 824, 696, 294, 96
track:1469, 824, 697, 294, 96
track:1470, 818, 700, 294, 96
track:1471, 821, 702, 294, 96
track:1472, 819, 700, 294, 96
track:1473, 817, 702, 294, 96
track:1474, 810, 699, 294, 96
track:1475, 807, 699, 294, 96
track:1476, 806, 698, 294, 96
track:1477, 807, 697, 308, 101
track:1478, 806, 697, 308, 101
track:1479, 805, 698, 308, 101
track:1480, 809, 698, 294, 96
track:1481, 813, 700, 294, 96
track:1482, 814, 698, 294, 96
track:1483, 816, 699, 294, 96
track:1484, 817, 698, 294, 96
track:1485, 821, 700, 294, 96
track:1486, 830, 702, 280, 91
track:1487, 835, 703, 280, 91
track:1488, 833, 702, 280, 91
track:1489, 838, 703, 280, 91
track:1490, 837, 702, 280, 91
track:1491, 844, 703, 266, 87
track:1492, 848, 702, 266, 87
track:1493, 851, 702, 266, 87
track:1494, 839, 697, 280, 91
track:1495, 835, 695, 280, 91
track:1496, 825, 691, 294, 96
track:1497, 815, 688, 294, 96
track:1498, 818, 686, 294, 96
track:1499, 811, 683, 294, 96
track:1500, 803, 680, 294, 96
track:1501, 805, 679, 280, 91
track:1502, 798, 676, 280, 91
track:1503, 798, 674, 280, 91
track:1504, 795, 672, 280, 91
init :1505, 826, 630, 309, 132
track:1506, 826, 629, 309, 132
track:1507, 823, 626, 309, 132
track:1508, 823, 626, 309, 132
track:1509, 821, 624, 309, 132
track:1510, 821, 622, 309, 132
track:1511, 824, 623, 309, 132
track:1512, 812, 619, 309, 132
track:1513, 810, 617, 309, 132
track:1514, 806, 619, 294, 126
track:1515, 781, 620, 294, 126
track:1516, 757, 620, 294, 126
track:1517, 731, 621, 294, 126
track:1518, 738, 622, 280, 120
track:1519, 714, 622, 280, 120
track:1520, 685, 620, 294, 126
track:1521, 662, 621, 294, 126
track:1522, 653, 621, 294, 126
track:1523, 661, 625, 280, 120
track:1524, 640, 625, 280, 120
track:1525, 642, 625, 280, 120
track:1526, 644, 625, 280, 120
track:1527, 656, 627, 267, 114
track:1528, 664, 630, 254, 109
track:1529, 693, 628, 254, 109
track:1530, 706, 628, 254, 109
track:1531, 736, 626, 254, 109
track:1532, 760, 625, 254, 109
track:1533, 764, 623, 254, 109
track:1534, 785, 625, 254, 109
track:1535, 817, 628, 242, 103
track:1536, 842, 630, 231, 99
track:1537, 867, 632, 220, 94
track:1538, 866, 631, 220, 94
track:1539, 879, 633, 220, 94
track:1540, 889, 636, 220, 94
track:1541, 898, 638, 209, 89
track:1542, 898, 639, 209, 89
track:1543, 901, 642, 199, 85
track:1544, 901, 641, 199, 85
track:1545, 900, 644, 199, 85
track:1546, 896, 646, 199, 85
track:1547, 880, 647, 199, 85
track:1548, 884, 649, 199, 85
track:1549, 876, 651, 199, 85
track:1550, 869, 653, 190, 81
track:1551, 870, 657, 181, 77
track:1552, 869, 660, 172, 74
track:1553, 868, 660, 172, 74
track:1554, 864, 660, 172, 74
track:1555, 866, 662, 164, 70
track:1556, 866, 662, 164, 70
track:1557, 868, 662, 164, 70
track:1558, 869, 663, 164, 70
track:1559, 877, 665, 156, 67
track:1560, 884, 666, 149, 63
track:1561, 888, 666, 149, 63
track:1562, 889, 666, 149, 63
track:1563, 893, 666, 149, 63
track:1564, 896, 669, 142, 60
track:1565, 901, 671, 135, 58
track:1566, 901, 671, 135, 58
track:1567, 903, 674, 128, 55
track:1568, 904, 674, 128, 55
track:1569, 902, 674, 128, 55
track:1570, 898, 673, 128, 55
track:1571, 902, 674, 122, 52
track:1572, 900, 675, 122, 52
track:1573, 901, 676, 116, 50
track:1574, 899, 676, 116, 50
track:1575, 894, 677, 116, 50
track:1576, 893, 678, 116, 50
track:1577, 888, 678, 116, 50
track:1578, 893, 679, 111, 47
track:1579, 889, 680, 111, 47
track:1580, 890, 682, 106, 45
track:1581, 885, 682, 106, 45
track:1582, 887, 683, 101, 43
track:1583, 887, 683, 101, 43
track:1584, 885, 683, 101, 43
track:1585, 883, 683, 101, 43
track:1586, 883, 684, 101, 43
track:1587, 883, 684, 101, 43
track:1588, 883, 685, 101, 43
track:1589, 885, 685, 96, 41
track:1590, 886, 685, 96, 41
track:1591, 885, 686, 96, 41
track:1592, 887, 687, 91, 39
track:1593, 887, 687, 91, 39
track:1594, 886, 687, 91, 39
track:1595, 888, 689, 87, 37
track:1596, 889, 690, 83, 35
track:1599, 888, 691, 83, 35
track:1600, 890, 691, 79, 34
track:1601, 889, 690, 79, 34
track:1602, 890, 691, 75, 32
track:1603, 891, 690, 75, 32
track:1604, 880, 689, 75, 32
track:1605, 875, 688, 75, 32
track:1606, 875, 689, 71, 31
track:1607, 876, 690, 71, 31
track:1608, 878, 691, 71, 31
elapseTime: 16.03
