init :7, 821, 630, 235, 197
track:8, 821, 630, 235, 197
init :9, 821, 633, 235, 194
track:10, 821, 633, 235, 194
track:11, 822, 634, 235, 194
track:12, 822, 634, 235, 194
init :13, 821, 630, 235, 197
track:14, 821, 630, 235, 197
track:15, 821, 630, 235, 197
track:16, 821, 630, 235, 197
init :17, 821, 633, 240, 194
track:18, 821, 633, 240, 194
track:19, 820, 634, 240, 194
track:20, 821, 634, 240, 194
init :21, 826, 633, 235, 194
track:22, 826, 633, 235, 194
track:23, 827, 632, 235, 194
track:24, 827, 632, 235, 194
init :25, 821, 633, 240, 197
track:26, 821, 634, 240, 197
track:27, 822, 634, 240, 197
track:28, 822, 634, 240, 197
init :29, 821, 633, 244, 197
track:30, 820, 633, 244, 197
track:31, 821, 633, 244, 197
track:32, 822, 632, 244, 197
init :33, 826, 630, 240, 197
track:34, 826, 630, 240, 197
track:35, 826, 630, 240, 197
track:36, 826, 630, 240, 197
init :37, 826, 633, 240, 194
track:38, 827, 633, 240, 194
track:39, 827, 633, 240, 194
track:40, 828, 633, 240, 194
init :41, 826, 633, 240, 197
track:42, 826, 633, 240, 197
track:43, 828, 634, 240, 197
track:44, 827, 634, 240, 197
init :45, 826, 630, 240, 197
track:46, 826, 630, 240, 197
track:48, 826, 629, 240, 197
init :49, 826, 630, 235, 197
track:50, 827, 630, 235, 197
track:51, 827, 630, 235, 197
track:52, 826, 629, 235, 197
init :53, 830, 633, 230, 197
track:54, 830, 633, 230, 197
track:55, 830, 633, 230, 197
track:56, 830, 633, 230, 197
init :57, 830, 630, 230, 199
track:58, 829, 630, 230, 199
track:59, 830, 630, 230, 199
track:60, 831, 629, 230, 199
init :61, 826, 630, 235, 199
track:62, 826, 630, 235, 199
track:63, 825, 630, 235, 199
track:64, 825, 630, 235, 199
init :65, 826, 630, 240, 199
track:66, 826, 631, 240, 199
track:67, 826, 629, 240, 199
track:68, 825, 629, 240, 199
init :69, 826, 630, 235, 197
track:70, 825, 630, 235, 197
track:71, 826, 631, 235, 197
track:72, 824, 631, 235, 197
init :73, 826, 630, 235, 197
track:74, 826, 630, 235, 197
track:75, 826, 630, 235, 197
track:76, 825, 631, 235, 197
init :77, 826, 630, 235, 197
track:78, 826, 630, 235, 197
track:79, 826, 630, 235, 197
track:80, 826, 629, 235, 197
init :81, 826, 630, 235, 197
track:82, 826, 630, 235, 197
track:83, 826, 631, 235, 197
track:84, 826, 630, 235, 197
init :85, 826, 630, 240, 197
track:86, 826, 630, 240, 197
track:87, 826, 630, 240, 197
track:88, 826, 630, 240, 197
init :89, 826, 633, 240, 197
track:90, 826, 633, 240, 197
track:91, 827, 633, 240, 197
track:92, 827, 633, 240, 197
init :93, 826, 633, 235, 197
track:94, 826, 633, 235, 197
track:95, 827, 633, 235, 197
track:96, 827, 634, 235, 197
init :97, 826, 628, 240, 197
track:98, 827, 627, 240, 197
track:99, 827, 628, 240, 197
track:100, 829, 628, 240, 197
init :101, 830, 628, 235, 197
track:102, 831, 628, 235, 197
track:103, 833, 628, 235, 197
track:104, 834, 627, 235, 197
init :105, 835, 625, 230, 199
track:106, 836, 625, 230, 199
track:107, 837, 623, 230, 199
track:108, 837, 622, 230, 199
init :109, 835, 623, 235, 194
track:110, 835, 622, 235, 194
track:111, 835, 620, 235, 194
track:112, 836, 618, 235, 194
init :113, 844, 623, 212, 173
track:114, 844, 623, 212, 173
track:115, 845, 622, 212, 173
track:116, 846, 620, 212, 173
init :117, 849, 620, 207, 158
track:120, 850, 619, 207, 158
init :121, 853, 615, 198, 160
track:122, 854, 615, 198, 160
track:123, 853, 613, 198, 160
track:124, 853, 614, 198, 160
init :125, 858, 610, 184, 171
track:126, 857, 608, 184, 171
track:127, 855, 607, 184, 171
track:128, 853, 608, 184, 171
init :129, 858, 607, 189, 166
track:130, 858, 609, 189, 166
track:131, 858, 610, 189, 166
track:132, 860, 614, 189, 166
init :133, 863, 617, 180, 163
track:134, 863, 617, 180, 163
track:135, 862, 619, 180, 163
track:136, 863, 619, 180, 163
init :137, 863, 620, 175, 158
track:138, 860, 616, 184, 166
track:139, 860, 616, 184, 166
track:140, 860, 617, 184, 166
init :141, 863, 620, 175, 158
track:142, 866, 624, 167, 150
track:143, 865, 625, 167, 150
track:144, 865, 625, 167, 150
init :145, 858, 625, 180, 150
track:146, 858, 625, 180, 150
track:147, 859, 627, 180, 150
track:148, 860, 629, 180, 150
init :149, 858, 630, 175, 160
track:150, 858, 633, 175, 160
track:151, 859, 637, 175, 160
track:152, 858, 640, 175, 160
init :153, 863, 641, 170, 163
track:154, 863, 641, 170, 163
track:155, 863, 642, 170, 163
track:156, 864, 644, 170, 163
init :157, 863, 649, 170, 158
track:158, 863, 649, 170, 158
track:159, 864, 650, 170, 158
track:160, 863, 651, 170, 158
init :161, 863, 651, 170, 155
track:162, 861, 650, 170, 155
track:163, 859, 650, 170, 155
track:164, 859, 651, 170, 155
init :165, 863, 659, 166, 147
track:166, 863, 660, 166, 147
track:167, 864, 659, 166, 147
track:168, 864, 659, 166, 147
init :169, 863, 659, 166, 150
track:170, 863, 659, 166, 150
track:171, 866, 658, 166, 150
track:172, 868, 657, 166, 150
init :173, 867, 659, 166, 145
track:174, 867, 659, 166, 145
track:175, 865, 660, 166, 145
track:176, 863, 660, 166, 145
init :177, 863, 651, 161, 155
track:178, 864, 651, 161, 155
track:179, 864, 652, 161, 155
track:180, 865, 654, 161, 155
init :181, 867, 656, 161, 150
track:182, 867, 658, 161, 150
track:183, 869, 661, 161, 150
track:184, 869, 661, 161, 150
init :185, 872, 654, 161, 163
track:186, 870, 652, 161, 163
track:187, 867, 648, 161, 163
track:188, 863, 647, 161, 163
init :189, 863, 649, 170, 158
track:190, 860, 649, 170, 158
track:191, 859, 648, 170, 158
track:192, 859, 643, 170, 158
init :193, 858, 643, 161, 150
track:194, 858, 643, 161, 150
track:195, 860, 642, 161, 150
track:196, 861, 641, 161, 150
init :197, 858, 636, 166, 153
track:198, 855, 636, 166, 153
track:199, 855, 636, 166, 153
track:200, 854, 638, 166, 153
init :201, 853, 638, 156, 145
track:202, 853, 636, 156, 145
track:203, 852, 634, 156, 145
track:204, 853, 633, 156, 145
init :205, 858, 633, 156, 135
track:206, 859, 633, 156, 135
track:207, 856, 631, 156, 135
track:208, 857, 632, 156, 135
init :209, 853, 630, 152, 137
track:210, 852, 628, 152, 137
track:211, 851, 627, 152, 137
track:212, 852, 624, 152, 137
init :213, 849, 630, 152, 129
track:214, 850, 629, 152, 129
track:215, 850, 629, 152, 129
track:216, 854, 631, 145, 123
init :217, 849, 630, 147, 124
track:218, 849, 630, 147, 124
track:219, 849, 631, 147, 124
track:220, 849, 636, 147, 124
init :221, 849, 638, 143, 122
track:222, 849, 640, 143, 122
track:223, 850, 640, 143, 122
track:224, 849, 642, 143, 122
init :225, 853, 646, 138, 122
track:226, 853, 647, 138, 122
track:227, 854, 648, 138, 122
track:228, 854, 649, 138, 122
init :229, 853, 646, 138, 111
track:230, 853, 645, 138, 111
track:231, 853, 646, 138, 111
track:232, 853, 644, 138, 111
init :233, 858, 649, 124, 103
track:234, 858, 649, 124, 103
track:235, 858, 648, 124, 103
track:236, 859, 647, 124, 103
init :237, 863, 649, 120, 103
track:238, 863, 649, 120, 103
track:239, 864, 651, 120, 103
track:240, 865, 652, 120, 103
init :241, 863, 651, 120, 101
track:242, 864, 651, 120, 101
track:243, 864, 651, 120, 101
track:244, 864, 652, 120, 101
init :245, 863, 654, 120, 90
track:246, 863, 654, 120, 90
track:247, 864, 654, 120, 90
track:248, 864, 655, 120, 90
init :249, 863, 656, 120, 88
track:250, 863, 658, 120, 88
track:251, 864, 660, 120, 88
track:252, 865, 662, 120, 88
init :253, 867, 659, 120, 101
track:254, 868, 662, 120, 101
track:255, 869, 665, 120, 101
track:256, 868, 666, 120, 101
init :257, 867, 672, 124, 96
track:258, 867, 672, 124, 96
track:259, 867, 675, 124, 96
track:260, 868, 676, 124, 96
init :261, 872, 677, 124, 90
track:262, 872, 678, 124, 90
track:263, 872, 678, 124, 90
track:264, 872, 681, 124, 90
init :265, 867, 680, 124, 96
track:266, 867, 681, 124, 96
track:267, 868, 683, 124, 96
track:268, 868, 684, 124, 96
init :269, 867, 682, 129, 96
track:270, 868, 684, 129, 96
track:271, 866, 685, 135, 101
track:272, 866, 689, 135, 101
init :273, 867, 690, 129, 103
track:274, 868, 693, 129, 103
track:275, 867, 694, 129, 103
track:276, 869, 697, 129, 103
init :277, 867, 698, 133, 109
track:278, 867, 698, 133, 109
track:279, 868, 698, 133, 109
track:280, 868, 697, 133, 109
init :281, 867, 687, 138, 122
track:282, 869, 690, 138, 122
track:283, 869, 690, 138, 122
track:284, 870, 692, 138, 122
init :285, 872, 695, 152, 135
track:286, 873, 694, 152, 135
track:287, 875, 691, 152, 135
track:288, 876, 691, 152, 135
init :289, 872, 677, 161, 150
track:290, 872, 673, 161, 150
track:291, 872, 667, 161, 150
track:292, 870, 659, 169, 158
init :293, 867, 654, 170, 163
track:294, 867, 653, 170, 163
track:295, 866, 648, 178, 171
track:296, 863, 643, 187, 180
init :297, 858, 641, 198, 189
track:298, 858, 641, 198, 189
track:299, 852, 637, 208, 198
track:300, 850, 638, 208, 198
init :301, 835, 638, 244, 205
track:302, 834, 641, 244, 205
track:303, 834, 642, 244, 205
track:304, 833, 647, 244, 205
init :305, 816, 641, 267, 225
track:306, 814, 640, 267, 225
track:307, 808, 633, 280, 236
track:308, 807, 633, 280, 236
init :309, 821, 628, 258, 223
track:310, 819, 622, 258, 223
track:311, 817, 608, 258, 223
track:312, 825, 605, 246, 212
init :313, 812, 607, 263, 218
track:314, 813, 601, 263, 218
track:315, 813, 593, 263, 218
track:316, 813, 586, 263, 218
init :317, 835, 584, 221, 192
track:318, 835, 584, 221, 192
track:319, 835, 582, 221, 192
track:320, 841, 575, 221, 192
init :321, 858, 568, 207, 184
track:322, 858, 568, 207, 184
track:323, 858, 568, 207, 184
track:324, 857, 571, 207, 184
init :325, 853, 573, 198, 166
track:326, 853, 568, 198, 166
track:327, 852, 568, 198, 166
track:328, 851, 567, 198, 166
init :329, 853, 581, 193, 171
track:330, 852, 586, 193, 171
track:331, 850, 589, 193, 171
track:332, 848, 592, 193, 171
init :333, 849, 589, 193, 181
track:334, 848, 591, 193, 181
track:335, 846, 592, 193, 181
track:336, 848, 594, 193, 181
init :337, 853, 599, 184, 168
track:338, 853, 599, 184, 168
track:339, 853, 595, 184, 168
track:340, 854, 594, 184, 168
init :341, 853, 599, 180, 158
track:342, 853, 598, 180, 158
track:343, 854, 598, 180, 158
track:344, 854, 598, 180, 158
init :345, 863, 599, 170, 145
track:346, 863, 601, 170, 145
track:347, 862, 602, 170, 145
track:348, 863, 603, 170, 145
init :349, 872, 612, 152, 122
track:350, 873, 616, 152, 122
track:351, 873, 620, 152, 122
track:352, 874, 623, 152, 122
init :353, 872, 628, 147, 119
track:354, 871, 630, 147, 119
track:355, 872, 631, 147, 119
track:356, 871, 632, 147, 119
init :357, 872, 633, 143, 114
track:358, 872, 633, 143, 114
track:359, 872, 633, 143, 114
track:360, 871, 633, 143, 114
init :361, 872, 636, 138, 98
track:362, 871, 636, 138, 98
track:363, 871, 636, 138, 98
track:364, 871, 637, 138, 98
init :365, 872, 643, 133, 103
track:366, 872, 643, 133, 103
track:367, 871, 645, 133, 103
track:368, 870, 645, 133, 103
init :369, 876, 646, 124, 96
track:370, 875, 651, 124, 96
track:371, 875, 657, 124, 96
track:372, 874, 661, 124, 96
init :373, 876, 659, 120, 101
track:374, 877, 660, 120, 101
track:375, 875, 661, 120, 101
track:376, 873, 662, 120, 101
init :377, 867, 664, 115, 101
track:378, 867, 664, 115, 101
track:379, 867, 665, 115, 101
track:380, 866, 665, 115, 101
init :381, 867, 662, 115, 96
track:382, 865, 662, 115, 96
track:383, 864, 663, 115, 96
track:384, 863, 663, 115, 96
init :385, 863, 662, 110, 93
track:386, 863, 662, 110, 93
track:387, 864, 663, 110, 93
track:388, 864, 663, 110, 93
init :389, 863, 664, 115, 88
track:390, 863, 664, 115, 88
track:391, 863, 667, 115, 88
track:392, 864, 670, 115, 88
init :393, 863, 669, 115, 85
track:394, 863, 670, 115, 85
track:395, 864, 675, 115, 85
track:396, 864, 680, 115, 85
init :397, 867, 687, 110, 77
track:398, 867, 687, 110, 77
track:399, 869, 691, 110, 77
track:400, 870, 696, 110, 77
init :401, 876, 703, 101, 85
track:402, 877, 707, 101, 85
track:403, 877, 707, 101, 85
track:404, 878, 709, 101, 85
init :405, 876, 706, 106, 85
track:406, 876, 706, 106, 85
track:407, 877, 706, 106, 85
track:408, 877, 706, 106, 85
init :409, 876, 700, 106, 83
track:410, 876, 698, 106, 83
track:411, 877, 696, 106, 83
track:412, 878, 694, 106, 83
init :413, 881, 700, 106, 80
track:414, 881, 699, 106, 80
track:415, 882, 701, 106, 80
track:416, 882, 703, 106, 80
init :417, 886, 698, 101, 80
track:418, 886, 698, 101, 80
track:419, 886, 699, 101, 80
track:420, 884, 700, 101, 80
init :421, 876, 700, 110, 83
track:422, 876, 699, 110, 83
track:423, 876, 697, 110, 83
track:424, 876, 695, 110, 83
init :425, 876, 698, 106, 72
track:426, 875, 697, 106, 72
track:427, 875, 696, 106, 72
track:428, 874, 695, 106, 72
init :429, 876, 693, 106, 77
track:430, 875, 694, 106, 77
track:431, 876, 694, 106, 77
track:432, 875, 694, 106, 77
init :433, 872, 690, 110, 83
track:434, 871, 690, 110, 83
track:435, 871, 691, 110, 83
track:436, 871, 691, 110, 83
init :437, 867, 690, 110, 90
track:438, 867, 690, 110, 90
track:439, 867, 692, 110, 90
track:440, 868, 693, 110, 90
init :441, 867, 693, 115, 88
track:442, 868, 694, 115, 88
track:443, 868, 694, 115, 88
track:444, 867, 695, 115, 88
init :445, 872, 693, 110, 93
track:446, 872, 694, 110, 93
track:447, 873, 693, 110, 93
track:448, 873, 693, 110, 93
init :449, 867, 693, 115, 85
track:450, 867, 693, 115, 85
track:451, 867, 695, 115, 85
track:452, 868, 697, 115, 85
init :453, 867, 693, 120, 93
track:454, 868, 694, 120, 93
track:455, 869, 694, 120, 93
track:456, 870, 694, 120, 93
init :457, 872, 693, 124, 93
track:458, 872, 693, 124, 93
track:459, 872, 693, 124, 93
track:460, 872, 691, 124, 93
init :461, 872, 687, 124, 101
track:462, 872, 687, 124, 101
track:463, 872, 687, 124, 101
track:464, 872, 684, 124, 101
init :465, 867, 685, 129, 96
track:466, 867, 686, 129, 96
track:467, 869, 689, 123, 91
track:468, 866, 688, 129, 96
init :469, 867, 685, 129, 103
track:470, 868, 687, 129, 103
track:471, 869, 688, 129, 103
track:472, 869, 688, 129, 103
init :473, 867, 685, 133, 111
track:474, 867, 687, 133, 111
track:475, 865, 684, 140, 117
track:476, 868, 683, 140, 117
init :477, 872, 682, 138, 116
track:478, 873, 681, 138, 116
track:479, 876, 679, 138, 116
track:480, 878, 670, 138, 116
init :481, 872, 669, 147, 124
track:482, 872, 669, 147, 124
track:483, 875, 663, 147, 124
track:484, 876, 662, 147, 124
init :485, 876, 656, 156, 140
track:486, 875, 660, 156, 140
track:487, 875, 660, 156, 140
track:488, 875, 666, 156, 140
init :490, 867, 662, 170, 155
track:491, 860, 660, 178, 163
track:492, 864, 664, 170, 155
init :493, 858, 664, 180, 142
track:494, 857, 664, 180, 142
track:495, 854, 659, 180, 142
track:496, 853, 655, 180, 142
init :497, 858, 649, 166, 145
track:498, 858, 647, 166, 145
track:499, 857, 644, 166, 145
track:500, 856, 640, 166, 145
init :501, 853, 636, 170, 145
track:502, 853, 636, 170, 145
track:503, 853, 636, 170, 145
track:504, 853, 634, 170, 145
init :505, 853, 630, 156, 140
track:506, 852, 630, 156, 140
track:507, 853, 630, 156, 140
track:508, 848, 625, 164, 147
init :509, 853, 625, 156, 145
track:510, 853, 624, 156, 145
track:511, 852, 623, 156, 145
track:512, 853, 622, 156, 145
init :513, 853, 623, 156, 142
track:514, 853, 624, 156, 142
track:515, 854, 625, 156, 142
track:516, 853, 624, 156, 142
init :517, 853, 628, 152, 127
track:518, 853, 626, 152, 127
track:519, 853, 625, 152, 127
track:520, 854, 625, 152, 127
init :521, 858, 625, 152, 111
track:522, 858, 625, 152, 111
track:523, 857, 628, 152, 111
track:524, 858, 630, 152, 111
init :525, 863, 633, 143, 114
track:526, 863, 633, 143, 114
track:527, 864, 634, 143, 114
track:528, 867, 637, 136, 109
init :529, 867, 636, 138, 98
track:530, 868, 635, 138, 98
track:531, 868, 634, 138, 98
track:532, 869, 635, 138, 98
init :533, 876, 636, 129, 98
track:534, 876, 637, 129, 98
track:535, 875, 638, 129, 98
track:536, 875, 641, 129, 98
init :537, 872, 641, 124, 98
track:538, 872, 642, 124, 98
track:539, 872, 645, 124, 98
track:540, 873, 645, 124, 98
init :543, 876, 649, 120, 90
track:544, 876, 649, 120, 90
init :546, 872, 656, 115, 83
track:547, 872, 656, 115, 83
track:548, 871, 658, 115, 83
init :549, 872, 659, 115, 85
track:550, 871, 660, 115, 85
track:551, 871, 662, 115, 85
track:552, 870, 662, 115, 85
init :553, 881, 664, 101, 83
track:554, 881, 664, 101, 83
track:555, 881, 664, 101, 83
track:556, 880, 665, 101, 83
init :557, 876, 664, 101, 88
track:558, 876, 669, 101, 88
track:559, 875, 673, 101, 88
track:560, 876, 675, 101, 88
init :561, 876, 680, 96, 80
track:562, 876, 680, 96, 80
track:563, 876, 683, 96, 80
track:564, 876, 685, 96, 80
init :565, 876, 687, 96, 83
track:566, 876, 689, 96, 83
track:567, 876, 689, 96, 83
track:568, 877, 692, 96, 83
init :569, 876, 695, 101, 75
track:570, 875, 699, 101, 75
track:571, 875, 701, 101, 75
track:572, 875, 702, 101, 75
init :573, 872, 700, 106, 83
track:574, 873, 701, 106, 83
track:575, 873, 701, 106, 83
track:576, 872, 699, 106, 83
init :577, 872, 700, 101, 75
track:578, 872, 699, 101, 75
track:579, 873, 696, 101, 75
track:580, 874, 697, 101, 75
init :581, 876, 693, 101, 90
track:582, 876, 693, 101, 90
track:583, 875, 696, 101, 90
track:584, 875, 698, 101, 90
init :585, 872, 698, 106, 85
track:586, 872, 699, 106, 85
track:587, 872, 699, 106, 85
track:588, 873, 699, 106, 85
init :589, 876, 698, 106, 83
track:590, 875, 698, 106, 83
track:591, 874, 699, 106, 83
track:592, 874, 699, 106, 83
init :593, 872, 693, 110, 93
track:594, 872, 692, 110, 93
track:595, 873, 683, 110, 93
track:596, 873, 682, 110, 93
init :597, 872, 677, 106, 88
track:598, 872, 673, 106, 88
track:599, 869, 664, 111, 92
track:600, 870, 662, 111, 92
init :601, 867, 664, 115, 103
track:602, 867, 664, 115, 103
track:603, 867, 663, 115, 103
track:604, 865, 660, 115, 103
init :605, 867, 659, 120, 96
track:606, 867, 659, 120, 96
track:607, 867, 659, 120, 96
track:608, 869, 659, 120, 96
init :609, 867, 654, 120, 93
track:610, 867, 656, 120, 93
track:611, 867, 659, 120, 93
track:612, 868, 660, 120, 93
init :613, 863, 659, 129, 109
track:614, 864, 660, 129, 109
track:615, 864, 663, 129, 109
track:616, 863, 665, 129, 109
init :617, 863, 667, 129, 103
track:618, 860, 663, 135, 108
track:619, 859, 662, 135, 108
track:620, 861, 661, 135, 108
init :621, 863, 662, 133, 106
track:622, 863, 662, 133, 106
track:623, 862, 661, 133, 106
track:624, 862, 661, 133, 106
init :625, 858, 656, 133, 114
track:626, 862, 659, 127, 109
track:627, 863, 659, 127, 109
track:628, 864, 660, 127, 109
init :629, 863, 659, 133, 106
track:630, 863, 657, 133, 106
track:631, 863, 658, 133, 106
track:632, 863, 657, 133, 106
init :633, 858, 659, 143, 119
track:634, 857, 661, 143, 119
track:635, 857, 664, 143, 119
track:636, 859, 665, 143, 119
init :637, 858, 667, 147, 116
track:638, 859, 667, 147, 116
track:639, 861, 668, 147, 116
track:640, 860, 669, 147, 116
init :641, 863, 664, 147, 111
track:642, 863, 664, 147, 111
track:643, 864, 662, 147, 111
track:644, 860, 659, 154, 117
init :645, 858, 654, 152, 119
track:646, 858, 652, 152, 119
track:647, 859, 652, 152, 119
track:648, 859, 652, 152, 119
init :649, 863, 651, 143, 119
track:650, 865, 652, 143, 119
track:651, 867, 652, 143, 119
track:652, 867, 652, 143, 119
init :653, 872, 651, 143, 122
track:654, 873, 652, 143, 122
track:655, 873, 656, 143, 122
track:656, 871, 656, 150, 128
init :657, 872, 656, 138, 116
track:658, 874, 659, 138, 116
track:659, 875, 659, 138, 116
track:660, 874, 658, 138, 116
init :661, 876, 662, 143, 111
track:662, 876, 662, 143, 111
track:663, 877, 662, 143, 111
track:664, 878, 660, 143, 111
init :665, 881, 656, 138, 116
track:666, 881, 655, 138, 116
track:667, 882, 655, 138, 116
track:668, 882, 654, 138, 116
init :669, 881, 651, 138, 119
track:670, 881, 651, 138, 119
track:671, 880, 652, 138, 119
track:672, 880, 652, 138, 119
init :673, 872, 651, 143, 116
track:674, 871, 650, 143, 116
track:675, 870, 650, 143, 116
track:676, 870, 651, 143, 116
init :677, 872, 651, 143, 103
track:678, 871, 654, 143, 103
track:679, 870, 663, 143, 103
track:680, 870, 670, 143, 103
init :681, 872, 669, 143, 119
track:682, 872, 669, 143, 119
track:683, 870, 668, 143, 119
track:684, 869, 668, 143, 119
init :685, 867, 669, 143, 124
track:686, 868, 671, 143, 124
track:687, 867, 671, 143, 124
track:688, 867, 672, 143, 124
init :689, 853, 672, 156, 116
track:690, 852, 671, 156, 116
track:691, 852, 671, 156, 116
track:692, 851, 670, 156, 116
init :693, 858, 664, 147, 116
track:694, 858, 663, 147, 116
track:695, 858, 664, 147, 116
track:696, 855, 659, 154, 122
init :697, 863, 662, 143, 111
track:698, 861, 661, 143, 111
track:699, 860, 662, 143, 111
track:700, 860, 664, 143, 111
init :701, 853, 667, 152, 111
track:702, 853, 667, 152, 111
track:703, 853, 669, 152, 111
track:704, 852, 675, 152, 111
init :705, 853, 677, 147, 124
track:706, 853, 678, 147, 124
track:707, 853, 678, 147, 124
track:708, 851, 680, 147, 124
init :709, 853, 677, 147, 122
track:710, 853, 675, 147, 122
track:711, 853, 675, 147, 122
track:712, 853, 673, 147, 122
init :713, 849, 675, 147, 119
track:714, 848, 675, 147, 119
track:715, 848, 678, 147, 119
track:716, 848, 678, 147, 119
init :717, 849, 675, 147, 122
track:718, 850, 675, 147, 122
track:719, 850, 676, 147, 122
track:720, 851, 677, 147, 122
init :721, 853, 675, 147, 124
track:722, 853, 675, 147, 124
track:723, 853, 675, 147, 124
track:724, 854, 671, 147, 124
init :725, 853, 667, 152, 116
track:726, 853, 667, 152, 116
track:727, 851, 663, 160, 122
track:728, 851, 661, 160, 122
init :729, 853, 654, 152, 124
track:730, 853, 653, 152, 124
track:731, 853, 653, 152, 124
track:732, 854, 653, 152, 124
init :733, 849, 643, 166, 142
track:734, 849, 639, 166, 142
track:735, 851, 636, 166, 142
track:736, 855, 638, 158, 135
init :737, 849, 636, 175, 127
track:738, 852, 639, 167, 121
track:739, 847, 636, 175, 127
track:740, 848, 637, 175, 127
init :741, 853, 638, 166, 124
track:742, 849, 636, 174, 130
track:743, 847, 638, 174, 130
track:744, 847, 637, 174, 130
init :745, 853, 636, 156, 129
track:746, 853, 636, 156, 129
track:747, 854, 635, 156, 129
track:748, 854, 625, 156, 129
init :749, 849, 628, 166, 114
track:750, 848, 629, 166, 114
track:751, 848, 629, 166, 114
track:752, 847, 631, 166, 114
init :753, 849, 628, 156, 124
track:754, 850, 628, 156, 124
track:755, 853, 629, 156, 124
track:756, 853, 629, 156, 124
init :757, 853, 633, 161, 111
track:758, 852, 632, 161, 111
track:759, 852, 635, 161, 111
track:760, 851, 638, 161, 111
init :761, 858, 630, 152, 132
track:762, 860, 630, 152, 132
track:763, 861, 630, 152, 132
track:764, 863, 631, 152, 132
init :765, 858, 633, 156, 124
track:766, 858, 633, 156, 124
track:767, 856, 634, 156, 124
track:768, 856, 636, 156, 124
init :769, 863, 638, 147, 122
track:770, 865, 647, 147, 122
track:771, 866, 648, 147, 122
track:772, 867, 647, 147, 122
init :773, 867, 646, 147, 129
track:774, 867, 647, 147, 129
track:775, 868, 647, 147, 129
track:776, 869, 647, 147, 129
init :777, 876, 646, 138, 122
track:778, 877, 645, 138, 122
track:779, 878, 646, 138, 122
track:780, 878, 646, 138, 122
init :781, 881, 651, 133, 98
track:782, 881, 651, 133, 98
track:783, 880, 652, 133, 98
track:784, 880, 652, 133, 98
init :785, 881, 649, 138, 101
track:786, 881, 649, 138, 101
track:787, 878, 647, 145, 106
track:788, 878, 648, 145, 106
init :789, 876, 651, 133, 98
track:790, 876, 651, 133, 98
track:791, 875, 651, 133, 98
track:792, 876, 650, 133, 98
init :793, 876, 654, 133, 93
track:794, 876, 655, 133, 93
track:795, 876, 658, 133, 93
track:796, 876, 659, 133, 93
init :797, 876, 656, 133, 109
track:798, 876, 656, 133, 109
track:799, 875, 656, 133, 109
track:800, 876, 658, 133, 109
init :801, 876, 659, 133, 109
track:802, 876, 659, 133, 109
track:803, 875, 660, 133, 109
track:804, 873, 658, 140, 114
init :805, 867, 659, 138, 106
track:806, 867, 659, 138, 106
track:807, 867, 659, 138, 106
track:808, 865, 660, 138, 106
init :809, 872, 659, 133, 109
track:810, 872, 661, 133, 109
track:811, 872, 661, 133, 109
track:812, 868, 659, 140, 114
init :813, 867, 664, 138, 109
track:814, 866, 664, 138, 109
track:815, 865, 665, 138, 109
track:816, 866, 664, 138, 109
init :817, 863, 669, 147, 109
track:818, 862, 675, 147, 109
track:819, 862, 676, 147, 109
track:820, 860, 687, 147, 109
init :821, 853, 680, 147, 127
track:822, 853, 681, 147, 127
track:823, 852, 679, 147, 127
track:824, 852, 677, 147, 127
init :825, 858, 680, 152, 122
track:826, 858, 680, 152, 122
track:827, 858, 686, 152, 122
track:828, 858, 690, 152, 122
init :829, 853, 685, 156, 145
track:830, 854, 686, 156, 145
track:831, 855, 686, 156, 145
track:832, 855, 687, 156, 145
init :833, 844, 677, 175, 155
track:834, 839, 669, 184, 163
track:835, 839, 659, 184, 163
track:836, 840, 660, 184, 163
init :837, 853, 664, 166, 142
track:838, 852, 663, 166, 142
track:839, 850, 659, 166, 142
track:840, 849, 654, 166, 142
init :841, 840, 646, 180, 163
track:842, 839, 645, 180, 163
track:843, 837, 643, 180, 163
track:844, 836, 639, 180, 163
init :845, 826, 623, 184, 147
track:846, 826, 623, 184, 147
track:847, 826, 618, 184, 147
track:848, 827, 613, 184, 147
init :849, 821, 604, 193, 176
track:850, 821, 603, 193, 176
track:851, 821, 603, 193, 176
track:852, 825, 600, 193, 176
init :853, 826, 597, 198, 166
track:854, 827, 599, 198, 166
track:855, 828, 603, 198, 166
track:856, 829, 605, 198, 166
init :857, 826, 602, 198, 168
track:858, 827, 600, 198, 168
track:859, 829, 596, 198, 168
track:860, 829, 596, 198, 168
init :861, 835, 597, 193, 153
track:862, 835, 600, 193, 153
track:863, 837, 605, 193, 153
track:864, 837, 610, 193, 153
init :865, 844, 623, 175, 147
track:866, 844, 623, 175, 147
track:867, 844, 628, 175, 147
track:868, 844, 630, 175, 147
init :869, 844, 633, 170, 129
track:870, 845, 637, 170, 129
track:871, 845, 637, 170, 129
track:872, 845, 639, 170, 129
init :873, 853, 641, 156, 119
track:874, 854, 642, 156, 119
track:875, 855, 642, 156, 119
track:876, 855, 643, 156, 119
init :877, 858, 643, 152, 135
track:878, 860, 643, 152, 135
track:879, 861, 643, 152, 135
track:880, 861, 643, 152, 135
init :881, 863, 643, 147, 124
track:882, 863, 643, 147, 124
track:883, 865, 642, 147, 124
track:884, 867, 642, 147, 124
init :885, 872, 643, 138, 116
track:886, 872, 643, 138, 116
track:887, 875, 645, 138, 116
track:888, 875, 645, 138, 116
init :889, 876, 649, 133, 119
track:890, 878, 649, 133, 119
track:891, 878, 649, 133, 119
track:892, 880, 648, 133, 119
init :893, 881, 649, 129, 116
track:894, 882, 649, 129, 116
track:895, 879, 648, 135, 122
track:896, 880, 648, 135, 122
init :897, 886, 649, 129, 98
track:898, 885, 649, 129, 98
track:899, 883, 649, 129, 98
track:900, 882, 651, 129, 98
init :901, 881, 651, 124, 93
track:902, 880, 652, 124, 93
track:903, 880, 653, 124, 93
track:904, 881, 653, 124, 93
init :905, 881, 656, 120, 88
track:906, 881, 656, 120, 88
track:907, 905, 644, 126, 92
track:908, 908, 645, 126, 92
init :909, 803, 547, 290, 267
track:910, 804, 550, 290, 267
track:911, 806, 550, 290, 267
track:912, 805, 555, 290, 267
init :913, 807, 565, 286, 259
track:914, 809, 566, 286, 259
track:915, 811, 570, 286, 259
track:916, 810, 570, 286, 259
init :917, 807, 581, 286, 249
track:918, 807, 581, 286, 249
track:919, 807, 583, 286, 249
track:920, 806, 584, 286, 249
init :921, 807, 584, 290, 249
track:922, 803, 584, 290, 249
track:923, 799, 582, 290, 249
track:924, 795, 581, 290, 249
init :925, 780, 581, 300, 254
track:926, 780, 581, 300, 254
track:927, 779, 582, 300, 254
track:928, 773, 582, 300, 254
init :929, 770, 584, 304, 249
track:930, 769, 584, 304, 249
track:931, 769, 583, 304, 249
track:932, 768, 580, 304, 249
init :933, 770, 578, 313, 241
track:934, 772, 576, 313, 241
track:935, 773, 575, 313, 241
track:936, 775, 574, 313, 241
init :937, 775, 565, 313, 249
track:938, 775, 565, 313, 249
track:939, 777, 565, 313, 249
track:940, 779, 563, 313, 249
init :941, 775, 568, 318, 236
track:942, 776, 569, 318, 236
track:943, 776, 569, 318, 236
track:944, 776, 567, 318, 236
init :945, 766, 573, 341, 225
track:946, 766, 573, 341, 225
track:947, 765, 574, 341, 225
track:948, 762, 574, 341, 225
init :949, 752, 568, 355, 236
track:950, 750, 568, 355, 236
track:951, 751, 568, 355, 236
track:952, 748, 569, 355, 236
init :953, 752, 576, 360, 238
track:954, 751, 575, 360, 238
track:955, 752, 578, 360, 238
track:956, 751, 576, 360, 238
init :957, 747, 584, 373, 233
track:958, 746, 585, 373, 233
track:959, 746, 586, 373, 233
track:960, 746, 586, 373, 233
init :961, 747, 584, 383, 236
track:962, 746, 585, 383, 236
track:963, 744, 587, 383, 236
track:964, 744, 587, 383, 236
init :965, 738, 584, 396, 241
track:966, 736, 584, 396, 241
track:967, 735, 585, 396, 241
track:968, 733, 586, 396, 241
init :969, 715, 584, 429, 244
track:970, 715, 584, 429, 244
track:971, 713, 585, 429, 244
track:972, 710, 586, 429, 244
init :973, 696, 584, 443, 246
track:974, 696, 585, 443, 246
track:975, 696, 586, 443, 246
track:976, 694, 585, 443, 246
init :977, 692, 586, 456, 244
track:978, 693, 587, 456, 244
track:979, 692, 587, 456, 244
track:980, 691, 588, 456, 244
init :981, 692, 586, 470, 246
track:982, 693, 587, 470, 246
track:983, 694, 588, 470, 246
track:984, 695, 590, 470, 246
init :985, 692, 586, 484, 246
track:986, 692, 586, 484, 246
track:987, 693, 587, 484, 246
track:988, 710, 593, 461, 234
init :989, 696, 586, 507, 249
track:990, 696, 586, 507, 249
track:991, 696, 586, 507, 249
track:992, 695, 586, 507, 249
init :993, 706, 586, 503, 244
track:994, 707, 587, 503, 244
track:995, 708, 587, 503, 244
track:996, 710, 585, 503, 244
init :997, 715, 584, 503, 231
track:998, 715, 585, 503, 231
track:999, 718, 584, 503, 231
track:1000, 720, 585, 503, 231
init :1001, 733, 581, 498, 225
track:1002, 735, 581, 498, 225
track:1003, 739, 579, 498, 225
track:1004, 745, 577, 498, 225
init :1005, 747, 576, 503, 218
track:1006, 744, 577, 503, 218
track:1007, 744, 576, 503, 218
track:1008, 745, 572, 503, 218
init :1009, 761, 573, 489, 199
track:1010, 761, 573, 489, 199
track:1011, 771, 578, 466, 190
track:1012, 768, 577, 466, 190
init :1013, 766, 576, 470, 189
track:1014, 776, 581, 448, 180
track:1015, 776, 581, 448, 180
track:1016, 772, 580, 448, 180
init :1017, 761, 578, 461, 176
track:1018, 759, 578, 461, 176
track:1019, 756, 578, 461, 176
track:1020, 756, 577, 461, 176
init :1021, 752, 576, 466, 184
track:1022, 751, 575, 466, 184
track:1023, 749, 573, 466, 184
track:1024, 746, 572, 466, 184
init :1025, 756, 578, 447, 176
track:1026, 755, 579, 447, 176
track:1027, 752, 580, 447, 176
track:1028, 748, 581, 447, 176
init :1029, 747, 584, 447, 168
track:1030, 747, 584, 447, 168
track:1031, 753, 588, 426, 160
track:1032, 748, 590, 426, 160
init :1033, 743, 586, 433, 163
track:1034, 743, 587, 433, 163
track:1035, 742, 586, 433, 163
track:1036, 739, 587, 433, 163
init :1037, 743, 599, 433, 153
track:1038, 731, 596, 455, 161
track:1039, 729, 598, 455, 161
track:1040, 730, 598, 455, 161
init :1041, 738, 607, 438, 150
track:1042, 736, 606, 438, 150
track:1043, 724, 604, 460, 158
track:1044, 725, 607, 460, 158
init :1045, 743, 610, 438, 150
track:1046, 742, 612, 438, 150
track:1047, 745, 613, 438, 150
track:1048, 749, 613, 438, 150
init :1049, 752, 615, 447, 142
track:1050, 752, 615, 447, 142
track:1051, 757, 613, 447, 142
track:1052, 760, 612, 447, 142
init :1053, 770, 607, 452, 150
track:1054, 786, 612, 430, 143
track:1055, 778, 608, 452, 150
track:1056, 782, 607, 452, 150
init :1057, 789, 610, 452, 145
track:1058, 789, 610, 452, 145
track:1059, 790, 611, 452, 145
track:1060, 791, 611, 452, 145
init :1061, 798, 617, 438, 135
track:1062, 796, 618, 438, 135
track:1063, 797, 617, 438, 135
track:1064, 784, 615, 460, 142
init :1065, 793, 617, 438, 135
track:1066, 791, 617, 438, 135
track:1067, 785, 616, 438, 135
track:1068, 777, 614, 438, 135
init :1069, 761, 620, 438, 127
track:1070, 761, 620, 438, 127
track:1071, 756, 620, 438, 127
track:1072, 745, 620, 438, 127
init :1073, 733, 625, 438, 124
track:1074, 721, 625, 438, 124
track:1075, 719, 625, 438, 124
track:1076, 713, 624, 438, 124
init :1077, 696, 625, 447, 129
track:1078, 686, 626, 447, 129
track:1079, 676, 625, 447, 129
track:1080, 674, 625, 447, 129
init :1081, 673, 625, 443, 135
track:1082, 667, 626, 443, 135
track:1083, 663, 628, 443, 135
track:1084, 662, 629, 443, 135
init :1085, 664, 625, 452, 140
track:1086, 665, 625, 452, 140
track:1087, 666, 625, 452, 140
track:1088, 669, 625, 452, 140
init :1089, 669, 628, 447, 137
track:1090, 669, 628, 447, 137
track:1091, 669, 629, 447, 137
track:1092, 667, 631, 447, 137
init :1093, 673, 628, 456, 140
track:1094, 673, 628, 456, 140
track:1095, 673, 628, 456, 140
track:1096, 675, 629, 456, 140
init :1097, 683, 628, 461, 155
track:1098, 683, 630, 461, 155
track:1099, 671, 625, 484, 163
track:1100, 672, 625, 484, 163
init :1101, 692, 625, 461, 163
track:1102, 692, 624, 461, 163
track:1103, 693, 625, 461, 163
track:1104, 687, 625, 461, 163
init :1105, 692, 628, 466, 163
track:1106, 691, 629, 466, 163
track:1107, 691, 628, 466, 163
track:1108, 688, 628, 466, 163
init :1109, 701, 630, 438, 171
track:1110, 701, 630, 438, 171
track:1111, 695, 631, 438, 171
track:1112, 692, 632, 438, 171
init :1113, 696, 630, 433, 173
track:1114, 694, 631, 433, 173
track:1115, 695, 632, 433, 173
track:1116, 682, 629, 455, 182
init :1117, 701, 633, 415, 168
track:1118, 699, 633, 415, 168
track:1119, 695, 632, 415, 168
track:1120, 694, 632, 415, 168
init :1121, 701, 628, 401, 184
track:1122, 701, 628, 401, 184
track:1123, 697, 627, 401, 184
track:1124, 693, 627, 401, 184
init :1125, 710, 625, 378, 197
track:1126, 711, 625, 378, 197
track:1127, 712, 622, 378, 197
track:1128, 714, 622, 378, 197
init :1129, 756, 628, 332, 173
track:1130, 756, 628, 332, 173
track:1131, 765, 632, 316, 165
track:1132, 771, 632, 316, 165
init :1133, 793, 630, 290, 179
track:1134, 794, 629, 290, 179
track:1135, 797, 630, 290, 179
track:1136, 798, 629, 290, 179
init :1137, 807, 636, 276, 168
track:1138, 806, 635, 276, 168
track:1139, 802, 633, 276, 168
track:1140, 802, 634, 276, 168
init :1141, 830, 630, 216, 181
track:1142, 826, 630, 216, 181
track:1143, 816, 630, 216, 181
track:1144, 807, 631, 216, 181
init :1145, 821, 630, 203, 184
track:1146, 815, 630, 203, 184
track:1147, 808, 631, 203, 184
track:1148, 798, 631, 203, 184
init :1149, 798, 633, 193, 179
track:1150, 798, 633, 193, 179
track:1151, 796, 633, 193, 179
track:1152, 792, 634, 193, 179
init :1153, 784, 636, 216, 176
track:1154, 784, 637, 216, 176
track:1155, 784, 638, 216, 176
track:1156, 785, 639, 216, 176
init :1157, 780, 636, 249, 176
track:1158, 784, 636, 249, 176
track:1159, 786, 635, 249, 176
track:1160, 786, 635, 249, 176
init :1161, 780, 636, 272, 176
track:1162, 783, 636, 272, 176
track:1163, 789, 636, 272, 176
track:1164, 789, 635, 272, 176
init :1165, 780, 636, 300, 176
track:1166, 781, 636, 300, 176
track:1167, 788, 642, 286, 168
track:1168, 778, 638, 300, 176
init :1169, 766, 638, 336, 168
track:1170, 766, 638, 336, 168
track:1171, 767, 638, 336, 168
track:1172, 767, 637, 336, 168
init :1173, 761, 638, 355, 158
track:1174, 762, 637, 355, 158
track:1175, 760, 637, 355, 158
track:1176, 762, 637, 355, 158
init :1177, 761, 638, 369, 155
track:1178, 772, 641, 351, 148
track:1179, 768, 636, 369, 155
track:1180, 767, 635, 369, 155
init :1181, 766, 636, 383, 150
track:1182, 760, 633, 402, 158
track:1183, 773, 637, 383, 150
track:1184, 776, 637, 383, 150
init :1185, 775, 638, 392, 140
track:1186, 778, 637, 392, 140
track:1187, 779, 637, 392, 140
track:1188, 783, 636, 392, 140
init :1189, 789, 633, 387, 132
track:1190, 789, 633, 387, 132
track:1191, 789, 633, 387, 132
track:1192, 786, 632, 387, 132
init :1193, 793, 630, 383, 122
track:1194, 794, 630, 383, 122
track:1195, 795, 631, 383, 122
track:1196, 794, 631, 383, 122
init :1197, 793, 630, 373, 111
track:1198, 791, 630, 373, 111
track:1199, 796, 632, 355, 106
track:1200, 788, 630, 373, 111
init :1201, 798, 630, 364, 109
track:1202, 798, 630, 364, 109
track:1203, 799, 630, 364, 109
track:1204, 813, 633, 347, 104
init :1205, 816, 630, 355, 106
track:1206, 819, 630, 355, 106
track:1207, 823, 629, 355, 106
track:1208, 826, 628, 355, 106
init :1209, 840, 633, 341, 101
track:1210, 836, 631, 358, 106
track:1211, 843, 631, 358, 106
track:1212, 847, 633, 358, 106
init :1213, 867, 641, 332, 103
track:1214, 867, 641, 332, 103
track:1215, 867, 641, 332, 103
track:1216, 867, 642, 332, 103
init :1217, 876, 646, 323, 98
track:1218, 875, 647, 323, 98
track:1219, 874, 647, 323, 98
track:1220, 873, 648, 323, 98
init :1221, 881, 651, 313, 98
track:1222, 888, 654, 298, 93
track:1223, 888, 655, 298, 93
track:1224, 887, 655, 298, 93
init :1225, 895, 654, 295, 96
track:1226, 896, 654, 295, 96
track:1227, 897, 654, 295, 96
track:1228, 895, 656, 295, 96
init :1229, 900, 659, 276, 98
track:1230, 892, 657, 290, 103
track:1231, 891, 657, 290, 103
track:1232, 889, 659, 290, 103
init :1233, 913, 662, 253, 98
track:1234, 913, 662, 253, 98
track:1235, 912, 662, 253, 98
track:1236, 915, 665, 241, 93
init :1237, 918, 664, 235, 96
track:1238, 924, 666, 224, 91
track:1239, 924, 666, 224, 91
track:1240, 922, 666, 224, 91
init :1241, 927, 667, 212, 96
track:1242, 925, 667, 212, 96
track:1243, 925, 669, 212, 96
track:1244, 925, 669, 212, 96
init :1245, 941, 669, 189, 93
track:1246, 941, 668, 189, 93
track:1247, 939, 670, 189, 93
track:1248, 931, 669, 189, 93
init :1249, 950, 669, 170, 93
track:1250, 947, 669, 170, 93
track:1251, 943, 667, 170, 93
track:1252, 936, 666, 170, 93
init :1253, 946, 667, 143, 90
track:1254, 946, 667, 143, 90
track:1255, 942, 665, 143, 90
track:1256, 936, 664, 143, 90
init :1257, 941, 662, 129, 88
track:1258, 938, 661, 129, 88
track:1259, 938, 661, 129, 88
track:1260, 935, 660, 129, 88
init :1261, 793, 589, 73, 51
track:1262, 820, 590, 73, 51
track:1263, 846, 588, 77, 54
track:1264, 847, 588, 77, 54
init :1265, 941, 659, 101, 85
track:1266, 943, 659, 101, 85
track:1267, 943, 656, 101, 85
track:1268, 941, 655, 101, 85
init :1269, 946, 656, 101, 80
track:1270, 946, 656, 101, 80
track:1271, 942, 656, 101, 80
track:1272, 937, 654, 106, 84
init :1273, 932, 656, 115, 77
track:1274, 932, 656, 115, 77
track:1275, 927, 655, 115, 77
track:1276, 924, 655, 115, 77
init :1277, 918, 656, 124, 75
track:1278, 910, 657, 124, 75
track:1279, 911, 658, 124, 75
track:1280, 905, 657, 124, 75
init :1281, 900, 659, 129, 77
track:1282, 893, 660, 129, 77
track:1283, 890, 660, 129, 77
track:1284, 890, 660, 129, 77
init :1285, 876, 659, 138, 75
track:1286, 875, 660, 131, 71
track:1287, 874, 660, 131, 71
track:1288, 873, 659, 131, 71
init :1289, 872, 659, 143, 72
track:1290, 871, 659, 143, 72
track:1291, 870, 660, 143, 72
track:1292, 868, 660, 143, 72
init :1293, 867, 662, 143, 72
track:1294, 867, 662, 143, 72
track:1295, 870, 664, 136, 69
track:1296, 868, 663, 136, 69
init :1297, 867, 656, 147, 70
track:1298, 868, 656, 147, 70
track:1299, 867, 657, 147, 70
track:1300, 867, 658, 147, 70
init :1301, 863, 662, 152, 64
track:1302, 864, 662, 152, 64
track:1303, 863, 662, 152, 64
track:1304, 863, 662, 152, 64
init :1305, 867, 662, 152, 67
track:1306, 867, 662, 152, 67
track:1307, 868, 663, 152, 67
track:1308, 868, 663, 152, 67
init :1309, 867, 664, 152, 62
track:1310, 867, 664, 152, 62
track:1311, 869, 664, 152, 62
track:1312, 869, 665, 152, 62
init :1313, 867, 667, 161, 57
track:1314, 867, 667, 161, 57
track:1315, 866, 668, 161, 57
track:1316, 870, 669, 153, 54
init :1317, 863, 669, 166, 54
track:1318, 861, 669, 166, 54
track:1319, 862, 669, 166, 54
track:1320, 866, 671, 158, 51
init :1321, 858, 672, 166, 54
track:1322, 859, 672, 166, 54
track:1323, 864, 674, 166, 54
track:1324, 867, 675, 158, 51
init :1325, 867, 672, 166, 57
track:1326, 873, 673, 158, 54
track:1327, 876, 674, 158, 54
track:1328, 877, 675, 158, 54
init :1329, 867, 675, 166, 54
track:1330, 866, 675, 166, 54
track:1331, 865, 676, 166, 54
track:1332, 867, 677, 158, 51
init :1333, 858, 677, 170, 51
track:1334, 858, 677, 170, 51
track:1335, 855, 677, 170, 51
track:1336, 851, 677, 170, 51
init :1337, 849, 675, 175, 51
track:1338, 847, 675, 175, 51
track:1339, 846, 675, 175, 51
track:1340, 846, 676, 175, 51
init :1341, 844, 677, 175, 49
track:1342, 843, 676, 175, 49
track:1343, 843, 676, 175, 49
track:1344, 843, 677, 175, 49
init :1345, 849, 680, 170, 49
track:1346, 849, 680, 170, 49
track:1347, 849, 680, 170, 49
track:1348, 848, 681, 170, 49
init :1349, 849, 680, 175, 51
track:1350, 848, 680, 175, 51
track:1351, 848, 680, 175, 51
track:1352, 844, 681, 175, 51
init :1353, 844, 682, 175, 49
track:1354, 844, 682, 175, 49
track:1355, 844, 682, 175, 49
track:1356, 844, 683, 175, 49
init :1357, 849, 682, 175, 49
track:1358, 849, 682, 175, 49
track:1359, 849, 683, 175, 49
track:1360, 848, 682, 175, 49
init :1361, 849, 685, 180, 49
track:1362, 848, 686, 180, 49
track:1363, 850, 687, 180, 49
track:1364, 855, 688, 171, 47
init :1365, 849, 687, 180, 51
track:1366, 850, 687, 180, 51
track:1367, 849, 688, 180, 51
track:1368, 849, 688, 180, 51
init :1369, 844, 687, 184, 57
track:1370, 843, 687, 184, 57
track:1371, 847, 689, 175, 54
track:1372, 841, 688, 184, 57
init :1373, 840, 690, 184, 59
track:1374, 840, 690, 184, 59
track:1375, 839, 690, 184, 59
track:1376, 837, 689, 184, 59
init :1377, 830, 693, 193, 59
track:1378, 831, 694, 193, 59
track:1379, 831, 696, 184, 56
track:1380, 823, 697, 184, 56
init :1381, 816, 695, 193, 62
track:1382, 814, 696, 193, 62
track:1383, 812, 696, 193, 62
track:1384, 810, 697, 193, 62
init :1385, 812, 698, 198, 62
track:1386, 816, 700, 189, 59
track:1387, 819, 700, 189, 59
track:1388, 818, 700, 198, 62
init :1389, 816, 703, 198, 62
track:1390, 817, 704, 198, 62
track:1391, 823, 704, 198, 62
track:1392, 828, 705, 198, 62
init :1393, 835, 708, 198, 59
track:1394, 835, 708, 198, 59
track:1395, 841, 710, 189, 56
track:1396, 842, 710, 189, 56
init :1397, 840, 708, 203, 67
track:1398, 834, 707, 213, 70
track:1399, 832, 707, 213, 70
track:1400, 832, 708, 213, 70
init :1401, 821, 711, 203, 64
track:1402, 811, 709, 213, 67
track:1403, 808, 710, 213, 67
track:1404, 806, 710, 213, 67
init :1405, 807, 713, 216, 70
track:1406, 805, 713, 216, 70
track:1407, 802, 713, 216, 70
track:1408, 800, 713, 216, 70
init :1409, 793, 713, 230, 67
track:1410, 792, 713, 230, 67
track:1411, 791, 713, 230, 67
track:1412, 793, 715, 230, 67
init :1413, 793, 716, 240, 77
track:1414, 793, 716, 240, 77
track:1415, 794, 716, 240, 77
track:1416, 795, 716, 240, 77
init :1417, 793, 719, 244, 77
track:1418, 785, 717, 256, 81
track:1419, 790, 720, 244, 77
track:1420, 788, 719, 244, 77
init :1421, 789, 719, 249, 80
track:1422, 787, 719, 249, 80
track:1423, 780, 717, 261, 84
track:1424, 780, 717, 261, 84
init :1425, 793, 719, 249, 85
track:1426, 792, 718, 249, 85
track:1427, 790, 719, 249, 85
track:1428, 790, 718, 249, 85
init :1429, 789, 719, 249, 90
track:1430, 788, 719, 249, 90
track:1431, 786, 720, 249, 90
track:1432, 785, 721, 249, 90
init :1433, 789, 721, 249, 98
track:1434, 789, 721, 249, 98
track:1435, 794, 724, 237, 93
track:1436, 791, 724, 237, 93
init :1437, 789, 721, 244, 106
track:1438, 790, 720, 244, 106
track:1439, 791, 721, 244, 106
track:1440, 789, 723, 244, 106
init :1441, 784, 724, 244, 109
track:1442, 780, 724, 244, 109
track:1443, 778, 724, 244, 109
track:1444, 777, 724, 244, 109
init :1445, 775, 719, 240, 116
track:1446, 767, 716, 252, 122
track:1447, 760, 716, 252, 122
track:1448, 758, 715, 252, 122
init :1449, 766, 716, 235, 122
track:1450, 766, 715, 235, 122
track:1451, 767, 715, 235, 122
track:1452, 769, 715, 235, 122
init :1453, 784, 711, 230, 135
track:1454, 784, 711, 230, 135
track:1455, 787, 710, 230, 135
track:1456, 792, 710, 230, 135
init :1457, 807, 711, 226, 140
track:1458, 810, 711, 226, 140
track:1459, 810, 712, 226, 140
track:1460, 813, 712, 226, 140
init :1461, 830, 711, 207, 142
track:1462, 831, 711, 207, 142
track:1463, 831, 711, 207, 142
track:1464, 830, 711, 207, 142
init :1465, 844, 706, 193, 158
track:1466, 845, 706, 193, 158
track:1467, 844, 706, 193, 158
track:1468, 843, 705, 193, 158
init :1469, 853, 698, 175, 163
track:1470, 851, 697, 175, 163
track:1471, 851, 696, 175, 163
track:1472, 843, 692, 175, 163
init :1473, 853, 690, 156, 158
track:1474, 850, 688, 156, 158
track:1475, 846, 686, 156, 158
track:1476, 845, 684, 156, 158
init :1477, 853, 685, 166, 155
track:1478, 853, 685, 166, 155
track:1479, 855, 683, 166, 155
track:1480, 856, 681, 166, 155
init :1481, 844, 664, 203, 168
track:1482, 850, 661, 203, 168
track:1483, 850, 660, 203, 168
track:1484, 854, 661, 203, 168
init :1485, 853, 659, 226, 166
track:1486, 860, 658, 226, 166
track:1487, 866, 657, 226, 166
track:1488, 867, 657, 226, 166
init :1489, 867, 651, 244, 168
track:1490, 867, 650, 244, 168
track:1491, 871, 648, 244, 168
track:1492, 871, 646, 244, 168
init :1493, 867, 651, 267, 158
track:1494, 868, 649, 267, 158
track:1495, 865, 647, 267, 158
track:1496, 863, 643, 267, 158
init :1497, 849, 646, 300, 140
track:1498, 849, 646, 300, 140
track:1499, 846, 644, 300, 140
track:1500, 842, 641, 300, 140
init :1501, 835, 641, 300, 132
track:1502, 833, 639, 300, 132
track:1503, 832, 638, 300, 132
track:1504, 830, 636, 300, 132
init :1505, 826, 630, 309, 132
track:1506, 826, 629, 309, 132
track:1507, 823, 626, 309, 132
track:1508, 823, 626, 309, 132
init :1509, 826, 625, 309, 119
track:1510, 824, 623, 309, 119
track:1511, 817, 616, 324, 125
track:1512, 813, 614, 324, 125
init :1513, 821, 620, 304, 116
track:1514, 806, 620, 304, 116
track:1515, 783, 620, 304, 116
track:1516, 766, 622, 290, 110
init :1517, 747, 623, 286, 109
track:1518, 747, 623, 286, 109
track:1519, 721, 623, 286, 109
track:1520, 696, 624, 286, 109
init :1521, 683, 625, 276, 103
track:1522, 670, 626, 276, 103
track:1523, 669, 626, 276, 103
track:1524, 660, 626, 276, 103
init :1525, 664, 630, 263, 93
track:1526, 675, 632, 250, 89
track:1527, 679, 633, 250, 89
track:1528, 682, 632, 250, 89
init :1529, 701, 633, 263, 88
track:1530, 725, 632, 263, 88
track:1531, 748, 632, 263, 88
track:1532, 774, 633, 263, 88
init :1533, 780, 633, 253, 80
track:1534, 805, 633, 253, 80
track:1535, 830, 634, 253, 80
track:1536, 858, 636, 241, 76
init :1537, 876, 638, 240, 77
track:1538, 876, 638, 240, 77
track:1539, 892, 637, 240, 77
track:1540, 901, 641, 229, 73
init :1541, 909, 643, 230, 75
track:1542, 909, 643, 230, 75
track:1543, 909, 643, 230, 75
track:1544, 909, 644, 230, 75
init :1545, 909, 649, 226, 75
track:1546, 902, 647, 237, 79
track:1547, 885, 646, 237, 79
track:1548, 893, 649, 226, 75
init :1549, 890, 656, 216, 70
track:1550, 879, 655, 227, 74
track:1551, 870, 656, 227, 74
track:1552, 859, 656, 238, 77
init :1553, 872, 662, 212, 72
track:1554, 869, 663, 212, 72
track:1555, 873, 666, 202, 69
track:1556, 873, 667, 202, 69
init :1557, 881, 664, 203, 75
track:1558, 881, 664, 203, 75
track:1559, 884, 664, 203, 75
track:1560, 886, 665, 203, 75
init :1561, 900, 667, 189, 70
track:1562, 900, 668, 189, 70
track:1563, 901, 669, 189, 70
track:1564, 902, 669, 189, 70
init :1565, 909, 669, 184, 72
track:1566, 910, 669, 184, 72
track:1567, 909, 668, 184, 72
track:1568, 908, 669, 184, 72
init :1569, 913, 669, 170, 75
track:1570, 911, 669, 170, 75
track:1571, 909, 670, 170, 75
track:1572, 911, 672, 162, 71
init :1573, 913, 672, 166, 75
track:1574, 911, 672, 166, 75
track:1575, 908, 672, 166, 75
track:1576, 902, 673, 166, 75
init :1577, 913, 672, 143, 75
track:1578, 913, 672, 143, 75
track:1579, 911, 672, 143, 75
track:1580, 908, 673, 143, 75
init :1581, 904, 675, 138, 72
track:1582, 902, 675, 138, 72
track:1583, 902, 675, 138, 72
track:1584, 902, 676, 138, 72
init :1585, 900, 677, 138, 72
track:1586, 900, 677, 138, 72
track:1587, 902, 679, 131, 69
track:1588, 902, 678, 131, 69
init :1589, 904, 677, 133, 72
track:1590, 905, 678, 133, 72
track:1591, 905, 678, 133, 72
track:1592, 903, 678, 133, 72
init :1593, 909, 680, 120, 72
track:1594, 909, 680, 120, 72
track:1595, 908, 681, 120, 72
track:1596, 909, 683, 114, 69
init :1599, 913, 680, 101, 72
track:1600, 912, 680, 101, 72
init :1601, 913, 680, 101, 72
track:1602, 912, 680, 101, 72
track:1603, 912, 680, 101, 72
track:1604, 909, 680, 101, 72
init :1605, 913, 682, 92, 72
track:1606, 912, 682, 92, 72
track:1607, 911, 685, 88, 69
track:1608, 911, 685, 88, 69
elapseTime: 30.783
