init :7, 821, 630, 235, 197
track:8, 821, 630, 235, 197
track:9, 822, 630, 235, 197
track:10, 821, 631, 235, 197
track:11, 823, 630, 235, 197
track:12, 823, 630, 235, 197
track:13, 824, 630, 235, 197
track:14, 824, 630, 235, 197
track:15, 824, 630, 235, 197
track:16, 825, 630, 235, 197
track:17, 826, 630, 235, 197
track:18, 825, 630, 235, 197
track:19, 825, 629, 235, 197
track:20, 821, 626, 247, 207
track:21, 820, 626, 247, 207
track:22, 827, 631, 235, 197
track:23, 828, 631, 235, 197
track:24, 827, 631, 235, 197
track:25, 828, 630, 235, 197
track:26, 829, 631, 235, 197
track:27, 829, 631, 235, 197
track:28, 829, 631, 235, 197
track:29, 829, 630, 235, 197
track:30, 829, 630, 235, 197
track:31, 830, 629, 235, 197
track:32, 831, 631, 235, 197
track:33, 829, 630, 235, 197
track:34, 830, 631, 235, 197
track:35, 830, 630, 235, 197
track:36, 830, 631, 235, 197
track:37, 829, 630, 235, 197
track:38, 831, 630, 235, 197
track:39, 830, 630, 235, 197
track:40, 830, 630, 235, 197
track:41, 831, 629, 235, 197
track:42, 830, 631, 235, 197
track:43, 831, 630, 235, 197
track:44, 830, 631, 235, 197
track:45, 832, 630, 235, 197
track:46, 830, 631, 235, 197
track:48, 832, 630, 235, 197
track:49, 830, 630, 235, 197
track:50, 831, 629, 235, 197
track:51, 832, 629, 235, 197
track:52, 831, 628, 235, 197
track:53, 832, 629, 235, 197
track:54, 831, 629, 235, 197
track:55, 832, 629, 235, 197
track:56, 831, 629, 235, 197
init :57, 830, 630, 230, 199
track:58, 829, 630, 230, 199
track:59, 830, 630, 230, 199
track:60, 831, 629, 230, 199
track:61, 830, 630, 230, 199
track:62, 829, 630, 230, 199
track:63, 829, 630, 230, 199
track:64, 829, 630, 230, 199
track:65, 829, 630, 230, 199
track:66, 828, 630, 230, 199
track:67, 828, 630, 230, 199
track:68, 828, 630, 230, 199
track:69, 828, 630, 230, 199
track:70, 828, 630, 230, 199
track:71, 828, 630, 230, 199
track:72, 827, 630, 230, 199
track:73, 826, 631, 230, 199
track:74, 829, 631, 230, 199
track:75, 829, 631, 230, 199
track:76, 828, 631, 230, 199
track:77, 828, 631, 230, 199
track:78, 828, 631, 230, 199
track:79, 828, 631, 230, 199
track:80, 828, 631, 230, 199
track:81, 828, 631, 230, 199
track:82, 828, 631, 230, 199
track:83, 828, 631, 230, 199
track:84, 828, 631, 230, 199
track:85, 827, 631, 230, 199
track:86, 827, 632, 230, 199
track:87, 828, 631, 230, 199
track:88, 827, 632, 230, 199
track:89, 828, 631, 230, 199
track:90, 827, 631, 230, 199
track:91, 828, 632, 230, 199
track:92, 829, 631, 230, 199
track:93, 828, 631, 230, 199
track:94, 828, 631, 230, 199
track:95, 829, 631, 230, 199
track:96, 830, 630, 230, 199
track:97, 830, 630, 230, 199
track:98, 831, 629, 230, 199
track:99, 830, 629, 230, 199
track:100, 830, 630, 230, 199
track:101, 832, 629, 230, 199
track:102, 838, 634, 219, 190
track:103, 840, 632, 219, 190
track:104, 838, 633, 219, 190
track:105, 834, 627, 230, 199
track:106, 836, 627, 230, 199
track:107, 840, 629, 219, 190
track:108, 840, 628, 219, 190
track:109, 841, 627, 219, 190
track:110, 841, 626, 219, 190
track:111, 841, 624, 219, 190
track:112, 841, 622, 219, 190
init :113, 844, 623, 212, 173
track:114, 844, 623, 212, 173
track:115, 845, 622, 212, 173
track:116, 846, 620, 212, 173
track:117, 847, 617, 212, 173
track:120, 849, 615, 212, 173
track:121, 850, 612, 212, 173
track:122, 851, 611, 212, 173
track:123, 849, 610, 212, 173
track:124, 850, 609, 212, 173
track:125, 848, 608, 212, 173
track:126, 845, 603, 212, 173
track:127, 845, 602, 212, 173
track:128, 843, 602, 212, 173
track:129, 842, 602, 212, 173
track:130, 844, 604, 212, 173
track:131, 844, 604, 212, 173
track:132, 853, 613, 202, 165
track:133, 859, 618, 192, 157
track:134, 859, 618, 192, 157
track:135, 860, 619, 192, 157
track:136, 860, 620, 192, 157
track:137, 861, 621, 192, 157
track:138, 863, 623, 192, 157
track:139, 862, 622, 192, 157
track:140, 861, 623, 192, 157
track:141, 865, 625, 183, 149
track:142, 864, 625, 183, 149
track:143, 863, 625, 183, 149
track:144, 863, 626, 183, 149
track:145, 859, 631, 183, 149
track:146, 860, 631, 183, 149
track:147, 860, 632, 183, 149
track:148, 861, 632, 183, 149
track:149, 861, 632, 183, 149
track:150, 862, 637, 183, 149
track:151, 862, 640, 183, 149
track:152, 862, 642, 183, 149
track:153, 868, 649, 174, 142
track:154, 862, 645, 183, 149
track:155, 862, 647, 183, 149
track:156, 863, 649, 183, 149
track:157, 865, 649, 183, 149
track:158, 865, 649, 183, 149
track:159, 866, 650, 183, 149
track:160, 864, 650, 183, 149
track:161, 868, 653, 174, 142
track:162, 865, 653, 174, 142
track:163, 864, 653, 174, 142
track:164, 863, 653, 174, 142
track:165, 863, 655, 174, 142
track:166, 863, 655, 174, 142
track:167, 864, 655, 174, 142
track:168, 864, 656, 174, 142
init :169, 863, 659, 166, 150
track:170, 863, 659, 166, 150
track:171, 866, 658, 166, 150
track:172, 868, 657, 166, 150
track:173, 867, 657, 166, 150
track:174, 866, 656, 166, 150
track:175, 864, 657, 166, 150
track:176, 862, 657, 166, 150
track:177, 862, 657, 166, 150
track:178, 864, 658, 166, 150
track:179, 864, 658, 166, 150
track:180, 865, 660, 166, 150
track:181, 866, 662, 166, 150
track:182, 866, 663, 166, 150
track:183, 868, 666, 166, 150
track:184, 870, 667, 166, 150
track:185, 871, 669, 166, 150
track:186, 870, 668, 166, 150
track:187, 866, 659, 166, 150
track:188, 865, 661, 158, 143
track:189, 866, 660, 158, 143
track:190, 859, 656, 166, 150
track:191, 858, 653, 166, 150
track:192, 858, 649, 166, 150
track:193, 857, 647, 166, 150
track:194, 857, 647, 166, 150
track:195, 859, 645, 166, 150
track:196, 859, 644, 166, 150
track:197, 859, 643, 166, 150
track:198, 857, 643, 166, 150
track:199, 857, 643, 166, 150
track:200, 855, 645, 166, 150
track:201, 853, 645, 166, 150
track:202, 850, 643, 166, 150
track:203, 851, 642, 166, 150
track:204, 852, 641, 166, 150
track:205, 853, 637, 166, 150
track:206, 854, 637, 166, 150
track:207, 851, 635, 166, 150
track:208, 850, 635, 166, 150
track:209, 848, 632, 166, 150
track:210, 847, 629, 166, 150
track:211, 845, 627, 166, 150
track:212, 849, 628, 158, 143
track:213, 850, 627, 158, 143
track:214, 850, 626, 158, 143
track:215, 853, 627, 151, 136
track:216, 852, 627, 151, 136
track:217, 851, 627, 151, 136
track:218, 852, 627, 151, 136
track:219, 852, 629, 151, 136
track:220, 852, 633, 151, 136
track:221, 852, 635, 151, 136
track:222, 851, 636, 151, 136
track:223, 851, 636, 151, 136
track:224, 850, 638, 151, 136
init :225, 853, 646, 138, 122
track:226, 853, 647, 138, 122
track:227, 854, 648, 138, 122
track:228, 854, 649, 138, 122
track:229, 854, 649, 138, 122
track:230, 854, 648, 138, 122
track:231, 854, 647, 138, 122
track:232, 853, 645, 138, 122
track:233, 853, 644, 138, 122
track:234, 855, 646, 131, 116
track:235, 855, 646, 131, 116
track:236, 856, 644, 131, 116
track:237, 857, 645, 131, 116
track:238, 858, 645, 131, 116
track:239, 859, 646, 131, 116
track:240, 859, 649, 131, 116
track:241, 860, 650, 131, 116
track:242, 861, 650, 131, 116
track:243, 861, 650, 131, 116
track:244, 860, 650, 131, 116
track:245, 863, 654, 125, 111
track:246, 863, 654, 125, 111
track:247, 863, 654, 125, 111
track:248, 863, 654, 125, 111
track:249, 863, 654, 125, 111
track:250, 864, 656, 125, 111
track:251, 865, 657, 125, 111
track:252, 865, 659, 125, 111
track:253, 869, 662, 119, 105
track:254, 869, 664, 119, 105
track:255, 869, 666, 119, 105
track:256, 870, 668, 119, 105
track:257, 871, 672, 119, 105
track:258, 871, 672, 119, 105
track:259, 872, 673, 119, 105
track:260, 873, 675, 119, 105
track:261, 872, 676, 119, 105
track:262, 871, 676, 119, 105
track:263, 871, 677, 119, 105
track:264, 871, 679, 119, 105
track:265, 871, 681, 119, 105
track:266, 871, 681, 119, 105
track:267, 872, 683, 119, 105
track:268, 871, 684, 119, 105
track:269, 871, 685, 119, 105
track:270, 872, 687, 119, 105
track:271, 872, 690, 119, 105
track:272, 874, 693, 119, 105
track:273, 873, 694, 119, 105
track:274, 873, 696, 119, 105
track:275, 874, 697, 119, 105
track:276, 875, 700, 119, 105
track:277, 876, 703, 119, 105
track:278, 873, 702, 125, 111
track:279, 871, 699, 131, 116
track:280, 872, 698, 131, 116
init :281, 867, 687, 138, 122
track:282, 869, 690, 138, 122
track:283, 869, 690, 138, 122
track:284, 870, 692, 138, 122
track:285, 872, 694, 138, 122
track:286, 874, 694, 138, 122
track:287, 876, 691, 138, 122
track:288, 874, 686, 145, 128
track:289, 870, 681, 152, 135
track:290, 866, 674, 160, 141
track:291, 865, 667, 160, 141
track:292, 863, 657, 168, 148
track:293, 864, 656, 168, 148
track:294, 865, 656, 168, 148
track:295, 867, 653, 168, 148
track:296, 864, 649, 176, 156
track:297, 858, 646, 185, 163
track:298, 855, 643, 194, 172
track:299, 853, 644, 194, 172
track:300, 852, 646, 194, 172
track:301, 845, 643, 204, 180
track:302, 837, 643, 214, 189
track:303, 837, 645, 214, 189
track:304, 837, 649, 214, 189
track:305, 830, 645, 225, 199
track:306, 828, 646, 225, 199
track:307, 822, 638, 236, 209
track:308, 823, 637, 236, 209
track:309, 821, 635, 236, 209
track:310, 814, 622, 248, 219
track:311, 814, 609, 248, 219
track:312, 814, 599, 248, 219
track:313, 814, 597, 248, 219
track:314, 816, 590, 248, 219
track:315, 815, 583, 248, 219
track:316, 815, 573, 248, 219
track:317, 818, 565, 248, 219
track:318, 819, 568, 248, 219
track:319, 827, 569, 236, 209
track:320, 834, 561, 236, 209
track:321, 840, 558, 225, 199
track:322, 840, 557, 225, 199
track:323, 844, 562, 214, 189
track:324, 843, 566, 214, 189
track:325, 843, 564, 214, 189
track:326, 848, 558, 204, 180
track:327, 847, 558, 204, 180
track:328, 847, 558, 204, 180
track:329, 844, 567, 204, 180
track:330, 840, 575, 204, 180
track:331, 845, 580, 194, 172
track:332, 843, 584, 194, 172
track:333, 843, 585, 194, 172
track:334, 841, 586, 194, 172
track:335, 841, 587, 194, 172
track:336, 841, 590, 194, 172
init :337, 853, 599, 184, 168
track:338, 853, 599, 184, 168
track:339, 853, 595, 184, 168
track:340, 854, 594, 184, 168
track:341, 854, 594, 184, 168
track:342, 855, 593, 184, 168
track:343, 855, 593, 184, 168
track:344, 854, 591, 184, 168
track:345, 860, 592, 175, 160
track:346, 860, 593, 175, 160
track:347, 859, 595, 175, 160
track:348, 859, 595, 175, 160
track:349, 864, 602, 167, 152
track:350, 867, 609, 159, 145
track:351, 868, 612, 159, 145
track:352, 872, 619, 151, 138
track:353, 873, 619, 151, 138
track:354, 872, 621, 151, 138
track:355, 872, 622, 151, 138
track:356, 872, 622, 151, 138
track:357, 871, 623, 151, 138
track:358, 870, 624, 151, 138
track:359, 874, 628, 144, 132
track:360, 876, 630, 137, 125
track:361, 875, 629, 137, 125
track:362, 875, 630, 137, 125
track:363, 874, 629, 137, 125
track:364, 874, 631, 137, 125
track:365, 873, 631, 137, 125
track:366, 872, 631, 137, 125
track:367, 872, 633, 137, 125
track:368, 872, 632, 137, 125
track:369, 871, 634, 137, 125
track:370, 870, 638, 137, 125
track:371, 870, 644, 137, 125
track:372, 870, 648, 137, 125
track:373, 869, 649, 137, 125
track:374, 869, 649, 137, 125
track:375, 867, 650, 137, 125
track:376, 864, 651, 137, 125
track:377, 866, 653, 131, 119
track:378, 866, 654, 131, 119
track:379, 866, 655, 131, 119
track:380, 867, 654, 131, 119
track:381, 866, 654, 131, 119
track:382, 863, 654, 131, 119
track:383, 864, 654, 131, 119
track:384, 861, 653, 131, 119
track:385, 862, 651, 131, 119
track:386, 862, 651, 131, 119
track:387, 864, 654, 125, 114
track:388, 863, 654, 125, 114
track:389, 862, 653, 125, 114
track:390, 863, 653, 125, 114
track:391, 863, 655, 125, 114
track:392, 863, 659, 125, 114
init :393, 863, 669, 115, 85
track:394, 863, 670, 115, 85
track:395, 864, 675, 115, 85
track:396, 864, 680, 115, 85
track:397, 865, 683, 115, 85
track:398, 866, 684, 115, 85
track:399, 867, 687, 115, 85
track:400, 869, 693, 115, 85
track:401, 870, 699, 115, 85
track:402, 871, 702, 115, 85
track:403, 871, 702, 115, 85
track:404, 872, 705, 115, 85
track:405, 873, 705, 115, 85
track:406, 874, 704, 115, 85
track:407, 874, 704, 115, 85
track:408, 875, 704, 115, 85
track:409, 876, 702, 115, 85
track:410, 875, 700, 115, 85
track:411, 876, 698, 115, 85
track:412, 877, 696, 115, 85
track:413, 877, 696, 115, 85
track:414, 877, 695, 115, 85
track:415, 878, 696, 115, 85
track:416, 877, 698, 115, 85
track:417, 878, 698, 115, 85
track:418, 878, 699, 115, 85
track:419, 878, 699, 115, 85
track:420, 877, 699, 115, 85
track:421, 876, 700, 115, 85
track:422, 875, 698, 115, 85
track:423, 875, 697, 115, 85
track:424, 874, 695, 115, 85
track:425, 873, 692, 115, 85
track:426, 873, 691, 115, 85
track:427, 872, 689, 115, 85
track:428, 871, 688, 115, 85
track:429, 871, 689, 115, 85
track:430, 871, 689, 115, 85
track:431, 871, 689, 115, 85
track:432, 870, 689, 115, 85
track:433, 870, 689, 115, 85
track:434, 869, 688, 115, 85
track:435, 864, 687, 121, 89
track:436, 864, 689, 121, 89
track:437, 864, 690, 121, 89
track:438, 865, 691, 121, 89
track:439, 866, 692, 121, 89
track:440, 866, 692, 121, 89
track:441, 866, 692, 121, 89
track:442, 866, 692, 121, 89
track:443, 867, 693, 121, 89
track:444, 866, 693, 121, 89
track:445, 867, 693, 121, 89
track:446, 867, 695, 121, 89
track:447, 867, 693, 121, 89
track:448, 867, 693, 121, 89
init :449, 867, 693, 115, 85
track:450, 867, 693, 115, 85
track:451, 867, 695, 115, 85
track:452, 868, 697, 115, 85
track:453, 868, 698, 115, 85
track:454, 869, 698, 115, 85
track:455, 868, 696, 121, 89
track:456, 868, 697, 121, 89
track:457, 868, 696, 121, 89
track:458, 867, 697, 121, 89
track:459, 867, 696, 121, 89
track:460, 867, 694, 121, 89
track:461, 868, 694, 121, 89
track:462, 865, 691, 127, 94
track:463, 865, 690, 127, 94
track:464, 864, 688, 127, 94
track:465, 864, 685, 127, 94
track:466, 864, 686, 127, 94
track:467, 864, 687, 127, 94
track:468, 865, 687, 127, 94
track:469, 864, 687, 127, 94
track:470, 866, 688, 127, 94
track:471, 863, 687, 133, 98
track:472, 863, 688, 133, 98
track:473, 863, 690, 133, 98
track:474, 863, 693, 133, 98
track:475, 863, 691, 140, 103
track:476, 864, 689, 140, 103
track:477, 864, 689, 140, 103
track:478, 865, 688, 140, 103
track:479, 864, 685, 147, 108
track:480, 867, 676, 147, 108
track:481, 865, 671, 154, 114
track:482, 865, 670, 154, 114
track:483, 867, 663, 154, 114
track:484, 869, 660, 154, 114
track:485, 870, 661, 154, 114
track:486, 870, 665, 154, 114
track:487, 871, 665, 154, 114
track:488, 870, 669, 154, 114
track:490, 867, 672, 154, 114
track:491, 864, 673, 154, 114
track:492, 864, 674, 154, 114
track:493, 861, 674, 154, 114
track:494, 861, 674, 154, 114
track:495, 853, 664, 162, 120
track:496, 847, 657, 170, 126
track:497, 846, 656, 170, 126
track:498, 841, 652, 178, 132
track:499, 840, 648, 178, 132
track:500, 840, 643, 178, 132
track:501, 839, 639, 178, 132
track:502, 839, 638, 178, 132
track:503, 839, 635, 178, 132
track:504, 839, 634, 178, 132
init :505, 853, 630, 156, 140
track:506, 852, 630, 156, 140
track:507, 853, 630, 156, 140
track:508, 848, 625, 164, 147
track:509, 848, 622, 164, 147
track:510, 848, 620, 164, 147
track:511, 848, 618, 164, 147
track:512, 851, 620, 156, 140
track:513, 851, 619, 156, 140
track:514, 851, 621, 156, 140
track:515, 852, 622, 156, 140
track:516, 851, 621, 156, 140
track:517, 855, 624, 149, 133
track:518, 855, 621, 149, 133
track:519, 855, 620, 149, 133
track:520, 855, 619, 149, 133
track:521, 855, 618, 149, 133
track:522, 856, 618, 149, 133
track:523, 858, 623, 141, 127
track:524, 859, 625, 141, 127
track:525, 861, 627, 141, 127
track:526, 862, 627, 141, 127
track:527, 866, 631, 135, 121
track:528, 866, 630, 135, 121
track:529, 865, 629, 135, 121
track:530, 870, 630, 128, 115
track:531, 869, 629, 128, 115
track:532, 870, 628, 128, 115
track:533, 872, 629, 128, 115
track:534, 872, 630, 128, 115
track:535, 872, 631, 128, 115
track:536, 875, 636, 122, 110
track:537, 875, 636, 122, 110
track:538, 876, 638, 122, 110
track:539, 877, 639, 122, 110
track:540, 880, 641, 116, 104
track:543, 881, 645, 111, 99
track:544, 879, 645, 111, 99
track:546, 878, 651, 111, 99
track:547, 877, 652, 111, 99
track:548, 879, 655, 106, 95
track:549, 879, 657, 106, 95
track:550, 877, 660, 106, 95
track:551, 876, 661, 106, 95
track:552, 876, 661, 106, 95
track:553, 874, 661, 106, 95
track:554, 874, 660, 106, 95
track:555, 874, 660, 106, 95
track:556, 874, 660, 106, 95
track:557, 874, 661, 106, 95
track:558, 873, 666, 106, 95
track:559, 876, 671, 101, 90
track:560, 878, 675, 96, 86
init :561, 876, 680, 96, 80
track:562, 876, 680, 96, 80
track:563, 876, 683, 96, 80
track:564, 876, 685, 96, 80
track:565, 876, 686, 96, 80
track:566, 876, 689, 96, 80
track:567, 876, 689, 96, 80
track:568, 877, 692, 96, 80
track:569, 878, 693, 96, 80
track:570, 877, 696, 96, 80
track:571, 876, 698, 96, 80
track:572, 876, 699, 96, 80
track:573, 878, 700, 96, 80
track:574, 879, 701, 96, 80
track:575, 880, 701, 96, 80
track:576, 878, 699, 96, 80
track:577, 878, 698, 96, 80
track:578, 879, 696, 96, 80
track:579, 880, 694, 96, 80
track:580, 877, 692, 101, 84
track:581, 878, 692, 101, 84
track:582, 878, 692, 101, 84
track:583, 877, 695, 101, 84
track:584, 877, 696, 101, 84
track:585, 877, 696, 101, 84
track:586, 877, 697, 101, 84
track:587, 877, 697, 101, 84
track:588, 877, 698, 101, 84
track:589, 878, 696, 101, 84
track:590, 877, 695, 101, 84
track:591, 875, 697, 101, 84
track:592, 875, 697, 101, 84
track:593, 874, 696, 101, 84
track:594, 874, 694, 101, 84
track:595, 872, 684, 106, 88
track:596, 872, 681, 106, 88
track:597, 868, 679, 111, 93
track:598, 868, 675, 111, 93
track:599, 867, 668, 111, 93
track:600, 868, 665, 111, 93
track:601, 868, 664, 111, 93
track:602, 868, 664, 111, 93
track:603, 868, 663, 111, 93
track:604, 867, 659, 111, 93
track:605, 867, 656, 111, 93
track:606, 867, 655, 111, 93
track:607, 867, 655, 111, 93
track:608, 867, 655, 111, 93
track:609, 868, 655, 111, 93
track:610, 866, 654, 117, 97
track:611, 866, 657, 117, 97
track:612, 866, 657, 117, 97
track:613, 865, 660, 117, 97
track:614, 866, 661, 117, 97
track:615, 865, 665, 117, 97
track:616, 865, 667, 117, 97
init :617, 863, 667, 129, 103
track:618, 860, 663, 135, 108
track:619, 859, 662, 135, 108
track:620, 861, 661, 135, 108
track:621, 862, 661, 135, 108
track:622, 862, 661, 135, 108
track:623, 861, 660, 135, 108
track:624, 860, 658, 135, 108
track:625, 861, 658, 135, 108
track:626, 862, 659, 135, 108
track:627, 862, 660, 135, 108
track:628, 863, 660, 135, 108
track:629, 862, 660, 135, 108
track:630, 862, 657, 135, 108
track:631, 862, 656, 135, 108
track:632, 862, 656, 135, 108
track:633, 864, 659, 135, 108
track:634, 861, 660, 142, 114
track:635, 861, 663, 142, 114
track:636, 862, 664, 142, 114
track:637, 863, 664, 142, 114
track:638, 864, 665, 142, 114
track:639, 866, 666, 142, 114
track:640, 866, 665, 142, 114
track:641, 866, 663, 142, 114
track:642, 866, 663, 142, 114
track:643, 866, 661, 142, 114
track:644, 866, 660, 142, 114
track:645, 866, 650, 142, 114
track:646, 866, 649, 142, 114
track:647, 866, 649, 142, 114
track:648, 866, 648, 142, 114
track:649, 867, 649, 142, 114
track:650, 868, 649, 142, 114
track:651, 870, 648, 142, 114
track:652, 870, 649, 142, 114
track:653, 872, 648, 142, 114
track:654, 872, 649, 142, 114
track:655, 873, 652, 142, 114
track:656, 874, 655, 142, 114
track:657, 873, 656, 142, 114
track:658, 875, 659, 142, 114
track:659, 876, 658, 142, 114
track:660, 877, 657, 142, 114
track:661, 877, 657, 142, 114
track:662, 878, 658, 142, 114
track:663, 879, 657, 142, 114
track:664, 879, 656, 142, 114
track:665, 881, 654, 142, 114
track:666, 881, 652, 142, 114
track:667, 880, 651, 142, 114
track:668, 881, 650, 142, 114
track:669, 880, 648, 142, 114
track:670, 881, 648, 142, 114
track:671, 879, 649, 142, 114
track:672, 879, 649, 142, 114
init :673, 872, 651, 143, 116
track:674, 871, 650, 143, 116
track:675, 870, 650, 143, 116
track:676, 870, 651, 143, 116
track:677, 870, 651, 143, 116
track:678, 868, 653, 143, 116
track:679, 867, 663, 143, 116
track:680, 868, 670, 143, 116
track:681, 868, 672, 143, 116
track:682, 868, 673, 143, 116
track:683, 866, 672, 143, 116
track:684, 865, 671, 143, 116
track:685, 865, 673, 143, 116
track:686, 865, 675, 143, 116
track:687, 865, 676, 143, 116
track:688, 865, 675, 143, 116
track:689, 860, 671, 150, 122
track:690, 859, 670, 150, 122
track:691, 858, 668, 150, 122
track:692, 858, 667, 150, 122
track:693, 858, 666, 150, 122
track:694, 858, 666, 150, 122
track:695, 858, 665, 150, 122
track:696, 853, 661, 158, 128
track:697, 853, 660, 158, 128
track:698, 851, 659, 158, 128
track:699, 848, 659, 158, 128
track:700, 849, 660, 158, 128
track:701, 848, 662, 158, 128
track:702, 849, 662, 158, 128
track:703, 849, 665, 158, 128
track:704, 847, 671, 158, 128
track:705, 847, 675, 158, 128
track:706, 845, 676, 158, 128
track:707, 846, 677, 158, 128
track:708, 844, 679, 158, 128
track:709, 844, 679, 158, 128
track:710, 845, 678, 158, 128
track:711, 845, 677, 158, 128
track:712, 844, 674, 158, 128
track:713, 844, 673, 158, 128
track:714, 844, 673, 158, 128
track:715, 843, 674, 158, 128
track:716, 843, 674, 158, 128
track:717, 844, 675, 158, 128
track:718, 844, 676, 158, 128
track:719, 845, 676, 158, 128
track:720, 845, 677, 158, 128
track:721, 846, 677, 158, 128
track:722, 846, 678, 158, 128
track:723, 846, 676, 158, 128
track:724, 846, 674, 158, 128
track:725, 842, 668, 166, 134
track:726, 843, 667, 166, 134
track:727, 843, 665, 166, 134
track:728, 843, 663, 166, 134
init :729, 853, 654, 152, 124
track:730, 853, 653, 152, 124
track:731, 853, 653, 152, 124
track:732, 854, 653, 152, 124
track:733, 850, 649, 160, 130
track:734, 855, 648, 152, 124
track:735, 856, 642, 152, 124
track:736, 856, 642, 152, 124
track:737, 856, 641, 152, 124
track:738, 855, 639, 152, 124
track:739, 851, 637, 160, 130
track:740, 853, 638, 160, 130
track:741, 854, 639, 160, 130
track:742, 854, 639, 160, 130
track:743, 852, 640, 160, 130
track:744, 852, 639, 160, 130
track:745, 853, 637, 160, 130
track:746, 853, 638, 160, 130
track:747, 854, 636, 160, 130
track:748, 853, 627, 160, 130
track:749, 852, 621, 160, 130
track:750, 851, 621, 160, 130
track:751, 853, 625, 152, 124
track:752, 853, 626, 152, 124
track:753, 854, 627, 152, 124
track:754, 856, 627, 152, 124
track:755, 858, 626, 152, 124
track:756, 859, 626, 152, 124
track:757, 860, 625, 152, 124
track:758, 862, 626, 145, 118
track:759, 861, 627, 145, 118
track:760, 862, 632, 145, 118
track:761, 862, 633, 145, 118
track:762, 864, 633, 145, 118
track:763, 867, 632, 145, 118
track:764, 868, 633, 145, 118
track:765, 867, 633, 145, 118
track:766, 867, 634, 145, 118
track:767, 866, 634, 145, 118
track:768, 865, 635, 145, 118
track:769, 866, 636, 145, 118
track:770, 869, 646, 145, 118
track:771, 870, 647, 145, 118
track:772, 871, 646, 145, 118
track:773, 872, 644, 145, 118
track:774, 872, 644, 145, 118
track:775, 873, 645, 145, 118
track:776, 873, 645, 145, 118
track:777, 877, 646, 138, 112
track:778, 878, 646, 138, 112
track:779, 882, 648, 131, 107
track:780, 886, 651, 125, 102
track:781, 887, 651, 125, 102
track:782, 886, 651, 125, 102
track:783, 886, 651, 125, 102
track:784, 886, 650, 125, 102
init :785, 881, 649, 138, 101
track:786, 881, 649, 138, 101
track:787, 878, 647, 145, 106
track:788, 878, 648, 145, 106
track:789, 876, 650, 145, 106
track:790, 877, 649, 145, 106
track:791, 876, 649, 145, 106
track:792, 876, 648, 145, 106
track:793, 875, 648, 145, 106
track:794, 878, 652, 138, 101
track:795, 875, 654, 145, 106
track:796, 875, 655, 145, 106
track:797, 875, 654, 145, 106
track:798, 875, 654, 145, 106
track:799, 875, 655, 145, 106
track:800, 875, 656, 145, 106
track:801, 875, 656, 145, 106
track:802, 874, 657, 145, 106
track:803, 873, 657, 145, 106
track:804, 875, 658, 145, 106
track:805, 873, 658, 145, 106
track:806, 873, 658, 145, 106
track:807, 872, 658, 145, 106
track:808, 871, 658, 145, 106
track:809, 872, 660, 145, 106
track:810, 872, 663, 145, 106
track:811, 872, 663, 145, 106
track:812, 872, 664, 145, 106
track:813, 870, 664, 145, 106
track:814, 868, 665, 145, 106
track:815, 868, 664, 145, 106
track:816, 867, 663, 145, 106
track:817, 867, 666, 145, 106
track:818, 868, 672, 145, 106
track:819, 866, 675, 145, 106
track:820, 864, 685, 145, 106
track:821, 863, 686, 145, 106
track:822, 860, 684, 152, 111
track:823, 860, 683, 152, 111
track:824, 859, 681, 152, 111
track:825, 858, 682, 152, 111
track:826, 858, 683, 152, 111
track:827, 853, 683, 160, 117
track:828, 853, 689, 160, 117
track:829, 855, 691, 160, 117
track:830, 857, 692, 160, 117
track:831, 858, 692, 160, 117
track:832, 854, 691, 168, 123
track:833, 857, 689, 168, 123
track:834, 857, 684, 168, 123
track:835, 857, 674, 168, 123
track:836, 853, 672, 176, 129
track:837, 852, 665, 176, 129
track:838, 852, 664, 176, 129
track:839, 851, 661, 176, 129
track:840, 847, 655, 176, 129
init :841, 840, 646, 180, 163
track:842, 839, 645, 180, 163
track:843, 837, 643, 180, 163
track:844, 836, 639, 180, 163
track:845, 831, 625, 180, 163
track:846, 831, 625, 180, 163
track:847, 830, 621, 180, 163
track:848, 829, 613, 180, 163
track:849, 829, 612, 180, 163
track:850, 823, 607, 189, 171
track:851, 823, 607, 189, 171
track:852, 822, 598, 198, 180
track:853, 825, 594, 198, 180
track:854, 827, 595, 198, 180
track:855, 822, 593, 208, 189
track:856, 823, 594, 208, 189
track:857, 827, 600, 198, 180
track:858, 828, 597, 198, 180
track:859, 829, 594, 198, 180
track:860, 829, 591, 198, 180
track:861, 829, 592, 198, 180
track:862, 829, 593, 198, 180
track:863, 830, 597, 198, 180
track:864, 831, 603, 198, 180
track:865, 831, 609, 198, 180
track:866, 830, 610, 198, 180
track:867, 835, 618, 189, 171
track:868, 840, 625, 180, 163
track:869, 841, 626, 180, 163
track:870, 841, 630, 180, 163
track:871, 841, 631, 180, 163
track:872, 842, 630, 180, 163
track:873, 842, 631, 180, 163
track:874, 848, 635, 171, 155
track:875, 853, 639, 163, 148
track:876, 852, 638, 163, 148
track:877, 853, 639, 163, 148
track:878, 855, 639, 163, 148
track:879, 856, 638, 163, 148
track:880, 857, 638, 163, 148
track:881, 857, 638, 163, 148
track:882, 857, 637, 163, 148
track:883, 859, 637, 163, 148
track:884, 861, 636, 163, 148
track:885, 866, 640, 155, 141
track:886, 866, 640, 155, 141
track:887, 867, 641, 155, 141
track:888, 868, 641, 155, 141
track:889, 869, 639, 155, 141
track:890, 870, 637, 155, 141
track:891, 871, 637, 155, 141
track:892, 877, 640, 148, 134
track:893, 877, 638, 148, 134
track:894, 878, 637, 148, 134
track:895, 879, 637, 148, 134
track:896, 879, 637, 148, 134
init :897, 886, 649, 129, 98
track:898, 885, 649, 129, 98
track:899, 883, 649, 129, 98
track:900, 882, 651, 129, 98
track:901, 881, 651, 129, 98
track:902, 880, 653, 129, 98
track:903, 879, 654, 129, 98
track:904, 880, 653, 129, 98
track:905, 879, 653, 129, 98
track:906, 880, 653, 129, 98
track:907, 855, 638, 129, 98
track:908, 851, 633, 135, 103
track:909, 840, 629, 135, 103
track:910, 835, 635, 135, 103
track:911, 837, 637, 135, 103
track:912, 836, 641, 135, 103
track:913, 836, 644, 135, 103
track:914, 837, 647, 135, 103
track:915, 839, 650, 135, 103
track:916, 836, 652, 135, 103
track:917, 833, 650, 142, 108
track:918, 831, 648, 149, 113
track:919, 831, 650, 149, 113
track:920, 828, 650, 149, 113
track:921, 826, 649, 157, 119
track:922, 820, 647, 157, 119
track:923, 812, 643, 165, 125
track:924, 807, 643, 165, 125
track:925, 801, 641, 165, 125
track:926, 799, 643, 165, 125
track:927, 797, 641, 165, 125
track:928, 786, 643, 165, 125
track:929, 781, 642, 165, 125
track:930, 778, 641, 165, 125
track:931, 777, 640, 165, 125
track:932, 772, 636, 173, 131
track:933, 773, 632, 173, 131
track:934, 769, 629, 173, 131
track:935, 770, 626, 173, 131
track:936, 772, 627, 173, 131
track:937, 771, 624, 173, 131
track:938, 774, 622, 173, 131
track:939, 774, 619, 173, 131
track:940, 773, 619, 173, 131
track:941, 775, 618, 173, 131
track:942, 773, 617, 173, 131
track:943, 773, 616, 173, 131
track:944, 774, 616, 173, 131
track:945, 770, 617, 173, 131
track:946, 769, 612, 182, 138
track:947, 768, 613, 182, 138
track:948, 765, 615, 182, 138
track:949, 761, 616, 182, 138
track:950, 756, 616, 182, 138
track:951, 755, 616, 182, 138
track:952, 753, 618, 182, 138
init :953, 752, 576, 360, 238
track:954, 751, 575, 360, 238
track:955, 752, 578, 360, 238
track:956, 751, 576, 360, 238
track:957, 752, 578, 360, 238
track:958, 752, 579, 360, 238
track:959, 751, 580, 360, 238
track:960, 750, 582, 360, 238
track:961, 748, 582, 360, 238
track:962, 746, 584, 360, 238
track:963, 745, 586, 360, 238
track:964, 746, 585, 360, 238
track:965, 745, 587, 360, 238
track:966, 741, 586, 360, 238
track:967, 734, 587, 360, 238
track:968, 732, 587, 360, 238
track:969, 727, 588, 360, 238
track:970, 727, 589, 360, 238
track:971, 723, 588, 360, 238
track:972, 716, 589, 360, 238
track:973, 714, 589, 360, 238
track:974, 710, 589, 360, 238
track:975, 708, 589, 360, 238
track:976, 705, 590, 360, 238
track:977, 700, 591, 360, 238
track:978, 700, 590, 360, 238
track:979, 700, 593, 360, 238
track:980, 700, 592, 360, 238
track:981, 695, 593, 360, 238
track:982, 695, 593, 360, 238
track:983, 695, 594, 360, 238
track:984, 698, 594, 360, 238
track:985, 696, 595, 360, 238
track:986, 701, 602, 343, 227
track:987, 700, 601, 343, 227
track:988, 703, 600, 343, 227
track:989, 711, 607, 327, 216
track:990, 710, 608, 327, 216
track:991, 712, 608, 327, 216
track:992, 713, 608, 327, 216
track:993, 712, 606, 327, 216
track:994, 715, 610, 311, 206
track:995, 716, 609, 311, 206
track:996, 715, 609, 311, 206
track:997, 717, 608, 311, 206
track:998, 722, 604, 311, 206
track:999, 726, 603, 311, 206
track:1000, 733, 606, 296, 196
track:1001, 736, 602, 296, 196
track:1002, 739, 600, 296, 196
track:1003, 746, 595, 296, 196
track:1004, 751, 593, 296, 196
track:1005, 750, 591, 296, 196
track:1006, 753, 590, 296, 196
track:1007, 755, 588, 296, 196
track:1008, 762, 591, 282, 186
init :1009, 761, 573, 489, 199
track:1010, 761, 573, 489, 199
track:1011, 771, 578, 466, 190
track:1012, 768, 577, 466, 190
track:1013, 761, 578, 466, 190
track:1014, 757, 578, 466, 190
track:1015, 757, 577, 466, 190
track:1016, 753, 576, 466, 190
track:1017, 751, 575, 466, 190
track:1018, 747, 576, 466, 190
track:1019, 731, 571, 489, 199
track:1020, 729, 569, 489, 199
track:1021, 731, 570, 489, 199
track:1022, 742, 574, 466, 190
track:1023, 740, 574, 466, 190
track:1024, 736, 575, 466, 190
track:1025, 738, 575, 466, 190
track:1026, 736, 575, 466, 190
track:1027, 731, 577, 466, 190
track:1028, 740, 579, 444, 180
track:1029, 736, 579, 444, 180
track:1030, 731, 580, 444, 180
track:1031, 728, 581, 444, 180
track:1032, 726, 584, 444, 180
track:1033, 722, 585, 444, 180
track:1034, 719, 586, 444, 180
track:1035, 717, 588, 444, 180
track:1036, 714, 589, 444, 180
track:1037, 713, 592, 444, 180
track:1038, 710, 595, 444, 180
track:1039, 714, 598, 444, 180
track:1040, 712, 600, 444, 180
track:1041, 712, 601, 444, 180
track:1042, 716, 607, 422, 172
track:1043, 714, 607, 422, 172
track:1044, 717, 608, 422, 172
track:1045, 716, 610, 422, 172
track:1046, 723, 615, 402, 164
track:1047, 728, 616, 402, 164
track:1048, 724, 614, 422, 172
track:1049, 730, 612, 422, 172
track:1050, 733, 610, 422, 172
track:1051, 727, 604, 444, 180
track:1052, 732, 604, 444, 180
track:1053, 748, 606, 422, 172
track:1054, 758, 604, 422, 172
track:1055, 758, 605, 422, 172
track:1056, 763, 605, 422, 172
track:1057, 758, 603, 444, 180
track:1058, 767, 608, 422, 172
track:1059, 775, 612, 402, 164
track:1060, 773, 612, 402, 164
track:1061, 773, 612, 402, 164
track:1062, 769, 614, 402, 164
track:1063, 770, 615, 402, 164
track:1064, 771, 614, 402, 164
init :1065, 793, 617, 438, 135
track:1066, 791, 617, 438, 135
track:1067, 785, 616, 438, 135
track:1068, 777, 614, 438, 135
track:1069, 759, 610, 460, 142
track:1070, 756, 607, 460, 142
track:1071, 760, 612, 438, 135
track:1072, 743, 612, 438, 135
track:1073, 729, 613, 438, 135
track:1074, 718, 613, 438, 135
track:1075, 713, 613, 438, 135
track:1076, 695, 609, 460, 142
track:1077, 688, 610, 460, 142
track:1078, 672, 609, 460, 142
track:1079, 662, 612, 460, 142
track:1080, 671, 615, 438, 135
track:1081, 666, 615, 438, 135
track:1082, 659, 615, 438, 135
track:1083, 656, 618, 438, 135
track:1084, 652, 618, 438, 135
track:1085, 653, 618, 438, 135
track:1086, 649, 618, 438, 135
track:1087, 651, 618, 438, 135
track:1088, 651, 618, 438, 135
track:1089, 648, 619, 438, 135
track:1090, 651, 618, 438, 135
track:1091, 653, 619, 438, 135
track:1092, 652, 621, 438, 135
track:1093, 654, 622, 438, 135
track:1094, 664, 626, 417, 129
track:1095, 661, 626, 417, 129
track:1096, 663, 625, 417, 129
track:1097, 673, 629, 397, 122
track:1098, 671, 625, 417, 129
track:1099, 660, 625, 438, 135
track:1100, 661, 626, 438, 135
track:1101, 662, 627, 438, 135
track:1102, 660, 626, 438, 135
track:1103, 657, 627, 438, 135
track:1104, 661, 628, 438, 135
track:1105, 661, 627, 438, 135
track:1106, 664, 627, 438, 135
track:1107, 648, 624, 460, 142
track:1108, 642, 625, 460, 142
track:1109, 652, 630, 438, 135
track:1110, 649, 630, 438, 135
track:1111, 647, 633, 438, 135
track:1112, 634, 630, 460, 142
track:1113, 613, 629, 483, 149
track:1114, 617, 633, 483, 149
track:1115, 624, 637, 460, 142
track:1116, 635, 639, 438, 135
track:1117, 635, 638, 438, 135
track:1118, 635, 638, 438, 135
track:1119, 634, 638, 438, 135
track:1120, 630, 637, 438, 135
init :1121, 701, 628, 401, 184
track:1122, 701, 628, 401, 184
track:1123, 697, 627, 401, 184
track:1124, 693, 627, 401, 184
track:1125, 693, 626, 401, 184
track:1126, 697, 626, 401, 184
track:1127, 699, 627, 401, 184
track:1128, 699, 628, 401, 184
track:1129, 706, 626, 401, 184
track:1130, 703, 626, 401, 184
track:1131, 705, 629, 401, 184
track:1132, 712, 629, 382, 175
track:1133, 718, 630, 382, 175
track:1134, 701, 625, 401, 184
track:1135, 697, 623, 401, 184
track:1136, 694, 625, 401, 184
track:1137, 697, 622, 401, 184
track:1138, 687, 617, 401, 184
track:1139, 678, 611, 401, 184
track:1140, 678, 611, 401, 184
track:1141, 686, 617, 382, 175
track:1142, 680, 614, 382, 175
track:1143, 670, 626, 382, 175
track:1144, 641, 629, 401, 184
track:1145, 651, 640, 382, 175
track:1146, 657, 643, 382, 175
track:1147, 660, 648, 364, 167
track:1148, 663, 651, 364, 167
track:1149, 665, 657, 346, 159
track:1150, 663, 653, 346, 159
track:1151, 657, 658, 346, 159
track:1152, 655, 659, 346, 159
track:1153, 650, 655, 346, 159
track:1154, 645, 655, 346, 159
track:1155, 644, 656, 346, 159
track:1156, 640, 653, 364, 167
track:1157, 641, 658, 364, 167
track:1158, 637, 660, 364, 167
track:1159, 646, 662, 346, 159
track:1160, 637, 658, 364, 167
track:1161, 641, 658, 364, 167
track:1162, 644, 656, 364, 167
track:1163, 644, 657, 364, 167
track:1164, 644, 659, 364, 167
track:1165, 645, 659, 364, 167
track:1166, 638, 657, 364, 167
track:1167, 631, 660, 364, 167
track:1168, 630, 658, 364, 167
track:1169, 629, 659, 364, 167
track:1170, 626, 658, 364, 167
track:1171, 628, 656, 364, 167
track:1172, 618, 655, 364, 167
track:1173, 623, 662, 346, 159
track:1174, 628, 659, 346, 159
track:1175, 630, 665, 330, 151
track:1176, 642, 667, 314, 144
init :1177, 761, 638, 369, 155
track:1178, 772, 641, 351, 148
track:1179, 768, 636, 369, 155
track:1180, 767, 635, 369, 155
track:1181, 770, 634, 369, 155
track:1182, 763, 628, 387, 163
track:1183, 777, 632, 369, 155
track:1184, 775, 630, 369, 155
track:1185, 786, 634, 351, 148
track:1186, 787, 632, 351, 148
track:1187, 790, 630, 351, 148
track:1188, 789, 629, 351, 148
track:1189, 788, 626, 351, 148
track:1190, 786, 623, 369, 155
track:1191, 787, 624, 369, 155
track:1192, 783, 623, 369, 155
track:1193, 778, 619, 369, 155
track:1194, 780, 618, 369, 155
track:1195, 778, 617, 369, 155
track:1196, 782, 618, 369, 155
track:1197, 772, 612, 369, 155
track:1198, 781, 616, 351, 148
track:1199, 775, 616, 351, 148
track:1200, 776, 615, 351, 148
track:1201, 783, 614, 351, 148
track:1202, 794, 614, 351, 148
track:1203, 793, 612, 351, 148
track:1204, 797, 615, 335, 141
track:1205, 803, 616, 335, 141
track:1206, 799, 617, 335, 141
track:1207, 817, 623, 319, 134
track:1208, 825, 621, 319, 134
track:1209, 821, 621, 319, 134
track:1210, 836, 623, 319, 134
track:1211, 834, 625, 319, 134
track:1212, 829, 625, 319, 134
track:1213, 837, 629, 319, 134
track:1214, 829, 627, 335, 141
track:1215, 824, 626, 335, 141
track:1216, 835, 626, 335, 141
track:1217, 834, 626, 335, 141
track:1218, 823, 626, 335, 141
track:1219, 828, 628, 335, 141
track:1220, 831, 630, 319, 134
track:1221, 866, 632, 304, 128
track:1222, 863, 634, 304, 128
track:1223, 833, 638, 304, 128
track:1224, 852, 634, 304, 128
track:1225, 853, 634, 304, 128
track:1226, 860, 635, 304, 128
track:1227, 847, 632, 319, 134
track:1228, 847, 633, 335, 141
track:1229, 865, 635, 319, 134
track:1230, 860, 635, 319, 134
track:1231, 860, 635, 319, 134
track:1232, 854, 638, 319, 134
init :1233, 913, 662, 253, 98
track:1234, 913, 662, 253, 98
track:1235, 912, 662, 253, 98
track:1236, 915, 665, 241, 93
track:1237, 911, 665, 241, 93
track:1238, 913, 667, 229, 89
track:1239, 912, 667, 229, 89
track:1240, 919, 668, 219, 85
track:1241, 918, 668, 219, 85
track:1242, 914, 668, 219, 85
track:1243, 913, 669, 219, 85
track:1244, 918, 668, 219, 85
track:1245, 912, 669, 219, 85
track:1246, 917, 671, 208, 81
track:1247, 911, 674, 208, 81
track:1248, 910, 675, 208, 81
track:1249, 916, 678, 198, 77
track:1250, 907, 679, 198, 77
track:1251, 900, 677, 208, 81
track:1252, 874, 669, 219, 85
track:1253, 865, 667, 219, 85
track:1254, 856, 664, 229, 89
track:1255, 848, 660, 241, 93
track:1256, 841, 658, 241, 93
track:1257, 836, 659, 241, 93
track:1258, 821, 654, 253, 98
track:1259, 819, 650, 253, 98
track:1260, 823, 648, 241, 93
track:1261, 787, 648, 241, 93
track:1262, 789, 646, 241, 93
track:1263, 802, 648, 241, 93
track:1264, 806, 646, 241, 93
track:1265, 807, 646, 241, 93
track:1266, 815, 642, 253, 98
track:1267, 822, 644, 241, 93
track:1268, 824, 650, 229, 89
track:1269, 816, 646, 241, 93
track:1270, 814, 648, 241, 93
track:1271, 804, 648, 241, 93
track:1272, 797, 646, 253, 98
track:1273, 802, 648, 241, 93
track:1274, 802, 650, 241, 93
track:1275, 794, 649, 253, 98
track:1276, 797, 652, 241, 93
track:1277, 787, 651, 253, 98
track:1278, 775, 649, 266, 103
track:1279, 775, 649, 266, 103
track:1280, 768, 651, 266, 103
track:1281, 763, 651, 266, 103
track:1282, 744, 650, 266, 103
track:1283, 743, 652, 266, 103
track:1284, 743, 652, 266, 103
track:1285, 742, 652, 266, 103
track:1286, 744, 648, 266, 103
track:1287, 738, 646, 266, 103
track:1288, 738, 645, 266, 103
init :1289, 872, 659, 143, 72
track:1290, 871, 659, 143, 72
track:1291, 870, 660, 143, 72
track:1292, 868, 660, 143, 72
track:1293, 867, 660, 143, 72
track:1294, 865, 660, 143, 72
track:1295, 865, 660, 143, 72
track:1296, 864, 659, 143, 72
track:1297, 865, 659, 143, 72
track:1298, 864, 659, 143, 72
track:1299, 864, 659, 143, 72
track:1300, 866, 661, 136, 69
track:1301, 865, 661, 136, 69
track:1302, 865, 661, 136, 69
track:1303, 866, 663, 130, 65
track:1304, 866, 663, 130, 65
track:1305, 867, 662, 130, 65
track:1306, 867, 662, 130, 65
track:1307, 868, 663, 130, 65
track:1308, 867, 664, 130, 65
track:1309, 866, 665, 130, 65
track:1310, 867, 665, 130, 65
track:1311, 869, 665, 130, 65
track:1312, 868, 666, 130, 65
track:1313, 868, 666, 130, 65
track:1314, 868, 665, 130, 65
track:1315, 863, 665, 136, 69
track:1316, 863, 665, 136, 69
track:1317, 861, 666, 136, 69
track:1318, 860, 666, 136, 69
track:1319, 860, 666, 136, 69
track:1320, 858, 667, 136, 69
track:1321, 859, 669, 130, 65
track:1322, 860, 670, 130, 65
track:1323, 861, 669, 130, 65
track:1324, 861, 670, 130, 65
track:1325, 862, 671, 130, 65
track:1326, 866, 672, 124, 62
track:1327, 867, 673, 124, 62
track:1328, 869, 673, 124, 62
track:1329, 870, 674, 124, 62
track:1330, 870, 674, 124, 62
track:1331, 866, 674, 124, 62
track:1332, 864, 674, 124, 62
track:1333, 862, 674, 124, 62
track:1334, 860, 674, 124, 62
track:1335, 854, 674, 124, 62
track:1336, 850, 674, 124, 62
track:1337, 846, 674, 124, 62
track:1338, 844, 674, 124, 62
track:1339, 844, 674, 124, 62
track:1340, 843, 674, 124, 62
track:1341, 841, 674, 124, 62
track:1342, 842, 675, 124, 62
track:1343, 844, 676, 118, 59
track:1344, 844, 676, 118, 59
init :1345, 849, 680, 170, 49
track:1346, 849, 680, 170, 49
track:1347, 849, 680, 170, 49
track:1348, 848, 681, 170, 49
track:1349, 849, 681, 170, 49
track:1350, 848, 681, 170, 49
track:1351, 847, 682, 170, 49
track:1352, 845, 682, 170, 49
track:1353, 844, 682, 170, 49
track:1354, 843, 682, 170, 49
track:1355, 844, 683, 170, 49
track:1356, 844, 683, 170, 49
track:1357, 845, 684, 170, 49
track:1358, 846, 684, 170, 49
track:1359, 846, 683, 170, 49
track:1360, 846, 684, 170, 49
track:1361, 845, 684, 170, 49
track:1362, 842, 684, 178, 51
track:1363, 843, 686, 178, 51
track:1364, 842, 686, 178, 51
track:1365, 842, 686, 178, 51
track:1366, 846, 687, 170, 49
track:1367, 846, 686, 170, 49
track:1368, 842, 686, 178, 51
track:1369, 840, 687, 178, 51
track:1370, 839, 687, 178, 51
track:1371, 842, 689, 170, 49
track:1372, 841, 690, 170, 49
track:1373, 835, 690, 178, 51
track:1374, 834, 690, 178, 51
track:1375, 830, 690, 178, 51
track:1376, 824, 689, 187, 54
track:1377, 828, 691, 178, 51
track:1378, 826, 692, 178, 51
track:1379, 828, 694, 170, 49
track:1380, 821, 694, 170, 49
track:1381, 816, 694, 178, 51
track:1382, 813, 695, 178, 51
track:1383, 807, 694, 187, 54
track:1384, 806, 696, 187, 54
track:1385, 805, 696, 187, 54
track:1386, 805, 697, 187, 54
track:1387, 807, 698, 187, 54
track:1388, 807, 699, 187, 54
track:1389, 813, 701, 178, 51
track:1390, 816, 702, 178, 51
track:1391, 818, 702, 178, 51
track:1392, 824, 704, 178, 51
track:1393, 826, 704, 178, 51
track:1394, 824, 704, 187, 54
track:1395, 829, 705, 187, 54
track:1396, 830, 706, 187, 54
track:1397, 822, 706, 197, 57
track:1398, 825, 707, 197, 57
track:1399, 824, 707, 197, 57
track:1400, 821, 707, 197, 57
init :1401, 821, 711, 203, 64
track:1402, 811, 709, 213, 67
track:1403, 808, 710, 213, 67
track:1404, 806, 710, 213, 67
track:1405, 801, 711, 213, 67
track:1406, 800, 711, 213, 67
track:1407, 798, 712, 213, 67
track:1408, 794, 712, 213, 67
track:1409, 793, 712, 213, 67
track:1410, 793, 713, 213, 67
track:1411, 788, 712, 224, 71
track:1412, 789, 712, 224, 71
track:1413, 790, 713, 224, 71
track:1414, 790, 713, 224, 71
track:1415, 790, 713, 224, 71
track:1416, 796, 716, 213, 67
track:1417, 795, 717, 213, 67
track:1418, 793, 717, 213, 67
track:1419, 794, 717, 213, 67
track:1420, 792, 718, 213, 67
track:1421, 791, 719, 213, 67
track:1422, 784, 719, 224, 71
track:1423, 785, 719, 224, 71
track:1424, 784, 719, 224, 71
track:1425, 786, 720, 224, 71
track:1426, 784, 721, 224, 71
track:1427, 785, 721, 224, 71
track:1428, 786, 722, 224, 71
track:1429, 787, 722, 224, 71
track:1430, 781, 720, 235, 74
track:1431, 777, 722, 235, 74
track:1432, 777, 723, 235, 74
track:1433, 771, 723, 235, 74
track:1434, 773, 723, 235, 74
track:1435, 777, 725, 224, 71
track:1436, 773, 725, 224, 71
track:1437, 775, 725, 224, 71
track:1438, 771, 726, 224, 71
track:1439, 773, 726, 224, 71
track:1440, 769, 726, 224, 71
track:1441, 770, 728, 224, 71
track:1442, 760, 726, 235, 74
track:1443, 756, 726, 235, 74
track:1444, 755, 726, 235, 74
track:1445, 750, 725, 235, 74
track:1446, 740, 724, 247, 78
track:1447, 738, 725, 247, 78
track:1448, 741, 725, 247, 78
track:1449, 742, 726, 247, 78
track:1450, 734, 724, 259, 82
track:1451, 738, 725, 259, 82
track:1452, 734, 724, 272, 86
track:1453, 758, 721, 272, 86
track:1454, 756, 720, 272, 86
track:1455, 754, 718, 286, 90
track:1456, 762, 717, 286, 90
init :1457, 807, 711, 226, 140
track:1458, 810, 711, 226, 140
track:1459, 810, 712, 226, 140
track:1460, 813, 712, 226, 140
track:1461, 816, 712, 226, 140
track:1462, 819, 714, 226, 140
track:1463, 824, 718, 215, 133
track:1464, 824, 718, 215, 133
track:1465, 827, 717, 215, 133
track:1466, 827, 719, 215, 133
track:1467, 823, 719, 215, 133
track:1468, 822, 718, 215, 133
track:1469, 821, 718, 215, 133
track:1470, 813, 715, 226, 140
track:1471, 804, 712, 226, 140
track:1472, 790, 703, 226, 140
track:1473, 790, 702, 226, 140
track:1474, 788, 700, 226, 140
track:1475, 788, 697, 226, 140
track:1476, 782, 697, 226, 140
track:1477, 774, 688, 237, 147
track:1478, 772, 687, 237, 147
track:1479, 770, 684, 237, 147
track:1480, 769, 681, 237, 147
track:1481, 781, 683, 226, 140
track:1482, 782, 681, 226, 140
track:1483, 775, 676, 237, 147
track:1484, 780, 677, 237, 147
track:1485, 782, 676, 237, 147
track:1486, 788, 675, 237, 147
track:1487, 789, 676, 237, 147
track:1488, 794, 676, 237, 147
track:1489, 797, 674, 237, 147
track:1490, 803, 672, 237, 147
track:1491, 810, 674, 226, 140
track:1492, 799, 665, 237, 147
track:1493, 800, 665, 237, 147
track:1494, 800, 661, 237, 147
track:1495, 800, 663, 226, 140
track:1496, 798, 663, 226, 140
track:1497, 783, 655, 226, 140
track:1498, 786, 654, 226, 140
track:1499, 783, 651, 226, 140
track:1500, 780, 647, 226, 140
track:1501, 781, 647, 215, 133
track:1502, 777, 646, 205, 127
track:1503, 780, 645, 205, 127
track:1504, 783, 646, 195, 121
track:1505, 780, 640, 195, 121
track:1506, 777, 636, 195, 121
track:1507, 775, 637, 186, 115
track:1508, 779, 641, 177, 110
track:1509, 780, 639, 177, 110
track:1510, 778, 633, 177, 110
track:1511, 784, 635, 169, 104
track:1512, 778, 632, 169, 104
init :1513, 821, 620, 304, 116
track:1514, 806, 620, 304, 116
track:1515, 783, 620, 304, 116
track:1516, 766, 622, 290, 110
track:1517, 732, 620, 304, 116
track:1518, 741, 623, 290, 110
track:1519, 714, 623, 290, 110
track:1520, 690, 623, 290, 110
track:1521, 671, 624, 290, 110
track:1522, 659, 625, 290, 110
track:1523, 657, 624, 290, 110
track:1524, 651, 627, 290, 110
track:1525, 646, 626, 290, 110
track:1526, 657, 628, 276, 105
track:1527, 666, 630, 263, 100
track:1528, 666, 629, 263, 100
track:1529, 697, 631, 250, 95
track:1530, 718, 630, 250, 95
track:1531, 745, 630, 250, 95
track:1532, 769, 629, 250, 95
track:1533, 775, 632, 238, 91
track:1534, 800, 631, 238, 91
track:1535, 826, 631, 238, 91
track:1536, 848, 632, 238, 91
track:1537, 862, 630, 250, 95
track:1538, 862, 631, 250, 95
track:1539, 874, 633, 238, 91
track:1540, 888, 634, 227, 87
track:1541, 895, 636, 227, 87
track:1542, 896, 637, 227, 87
track:1543, 896, 638, 227, 87
track:1544, 900, 641, 216, 82
track:1545, 894, 640, 227, 87
track:1546, 882, 642, 227, 87
track:1547, 879, 645, 227, 87
track:1548, 877, 644, 227, 87
track:1549, 879, 648, 216, 82
track:1550, 871, 648, 216, 82
track:1551, 855, 650, 216, 82
track:1552, 853, 651, 216, 82
track:1553, 852, 651, 216, 82
track:1554, 854, 654, 206, 79
track:1555, 855, 655, 206, 79
track:1556, 859, 655, 206, 79
track:1557, 864, 654, 206, 79
track:1558, 864, 654, 206, 79
track:1559, 868, 654, 206, 79
track:1560, 876, 654, 206, 79
track:1561, 878, 655, 206, 79
track:1562, 882, 657, 206, 79
track:1563, 881, 657, 206, 79
track:1564, 881, 656, 206, 79
track:1565, 890, 658, 196, 75
track:1566, 895, 660, 187, 71
track:1567, 892, 660, 187, 71
track:1568, 892, 660, 187, 71
init :1569, 913, 669, 170, 75
track:1570, 911, 669, 170, 75
track:1571, 909, 670, 170, 75
track:1572, 911, 672, 162, 71
track:1573, 913, 675, 154, 68
track:1574, 911, 676, 154, 68
track:1575, 907, 675, 154, 68
track:1576, 904, 675, 154, 68
track:1577, 901, 675, 154, 68
track:1578, 899, 676, 154, 68
track:1579, 897, 676, 154, 68
track:1580, 898, 678, 147, 65
track:1581, 893, 678, 147, 65
track:1582, 891, 678, 147, 65
track:1583, 894, 680, 140, 62
track:1584, 897, 682, 133, 59
track:1585, 894, 681, 133, 59
track:1586, 891, 682, 133, 59
track:1587, 894, 683, 127, 56
track:1588, 894, 684, 127, 56
track:1589, 897, 685, 121, 53
track:1590, 897, 685, 121, 53
track:1591, 899, 686, 121, 53
track:1592, 898, 686, 121, 53
track:1593, 896, 686, 121, 53
track:1594, 896, 687, 121, 53
track:1595, 894, 687, 127, 56
track:1596, 882, 687, 133, 59
track:1599, 879, 689, 133, 59
track:1600, 886, 691, 127, 56
track:1601, 883, 691, 127, 56
track:1602, 877, 689, 133, 59
track:1603, 872, 689, 133, 59
track:1604, 877, 689, 127, 56
track:1605, 876, 689, 127, 56
track:1606, 867, 688, 127, 56
track:1607, 867, 689, 127, 56
track:1608, 868, 690, 127, 56
elapseTime: 16.028
