init :7, 821, 630, 235, 197
track:8, 821, 630, 235, 197
track:9, 822, 630, 235, 197
track:10, 821, 631, 235, 197
track:11, 823, 630, 235, 197
track:12, 823, 630, 235, 197
track:13, 824, 630, 235, 197
track:14, 824, 630, 235, 197
track:15, 824, 630, 235, 197
track:16, 825, 630, 235, 197
track:17, 826, 630, 235, 197
track:18, 825, 630, 235, 197
track:19, 825, 629, 235, 197
track:20, 821, 626, 247, 207
track:21, 820, 626, 247, 207
track:22, 827, 631, 235, 197
track:23, 828, 631, 235, 197
track:24, 827, 631, 235, 197
track:25, 828, 630, 235, 197
track:26, 829, 631, 235, 197
track:27, 829, 631, 235, 197
track:28, 829, 631, 235, 197
track:29, 829, 630, 235, 197
track:30, 829, 630, 235, 197
track:31, 830, 629, 235, 197
track:32, 831, 631, 235, 197
track:33, 829, 630, 235, 197
track:34, 830, 631, 235, 197
track:35, 830, 630, 235, 197
track:36, 830, 631, 235, 197
track:37, 829, 630, 235, 197
track:38, 831, 630, 235, 197
track:39, 830, 630, 235, 197
track:40, 830, 630, 235, 197
track:41, 831, 629, 235, 197
track:42, 830, 631, 235, 197
track:43, 831, 630, 235, 197
track:44, 830, 631, 235, 197
track:45, 832, 630, 235, 197
track:46, 830, 631, 235, 197
track:48, 832, 630, 235, 197
track:49, 830, 630, 235, 197
track:50, 831, 629, 235, 197
track:51, 832, 629, 235, 197
track:52, 831, 628, 235, 197
track:53, 832, 629, 235, 197
track:54, 831, 629, 235, 197
track:55, 832, 629, 235, 197
track:56, 831, 629, 235, 197
track:57, 831, 628, 235, 197
init :58, 830, 628, 235, 199
track:59, 830, 628, 235, 199
track:60, 830, 628, 235, 199
track:61, 829, 628, 235, 199
track:62, 829, 628, 235, 199
track:63, 828, 629, 235, 199
track:64, 828, 629, 235, 199
track:65, 829, 629, 235, 199
track:66, 828, 629, 235, 199
track:67, 828, 630, 235, 199
track:68, 828, 629, 235, 199
track:69, 828, 629, 235, 199
track:70, 828, 629, 235, 199
track:71, 827, 630, 235, 199
track:72, 827, 629, 235, 199
track:73, 828, 629, 235, 199
track:74, 826, 629, 235, 199
track:75, 827, 630, 235, 199
track:76, 827, 629, 235, 199
track:77, 827, 629, 235, 199
track:78, 828, 630, 235, 199
track:79, 827, 629, 235, 199
track:80, 827, 629, 235, 199
track:81, 827, 630, 235, 199
track:82, 827, 629, 235, 199
track:83, 826, 629, 235, 199
track:84, 827, 630, 235, 199
track:85, 826, 629, 235, 199
track:86, 827, 630, 235, 199
track:87, 826, 630, 235, 199
track:88, 826, 630, 235, 199
track:89, 827, 630, 235, 199
track:90, 826, 630, 235, 199
track:91, 826, 631, 235, 199
track:92, 820, 625, 247, 209
track:93, 826, 630, 235, 199
track:94, 827, 631, 235, 199
track:95, 827, 630, 235, 199
track:96, 828, 630, 235, 199
track:97, 828, 629, 235, 199
track:98, 829, 629, 235, 199
track:99, 829, 629, 235, 199
track:100, 828, 629, 235, 199
track:101, 830, 629, 235, 199
track:102, 830, 628, 235, 199
track:103, 831, 627, 235, 199
track:104, 831, 627, 235, 199
track:105, 831, 626, 235, 199
track:106, 832, 625, 235, 199
track:107, 834, 624, 235, 199
track:108, 835, 621, 235, 199
track:109, 835, 622, 235, 199
track:110, 834, 621, 235, 199
track:111, 835, 619, 235, 199
track:112, 834, 617, 235, 199
track:113, 835, 615, 235, 199
track:114, 836, 615, 235, 199
init :115, 844, 623, 207, 176
track:116, 845, 622, 207, 176
track:117, 844, 621, 207, 176
track:120, 847, 617, 207, 176
track:121, 848, 614, 207, 176
track:122, 848, 613, 207, 176
track:123, 848, 611, 207, 176
track:124, 849, 611, 207, 176
track:125, 846, 610, 207, 176
track:126, 844, 605, 207, 176
track:127, 843, 604, 207, 176
track:128, 847, 608, 197, 168
track:129, 847, 608, 197, 168
track:130, 846, 610, 197, 168
track:131, 847, 611, 197, 168
track:132, 850, 614, 197, 168
track:133, 850, 615, 197, 168
track:134, 850, 616, 197, 168
track:135, 851, 617, 197, 168
track:136, 852, 618, 197, 168
track:137, 852, 619, 197, 168
track:138, 853, 620, 197, 168
track:139, 853, 620, 197, 168
track:140, 854, 619, 197, 168
track:141, 853, 619, 197, 168
track:142, 852, 620, 197, 168
track:143, 851, 621, 197, 168
track:144, 851, 621, 197, 168
track:145, 847, 625, 197, 168
track:146, 846, 626, 197, 168
track:147, 847, 626, 197, 168
track:148, 847, 628, 197, 168
track:149, 855, 633, 188, 160
track:150, 854, 635, 188, 160
track:151, 853, 638, 188, 160
track:152, 855, 641, 188, 160
track:153, 856, 643, 188, 160
track:154, 855, 644, 188, 160
track:155, 856, 646, 188, 160
track:156, 856, 647, 188, 160
track:157, 857, 648, 188, 160
track:158, 858, 648, 188, 160
track:159, 858, 648, 188, 160
track:160, 856, 649, 188, 160
track:161, 855, 650, 188, 160
track:162, 853, 648, 188, 160
track:163, 851, 650, 188, 160
track:164, 851, 650, 188, 160
track:165, 852, 650, 188, 160
track:166, 852, 651, 188, 160
track:167, 851, 650, 188, 160
track:168, 852, 650, 188, 160
track:169, 853, 650, 188, 160
track:170, 853, 649, 188, 160
track:171, 859, 652, 179, 152
init :172, 867, 656, 166, 145
track:173, 866, 656, 166, 145
track:174, 866, 656, 166, 145
track:175, 864, 657, 166, 145
track:176, 864, 656, 166, 145
track:177, 864, 657, 166, 145
track:178, 864, 658, 166, 145
track:179, 865, 659, 166, 145
track:180, 866, 659, 166, 145
track:181, 867, 661, 166, 145
track:182, 867, 663, 166, 145
track:183, 869, 667, 166, 145
track:184, 870, 667, 166, 145
track:185, 870, 669, 166, 145
track:186, 869, 668, 166, 145
track:187, 866, 662, 166, 145
track:188, 862, 657, 166, 145
track:189, 860, 658, 166, 145
track:190, 858, 656, 166, 145
track:191, 858, 655, 166, 145
track:192, 858, 651, 166, 145
track:193, 857, 648, 166, 145
track:194, 856, 647, 166, 145
track:195, 858, 646, 166, 145
track:196, 858, 644, 166, 145
track:197, 859, 643, 166, 145
track:198, 856, 643, 166, 145
track:199, 855, 644, 166, 145
track:200, 854, 646, 166, 145
track:201, 852, 647, 166, 145
track:202, 851, 643, 166, 145
track:203, 852, 641, 166, 145
track:204, 851, 641, 166, 145
track:205, 852, 638, 166, 145
track:206, 853, 637, 166, 145
track:207, 851, 635, 166, 145
track:208, 850, 635, 166, 145
track:209, 848, 633, 166, 145
track:210, 845, 629, 166, 145
track:211, 849, 631, 158, 138
track:212, 850, 628, 158, 138
track:213, 850, 627, 158, 138
track:214, 850, 627, 158, 138
track:215, 850, 626, 158, 138
track:216, 850, 624, 158, 138
track:217, 849, 625, 158, 138
track:218, 850, 625, 158, 138
track:219, 849, 627, 158, 138
track:220, 852, 633, 151, 132
track:221, 852, 634, 151, 132
track:222, 852, 635, 151, 132
track:223, 851, 636, 151, 132
track:224, 855, 642, 143, 125
track:225, 857, 647, 137, 119
track:226, 857, 647, 137, 119
track:227, 857, 647, 137, 119
track:228, 857, 647, 137, 119
init :229, 853, 646, 138, 111
track:230, 853, 645, 138, 111
track:231, 853, 646, 138, 111
track:232, 853, 644, 138, 111
track:233, 853, 643, 138, 111
track:234, 855, 645, 131, 106
track:235, 855, 644, 131, 106
track:236, 855, 643, 131, 106
track:237, 857, 644, 131, 106
track:238, 857, 644, 131, 106
track:239, 859, 646, 131, 106
track:240, 859, 647, 131, 106
track:241, 859, 649, 131, 106
track:242, 863, 651, 125, 101
track:243, 863, 651, 125, 101
track:244, 863, 651, 125, 101
track:245, 863, 652, 125, 101
track:246, 863, 652, 125, 101
track:247, 864, 652, 125, 101
track:248, 864, 653, 125, 101
track:249, 864, 653, 125, 101
track:250, 864, 655, 125, 101
track:251, 864, 656, 125, 101
track:252, 866, 658, 125, 101
track:253, 863, 656, 131, 106
track:254, 863, 659, 131, 106
track:255, 864, 662, 131, 106
track:256, 864, 663, 131, 106
track:257, 865, 666, 131, 106
track:258, 865, 667, 131, 106
track:259, 866, 668, 131, 106
track:260, 866, 669, 131, 106
track:261, 866, 670, 131, 106
track:262, 865, 671, 131, 106
track:263, 866, 671, 131, 106
track:264, 866, 673, 131, 106
track:265, 866, 675, 131, 106
track:266, 865, 676, 131, 106
track:267, 866, 678, 131, 106
track:268, 866, 678, 131, 106
track:269, 866, 679, 131, 106
track:270, 866, 681, 131, 106
track:271, 864, 681, 138, 111
track:272, 865, 686, 138, 111
track:273, 865, 686, 138, 111
track:274, 865, 688, 138, 111
track:275, 862, 687, 145, 117
track:276, 863, 690, 145, 117
track:277, 865, 693, 145, 117
track:278, 865, 693, 145, 117
track:279, 866, 693, 145, 117
track:280, 867, 691, 145, 117
track:281, 868, 690, 145, 117
track:282, 869, 692, 145, 117
track:283, 871, 692, 145, 117
track:284, 868, 692, 152, 122
track:285, 871, 695, 152, 122
init :286, 872, 690, 152, 140
track:287, 873, 687, 152, 140
track:288, 873, 688, 152, 140
track:289, 874, 685, 152, 140
track:290, 872, 677, 160, 147
track:291, 869, 667, 168, 154
track:292, 866, 658, 176, 162
track:293, 865, 658, 176, 162
track:294, 866, 657, 176, 162
track:295, 865, 650, 185, 170
track:296, 865, 650, 185, 170
track:297, 864, 651, 185, 170
track:298, 864, 652, 185, 170
track:299, 862, 653, 185, 170
track:300, 855, 650, 194, 179
track:301, 849, 648, 204, 188
track:302, 848, 652, 204, 188
track:303, 843, 648, 214, 197
track:304, 841, 655, 214, 197
track:305, 834, 651, 225, 207
track:306, 836, 651, 225, 207
track:307, 833, 648, 225, 207
track:308, 829, 642, 236, 217
track:309, 828, 639, 236, 217
track:310, 821, 629, 248, 228
track:311, 821, 612, 248, 228
track:312, 821, 604, 248, 228
track:313, 827, 608, 236, 217
track:314, 828, 600, 236, 217
track:315, 827, 592, 236, 217
track:316, 832, 584, 225, 207
track:317, 836, 580, 225, 207
track:318, 836, 579, 225, 207
track:319, 836, 577, 225, 207
track:320, 843, 568, 225, 207
track:321, 851, 568, 214, 197
track:322, 851, 566, 214, 197
track:323, 850, 565, 214, 197
track:324, 856, 573, 204, 188
track:325, 854, 571, 204, 188
track:326, 854, 561, 204, 188
track:327, 852, 562, 204, 188
track:328, 851, 563, 204, 188
track:329, 848, 570, 204, 188
track:330, 846, 577, 204, 188
track:331, 844, 580, 204, 188
track:332, 843, 583, 204, 188
track:333, 842, 584, 204, 188
track:334, 846, 591, 194, 179
track:335, 845, 591, 194, 179
track:336, 844, 594, 194, 179
track:337, 850, 599, 185, 170
track:338, 850, 599, 185, 170
track:339, 851, 594, 185, 170
track:340, 853, 592, 185, 170
track:341, 853, 592, 185, 170
track:342, 853, 590, 185, 170
init :343, 858, 602, 175, 153
track:344, 858, 601, 175, 153
track:345, 857, 598, 175, 153
track:346, 859, 600, 175, 153
track:347, 862, 604, 167, 146
track:348, 862, 604, 167, 146
track:349, 863, 606, 167, 146
track:350, 864, 610, 167, 146
track:351, 867, 616, 159, 139
track:352, 868, 620, 159, 139
track:353, 869, 620, 159, 139
track:354, 872, 626, 151, 132
track:355, 874, 629, 144, 126
track:356, 874, 629, 144, 126
track:357, 873, 630, 144, 126
track:358, 874, 630, 144, 126
track:359, 873, 630, 144, 126
track:360, 872, 630, 144, 126
track:361, 871, 630, 144, 126
track:362, 874, 633, 137, 120
track:363, 874, 633, 137, 120
track:364, 873, 633, 137, 120
track:365, 873, 634, 137, 120
track:366, 875, 637, 131, 114
track:367, 874, 639, 131, 114
track:368, 874, 639, 131, 114
track:369, 873, 640, 131, 114
track:370, 873, 645, 131, 114
track:371, 872, 650, 131, 114
track:372, 871, 655, 131, 114
track:373, 873, 655, 131, 114
track:374, 872, 656, 131, 114
track:375, 869, 656, 131, 114
track:376, 867, 657, 131, 114
track:377, 865, 658, 131, 114
track:378, 865, 659, 131, 114
track:379, 865, 660, 131, 114
track:380, 864, 659, 131, 114
track:381, 865, 659, 131, 114
track:382, 862, 658, 131, 114
track:383, 862, 658, 131, 114
track:384, 860, 658, 131, 114
track:385, 860, 656, 131, 114
track:386, 860, 656, 131, 114
track:387, 860, 656, 131, 114
track:388, 863, 658, 124, 109
track:389, 862, 658, 124, 109
track:390, 862, 657, 124, 109
track:391, 862, 660, 124, 109
track:392, 863, 663, 124, 109
track:393, 862, 664, 124, 109
track:394, 865, 667, 118, 104
track:395, 866, 671, 118, 104
track:396, 867, 676, 118, 104
track:397, 868, 679, 118, 104
track:398, 869, 679, 118, 104
track:399, 869, 684, 118, 104
init :400, 876, 698, 101, 70
track:401, 877, 703, 101, 70
track:402, 878, 708, 101, 70
track:403, 877, 708, 101, 70
track:404, 878, 710, 101, 70
track:405, 880, 710, 101, 70
track:406, 880, 710, 101, 70
track:407, 881, 710, 101, 70
track:408, 881, 710, 101, 70
track:409, 881, 709, 101, 70
track:410, 881, 707, 101, 70
track:411, 880, 703, 106, 74
track:412, 881, 701, 106, 74
track:413, 881, 701, 106, 74
track:414, 881, 699, 106, 74
track:415, 881, 701, 106, 74
track:416, 881, 702, 106, 74
track:417, 882, 703, 106, 74
track:418, 882, 703, 106, 74
track:419, 882, 703, 106, 74
track:420, 880, 704, 106, 74
track:421, 879, 703, 106, 74
track:422, 879, 701, 106, 74
track:423, 879, 701, 106, 74
track:424, 879, 699, 106, 74
track:425, 878, 696, 106, 74
track:426, 878, 694, 106, 74
track:427, 876, 693, 106, 74
track:428, 876, 692, 106, 74
track:429, 876, 693, 106, 74
track:430, 876, 693, 106, 74
track:431, 875, 694, 106, 74
track:432, 874, 693, 106, 74
track:433, 874, 693, 106, 74
track:434, 873, 693, 106, 74
track:435, 872, 693, 106, 74
track:436, 871, 694, 106, 74
track:437, 871, 695, 106, 74
track:438, 871, 696, 106, 74
track:439, 871, 697, 106, 74
track:440, 872, 698, 106, 74
track:441, 872, 697, 106, 74
track:442, 873, 698, 106, 74
track:443, 873, 699, 106, 74
track:444, 873, 699, 106, 74
track:445, 873, 699, 106, 74
track:446, 873, 700, 106, 74
track:447, 873, 699, 106, 74
track:448, 873, 698, 106, 74
track:449, 874, 697, 106, 74
track:450, 873, 697, 106, 74
track:451, 874, 699, 106, 74
track:452, 873, 699, 111, 77
track:453, 873, 699, 111, 77
track:454, 874, 699, 111, 77
track:455, 875, 700, 111, 77
track:456, 876, 699, 111, 77
init :457, 872, 693, 124, 93
track:458, 872, 693, 124, 93
track:459, 872, 693, 124, 93
track:460, 872, 691, 124, 93
track:461, 872, 691, 124, 93
track:462, 873, 692, 124, 93
track:463, 873, 690, 124, 93
track:464, 870, 686, 130, 98
track:465, 869, 684, 130, 98
track:466, 869, 685, 130, 98
track:467, 869, 685, 130, 98
track:468, 869, 685, 130, 98
track:469, 866, 682, 137, 103
track:470, 868, 684, 137, 103
track:471, 869, 685, 137, 103
track:472, 870, 685, 137, 103
track:473, 870, 687, 137, 103
track:474, 871, 690, 137, 103
track:475, 873, 690, 137, 103
track:476, 874, 689, 137, 103
track:477, 874, 689, 137, 103
track:478, 875, 688, 137, 103
track:479, 874, 683, 144, 108
track:480, 876, 674, 144, 108
track:481, 877, 671, 144, 108
track:482, 878, 671, 144, 108
track:483, 881, 662, 144, 108
track:484, 883, 661, 144, 108
track:485, 884, 661, 144, 108
track:486, 881, 662, 151, 113
track:487, 877, 662, 158, 119
track:488, 873, 662, 166, 125
track:490, 869, 666, 166, 125
track:491, 868, 667, 166, 125
track:492, 868, 668, 166, 125
track:493, 865, 668, 166, 125
track:494, 860, 665, 174, 131
track:495, 857, 657, 174, 131
track:496, 855, 652, 174, 131
track:497, 854, 652, 174, 131
track:498, 853, 648, 174, 131
track:499, 851, 646, 174, 131
track:500, 851, 640, 174, 131
track:501, 851, 638, 174, 131
track:502, 855, 639, 166, 125
track:503, 855, 636, 166, 125
track:504, 855, 635, 166, 125
track:505, 853, 634, 166, 125
track:506, 853, 634, 166, 125
track:507, 853, 634, 166, 125
track:508, 852, 632, 166, 125
track:509, 853, 628, 166, 125
track:510, 852, 625, 166, 125
track:511, 851, 623, 166, 125
track:512, 852, 623, 166, 125
track:513, 851, 623, 166, 125
init :514, 853, 625, 152, 137
track:515, 853, 625, 152, 137
track:516, 852, 625, 152, 137
track:517, 852, 624, 152, 137
track:518, 852, 622, 152, 137
track:519, 853, 621, 152, 137
track:520, 854, 621, 152, 137
track:521, 855, 620, 152, 137
track:522, 858, 622, 145, 130
track:523, 858, 624, 145, 130
track:524, 859, 626, 145, 130
track:525, 863, 630, 138, 124
track:526, 867, 634, 131, 118
track:527, 867, 634, 131, 118
track:528, 867, 634, 131, 118
track:529, 867, 633, 131, 118
track:530, 869, 632, 131, 118
track:531, 872, 633, 125, 113
track:532, 873, 633, 125, 113
track:533, 874, 633, 125, 113
track:534, 877, 636, 119, 107
track:535, 880, 639, 113, 102
track:536, 880, 641, 113, 102
track:537, 880, 641, 113, 102
track:538, 880, 643, 113, 102
track:539, 880, 644, 113, 102
track:540, 880, 644, 113, 102
track:543, 878, 646, 113, 102
track:544, 878, 646, 113, 102
track:546, 875, 653, 113, 102
track:547, 875, 652, 113, 102
track:548, 874, 654, 113, 102
track:549, 876, 659, 108, 97
track:550, 875, 660, 108, 97
track:551, 874, 661, 108, 97
track:552, 874, 662, 108, 97
track:553, 874, 661, 108, 97
track:554, 876, 663, 103, 93
track:555, 878, 666, 98, 88
track:556, 878, 666, 98, 88
track:557, 877, 666, 98, 88
track:558, 877, 671, 98, 88
track:559, 877, 674, 98, 88
track:560, 877, 676, 98, 88
track:561, 877, 681, 98, 88
track:562, 876, 681, 98, 88
track:563, 876, 683, 98, 88
track:564, 879, 685, 93, 84
track:565, 878, 687, 93, 84
track:566, 879, 689, 93, 84
track:567, 878, 689, 93, 84
track:568, 880, 691, 93, 84
track:569, 880, 692, 93, 84
track:570, 879, 696, 93, 84
init :571, 872, 700, 101, 77
track:572, 872, 700, 101, 77
track:573, 873, 702, 101, 77
track:574, 874, 704, 101, 77
track:575, 875, 704, 101, 77
track:576, 874, 702, 101, 77
track:577, 874, 702, 101, 77
track:578, 871, 697, 106, 81
track:579, 872, 696, 106, 81
track:580, 873, 695, 106, 81
track:581, 874, 696, 106, 81
track:582, 874, 695, 106, 81
track:583, 873, 699, 106, 81
track:584, 873, 699, 106, 81
track:585, 873, 699, 106, 81
track:586, 873, 700, 106, 81
track:587, 873, 700, 106, 81
track:588, 873, 700, 106, 81
track:589, 874, 700, 106, 81
track:590, 873, 699, 106, 81
track:591, 871, 700, 106, 81
track:592, 868, 698, 111, 85
track:593, 867, 697, 111, 85
track:594, 864, 693, 117, 89
track:595, 865, 684, 117, 89
track:596, 863, 682, 117, 89
track:597, 863, 681, 117, 89
track:598, 863, 677, 117, 89
track:599, 862, 671, 117, 89
track:600, 862, 668, 117, 89
track:601, 863, 667, 117, 89
track:602, 860, 665, 123, 94
track:603, 860, 664, 123, 94
track:604, 858, 660, 123, 94
track:605, 858, 657, 123, 94
track:606, 858, 656, 123, 94
track:607, 858, 656, 123, 94
track:608, 858, 655, 123, 94
track:609, 856, 653, 129, 98
track:610, 856, 655, 129, 98
track:611, 857, 658, 129, 98
track:612, 856, 659, 129, 98
track:613, 857, 661, 129, 98
track:614, 856, 664, 129, 98
track:615, 856, 667, 129, 98
track:616, 856, 668, 129, 98
track:617, 853, 667, 135, 103
track:618, 852, 666, 135, 103
track:619, 853, 665, 135, 103
track:620, 854, 664, 135, 103
track:621, 855, 663, 135, 103
track:622, 855, 663, 135, 103
track:623, 854, 663, 135, 103
track:624, 853, 661, 135, 103
track:625, 853, 662, 135, 103
track:626, 855, 662, 135, 103
track:627, 855, 662, 135, 103
init :628, 858, 659, 138, 111
track:629, 858, 659, 138, 111
track:630, 858, 656, 138, 111
track:631, 858, 656, 138, 111
track:632, 857, 656, 138, 111
track:633, 859, 659, 138, 111
track:634, 860, 662, 138, 111
track:635, 861, 663, 138, 111
track:636, 862, 665, 138, 111
track:637, 862, 665, 138, 111
track:638, 864, 666, 138, 111
track:639, 862, 664, 145, 117
track:640, 862, 663, 145, 117
track:641, 862, 661, 145, 117
track:642, 861, 661, 145, 117
track:643, 861, 659, 145, 117
track:644, 862, 657, 145, 117
track:645, 865, 651, 138, 111
track:646, 865, 649, 138, 111
track:647, 865, 650, 138, 111
track:648, 865, 650, 138, 111
track:649, 865, 650, 138, 111
track:650, 867, 650, 138, 111
track:651, 869, 651, 138, 111
track:652, 869, 650, 138, 111
track:653, 870, 650, 138, 111
track:654, 871, 651, 138, 111
track:655, 871, 655, 138, 111
track:656, 872, 657, 138, 111
track:657, 873, 658, 138, 111
track:658, 874, 660, 138, 111
track:659, 876, 660, 138, 111
track:660, 876, 658, 138, 111
track:661, 876, 658, 138, 111
track:662, 876, 658, 138, 111
track:663, 877, 658, 138, 111
track:664, 879, 657, 138, 111
track:665, 880, 654, 138, 111
track:666, 879, 653, 138, 111
track:667, 879, 653, 138, 111
track:668, 880, 650, 138, 111
track:669, 880, 650, 138, 111
track:670, 880, 650, 138, 111
track:671, 878, 650, 138, 111
track:672, 877, 650, 138, 111
track:673, 875, 650, 138, 111
track:674, 875, 648, 138, 111
track:675, 875, 647, 138, 111
track:676, 874, 648, 138, 111
track:677, 874, 648, 138, 111
track:678, 872, 651, 138, 111
track:679, 871, 660, 138, 111
track:680, 871, 667, 138, 111
track:681, 871, 668, 138, 111
track:682, 871, 669, 138, 111
track:683, 869, 667, 138, 111
track:684, 868, 667, 138, 111
init :685, 867, 669, 143, 124
track:686, 868, 671, 143, 124
track:687, 867, 671, 143, 124
track:688, 867, 672, 143, 124
track:689, 862, 668, 150, 130
track:690, 861, 667, 150, 130
track:691, 860, 663, 150, 130
track:692, 861, 663, 150, 130
track:693, 860, 663, 150, 130
track:694, 860, 662, 150, 130
track:695, 861, 662, 150, 130
track:696, 860, 660, 150, 130
track:697, 859, 659, 150, 130
track:698, 857, 657, 150, 130
track:699, 855, 658, 150, 130
track:700, 855, 659, 150, 130
track:701, 855, 661, 150, 130
track:702, 856, 661, 150, 130
track:703, 859, 667, 143, 124
track:704, 857, 672, 143, 124
track:705, 856, 677, 143, 124
track:706, 855, 679, 143, 124
track:707, 855, 679, 143, 124
track:708, 854, 681, 143, 124
track:709, 854, 681, 143, 124
track:710, 854, 678, 143, 124
track:711, 855, 678, 143, 124
track:712, 854, 675, 143, 124
track:713, 854, 674, 143, 124
track:714, 853, 674, 143, 124
track:715, 853, 675, 143, 124
track:716, 853, 676, 143, 124
track:717, 853, 678, 143, 124
track:718, 854, 678, 143, 124
track:719, 855, 677, 143, 124
track:720, 855, 679, 143, 124
track:721, 855, 679, 143, 124
track:722, 855, 679, 143, 124
track:723, 856, 678, 143, 124
track:724, 856, 675, 143, 124
track:725, 856, 672, 143, 124
track:726, 857, 671, 143, 124
track:727, 857, 669, 143, 124
track:728, 853, 662, 150, 130
track:729, 853, 658, 150, 130
track:730, 852, 654, 158, 137
track:731, 852, 653, 158, 137
track:732, 852, 653, 158, 137
track:733, 852, 652, 158, 137
track:734, 847, 645, 166, 144
track:735, 849, 641, 166, 144
track:736, 850, 639, 166, 144
track:737, 849, 637, 166, 144
track:738, 849, 637, 166, 144
track:739, 848, 637, 166, 144
track:740, 849, 639, 166, 144
track:741, 849, 639, 166, 144
init :742, 853, 636, 161, 145
track:743, 851, 636, 161, 145
track:744, 851, 636, 161, 145
track:745, 851, 634, 161, 145
track:746, 851, 634, 161, 145
track:747, 852, 631, 161, 145
track:748, 852, 625, 161, 145
track:749, 852, 620, 161, 145
track:750, 850, 618, 161, 145
track:751, 849, 619, 161, 145
track:752, 848, 619, 161, 145
track:753, 850, 621, 161, 145
track:754, 853, 621, 161, 145
track:755, 854, 621, 161, 145
track:756, 855, 620, 161, 145
track:757, 854, 619, 161, 145
track:758, 855, 617, 161, 145
track:759, 858, 622, 153, 138
track:760, 858, 627, 153, 138
track:761, 859, 627, 153, 138
track:762, 861, 628, 153, 138
track:763, 862, 628, 153, 138
track:764, 864, 627, 153, 138
track:765, 863, 628, 153, 138
track:766, 862, 627, 153, 138
track:767, 860, 627, 153, 138
track:768, 862, 629, 153, 138
track:769, 865, 634, 146, 132
track:770, 868, 643, 146, 132
track:771, 869, 643, 146, 132
track:772, 870, 643, 146, 132
track:773, 870, 641, 146, 132
track:774, 871, 641, 146, 132
track:775, 872, 641, 146, 132
track:776, 872, 641, 146, 132
track:777, 873, 640, 146, 132
track:778, 878, 643, 139, 125
track:779, 878, 642, 139, 125
track:780, 880, 643, 139, 125
track:781, 878, 642, 139, 125
track:782, 879, 643, 139, 125
track:783, 879, 643, 139, 125
track:784, 878, 641, 139, 125
track:785, 878, 642, 139, 125
track:786, 878, 642, 139, 125
track:787, 880, 645, 132, 119
track:788, 880, 645, 132, 119
track:789, 879, 645, 132, 119
track:790, 878, 645, 132, 119
track:791, 879, 645, 132, 119
track:792, 881, 647, 126, 114
track:793, 880, 648, 126, 114
track:794, 880, 649, 126, 114
track:795, 881, 655, 126, 114
track:796, 882, 656, 126, 114
track:797, 882, 655, 126, 114
track:798, 881, 654, 126, 114
init :799, 876, 656, 133, 106
track:800, 875, 657, 133, 106
track:801, 875, 658, 133, 106
track:802, 875, 659, 133, 106
track:803, 874, 659, 133, 106
track:804, 875, 661, 133, 106
track:805, 874, 660, 133, 106
track:806, 874, 660, 133, 106
track:807, 873, 660, 133, 106
track:808, 872, 661, 133, 106
track:809, 872, 662, 133, 106
track:810, 874, 664, 133, 106
track:811, 873, 665, 133, 106
track:812, 872, 667, 133, 106
track:813, 871, 667, 133, 106
track:814, 869, 667, 133, 106
track:815, 867, 667, 133, 106
track:816, 868, 667, 133, 106
track:817, 867, 669, 133, 106
track:818, 867, 674, 133, 106
track:819, 866, 677, 133, 106
track:820, 865, 688, 133, 106
track:821, 865, 688, 133, 106
track:822, 860, 687, 140, 111
track:823, 860, 686, 140, 111
track:824, 856, 682, 147, 117
track:825, 855, 682, 147, 117
track:826, 851, 680, 154, 123
track:827, 851, 684, 154, 123
track:828, 850, 689, 154, 123
track:829, 853, 691, 154, 123
track:830, 854, 692, 154, 123
track:831, 854, 693, 154, 123
track:832, 854, 694, 154, 123
track:833, 858, 692, 154, 123
track:834, 859, 685, 154, 123
track:835, 855, 674, 162, 129
track:836, 855, 675, 162, 129
track:837, 854, 667, 162, 129
track:838, 853, 666, 162, 129
track:839, 851, 663, 162, 129
track:840, 845, 654, 170, 135
track:841, 839, 651, 178, 142
track:842, 838, 650, 178, 142
track:843, 831, 642, 187, 149
track:844, 830, 639, 187, 149
track:845, 823, 625, 187, 149
track:846, 823, 624, 187, 149
track:847, 822, 616, 187, 149
track:848, 822, 613, 187, 149
track:849, 816, 607, 197, 157
track:850, 816, 607, 197, 157
track:851, 816, 606, 197, 157
track:852, 819, 602, 197, 157
track:853, 824, 596, 197, 157
track:854, 826, 598, 197, 157
track:855, 825, 601, 197, 157
init :856, 830, 599, 198, 173
track:857, 829, 600, 198, 173
track:858, 832, 597, 198, 173
track:859, 832, 595, 198, 173
track:860, 831, 592, 198, 173
track:861, 831, 591, 198, 173
track:862, 836, 596, 189, 165
track:863, 837, 603, 189, 165
track:864, 838, 608, 189, 165
track:865, 839, 614, 189, 165
track:866, 839, 615, 189, 165
track:867, 843, 623, 180, 157
track:868, 843, 625, 180, 157
track:869, 843, 624, 180, 157
track:870, 845, 630, 180, 157
track:871, 848, 634, 171, 149
track:872, 853, 638, 163, 142
track:873, 853, 638, 163, 142
track:874, 854, 638, 163, 142
track:875, 855, 639, 163, 142
track:876, 854, 640, 163, 142
track:877, 859, 643, 155, 136
track:878, 861, 643, 155, 136
track:879, 862, 643, 155, 136
track:880, 865, 646, 148, 129
track:881, 865, 646, 148, 129
track:882, 866, 645, 148, 129
track:883, 868, 644, 148, 129
track:884, 871, 643, 148, 129
track:885, 871, 643, 148, 129
track:886, 871, 643, 148, 129
track:887, 873, 645, 148, 129
track:888, 874, 645, 148, 129
track:889, 874, 643, 148, 129
track:890, 876, 642, 148, 129
track:891, 880, 645, 141, 123
track:892, 886, 646, 134, 117
track:893, 886, 645, 134, 117
track:894, 886, 644, 134, 117
track:895, 887, 645, 134, 117
track:896, 889, 644, 134, 117
track:897, 888, 644, 134, 117
track:898, 888, 647, 128, 112
track:899, 886, 646, 128, 112
track:900, 885, 648, 128, 112
track:901, 885, 648, 128, 112
track:902, 884, 650, 128, 112
track:903, 883, 650, 128, 112
track:904, 886, 652, 122, 106
track:905, 887, 653, 122, 106
track:906, 886, 652, 122, 106
track:907, 896, 632, 122, 106
track:908, 911, 639, 122, 106
track:909, 916, 649, 122, 106
track:910, 917, 653, 122, 106
track:911, 917, 654, 122, 106
track:912, 914, 658, 122, 106
init :913, 807, 565, 286, 259
track:914, 809, 566, 286, 259
track:915, 811, 570, 286, 259
track:916, 810, 570, 286, 259
track:917, 812, 571, 286, 259
track:918, 819, 579, 272, 247
track:919, 819, 580, 272, 247
track:920, 817, 581, 272, 247
track:921, 809, 575, 286, 259
track:922, 805, 575, 286, 259
track:923, 800, 575, 286, 259
track:924, 795, 572, 286, 259
track:925, 789, 572, 286, 259
track:926, 788, 572, 286, 259
track:927, 787, 573, 286, 259
track:928, 779, 573, 286, 259
track:929, 773, 573, 286, 259
track:930, 770, 571, 286, 259
track:931, 771, 571, 286, 259
track:932, 773, 576, 272, 247
track:933, 771, 573, 272, 247
track:934, 772, 572, 272, 247
track:935, 772, 569, 272, 247
track:936, 772, 568, 272, 247
track:937, 772, 566, 272, 247
track:938, 773, 565, 272, 247
track:939, 775, 563, 272, 247
track:940, 774, 561, 272, 247
track:941, 775, 561, 272, 247
track:942, 774, 559, 272, 247
track:943, 770, 559, 272, 247
track:944, 771, 558, 272, 247
track:945, 770, 558, 272, 247
track:946, 769, 558, 272, 247
track:947, 767, 557, 272, 247
track:948, 762, 559, 272, 247
track:949, 758, 560, 272, 247
track:950, 756, 563, 272, 247
track:951, 754, 562, 272, 247
track:952, 750, 564, 272, 247
track:953, 746, 566, 272, 247
track:954, 747, 566, 272, 247
track:955, 747, 566, 272, 247
track:956, 744, 567, 272, 247
track:957, 744, 569, 272, 247
track:958, 744, 569, 272, 247
track:959, 741, 571, 272, 247
track:960, 741, 571, 272, 247
track:961, 738, 571, 272, 247
track:962, 737, 572, 272, 247
track:963, 733, 574, 272, 247
track:964, 726, 567, 286, 259
track:965, 729, 568, 286, 259
track:966, 723, 569, 286, 259
track:967, 720, 569, 286, 259
track:968, 718, 577, 272, 247
track:969, 713, 578, 272, 247
init :970, 710, 584, 429, 244
track:971, 708, 582, 429, 244
track:972, 704, 581, 429, 244
track:973, 711, 587, 409, 232
track:974, 709, 587, 409, 232
track:975, 708, 588, 409, 232
track:976, 696, 581, 429, 244
track:977, 681, 576, 450, 256
track:978, 680, 577, 450, 256
track:979, 677, 579, 450, 256
track:980, 692, 585, 429, 244
track:981, 690, 583, 429, 244
track:982, 678, 579, 450, 256
track:983, 679, 581, 450, 256
track:984, 683, 582, 450, 256
track:985, 685, 580, 450, 256
track:986, 694, 587, 429, 244
track:987, 696, 588, 429, 244
track:988, 697, 587, 429, 244
track:989, 694, 587, 429, 244
track:990, 693, 587, 429, 244
track:991, 696, 588, 429, 244
track:992, 705, 593, 409, 232
track:993, 701, 591, 409, 232
track:994, 704, 587, 409, 232
track:995, 703, 589, 409, 232
track:996, 703, 587, 409, 232
track:997, 704, 585, 409, 232
track:998, 712, 589, 389, 221
track:999, 719, 587, 389, 221
track:1000, 716, 587, 389, 221
track:1001, 720, 586, 389, 221
track:1002, 723, 585, 389, 221
track:1003, 729, 581, 389, 221
track:1004, 739, 583, 371, 211
track:1005, 742, 582, 371, 211
track:1006, 746, 579, 371, 211
track:1007, 747, 576, 371, 211
track:1008, 745, 574, 371, 211
track:1009, 746, 569, 371, 211
track:1010, 755, 575, 353, 201
track:1011, 750, 575, 353, 201
track:1012, 748, 573, 353, 201
track:1013, 748, 575, 336, 191
track:1014, 747, 574, 336, 191
track:1015, 748, 573, 336, 191
track:1016, 745, 572, 336, 191
track:1017, 741, 572, 336, 191
track:1018, 737, 572, 336, 191
track:1019, 736, 573, 336, 191
track:1020, 742, 577, 320, 182
track:1021, 743, 577, 320, 182
track:1022, 744, 576, 320, 182
track:1023, 740, 575, 320, 182
track:1024, 746, 579, 305, 173
track:1025, 750, 583, 290, 165
track:1026, 750, 583, 290, 165
init :1027, 752, 581, 452, 171
track:1028, 752, 582, 452, 171
track:1029, 746, 581, 452, 171
track:1030, 754, 586, 430, 163
track:1031, 748, 588, 430, 163
track:1032, 752, 593, 410, 155
track:1033, 747, 594, 410, 155
track:1034, 744, 595, 410, 155
track:1035, 744, 595, 410, 155
track:1036, 742, 597, 410, 155
track:1037, 751, 602, 390, 148
track:1038, 741, 601, 410, 155
track:1039, 740, 604, 410, 155
track:1040, 741, 603, 410, 155
track:1041, 730, 603, 430, 163
track:1042, 730, 606, 430, 163
track:1043, 727, 608, 430, 163
track:1044, 728, 608, 430, 163
track:1045, 728, 608, 430, 163
track:1046, 728, 610, 430, 163
track:1047, 743, 615, 410, 155
track:1048, 744, 616, 410, 155
track:1049, 749, 616, 410, 155
track:1050, 748, 616, 410, 155
track:1051, 756, 614, 410, 155
track:1052, 760, 610, 410, 155
track:1053, 767, 610, 410, 155
track:1054, 773, 610, 410, 155
track:1055, 775, 610, 410, 155
track:1056, 779, 609, 410, 155
track:1057, 787, 607, 410, 155
track:1058, 790, 607, 410, 155
track:1059, 789, 608, 410, 155
track:1060, 787, 611, 410, 155
track:1061, 791, 611, 410, 155
track:1062, 786, 612, 410, 155
track:1063, 783, 612, 410, 155
track:1064, 779, 611, 410, 155
track:1065, 778, 611, 410, 155
track:1066, 772, 612, 410, 155
track:1067, 769, 612, 410, 155
track:1068, 751, 608, 430, 163
track:1069, 741, 608, 430, 163
track:1070, 736, 608, 430, 163
track:1071, 731, 610, 430, 163
track:1072, 714, 613, 430, 163
track:1073, 703, 613, 430, 163
track:1074, 697, 614, 430, 163
track:1075, 695, 618, 410, 155
track:1076, 683, 617, 410, 155
track:1077, 672, 614, 430, 163
track:1078, 649, 613, 430, 163
track:1079, 646, 615, 430, 163
track:1080, 648, 619, 410, 155
track:1081, 642, 618, 410, 155
track:1082, 642, 618, 410, 155
track:1083, 636, 619, 410, 155
init :1084, 664, 625, 452, 140
track:1085, 664, 625, 452, 140
track:1086, 666, 625, 452, 140
track:1087, 667, 626, 452, 140
track:1088, 669, 626, 452, 140
track:1089, 668, 625, 452, 140
track:1090, 667, 625, 452, 140
track:1091, 674, 628, 430, 133
track:1092, 675, 628, 430, 133
track:1093, 670, 626, 452, 140
track:1094, 671, 627, 452, 140
track:1095, 674, 629, 452, 140
track:1096, 682, 632, 430, 133
track:1097, 685, 632, 430, 133
track:1098, 683, 632, 430, 133
track:1099, 673, 628, 452, 140
track:1100, 673, 628, 452, 140
track:1101, 676, 628, 452, 140
track:1102, 679, 630, 452, 140
track:1103, 677, 628, 452, 140
track:1104, 686, 632, 430, 133
track:1105, 687, 632, 430, 133
track:1106, 686, 632, 430, 133
track:1107, 686, 633, 430, 133
track:1108, 679, 634, 430, 133
track:1109, 676, 635, 430, 133
track:1110, 677, 637, 430, 133
track:1111, 683, 640, 410, 127
track:1112, 684, 640, 410, 127
track:1113, 679, 643, 410, 127
track:1114, 667, 640, 430, 133
track:1115, 667, 640, 430, 133
track:1116, 664, 641, 430, 133
track:1117, 670, 642, 430, 133
track:1118, 669, 642, 430, 133
track:1119, 665, 646, 410, 127
track:1120, 676, 645, 410, 127
track:1121, 677, 645, 410, 127
track:1122, 663, 642, 430, 133
track:1123, 667, 642, 430, 133
track:1124, 669, 646, 410, 127
track:1125, 672, 649, 410, 127
track:1126, 685, 653, 390, 121
track:1127, 695, 655, 372, 115
track:1128, 708, 656, 354, 110
track:1129, 708, 657, 372, 115
track:1130, 705, 654, 372, 115
track:1131, 716, 654, 372, 115
track:1132, 774, 656, 390, 121
track:1133, 801, 658, 390, 121
track:1134, 803, 658, 390, 121
track:1135, 802, 656, 390, 121
track:1136, 788, 656, 410, 127
track:1137, 791, 653, 410, 127
track:1138, 796, 650, 410, 127
track:1139, 779, 650, 410, 127
track:1140, 779, 650, 410, 127
init :1141, 830, 630, 216, 181
track:1142, 826, 630, 216, 181
track:1143, 816, 630, 216, 181
track:1144, 807, 631, 216, 181
track:1145, 806, 632, 216, 181
track:1146, 798, 631, 216, 181
track:1147, 791, 631, 216, 181
track:1148, 785, 637, 206, 172
track:1149, 775, 631, 216, 181
track:1150, 777, 631, 216, 181
track:1151, 776, 631, 216, 181
track:1152, 775, 631, 216, 181
track:1153, 771, 632, 216, 181
track:1154, 775, 638, 206, 172
track:1155, 769, 639, 206, 172
track:1156, 773, 642, 206, 172
track:1157, 774, 644, 206, 172
track:1158, 774, 643, 206, 172
track:1159, 777, 640, 206, 172
track:1160, 778, 640, 206, 172
track:1161, 778, 641, 206, 172
track:1162, 784, 636, 216, 181
track:1163, 781, 637, 216, 181
track:1164, 788, 640, 216, 181
track:1165, 787, 638, 216, 181
track:1166, 780, 639, 216, 181
track:1167, 784, 644, 206, 172
track:1168, 776, 645, 206, 172
track:1169, 773, 644, 206, 172
track:1170, 772, 644, 206, 172
track:1171, 768, 644, 206, 172
track:1172, 761, 642, 206, 172
track:1173, 761, 643, 206, 172
track:1174, 746, 636, 216, 181
track:1175, 749, 636, 216, 181
track:1176, 750, 634, 216, 181
track:1177, 751, 635, 216, 181
track:1178, 747, 631, 216, 181
track:1179, 747, 629, 216, 181
track:1180, 756, 634, 206, 172
track:1181, 754, 632, 206, 172
track:1182, 756, 629, 206, 172
track:1183, 767, 633, 196, 164
track:1184, 757, 636, 187, 156
track:1185, 760, 637, 187, 156
track:1186, 766, 640, 178, 149
track:1187, 773, 638, 178, 149
track:1188, 774, 636, 178, 149
track:1189, 773, 639, 169, 142
track:1190, 776, 639, 169, 142
track:1191, 779, 637, 169, 142
track:1192, 786, 637, 161, 135
track:1193, 786, 634, 161, 135
track:1194, 786, 634, 154, 129
track:1195, 790, 638, 146, 123
track:1196, 786, 634, 146, 123
track:1197, 785, 634, 146, 123
init :1198, 793, 628, 373, 111
track:1199, 791, 629, 373, 111
track:1200, 792, 628, 373, 111
track:1201, 790, 628, 373, 111
track:1202, 789, 628, 373, 111
track:1203, 791, 627, 373, 111
track:1204, 801, 628, 355, 106
track:1205, 809, 630, 338, 101
track:1206, 822, 634, 322, 96
track:1207, 826, 634, 322, 96
track:1208, 829, 634, 322, 96
track:1209, 829, 634, 322, 96
track:1210, 839, 634, 322, 96
track:1211, 843, 635, 322, 96
track:1212, 849, 636, 322, 96
track:1213, 849, 637, 322, 96
track:1214, 856, 639, 307, 91
track:1215, 860, 640, 307, 91
track:1216, 861, 642, 307, 91
track:1217, 858, 644, 307, 91
track:1218, 864, 648, 292, 87
track:1219, 868, 650, 278, 83
track:1220, 868, 651, 278, 83
track:1221, 864, 652, 278, 83
track:1222, 870, 656, 265, 79
track:1223, 874, 658, 252, 75
track:1224, 872, 659, 252, 75
track:1225, 873, 659, 252, 75
track:1226, 873, 659, 252, 75
track:1227, 879, 661, 240, 72
track:1228, 885, 662, 229, 68
track:1229, 893, 663, 218, 65
track:1230, 892, 664, 218, 65
track:1231, 893, 663, 218, 65
track:1232, 892, 665, 218, 65
track:1233, 892, 666, 218, 65
track:1234, 890, 666, 218, 65
track:1235, 893, 669, 208, 62
track:1236, 895, 670, 198, 59
track:1237, 894, 671, 198, 59
track:1238, 899, 672, 188, 56
track:1239, 899, 672, 188, 56
track:1240, 898, 671, 188, 56
track:1241, 897, 671, 188, 56
track:1242, 901, 673, 179, 53
track:1243, 907, 676, 171, 51
track:1244, 911, 677, 163, 48
track:1245, 914, 677, 155, 46
track:1246, 922, 679, 148, 44
track:1247, 922, 681, 141, 42
track:1248, 921, 682, 141, 42
track:1249, 922, 684, 134, 40
track:1250, 925, 685, 128, 38
track:1251, 928, 685, 121, 36
track:1252, 919, 686, 116, 34
track:1253, 920, 685, 116, 34
track:1254, 918, 684, 116, 34
init :1255, 950, 667, 133, 85
track:1256, 944, 666, 133, 85
track:1257, 942, 667, 127, 81
track:1258, 940, 666, 127, 81
track:1259, 937, 664, 127, 81
track:1260, 934, 663, 127, 81
track:1261, 926, 662, 127, 81
track:1262, 922, 660, 127, 81
track:1263, 921, 662, 121, 77
track:1264, 921, 663, 121, 77
track:1265, 920, 663, 121, 77
track:1266, 921, 663, 121, 77
track:1267, 919, 660, 121, 77
track:1268, 919, 660, 121, 77
track:1269, 918, 660, 121, 77
track:1270, 918, 658, 121, 77
track:1271, 918, 657, 121, 77
track:1272, 911, 659, 121, 77
track:1273, 909, 659, 115, 73
track:1274, 909, 658, 115, 73
track:1275, 906, 657, 115, 73
track:1276, 899, 657, 115, 73
track:1277, 893, 658, 115, 73
track:1278, 886, 659, 115, 73
track:1279, 887, 659, 115, 73
track:1280, 880, 660, 115, 73
track:1281, 876, 663, 109, 70
track:1282, 869, 664, 109, 70
track:1283, 864, 663, 109, 70
track:1284, 865, 663, 109, 70
track:1285, 857, 664, 109, 70
track:1286, 854, 665, 104, 67
track:1287, 852, 665, 104, 67
track:1288, 852, 664, 104, 67
track:1289, 850, 664, 104, 67
track:1290, 850, 663, 104, 67
track:1291, 848, 662, 104, 67
track:1292, 846, 663, 104, 67
track:1293, 848, 664, 99, 63
track:1294, 850, 666, 95, 60
track:1295, 848, 666, 95, 60
track:1296, 847, 666, 95, 60
track:1297, 847, 666, 95, 60
track:1298, 847, 665, 95, 60
track:1299, 847, 665, 95, 60
track:1300, 847, 665, 95, 60
track:1301, 842, 663, 99, 63
track:1302, 842, 664, 99, 63
track:1303, 842, 663, 99, 63
track:1304, 842, 663, 99, 63
track:1305, 844, 662, 99, 63
track:1306, 844, 663, 99, 63
track:1307, 847, 664, 99, 63
track:1308, 848, 666, 95, 60
track:1309, 850, 668, 90, 58
track:1310, 851, 668, 90, 58
track:1311, 852, 668, 90, 58
init :1312, 867, 667, 161, 57
track:1313, 867, 667, 161, 57
track:1314, 867, 667, 161, 57
track:1315, 866, 668, 161, 57
track:1316, 869, 670, 153, 54
track:1317, 862, 670, 161, 57
track:1318, 856, 669, 169, 60
track:1319, 856, 669, 169, 60
track:1320, 850, 668, 178, 63
track:1321, 854, 670, 169, 60
track:1322, 855, 671, 169, 60
track:1323, 856, 672, 169, 60
track:1324, 857, 671, 169, 60
track:1325, 860, 672, 169, 60
track:1326, 864, 674, 161, 57
track:1327, 866, 675, 161, 57
track:1328, 866, 676, 161, 57
track:1329, 867, 676, 161, 57
track:1330, 865, 677, 161, 57
track:1331, 865, 677, 161, 57
track:1332, 862, 678, 161, 57
track:1333, 855, 676, 169, 60
track:1334, 853, 676, 169, 60
track:1335, 853, 677, 169, 60
track:1336, 844, 677, 169, 60
track:1337, 842, 677, 169, 60
track:1338, 838, 677, 169, 60
track:1339, 838, 677, 169, 60
track:1340, 837, 677, 169, 60
track:1341, 835, 677, 169, 60
track:1342, 837, 677, 169, 60
track:1343, 835, 677, 169, 60
track:1344, 835, 677, 169, 60
track:1345, 835, 677, 169, 60
track:1346, 835, 678, 169, 60
track:1347, 835, 678, 169, 60
track:1348, 834, 678, 169, 60
track:1349, 835, 678, 169, 60
track:1350, 833, 679, 169, 60
track:1351, 832, 679, 169, 60
track:1352, 834, 680, 161, 57
track:1353, 837, 681, 153, 54
track:1354, 838, 681, 153, 54
track:1355, 837, 682, 153, 54
track:1356, 838, 682, 153, 54
track:1357, 837, 682, 153, 54
track:1358, 836, 681, 161, 57
track:1359, 836, 682, 161, 57
track:1360, 835, 682, 161, 57
track:1361, 833, 683, 161, 57
track:1362, 833, 683, 161, 57
track:1363, 833, 685, 161, 57
track:1364, 835, 684, 161, 57
track:1365, 835, 684, 161, 57
track:1366, 833, 685, 161, 57
track:1367, 833, 684, 161, 57
track:1368, 832, 685, 161, 57
init :1369, 844, 687, 184, 57
track:1370, 843, 687, 184, 57
track:1371, 847, 689, 175, 54
track:1372, 841, 688, 184, 57
track:1373, 839, 689, 184, 57
track:1374, 843, 691, 175, 54
track:1375, 836, 690, 184, 57
track:1376, 834, 690, 184, 57
track:1377, 832, 690, 184, 57
track:1378, 831, 691, 184, 57
track:1379, 829, 691, 184, 57
track:1380, 825, 692, 184, 57
track:1381, 816, 691, 193, 60
track:1382, 810, 691, 203, 63
track:1383, 801, 690, 213, 66
track:1384, 800, 691, 213, 66
track:1385, 798, 692, 213, 66
track:1386, 800, 693, 213, 66
track:1387, 803, 694, 213, 66
track:1388, 805, 695, 213, 66
track:1389, 810, 698, 203, 63
track:1390, 812, 699, 203, 63
track:1391, 815, 700, 203, 63
track:1392, 825, 703, 193, 60
track:1393, 828, 704, 193, 60
track:1394, 826, 704, 203, 63
track:1395, 827, 704, 203, 63
track:1396, 828, 705, 203, 63
track:1397, 824, 705, 213, 66
track:1398, 824, 705, 213, 66
track:1399, 823, 706, 213, 66
track:1400, 821, 707, 213, 66
track:1401, 816, 707, 213, 66
track:1402, 808, 708, 213, 66
track:1403, 805, 709, 213, 66
track:1404, 804, 710, 213, 66
track:1405, 801, 710, 213, 66
track:1406, 798, 710, 213, 66
track:1407, 788, 709, 224, 69
track:1408, 784, 709, 224, 69
track:1409, 785, 709, 224, 69
track:1410, 784, 710, 224, 69
track:1411, 783, 711, 224, 69
track:1412, 784, 712, 224, 69
track:1413, 785, 713, 224, 69
track:1414, 781, 711, 235, 73
track:1415, 782, 712, 235, 73
track:1416, 786, 715, 224, 69
track:1417, 787, 715, 224, 69
track:1418, 784, 716, 224, 69
track:1419, 789, 717, 213, 66
track:1420, 789, 718, 213, 66
track:1421, 782, 718, 224, 69
track:1422, 776, 717, 235, 73
track:1423, 779, 719, 224, 69
track:1424, 774, 717, 235, 73
track:1425, 776, 717, 235, 73
init :1426, 793, 719, 244, 90
track:1427, 793, 719, 244, 90
track:1428, 797, 721, 232, 86
track:1429, 796, 721, 232, 86
track:1430, 796, 721, 232, 86
track:1431, 794, 722, 232, 86
track:1432, 796, 724, 232, 86
track:1433, 792, 724, 232, 86
track:1434, 791, 724, 232, 86
track:1435, 790, 727, 232, 86
track:1436, 786, 726, 232, 86
track:1437, 787, 726, 232, 86
track:1438, 787, 728, 232, 86
track:1439, 791, 731, 221, 82
track:1440, 784, 729, 232, 86
track:1441, 781, 731, 232, 86
track:1442, 777, 731, 232, 86
track:1443, 769, 731, 232, 86
track:1444, 768, 730, 232, 86
track:1445, 767, 730, 232, 86
track:1446, 758, 728, 244, 90
track:1447, 744, 726, 256, 94
track:1448, 749, 728, 244, 90
track:1449, 749, 728, 244, 90
track:1450, 749, 726, 244, 90
track:1451, 755, 724, 244, 90
track:1452, 756, 722, 244, 90
track:1453, 760, 721, 244, 90
track:1454, 766, 720, 244, 90
track:1455, 770, 718, 244, 90
track:1456, 778, 719, 244, 90
track:1457, 786, 718, 232, 86
track:1458, 793, 719, 232, 86
track:1459, 793, 714, 232, 86
track:1460, 799, 717, 232, 86
track:1461, 806, 716, 232, 86
track:1462, 811, 713, 232, 86
track:1463, 817, 713, 221, 82
track:1464, 824, 712, 221, 82
track:1465, 832, 708, 221, 82
track:1466, 851, 700, 221, 82
track:1467, 844, 692, 232, 86
track:1468, 846, 690, 232, 86
track:1469, 842, 685, 244, 90
track:1470, 845, 687, 232, 86
track:1471, 850, 691, 232, 86
track:1472, 846, 690, 232, 86
track:1473, 845, 690, 232, 86
track:1474, 847, 689, 232, 86
track:1475, 845, 684, 244, 90
track:1476, 839, 683, 256, 94
track:1477, 839, 687, 256, 94
track:1478, 837, 688, 256, 94
track:1479, 844, 687, 244, 90
track:1480, 845, 689, 244, 90
track:1481, 848, 694, 244, 90
track:1482, 847, 694, 244, 90
init :1483, 853, 662, 198, 163
track:1484, 863, 665, 189, 155
track:1485, 867, 665, 189, 155
track:1486, 871, 663, 189, 155
track:1487, 877, 661, 189, 155
track:1488, 877, 661, 189, 155
track:1489, 880, 660, 189, 155
track:1490, 880, 658, 189, 155
track:1491, 882, 656, 189, 155
track:1492, 884, 653, 189, 155
track:1493, 883, 652, 189, 155
track:1494, 887, 654, 180, 148
track:1495, 884, 653, 171, 141
track:1496, 882, 650, 171, 141
track:1497, 881, 645, 171, 141
track:1498, 877, 645, 171, 141
track:1499, 862, 642, 171, 141
track:1500, 864, 641, 163, 134
track:1501, 851, 636, 163, 134
track:1502, 848, 632, 163, 134
track:1503, 851, 635, 155, 128
track:1504, 856, 632, 155, 128
track:1505, 855, 629, 155, 128
track:1506, 842, 627, 148, 122
track:1507, 843, 618, 155, 128
track:1508, 841, 620, 155, 128
track:1509, 839, 621, 148, 122
track:1510, 840, 617, 148, 122
track:1511, 839, 614, 148, 122
track:1512, 827, 610, 148, 122
track:1513, 829, 614, 141, 116
track:1514, 815, 612, 141, 116
track:1515, 798, 611, 141, 116
track:1516, 777, 615, 134, 110
track:1517, 749, 615, 134, 110
track:1518, 749, 616, 134, 110
track:1519, 724, 615, 134, 110
track:1520, 703, 619, 128, 105
track:1521, 684, 620, 128, 105
track:1522, 667, 620, 128, 105
track:1523, 670, 623, 122, 100
track:1524, 661, 622, 122, 100
track:1525, 662, 625, 116, 95
track:1526, 668, 623, 116, 95
track:1527, 675, 624, 116, 95
track:1528, 674, 624, 116, 95
track:1529, 703, 623, 116, 95
track:1530, 725, 622, 116, 95
track:1531, 753, 624, 110, 91
track:1532, 779, 626, 105, 86
track:1533, 780, 625, 105, 86
track:1534, 808, 626, 105, 86
track:1535, 833, 625, 105, 86
track:1536, 857, 628, 100, 82
track:1537, 877, 630, 100, 82
track:1538, 878, 633, 95, 78
track:1539, 891, 636, 91, 75
init :1540, 900, 643, 235, 77
track:1541, 897, 642, 247, 81
track:1542, 898, 643, 247, 81
track:1543, 898, 643, 247, 81
track:1544, 898, 643, 247, 81
track:1545, 899, 647, 235, 77
track:1546, 895, 648, 235, 77
track:1547, 891, 650, 235, 77
track:1548, 888, 650, 235, 77
track:1549, 870, 652, 235, 77
track:1550, 867, 653, 235, 77
track:1551, 861, 655, 235, 77
track:1552, 861, 658, 224, 73
track:1553, 860, 658, 224, 73
track:1554, 863, 661, 213, 70
track:1555, 863, 662, 213, 70
track:1556, 867, 664, 203, 67
track:1557, 873, 667, 193, 63
track:1558, 873, 667, 193, 63
track:1559, 875, 668, 193, 63
track:1560, 882, 670, 184, 60
track:1561, 885, 669, 184, 60
track:1562, 890, 670, 184, 60
track:1563, 891, 671, 184, 60
track:1564, 897, 672, 175, 57
track:1565, 897, 672, 175, 57
track:1566, 898, 672, 175, 57
track:1567, 900, 673, 167, 55
track:1568, 903, 675, 159, 52
track:1569, 906, 677, 151, 50
track:1570, 908, 678, 144, 47
track:1571, 906, 678, 144, 47
track:1572, 902, 676, 151, 50
track:1573, 900, 676, 151, 50
track:1574, 898, 677, 151, 50
track:1575, 893, 676, 151, 50
track:1576, 895, 678, 144, 47
track:1577, 891, 678, 144, 47
track:1578, 894, 680, 137, 45
track:1579, 893, 680, 137, 45
track:1580, 893, 681, 131, 43
track:1581, 891, 683, 125, 41
track:1582, 892, 684, 119, 39
track:1583, 894, 686, 113, 37
track:1584, 895, 687, 108, 35
track:1585, 896, 688, 108, 35
track:1586, 897, 688, 103, 34
track:1587, 894, 687, 108, 35
track:1588, 894, 687, 108, 35
track:1589, 895, 687, 108, 35
track:1590, 895, 688, 103, 34
track:1591, 895, 689, 103, 34
track:1592, 895, 689, 103, 34
track:1593, 893, 689, 103, 34
track:1594, 891, 690, 103, 34
track:1595, 889, 692, 103, 34
track:1596, 892, 693, 98, 32
init :1599, 913, 680, 101, 72
track:1600, 912, 680, 101, 72
track:1601, 911, 680, 101, 72
track:1602, 910, 680, 101, 72
track:1603, 909, 679, 101, 72
track:1604, 905, 679, 101, 72
track:1605, 906, 681, 96, 69
track:1606, 903, 681, 96, 69
track:1607, 901, 682, 96, 69
track:1608, 900, 682, 96, 69
elapseTime: 16.345
