init :7, 821, 630, 235, 197
track:8, 821, 630, 235, 197
track:9, 822, 630, 235, 197
track:10, 821, 631, 235, 197
track:11, 823, 630, 235, 197
track:12, 823, 630, 235, 197
track:13, 824, 630, 235, 197
init :14, 821, 630, 235, 197
track:15, 821, 630, 235, 197
track:16, 821, 630, 235, 197
track:17, 822, 631, 235, 197
track:18, 822, 630, 235, 197
track:19, 822, 630, 235, 197
track:20, 822, 631, 235, 197
track:21, 822, 631, 235, 197
track:22, 823, 631, 235, 197
track:23, 824, 631, 235, 197
track:24, 824, 630, 235, 197
track:25, 824, 631, 235, 197
track:26, 824, 631, 235, 197
init :27, 821, 633, 240, 194
track:28, 821, 633, 240, 194
track:29, 821, 634, 240, 194
track:30, 821, 634, 240, 194
track:31, 821, 634, 240, 194
track:32, 823, 635, 240, 194
track:33, 823, 635, 240, 194
track:34, 824, 634, 240, 194
track:35, 824, 634, 240, 194
track:36, 824, 634, 240, 194
track:37, 823, 633, 240, 194
track:38, 823, 633, 240, 194
track:39, 823, 633, 240, 194
init :40, 826, 633, 240, 194
track:41, 826, 633, 240, 194
track:42, 827, 631, 240, 194
track:43, 827, 631, 240, 194
track:44, 828, 631, 240, 194
track:45, 829, 631, 240, 194
track:46, 829, 631, 240, 194
track:48, 829, 630, 240, 194
track:49, 835, 635, 229, 185
track:50, 835, 635, 229, 185
track:51, 835, 635, 229, 185
track:52, 835, 635, 229, 185
init :53, 830, 633, 230, 197
track:54, 830, 633, 230, 197
track:55, 830, 633, 230, 197
track:56, 830, 633, 230, 197
track:57, 830, 633, 230, 197
track:58, 830, 633, 230, 197
track:59, 830, 632, 230, 197
track:60, 830, 632, 230, 197
track:61, 829, 633, 230, 197
track:62, 829, 632, 230, 197
track:63, 829, 633, 230, 197
track:64, 829, 632, 230, 197
track:65, 828, 632, 230, 197
init :66, 826, 630, 240, 199
track:67, 826, 630, 240, 199
track:68, 826, 629, 240, 199
track:69, 825, 630, 240, 199
track:70, 825, 629, 240, 199
track:71, 824, 629, 240, 199
track:72, 823, 629, 240, 199
track:73, 824, 628, 240, 199
track:74, 825, 628, 240, 199
track:75, 826, 629, 240, 199
track:76, 825, 628, 240, 199
track:77, 827, 628, 240, 199
track:78, 827, 627, 240, 199
init :79, 826, 630, 235, 197
track:80, 826, 630, 235, 197
track:81, 826, 630, 235, 197
track:82, 825, 630, 235, 197
track:83, 826, 631, 235, 197
track:84, 826, 631, 235, 197
track:85, 826, 630, 235, 197
track:86, 826, 631, 235, 197
track:87, 825, 631, 235, 197
track:88, 826, 631, 235, 197
track:89, 826, 631, 235, 197
track:90, 826, 631, 235, 197
track:91, 825, 632, 235, 197
init :92, 826, 633, 235, 197
track:93, 826, 633, 235, 197
track:94, 825, 633, 235, 197
track:95, 826, 633, 235, 197
track:96, 827, 633, 235, 197
track:97, 827, 633, 235, 197
track:98, 828, 632, 235, 197
track:99, 828, 631, 235, 197
track:100, 829, 632, 235, 197
track:101, 829, 631, 235, 197
track:102, 829, 631, 235, 197
track:103, 831, 630, 235, 197
track:104, 831, 629, 235, 197
init :105, 835, 625, 230, 199
track:106, 836, 625, 230, 199
track:107, 837, 623, 230, 199
track:108, 837, 622, 230, 199
track:109, 838, 621, 230, 199
track:110, 838, 620, 230, 199
track:111, 838, 619, 230, 199
track:112, 838, 618, 230, 199
track:113, 831, 610, 241, 209
track:114, 831, 609, 241, 209
track:115, 837, 613, 230, 199
track:116, 839, 613, 230, 199
track:117, 840, 609, 230, 199
init :120, 858, 610, 189, 179
track:121, 859, 608, 189, 179
track:122, 859, 607, 189, 179
track:123, 859, 605, 189, 179
track:124, 858, 605, 189, 179
track:125, 861, 607, 180, 170
track:126, 859, 603, 180, 170
track:127, 858, 603, 180, 170
track:128, 861, 607, 171, 162
track:129, 857, 602, 180, 170
track:130, 857, 604, 180, 170
init :131, 853, 612, 189, 163
track:132, 856, 616, 189, 163
track:133, 857, 617, 189, 163
track:134, 856, 618, 189, 163
track:135, 856, 619, 189, 163
track:136, 857, 620, 189, 163
track:137, 859, 621, 189, 163
track:138, 860, 623, 189, 163
track:139, 861, 622, 189, 163
track:140, 859, 623, 189, 163
track:141, 858, 622, 189, 163
track:142, 857, 622, 189, 163
track:143, 856, 623, 189, 163
init :144, 858, 623, 180, 153
track:145, 855, 627, 180, 153
track:146, 854, 627, 180, 153
track:147, 854, 629, 180, 153
track:148, 855, 630, 180, 153
track:149, 855, 631, 180, 153
track:150, 857, 634, 180, 153
track:151, 856, 637, 180, 153
track:152, 856, 640, 180, 153
track:153, 856, 642, 180, 153
track:154, 856, 643, 180, 153
track:155, 856, 645, 180, 153
track:156, 857, 646, 180, 153
init :157, 863, 649, 170, 158
track:158, 863, 649, 170, 158
track:159, 864, 650, 170, 158
track:160, 863, 651, 170, 158
track:161, 861, 652, 170, 158
track:162, 859, 652, 170, 158
track:163, 858, 652, 170, 158
track:164, 858, 652, 170, 158
track:165, 858, 653, 170, 158
track:166, 858, 654, 170, 158
track:167, 858, 653, 170, 158
track:168, 858, 653, 170, 158
track:169, 858, 653, 170, 158
init :170, 867, 659, 166, 147
track:171, 868, 658, 166, 147
track:172, 870, 657, 166, 147
track:173, 869, 657, 166, 147
track:174, 869, 657, 166, 147
track:175, 867, 657, 166, 147
track:176, 865, 659, 166, 147
track:177, 865, 658, 166, 147
track:178, 866, 659, 166, 147
track:179, 867, 659, 166, 147
track:180, 869, 661, 166, 147
track:181, 869, 662, 166, 147
track:182, 870, 664, 166, 147
init :183, 872, 656, 161, 158
track:184, 872, 656, 161, 158
track:185, 873, 658, 161, 158
track:186, 871, 656, 161, 158
track:187, 867, 652, 161, 158
track:188, 864, 649, 161, 158
track:189, 862, 648, 161, 158
track:190, 860, 647, 161, 158
track:191, 859, 645, 161, 158
track:192, 859, 640, 161, 158
track:193, 858, 639, 161, 158
track:194, 858, 637, 161, 158
track:195, 860, 636, 161, 158
init :196, 858, 636, 166, 153
track:197, 858, 636, 166, 153
track:198, 855, 636, 166, 153
track:199, 855, 636, 166, 153
track:200, 853, 638, 166, 153
track:201, 851, 638, 166, 153
track:202, 851, 637, 166, 153
track:203, 851, 634, 166, 153
track:204, 851, 634, 166, 153
track:205, 851, 632, 166, 153
track:206, 850, 632, 166, 153
track:207, 850, 629, 166, 153
track:208, 849, 630, 166, 153
init :209, 853, 630, 152, 137
track:210, 852, 628, 152, 137
track:211, 851, 627, 152, 137
track:212, 852, 624, 152, 137
track:213, 852, 623, 152, 137
track:214, 852, 623, 152, 137
track:215, 852, 622, 152, 137
track:216, 851, 622, 152, 137
track:217, 852, 622, 152, 137
track:218, 852, 623, 152, 137
track:219, 852, 624, 152, 137
track:220, 852, 628, 152, 137
track:221, 852, 630, 152, 137
init :222, 849, 638, 143, 122
track:223, 849, 638, 143, 122
track:224, 849, 641, 143, 122
track:225, 849, 642, 143, 122
track:226, 849, 643, 143, 122
track:227, 849, 643, 143, 122
track:228, 849, 644, 143, 122
track:229, 850, 645, 143, 122
track:230, 849, 645, 143, 122
track:231, 849, 644, 143, 122
track:232, 848, 642, 143, 122
track:233, 847, 642, 143, 122
track:234, 847, 641, 143, 122
init :235, 853, 646, 129, 106
track:236, 850, 642, 135, 111
track:237, 853, 644, 135, 111
track:238, 853, 644, 135, 111
track:239, 853, 646, 135, 111
track:240, 854, 648, 135, 111
track:241, 854, 650, 135, 111
track:242, 855, 650, 135, 111
track:243, 854, 650, 135, 111
track:244, 854, 650, 135, 111
track:245, 854, 652, 135, 111
track:246, 854, 652, 135, 111
track:247, 854, 653, 135, 111
init :248, 863, 656, 120, 88
track:249, 863, 657, 120, 88
track:250, 863, 660, 120, 88
track:251, 864, 662, 120, 88
track:252, 864, 663, 120, 88
track:253, 864, 663, 120, 88
track:254, 865, 666, 120, 88
track:255, 866, 669, 120, 88
track:256, 866, 672, 120, 88
track:257, 866, 674, 120, 88
track:258, 866, 675, 120, 88
track:259, 867, 676, 120, 88
track:260, 867, 678, 120, 88
init :261, 872, 677, 124, 90
track:262, 872, 678, 124, 90
track:263, 872, 678, 124, 90
track:264, 872, 681, 124, 90
track:265, 873, 682, 124, 90
track:266, 872, 684, 124, 90
track:267, 873, 686, 124, 90
track:268, 873, 686, 124, 90
track:269, 873, 686, 124, 90
track:270, 874, 689, 124, 90
track:271, 874, 693, 124, 90
track:272, 875, 696, 124, 90
track:273, 875, 696, 124, 90
init :274, 867, 690, 129, 106
track:275, 868, 692, 129, 106
track:276, 869, 694, 129, 106
track:277, 867, 694, 135, 111
track:278, 866, 695, 135, 111
track:279, 867, 695, 135, 111
track:280, 869, 694, 135, 111
track:281, 870, 693, 135, 111
track:282, 871, 694, 135, 111
track:283, 872, 695, 135, 111
track:284, 870, 695, 142, 117
track:285, 868, 695, 149, 123
track:286, 869, 693, 149, 123
init :287, 867, 682, 161, 140
track:288, 867, 682, 161, 140
track:289, 867, 679, 161, 140
track:290, 864, 672, 169, 147
track:291, 863, 665, 169, 147
track:292, 865, 660, 169, 147
track:293, 865, 659, 169, 147
track:294, 862, 654, 178, 154
track:295, 865, 651, 178, 154
track:296, 866, 651, 178, 154
track:297, 864, 651, 178, 154
track:298, 860, 649, 186, 162
track:299, 855, 646, 196, 170
init :300, 840, 638, 235, 199
track:301, 837, 640, 235, 199
track:302, 830, 638, 247, 209
track:303, 829, 641, 247, 209
track:304, 823, 641, 259, 219
track:305, 819, 641, 259, 219
track:306, 820, 642, 259, 219
track:307, 817, 640, 259, 219
track:308, 818, 639, 259, 219
track:309, 811, 632, 272, 230
track:310, 810, 626, 272, 230
track:311, 809, 608, 272, 230
track:312, 810, 599, 272, 230
init :313, 812, 607, 263, 218
track:314, 813, 601, 263, 218
track:315, 813, 593, 263, 218
track:316, 813, 586, 263, 218
track:317, 822, 584, 250, 208
track:318, 822, 582, 250, 208
track:319, 823, 581, 250, 208
track:320, 827, 570, 250, 208
track:321, 836, 569, 239, 198
track:322, 838, 567, 239, 198
track:323, 836, 567, 239, 198
track:324, 834, 572, 239, 198
track:325, 841, 574, 227, 188
init :326, 858, 568, 193, 176
track:327, 857, 570, 193, 176
track:328, 856, 571, 193, 176
track:329, 852, 577, 193, 176
track:330, 852, 586, 193, 176
track:331, 850, 587, 193, 176
track:332, 849, 590, 193, 176
track:333, 848, 591, 193, 176
track:334, 847, 594, 193, 176
track:335, 848, 594, 193, 176
track:336, 847, 598, 193, 176
track:337, 847, 599, 193, 176
track:338, 847, 599, 193, 176
init :339, 853, 599, 180, 163
track:340, 853, 598, 180, 163
track:341, 854, 598, 180, 163
track:342, 854, 599, 180, 163
track:343, 854, 598, 180, 163
track:344, 858, 600, 171, 155
track:345, 859, 597, 171, 155
track:346, 863, 601, 163, 148
track:347, 864, 602, 163, 148
track:348, 864, 603, 163, 148
track:349, 863, 606, 163, 148
track:350, 864, 610, 163, 148
track:351, 864, 614, 163, 148
init :352, 872, 628, 147, 119
track:353, 872, 628, 147, 119
track:354, 871, 630, 147, 119
track:355, 872, 631, 147, 119
track:356, 871, 632, 147, 119
track:357, 875, 636, 140, 113
track:358, 873, 635, 140, 113
track:359, 874, 636, 140, 113
track:360, 874, 636, 140, 113
track:361, 872, 637, 140, 113
track:362, 874, 638, 133, 108
track:363, 875, 638, 133, 108
track:364, 874, 639, 133, 108
init :365, 872, 643, 133, 103
track:366, 872, 643, 133, 103
track:367, 871, 645, 133, 103
track:368, 870, 645, 133, 103
track:369, 874, 647, 127, 98
track:370, 873, 652, 127, 98
track:371, 873, 659, 127, 98
track:372, 872, 661, 127, 98
track:373, 872, 661, 127, 98
track:374, 871, 663, 127, 98
track:375, 870, 664, 127, 98
track:376, 867, 664, 127, 98
track:377, 866, 665, 127, 98
init :378, 867, 664, 115, 101
track:379, 867, 665, 115, 101
track:380, 866, 665, 115, 101
track:381, 866, 664, 115, 101
track:382, 864, 664, 115, 101
track:383, 864, 664, 115, 101
track:384, 863, 664, 115, 101
track:385, 862, 663, 115, 101
track:386, 862, 662, 115, 101
track:387, 862, 662, 115, 101
track:388, 862, 662, 115, 101
track:389, 864, 664, 110, 96
track:390, 864, 664, 110, 96
init :391, 867, 667, 110, 88
track:392, 867, 669, 110, 88
track:393, 867, 670, 110, 88
track:394, 867, 671, 110, 88
track:395, 868, 678, 110, 88
track:396, 869, 680, 110, 88
track:397, 871, 684, 110, 88
track:398, 871, 684, 110, 88
track:399, 873, 690, 110, 88
track:400, 873, 694, 110, 88
track:401, 874, 699, 110, 88
track:402, 876, 704, 110, 88
track:403, 876, 704, 110, 88
init :404, 876, 706, 106, 88
track:405, 877, 706, 106, 88
track:406, 877, 706, 106, 88
track:407, 876, 704, 111, 92
track:408, 876, 703, 111, 92
track:409, 877, 702, 111, 92
track:410, 877, 701, 111, 92
track:411, 878, 698, 111, 92
track:412, 879, 696, 111, 92
track:413, 879, 695, 111, 92
track:414, 881, 697, 106, 88
track:415, 878, 696, 111, 92
track:416, 878, 698, 111, 92
init :417, 886, 698, 101, 80
track:418, 886, 698, 101, 80
track:419, 886, 699, 101, 80
track:420, 884, 700, 101, 80
track:421, 882, 700, 101, 80
track:422, 882, 698, 101, 80
track:423, 882, 698, 101, 80
track:424, 882, 694, 101, 80
track:425, 882, 692, 101, 80
track:426, 881, 691, 101, 80
track:427, 883, 691, 96, 76
track:428, 882, 691, 96, 76
track:429, 882, 691, 96, 76
init :430, 872, 693, 110, 83
track:431, 872, 693, 110, 83
track:432, 872, 693, 110, 83
track:433, 872, 692, 110, 83
track:434, 871, 693, 110, 83
track:435, 870, 693, 110, 83
track:436, 869, 694, 110, 83
track:437, 869, 695, 110, 83
track:438, 869, 695, 110, 83
track:439, 870, 697, 110, 83
track:440, 870, 698, 110, 83
track:441, 868, 696, 115, 87
track:442, 869, 696, 115, 87
init :443, 867, 693, 115, 90
track:444, 867, 693, 115, 90
track:445, 866, 695, 115, 90
track:446, 866, 696, 115, 90
track:447, 867, 695, 115, 90
track:448, 867, 695, 115, 90
track:449, 867, 694, 115, 90
track:450, 867, 694, 115, 90
track:451, 868, 694, 115, 90
track:452, 869, 696, 115, 90
track:453, 869, 696, 115, 90
track:454, 870, 697, 115, 90
track:455, 871, 697, 115, 90
init :456, 872, 693, 120, 93
track:457, 871, 693, 120, 93
track:458, 872, 693, 120, 93
track:459, 872, 693, 120, 93
track:460, 872, 691, 120, 93
track:461, 872, 691, 120, 93
track:462, 872, 691, 120, 93
track:463, 872, 690, 120, 93
track:464, 871, 687, 120, 93
track:465, 871, 685, 120, 93
track:466, 871, 685, 120, 93
track:467, 871, 685, 120, 93
track:468, 871, 686, 120, 93
init :469, 867, 685, 129, 103
track:470, 868, 687, 129, 103
track:471, 869, 688, 129, 103
track:472, 869, 688, 129, 103
track:473, 869, 690, 129, 103
track:474, 870, 693, 129, 103
track:475, 869, 690, 135, 108
track:476, 871, 689, 135, 108
track:477, 871, 689, 135, 108
track:478, 872, 689, 135, 108
track:479, 874, 686, 135, 108
track:480, 876, 677, 135, 108
track:481, 874, 672, 142, 114
init :482, 872, 669, 147, 124
track:483, 875, 663, 147, 124
track:484, 876, 662, 147, 124
track:485, 874, 658, 154, 130
track:486, 875, 663, 154, 130
track:487, 875, 663, 154, 130
track:488, 873, 667, 154, 130
track:490, 871, 671, 154, 130
track:491, 868, 672, 154, 130
track:492, 863, 670, 162, 137
track:493, 861, 670, 162, 137
track:494, 861, 669, 162, 137
init :495, 853, 654, 175, 150
track:496, 852, 651, 175, 150
track:497, 851, 650, 175, 150
track:498, 851, 648, 175, 150
track:499, 850, 644, 175, 150
track:500, 848, 640, 175, 150
track:501, 848, 637, 175, 150
track:502, 848, 635, 175, 150
track:503, 848, 633, 175, 150
track:504, 849, 632, 175, 150
track:505, 847, 631, 175, 150
track:506, 846, 630, 175, 150
track:507, 848, 630, 175, 150
init :508, 853, 628, 156, 137
track:509, 854, 625, 156, 137
track:510, 854, 623, 156, 137
track:511, 853, 621, 156, 137
track:512, 853, 621, 156, 137
track:513, 852, 620, 156, 137
track:514, 852, 621, 156, 137
track:515, 853, 623, 156, 137
track:516, 853, 622, 156, 137
track:517, 852, 621, 156, 137
track:518, 855, 622, 149, 130
track:519, 856, 620, 149, 130
track:520, 857, 620, 149, 130
init :521, 858, 625, 152, 111
track:522, 858, 625, 152, 111
track:523, 857, 628, 152, 111
track:524, 858, 630, 152, 111
track:525, 860, 633, 152, 111
track:526, 864, 636, 145, 106
track:527, 864, 636, 145, 106
track:528, 864, 636, 145, 106
track:529, 865, 635, 145, 106
track:530, 865, 634, 145, 106
track:531, 865, 633, 145, 106
track:532, 866, 633, 145, 106
track:533, 866, 634, 145, 106
init :534, 872, 638, 129, 96
track:535, 871, 640, 129, 96
track:536, 871, 642, 129, 96
track:537, 871, 642, 129, 96
track:538, 874, 646, 123, 91
track:539, 874, 648, 123, 91
track:540, 874, 648, 123, 91
track:543, 873, 650, 123, 91
track:544, 872, 650, 123, 91
track:546, 873, 657, 117, 87
init :547, 872, 656, 115, 83
track:548, 871, 658, 115, 83
track:549, 871, 661, 115, 83
track:550, 870, 663, 115, 83
track:551, 868, 664, 115, 83
track:552, 868, 664, 115, 83
track:553, 868, 664, 115, 83
track:554, 868, 664, 115, 83
track:555, 867, 665, 115, 83
track:556, 867, 665, 115, 83
track:557, 867, 665, 115, 83
track:558, 869, 671, 110, 79
track:559, 871, 675, 104, 75
init :560, 876, 680, 96, 77
track:561, 876, 684, 96, 77
track:562, 876, 683, 96, 77
track:563, 876, 686, 96, 77
track:564, 876, 688, 96, 77
track:565, 876, 690, 96, 77
track:566, 875, 691, 96, 77
track:567, 876, 692, 96, 77
track:568, 877, 695, 96, 77
track:569, 877, 695, 96, 77
track:570, 876, 699, 96, 77
track:571, 876, 701, 96, 77
track:572, 876, 701, 96, 77
init :573, 872, 700, 106, 83
track:574, 873, 701, 106, 83
track:575, 873, 701, 106, 83
track:576, 872, 699, 106, 83
track:577, 873, 699, 106, 83
track:578, 871, 695, 111, 87
track:579, 871, 692, 111, 87
track:580, 872, 692, 111, 87
track:581, 873, 693, 111, 87
track:582, 872, 692, 111, 87
track:583, 871, 695, 111, 87
track:584, 872, 696, 111, 87
track:585, 870, 696, 111, 87
init :586, 872, 700, 110, 83
track:587, 872, 700, 110, 83
track:588, 872, 701, 110, 83
track:589, 873, 700, 110, 83
track:590, 872, 700, 110, 83
track:591, 871, 701, 110, 83
track:592, 871, 701, 110, 83
track:593, 870, 700, 110, 83
track:594, 870, 698, 110, 83
track:595, 870, 690, 110, 83
track:596, 869, 688, 110, 83
track:597, 869, 687, 110, 83
track:598, 866, 681, 115, 87
init :599, 867, 669, 110, 96
track:600, 867, 667, 110, 96
track:601, 869, 667, 110, 96
track:602, 870, 667, 110, 96
track:603, 869, 666, 110, 96
track:604, 868, 661, 110, 96
track:605, 868, 659, 110, 96
track:606, 868, 658, 110, 96
track:607, 865, 655, 115, 101
track:608, 866, 656, 115, 101
track:609, 867, 656, 115, 101
track:610, 866, 657, 115, 101
track:611, 866, 660, 115, 101
init :612, 863, 659, 124, 98
track:613, 862, 662, 124, 98
track:614, 863, 664, 124, 98
track:615, 863, 667, 124, 98
track:616, 863, 669, 124, 98
track:617, 863, 670, 124, 98
track:618, 863, 669, 124, 98
track:619, 863, 668, 124, 98
track:620, 865, 666, 124, 98
track:621, 865, 666, 124, 98
track:622, 865, 666, 124, 98
track:623, 865, 665, 124, 98
track:624, 863, 664, 124, 98
init :625, 858, 656, 133, 114
track:626, 862, 659, 127, 109
track:627, 863, 659, 127, 109
track:628, 864, 660, 127, 109
track:629, 864, 660, 127, 109
track:630, 864, 659, 127, 109
track:631, 860, 656, 133, 114
track:632, 859, 656, 133, 114
track:633, 861, 659, 133, 114
track:634, 859, 659, 140, 120
track:635, 859, 661, 140, 120
track:636, 860, 663, 140, 120
track:637, 860, 662, 140, 120
init :638, 858, 669, 152, 116
track:639, 858, 670, 152, 116
track:640, 859, 670, 152, 116
track:641, 859, 668, 152, 116
track:642, 859, 668, 152, 116
track:643, 859, 667, 152, 116
track:644, 859, 665, 152, 116
track:645, 859, 656, 152, 116
track:646, 860, 656, 152, 116
track:647, 859, 655, 152, 116
track:648, 863, 656, 145, 110
track:649, 865, 656, 145, 110
track:650, 866, 656, 145, 110
init :651, 872, 651, 143, 122
track:652, 872, 651, 143, 122
track:653, 872, 652, 143, 122
track:654, 873, 653, 143, 122
track:655, 871, 653, 150, 128
track:656, 871, 656, 150, 128
track:657, 871, 657, 150, 128
track:658, 873, 659, 150, 128
track:659, 875, 659, 150, 128
track:660, 875, 659, 150, 128
track:661, 875, 659, 150, 128
track:662, 876, 659, 150, 128
track:663, 877, 659, 150, 128
init :664, 881, 659, 138, 119
track:665, 881, 658, 138, 119
track:666, 882, 656, 138, 119
track:667, 882, 656, 138, 119
track:668, 883, 654, 138, 119
track:669, 883, 654, 138, 119
track:670, 882, 653, 138, 119
track:671, 881, 653, 138, 119
track:672, 880, 653, 138, 119
track:673, 878, 653, 138, 119
track:674, 877, 651, 138, 119
track:675, 874, 649, 145, 125
track:676, 876, 651, 138, 119
init :677, 872, 651, 143, 103
track:678, 871, 654, 143, 103
track:679, 870, 663, 143, 103
track:680, 870, 670, 143, 103
track:681, 871, 672, 143, 103
track:682, 871, 672, 143, 103
track:683, 866, 669, 150, 108
track:684, 865, 669, 150, 108
track:685, 861, 669, 158, 114
track:686, 861, 670, 158, 114
track:687, 861, 672, 158, 114
track:688, 861, 671, 158, 114
track:689, 860, 669, 158, 114
init :690, 858, 669, 152, 116
track:691, 858, 668, 152, 116
track:692, 858, 668, 152, 116
track:693, 858, 667, 152, 116
track:694, 858, 667, 152, 116
track:695, 859, 666, 152, 116
track:696, 857, 664, 152, 116
track:697, 857, 664, 152, 116
track:698, 855, 664, 152, 116
track:699, 854, 664, 152, 116
track:700, 853, 665, 152, 116
track:701, 853, 667, 152, 116
track:702, 853, 667, 152, 116
init :703, 858, 672, 147, 122
track:704, 857, 675, 147, 122
track:705, 857, 681, 147, 122
track:706, 855, 683, 147, 122
track:707, 855, 683, 147, 122
track:708, 855, 685, 147, 122
track:709, 855, 685, 147, 122
track:710, 854, 684, 147, 122
track:711, 855, 683, 147, 122
track:712, 855, 681, 147, 122
track:713, 854, 679, 147, 122
track:714, 854, 678, 147, 122
track:715, 850, 677, 154, 128
init :716, 853, 675, 147, 119
track:717, 853, 676, 147, 119
track:718, 855, 678, 147, 119
track:719, 854, 678, 147, 119
track:720, 855, 678, 147, 119
track:721, 855, 679, 147, 119
track:722, 856, 679, 147, 119
track:723, 856, 677, 147, 119
track:724, 856, 675, 147, 119
track:725, 857, 670, 147, 119
track:726, 857, 670, 147, 119
track:727, 857, 668, 147, 119
track:728, 855, 663, 154, 125
init :729, 853, 654, 152, 124
track:730, 853, 653, 152, 124
track:731, 853, 653, 152, 124
track:732, 854, 653, 152, 124
track:733, 850, 649, 160, 130
track:734, 855, 648, 152, 124
track:735, 856, 642, 152, 124
track:736, 856, 642, 152, 124
track:737, 856, 641, 152, 124
track:738, 855, 639, 152, 124
track:739, 851, 637, 160, 130
track:740, 853, 638, 160, 130
track:741, 854, 639, 160, 130
init :742, 853, 636, 161, 145
track:743, 851, 636, 161, 145
track:744, 851, 636, 161, 145
track:745, 851, 634, 161, 145
track:746, 851, 634, 161, 145
track:747, 852, 631, 161, 145
track:748, 852, 625, 161, 145
track:749, 852, 620, 161, 145
track:750, 850, 618, 161, 145
track:751, 849, 619, 161, 145
track:752, 848, 619, 161, 145
track:753, 850, 621, 161, 145
track:754, 853, 621, 161, 145
init :755, 853, 633, 161, 111
track:756, 853, 633, 161, 111
track:757, 854, 632, 161, 111
track:758, 849, 629, 169, 117
track:759, 848, 630, 169, 117
track:760, 853, 637, 161, 111
track:761, 853, 638, 161, 111
track:762, 855, 639, 161, 111
track:763, 856, 637, 161, 111
track:764, 858, 638, 161, 111
track:765, 857, 639, 161, 111
track:766, 861, 640, 153, 106
track:767, 859, 641, 153, 106
init :768, 863, 638, 147, 124
track:769, 860, 636, 154, 130
track:770, 863, 646, 154, 130
track:771, 863, 646, 154, 130
track:772, 868, 649, 147, 124
track:773, 869, 648, 147, 124
track:774, 869, 647, 147, 124
track:775, 869, 647, 147, 124
track:776, 870, 647, 147, 124
track:777, 871, 646, 147, 124
track:778, 870, 646, 147, 124
track:779, 872, 646, 147, 124
track:780, 872, 646, 147, 124
init :781, 881, 651, 133, 98
track:782, 881, 651, 133, 98
track:783, 880, 652, 133, 98
track:784, 880, 652, 133, 98
track:785, 879, 653, 133, 98
track:786, 879, 653, 133, 98
track:787, 878, 653, 133, 98
track:788, 881, 655, 127, 93
track:789, 881, 656, 127, 93
track:790, 880, 656, 127, 93
track:791, 880, 656, 127, 93
track:792, 879, 655, 127, 93
track:793, 879, 656, 127, 93
init :794, 876, 654, 133, 106
track:795, 877, 658, 133, 106
track:796, 877, 658, 133, 106
track:797, 876, 658, 133, 106
track:798, 877, 658, 133, 106
track:799, 876, 659, 133, 106
track:800, 877, 660, 133, 106
track:801, 877, 660, 133, 106
track:802, 876, 661, 133, 106
track:803, 876, 661, 133, 106
track:804, 877, 662, 133, 106
track:805, 875, 662, 133, 106
track:806, 874, 662, 133, 106
init :807, 872, 659, 138, 109
track:808, 871, 660, 138, 109
track:809, 872, 661, 138, 109
track:810, 873, 664, 138, 109
track:811, 873, 665, 138, 109
track:812, 872, 666, 138, 109
track:813, 870, 665, 138, 109
track:814, 869, 666, 138, 109
track:815, 868, 665, 138, 109
track:816, 867, 666, 138, 109
track:817, 867, 668, 138, 109
track:818, 867, 674, 138, 109
track:819, 867, 676, 138, 109
init :820, 858, 680, 147, 127
track:821, 858, 680, 147, 127
track:822, 857, 681, 147, 127
track:823, 857, 679, 147, 127
track:824, 857, 678, 147, 127
track:825, 855, 679, 147, 127
track:826, 855, 679, 147, 127
track:827, 851, 681, 154, 133
track:828, 851, 685, 154, 133
track:829, 852, 688, 154, 133
track:830, 850, 686, 162, 140
track:831, 850, 687, 162, 140
track:832, 851, 688, 162, 140
init :833, 844, 677, 175, 155
track:834, 839, 669, 184, 163
track:835, 839, 659, 184, 163
track:836, 840, 660, 184, 163
track:837, 839, 656, 184, 163
track:838, 837, 654, 184, 163
track:839, 836, 649, 184, 163
track:840, 834, 643, 184, 163
track:841, 834, 642, 184, 163
track:842, 831, 641, 184, 163
track:843, 827, 637, 184, 163
track:844, 826, 634, 184, 163
track:845, 822, 620, 184, 163
init :846, 826, 623, 184, 147
track:847, 825, 618, 184, 147
track:848, 826, 612, 184, 147
track:849, 825, 612, 184, 147
track:850, 825, 610, 184, 147
track:851, 827, 610, 184, 147
track:852, 830, 606, 184, 147
track:853, 828, 597, 193, 154
track:854, 831, 600, 193, 154
track:855, 831, 603, 193, 154
track:856, 830, 604, 193, 154
track:857, 829, 605, 193, 154
track:858, 826, 599, 203, 162
init :859, 830, 594, 198, 166
track:860, 830, 592, 198, 166
track:861, 830, 592, 198, 166
track:862, 830, 594, 198, 166
track:863, 832, 600, 198, 166
track:864, 832, 605, 198, 166
track:865, 832, 612, 198, 166
track:866, 832, 611, 198, 166
track:867, 832, 615, 198, 166
track:868, 833, 618, 198, 166
track:869, 834, 619, 198, 166
track:870, 834, 624, 198, 166
track:871, 834, 625, 198, 166
init :872, 849, 641, 166, 140
track:873, 850, 642, 166, 140
track:874, 850, 643, 166, 140
track:875, 851, 643, 166, 140
track:876, 851, 645, 166, 140
track:877, 857, 648, 158, 133
track:878, 858, 649, 158, 133
track:879, 860, 648, 158, 133
track:880, 860, 648, 158, 133
track:881, 859, 648, 158, 133
track:882, 859, 648, 158, 133
track:883, 861, 646, 158, 133
track:884, 864, 646, 158, 133
init :885, 872, 643, 138, 116
track:886, 872, 643, 138, 116
track:887, 875, 645, 138, 116
track:888, 875, 645, 138, 116
track:889, 875, 645, 138, 116
track:890, 877, 644, 138, 116
track:891, 877, 644, 138, 116
track:892, 879, 642, 138, 116
track:893, 879, 642, 138, 116
track:894, 880, 642, 138, 116
track:895, 881, 643, 138, 116
track:896, 882, 642, 138, 116
track:897, 881, 642, 138, 116
init :898, 881, 649, 124, 98
track:899, 880, 650, 124, 98
track:900, 880, 652, 124, 98
track:901, 880, 653, 124, 98
track:902, 879, 654, 124, 98
track:903, 878, 655, 124, 98
track:904, 878, 654, 124, 98
track:905, 878, 655, 124, 98
track:906, 878, 655, 124, 98
track:907, 868, 638, 118, 93
track:908, 861, 644, 112, 89
track:909, 861, 657, 107, 85
track:910, 864, 664, 102, 81
init :911, 803, 558, 290, 262
track:912, 797, 556, 304, 275
track:913, 797, 558, 304, 275
track:914, 798, 561, 304, 275
track:915, 799, 566, 304, 275
track:916, 806, 572, 290, 262
track:917, 800, 568, 304, 275
track:918, 807, 576, 290, 262
track:919, 814, 583, 276, 250
track:920, 805, 578, 290, 262
track:921, 804, 578, 290, 262
track:922, 801, 577, 290, 262
track:923, 795, 575, 290, 262
init :924, 789, 584, 295, 249
track:925, 784, 583, 295, 249
track:926, 783, 582, 295, 249
track:927, 781, 583, 295, 249
track:928, 775, 583, 295, 249
track:929, 771, 583, 295, 249
track:930, 767, 582, 295, 249
track:931, 767, 581, 295, 249
track:932, 765, 581, 295, 249
track:933, 765, 576, 295, 249
track:934, 771, 582, 281, 237
track:935, 771, 578, 281, 237
track:936, 771, 577, 281, 237
init :937, 775, 565, 313, 249
track:938, 775, 565, 313, 249
track:939, 777, 565, 313, 249
track:940, 779, 563, 313, 249
track:941, 788, 570, 298, 237
track:942, 781, 562, 313, 249
track:943, 780, 561, 313, 249
track:944, 779, 560, 313, 249
track:945, 779, 560, 313, 249
track:946, 780, 559, 313, 249
track:947, 775, 561, 313, 249
track:948, 772, 561, 313, 249
track:949, 767, 563, 313, 249
init :950, 752, 571, 360, 236
track:951, 752, 571, 360, 236
track:952, 752, 572, 360, 236
track:953, 760, 577, 343, 225
track:954, 760, 581, 343, 225
track:955, 752, 577, 360, 236
track:956, 750, 578, 360, 236
track:957, 750, 579, 360, 236
track:958, 749, 579, 360, 236
track:959, 751, 581, 360, 236
track:960, 752, 581, 360, 236
track:961, 749, 581, 360, 236
track:962, 747, 583, 360, 236
init :963, 738, 586, 392, 236
track:964, 735, 587, 392, 236
track:965, 734, 587, 392, 236
track:966, 733, 588, 392, 236
track:967, 730, 590, 392, 236
track:968, 729, 589, 392, 236
track:969, 726, 590, 392, 236
track:970, 724, 590, 392, 236
track:971, 720, 590, 392, 236
track:972, 714, 592, 392, 236
track:973, 712, 592, 392, 236
track:974, 709, 591, 392, 236
track:975, 711, 591, 392, 236
init :976, 696, 584, 447, 246
track:977, 696, 584, 447, 246
track:978, 696, 585, 447, 246
track:979, 695, 586, 447, 246
track:980, 695, 586, 447, 246
track:981, 695, 586, 447, 246
track:982, 693, 587, 447, 246
track:983, 694, 588, 447, 246
track:984, 696, 591, 447, 246
track:985, 694, 591, 447, 246
track:986, 694, 592, 447, 246
track:987, 696, 592, 447, 246
track:988, 697, 589, 447, 246
init :989, 696, 586, 507, 249
track:990, 696, 586, 507, 249
track:991, 696, 586, 507, 249
track:992, 695, 586, 507, 249
track:993, 696, 587, 507, 249
track:994, 697, 584, 507, 249
track:995, 682, 578, 532, 261
track:996, 684, 577, 532, 261
track:997, 690, 574, 532, 261
track:998, 691, 572, 532, 261
track:999, 708, 576, 507, 249
track:1000, 696, 570, 532, 261
track:1001, 702, 570, 532, 261
init :1002, 738, 581, 498, 223
track:1003, 741, 580, 498, 223
track:1004, 743, 575, 498, 223
track:1005, 746, 575, 498, 223
track:1006, 745, 574, 498, 223
track:1007, 744, 572, 498, 223
track:1008, 747, 568, 498, 223
track:1009, 743, 568, 498, 223
track:1010, 741, 565, 498, 223
track:1011, 743, 566, 498, 223
track:1012, 756, 569, 474, 212
track:1013, 753, 569, 474, 212
track:1014, 747, 569, 474, 212
init :1015, 761, 576, 470, 189
track:1016, 757, 575, 470, 189
track:1017, 752, 577, 470, 189
track:1018, 748, 577, 470, 189
track:1019, 756, 581, 448, 180
track:1020, 755, 580, 448, 180
track:1021, 754, 580, 448, 180
track:1022, 762, 582, 426, 171
track:1023, 760, 582, 426, 171
track:1024, 758, 581, 426, 171
track:1025, 758, 580, 426, 171
track:1026, 758, 579, 426, 171
track:1027, 746, 575, 448, 180
init :1028, 747, 581, 456, 168
track:1029, 745, 582, 456, 168
track:1030, 745, 582, 456, 168
track:1031, 742, 582, 456, 168
track:1032, 737, 582, 456, 168
track:1033, 733, 584, 456, 168
track:1034, 731, 584, 456, 168
track:1035, 732, 586, 456, 168
track:1036, 730, 586, 456, 168
track:1037, 738, 593, 434, 160
track:1038, 726, 593, 456, 168
track:1039, 726, 595, 456, 168
track:1040, 735, 600, 434, 160
init :1041, 738, 607, 438, 150
track:1042, 736, 606, 438, 150
track:1043, 724, 604, 460, 158
track:1044, 725, 607, 460, 158
track:1045, 736, 610, 438, 150
track:1046, 745, 615, 417, 143
track:1047, 746, 615, 417, 143
track:1048, 749, 615, 417, 143
track:1049, 744, 612, 438, 150
track:1050, 744, 612, 438, 150
track:1051, 748, 608, 438, 150
track:1052, 755, 606, 438, 150
track:1053, 752, 603, 460, 158
init :1054, 784, 610, 443, 140
track:1055, 784, 610, 443, 140
track:1056, 775, 605, 465, 147
track:1057, 781, 606, 465, 147
track:1058, 785, 608, 465, 147
track:1059, 787, 608, 465, 147
track:1060, 787, 609, 465, 147
track:1061, 785, 610, 465, 147
track:1062, 785, 610, 465, 147
track:1063, 791, 614, 443, 140
track:1064, 786, 615, 443, 140
track:1065, 784, 615, 443, 140
track:1066, 780, 616, 443, 140
init :1067, 775, 617, 443, 132
track:1068, 770, 616, 443, 132
track:1069, 748, 614, 465, 139
track:1070, 746, 614, 465, 139
track:1071, 745, 613, 465, 139
track:1072, 715, 609, 488, 146
track:1073, 717, 613, 465, 139
track:1074, 696, 610, 488, 146
track:1075, 694, 610, 488, 146
track:1076, 681, 609, 488, 146
track:1077, 677, 611, 488, 146
track:1078, 661, 609, 488, 146
track:1079, 652, 613, 488, 146
init :1080, 687, 625, 433, 129
track:1081, 680, 624, 433, 129
track:1082, 679, 625, 433, 129
track:1083, 676, 625, 433, 129
track:1084, 674, 626, 433, 129
track:1085, 671, 626, 433, 129
track:1086, 672, 627, 433, 129
track:1087, 668, 626, 433, 129
track:1088, 671, 625, 433, 129
track:1089, 669, 625, 433, 129
track:1090, 668, 625, 433, 129
track:1091, 677, 629, 412, 123
track:1092, 672, 627, 433, 129
init :1093, 673, 628, 456, 140
track:1094, 673, 628, 456, 140
track:1095, 673, 628, 456, 140
track:1096, 675, 629, 456, 140
track:1097, 679, 629, 456, 140
track:1098, 680, 631, 456, 140
track:1099, 681, 631, 456, 140
track:1100, 683, 631, 456, 140
track:1101, 672, 627, 479, 147
track:1102, 684, 629, 456, 140
track:1103, 680, 629, 456, 140
track:1104, 685, 629, 456, 140
track:1105, 683, 631, 456, 140
init :1106, 701, 628, 456, 166
track:1107, 701, 628, 456, 166
track:1108, 699, 629, 456, 166
track:1109, 695, 631, 456, 166
track:1110, 694, 632, 456, 166
track:1111, 690, 634, 456, 166
track:1112, 685, 634, 456, 166
track:1113, 680, 635, 456, 166
track:1114, 693, 641, 434, 158
track:1115, 680, 637, 456, 166
track:1116, 673, 637, 456, 166
track:1117, 667, 636, 456, 166
track:1118, 679, 641, 434, 158
init :1119, 701, 630, 406, 181
track:1120, 701, 630, 406, 181
track:1121, 698, 631, 406, 181
track:1122, 695, 633, 406, 181
track:1123, 699, 633, 406, 181
track:1124, 684, 628, 426, 190
track:1125, 681, 629, 426, 190
track:1126, 682, 630, 426, 190
track:1127, 680, 627, 426, 190
track:1128, 692, 630, 406, 181
track:1129, 698, 632, 406, 181
track:1130, 714, 635, 387, 172
track:1131, 718, 636, 387, 172
init :1132, 789, 628, 295, 179
track:1133, 790, 626, 295, 179
track:1134, 792, 625, 295, 179
track:1135, 798, 630, 281, 170
track:1136, 799, 630, 281, 170
track:1137, 806, 633, 268, 162
track:1138, 802, 633, 268, 162
track:1139, 795, 633, 268, 162
track:1140, 794, 632, 268, 162
track:1141, 777, 628, 281, 170
track:1142, 778, 633, 268, 162
track:1143, 776, 638, 255, 155
track:1144, 766, 642, 255, 155
init :1145, 821, 630, 203, 184
track:1146, 815, 630, 203, 184
track:1147, 808, 631, 203, 184
track:1148, 798, 631, 203, 184
track:1149, 790, 632, 203, 184
track:1150, 789, 632, 203, 184
track:1151, 785, 632, 203, 184
track:1152, 783, 633, 203, 184
track:1153, 781, 633, 203, 184
track:1154, 778, 633, 203, 184
track:1155, 782, 633, 203, 184
track:1156, 787, 636, 203, 184
track:1157, 793, 644, 193, 175
init :1158, 780, 638, 253, 173
track:1159, 785, 638, 253, 173
track:1160, 786, 636, 253, 173
track:1161, 787, 636, 253, 173
track:1162, 789, 636, 253, 173
track:1163, 791, 635, 253, 173
track:1164, 797, 639, 241, 165
track:1165, 797, 639, 241, 165
track:1166, 791, 640, 241, 165
track:1167, 784, 643, 241, 165
track:1168, 788, 647, 229, 157
track:1169, 777, 646, 229, 157
track:1170, 777, 648, 229, 157
init :1171, 761, 638, 346, 168
track:1172, 761, 639, 346, 168
track:1173, 761, 639, 346, 168
track:1174, 762, 639, 346, 168
track:1175, 763, 639, 346, 168
track:1176, 766, 636, 346, 168
track:1177, 767, 636, 346, 168
track:1178, 765, 636, 346, 168
track:1179, 763, 633, 346, 168
track:1180, 768, 631, 346, 168
track:1181, 765, 631, 346, 168
track:1182, 766, 628, 346, 168
track:1183, 761, 627, 346, 168
init :1184, 775, 638, 392, 140
track:1185, 775, 638, 392, 140
track:1186, 776, 638, 392, 140
track:1187, 780, 637, 392, 140
track:1188, 780, 636, 392, 140
track:1189, 788, 636, 392, 140
track:1190, 787, 636, 392, 140
track:1191, 778, 629, 412, 147
track:1192, 776, 627, 412, 147
track:1193, 773, 625, 412, 147
track:1194, 769, 623, 412, 147
track:1195, 782, 624, 392, 140
track:1196, 791, 628, 373, 133
init :1197, 793, 630, 373, 111
track:1198, 791, 630, 373, 111
track:1199, 796, 632, 355, 106
track:1200, 788, 630, 373, 111
track:1201, 787, 629, 373, 111
track:1202, 788, 628, 373, 111
track:1203, 799, 631, 355, 106
track:1204, 802, 630, 355, 106
track:1205, 804, 630, 355, 106
track:1206, 808, 629, 355, 106
track:1207, 810, 630, 355, 106
track:1208, 820, 633, 338, 101
track:1209, 821, 633, 338, 101
init :1210, 853, 636, 341, 101
track:1211, 855, 636, 341, 101
track:1212, 863, 639, 325, 96
track:1213, 856, 637, 341, 101
track:1214, 866, 641, 325, 96
track:1215, 865, 641, 325, 96
track:1216, 868, 642, 325, 96
track:1217, 866, 643, 325, 96
track:1218, 872, 646, 309, 92
track:1219, 871, 645, 309, 92
track:1220, 870, 647, 309, 92
track:1221, 868, 648, 309, 92
track:1222, 875, 651, 295, 87
init :1223, 886, 654, 300, 96
track:1224, 886, 654, 300, 96
track:1225, 894, 657, 286, 91
track:1226, 894, 658, 286, 91
track:1227, 893, 658, 286, 91
track:1228, 892, 659, 286, 91
track:1229, 891, 659, 286, 91
track:1230, 891, 660, 286, 91
track:1231, 891, 660, 286, 91
track:1232, 898, 662, 272, 87
track:1233, 901, 665, 259, 83
track:1234, 900, 665, 259, 83
track:1235, 899, 667, 259, 83
init :1236, 918, 667, 240, 96
track:1237, 923, 669, 229, 91
track:1238, 916, 667, 240, 96
track:1239, 915, 667, 240, 96
track:1240, 913, 666, 240, 96
track:1241, 912, 667, 240, 96
track:1242, 917, 669, 229, 91
track:1243, 920, 671, 218, 87
track:1244, 919, 672, 218, 87
track:1245, 919, 672, 218, 87
track:1246, 920, 674, 218, 87
track:1247, 907, 673, 218, 87
track:1248, 908, 673, 218, 87
init :1249, 950, 669, 170, 93
track:1250, 947, 669, 170, 93
track:1251, 943, 667, 170, 93
track:1252, 936, 666, 170, 93
track:1253, 932, 665, 170, 93
track:1254, 934, 666, 162, 89
track:1255, 932, 667, 154, 84
track:1256, 924, 665, 154, 84
track:1257, 918, 663, 154, 84
track:1258, 919, 664, 147, 80
track:1259, 923, 665, 140, 77
track:1260, 911, 660, 147, 80
track:1261, 910, 658, 147, 80
init :1262, 950, 602, 50, 25
track:1263, 977, 602, 50, 25
track:1264, 978, 603, 50, 25
track:1265, 994, 602, 50, 25
track:1266, 979, 603, 50, 25
track:1267, 980, 605, 48, 24
track:1268, 973, 605, 45, 23
track:1269, 973, 605, 43, 22
track:1270, 970, 606, 45, 23
track:1271, 968, 604, 45, 23
track:1272, 965, 607, 45, 23
track:1273, 959, 610, 45, 23
track:1274, 960, 611, 45, 23
init :1275, 927, 656, 120, 77
track:1276, 923, 657, 120, 77
track:1277, 917, 655, 126, 81
track:1278, 911, 657, 120, 77
track:1279, 912, 658, 120, 77
track:1280, 905, 658, 120, 77
track:1281, 897, 658, 120, 77
track:1282, 890, 659, 120, 77
track:1283, 889, 659, 120, 77
track:1284, 887, 659, 120, 77
track:1285, 878, 660, 120, 77
track:1286, 874, 658, 120, 77
track:1287, 872, 658, 120, 77
init :1288, 872, 659, 143, 72
track:1289, 872, 659, 143, 72
track:1290, 872, 660, 143, 72
track:1291, 869, 660, 143, 72
track:1292, 868, 660, 143, 72
track:1293, 866, 660, 143, 72
track:1294, 866, 659, 143, 72
track:1295, 865, 659, 143, 72
track:1296, 861, 657, 150, 76
track:1297, 861, 657, 150, 76
track:1298, 862, 657, 150, 76
track:1299, 861, 657, 150, 76
track:1300, 861, 658, 150, 76
init :1301, 863, 662, 152, 64
track:1302, 864, 662, 152, 64
track:1303, 863, 662, 152, 64
track:1304, 863, 662, 152, 64
track:1305, 864, 662, 152, 64
track:1306, 866, 662, 152, 64
track:1307, 866, 663, 152, 64
track:1308, 866, 664, 152, 64
track:1309, 867, 664, 152, 64
track:1310, 868, 663, 152, 64
track:1311, 869, 665, 152, 64
track:1312, 869, 664, 152, 64
track:1313, 868, 665, 152, 64
init :1314, 867, 667, 161, 57
track:1315, 866, 667, 161, 57
track:1316, 865, 668, 161, 57
track:1317, 863, 669, 161, 57
track:1318, 861, 669, 161, 57
track:1319, 861, 668, 161, 57
track:1320, 863, 670, 153, 54
track:1321, 862, 670, 153, 54
track:1322, 864, 670, 153, 54
track:1323, 865, 671, 153, 54
track:1324, 862, 670, 161, 57
track:1325, 862, 671, 161, 57
track:1326, 869, 674, 153, 54
init :1327, 867, 675, 170, 57
track:1328, 868, 675, 170, 57
track:1329, 869, 675, 170, 57
track:1330, 869, 675, 170, 57
track:1331, 870, 676, 170, 57
track:1332, 866, 676, 170, 57
track:1333, 860, 676, 170, 57
track:1334, 859, 675, 170, 57
track:1335, 857, 676, 170, 57
track:1336, 852, 676, 170, 57
track:1337, 847, 676, 170, 57
track:1338, 841, 675, 178, 60
track:1339, 840, 675, 178, 60
init :1340, 844, 677, 175, 51
track:1341, 843, 677, 175, 51
track:1342, 842, 677, 175, 51
track:1343, 841, 677, 175, 51
track:1344, 842, 677, 175, 51
track:1345, 841, 677, 175, 51
track:1346, 843, 678, 175, 51
track:1347, 843, 678, 175, 51
track:1348, 842, 678, 175, 51
track:1349, 842, 678, 175, 51
track:1350, 841, 679, 175, 51
track:1351, 840, 679, 175, 51
track:1352, 840, 679, 175, 51
init :1353, 844, 682, 175, 49
track:1354, 844, 682, 175, 49
track:1355, 844, 682, 175, 49
track:1356, 844, 683, 175, 49
track:1357, 845, 683, 175, 49
track:1358, 846, 683, 175, 49
track:1359, 849, 684, 167, 47
track:1360, 849, 684, 167, 47
track:1361, 848, 684, 167, 47
track:1362, 849, 685, 167, 47
track:1363, 851, 686, 167, 47
track:1364, 850, 686, 167, 47
track:1365, 850, 686, 167, 47
init :1366, 849, 687, 180, 54
track:1367, 849, 687, 180, 54
track:1368, 847, 688, 180, 54
track:1369, 847, 688, 180, 54
track:1370, 843, 687, 189, 57
track:1371, 847, 689, 180, 54
track:1372, 846, 690, 180, 54
track:1373, 844, 692, 180, 54
track:1374, 843, 692, 180, 54
track:1375, 836, 690, 189, 57
track:1376, 834, 691, 189, 57
track:1377, 833, 690, 189, 57
track:1378, 832, 692, 189, 57
init :1379, 830, 693, 189, 62
track:1380, 825, 693, 189, 62
track:1381, 817, 692, 198, 65
track:1382, 815, 694, 198, 65
track:1383, 808, 693, 208, 68
track:1384, 811, 695, 198, 65
track:1385, 810, 696, 198, 65
track:1386, 811, 698, 198, 65
track:1387, 817, 700, 189, 62
track:1388, 819, 701, 189, 62
track:1389, 820, 701, 189, 62
track:1390, 819, 700, 198, 65
track:1391, 821, 702, 198, 65
init :1392, 830, 706, 198, 59
track:1393, 831, 707, 198, 59
track:1394, 833, 707, 198, 59
track:1395, 835, 707, 198, 59
track:1396, 835, 708, 198, 59
track:1397, 835, 708, 198, 59
track:1398, 831, 708, 208, 62
track:1399, 830, 709, 208, 62
track:1400, 831, 710, 198, 59
track:1401, 822, 710, 208, 62
track:1402, 818, 711, 208, 62
track:1403, 809, 710, 218, 65
track:1404, 808, 710, 218, 65
init :1405, 807, 713, 216, 70
track:1406, 805, 713, 216, 70
track:1407, 802, 713, 216, 70
track:1408, 800, 713, 216, 70
track:1409, 799, 713, 216, 70
track:1410, 797, 714, 216, 70
track:1411, 802, 716, 206, 67
track:1412, 803, 716, 206, 67
track:1413, 803, 716, 206, 67
track:1414, 804, 717, 206, 67
track:1415, 801, 715, 216, 70
track:1416, 796, 715, 227, 74
track:1417, 796, 716, 227, 74
init :1418, 789, 719, 244, 77
track:1419, 789, 719, 244, 77
track:1420, 787, 720, 244, 77
track:1421, 786, 720, 244, 77
track:1422, 792, 723, 232, 73
track:1423, 793, 723, 232, 73
track:1424, 786, 722, 244, 77
track:1425, 780, 721, 256, 81
track:1426, 780, 721, 256, 81
track:1427, 780, 721, 256, 81
track:1428, 786, 724, 244, 77
track:1429, 786, 724, 244, 77
track:1430, 787, 725, 244, 77
init :1431, 789, 719, 249, 98
track:1432, 793, 720, 237, 93
track:1433, 793, 721, 237, 93
track:1434, 793, 721, 237, 93
track:1435, 790, 723, 237, 93
track:1436, 788, 724, 237, 93
track:1437, 786, 725, 237, 93
track:1438, 781, 724, 249, 98
track:1439, 786, 727, 237, 93
track:1440, 785, 729, 237, 93
track:1441, 782, 730, 237, 93
track:1442, 783, 732, 226, 89
track:1443, 778, 732, 226, 89
init :1444, 780, 721, 240, 114
track:1445, 775, 720, 240, 114
track:1446, 772, 721, 240, 114
track:1447, 768, 720, 240, 114
track:1448, 766, 719, 240, 114
track:1449, 760, 716, 252, 120
track:1450, 759, 715, 252, 120
track:1451, 761, 714, 252, 120
track:1452, 760, 714, 252, 120
track:1453, 769, 715, 252, 120
track:1454, 769, 716, 252, 120
track:1455, 774, 717, 252, 120
track:1456, 780, 716, 252, 120
init :1457, 807, 711, 226, 140
track:1458, 810, 711, 226, 140
track:1459, 810, 712, 226, 140
track:1460, 813, 712, 226, 140
track:1461, 816, 712, 226, 140
track:1462, 819, 714, 226, 140
track:1463, 824, 718, 215, 133
track:1464, 824, 718, 215, 133
track:1465, 827, 717, 215, 133
track:1466, 827, 719, 215, 133
track:1467, 823, 719, 215, 133
track:1468, 822, 718, 215, 133
track:1469, 821, 718, 215, 133
init :1470, 853, 693, 166, 163
track:1471, 854, 692, 166, 163
track:1472, 851, 689, 166, 163
track:1473, 849, 688, 166, 163
track:1474, 845, 685, 166, 163
track:1475, 842, 682, 166, 163
track:1476, 841, 681, 166, 163
track:1477, 843, 680, 166, 163
track:1478, 843, 679, 166, 163
track:1479, 843, 678, 166, 163
track:1480, 844, 673, 166, 163
track:1481, 844, 670, 166, 163
track:1482, 847, 669, 166, 163
init :1483, 853, 662, 198, 163
track:1484, 863, 665, 189, 155
track:1485, 867, 665, 189, 155
track:1486, 871, 663, 189, 155
track:1487, 877, 661, 189, 155
track:1488, 877, 661, 189, 155
track:1489, 880, 660, 189, 155
track:1490, 880, 658, 189, 155
track:1491, 882, 656, 189, 155
track:1492, 884, 653, 189, 155
track:1493, 883, 652, 189, 155
track:1494, 887, 654, 180, 148
track:1495, 884, 653, 171, 141
init :1496, 858, 649, 290, 145
track:1497, 856, 647, 290, 145
track:1498, 856, 647, 290, 145
track:1499, 849, 642, 304, 152
track:1500, 840, 638, 304, 152
track:1501, 833, 634, 304, 152
track:1502, 830, 628, 304, 152
track:1503, 834, 630, 290, 145
track:1504, 839, 631, 276, 138
track:1505, 831, 625, 290, 145
track:1506, 831, 623, 290, 145
track:1507, 823, 617, 290, 145
track:1508, 828, 616, 290, 145
init :1509, 826, 625, 309, 119
track:1510, 824, 623, 309, 119
track:1511, 817, 616, 324, 125
track:1512, 813, 614, 324, 125
track:1513, 808, 613, 324, 125
track:1514, 788, 612, 324, 125
track:1515, 767, 612, 324, 125
track:1516, 751, 616, 309, 119
track:1517, 726, 617, 309, 119
track:1518, 733, 620, 294, 113
track:1519, 715, 622, 280, 108
track:1520, 693, 622, 280, 108
track:1521, 671, 621, 280, 108
init :1522, 669, 628, 272, 98
track:1523, 669, 628, 272, 98
track:1524, 664, 628, 272, 98
track:1525, 660, 629, 272, 98
track:1526, 668, 632, 259, 93
track:1527, 671, 631, 259, 93
track:1528, 674, 632, 259, 93
track:1529, 699, 630, 259, 93
track:1530, 726, 632, 247, 89
track:1531, 749, 631, 247, 89
track:1532, 782, 633, 235, 85
track:1533, 783, 633, 235, 85
track:1534, 807, 633, 235, 85
init :1535, 840, 633, 240, 83
track:1536, 862, 633, 240, 83
track:1537, 887, 636, 229, 79
track:1538, 886, 636, 229, 79
track:1539, 896, 639, 229, 79
track:1540, 903, 639, 229, 79
track:1541, 912, 642, 218, 75
track:1542, 918, 644, 207, 72
track:1543, 919, 644, 207, 72
track:1544, 919, 645, 207, 72
track:1545, 914, 646, 207, 72
track:1546, 913, 647, 207, 72
track:1547, 897, 649, 207, 72
init :1548, 895, 654, 226, 72
track:1549, 892, 655, 226, 72
track:1550, 879, 657, 215, 69
track:1551, 878, 658, 215, 69
track:1552, 870, 659, 215, 69
track:1553, 869, 659, 215, 69
track:1554, 867, 661, 215, 69
track:1555, 866, 661, 215, 69
track:1556, 864, 662, 215, 69
track:1557, 867, 663, 215, 69
track:1558, 867, 664, 215, 69
track:1559, 874, 666, 205, 65
track:1560, 884, 668, 195, 62
init :1561, 900, 667, 189, 70
track:1562, 900, 668, 189, 70
track:1563, 901, 669, 189, 70
track:1564, 902, 669, 189, 70
track:1565, 903, 669, 189, 70
track:1566, 907, 670, 180, 67
track:1567, 906, 671, 180, 67
track:1568, 906, 671, 180, 67
track:1569, 909, 672, 171, 63
track:1570, 907, 673, 171, 63
track:1571, 907, 674, 163, 60
track:1572, 905, 675, 163, 60
track:1573, 905, 675, 163, 60
init :1574, 913, 672, 156, 75
track:1575, 911, 672, 156, 75
track:1576, 907, 673, 156, 75
track:1577, 906, 673, 156, 75
track:1578, 904, 673, 156, 75
track:1579, 905, 676, 149, 71
track:1580, 904, 678, 141, 68
track:1581, 900, 679, 141, 68
track:1582, 900, 680, 141, 68
track:1583, 897, 679, 141, 68
track:1584, 896, 678, 141, 68
track:1585, 893, 679, 141, 68
track:1586, 897, 681, 135, 65
init :1587, 904, 677, 133, 72
track:1588, 904, 677, 133, 72
track:1589, 902, 676, 140, 76
track:1590, 905, 678, 133, 72
track:1591, 908, 680, 127, 69
track:1592, 907, 681, 127, 69
track:1593, 907, 681, 127, 69
track:1594, 905, 682, 127, 69
track:1595, 904, 682, 127, 69
track:1596, 901, 682, 127, 69
track:1599, 903, 684, 121, 65
init :1600, 913, 682, 96, 70
track:1601, 912, 681, 96, 70
track:1602, 911, 682, 96, 70
track:1603, 911, 682, 96, 70
track:1604, 908, 682, 96, 70
track:1605, 905, 681, 96, 70
track:1606, 903, 682, 96, 70
track:1607, 900, 682, 96, 70
track:1608, 900, 682, 96, 70
elapseTime: 19.889
