init :7, 821, 630, 235, 197
track:8, 821, 630, 235, 197
track:9, 822, 630, 235, 197
track:10, 821, 631, 235, 197
track:11, 823, 630, 235, 197
track:12, 823, 630, 235, 197
track:13, 824, 630, 235, 197
track:14, 824, 630, 235, 197
track:15, 824, 630, 235, 197
track:16, 825, 630, 235, 197
track:17, 826, 630, 235, 197
track:18, 825, 630, 235, 197
track:19, 825, 629, 235, 197
track:20, 821, 626, 247, 207
track:21, 820, 626, 247, 207
track:22, 827, 631, 235, 197
track:23, 828, 631, 235, 197
track:24, 827, 631, 235, 197
track:25, 828, 630, 235, 197
track:26, 829, 631, 235, 197
track:27, 829, 631, 235, 197
track:28, 829, 631, 235, 197
track:29, 829, 630, 235, 197
track:30, 829, 630, 235, 197
track:31, 830, 629, 235, 197
track:32, 831, 631, 235, 197
track:33, 829, 630, 235, 197
track:34, 830, 631, 235, 197
init :35, 821, 633, 244, 194
track:36, 821, 633, 244, 194
track:37, 820, 633, 244, 194
track:38, 822, 633, 244, 194
track:39, 821, 633, 244, 194
track:40, 821, 633, 244, 194
track:41, 822, 633, 244, 194
track:42, 822, 633, 244, 194
track:43, 822, 633, 244, 194
track:44, 821, 633, 244, 194
track:45, 821, 632, 244, 194
track:46, 821, 633, 244, 194
track:48, 822, 633, 244, 194
track:49, 823, 632, 244, 194
track:50, 823, 632, 244, 194
track:51, 824, 632, 244, 194
track:52, 823, 632, 244, 194
track:53, 823, 632, 244, 194
track:54, 822, 632, 244, 194
track:55, 822, 632, 244, 194
track:56, 823, 631, 244, 194
track:57, 823, 631, 244, 194
track:58, 823, 631, 244, 194
track:59, 823, 632, 244, 194
track:60, 823, 632, 244, 194
track:61, 822, 632, 244, 194
track:62, 822, 632, 244, 194
track:63, 822, 631, 244, 194
track:64, 822, 631, 244, 194
track:65, 821, 631, 244, 194
track:66, 820, 631, 244, 194
track:67, 820, 631, 244, 194
track:68, 819, 631, 244, 194
init :69, 826, 630, 235, 197
track:70, 825, 630, 235, 197
track:71, 826, 631, 235, 197
track:72, 824, 631, 235, 197
track:73, 825, 630, 235, 197
track:74, 826, 631, 235, 197
track:75, 823, 631, 235, 197
track:76, 825, 631, 235, 197
track:77, 825, 630, 235, 197
track:78, 825, 631, 235, 197
track:79, 825, 631, 235, 197
track:80, 825, 631, 235, 197
track:81, 825, 630, 235, 197
track:82, 825, 631, 235, 197
track:83, 824, 631, 235, 197
track:84, 825, 630, 235, 197
track:85, 825, 631, 235, 197
track:86, 824, 631, 235, 197
track:87, 824, 631, 235, 197
track:88, 825, 631, 235, 197
track:89, 824, 631, 235, 197
track:90, 825, 631, 235, 197
track:91, 825, 632, 235, 197
track:92, 826, 631, 235, 197
track:93, 824, 632, 235, 197
track:94, 825, 631, 235, 197
track:95, 826, 631, 235, 197
track:96, 825, 631, 235, 197
track:97, 827, 631, 235, 197
track:98, 827, 630, 235, 197
track:99, 829, 630, 235, 197
track:100, 827, 630, 235, 197
track:101, 827, 630, 235, 197
track:102, 829, 628, 235, 197
init :103, 835, 628, 230, 199
track:104, 835, 628, 230, 199
track:105, 837, 627, 230, 199
track:106, 837, 627, 230, 199
track:107, 839, 625, 230, 199
track:108, 843, 629, 219, 190
track:109, 843, 628, 219, 190
track:110, 843, 626, 219, 190
track:111, 844, 624, 219, 190
track:112, 845, 622, 219, 190
track:113, 845, 621, 219, 190
track:114, 845, 621, 219, 190
track:115, 845, 618, 219, 190
track:116, 848, 616, 219, 190
track:117, 847, 614, 219, 190
track:120, 850, 612, 219, 190
track:121, 852, 609, 219, 190
track:122, 851, 608, 219, 190
track:123, 856, 611, 209, 180
track:124, 856, 611, 209, 180
track:125, 855, 608, 209, 180
track:126, 852, 605, 209, 180
track:127, 851, 603, 209, 180
track:128, 849, 603, 209, 180
track:129, 851, 603, 209, 180
track:130, 856, 608, 199, 172
track:131, 861, 612, 189, 164
track:132, 862, 616, 189, 164
track:133, 864, 618, 189, 164
track:134, 865, 619, 189, 164
track:135, 864, 620, 189, 164
track:136, 865, 622, 189, 164
init :137, 863, 620, 175, 158
track:138, 860, 616, 184, 166
track:139, 860, 616, 184, 166
track:140, 860, 617, 184, 166
track:141, 858, 617, 184, 166
track:142, 856, 618, 184, 166
track:143, 859, 623, 175, 158
track:144, 861, 623, 175, 158
track:145, 856, 626, 175, 158
track:146, 855, 627, 175, 158
track:147, 855, 627, 175, 158
track:148, 853, 625, 184, 166
track:149, 853, 626, 184, 166
track:150, 857, 633, 175, 158
track:151, 858, 637, 175, 158
track:152, 859, 639, 175, 158
track:153, 859, 641, 175, 158
track:154, 854, 638, 184, 166
track:155, 854, 640, 184, 166
track:156, 854, 640, 184, 166
track:157, 856, 641, 184, 166
track:158, 858, 642, 184, 166
track:159, 857, 642, 184, 166
track:160, 860, 646, 175, 158
track:161, 858, 647, 175, 158
track:162, 855, 647, 175, 158
track:163, 855, 647, 175, 158
track:164, 855, 647, 175, 158
track:165, 855, 648, 175, 158
track:166, 859, 651, 167, 150
track:167, 859, 651, 167, 150
track:168, 860, 651, 167, 150
track:169, 860, 650, 167, 150
track:170, 860, 650, 167, 150
init :171, 867, 659, 161, 147
track:172, 867, 658, 161, 147
track:173, 867, 659, 161, 147
track:174, 867, 658, 161, 147
track:175, 864, 659, 161, 147
track:176, 863, 660, 161, 147
track:177, 863, 659, 161, 147
track:178, 865, 660, 161, 147
track:179, 865, 660, 161, 147
track:180, 867, 662, 161, 147
track:181, 867, 664, 161, 147
track:182, 868, 665, 161, 147
track:183, 870, 669, 161, 147
track:184, 870, 669, 161, 147
track:185, 871, 670, 161, 147
track:186, 870, 670, 161, 147
track:187, 867, 663, 161, 147
track:188, 862, 660, 161, 147
track:189, 861, 659, 161, 147
track:190, 859, 659, 161, 147
track:191, 858, 656, 161, 147
track:192, 857, 651, 161, 147
track:193, 856, 650, 161, 147
track:194, 857, 649, 161, 147
track:195, 859, 649, 161, 147
track:196, 861, 646, 161, 147
track:197, 859, 646, 161, 147
track:198, 858, 645, 161, 147
track:199, 857, 646, 161, 147
track:200, 855, 648, 161, 147
track:201, 854, 647, 161, 147
track:202, 851, 646, 161, 147
track:203, 852, 642, 161, 147
track:204, 853, 642, 161, 147
init :205, 858, 633, 156, 135
track:206, 859, 633, 156, 135
track:207, 856, 631, 156, 135
track:208, 857, 632, 156, 135
track:209, 855, 630, 156, 135
track:210, 853, 627, 156, 135
track:211, 853, 626, 156, 135
track:212, 855, 626, 149, 129
track:213, 855, 626, 149, 129
track:214, 856, 625, 149, 129
track:215, 856, 624, 149, 129
track:216, 856, 623, 149, 129
track:217, 856, 624, 149, 129
track:218, 855, 625, 149, 129
track:219, 856, 625, 149, 129
track:220, 855, 629, 149, 129
track:221, 855, 631, 149, 129
track:222, 855, 631, 149, 129
track:223, 857, 635, 141, 122
track:224, 857, 638, 141, 122
track:225, 857, 639, 141, 122
track:226, 857, 639, 141, 122
track:227, 857, 639, 141, 122
track:228, 857, 640, 141, 122
track:229, 856, 640, 141, 122
track:230, 860, 643, 135, 117
track:231, 860, 642, 135, 117
track:232, 859, 639, 135, 117
track:233, 859, 639, 135, 117
track:234, 858, 638, 135, 117
track:235, 859, 638, 135, 117
track:236, 859, 637, 135, 117
track:237, 861, 637, 135, 117
track:238, 861, 637, 135, 117
init :239, 863, 649, 124, 103
track:240, 864, 651, 124, 103
track:241, 865, 652, 124, 103
track:242, 868, 655, 118, 98
track:243, 867, 655, 118, 98
track:244, 867, 655, 118, 98
track:245, 868, 656, 118, 98
track:246, 867, 656, 118, 98
track:247, 867, 656, 118, 98
track:248, 868, 657, 118, 98
track:249, 868, 658, 118, 98
track:250, 868, 659, 118, 98
track:251, 868, 661, 118, 98
track:252, 869, 662, 118, 98
track:253, 869, 662, 118, 98
track:254, 869, 664, 118, 98
track:255, 867, 666, 124, 103
track:256, 868, 667, 124, 103
track:257, 868, 670, 124, 103
track:258, 872, 673, 118, 98
track:259, 873, 674, 118, 98
track:260, 873, 676, 118, 98
track:261, 873, 677, 118, 98
track:262, 870, 675, 124, 103
track:263, 869, 675, 124, 103
track:264, 870, 678, 124, 103
track:265, 870, 679, 124, 103
track:266, 870, 681, 124, 103
track:267, 870, 682, 124, 103
track:268, 870, 682, 124, 103
track:269, 870, 683, 124, 103
track:270, 870, 686, 124, 103
track:271, 871, 688, 124, 103
track:272, 870, 690, 130, 108
init :273, 867, 690, 129, 103
track:274, 868, 693, 129, 103
track:275, 867, 694, 129, 103
track:276, 869, 697, 129, 103
track:277, 866, 697, 135, 108
track:278, 866, 697, 135, 108
track:279, 864, 695, 142, 114
track:280, 866, 693, 142, 114
track:281, 866, 693, 142, 114
track:282, 869, 695, 142, 114
track:283, 869, 695, 142, 114
track:284, 871, 697, 142, 114
track:285, 872, 698, 142, 114
track:286, 871, 695, 149, 119
track:287, 871, 692, 149, 119
track:288, 872, 691, 149, 119
track:289, 869, 686, 157, 125
track:290, 869, 681, 157, 125
track:291, 866, 672, 165, 131
track:292, 862, 663, 173, 138
track:293, 858, 659, 182, 145
track:294, 859, 659, 182, 145
track:295, 862, 655, 182, 145
track:296, 863, 653, 182, 145
track:297, 857, 651, 191, 152
track:298, 854, 648, 200, 160
track:299, 853, 649, 200, 160
track:300, 850, 651, 200, 160
track:301, 849, 652, 200, 160
track:302, 843, 652, 210, 168
track:303, 843, 653, 210, 168
track:304, 836, 654, 221, 176
track:305, 829, 651, 232, 185
track:306, 828, 650, 232, 185
init :307, 816, 636, 263, 228
track:308, 816, 636, 263, 228
track:309, 815, 634, 263, 228
track:310, 815, 629, 263, 228
track:311, 814, 616, 263, 228
track:312, 813, 605, 263, 228
track:313, 813, 605, 263, 228
track:314, 815, 598, 263, 228
track:315, 821, 593, 250, 217
track:316, 820, 585, 250, 217
track:317, 823, 577, 250, 217
track:318, 829, 581, 239, 207
track:319, 831, 580, 239, 207
track:320, 836, 570, 239, 207
track:321, 839, 564, 239, 207
track:322, 843, 569, 227, 197
track:323, 842, 566, 227, 197
track:324, 847, 574, 216, 188
track:325, 848, 573, 216, 188
track:326, 848, 563, 216, 188
track:327, 845, 565, 216, 188
track:328, 844, 566, 216, 188
track:329, 842, 572, 216, 188
track:330, 840, 580, 216, 188
track:331, 843, 586, 206, 179
track:332, 841, 589, 206, 179
track:333, 840, 590, 206, 179
track:334, 840, 592, 206, 179
track:335, 840, 592, 206, 179
track:336, 840, 595, 206, 179
track:337, 840, 595, 206, 179
track:338, 840, 596, 206, 179
track:339, 841, 591, 206, 179
track:340, 847, 594, 196, 170
init :341, 853, 599, 180, 158
track:342, 853, 598, 180, 158
track:343, 854, 598, 180, 158
track:344, 854, 598, 180, 158
track:345, 855, 595, 180, 158
track:346, 859, 600, 171, 150
track:347, 863, 604, 163, 143
track:348, 864, 604, 163, 143
track:349, 864, 607, 163, 143
track:350, 863, 611, 163, 143
track:351, 865, 615, 163, 143
track:352, 865, 619, 163, 143
track:353, 865, 619, 163, 143
track:354, 865, 621, 163, 143
track:355, 864, 621, 163, 143
track:356, 864, 621, 163, 143
track:357, 864, 622, 163, 143
track:358, 863, 622, 163, 143
track:359, 867, 626, 155, 136
track:360, 865, 626, 155, 136
track:361, 863, 626, 155, 136
track:362, 863, 626, 155, 136
track:363, 863, 627, 155, 136
track:364, 867, 630, 148, 130
track:365, 870, 633, 141, 124
track:366, 868, 633, 141, 124
track:367, 868, 634, 141, 124
track:368, 867, 634, 141, 124
track:369, 867, 635, 141, 124
track:370, 867, 640, 141, 124
track:371, 866, 646, 141, 124
track:372, 866, 649, 141, 124
track:373, 867, 649, 141, 124
track:374, 865, 650, 141, 124
init :375, 867, 662, 124, 101
track:376, 866, 662, 124, 101
track:377, 864, 663, 124, 101
track:378, 863, 664, 124, 101
track:379, 863, 665, 124, 101
track:380, 863, 665, 124, 101
track:381, 863, 664, 124, 101
track:382, 861, 664, 124, 101
track:383, 860, 664, 124, 101
track:384, 858, 663, 124, 101
track:385, 857, 662, 124, 101
track:386, 858, 662, 124, 101
track:387, 858, 662, 124, 101
track:388, 858, 662, 124, 101
track:389, 857, 661, 124, 101
track:390, 856, 661, 124, 101
track:391, 856, 664, 124, 101
track:392, 860, 668, 118, 96
track:393, 860, 669, 118, 96
track:394, 860, 669, 118, 96
track:395, 861, 675, 118, 96
track:396, 862, 677, 118, 96
track:397, 864, 682, 118, 96
track:398, 864, 683, 118, 96
track:399, 865, 686, 118, 96
track:400, 869, 693, 112, 92
track:401, 870, 698, 112, 92
track:402, 872, 703, 112, 92
track:403, 872, 703, 112, 92
track:404, 872, 704, 112, 92
track:405, 873, 705, 112, 92
track:406, 874, 705, 112, 92
track:407, 874, 704, 112, 92
track:408, 875, 705, 112, 92
init :409, 876, 700, 106, 83
track:410, 876, 698, 106, 83
track:411, 877, 696, 106, 83
track:412, 878, 694, 106, 83
track:413, 878, 694, 106, 83
track:414, 878, 693, 106, 83
track:415, 878, 694, 106, 83
track:416, 878, 696, 106, 83
track:417, 879, 695, 106, 83
track:418, 880, 696, 106, 83
track:419, 879, 696, 106, 83
track:420, 877, 696, 106, 83
track:421, 876, 697, 106, 83
track:422, 876, 695, 106, 83
track:423, 876, 694, 106, 83
track:424, 876, 691, 106, 83
track:425, 875, 689, 106, 83
track:426, 874, 688, 106, 83
track:427, 873, 687, 106, 83
track:428, 873, 686, 106, 83
track:429, 873, 686, 106, 83
track:430, 872, 687, 106, 83
track:431, 872, 687, 106, 83
track:432, 870, 686, 106, 83
track:433, 871, 687, 106, 83
track:434, 871, 686, 106, 83
track:435, 869, 687, 106, 83
track:436, 868, 687, 106, 83
track:437, 868, 689, 106, 83
track:438, 868, 689, 106, 83
track:439, 869, 690, 106, 83
track:440, 870, 691, 106, 83
track:441, 870, 691, 106, 83
track:442, 871, 691, 106, 83
init :443, 867, 693, 115, 90
track:444, 867, 693, 115, 90
track:445, 866, 695, 115, 90
track:446, 866, 696, 115, 90
track:447, 867, 695, 115, 90
track:448, 867, 695, 115, 90
track:449, 867, 694, 115, 90
track:450, 867, 694, 115, 90
track:451, 868, 694, 115, 90
track:452, 869, 696, 115, 90
track:453, 869, 696, 115, 90
track:454, 870, 697, 115, 90
track:455, 871, 697, 115, 90
track:456, 871, 698, 115, 90
track:457, 871, 697, 115, 90
track:458, 871, 697, 115, 90
track:459, 871, 696, 115, 90
track:460, 871, 694, 115, 90
track:461, 871, 694, 115, 90
track:462, 869, 692, 121, 94
track:463, 869, 692, 121, 94
track:464, 869, 689, 121, 94
track:465, 868, 686, 121, 94
track:466, 864, 685, 127, 99
track:467, 864, 685, 127, 99
track:468, 864, 686, 127, 99
track:469, 864, 686, 127, 99
track:470, 866, 688, 127, 99
track:471, 867, 689, 127, 99
track:472, 864, 688, 133, 104
track:473, 864, 689, 133, 104
track:474, 863, 692, 133, 104
track:475, 862, 690, 140, 109
track:476, 863, 689, 140, 109
init :477, 872, 682, 138, 116
track:478, 873, 681, 138, 116
track:479, 876, 679, 138, 116
track:480, 878, 670, 138, 116
track:481, 879, 668, 138, 116
track:482, 879, 668, 138, 116
track:483, 883, 659, 138, 116
track:484, 881, 656, 145, 122
track:485, 882, 657, 145, 122
track:486, 879, 657, 152, 128
track:487, 879, 658, 152, 128
track:488, 878, 662, 152, 128
track:490, 876, 665, 152, 128
track:491, 870, 663, 160, 134
track:492, 869, 664, 160, 134
track:493, 867, 664, 160, 134
track:494, 870, 667, 152, 128
track:495, 866, 658, 152, 128
track:496, 864, 654, 152, 128
track:497, 864, 653, 152, 128
track:498, 859, 648, 160, 134
track:499, 858, 644, 160, 134
track:500, 857, 639, 160, 134
track:501, 857, 635, 160, 134
track:502, 857, 636, 160, 134
track:503, 857, 633, 160, 134
track:504, 857, 632, 160, 134
track:505, 856, 630, 160, 134
track:506, 855, 630, 160, 134
track:507, 855, 630, 160, 134
track:508, 854, 628, 160, 134
track:509, 854, 623, 160, 134
track:510, 854, 621, 160, 134
init :511, 853, 623, 156, 137
track:512, 853, 623, 156, 137
track:513, 853, 623, 156, 137
track:514, 853, 624, 156, 137
track:515, 856, 628, 149, 130
track:516, 857, 628, 149, 130
track:517, 857, 628, 149, 130
track:518, 856, 625, 149, 130
track:519, 856, 624, 149, 130
track:520, 857, 624, 149, 130
track:521, 858, 623, 149, 130
track:522, 857, 623, 149, 130
track:523, 857, 624, 149, 130
track:524, 857, 626, 149, 130
track:525, 859, 628, 149, 130
track:526, 859, 629, 149, 130
track:527, 859, 629, 149, 130
track:528, 862, 632, 141, 124
track:529, 867, 633, 135, 118
track:530, 869, 631, 135, 118
track:531, 869, 630, 135, 118
track:532, 868, 630, 135, 118
track:533, 870, 631, 135, 118
track:534, 873, 634, 128, 113
track:535, 872, 634, 128, 113
track:536, 873, 637, 128, 113
track:537, 873, 637, 128, 113
track:538, 876, 641, 122, 107
track:539, 880, 645, 116, 102
track:540, 880, 645, 116, 102
track:543, 877, 645, 116, 102
track:544, 877, 646, 116, 102
init :546, 872, 656, 115, 83
track:547, 872, 656, 115, 83
track:548, 871, 658, 115, 83
track:549, 871, 661, 115, 83
track:550, 870, 663, 115, 83
track:551, 868, 664, 115, 83
track:552, 868, 664, 115, 83
track:553, 868, 664, 115, 83
track:554, 868, 664, 115, 83
track:555, 867, 665, 115, 83
track:556, 867, 665, 115, 83
track:557, 867, 665, 115, 83
track:558, 869, 671, 110, 79
track:559, 871, 676, 104, 75
track:560, 871, 678, 104, 75
track:561, 871, 681, 104, 75
track:562, 871, 682, 104, 75
track:563, 871, 684, 104, 75
track:564, 871, 685, 104, 75
track:565, 871, 687, 104, 75
track:566, 871, 689, 104, 75
track:567, 870, 689, 104, 75
track:568, 872, 691, 104, 75
track:569, 873, 693, 104, 75
track:570, 872, 696, 104, 75
track:571, 872, 698, 104, 75
track:572, 871, 699, 104, 75
track:573, 873, 701, 104, 75
track:574, 874, 702, 104, 75
track:575, 875, 702, 104, 75
track:576, 873, 700, 104, 75
track:577, 873, 700, 104, 75
track:578, 873, 697, 104, 75
init :579, 876, 695, 96, 83
track:580, 877, 695, 96, 83
track:581, 878, 696, 96, 83
track:582, 877, 696, 96, 83
track:583, 877, 698, 96, 83
track:584, 877, 700, 96, 83
track:585, 877, 700, 96, 83
track:586, 877, 700, 96, 83
track:587, 877, 701, 96, 83
track:588, 877, 700, 96, 83
track:589, 877, 700, 96, 83
track:590, 876, 699, 96, 83
track:591, 872, 699, 101, 87
track:592, 871, 698, 101, 87
track:593, 869, 696, 106, 92
track:594, 868, 694, 106, 92
track:595, 869, 685, 106, 92
track:596, 868, 683, 106, 92
track:597, 867, 682, 106, 92
track:598, 866, 678, 106, 92
track:599, 866, 673, 106, 92
track:600, 867, 669, 106, 92
track:601, 868, 668, 106, 92
track:602, 868, 668, 106, 92
track:603, 867, 668, 106, 92
track:604, 866, 663, 106, 92
track:605, 866, 659, 106, 92
track:606, 863, 657, 111, 96
track:607, 863, 657, 111, 96
track:608, 864, 657, 111, 96
track:609, 864, 657, 111, 96
track:610, 864, 658, 111, 96
track:611, 864, 661, 111, 96
track:612, 864, 662, 111, 96
init :613, 863, 659, 129, 109
track:614, 864, 660, 129, 109
track:615, 864, 663, 129, 109
track:616, 863, 665, 129, 109
track:617, 863, 665, 129, 109
track:618, 864, 666, 129, 109
track:619, 860, 662, 135, 114
track:620, 862, 661, 135, 114
track:621, 862, 660, 135, 114
track:622, 862, 660, 135, 114
track:623, 862, 660, 135, 114
track:624, 861, 658, 135, 114
track:625, 861, 658, 135, 114
track:626, 862, 659, 135, 114
track:627, 863, 660, 135, 114
track:628, 863, 661, 135, 114
track:629, 862, 660, 135, 114
track:630, 862, 657, 135, 114
track:631, 862, 656, 135, 114
track:632, 859, 654, 142, 120
track:633, 861, 658, 142, 120
track:634, 861, 661, 142, 120
track:635, 858, 661, 149, 126
track:636, 860, 662, 149, 126
track:637, 859, 661, 149, 126
track:638, 861, 663, 149, 126
track:639, 862, 663, 149, 126
track:640, 862, 662, 149, 126
track:641, 862, 660, 149, 126
track:642, 861, 660, 149, 126
track:643, 862, 658, 149, 126
track:644, 861, 657, 149, 126
track:645, 862, 649, 149, 126
track:646, 861, 647, 149, 126
init :647, 863, 651, 143, 122
track:648, 863, 651, 143, 122
track:649, 864, 651, 143, 122
track:650, 865, 652, 143, 122
track:651, 867, 652, 143, 122
track:652, 868, 652, 143, 122
track:653, 869, 652, 143, 122
track:654, 869, 653, 143, 122
track:655, 870, 658, 143, 122
track:656, 871, 660, 143, 122
track:657, 868, 658, 150, 128
track:658, 869, 659, 150, 128
track:659, 870, 658, 150, 128
track:660, 870, 657, 150, 128
track:661, 870, 657, 150, 128
track:662, 870, 656, 150, 128
track:663, 871, 656, 150, 128
track:664, 874, 656, 150, 128
track:665, 874, 654, 150, 128
track:666, 874, 652, 150, 128
track:667, 874, 651, 150, 128
track:668, 875, 650, 150, 128
track:669, 875, 649, 150, 128
track:670, 874, 648, 150, 128
track:671, 872, 648, 150, 128
track:672, 872, 648, 150, 128
track:673, 871, 648, 150, 128
track:674, 870, 647, 150, 128
track:675, 870, 646, 150, 128
track:676, 868, 647, 150, 128
track:677, 869, 647, 150, 128
track:678, 866, 649, 150, 128
track:679, 866, 659, 150, 128
track:680, 866, 666, 150, 128
init :681, 872, 669, 143, 119
track:682, 872, 669, 143, 119
track:683, 870, 668, 143, 119
track:684, 869, 668, 143, 119
track:685, 868, 669, 143, 119
track:686, 868, 672, 143, 119
track:687, 869, 672, 143, 119
track:688, 865, 670, 150, 125
track:689, 864, 668, 150, 125
track:690, 863, 666, 150, 125
track:691, 862, 664, 150, 125
track:692, 861, 663, 150, 125
track:693, 861, 663, 150, 125
track:694, 861, 662, 150, 125
track:695, 862, 661, 150, 125
track:696, 861, 660, 150, 125
track:697, 861, 659, 150, 125
track:698, 859, 658, 150, 125
track:699, 856, 659, 150, 125
track:700, 856, 660, 150, 125
track:701, 856, 661, 150, 125
track:702, 856, 661, 150, 125
track:703, 856, 664, 150, 125
track:704, 854, 670, 150, 125
track:705, 853, 675, 150, 125
track:706, 852, 676, 150, 125
track:707, 853, 676, 150, 125
track:708, 852, 677, 150, 125
track:709, 853, 678, 150, 125
track:710, 853, 676, 150, 125
track:711, 853, 676, 150, 125
track:712, 852, 672, 150, 125
track:713, 852, 671, 150, 125
track:714, 851, 671, 150, 125
init :715, 853, 675, 147, 119
track:716, 853, 675, 147, 119
track:717, 853, 677, 147, 119
track:718, 854, 677, 147, 119
track:719, 855, 678, 147, 119
track:720, 855, 678, 147, 119
track:721, 855, 678, 147, 119
track:722, 856, 679, 147, 119
track:723, 856, 678, 147, 119
track:724, 855, 675, 147, 119
track:725, 856, 671, 147, 119
track:726, 857, 670, 147, 119
track:727, 857, 668, 147, 119
track:728, 854, 663, 154, 125
track:729, 855, 657, 154, 125
track:730, 856, 655, 154, 125
track:731, 856, 655, 154, 125
track:732, 856, 655, 154, 125
track:733, 855, 654, 154, 125
track:734, 853, 647, 162, 131
track:735, 858, 645, 154, 125
track:736, 857, 645, 154, 125
track:737, 855, 640, 162, 131
track:738, 854, 638, 162, 131
track:739, 853, 640, 162, 131
track:740, 854, 641, 162, 131
track:741, 855, 641, 162, 131
track:742, 855, 642, 162, 131
track:743, 853, 643, 162, 131
track:744, 852, 642, 162, 131
track:745, 853, 640, 162, 131
track:746, 853, 640, 162, 131
track:747, 854, 639, 162, 131
track:748, 858, 631, 154, 125
init :749, 849, 628, 166, 114
track:750, 848, 629, 166, 114
track:751, 848, 629, 166, 114
track:752, 847, 631, 166, 114
track:753, 849, 632, 166, 114
track:754, 850, 633, 166, 114
track:755, 852, 633, 166, 114
track:756, 852, 633, 166, 114
track:757, 852, 633, 166, 114
track:758, 852, 630, 166, 114
track:759, 852, 631, 166, 114
track:760, 852, 635, 166, 114
track:761, 852, 636, 166, 114
track:762, 855, 637, 166, 114
track:763, 858, 636, 166, 114
track:764, 860, 636, 166, 114
track:765, 858, 637, 166, 114
track:766, 857, 637, 166, 114
track:767, 855, 638, 166, 114
track:768, 856, 640, 166, 114
track:769, 856, 641, 166, 114
track:770, 864, 651, 158, 109
track:771, 865, 652, 158, 109
track:772, 866, 653, 158, 109
track:773, 866, 651, 158, 109
track:774, 866, 651, 158, 109
track:775, 868, 651, 158, 109
track:776, 868, 651, 158, 109
track:777, 869, 650, 158, 109
track:778, 870, 649, 158, 109
track:779, 870, 649, 158, 109
track:780, 874, 652, 151, 103
track:781, 873, 652, 151, 103
track:782, 873, 652, 151, 103
init :783, 881, 651, 133, 98
track:784, 881, 650, 133, 98
track:785, 880, 651, 133, 98
track:786, 880, 651, 133, 98
track:787, 879, 652, 133, 98
track:788, 879, 652, 133, 98
track:789, 877, 653, 133, 98
track:790, 877, 653, 133, 98
track:791, 877, 653, 133, 98
track:792, 877, 652, 133, 98
track:793, 876, 653, 133, 98
track:794, 876, 654, 133, 98
track:795, 879, 660, 127, 93
track:796, 879, 661, 127, 93
track:797, 880, 661, 127, 93
track:798, 880, 660, 127, 93
track:799, 877, 658, 133, 98
track:800, 876, 660, 133, 98
track:801, 877, 660, 133, 98
track:802, 876, 661, 133, 98
track:803, 876, 661, 133, 98
track:804, 876, 662, 133, 98
track:805, 875, 662, 133, 98
track:806, 875, 662, 133, 98
track:807, 873, 662, 133, 98
track:808, 873, 663, 133, 98
track:809, 870, 662, 140, 103
track:810, 871, 664, 140, 103
track:811, 871, 665, 140, 103
track:812, 870, 667, 140, 103
track:813, 868, 666, 140, 103
track:814, 866, 667, 140, 103
track:815, 869, 668, 133, 98
track:816, 869, 668, 133, 98
init :817, 863, 669, 147, 109
track:818, 862, 675, 147, 109
track:819, 862, 676, 147, 109
track:820, 860, 687, 147, 109
track:821, 859, 688, 147, 109
track:822, 859, 688, 147, 109
track:823, 858, 687, 147, 109
track:824, 855, 684, 154, 114
track:825, 854, 685, 154, 114
track:826, 853, 685, 154, 114
track:827, 849, 686, 162, 120
track:828, 850, 693, 162, 120
track:829, 846, 692, 170, 126
track:830, 847, 693, 170, 126
track:831, 848, 693, 170, 126
track:832, 848, 694, 170, 126
track:833, 847, 690, 179, 132
track:834, 847, 682, 179, 132
track:835, 847, 675, 179, 132
track:836, 847, 674, 179, 132
track:837, 850, 671, 179, 132
track:838, 846, 667, 179, 132
track:839, 844, 663, 179, 132
track:840, 839, 656, 188, 139
track:841, 842, 658, 179, 132
track:842, 836, 654, 188, 139
track:843, 828, 646, 197, 146
track:844, 829, 643, 197, 146
track:845, 819, 629, 197, 146
track:846, 820, 628, 197, 146
track:847, 821, 622, 197, 146
track:848, 820, 616, 197, 146
track:849, 819, 614, 197, 146
track:850, 818, 612, 197, 146
init :851, 821, 604, 198, 173
track:852, 825, 601, 198, 173
track:853, 829, 596, 198, 173
track:854, 831, 598, 198, 173
track:855, 832, 602, 198, 173
track:856, 831, 604, 198, 173
track:857, 832, 604, 198, 173
track:858, 831, 600, 198, 173
track:859, 832, 598, 198, 173
track:860, 832, 595, 198, 173
track:861, 832, 595, 198, 173
track:862, 832, 596, 198, 173
track:863, 833, 601, 198, 173
track:864, 838, 609, 189, 165
track:865, 839, 616, 189, 165
track:866, 843, 620, 180, 157
track:867, 843, 625, 180, 157
track:868, 844, 627, 180, 157
track:869, 845, 627, 180, 157
track:870, 845, 631, 180, 157
track:871, 845, 631, 180, 157
track:872, 845, 632, 180, 157
track:873, 846, 633, 180, 157
track:874, 846, 633, 180, 157
track:875, 850, 637, 171, 149
track:876, 851, 637, 171, 149
track:877, 851, 637, 171, 149
track:878, 853, 638, 171, 149
track:879, 859, 641, 163, 142
track:880, 858, 640, 163, 142
track:881, 858, 640, 163, 142
track:882, 857, 640, 163, 142
track:883, 860, 639, 163, 142
track:884, 863, 638, 163, 142
init :885, 872, 643, 138, 116
track:886, 872, 643, 138, 116
track:887, 875, 645, 138, 116
track:888, 875, 645, 138, 116
track:889, 875, 645, 138, 116
track:890, 877, 644, 138, 116
track:891, 877, 644, 138, 116
track:892, 879, 642, 138, 116
track:893, 879, 642, 138, 116
track:894, 880, 642, 138, 116
track:895, 881, 643, 138, 116
track:896, 882, 642, 138, 116
track:897, 881, 642, 138, 116
track:898, 880, 642, 138, 116
track:899, 877, 640, 138, 116
track:900, 878, 644, 131, 110
track:901, 878, 643, 131, 110
track:902, 881, 648, 125, 105
track:903, 880, 649, 125, 105
track:904, 881, 649, 125, 105
track:905, 881, 648, 125, 105
track:906, 880, 648, 125, 105
track:907, 852, 629, 125, 105
track:908, 845, 626, 125, 105
track:909, 835, 627, 125, 105
track:910, 828, 631, 131, 110
track:911, 830, 633, 131, 110
track:912, 829, 636, 131, 110
track:913, 828, 640, 131, 110
track:914, 827, 639, 138, 116
track:915, 828, 638, 145, 122
track:916, 830, 642, 138, 116
track:917, 831, 644, 138, 116
track:918, 832, 645, 138, 116
init :919, 807, 581, 290, 251
track:920, 806, 581, 290, 251
track:921, 806, 580, 290, 251
track:922, 801, 581, 290, 251
track:923, 797, 580, 290, 251
track:924, 792, 579, 290, 251
track:925, 787, 578, 290, 251
track:926, 785, 577, 290, 251
track:927, 783, 577, 290, 251
track:928, 776, 578, 290, 251
track:929, 770, 578, 290, 251
track:930, 765, 575, 290, 251
track:931, 766, 576, 290, 251
track:932, 757, 567, 304, 264
track:933, 756, 566, 304, 264
track:934, 758, 562, 304, 264
track:935, 760, 559, 304, 264
track:936, 756, 560, 304, 264
track:937, 760, 558, 304, 264
track:938, 759, 556, 304, 264
track:939, 761, 553, 304, 264
track:940, 766, 558, 290, 251
track:941, 773, 566, 276, 239
track:942, 772, 564, 276, 239
track:943, 771, 562, 276, 239
track:944, 769, 563, 276, 239
track:945, 769, 563, 276, 239
track:946, 769, 562, 276, 239
track:947, 764, 563, 276, 239
track:948, 761, 564, 276, 239
track:949, 755, 566, 276, 239
track:950, 752, 568, 276, 239
track:951, 751, 567, 276, 239
track:952, 752, 570, 276, 239
init :953, 752, 576, 360, 238
track:954, 751, 575, 360, 238
track:955, 752, 578, 360, 238
track:956, 751, 576, 360, 238
track:957, 752, 578, 360, 238
track:958, 752, 579, 360, 238
track:959, 751, 580, 360, 238
track:960, 750, 582, 360, 238
track:961, 748, 582, 360, 238
track:962, 746, 584, 360, 238
track:963, 745, 586, 360, 238
track:964, 746, 585, 360, 238
track:965, 745, 587, 360, 238
track:966, 741, 586, 360, 238
track:967, 734, 587, 360, 238
track:968, 732, 587, 360, 238
track:969, 727, 588, 360, 238
track:970, 727, 589, 360, 238
track:971, 723, 588, 360, 238
track:972, 716, 589, 360, 238
track:973, 714, 589, 360, 238
track:974, 710, 589, 360, 238
track:975, 708, 589, 360, 238
track:976, 705, 590, 360, 238
track:977, 700, 591, 360, 238
track:978, 700, 590, 360, 238
track:979, 700, 593, 360, 238
track:980, 700, 592, 360, 238
track:981, 695, 593, 360, 238
track:982, 695, 593, 360, 238
track:983, 695, 594, 360, 238
track:984, 698, 594, 360, 238
track:985, 696, 595, 360, 238
track:986, 701, 602, 343, 227
init :987, 696, 586, 493, 246
track:988, 698, 587, 493, 246
track:989, 700, 587, 493, 246
track:990, 701, 589, 493, 246
track:991, 704, 589, 493, 246
track:992, 705, 590, 493, 246
track:993, 692, 581, 518, 258
track:994, 695, 579, 518, 258
track:995, 692, 580, 518, 258
track:996, 695, 578, 518, 258
track:997, 698, 577, 518, 258
track:998, 699, 575, 518, 258
track:999, 713, 579, 493, 246
track:1000, 713, 579, 493, 246
track:1001, 716, 577, 493, 246
track:1002, 729, 582, 470, 234
track:1003, 729, 573, 493, 246
track:1004, 732, 571, 493, 246
track:1005, 734, 569, 493, 246
track:1006, 735, 568, 493, 246
track:1007, 732, 566, 493, 246
track:1008, 734, 564, 493, 246
track:1009, 746, 567, 470, 234
track:1010, 745, 564, 470, 234
track:1011, 754, 568, 447, 223
track:1012, 754, 567, 447, 223
track:1013, 749, 567, 447, 223
track:1014, 742, 566, 447, 223
track:1015, 739, 570, 447, 223
track:1016, 730, 562, 470, 234
track:1017, 724, 561, 470, 234
track:1018, 720, 557, 470, 234
track:1019, 727, 565, 447, 223
track:1020, 723, 564, 447, 223
init :1021, 752, 576, 466, 184
track:1022, 751, 575, 466, 184
track:1023, 749, 573, 466, 184
track:1024, 746, 572, 466, 184
track:1025, 749, 571, 466, 184
track:1026, 745, 571, 466, 184
track:1027, 752, 576, 444, 175
track:1028, 746, 577, 444, 175
track:1029, 742, 578, 444, 175
track:1030, 753, 584, 423, 167
track:1031, 760, 587, 403, 159
track:1032, 745, 584, 423, 167
track:1033, 742, 585, 423, 167
track:1034, 739, 588, 423, 167
track:1035, 743, 590, 423, 167
track:1036, 738, 590, 423, 167
track:1037, 734, 592, 423, 167
track:1038, 721, 590, 444, 175
track:1039, 720, 593, 444, 175
track:1040, 719, 594, 444, 175
track:1041, 716, 595, 444, 175
track:1042, 717, 599, 444, 175
track:1043, 714, 600, 444, 175
track:1044, 725, 605, 423, 167
track:1045, 728, 604, 423, 167
track:1046, 728, 607, 423, 167
track:1047, 731, 610, 423, 167
track:1048, 732, 611, 423, 167
track:1049, 736, 611, 423, 167
track:1050, 739, 610, 423, 167
track:1051, 734, 605, 444, 175
track:1052, 739, 603, 444, 175
track:1053, 745, 604, 444, 175
track:1054, 764, 607, 423, 167
init :1055, 784, 610, 443, 140
track:1056, 786, 611, 443, 140
track:1057, 791, 611, 443, 140
track:1058, 795, 612, 443, 140
track:1059, 794, 612, 443, 140
track:1060, 795, 613, 443, 140
track:1061, 793, 614, 443, 140
track:1062, 792, 615, 443, 140
track:1063, 799, 619, 422, 133
track:1064, 803, 620, 422, 133
track:1065, 799, 618, 422, 133
track:1066, 782, 615, 443, 140
track:1067, 773, 615, 443, 140
track:1068, 766, 615, 443, 140
track:1069, 750, 616, 443, 140
track:1070, 748, 615, 443, 140
track:1071, 744, 615, 443, 140
track:1072, 730, 616, 443, 140
track:1073, 713, 617, 443, 140
track:1074, 706, 616, 443, 140
track:1075, 692, 613, 465, 147
track:1076, 684, 611, 465, 147
track:1077, 688, 616, 443, 140
track:1078, 668, 617, 443, 140
track:1079, 660, 617, 443, 140
track:1080, 660, 618, 443, 140
track:1081, 650, 618, 443, 140
track:1082, 657, 621, 422, 133
track:1083, 646, 619, 443, 140
track:1084, 643, 619, 443, 140
track:1085, 643, 619, 443, 140
track:1086, 637, 619, 443, 140
track:1087, 647, 621, 422, 133
track:1088, 646, 620, 422, 133
init :1089, 669, 628, 447, 137
track:1090, 669, 628, 447, 137
track:1091, 669, 629, 447, 137
track:1092, 667, 631, 447, 137
track:1093, 661, 630, 469, 144
track:1094, 664, 630, 469, 144
track:1095, 675, 634, 447, 137
track:1096, 674, 635, 447, 137
track:1097, 666, 633, 469, 144
track:1098, 666, 635, 469, 144
track:1099, 680, 638, 447, 137
track:1100, 684, 637, 447, 137
track:1101, 683, 636, 447, 137
track:1102, 686, 634, 447, 137
track:1103, 684, 633, 447, 137
track:1104, 684, 636, 447, 137
track:1105, 685, 636, 447, 137
track:1106, 685, 635, 447, 137
track:1107, 685, 636, 447, 137
track:1108, 679, 636, 447, 137
track:1109, 676, 637, 447, 137
track:1110, 678, 639, 447, 137
track:1111, 670, 640, 447, 137
track:1112, 667, 640, 447, 137
track:1113, 663, 641, 447, 137
track:1114, 647, 639, 469, 144
track:1115, 651, 641, 469, 144
track:1116, 653, 646, 447, 137
track:1117, 649, 647, 447, 137
track:1118, 652, 646, 447, 137
track:1119, 633, 647, 447, 137
track:1120, 637, 649, 447, 137
track:1121, 669, 656, 426, 130
track:1122, 660, 654, 426, 130
init :1123, 710, 628, 383, 189
track:1124, 710, 629, 383, 189
track:1125, 708, 629, 383, 189
track:1126, 716, 632, 365, 180
track:1127, 721, 631, 365, 180
track:1128, 718, 631, 365, 180
track:1129, 716, 625, 383, 189
track:1130, 716, 625, 383, 189
track:1131, 715, 627, 383, 189
track:1132, 721, 628, 383, 189
track:1133, 702, 620, 402, 198
track:1134, 685, 616, 422, 208
track:1135, 673, 609, 443, 219
track:1136, 676, 605, 443, 219
track:1137, 672, 603, 443, 219
track:1138, 646, 596, 466, 230
track:1139, 656, 598, 443, 219
track:1140, 666, 599, 422, 208
track:1141, 665, 600, 422, 208
track:1142, 666, 602, 422, 208
track:1143, 665, 612, 402, 198
track:1144, 652, 614, 383, 189
track:1145, 665, 624, 365, 180
track:1146, 666, 626, 365, 180
track:1147, 679, 637, 347, 171
track:1148, 679, 641, 347, 171
track:1149, 675, 649, 347, 171
track:1150, 671, 649, 347, 171
track:1151, 665, 648, 347, 171
track:1152, 667, 652, 331, 163
track:1153, 671, 659, 315, 155
track:1154, 670, 658, 315, 155
track:1155, 668, 658, 315, 155
track:1156, 666, 661, 315, 155
init :1157, 780, 636, 249, 176
track:1158, 784, 636, 249, 176
track:1159, 786, 635, 249, 176
track:1160, 786, 635, 249, 176
track:1161, 787, 634, 249, 176
track:1162, 790, 633, 249, 176
track:1163, 791, 634, 249, 176
track:1164, 792, 633, 249, 176
track:1165, 793, 634, 249, 176
track:1166, 790, 635, 249, 176
track:1167, 788, 635, 249, 176
track:1168, 781, 635, 249, 176
track:1169, 775, 636, 249, 176
track:1170, 781, 637, 249, 176
track:1171, 778, 639, 237, 168
track:1172, 777, 640, 237, 168
track:1173, 779, 639, 237, 168
track:1174, 779, 640, 237, 168
track:1175, 767, 640, 237, 168
track:1176, 770, 644, 226, 160
track:1177, 774, 641, 226, 160
track:1178, 772, 642, 226, 160
track:1179, 776, 638, 226, 160
track:1180, 781, 639, 226, 160
track:1181, 773, 636, 226, 160
track:1182, 767, 634, 226, 160
track:1183, 769, 631, 226, 160
track:1184, 782, 633, 215, 152
track:1185, 789, 638, 205, 145
track:1186, 779, 638, 205, 145
track:1187, 773, 632, 215, 152
track:1188, 792, 633, 205, 145
track:1189, 787, 632, 205, 145
track:1190, 789, 633, 205, 145
init :1191, 793, 633, 387, 127
track:1192, 790, 631, 387, 127
track:1193, 790, 630, 387, 127
track:1194, 786, 629, 387, 127
track:1195, 786, 628, 387, 127
track:1196, 791, 631, 369, 121
track:1197, 795, 629, 369, 121
track:1198, 786, 624, 387, 127
track:1199, 781, 626, 387, 127
track:1200, 778, 625, 387, 127
track:1201, 781, 625, 387, 127
track:1202, 789, 629, 369, 121
track:1203, 790, 629, 369, 121
track:1204, 791, 628, 369, 121
track:1205, 792, 627, 369, 121
track:1206, 789, 625, 387, 127
track:1207, 789, 624, 387, 127
track:1208, 802, 624, 387, 127
track:1209, 802, 625, 387, 127
track:1210, 813, 624, 387, 127
track:1211, 822, 629, 369, 121
track:1212, 825, 628, 369, 121
track:1213, 829, 629, 369, 121
track:1214, 830, 632, 369, 121
track:1215, 840, 635, 351, 115
track:1216, 838, 635, 351, 115
track:1217, 842, 637, 351, 115
track:1218, 839, 638, 351, 115
track:1219, 838, 638, 351, 115
track:1220, 842, 641, 334, 110
track:1221, 844, 641, 334, 110
track:1222, 846, 642, 334, 110
track:1223, 844, 641, 334, 110
track:1224, 844, 640, 334, 110
init :1225, 895, 654, 295, 96
track:1226, 896, 654, 295, 96
track:1227, 897, 654, 295, 96
track:1228, 895, 656, 295, 96
track:1229, 894, 656, 295, 96
track:1230, 894, 658, 295, 96
track:1231, 900, 659, 281, 91
track:1232, 899, 660, 281, 91
track:1233, 903, 664, 268, 87
track:1234, 902, 665, 268, 87
track:1235, 904, 667, 255, 83
track:1236, 900, 668, 255, 83
track:1237, 905, 671, 243, 79
track:1238, 902, 671, 243, 79
track:1239, 909, 672, 231, 75
track:1240, 906, 673, 231, 75
track:1241, 911, 674, 231, 75
track:1242, 905, 672, 231, 75
track:1243, 913, 675, 231, 75
track:1244, 913, 676, 220, 72
track:1245, 901, 675, 220, 72
track:1246, 903, 675, 220, 72
track:1247, 884, 677, 220, 72
track:1248, 867, 675, 220, 72
track:1249, 899, 677, 220, 72
track:1250, 888, 677, 220, 72
track:1251, 888, 677, 220, 72
track:1252, 963, 679, 210, 68
track:1253, 961, 678, 210, 68
track:1254, 956, 678, 220, 72
track:1255, 947, 675, 231, 75
track:1256, 944, 677, 220, 72
track:1257, 939, 679, 220, 72
track:1258, 941, 680, 210, 68
init :1259, 941, 662, 115, 88
track:1260, 939, 661, 115, 88
track:1261, 934, 659, 115, 88
track:1262, 929, 658, 115, 88
track:1263, 927, 658, 115, 88
track:1264, 924, 658, 115, 88
track:1265, 924, 658, 115, 88
track:1266, 925, 657, 115, 88
track:1267, 925, 655, 115, 88
track:1268, 921, 653, 115, 88
track:1269, 922, 653, 115, 88
track:1270, 919, 652, 115, 88
track:1271, 921, 653, 110, 84
track:1272, 918, 652, 110, 84
track:1273, 913, 651, 110, 84
track:1274, 913, 652, 110, 84
track:1275, 909, 652, 110, 84
track:1276, 902, 653, 110, 84
track:1277, 899, 652, 110, 84
track:1278, 891, 653, 110, 84
track:1279, 892, 655, 104, 80
track:1280, 886, 657, 104, 80
track:1281, 880, 657, 104, 80
track:1282, 873, 658, 104, 80
track:1283, 873, 660, 99, 76
track:1284, 873, 660, 99, 76
track:1285, 866, 663, 95, 72
track:1286, 859, 663, 95, 72
track:1287, 857, 662, 95, 72
track:1288, 855, 659, 99, 76
track:1289, 854, 658, 99, 76
track:1290, 854, 658, 99, 76
track:1291, 852, 658, 99, 76
track:1292, 850, 657, 99, 76
init :1293, 867, 662, 143, 72
track:1294, 867, 662, 143, 72
track:1295, 870, 664, 136, 69
track:1296, 868, 663, 136, 69
track:1297, 868, 662, 136, 69
track:1298, 869, 662, 136, 69
track:1299, 867, 662, 136, 69
track:1300, 866, 663, 136, 69
track:1301, 868, 665, 130, 65
track:1302, 867, 665, 130, 65
track:1303, 864, 664, 136, 69
track:1304, 864, 664, 136, 69
track:1305, 865, 663, 136, 69
track:1306, 865, 663, 136, 69
track:1307, 867, 663, 136, 69
track:1308, 870, 666, 130, 65
track:1309, 870, 666, 130, 65
track:1310, 870, 667, 130, 65
track:1311, 871, 668, 130, 65
track:1312, 870, 668, 130, 65
track:1313, 873, 669, 124, 62
track:1314, 874, 670, 118, 59
track:1315, 870, 670, 124, 62
track:1316, 869, 670, 124, 62
track:1317, 868, 670, 124, 62
track:1318, 866, 670, 124, 62
track:1319, 865, 670, 124, 62
track:1320, 864, 670, 124, 62
track:1321, 864, 671, 124, 62
track:1322, 862, 672, 130, 65
track:1323, 863, 672, 130, 65
track:1324, 865, 673, 124, 62
track:1325, 867, 674, 124, 62
track:1326, 866, 674, 130, 65
init :1327, 867, 675, 170, 57
track:1328, 868, 675, 170, 57
track:1329, 869, 675, 170, 57
track:1330, 869, 675, 170, 57
track:1331, 870, 676, 170, 57
track:1332, 866, 676, 170, 57
track:1333, 860, 676, 170, 57
track:1334, 859, 675, 170, 57
track:1335, 857, 676, 170, 57
track:1336, 852, 676, 170, 57
track:1337, 847, 676, 170, 57
track:1338, 841, 675, 178, 60
track:1339, 840, 675, 178, 60
track:1340, 844, 676, 170, 57
track:1341, 839, 675, 178, 60
track:1342, 838, 674, 178, 60
track:1343, 842, 676, 170, 57
track:1344, 842, 677, 170, 57
track:1345, 843, 676, 170, 57
track:1346, 843, 677, 170, 57
track:1347, 843, 677, 170, 57
track:1348, 838, 676, 178, 60
track:1349, 837, 677, 178, 60
track:1350, 836, 677, 178, 60
track:1351, 835, 678, 178, 60
track:1352, 834, 678, 178, 60
track:1353, 833, 678, 178, 60
track:1354, 833, 679, 178, 60
track:1355, 833, 679, 178, 60
track:1356, 834, 679, 178, 60
track:1357, 830, 679, 187, 63
track:1358, 829, 679, 187, 63
track:1359, 830, 679, 187, 63
track:1360, 829, 680, 187, 63
init :1361, 849, 685, 180, 49
track:1362, 848, 686, 180, 49
track:1363, 850, 687, 180, 49
track:1364, 855, 688, 171, 47
track:1365, 855, 688, 171, 47
track:1366, 850, 687, 180, 49
track:1367, 850, 687, 180, 49
track:1368, 844, 687, 189, 51
track:1369, 844, 687, 189, 51
track:1370, 843, 688, 189, 51
track:1371, 846, 690, 180, 49
track:1372, 846, 691, 180, 49
track:1373, 839, 690, 189, 51
track:1374, 833, 689, 198, 54
track:1375, 835, 691, 189, 51
track:1376, 838, 692, 180, 49
track:1377, 832, 690, 189, 51
track:1378, 829, 691, 189, 51
track:1379, 827, 692, 189, 51
track:1380, 824, 692, 189, 51
track:1381, 821, 693, 189, 51
track:1382, 814, 693, 198, 54
track:1383, 811, 694, 198, 54
track:1384, 804, 694, 208, 57
track:1385, 808, 695, 198, 54
track:1386, 809, 697, 198, 54
track:1387, 810, 698, 198, 54
track:1388, 806, 698, 208, 57
track:1389, 808, 699, 208, 57
track:1390, 805, 698, 219, 60
track:1391, 808, 699, 219, 60
track:1392, 819, 701, 208, 57
track:1393, 823, 703, 208, 57
track:1394, 825, 703, 208, 57
init :1395, 835, 708, 198, 59
track:1396, 835, 708, 198, 59
track:1397, 835, 709, 198, 59
track:1398, 829, 708, 208, 62
track:1399, 828, 708, 208, 62
track:1400, 830, 710, 198, 59
track:1401, 821, 711, 208, 62
track:1402, 816, 711, 208, 62
track:1403, 808, 711, 218, 65
track:1404, 805, 711, 218, 65
track:1405, 801, 710, 218, 65
track:1406, 799, 711, 218, 65
track:1407, 794, 712, 218, 65
track:1408, 798, 713, 208, 62
track:1409, 798, 713, 208, 62
track:1410, 798, 714, 208, 62
track:1411, 797, 715, 208, 62
track:1412, 799, 715, 208, 62
track:1413, 799, 716, 208, 62
track:1414, 800, 716, 208, 62
track:1415, 800, 717, 208, 62
track:1416, 797, 717, 218, 65
track:1417, 796, 717, 218, 65
track:1418, 796, 718, 218, 65
track:1419, 799, 719, 208, 62
track:1420, 793, 718, 218, 65
track:1421, 793, 719, 218, 65
track:1422, 791, 720, 218, 65
track:1423, 786, 720, 229, 68
track:1424, 787, 719, 229, 68
track:1425, 789, 721, 229, 68
track:1426, 793, 722, 218, 65
track:1427, 786, 721, 229, 68
track:1428, 788, 722, 229, 68
init :1429, 789, 719, 249, 90
track:1430, 788, 719, 249, 90
track:1431, 786, 720, 249, 90
track:1432, 785, 721, 249, 90
track:1433, 785, 721, 249, 90
track:1434, 785, 723, 249, 90
track:1435, 784, 724, 249, 90
track:1436, 786, 726, 249, 90
track:1437, 785, 728, 237, 86
track:1438, 784, 729, 237, 86
track:1439, 788, 730, 226, 82
track:1440, 782, 729, 237, 86
track:1441, 777, 731, 237, 86
track:1442, 775, 732, 237, 86
track:1443, 764, 730, 249, 90
track:1444, 765, 729, 249, 90
track:1445, 755, 728, 261, 94
track:1446, 753, 730, 249, 90
track:1447, 750, 729, 249, 90
track:1448, 749, 727, 249, 90
track:1449, 750, 728, 249, 90
track:1450, 744, 724, 261, 94
track:1451, 746, 724, 261, 94
track:1452, 750, 723, 261, 94
track:1453, 754, 722, 261, 94
track:1454, 754, 722, 261, 94
track:1455, 761, 724, 261, 94
track:1456, 772, 724, 249, 90
track:1457, 780, 721, 249, 90
track:1458, 794, 722, 237, 86
track:1459, 790, 721, 237, 86
track:1460, 801, 722, 226, 82
track:1461, 804, 718, 226, 82
track:1462, 809, 715, 237, 86
init :1463, 835, 711, 203, 145
track:1464, 835, 710, 203, 145
track:1465, 837, 710, 203, 145
track:1466, 837, 711, 203, 145
track:1467, 836, 709, 203, 145
track:1468, 836, 709, 203, 145
track:1469, 833, 710, 203, 145
track:1470, 829, 709, 203, 145
track:1471, 834, 713, 193, 138
track:1472, 826, 703, 203, 145
track:1473, 823, 708, 193, 138
track:1474, 819, 702, 193, 138
track:1475, 819, 701, 193, 138
track:1476, 813, 696, 203, 145
track:1477, 809, 693, 203, 145
track:1478, 808, 692, 203, 145
track:1479, 808, 689, 203, 145
track:1480, 809, 688, 203, 145
track:1481, 810, 681, 203, 145
track:1482, 818, 681, 203, 145
track:1483, 821, 681, 203, 145
track:1484, 821, 679, 203, 145
track:1485, 823, 679, 203, 145
track:1486, 832, 676, 203, 145
track:1487, 836, 675, 203, 145
track:1488, 838, 671, 213, 152
track:1489, 844, 674, 203, 145
track:1490, 844, 672, 203, 145
track:1491, 849, 670, 203, 145
track:1492, 852, 671, 193, 138
track:1493, 857, 670, 193, 138
track:1494, 857, 670, 184, 132
track:1495, 854, 667, 184, 132
track:1496, 842, 660, 193, 138
init :1497, 849, 646, 300, 140
track:1498, 849, 646, 300, 140
track:1499, 846, 644, 300, 140
track:1500, 842, 641, 300, 140
track:1501, 834, 638, 300, 140
track:1502, 829, 636, 300, 140
track:1503, 830, 635, 300, 140
track:1504, 827, 633, 300, 140
track:1505, 826, 629, 300, 140
track:1506, 827, 625, 300, 140
track:1507, 821, 622, 300, 140
track:1508, 823, 622, 300, 140
track:1509, 822, 623, 300, 140
track:1510, 817, 618, 300, 140
track:1511, 823, 615, 300, 140
track:1512, 817, 615, 300, 140
track:1513, 817, 614, 300, 140
track:1514, 797, 611, 300, 140
track:1515, 778, 613, 286, 133
track:1516, 760, 610, 286, 133
track:1517, 728, 613, 286, 133
track:1518, 731, 614, 286, 133
track:1519, 711, 615, 286, 133
track:1520, 698, 617, 272, 127
track:1521, 680, 620, 272, 127
track:1522, 650, 615, 286, 133
track:1523, 656, 614, 286, 133
track:1524, 635, 617, 286, 133
track:1525, 649, 619, 272, 127
track:1526, 650, 616, 272, 127
track:1527, 657, 618, 272, 127
track:1528, 658, 619, 272, 127
track:1529, 689, 618, 272, 127
track:1530, 706, 619, 272, 127
init :1531, 761, 633, 249, 85
track:1532, 787, 633, 249, 85
track:1533, 787, 633, 249, 85
track:1534, 818, 635, 237, 81
track:1535, 841, 635, 237, 81
track:1536, 865, 635, 237, 81
track:1537, 881, 635, 237, 81
track:1538, 881, 636, 237, 81
track:1539, 890, 637, 237, 81
track:1540, 892, 636, 249, 85
track:1541, 901, 640, 237, 81
track:1542, 903, 642, 237, 81
track:1543, 910, 644, 226, 77
track:1544, 908, 644, 226, 77
track:1545, 906, 644, 226, 77
track:1546, 903, 645, 226, 77
track:1547, 895, 647, 226, 77
track:1548, 893, 649, 226, 77
track:1549, 889, 651, 226, 77
track:1550, 878, 654, 215, 73
track:1551, 880, 658, 205, 70
track:1552, 875, 658, 205, 70
track:1553, 874, 658, 205, 70
track:1554, 875, 661, 195, 67
track:1555, 873, 663, 195, 67
track:1556, 877, 665, 186, 63
track:1557, 883, 667, 177, 60
track:1558, 882, 667, 177, 60
track:1559, 886, 667, 177, 60
track:1560, 890, 669, 177, 60
track:1561, 893, 669, 177, 60
track:1562, 899, 671, 169, 58
track:1563, 900, 671, 169, 58
track:1564, 901, 671, 169, 58
init :1565, 909, 669, 184, 72
track:1566, 910, 669, 184, 72
track:1567, 909, 668, 184, 72
track:1568, 908, 669, 184, 72
track:1569, 907, 669, 184, 72
track:1570, 903, 670, 184, 72
track:1571, 906, 672, 175, 69
track:1572, 909, 674, 167, 65
track:1573, 910, 674, 167, 65
track:1574, 904, 674, 167, 65
track:1575, 904, 676, 159, 62
track:1576, 902, 676, 159, 62
track:1577, 899, 676, 159, 62
track:1578, 899, 677, 159, 62
track:1579, 895, 677, 159, 62
track:1580, 891, 677, 159, 62
track:1581, 890, 677, 159, 62
track:1582, 884, 676, 159, 62
track:1583, 889, 679, 151, 59
track:1584, 889, 679, 151, 59
track:1585, 883, 679, 151, 59
track:1586, 888, 681, 144, 56
track:1587, 889, 682, 144, 56
track:1588, 889, 682, 144, 56
track:1589, 892, 683, 137, 54
track:1590, 894, 683, 137, 54
track:1591, 892, 682, 137, 54
track:1592, 893, 683, 137, 54
track:1593, 894, 682, 137, 54
track:1594, 889, 684, 137, 54
track:1595, 893, 685, 137, 54
track:1596, 891, 686, 137, 54
track:1599, 885, 687, 137, 54
track:1600, 879, 687, 137, 54
track:1601, 880, 688, 137, 54
track:1602, 885, 688, 137, 54
track:1603, 877, 686, 137, 54
track:1604, 874, 687, 137, 54
track:1605, 870, 685, 144, 56
track:1606, 870, 686, 144, 56
track:1607, 911, 684, 151, 59
track:1608, 911, 685, 144, 56
elapseTime: 16.989
