init :7, 821, 630, 235, 197
track:8, 821, 630, 235, 197
track:9, 822, 630, 235, 197
track:10, 821, 631, 235, 197
track:11, 823, 630, 235, 197
track:12, 823, 630, 235, 197
track:13, 824, 630, 235, 197
track:14, 824, 630, 235, 197
track:15, 824, 630, 235, 197
track:16, 825, 630, 235, 197
track:17, 826, 630, 235, 197
track:18, 825, 630, 235, 197
track:19, 825, 629, 235, 197
track:20, 821, 626, 247, 207
track:21, 820, 626, 247, 207
track:22, 827, 631, 235, 197
track:23, 828, 631, 235, 197
track:24, 827, 631, 235, 197
track:25, 828, 630, 235, 197
track:26, 829, 631, 235, 197
track:27, 829, 631, 235, 197
track:28, 829, 631, 235, 197
track:29, 829, 630, 235, 197
track:30, 829, 630, 235, 197
track:31, 830, 629, 235, 197
track:32, 831, 631, 235, 197
track:33, 829, 630, 235, 197
track:34, 830, 631, 235, 197
track:35, 830, 630, 235, 197
track:36, 830, 631, 235, 197
track:37, 829, 630, 235, 197
track:38, 831, 630, 235, 197
track:39, 830, 630, 235, 197
track:40, 830, 630, 235, 197
track:41, 831, 629, 235, 197
track:42, 830, 631, 235, 197
track:43, 831, 630, 235, 197
track:44, 830, 631, 235, 197
track:45, 832, 630, 235, 197
track:46, 830, 631, 235, 197
track:48, 832, 630, 235, 197
track:49, 830, 630, 235, 197
track:50, 831, 629, 235, 197
track:51, 832, 629, 235, 197
track:52, 831, 628, 235, 197
track:53, 832, 629, 235, 197
track:54, 831, 629, 235, 197
track:55, 832, 629, 235, 197
track:56, 831, 629, 235, 197
track:57, 831, 628, 235, 197
track:58, 831, 629, 235, 197
track:59, 830, 628, 235, 197
track:60, 832, 628, 235, 197
track:61, 831, 630, 235, 197
track:62, 830, 629, 235, 197
track:63, 829, 629, 235, 197
track:64, 830, 629, 235, 197
track:65, 829, 629, 235, 197
track:66, 828, 629, 235, 197
track:67, 829, 628, 235, 197
track:68, 829, 629, 235, 197
track:69, 828, 629, 235, 197
track:70, 829, 628, 235, 197
track:71, 829, 629, 235, 197
track:72, 828, 629, 235, 197
track:73, 828, 629, 235, 197
track:74, 828, 628, 235, 197
track:75, 828, 629, 235, 197
track:76, 828, 629, 235, 197
track:77, 827, 629, 235, 197
track:78, 828, 628, 235, 197
track:79, 828, 629, 235, 197
init :80, 826, 630, 235, 197
track:81, 826, 630, 235, 197
track:82, 826, 630, 235, 197
track:83, 826, 630, 235, 197
track:84, 826, 631, 235, 197
track:85, 826, 631, 235, 197
track:86, 826, 631, 235, 197
track:87, 827, 631, 235, 197
track:88, 825, 631, 235, 197
track:89, 826, 631, 235, 197
track:90, 826, 631, 235, 197
track:91, 826, 631, 235, 197
track:92, 826, 632, 235, 197
track:93, 827, 631, 235, 197
track:94, 826, 631, 235, 197
track:95, 827, 631, 235, 197
track:96, 827, 630, 235, 197
track:97, 828, 630, 235, 197
track:98, 828, 629, 235, 197
track:99, 829, 629, 235, 197
track:100, 829, 629, 235, 197
track:101, 830, 629, 235, 197
track:102, 831, 628, 235, 197
track:103, 831, 628, 235, 197
track:104, 831, 627, 235, 197
track:105, 831, 627, 235, 197
track:106, 832, 626, 235, 197
track:107, 833, 624, 235, 197
track:108, 833, 622, 235, 197
track:109, 833, 623, 235, 197
track:110, 834, 621, 235, 197
track:111, 834, 621, 235, 197
track:112, 836, 617, 235, 197
track:113, 835, 616, 235, 197
track:114, 836, 615, 235, 197
track:115, 837, 613, 235, 197
track:116, 837, 611, 235, 197
track:117, 839, 609, 235, 197
track:120, 845, 611, 224, 188
track:121, 847, 609, 224, 188
track:122, 848, 608, 224, 188
track:123, 847, 606, 224, 188
track:124, 847, 605, 224, 188
track:125, 845, 603, 224, 188
track:126, 843, 598, 224, 188
track:127, 842, 598, 224, 188
track:128, 841, 598, 224, 188
track:129, 841, 598, 224, 188
track:130, 842, 599, 224, 188
track:131, 841, 600, 224, 188
track:132, 844, 605, 224, 188
track:133, 846, 605, 224, 188
track:134, 845, 605, 224, 188
track:135, 852, 610, 213, 179
track:136, 851, 613, 213, 179
track:137, 854, 614, 213, 179
track:138, 855, 616, 213, 179
track:139, 860, 619, 203, 170
track:140, 859, 618, 203, 170
track:141, 857, 618, 203, 170
track:142, 856, 619, 203, 170
track:143, 855, 619, 203, 170
track:144, 855, 620, 203, 170
track:145, 852, 622, 203, 170
track:146, 851, 624, 203, 170
track:147, 851, 624, 203, 170
track:148, 853, 626, 203, 170
track:149, 853, 627, 203, 170
track:150, 853, 630, 203, 170
track:151, 854, 632, 203, 170
track:152, 853, 635, 203, 170
track:153, 854, 638, 203, 170
track:154, 855, 638, 203, 170
track:155, 855, 639, 203, 170
track:156, 855, 640, 203, 170
track:157, 857, 640, 203, 170
track:158, 857, 641, 203, 170
init :159, 867, 651, 166, 160
track:160, 866, 651, 166, 160
track:161, 864, 651, 166, 160
track:162, 862, 652, 166, 160
track:163, 861, 653, 166, 160
track:164, 861, 653, 166, 160
track:165, 861, 653, 166, 160
track:166, 861, 654, 166, 160
track:167, 860, 654, 166, 160
track:168, 860, 653, 166, 160
track:169, 860, 654, 166, 160
track:170, 861, 653, 166, 160
track:171, 862, 652, 166, 160
track:172, 863, 651, 166, 160
track:173, 863, 650, 166, 160
track:174, 862, 650, 166, 160
track:175, 861, 651, 166, 160
track:176, 858, 651, 166, 160
track:177, 858, 651, 166, 160
track:178, 860, 653, 166, 160
track:179, 861, 652, 166, 160
track:180, 862, 654, 166, 160
track:181, 863, 655, 166, 160
track:182, 864, 656, 166, 160
track:183, 866, 658, 166, 160
track:184, 866, 660, 166, 160
track:185, 867, 661, 166, 160
track:186, 866, 660, 166, 160
track:187, 862, 653, 166, 160
track:188, 858, 651, 166, 160
track:189, 858, 650, 166, 160
track:190, 856, 650, 166, 160
track:191, 855, 648, 166, 160
track:192, 854, 644, 166, 160
track:193, 854, 641, 166, 160
track:194, 854, 641, 166, 160
track:195, 856, 640, 166, 160
track:196, 856, 638, 166, 160
track:197, 856, 637, 166, 160
track:198, 855, 636, 166, 160
track:199, 854, 637, 166, 160
track:200, 851, 639, 166, 160
track:201, 849, 640, 166, 160
track:202, 848, 637, 166, 160
track:203, 848, 635, 166, 160
track:204, 849, 634, 166, 160
track:205, 853, 636, 158, 152
track:206, 854, 635, 158, 152
track:207, 855, 635, 151, 145
track:208, 854, 636, 151, 145
track:209, 853, 633, 151, 145
track:210, 851, 631, 151, 145
track:211, 851, 628, 151, 145
track:212, 850, 626, 151, 145
track:213, 850, 625, 151, 145
track:214, 850, 625, 151, 145
track:215, 851, 623, 151, 145
track:216, 851, 623, 151, 145
track:217, 851, 623, 151, 145
track:218, 850, 623, 151, 145
track:219, 851, 624, 151, 145
track:220, 854, 631, 143, 138
track:221, 853, 633, 143, 138
track:222, 853, 635, 143, 138
track:223, 853, 636, 143, 138
track:224, 853, 638, 143, 138
track:225, 853, 640, 143, 138
track:226, 854, 640, 143, 138
track:227, 853, 640, 143, 138
track:228, 853, 640, 143, 138
track:229, 856, 644, 137, 132
track:230, 856, 643, 137, 132
track:231, 856, 642, 137, 132
track:232, 854, 637, 137, 132
track:233, 855, 638, 137, 132
track:234, 853, 638, 137, 132
track:235, 856, 641, 130, 125
track:236, 858, 639, 130, 125
track:237, 860, 640, 130, 125
init :238, 863, 649, 120, 103
track:239, 866, 653, 114, 98
track:240, 867, 654, 114, 98
track:241, 868, 656, 114, 98
track:242, 868, 656, 114, 98
track:243, 868, 656, 114, 98
track:244, 868, 657, 114, 98
track:245, 868, 658, 114, 98
track:246, 868, 658, 114, 98
track:247, 868, 658, 114, 98
track:248, 868, 658, 114, 98
track:249, 868, 658, 114, 98
track:250, 869, 660, 114, 98
track:251, 869, 662, 114, 98
track:252, 870, 664, 114, 98
track:253, 870, 664, 114, 98
track:254, 870, 666, 114, 98
track:255, 871, 670, 114, 98
track:256, 871, 670, 114, 98
track:257, 872, 674, 114, 98
track:258, 873, 675, 114, 98
track:259, 874, 676, 114, 98
track:260, 874, 678, 114, 98
track:261, 874, 678, 114, 98
track:262, 874, 679, 114, 98
track:263, 873, 679, 114, 98
track:264, 873, 681, 114, 98
track:265, 873, 683, 114, 98
track:266, 873, 684, 114, 98
track:267, 873, 686, 114, 98
track:268, 873, 687, 114, 98
track:269, 873, 687, 114, 98
track:270, 874, 689, 114, 98
track:271, 875, 693, 114, 98
track:272, 876, 696, 114, 98
track:273, 875, 696, 114, 98
track:274, 876, 698, 114, 98
track:275, 877, 700, 114, 98
track:276, 875, 701, 120, 103
track:277, 876, 704, 120, 103
track:278, 876, 704, 120, 103
track:279, 874, 703, 126, 108
track:280, 872, 698, 132, 114
track:281, 874, 698, 132, 114
track:282, 875, 699, 132, 114
track:283, 876, 700, 132, 114
track:284, 874, 700, 139, 119
track:285, 876, 702, 139, 119
track:286, 878, 701, 139, 119
track:287, 876, 695, 146, 125
track:288, 876, 695, 146, 125
track:289, 873, 689, 153, 131
track:290, 875, 684, 153, 131
track:291, 874, 677, 153, 131
track:292, 871, 669, 161, 138
track:293, 872, 669, 161, 138
track:294, 868, 665, 169, 145
track:295, 872, 662, 169, 145
track:296, 873, 662, 169, 145
track:297, 867, 659, 177, 152
track:298, 868, 660, 177, 152
track:299, 862, 657, 186, 160
track:300, 857, 655, 195, 168
track:301, 850, 653, 205, 176
track:302, 848, 658, 205, 176
track:303, 842, 654, 216, 185
track:304, 841, 659, 216, 185
track:305, 834, 657, 226, 194
track:306, 829, 651, 238, 204
track:307, 826, 649, 238, 204
track:308, 826, 648, 238, 204
track:309, 826, 646, 238, 204
track:310, 825, 641, 238, 204
track:311, 824, 623, 238, 204
track:312, 824, 615, 238, 204
track:313, 824, 614, 238, 204
track:314, 827, 607, 238, 204
track:315, 827, 598, 238, 204
track:316, 826, 589, 238, 204
init :317, 835, 584, 221, 192
track:318, 835, 584, 221, 192
track:319, 835, 582, 221, 192
track:320, 841, 575, 221, 192
track:321, 844, 568, 221, 192
track:322, 843, 568, 221, 192
track:323, 848, 571, 210, 183
track:324, 849, 574, 210, 183
track:325, 847, 573, 210, 183
track:326, 846, 565, 210, 183
track:327, 845, 566, 210, 183
track:328, 850, 570, 200, 174
track:329, 847, 578, 200, 174
track:330, 845, 583, 200, 174
track:331, 843, 586, 200, 174
track:332, 841, 589, 200, 174
track:333, 841, 590, 200, 174
track:334, 841, 591, 200, 174
track:335, 840, 592, 200, 174
track:336, 840, 594, 200, 174
track:337, 840, 595, 200, 174
track:338, 840, 595, 200, 174
track:339, 842, 591, 200, 174
track:340, 843, 589, 200, 174
track:341, 842, 590, 200, 174
track:342, 848, 592, 191, 166
track:343, 851, 596, 182, 158
track:344, 851, 595, 182, 158
track:345, 852, 592, 182, 158
track:346, 853, 593, 182, 158
track:347, 857, 598, 173, 150
track:348, 857, 598, 173, 150
track:349, 858, 602, 173, 150
track:350, 861, 609, 165, 143
track:351, 863, 612, 165, 143
track:352, 863, 615, 165, 143
track:353, 863, 616, 165, 143
track:354, 863, 618, 165, 143
track:355, 867, 622, 157, 136
track:356, 867, 623, 157, 136
track:357, 865, 623, 157, 136
track:358, 866, 623, 157, 136
track:359, 869, 627, 150, 130
track:360, 867, 626, 150, 130
track:361, 866, 627, 150, 130
track:362, 865, 627, 150, 130
track:363, 866, 627, 150, 130
track:364, 865, 628, 150, 130
track:365, 865, 628, 150, 130
track:366, 863, 628, 150, 130
track:367, 862, 629, 150, 130
track:368, 866, 633, 142, 124
track:369, 869, 636, 136, 118
track:370, 868, 640, 136, 118
track:371, 867, 647, 136, 118
track:372, 867, 650, 136, 118
track:373, 867, 651, 136, 118
track:374, 866, 652, 136, 118
track:375, 864, 653, 136, 118
track:376, 862, 654, 136, 118
track:377, 860, 655, 136, 118
track:378, 862, 657, 129, 112
track:379, 862, 658, 129, 112
track:380, 862, 658, 129, 112
track:381, 863, 657, 129, 112
track:382, 860, 656, 129, 112
track:383, 859, 656, 129, 112
track:384, 858, 656, 129, 112
track:385, 858, 655, 129, 112
track:386, 858, 654, 129, 112
track:387, 861, 657, 123, 107
track:388, 861, 657, 123, 107
track:389, 861, 656, 123, 107
track:390, 860, 656, 123, 107
track:391, 861, 659, 123, 107
track:392, 861, 661, 123, 107
track:393, 860, 662, 123, 107
track:394, 861, 663, 123, 107
track:395, 861, 669, 123, 107
init :396, 872, 680, 106, 77
track:397, 874, 684, 106, 77
track:398, 875, 684, 106, 77
track:399, 875, 688, 106, 77
track:400, 877, 693, 106, 77
track:401, 878, 699, 106, 77
track:402, 879, 703, 106, 77
track:403, 880, 703, 106, 77
track:404, 880, 704, 106, 77
track:405, 880, 705, 106, 77
track:406, 881, 705, 106, 77
track:407, 882, 705, 106, 77
track:408, 882, 705, 106, 77
track:409, 882, 704, 106, 77
track:410, 883, 702, 106, 77
track:411, 884, 699, 106, 77
track:412, 884, 696, 106, 77
track:413, 885, 697, 106, 77
track:414, 884, 696, 106, 77
track:415, 884, 697, 106, 77
track:416, 884, 698, 106, 77
track:417, 885, 698, 106, 77
track:418, 885, 698, 106, 77
track:419, 883, 697, 111, 81
track:420, 882, 697, 111, 81
track:421, 880, 698, 111, 81
track:422, 879, 696, 111, 81
track:423, 880, 696, 111, 81
track:424, 879, 693, 111, 81
track:425, 878, 690, 111, 81
track:426, 878, 689, 111, 81
track:427, 877, 687, 111, 81
track:428, 877, 687, 111, 81
track:429, 877, 688, 111, 81
track:430, 876, 688, 111, 81
track:431, 876, 688, 111, 81
track:432, 876, 687, 111, 81
track:433, 875, 688, 111, 81
track:434, 874, 687, 111, 81
track:435, 870, 686, 117, 85
track:436, 871, 686, 117, 85
track:437, 871, 688, 117, 85
track:438, 870, 688, 117, 85
track:439, 872, 689, 117, 85
track:440, 872, 690, 117, 85
track:441, 872, 690, 117, 85
track:442, 873, 691, 117, 85
track:443, 874, 691, 117, 85
track:444, 873, 691, 117, 85
track:445, 873, 692, 117, 85
track:446, 874, 692, 117, 85
track:447, 873, 691, 117, 85
track:448, 874, 691, 117, 85
track:449, 874, 690, 117, 85
track:450, 874, 689, 117, 85
track:451, 874, 691, 117, 85
track:452, 876, 693, 117, 85
track:453, 875, 692, 117, 85
track:454, 877, 693, 117, 85
track:455, 877, 694, 117, 85
track:456, 878, 693, 117, 85
track:457, 878, 693, 117, 85
track:458, 878, 693, 117, 85
track:459, 875, 690, 123, 89
track:460, 875, 690, 123, 89
track:461, 875, 690, 123, 89
track:462, 875, 689, 123, 89
track:463, 876, 689, 123, 89
track:464, 875, 686, 123, 89
track:465, 874, 683, 123, 89
track:466, 874, 684, 123, 89
track:467, 872, 682, 129, 94
track:468, 871, 683, 129, 94
track:469, 871, 683, 129, 94
track:470, 873, 684, 129, 94
track:471, 871, 684, 135, 98
track:472, 872, 684, 135, 98
track:473, 872, 685, 135, 98
track:474, 869, 685, 142, 103
init :475, 867, 685, 138, 114
track:476, 869, 684, 138, 114
track:477, 869, 684, 138, 114
track:478, 870, 683, 138, 114
track:479, 873, 681, 138, 114
track:480, 872, 671, 145, 120
track:481, 872, 668, 145, 120
track:482, 873, 668, 145, 120
track:483, 876, 659, 145, 120
track:484, 874, 655, 152, 126
track:485, 876, 656, 152, 126
track:486, 872, 657, 160, 132
track:487, 871, 658, 160, 132
track:488, 871, 662, 160, 132
track:490, 868, 664, 160, 132
track:491, 866, 666, 160, 132
track:492, 862, 663, 168, 139
track:493, 860, 663, 168, 139
track:494, 859, 664, 168, 139
track:495, 858, 657, 160, 132
track:496, 857, 654, 160, 132
track:497, 856, 653, 160, 132
track:498, 855, 651, 160, 132
track:499, 854, 647, 160, 132
track:500, 854, 642, 160, 132
track:501, 853, 638, 160, 132
track:502, 853, 637, 160, 132
track:503, 853, 635, 160, 132
track:504, 853, 634, 160, 132
track:505, 852, 633, 160, 132
track:506, 852, 632, 160, 132
track:507, 852, 632, 160, 132
track:508, 850, 630, 160, 132
track:509, 851, 626, 160, 132
track:510, 851, 623, 160, 132
track:511, 853, 625, 152, 126
track:512, 853, 625, 152, 126
track:513, 853, 624, 152, 126
track:514, 850, 623, 160, 132
track:515, 850, 624, 160, 132
track:516, 849, 623, 160, 132
track:517, 850, 621, 160, 132
track:518, 850, 619, 160, 132
track:519, 850, 618, 160, 132
track:520, 851, 617, 160, 132
track:521, 856, 619, 152, 126
track:522, 856, 619, 152, 126
track:523, 859, 623, 145, 120
track:524, 858, 625, 145, 120
track:525, 861, 628, 145, 120
track:526, 861, 629, 145, 120
track:527, 862, 629, 145, 120
track:528, 862, 629, 145, 120
track:529, 862, 628, 145, 120
track:530, 867, 629, 138, 114
track:531, 866, 628, 138, 114
track:532, 866, 628, 138, 114
track:533, 868, 629, 138, 114
track:534, 868, 629, 138, 114
track:535, 872, 633, 131, 109
track:536, 870, 635, 131, 109
track:537, 871, 636, 131, 109
track:538, 872, 636, 131, 109
track:539, 871, 638, 131, 109
track:540, 871, 638, 131, 109
track:543, 873, 643, 125, 103
track:544, 872, 643, 125, 103
track:546, 870, 648, 125, 103
track:547, 870, 649, 125, 103
track:548, 872, 653, 119, 98
track:549, 872, 655, 119, 98
track:550, 870, 657, 119, 98
track:551, 872, 661, 114, 94
track:552, 871, 661, 114, 94
track:553, 871, 660, 114, 94
init :554, 872, 664, 106, 85
track:555, 872, 664, 106, 85
track:556, 872, 665, 106, 85
track:557, 872, 665, 106, 85
track:558, 872, 671, 106, 85
track:559, 871, 673, 106, 85
track:560, 874, 677, 101, 81
track:561, 871, 680, 106, 85
track:562, 871, 681, 106, 85
track:563, 871, 682, 106, 85
track:564, 871, 684, 106, 85
track:565, 871, 686, 106, 85
track:566, 870, 687, 106, 85
track:567, 870, 688, 106, 85
track:568, 872, 690, 106, 85
track:569, 872, 692, 106, 85
track:570, 871, 695, 106, 85
track:571, 871, 696, 106, 85
track:572, 871, 697, 106, 85
track:573, 872, 699, 106, 85
track:574, 874, 701, 106, 85
track:575, 874, 700, 106, 85
track:576, 873, 698, 106, 85
track:577, 873, 698, 106, 85
track:578, 873, 696, 106, 85
track:579, 874, 694, 106, 85
track:580, 875, 693, 106, 85
track:581, 876, 694, 106, 85
track:582, 876, 694, 106, 85
track:583, 875, 697, 106, 85
track:584, 874, 697, 106, 85
track:585, 874, 698, 106, 85
track:586, 874, 698, 106, 85
track:587, 874, 698, 106, 85
track:588, 875, 699, 106, 85
track:589, 875, 698, 106, 85
track:590, 874, 698, 106, 85
track:591, 872, 698, 106, 85
track:592, 872, 699, 106, 85
track:593, 871, 697, 106, 85
track:594, 871, 695, 106, 85
track:595, 871, 687, 106, 85
track:596, 868, 683, 111, 89
track:597, 867, 681, 111, 89
track:598, 867, 678, 111, 89
track:599, 866, 672, 111, 89
track:600, 867, 669, 111, 89
track:601, 868, 668, 111, 89
track:602, 868, 668, 111, 89
track:603, 868, 666, 111, 89
track:604, 864, 660, 117, 94
track:605, 864, 657, 117, 94
track:606, 864, 657, 117, 94
track:607, 863, 656, 117, 94
track:608, 865, 656, 117, 94
track:609, 865, 656, 117, 94
track:610, 865, 657, 117, 94
track:611, 862, 659, 123, 98
track:612, 861, 660, 123, 98
track:613, 862, 662, 123, 98
track:614, 863, 664, 123, 98
track:615, 863, 666, 123, 98
track:616, 861, 669, 123, 98
track:617, 862, 669, 123, 98
track:618, 859, 666, 129, 103
track:619, 858, 666, 129, 103
track:620, 860, 665, 129, 103
track:621, 860, 665, 129, 103
track:622, 861, 664, 129, 103
track:623, 860, 664, 129, 103
track:624, 856, 660, 135, 108
track:625, 856, 659, 135, 108
track:626, 855, 658, 142, 114
track:627, 855, 658, 142, 114
track:628, 855, 659, 142, 114
track:629, 854, 658, 142, 114
track:630, 854, 657, 142, 114
track:631, 854, 656, 142, 114
track:632, 854, 655, 142, 114
init :633, 858, 659, 143, 119
track:634, 857, 661, 143, 119
track:635, 857, 664, 143, 119
track:636, 859, 665, 143, 119
track:637, 860, 665, 143, 119
track:638, 858, 663, 150, 125
track:639, 858, 664, 150, 125
track:640, 858, 664, 150, 125
track:641, 859, 663, 150, 125
track:642, 858, 663, 150, 125
track:643, 858, 660, 150, 125
track:644, 858, 659, 150, 125
track:645, 863, 651, 143, 119
track:646, 862, 650, 143, 119
track:647, 863, 650, 143, 119
track:648, 863, 649, 143, 119
track:649, 863, 650, 143, 119
track:650, 865, 650, 143, 119
track:651, 868, 650, 143, 119
track:652, 867, 649, 143, 119
track:653, 868, 649, 143, 119
track:654, 868, 650, 143, 119
track:655, 869, 654, 143, 119
track:656, 871, 657, 143, 119
track:657, 871, 658, 143, 119
track:658, 873, 660, 143, 119
track:659, 871, 657, 150, 125
track:660, 871, 656, 150, 125
track:661, 870, 656, 150, 125
track:662, 870, 655, 150, 125
track:663, 871, 655, 150, 125
track:664, 873, 654, 150, 125
track:665, 873, 652, 150, 125
track:666, 873, 651, 150, 125
track:667, 874, 651, 150, 125
track:668, 874, 648, 150, 125
track:669, 874, 648, 150, 125
track:670, 874, 647, 150, 125
track:671, 872, 647, 150, 125
track:672, 871, 647, 150, 125
track:673, 870, 647, 150, 125
track:674, 869, 646, 150, 125
track:675, 869, 646, 150, 125
track:676, 868, 646, 150, 125
track:677, 867, 646, 150, 125
track:678, 868, 650, 143, 119
track:679, 868, 661, 143, 119
track:680, 869, 667, 143, 119
track:681, 870, 669, 143, 119
track:682, 870, 669, 143, 119
track:683, 864, 665, 150, 125
track:684, 862, 665, 150, 125
track:685, 863, 669, 150, 125
track:686, 864, 670, 150, 125
track:687, 863, 671, 150, 125
track:688, 862, 670, 150, 125
track:689, 862, 668, 150, 125
track:690, 860, 666, 150, 125
track:691, 859, 665, 150, 125
track:692, 859, 664, 150, 125
track:693, 858, 663, 150, 125
track:694, 858, 663, 150, 125
track:695, 859, 662, 150, 125
track:696, 858, 659, 150, 125
track:697, 858, 659, 150, 125
track:698, 856, 660, 150, 125
track:699, 853, 659, 150, 125
track:700, 853, 660, 150, 125
track:701, 853, 662, 150, 125
track:702, 853, 662, 150, 125
track:703, 853, 665, 150, 125
track:704, 851, 673, 150, 125
track:705, 850, 676, 150, 125
track:706, 850, 677, 150, 125
track:707, 850, 677, 150, 125
track:708, 850, 679, 150, 125
track:709, 849, 679, 150, 125
track:710, 849, 678, 150, 125
track:711, 849, 677, 150, 125
init :712, 849, 672, 147, 114
track:713, 849, 672, 147, 114
track:714, 849, 672, 147, 114
track:715, 848, 674, 147, 114
track:716, 848, 674, 147, 114
track:717, 848, 676, 147, 114
track:718, 849, 676, 147, 114
track:719, 849, 676, 147, 114
track:720, 850, 677, 147, 114
track:721, 850, 677, 147, 114
track:722, 850, 678, 147, 114
track:723, 850, 677, 147, 114
track:724, 851, 673, 147, 114
track:725, 851, 669, 147, 114
track:726, 851, 669, 147, 114
track:727, 852, 667, 147, 114
track:728, 848, 662, 154, 120
track:729, 848, 656, 154, 120
track:730, 850, 654, 154, 120
track:731, 850, 654, 154, 120
track:732, 850, 654, 154, 120
track:733, 847, 650, 162, 126
track:734, 848, 644, 162, 126
track:735, 848, 641, 162, 126
track:736, 849, 641, 162, 126
track:737, 849, 639, 162, 126
track:738, 848, 637, 162, 126
track:739, 847, 638, 162, 126
track:740, 849, 639, 162, 126
track:741, 850, 640, 162, 126
track:742, 849, 641, 162, 126
track:743, 847, 641, 162, 126
track:744, 847, 641, 162, 126
track:745, 848, 639, 162, 126
track:746, 848, 639, 162, 126
track:747, 849, 637, 162, 126
track:748, 849, 627, 162, 126
track:749, 847, 621, 162, 126
track:750, 846, 621, 162, 126
track:751, 846, 621, 162, 126
track:752, 845, 623, 162, 126
track:753, 850, 627, 154, 120
track:754, 852, 627, 154, 120
track:755, 855, 627, 154, 120
track:756, 855, 627, 154, 120
track:757, 856, 626, 154, 120
track:758, 854, 623, 154, 120
track:759, 854, 625, 154, 120
track:760, 855, 631, 154, 120
track:761, 854, 631, 154, 120
track:762, 857, 632, 154, 120
track:763, 859, 630, 154, 120
track:764, 860, 631, 154, 120
track:765, 858, 631, 154, 120
track:766, 862, 635, 147, 114
track:767, 861, 634, 147, 114
track:768, 861, 636, 147, 114
track:769, 862, 638, 147, 114
track:770, 864, 647, 147, 114
track:771, 865, 647, 147, 114
track:772, 865, 647, 147, 114
track:773, 867, 646, 147, 114
track:774, 867, 645, 147, 114
track:775, 869, 645, 147, 114
track:776, 869, 645, 147, 114
track:777, 873, 647, 140, 109
track:778, 874, 647, 140, 109
track:779, 876, 647, 140, 109
track:780, 879, 649, 133, 103
track:781, 879, 649, 133, 103
track:782, 879, 650, 133, 103
track:783, 879, 649, 133, 103
track:784, 879, 648, 133, 103
track:785, 878, 649, 133, 103
track:786, 879, 649, 133, 103
track:787, 877, 649, 133, 103
track:788, 877, 650, 133, 103
track:789, 876, 650, 133, 103
track:790, 876, 650, 133, 103
init :791, 876, 651, 133, 96
track:792, 876, 650, 133, 96
track:793, 872, 650, 140, 101
track:794, 871, 651, 140, 101
track:795, 872, 655, 140, 101
track:796, 872, 656, 140, 101
track:797, 876, 658, 133, 96
track:798, 876, 657, 133, 96
track:799, 872, 656, 140, 101
track:800, 872, 656, 140, 101
track:801, 872, 657, 140, 101
track:802, 871, 658, 140, 101
track:803, 871, 657, 140, 101
track:804, 871, 659, 140, 101
track:805, 870, 659, 140, 101
track:806, 870, 659, 140, 101
track:807, 869, 658, 140, 101
track:808, 871, 662, 133, 96
track:809, 872, 663, 133, 96
track:810, 873, 664, 133, 96
track:811, 873, 665, 133, 96
track:812, 871, 667, 133, 96
track:813, 870, 667, 133, 96
track:814, 868, 668, 133, 96
track:815, 868, 668, 133, 96
track:816, 867, 667, 133, 96
track:817, 867, 669, 133, 96
track:818, 867, 675, 133, 96
track:819, 863, 675, 140, 101
track:820, 861, 686, 140, 101
track:821, 860, 687, 140, 101
track:822, 860, 687, 140, 101
track:823, 860, 687, 140, 101
track:824, 856, 683, 147, 106
track:825, 855, 684, 147, 106
track:826, 855, 683, 147, 106
track:827, 855, 688, 147, 106
track:828, 855, 693, 147, 106
track:829, 852, 692, 154, 111
track:830, 849, 691, 162, 117
track:831, 849, 691, 162, 117
track:832, 851, 692, 162, 117
track:833, 853, 691, 162, 117
track:834, 855, 684, 162, 117
track:835, 854, 675, 162, 117
track:836, 854, 675, 162, 117
track:837, 854, 670, 162, 117
track:838, 853, 669, 162, 117
track:839, 851, 666, 162, 117
track:840, 849, 659, 162, 117
track:841, 848, 658, 162, 117
track:842, 842, 654, 170, 123
track:843, 840, 651, 170, 123
track:844, 838, 648, 170, 123
track:845, 828, 631, 178, 129
track:846, 823, 628, 187, 135
track:847, 822, 620, 187, 135
track:848, 822, 615, 187, 135
track:849, 816, 609, 197, 142
track:850, 815, 608, 197, 142
track:851, 815, 608, 197, 142
track:852, 819, 602, 197, 142
track:853, 824, 598, 197, 142
track:854, 825, 599, 197, 142
track:855, 825, 602, 197, 142
track:856, 825, 604, 197, 142
track:857, 825, 605, 197, 142
track:858, 825, 604, 197, 142
track:859, 827, 598, 197, 142
track:860, 828, 597, 197, 142
track:861, 828, 596, 197, 142
track:862, 827, 599, 197, 142
track:863, 827, 603, 197, 142
track:864, 829, 608, 197, 142
track:865, 829, 615, 197, 142
track:866, 834, 620, 187, 135
track:867, 834, 625, 187, 135
track:868, 838, 630, 178, 129
track:869, 837, 630, 178, 129
init :870, 849, 636, 166, 129
track:871, 849, 636, 166, 129
track:872, 850, 637, 166, 129
track:873, 850, 638, 166, 129
track:874, 851, 638, 166, 129
track:875, 856, 641, 158, 123
track:876, 857, 641, 158, 123
track:877, 858, 643, 158, 123
track:878, 859, 643, 158, 123
track:879, 860, 642, 158, 123
track:880, 861, 642, 158, 123
track:881, 861, 642, 158, 123
track:882, 864, 644, 151, 117
track:883, 866, 643, 151, 117
track:884, 869, 642, 151, 117
track:885, 869, 642, 151, 117
track:886, 869, 643, 151, 117
track:887, 875, 646, 143, 111
track:888, 876, 647, 143, 111
track:889, 877, 646, 143, 111
track:890, 879, 645, 143, 111
track:891, 882, 646, 137, 106
track:892, 883, 646, 137, 106
track:893, 884, 645, 137, 106
track:894, 884, 645, 137, 106
track:895, 885, 646, 137, 106
track:896, 885, 645, 137, 106
track:897, 885, 645, 137, 106
track:898, 887, 647, 130, 101
track:899, 884, 646, 130, 101
track:900, 883, 648, 130, 101
track:901, 883, 648, 130, 101
track:902, 881, 650, 130, 101
track:903, 885, 652, 124, 96
track:904, 884, 652, 124, 96
track:905, 884, 652, 124, 96
track:906, 884, 652, 124, 96
track:907, 901, 627, 130, 101
track:908, 914, 628, 124, 96
track:909, 916, 628, 130, 101
track:910, 924, 627, 130, 101
track:911, 921, 628, 130, 101
track:912, 920, 630, 137, 106
track:913, 922, 634, 137, 106
track:914, 920, 633, 143, 111
track:915, 916, 631, 151, 117
track:916, 910, 626, 158, 123
track:917, 906, 622, 166, 129
track:918, 902, 620, 174, 135
track:919, 901, 621, 174, 135
track:920, 898, 622, 174, 135
track:921, 898, 623, 174, 135
track:922, 888, 619, 183, 142
track:923, 888, 620, 174, 135
track:924, 875, 616, 183, 142
track:925, 868, 616, 183, 142
track:926, 861, 612, 192, 149
track:927, 856, 612, 192, 149
track:928, 834, 610, 202, 157
track:929, 829, 609, 202, 157
track:930, 813, 602, 212, 165
track:931, 800, 598, 222, 173
track:932, 788, 591, 234, 182
track:933, 784, 591, 234, 182
track:934, 783, 588, 234, 182
track:935, 777, 581, 245, 191
track:936, 769, 577, 258, 200
track:937, 772, 575, 258, 200
track:938, 773, 574, 258, 200
track:939, 774, 572, 258, 200
track:940, 771, 571, 258, 200
track:941, 771, 572, 258, 200
track:942, 771, 568, 258, 200
track:943, 770, 569, 258, 200
track:944, 768, 569, 258, 200
track:945, 770, 569, 258, 200
track:946, 769, 568, 258, 200
track:947, 765, 570, 258, 200
track:948, 761, 572, 258, 200
init :949, 752, 568, 355, 236
track:950, 750, 568, 355, 236
track:951, 751, 568, 355, 236
track:952, 748, 569, 355, 236
track:953, 748, 570, 355, 236
track:954, 745, 571, 355, 236
track:955, 747, 573, 355, 236
track:956, 738, 567, 373, 248
track:957, 737, 570, 373, 248
track:958, 739, 571, 373, 248
track:959, 738, 571, 373, 248
track:960, 737, 574, 373, 248
track:961, 743, 580, 355, 236
track:962, 744, 581, 355, 236
track:963, 740, 583, 355, 236
track:964, 737, 584, 355, 236
track:965, 729, 578, 373, 248
track:966, 726, 579, 373, 248
track:967, 721, 581, 373, 248
track:968, 717, 580, 373, 248
track:969, 713, 582, 373, 248
track:970, 711, 582, 373, 248
track:971, 709, 582, 373, 248
track:972, 704, 583, 373, 248
track:973, 699, 583, 373, 248
track:974, 693, 584, 373, 248
track:975, 699, 588, 355, 236
track:976, 702, 594, 338, 225
track:977, 699, 594, 338, 225
track:978, 698, 594, 338, 225
track:979, 696, 595, 338, 225
track:980, 694, 596, 338, 225
track:981, 695, 598, 338, 225
track:982, 687, 592, 355, 236
track:983, 688, 592, 355, 236
track:984, 689, 594, 355, 236
track:985, 689, 594, 355, 236
track:986, 691, 595, 355, 236
track:987, 695, 601, 338, 225
track:988, 698, 600, 338, 225
track:989, 701, 599, 338, 225
track:990, 699, 602, 338, 225
track:991, 697, 601, 338, 225
track:992, 697, 601, 338, 225
track:993, 698, 601, 338, 225
track:994, 699, 599, 338, 225
track:995, 697, 597, 338, 225
track:996, 699, 596, 338, 225
track:997, 708, 600, 322, 214
track:998, 711, 598, 322, 214
track:999, 713, 595, 322, 214
track:1000, 720, 598, 307, 204
track:1001, 725, 597, 307, 204
track:1002, 735, 600, 292, 194
track:1003, 739, 596, 292, 194
track:1004, 745, 592, 292, 194
track:1005, 745, 591, 292, 194
track:1006, 748, 589, 292, 194
track:1007, 752, 586, 292, 194
track:1008, 750, 584, 292, 194
track:1009, 749, 583, 292, 194
track:1010, 751, 581, 292, 194
track:1011, 749, 580, 292, 194
track:1012, 748, 580, 292, 194
track:1013, 745, 577, 292, 194
track:1014, 741, 577, 292, 194
track:1015, 740, 576, 292, 194
track:1016, 737, 575, 292, 194
track:1017, 734, 574, 292, 194
track:1018, 737, 580, 278, 185
track:1019, 734, 578, 278, 185
track:1020, 741, 583, 265, 176
track:1021, 739, 582, 265, 176
track:1022, 743, 585, 252, 168
track:1023, 742, 585, 252, 168
track:1024, 742, 586, 252, 168
track:1025, 740, 586, 252, 168
track:1026, 741, 585, 252, 168
track:1027, 743, 589, 240, 160
init :1028, 747, 581, 456, 168
track:1029, 745, 582, 456, 168
track:1030, 745, 582, 456, 168
track:1031, 742, 582, 456, 168
track:1032, 737, 582, 456, 168
track:1033, 733, 584, 456, 168
track:1034, 731, 584, 456, 168
track:1035, 732, 586, 456, 168
track:1036, 730, 586, 456, 168
track:1037, 738, 593, 434, 160
track:1038, 726, 593, 456, 168
track:1039, 726, 595, 456, 168
track:1040, 735, 600, 434, 160
track:1041, 732, 604, 434, 160
track:1042, 722, 602, 456, 168
track:1043, 724, 604, 456, 168
track:1044, 724, 606, 456, 168
track:1045, 727, 607, 456, 168
track:1046, 728, 608, 456, 168
track:1047, 729, 609, 456, 168
track:1048, 729, 609, 456, 168
track:1049, 735, 608, 456, 168
track:1050, 733, 607, 456, 168
track:1051, 735, 606, 456, 168
track:1052, 752, 609, 434, 160
track:1053, 760, 609, 434, 160
track:1054, 768, 609, 434, 160
track:1055, 772, 608, 434, 160
track:1056, 777, 608, 434, 160
track:1057, 778, 607, 434, 160
track:1058, 778, 606, 434, 160
track:1059, 791, 613, 414, 152
track:1060, 782, 610, 434, 160
track:1061, 777, 611, 434, 160
track:1062, 779, 612, 434, 160
track:1063, 785, 616, 414, 152
track:1064, 782, 616, 414, 152
track:1065, 782, 615, 414, 152
track:1066, 773, 617, 414, 152
track:1067, 763, 617, 414, 152
track:1068, 755, 617, 414, 152
track:1069, 746, 618, 414, 152
track:1070, 737, 615, 434, 160
track:1071, 730, 615, 434, 160
track:1072, 711, 612, 456, 168
track:1073, 685, 608, 479, 176
track:1074, 683, 612, 456, 168
track:1075, 667, 609, 479, 176
track:1076, 669, 615, 456, 168
track:1077, 665, 617, 456, 168
track:1078, 648, 618, 434, 160
track:1079, 644, 620, 434, 160
track:1080, 652, 623, 414, 152
track:1081, 648, 624, 414, 152
track:1082, 644, 625, 414, 152
track:1083, 631, 620, 434, 160
track:1084, 629, 625, 414, 152
track:1085, 628, 625, 414, 152
track:1086, 633, 623, 414, 152
track:1087, 629, 622, 414, 152
track:1088, 627, 621, 414, 152
track:1089, 624, 622, 414, 152
track:1090, 620, 622, 414, 152
track:1091, 617, 620, 434, 160
track:1092, 609, 620, 456, 168
track:1093, 611, 622, 456, 168
track:1094, 608, 623, 456, 168
track:1095, 611, 622, 456, 168
track:1096, 613, 621, 456, 168
track:1097, 615, 621, 456, 168
track:1098, 614, 623, 456, 168
track:1099, 613, 622, 456, 168
track:1100, 630, 625, 434, 160
track:1101, 629, 626, 434, 160
track:1102, 617, 622, 456, 168
track:1103, 616, 622, 456, 168
track:1104, 628, 627, 434, 160
track:1105, 631, 626, 434, 160
track:1106, 629, 625, 434, 160
init :1107, 701, 628, 456, 171
track:1108, 696, 627, 456, 171
track:1109, 690, 629, 456, 171
track:1110, 691, 629, 456, 171
track:1111, 682, 630, 456, 171
track:1112, 686, 630, 456, 171
track:1113, 687, 634, 456, 171
track:1114, 683, 634, 456, 171
track:1115, 681, 636, 456, 171
track:1116, 676, 636, 456, 171
track:1117, 673, 634, 456, 171
track:1118, 668, 636, 456, 171
track:1119, 669, 637, 456, 171
track:1120, 664, 637, 456, 171
track:1121, 667, 638, 456, 171
track:1122, 664, 640, 456, 171
track:1123, 677, 645, 434, 163
track:1124, 676, 643, 434, 163
track:1125, 659, 643, 456, 171
track:1126, 655, 644, 479, 180
track:1127, 667, 651, 456, 171
track:1128, 678, 657, 434, 163
track:1129, 685, 656, 434, 163
track:1130, 705, 657, 414, 155
track:1131, 712, 656, 414, 155
track:1132, 716, 658, 414, 155
track:1133, 810, 653, 414, 155
track:1134, 822, 655, 394, 148
track:1135, 749, 648, 414, 155
track:1136, 796, 653, 414, 155
track:1137, 792, 645, 414, 155
track:1138, 793, 651, 414, 155
track:1139, 808, 661, 394, 148
track:1140, 791, 659, 414, 155
track:1141, 804, 662, 394, 148
track:1142, 800, 662, 394, 148
track:1143, 790, 665, 394, 148
track:1144, 785, 670, 375, 141
track:1145, 790, 670, 375, 141
track:1146, 779, 667, 394, 148
track:1147, 788, 667, 394, 148
track:1148, 780, 666, 394, 148
track:1149, 771, 661, 414, 155
track:1150, 769, 656, 414, 155
track:1151, 766, 657, 414, 155
track:1152, 762, 657, 414, 155
track:1153, 749, 657, 434, 163
track:1154, 745, 657, 434, 163
track:1155, 743, 659, 434, 163
track:1156, 742, 661, 434, 163
track:1157, 747, 665, 414, 155
track:1158, 751, 667, 414, 155
track:1159, 765, 672, 394, 148
track:1160, 763, 672, 394, 148
track:1161, 765, 673, 394, 148
track:1162, 765, 669, 414, 155
track:1163, 767, 666, 414, 155
track:1164, 764, 664, 434, 163
track:1165, 763, 662, 434, 163
track:1166, 760, 660, 456, 171
track:1167, 764, 661, 456, 171
track:1168, 764, 659, 456, 171
track:1169, 759, 653, 456, 171
track:1170, 750, 649, 479, 180
track:1171, 755, 646, 479, 180
track:1172, 744, 642, 503, 189
track:1173, 759, 638, 503, 189
track:1174, 770, 641, 479, 180
track:1175, 768, 638, 479, 180
track:1176, 789, 638, 479, 180
track:1177, 795, 639, 479, 180
track:1178, 802, 640, 479, 180
track:1179, 813, 636, 479, 180
track:1180, 825, 641, 456, 171
track:1181, 826, 638, 456, 171
track:1182, 839, 642, 434, 163
track:1183, 840, 642, 434, 163
track:1184, 848, 643, 434, 163
track:1185, 848, 646, 434, 163
init :1186, 775, 638, 396, 137
track:1187, 766, 634, 416, 144
track:1188, 768, 635, 416, 144
track:1189, 771, 634, 416, 144
track:1190, 782, 637, 396, 137
track:1191, 782, 635, 396, 137
track:1192, 781, 634, 396, 137
track:1193, 779, 631, 396, 137
track:1194, 775, 629, 396, 137
track:1195, 775, 629, 396, 137
track:1196, 772, 628, 396, 137
track:1197, 770, 628, 396, 137
track:1198, 776, 629, 377, 130
track:1199, 767, 625, 396, 137
track:1200, 767, 625, 396, 137
track:1201, 771, 625, 396, 137
track:1202, 777, 627, 377, 130
track:1203, 787, 629, 359, 124
track:1204, 794, 629, 359, 124
track:1205, 793, 628, 359, 124
track:1206, 797, 627, 359, 124
track:1207, 799, 628, 359, 124
track:1208, 810, 631, 342, 118
track:1209, 818, 631, 342, 118
track:1210, 831, 633, 326, 113
track:1211, 835, 636, 326, 113
track:1212, 835, 637, 326, 113
track:1213, 839, 639, 326, 113
track:1214, 838, 640, 326, 113
track:1215, 842, 640, 326, 113
track:1216, 841, 640, 326, 113
track:1217, 836, 642, 326, 113
track:1218, 837, 643, 326, 113
track:1219, 842, 645, 310, 107
track:1220, 836, 641, 326, 113
track:1221, 835, 642, 326, 113
track:1222, 835, 643, 326, 113
track:1223, 841, 645, 326, 113
track:1224, 844, 647, 310, 107
track:1225, 852, 647, 310, 107
track:1226, 853, 650, 296, 102
track:1227, 858, 653, 281, 97
track:1228, 858, 656, 268, 93
track:1229, 860, 655, 268, 93
track:1230, 861, 657, 268, 93
track:1231, 869, 659, 255, 88
track:1232, 869, 660, 255, 88
track:1233, 865, 662, 255, 88
track:1234, 873, 665, 243, 84
track:1235, 863, 664, 243, 84
track:1236, 868, 666, 243, 84
track:1237, 865, 666, 232, 80
track:1238, 873, 667, 232, 80
track:1239, 870, 665, 232, 80
track:1240, 874, 668, 232, 80
track:1241, 878, 668, 221, 76
track:1242, 886, 669, 210, 73
track:1243, 896, 667, 210, 73
track:1244, 932, 668, 221, 76
track:1245, 933, 671, 210, 73
track:1246, 928, 672, 210, 73
track:1247, 925, 676, 210, 73
track:1248, 928, 679, 210, 73
track:1249, 931, 678, 210, 73
track:1250, 931, 679, 210, 73
track:1251, 926, 681, 210, 73
track:1252, 924, 679, 210, 73
track:1253, 918, 681, 210, 73
track:1254, 918, 679, 210, 73
track:1255, 906, 680, 210, 73
track:1256, 908, 681, 200, 69
track:1257, 900, 682, 200, 69
track:1258, 896, 682, 200, 69
track:1259, 902, 683, 190, 66
track:1260, 900, 682, 190, 66
track:1261, 897, 681, 190, 66
track:1262, 895, 681, 190, 66
track:1263, 895, 680, 190, 66
track:1264, 894, 680, 190, 66
init :1265, 941, 659, 101, 85
track:1266, 943, 659, 101, 85
track:1267, 943, 656, 101, 85
track:1268, 941, 655, 101, 85
track:1269, 941, 654, 101, 85
track:1270, 939, 654, 101, 85
track:1271, 937, 654, 101, 85
track:1272, 932, 654, 101, 85
track:1273, 928, 656, 96, 81
track:1274, 929, 656, 96, 81
track:1275, 924, 655, 96, 81
track:1276, 921, 655, 96, 81
track:1277, 914, 655, 96, 81
track:1278, 906, 656, 96, 81
track:1279, 907, 658, 92, 77
track:1280, 900, 659, 92, 77
track:1281, 893, 658, 92, 77
track:1282, 885, 659, 92, 77
track:1283, 881, 660, 92, 77
track:1284, 881, 660, 92, 77
track:1285, 873, 660, 92, 77
track:1286, 869, 661, 92, 77
track:1287, 866, 658, 92, 77
track:1288, 864, 658, 92, 77
track:1289, 864, 658, 92, 77
track:1290, 861, 656, 96, 81
track:1291, 858, 656, 96, 81
track:1292, 856, 656, 96, 81
track:1293, 856, 656, 96, 81
track:1294, 855, 656, 96, 81
track:1295, 854, 656, 96, 81
track:1296, 854, 656, 96, 81
track:1297, 854, 654, 96, 81
track:1298, 855, 655, 96, 81
track:1299, 854, 656, 96, 81
track:1300, 855, 657, 92, 77
track:1301, 853, 657, 92, 77
track:1302, 852, 658, 92, 77
track:1303, 854, 659, 87, 73
track:1304, 853, 659, 87, 73
track:1305, 854, 658, 87, 73
track:1306, 855, 659, 87, 73
track:1307, 856, 660, 87, 73
track:1308, 856, 661, 87, 73
track:1309, 855, 661, 87, 73
track:1310, 856, 661, 87, 73
track:1311, 859, 662, 87, 73
track:1312, 856, 661, 87, 73
track:1313, 858, 663, 83, 70
track:1314, 858, 663, 83, 70
track:1315, 858, 664, 83, 70
track:1316, 858, 665, 79, 67
track:1317, 856, 664, 79, 67
track:1318, 856, 664, 79, 67
track:1319, 855, 665, 79, 67
track:1320, 854, 665, 79, 67
track:1321, 853, 666, 79, 67
track:1322, 855, 668, 79, 67
track:1323, 856, 669, 79, 67
track:1324, 855, 669, 79, 67
track:1325, 856, 670, 79, 67
track:1326, 861, 672, 75, 63
track:1327, 863, 674, 75, 63
track:1328, 864, 674, 75, 63
track:1329, 865, 676, 72, 60
track:1330, 864, 676, 72, 60
track:1331, 864, 676, 72, 60
track:1332, 860, 676, 72, 60
track:1333, 855, 677, 72, 60
track:1334, 855, 677, 72, 60
track:1335, 850, 677, 72, 60
track:1336, 847, 676, 72, 60
track:1337, 844, 678, 68, 58
track:1338, 842, 678, 68, 58
track:1339, 842, 678, 68, 58
track:1340, 841, 678, 68, 58
track:1341, 842, 678, 68, 58
track:1342, 841, 678, 68, 58
track:1343, 840, 678, 68, 58
init :1344, 844, 677, 175, 49
track:1345, 844, 677, 175, 49
track:1346, 843, 677, 175, 49
track:1347, 844, 677, 175, 49
track:1348, 844, 677, 175, 49
track:1349, 839, 676, 184, 51
track:1350, 838, 677, 184, 51
track:1351, 837, 677, 184, 51
track:1352, 835, 678, 184, 51
track:1353, 832, 677, 193, 54
track:1354, 831, 678, 193, 54
track:1355, 832, 678, 193, 54
track:1356, 834, 678, 193, 54
track:1357, 837, 680, 184, 51
track:1358, 836, 680, 184, 51
track:1359, 837, 680, 184, 51
track:1360, 836, 680, 184, 51
track:1361, 836, 681, 184, 51
track:1362, 836, 681, 184, 51
track:1363, 837, 682, 184, 51
track:1364, 836, 682, 184, 51
track:1365, 835, 683, 184, 51
track:1366, 835, 683, 184, 51
track:1367, 835, 683, 184, 51
track:1368, 836, 683, 184, 51
track:1369, 836, 683, 184, 51
track:1370, 834, 685, 184, 51
track:1371, 834, 686, 184, 51
track:1372, 827, 685, 193, 54
track:1373, 824, 686, 193, 54
track:1374, 819, 684, 203, 57
track:1375, 822, 686, 193, 54
track:1376, 821, 686, 193, 54
track:1377, 819, 686, 193, 54
track:1378, 810, 685, 203, 57
track:1379, 809, 686, 203, 57
track:1380, 805, 687, 203, 57
track:1381, 801, 688, 203, 57
track:1382, 802, 690, 193, 54
track:1383, 799, 691, 193, 54
track:1384, 798, 691, 193, 54
track:1385, 797, 692, 193, 54
track:1386, 798, 693, 193, 54
track:1387, 803, 695, 184, 51
track:1388, 806, 696, 184, 51
track:1389, 805, 696, 184, 51
track:1390, 808, 696, 184, 51
track:1391, 808, 696, 193, 54
track:1392, 811, 697, 193, 54
track:1393, 813, 697, 203, 57
track:1394, 814, 699, 203, 57
track:1395, 818, 699, 203, 57
track:1396, 818, 700, 203, 57
track:1397, 817, 701, 203, 57
track:1398, 811, 701, 213, 60
track:1399, 811, 701, 213, 60
track:1400, 809, 702, 213, 60
track:1401, 808, 704, 203, 57
track:1402, 802, 705, 203, 57
track:1403, 800, 705, 203, 57
track:1404, 798, 706, 203, 57
track:1405, 794, 707, 203, 57
track:1406, 790, 707, 203, 57
track:1407, 787, 708, 203, 57
track:1408, 784, 707, 203, 57
track:1409, 784, 707, 203, 57
track:1410, 779, 706, 213, 60
track:1411, 774, 705, 223, 63
track:1412, 774, 705, 223, 63
track:1413, 781, 707, 213, 60
track:1414, 783, 707, 213, 60
track:1415, 787, 709, 203, 57
track:1416, 787, 710, 203, 57
track:1417, 785, 709, 203, 57
track:1418, 783, 710, 203, 57
track:1419, 782, 709, 203, 57
track:1420, 779, 710, 203, 57
track:1421, 778, 710, 203, 57
track:1422, 777, 710, 203, 57
init :1423, 789, 719, 249, 85
track:1424, 789, 719, 249, 85
track:1425, 789, 719, 249, 85
track:1426, 789, 719, 249, 85
track:1427, 788, 720, 249, 85
track:1428, 787, 720, 249, 85
track:1429, 786, 720, 249, 85
track:1430, 786, 720, 249, 85
track:1431, 784, 722, 249, 85
track:1432, 783, 723, 249, 85
track:1433, 783, 723, 249, 85
track:1434, 783, 724, 249, 85
track:1435, 784, 726, 249, 85
track:1436, 780, 727, 249, 85
track:1437, 778, 727, 249, 85
track:1438, 777, 728, 249, 85
track:1439, 779, 729, 249, 85
track:1440, 776, 731, 249, 85
track:1441, 772, 731, 249, 85
track:1442, 768, 732, 249, 85
track:1443, 762, 732, 249, 85
track:1444, 761, 731, 249, 85
track:1445, 753, 732, 249, 85
track:1446, 752, 730, 249, 85
track:1447, 755, 731, 237, 81
track:1448, 749, 731, 237, 81
track:1449, 750, 730, 237, 81
track:1450, 750, 729, 237, 81
track:1451, 753, 727, 237, 81
track:1452, 756, 727, 226, 77
track:1453, 763, 726, 226, 77
track:1454, 765, 726, 226, 77
track:1455, 770, 726, 226, 77
track:1456, 775, 726, 226, 77
track:1457, 778, 724, 237, 81
track:1458, 790, 724, 226, 77
track:1459, 791, 720, 237, 81
track:1460, 792, 722, 237, 81
track:1461, 807, 721, 237, 81
track:1462, 820, 714, 237, 81
track:1463, 821, 710, 237, 81
track:1464, 825, 703, 226, 77
track:1465, 838, 701, 215, 73
track:1466, 845, 699, 205, 70
track:1467, 849, 697, 205, 70
track:1468, 853, 696, 205, 70
track:1469, 846, 695, 195, 67
track:1470, 849, 696, 195, 67
track:1471, 852, 695, 195, 67
track:1472, 854, 693, 195, 67
track:1473, 854, 690, 195, 67
track:1474, 858, 689, 186, 63
track:1475, 852, 687, 186, 63
track:1476, 855, 688, 186, 63
track:1477, 858, 688, 177, 60
track:1478, 858, 688, 177, 60
track:1479, 861, 688, 177, 60
track:1480, 860, 686, 186, 63
track:1481, 866, 685, 186, 63
track:1482, 867, 682, 186, 63
track:1483, 870, 681, 186, 63
track:1484, 876, 681, 186, 63
track:1485, 883, 682, 177, 60
track:1486, 891, 684, 177, 60
track:1487, 895, 681, 169, 58
track:1488, 900, 681, 169, 58
track:1489, 902, 680, 169, 58
track:1490, 901, 679, 177, 60
track:1491, 909, 679, 169, 58
track:1492, 908, 674, 177, 60
track:1493, 910, 673, 177, 60
track:1494, 913, 670, 177, 60
track:1495, 909, 665, 186, 63
track:1496, 910, 663, 177, 60
track:1497, 905, 658, 177, 60
track:1498, 909, 659, 169, 58
track:1499, 909, 657, 169, 58
track:1500, 899, 654, 169, 58
track:1501, 898, 651, 169, 58
init :1502, 830, 636, 304, 132
track:1503, 830, 636, 304, 132
track:1504, 828, 635, 304, 132
track:1505, 826, 632, 304, 132
track:1506, 823, 629, 304, 132
track:1507, 820, 627, 304, 132
track:1508, 820, 625, 304, 132
track:1509, 818, 624, 304, 132
track:1510, 816, 621, 304, 132
track:1511, 809, 616, 319, 139
track:1512, 804, 612, 319, 139
track:1513, 808, 615, 304, 132
track:1514, 799, 617, 290, 126
track:1515, 780, 616, 290, 126
track:1516, 763, 618, 276, 120
track:1517, 729, 616, 290, 126
track:1518, 728, 614, 290, 126
track:1519, 706, 615, 290, 126
track:1520, 684, 617, 290, 126
track:1521, 658, 617, 290, 126
track:1522, 648, 619, 290, 126
track:1523, 652, 618, 290, 126
track:1524, 635, 619, 290, 126
track:1525, 641, 621, 276, 120
track:1526, 649, 625, 263, 114
track:1527, 659, 625, 250, 109
track:1528, 658, 626, 250, 109
track:1529, 690, 625, 238, 103
track:1530, 710, 624, 238, 103
track:1531, 740, 625, 227, 99
track:1532, 763, 624, 227, 99
track:1533, 766, 624, 227, 99
track:1534, 788, 624, 227, 99
track:1535, 814, 625, 227, 99
track:1536, 841, 626, 216, 94
track:1537, 866, 630, 206, 89
track:1538, 860, 628, 216, 94
track:1539, 879, 632, 206, 89
track:1540, 888, 634, 206, 89
track:1541, 897, 637, 196, 85
track:1542, 897, 637, 196, 85
track:1543, 898, 636, 196, 85
track:1544, 904, 639, 187, 81
track:1545, 900, 642, 187, 81
track:1546, 900, 646, 178, 77
track:1547, 888, 648, 178, 77
track:1548, 885, 647, 178, 77
track:1549, 880, 650, 178, 77
track:1550, 869, 652, 178, 77
track:1551, 868, 655, 169, 74
track:1552, 863, 656, 169, 74
track:1553, 862, 656, 169, 74
track:1554, 865, 658, 161, 70
track:1555, 863, 659, 161, 70
track:1556, 865, 661, 154, 67
track:1557, 873, 662, 146, 63
track:1558, 873, 662, 146, 63
track:1559, 877, 662, 146, 63
track:1560, 882, 663, 146, 63
track:1561, 885, 664, 146, 63
track:1562, 891, 666, 139, 60
track:1563, 891, 666, 139, 60
track:1564, 896, 667, 133, 58
track:1565, 897, 667, 133, 58
track:1566, 902, 670, 126, 55
track:1567, 903, 671, 120, 52
track:1568, 907, 672, 115, 50
track:1569, 905, 672, 115, 50
track:1570, 906, 673, 115, 50
track:1571, 902, 672, 115, 50
track:1572, 898, 671, 115, 50
track:1573, 898, 672, 115, 50
track:1574, 896, 672, 115, 50
track:1575, 895, 674, 109, 47
track:1576, 891, 675, 109, 47
track:1577, 892, 676, 104, 45
track:1578, 892, 676, 104, 45
track:1579, 893, 677, 99, 43
track:1580, 888, 677, 99, 43
init :1581, 904, 675, 138, 72
track:1582, 902, 675, 138, 72
track:1583, 902, 675, 138, 72
track:1584, 902, 676, 138, 72
track:1585, 899, 676, 138, 72
track:1586, 898, 676, 138, 72
track:1587, 902, 679, 131, 69
track:1588, 902, 679, 131, 69
track:1589, 901, 678, 131, 69
track:1590, 901, 678, 131, 69
track:1591, 901, 678, 131, 69
track:1592, 899, 679, 131, 69
track:1593, 900, 679, 131, 69
track:1594, 898, 679, 131, 69
track:1595, 896, 680, 131, 69
track:1596, 899, 683, 125, 65
track:1599, 896, 684, 125, 65
track:1600, 892, 684, 125, 65
track:1601, 889, 683, 125, 65
track:1602, 891, 683, 125, 65
track:1603, 889, 683, 125, 65
track:1604, 889, 684, 119, 62
track:1605, 889, 684, 119, 62
track:1606, 886, 685, 119, 62
track:1607, 881, 686, 119, 62
track:1608, 877, 685, 125, 65
elapseTime: 16.066
