init :7, 821, 630, 235, 197
track:8, 821, 630, 235, 197
track:9, 822, 630, 235, 197
track:10, 821, 631, 235, 197
track:11, 823, 630, 235, 197
track:12, 823, 630, 235, 197
track:13, 824, 630, 235, 197
track:14, 824, 630, 235, 197
track:15, 824, 630, 235, 197
track:16, 825, 630, 235, 197
track:17, 826, 630, 235, 197
track:18, 825, 630, 235, 197
track:19, 825, 629, 235, 197
track:20, 821, 626, 247, 207
track:21, 820, 626, 247, 207
track:22, 827, 631, 235, 197
track:23, 828, 631, 235, 197
track:24, 827, 631, 235, 197
track:25, 828, 630, 235, 197
track:26, 829, 631, 235, 197
track:27, 829, 631, 235, 197
track:28, 829, 631, 235, 197
track:29, 829, 630, 235, 197
track:30, 829, 630, 235, 197
track:31, 830, 629, 235, 197
track:32, 831, 631, 235, 197
track:33, 829, 630, 235, 197
track:34, 830, 631, 235, 197
track:35, 830, 630, 235, 197
track:36, 830, 631, 235, 197
track:37, 829, 630, 235, 197
track:38, 831, 630, 235, 197
track:39, 830, 630, 235, 197
track:40, 830, 630, 235, 197
track:41, 831, 629, 235, 197
track:42, 830, 631, 235, 197
track:43, 831, 630, 235, 197
track:44, 830, 631, 235, 197
track:45, 832, 630, 235, 197
track:46, 830, 631, 235, 197
track:48, 832, 630, 235, 197
track:49, 830, 630, 235, 197
track:50, 831, 629, 235, 197
track:51, 832, 629, 235, 197
track:52, 831, 628, 235, 197
track:53, 832, 629, 235, 197
track:54, 831, 629, 235, 197
track:55, 832, 629, 235, 197
track:56, 831, 629, 235, 197
track:57, 831, 628, 235, 197
track:58, 831, 629, 235, 197
track:59, 830, 628, 235, 197
track:60, 832, 628, 235, 197
track:61, 831, 630, 235, 197
track:62, 830, 629, 235, 197
track:63, 829, 629, 235, 197
track:64, 830, 629, 235, 197
track:65, 829, 629, 235, 197
track:66, 828, 629, 235, 197
track:67, 829, 628, 235, 197
track:68, 829, 629, 235, 197
track:69, 828, 629, 235, 197
track:70, 829, 628, 235, 197
track:71, 829, 629, 235, 197
track:72, 828, 629, 235, 197
track:73, 828, 629, 235, 197
track:74, 828, 628, 235, 197
track:75, 828, 629, 235, 197
track:76, 828, 629, 235, 197
track:77, 827, 629, 235, 197
track:78, 828, 628, 235, 197
track:79, 828, 629, 235, 197
track:80, 828, 629, 235, 197
track:81, 828, 628, 235, 197
track:82, 827, 629, 235, 197
track:83, 828, 630, 235, 197
track:84, 827, 629, 235, 197
track:85, 828, 629, 235, 197
track:86, 827, 630, 235, 197
track:87, 827, 629, 235, 197
track:88, 828, 629, 235, 197
track:89, 827, 630, 235, 197
track:90, 827, 630, 235, 197
track:91, 829, 629, 235, 197
init :92, 826, 633, 235, 197
track:93, 826, 633, 235, 197
track:94, 825, 633, 235, 197
track:95, 826, 633, 235, 197
track:96, 827, 633, 235, 197
track:97, 827, 633, 235, 197
track:98, 828, 632, 235, 197
track:99, 828, 631, 235, 197
track:100, 829, 632, 235, 197
track:101, 829, 631, 235, 197
track:102, 829, 631, 235, 197
track:103, 831, 630, 235, 197
track:104, 831, 629, 235, 197
track:105, 831, 627, 235, 197
track:106, 831, 629, 235, 197
track:107, 832, 627, 235, 197
track:108, 833, 624, 235, 197
track:109, 832, 623, 235, 197
track:110, 835, 624, 235, 197
track:111, 832, 621, 235, 197
track:112, 833, 619, 235, 197
track:113, 834, 617, 235, 197
track:114, 835, 616, 235, 197
track:115, 840, 620, 224, 188
track:116, 842, 618, 224, 188
track:117, 843, 617, 224, 188
track:120, 845, 613, 224, 188
track:121, 847, 611, 224, 188
track:122, 847, 609, 224, 188
track:123, 846, 608, 224, 188
track:124, 846, 607, 224, 188
track:125, 845, 604, 224, 188
track:126, 843, 601, 224, 188
track:127, 841, 599, 224, 188
track:128, 840, 599, 224, 188
track:129, 840, 599, 224, 188
track:130, 838, 601, 224, 188
track:131, 841, 602, 224, 188
track:132, 844, 605, 224, 188
track:133, 844, 608, 224, 188
track:134, 850, 612, 213, 179
track:135, 851, 613, 213, 179
track:136, 852, 614, 213, 179
track:137, 853, 615, 213, 179
track:138, 853, 618, 213, 179
track:139, 854, 616, 213, 179
track:140, 854, 615, 213, 179
track:141, 853, 615, 213, 179
track:142, 851, 616, 213, 179
track:143, 850, 616, 213, 179
track:144, 850, 617, 213, 179
track:145, 847, 620, 213, 179
track:146, 848, 621, 213, 179
track:147, 847, 621, 213, 179
track:148, 848, 624, 213, 179
track:149, 849, 623, 213, 179
track:150, 854, 631, 203, 170
track:151, 854, 634, 203, 170
track:152, 853, 637, 203, 170
track:153, 854, 639, 203, 170
track:154, 854, 641, 203, 170
track:155, 853, 642, 203, 170
track:156, 855, 643, 203, 170
track:157, 856, 644, 203, 170
track:158, 857, 644, 203, 170
track:159, 858, 643, 203, 170
track:160, 855, 644, 203, 170
track:161, 854, 644, 203, 170
track:162, 857, 649, 193, 162
track:163, 855, 649, 193, 162
track:164, 856, 648, 193, 162
track:165, 855, 650, 193, 162
track:166, 857, 650, 193, 162
track:167, 855, 650, 193, 162
track:168, 855, 650, 193, 162
track:169, 856, 649, 193, 162
track:170, 855, 648, 193, 162
track:171, 857, 648, 193, 162
track:172, 859, 647, 193, 162
track:173, 858, 645, 193, 162
track:174, 858, 645, 193, 162
track:175, 856, 647, 193, 162
track:176, 853, 648, 193, 162
track:177, 854, 647, 193, 162
track:178, 856, 649, 193, 162
track:179, 857, 648, 193, 162
track:180, 858, 650, 193, 162
track:181, 858, 651, 193, 162
track:182, 859, 654, 193, 162
init :183, 872, 656, 161, 158
track:184, 872, 656, 161, 158
track:185, 873, 658, 161, 158
track:186, 871, 656, 161, 158
track:187, 867, 652, 161, 158
track:188, 864, 649, 161, 158
track:189, 862, 648, 161, 158
track:190, 860, 647, 161, 158
track:191, 859, 645, 161, 158
track:192, 859, 640, 161, 158
track:193, 858, 639, 161, 158
track:194, 858, 637, 161, 158
track:195, 860, 636, 161, 158
track:196, 861, 635, 161, 158
track:197, 860, 634, 161, 158
track:198, 859, 634, 161, 158
track:199, 857, 634, 161, 158
track:200, 855, 636, 161, 158
track:201, 858, 639, 153, 150
track:202, 857, 637, 153, 150
track:203, 857, 634, 153, 150
track:204, 857, 634, 153, 150
track:205, 857, 631, 153, 150
track:206, 858, 630, 153, 150
track:207, 855, 629, 153, 150
track:208, 854, 628, 153, 150
track:209, 853, 626, 153, 150
track:210, 852, 623, 153, 150
track:211, 851, 620, 153, 150
track:212, 850, 618, 153, 150
track:213, 850, 617, 153, 150
track:214, 851, 617, 153, 150
track:215, 851, 616, 153, 150
track:216, 851, 614, 153, 150
track:217, 850, 616, 153, 150
track:218, 850, 615, 153, 150
track:219, 850, 617, 153, 150
track:220, 853, 624, 146, 143
track:221, 853, 625, 146, 143
track:222, 852, 627, 146, 143
track:223, 852, 627, 146, 143
track:224, 852, 629, 146, 143
track:225, 856, 635, 139, 136
track:226, 857, 635, 139, 136
track:227, 856, 636, 139, 136
track:228, 857, 636, 139, 136
track:229, 855, 637, 139, 136
track:230, 856, 636, 139, 136
track:231, 856, 635, 139, 136
track:232, 855, 632, 139, 136
track:233, 854, 631, 139, 136
track:234, 854, 631, 139, 136
track:235, 853, 631, 139, 136
track:236, 857, 632, 132, 130
track:237, 862, 636, 126, 124
track:238, 863, 636, 126, 124
track:239, 866, 640, 120, 118
track:240, 866, 642, 120, 118
track:241, 866, 644, 120, 118
track:242, 868, 643, 120, 118
track:243, 869, 643, 120, 118
track:244, 868, 643, 120, 118
track:245, 868, 644, 120, 118
track:246, 867, 645, 120, 118
track:247, 868, 644, 120, 118
track:248, 867, 645, 120, 118
track:249, 867, 645, 120, 118
track:250, 867, 647, 120, 118
track:251, 869, 649, 120, 118
track:252, 869, 651, 120, 118
track:253, 869, 651, 120, 118
track:254, 870, 653, 120, 118
track:255, 870, 657, 120, 118
track:256, 871, 658, 120, 118
track:257, 872, 661, 120, 118
track:258, 872, 663, 120, 118
track:259, 873, 664, 120, 118
track:260, 873, 665, 120, 118
track:261, 873, 666, 120, 118
track:262, 872, 667, 120, 118
track:263, 871, 667, 120, 118
track:264, 872, 669, 120, 118
track:265, 872, 671, 120, 118
track:266, 872, 672, 120, 118
track:267, 872, 674, 120, 118
track:268, 872, 675, 120, 118
track:269, 872, 675, 120, 118
track:270, 873, 677, 120, 118
track:271, 874, 680, 120, 118
track:272, 874, 683, 120, 118
track:273, 874, 684, 120, 118
init :274, 867, 690, 129, 106
track:275, 868, 692, 129, 106
track:276, 869, 694, 129, 106
track:277, 867, 694, 135, 111
track:278, 866, 695, 135, 111
track:279, 867, 695, 135, 111
track:280, 869, 694, 135, 111
track:281, 870, 693, 135, 111
track:282, 871, 694, 135, 111
track:283, 872, 695, 135, 111
track:284, 870, 695, 142, 117
track:285, 868, 695, 149, 123
track:286, 869, 693, 149, 123
track:287, 867, 688, 157, 129
track:288, 868, 687, 157, 129
track:289, 864, 681, 165, 135
track:290, 864, 676, 165, 135
track:291, 864, 670, 165, 135
track:292, 866, 663, 165, 135
track:293, 862, 659, 173, 142
track:294, 863, 657, 173, 142
track:295, 862, 651, 182, 149
track:296, 864, 652, 182, 149
track:297, 857, 649, 191, 157
track:298, 854, 646, 200, 164
track:299, 852, 647, 200, 164
track:300, 847, 644, 210, 173
track:301, 840, 642, 221, 181
track:302, 833, 642, 232, 190
track:303, 832, 642, 232, 190
track:304, 831, 646, 232, 190
track:305, 823, 642, 243, 200
track:306, 822, 643, 243, 200
track:307, 816, 635, 255, 210
track:308, 809, 630, 268, 220
track:309, 808, 628, 268, 220
track:310, 806, 621, 268, 220
track:311, 806, 607, 268, 220
track:312, 814, 601, 255, 210
track:313, 813, 599, 255, 210
track:314, 820, 599, 243, 200
track:315, 821, 591, 243, 200
track:316, 819, 582, 243, 200
track:317, 823, 575, 243, 200
track:318, 828, 578, 232, 190
track:319, 834, 582, 221, 181
track:320, 840, 572, 221, 181
track:321, 844, 566, 221, 181
track:322, 845, 564, 221, 181
track:323, 849, 568, 210, 173
track:324, 848, 573, 210, 173
track:325, 847, 570, 210, 173
track:326, 852, 566, 200, 164
track:327, 850, 565, 200, 164
track:328, 850, 566, 200, 164
track:329, 847, 575, 200, 164
track:330, 844, 581, 200, 164
track:331, 847, 587, 191, 157
track:332, 846, 590, 191, 157
track:333, 845, 591, 191, 157
track:334, 844, 592, 191, 157
track:335, 844, 593, 191, 157
track:336, 844, 596, 191, 157
track:337, 844, 598, 191, 157
track:338, 845, 598, 191, 157
track:339, 845, 595, 191, 157
track:340, 847, 592, 191, 157
track:341, 846, 591, 191, 157
track:342, 847, 592, 191, 157
track:343, 848, 591, 191, 157
track:344, 847, 589, 191, 157
track:345, 852, 590, 182, 149
track:346, 853, 592, 182, 149
track:347, 856, 597, 173, 142
track:348, 861, 600, 165, 135
track:349, 860, 603, 165, 135
track:350, 861, 607, 165, 135
track:351, 867, 614, 157, 129
track:352, 871, 619, 149, 123
track:353, 870, 620, 149, 123
track:354, 870, 622, 149, 123
track:355, 870, 624, 149, 123
track:356, 869, 625, 149, 123
track:357, 868, 626, 149, 123
track:358, 869, 625, 149, 123
track:359, 868, 625, 149, 123
track:360, 868, 625, 149, 123
track:361, 866, 625, 149, 123
track:362, 869, 628, 142, 117
track:363, 869, 628, 142, 117
track:364, 868, 629, 142, 117
init :365, 872, 643, 133, 103
track:366, 872, 643, 133, 103
track:367, 871, 645, 133, 103
track:368, 870, 645, 133, 103
track:369, 874, 647, 127, 98
track:370, 873, 652, 127, 98
track:371, 873, 659, 127, 98
track:372, 872, 661, 127, 98
track:373, 872, 661, 127, 98
track:374, 871, 663, 127, 98
track:375, 870, 664, 127, 98
track:376, 867, 664, 127, 98
track:377, 866, 665, 127, 98
track:378, 865, 666, 127, 98
track:379, 865, 667, 127, 98
track:380, 865, 666, 127, 98
track:381, 864, 666, 127, 98
track:382, 862, 666, 127, 98
track:383, 862, 666, 127, 98
track:384, 860, 666, 127, 98
track:385, 863, 666, 121, 93
track:386, 863, 665, 121, 93
track:387, 862, 665, 121, 93
track:388, 862, 665, 121, 93
track:389, 862, 665, 121, 93
track:390, 862, 665, 121, 93
track:391, 861, 667, 121, 93
track:392, 862, 670, 121, 93
track:393, 862, 670, 121, 93
track:394, 862, 671, 121, 93
track:395, 863, 676, 121, 93
track:396, 864, 679, 121, 93
track:397, 865, 684, 121, 93
track:398, 866, 685, 121, 93
track:399, 867, 689, 121, 93
track:400, 868, 694, 121, 93
track:401, 869, 699, 121, 93
track:402, 871, 703, 121, 93
track:403, 870, 703, 121, 93
track:404, 871, 705, 121, 93
track:405, 872, 705, 121, 93
track:406, 872, 705, 121, 93
track:407, 874, 704, 121, 93
track:408, 874, 704, 121, 93
track:409, 874, 704, 121, 93
track:410, 874, 702, 121, 93
track:411, 875, 699, 121, 93
track:412, 876, 697, 121, 93
track:413, 876, 696, 121, 93
track:414, 876, 695, 121, 93
track:415, 876, 696, 121, 93
track:416, 876, 698, 121, 93
track:417, 876, 698, 121, 93
track:418, 876, 698, 121, 93
track:419, 876, 698, 121, 93
track:420, 874, 700, 121, 93
track:421, 874, 700, 121, 93
track:422, 875, 700, 115, 89
track:423, 875, 700, 115, 89
track:424, 875, 698, 115, 89
track:425, 874, 695, 115, 89
track:426, 874, 694, 115, 89
track:427, 874, 692, 115, 89
track:428, 873, 692, 115, 89
track:429, 872, 692, 115, 89
track:430, 872, 692, 115, 89
track:431, 873, 693, 115, 89
track:432, 870, 692, 115, 89
track:433, 871, 692, 115, 89
track:434, 870, 692, 115, 89
track:435, 869, 693, 115, 89
track:436, 868, 693, 115, 89
track:437, 868, 695, 115, 89
track:438, 868, 696, 115, 89
track:439, 869, 697, 115, 89
track:440, 869, 698, 115, 89
track:441, 869, 697, 115, 89
track:442, 870, 698, 115, 89
track:443, 871, 698, 115, 89
track:444, 870, 698, 115, 89
track:445, 870, 699, 115, 89
track:446, 871, 700, 115, 89
track:447, 870, 699, 115, 89
track:448, 871, 699, 115, 89
track:449, 871, 698, 115, 89
track:450, 868, 696, 121, 93
track:451, 868, 697, 121, 93
track:452, 869, 699, 121, 93
track:453, 870, 698, 121, 93
track:454, 871, 699, 121, 93
track:455, 872, 699, 121, 93
init :456, 872, 693, 120, 93
track:457, 871, 693, 120, 93
track:458, 872, 693, 120, 93
track:459, 872, 693, 120, 93
track:460, 872, 691, 120, 93
track:461, 872, 691, 120, 93
track:462, 872, 691, 120, 93
track:463, 872, 690, 120, 93
track:464, 871, 687, 120, 93
track:465, 871, 685, 120, 93
track:466, 871, 685, 120, 93
track:467, 871, 685, 120, 93
track:468, 871, 686, 120, 93
track:469, 868, 685, 126, 98
track:470, 870, 686, 126, 98
track:471, 871, 687, 126, 98
track:472, 871, 687, 126, 98
track:473, 870, 686, 132, 103
track:474, 870, 688, 132, 103
track:475, 871, 689, 132, 103
track:476, 870, 686, 139, 108
track:477, 870, 685, 139, 108
track:478, 871, 685, 139, 108
track:479, 873, 683, 139, 108
track:480, 876, 674, 139, 108
track:481, 877, 672, 139, 108
track:482, 877, 671, 139, 108
track:483, 880, 661, 139, 108
track:484, 878, 659, 146, 113
track:485, 879, 659, 146, 113
track:486, 880, 662, 146, 113
track:487, 880, 662, 146, 113
track:488, 876, 665, 153, 119
track:490, 873, 667, 153, 119
track:491, 870, 669, 153, 119
track:492, 866, 666, 161, 125
track:493, 864, 667, 161, 125
track:494, 863, 667, 161, 125
track:495, 858, 659, 161, 125
track:496, 857, 654, 161, 125
track:497, 857, 653, 161, 125
track:498, 855, 651, 161, 125
track:499, 854, 647, 161, 125
track:500, 849, 641, 169, 131
track:501, 849, 636, 169, 131
track:502, 850, 637, 169, 131
track:503, 849, 633, 169, 131
track:504, 850, 632, 169, 131
track:505, 848, 632, 169, 131
track:506, 847, 631, 169, 131
track:507, 848, 631, 169, 131
track:508, 847, 628, 169, 131
track:509, 847, 625, 169, 131
track:510, 847, 621, 169, 131
track:511, 851, 623, 161, 125
track:512, 850, 622, 161, 125
track:513, 849, 621, 161, 125
track:514, 849, 623, 161, 125
track:515, 850, 624, 161, 125
track:516, 849, 622, 161, 125
track:517, 850, 623, 161, 125
track:518, 849, 620, 161, 125
track:519, 850, 619, 161, 125
track:520, 851, 619, 161, 125
track:521, 851, 618, 161, 125
track:522, 851, 618, 161, 125
track:523, 850, 619, 161, 125
track:524, 852, 622, 161, 125
track:525, 852, 624, 161, 125
track:526, 857, 628, 153, 119
track:527, 861, 630, 146, 113
track:528, 862, 630, 146, 113
track:529, 865, 632, 139, 108
track:530, 866, 630, 139, 108
track:531, 867, 629, 139, 108
track:532, 870, 631, 132, 103
track:533, 871, 632, 132, 103
track:534, 872, 632, 132, 103
track:535, 870, 634, 132, 103
track:536, 871, 636, 132, 103
track:537, 872, 637, 132, 103
track:538, 872, 638, 132, 103
track:539, 871, 639, 132, 103
track:540, 875, 642, 126, 98
track:543, 876, 647, 120, 93
track:544, 875, 645, 120, 93
track:546, 873, 653, 120, 93
init :547, 872, 656, 115, 83
track:548, 871, 658, 115, 83
track:549, 871, 661, 115, 83
track:550, 870, 663, 115, 83
track:551, 868, 664, 115, 83
track:552, 868, 664, 115, 83
track:553, 868, 664, 115, 83
track:554, 868, 664, 115, 83
track:555, 867, 665, 115, 83
track:556, 867, 665, 115, 83
track:557, 867, 665, 115, 83
track:558, 869, 671, 110, 79
track:559, 871, 675, 104, 75
track:560, 871, 678, 104, 75
track:561, 871, 682, 104, 75
track:562, 871, 682, 104, 75
track:563, 871, 684, 104, 75
track:564, 871, 686, 104, 75
track:565, 871, 687, 104, 75
track:566, 871, 689, 104, 75
track:567, 870, 690, 104, 75
track:568, 872, 692, 104, 75
track:569, 873, 693, 104, 75
track:570, 872, 696, 104, 75
track:571, 872, 698, 104, 75
track:572, 872, 699, 104, 75
track:573, 873, 701, 104, 75
track:574, 874, 702, 104, 75
track:575, 875, 702, 104, 75
track:576, 874, 700, 104, 75
track:577, 873, 700, 104, 75
track:578, 873, 697, 104, 75
track:579, 873, 695, 104, 75
track:580, 874, 695, 104, 75
track:581, 875, 696, 104, 75
track:582, 876, 696, 104, 75
track:583, 874, 698, 104, 75
track:584, 874, 699, 104, 75
track:585, 874, 700, 104, 75
track:586, 873, 700, 104, 75
track:587, 874, 701, 104, 75
track:588, 874, 700, 104, 75
track:589, 875, 700, 104, 75
track:590, 874, 699, 104, 75
track:591, 872, 700, 104, 75
track:592, 872, 701, 104, 75
track:593, 869, 698, 110, 79
track:594, 866, 694, 115, 83
track:595, 866, 686, 115, 83
track:596, 865, 684, 115, 83
track:597, 865, 683, 115, 83
track:598, 861, 678, 121, 87
track:599, 860, 671, 121, 87
track:600, 860, 668, 121, 87
track:601, 861, 668, 121, 87
track:602, 861, 667, 121, 87
track:603, 861, 666, 121, 87
track:604, 861, 662, 121, 87
track:605, 861, 659, 121, 87
track:606, 860, 658, 121, 87
track:607, 860, 658, 121, 87
track:608, 860, 658, 121, 87
track:609, 861, 657, 121, 87
track:610, 858, 657, 127, 92
track:611, 858, 659, 127, 92
track:612, 858, 661, 127, 92
track:613, 858, 663, 127, 92
track:614, 858, 664, 127, 92
track:615, 858, 668, 127, 92
track:616, 855, 668, 133, 96
track:617, 854, 669, 133, 96
track:618, 854, 668, 133, 96
track:619, 854, 667, 133, 96
track:620, 856, 666, 133, 96
track:621, 856, 665, 133, 96
track:622, 856, 665, 133, 96
track:623, 855, 664, 133, 96
track:624, 854, 663, 133, 96
track:625, 855, 662, 133, 96
track:626, 856, 663, 133, 96
track:627, 856, 664, 133, 96
track:628, 853, 663, 140, 101
track:629, 853, 662, 140, 101
track:630, 852, 660, 140, 101
track:631, 852, 660, 140, 101
track:632, 852, 660, 140, 101
track:633, 854, 663, 140, 101
track:634, 854, 665, 140, 101
track:635, 851, 665, 147, 106
track:636, 854, 667, 147, 106
track:637, 853, 668, 147, 106
init :638, 858, 669, 152, 116
track:639, 858, 670, 152, 116
track:640, 859, 670, 152, 116
track:641, 859, 668, 152, 116
track:642, 859, 668, 152, 116
track:643, 859, 667, 152, 116
track:644, 859, 665, 152, 116
track:645, 859, 656, 152, 116
track:646, 860, 656, 152, 116
track:647, 859, 655, 152, 116
track:648, 863, 656, 145, 110
track:649, 865, 656, 145, 110
track:650, 866, 656, 145, 110
track:651, 866, 656, 145, 110
track:652, 867, 656, 145, 110
track:653, 868, 656, 145, 110
track:654, 868, 657, 145, 110
track:655, 870, 662, 145, 110
track:656, 872, 663, 145, 110
track:657, 872, 664, 145, 110
track:658, 873, 666, 145, 110
track:659, 874, 666, 145, 110
track:660, 875, 665, 145, 110
track:661, 875, 664, 145, 110
track:662, 875, 664, 145, 110
track:663, 875, 664, 145, 110
track:664, 877, 663, 145, 110
track:665, 878, 661, 145, 110
track:666, 878, 659, 145, 110
track:667, 878, 659, 145, 110
track:668, 879, 657, 145, 110
track:669, 879, 656, 145, 110
track:670, 878, 655, 145, 110
track:671, 877, 655, 145, 110
track:672, 877, 655, 145, 110
track:673, 874, 655, 145, 110
track:674, 873, 654, 145, 110
track:675, 872, 653, 145, 110
track:676, 872, 653, 145, 110
track:677, 872, 654, 145, 110
track:678, 870, 656, 145, 110
track:679, 869, 666, 145, 110
track:680, 870, 674, 145, 110
track:681, 871, 675, 145, 110
track:682, 871, 675, 145, 110
track:683, 869, 674, 145, 110
track:684, 863, 671, 152, 116
track:685, 863, 674, 152, 116
track:686, 863, 676, 152, 116
track:687, 864, 677, 152, 116
track:688, 859, 673, 160, 122
track:689, 859, 672, 160, 122
track:690, 857, 670, 160, 122
track:691, 856, 669, 160, 122
track:692, 856, 668, 160, 122
track:693, 856, 667, 160, 122
track:694, 857, 667, 160, 122
track:695, 857, 666, 160, 122
track:696, 855, 664, 160, 122
track:697, 855, 664, 160, 122
track:698, 853, 663, 160, 122
track:699, 850, 663, 160, 122
track:700, 850, 664, 160, 122
track:701, 850, 665, 160, 122
track:702, 851, 666, 160, 122
track:703, 851, 670, 160, 122
track:704, 849, 674, 160, 122
track:705, 848, 678, 160, 122
track:706, 848, 680, 160, 122
track:707, 847, 680, 160, 122
track:708, 846, 682, 160, 122
track:709, 846, 683, 160, 122
track:710, 847, 681, 160, 122
track:711, 846, 680, 160, 122
track:712, 846, 678, 160, 122
track:713, 846, 676, 160, 122
track:714, 846, 676, 160, 122
track:715, 845, 678, 160, 122
track:716, 845, 678, 160, 122
track:717, 846, 679, 160, 122
track:718, 847, 680, 160, 122
track:719, 848, 680, 160, 122
track:720, 848, 681, 160, 122
track:721, 847, 681, 160, 122
track:722, 847, 681, 160, 122
track:723, 848, 680, 160, 122
track:724, 848, 678, 160, 122
track:725, 849, 674, 160, 122
track:726, 849, 673, 160, 122
track:727, 849, 671, 160, 122
track:728, 849, 670, 160, 122
init :729, 853, 654, 152, 124
track:730, 853, 653, 152, 124
track:731, 853, 653, 152, 124
track:732, 854, 653, 152, 124
track:733, 850, 649, 160, 130
track:734, 855, 648, 152, 124
track:735, 856, 642, 152, 124
track:736, 856, 642, 152, 124
track:737, 856, 641, 152, 124
track:738, 855, 639, 152, 124
track:739, 851, 637, 160, 130
track:740, 853, 638, 160, 130
track:741, 854, 639, 160, 130
track:742, 854, 639, 160, 130
track:743, 852, 640, 160, 130
track:744, 852, 639, 160, 130
track:745, 853, 637, 160, 130
track:746, 853, 638, 160, 130
track:747, 854, 636, 160, 130
track:748, 853, 627, 160, 130
track:749, 852, 621, 160, 130
track:750, 851, 621, 160, 130
track:751, 853, 625, 152, 124
track:752, 853, 626, 152, 124
track:753, 854, 627, 152, 124
track:754, 856, 627, 152, 124
track:755, 858, 626, 152, 124
track:756, 859, 626, 152, 124
track:757, 860, 625, 152, 124
track:758, 862, 626, 145, 118
track:759, 861, 627, 145, 118
track:760, 862, 632, 145, 118
track:761, 862, 633, 145, 118
track:762, 864, 633, 145, 118
track:763, 867, 632, 145, 118
track:764, 868, 633, 145, 118
track:765, 867, 633, 145, 118
track:766, 867, 634, 145, 118
track:767, 866, 634, 145, 118
track:768, 865, 635, 145, 118
track:769, 866, 636, 145, 118
track:770, 869, 646, 145, 118
track:771, 870, 647, 145, 118
track:772, 871, 646, 145, 118
track:773, 872, 644, 145, 118
track:774, 872, 644, 145, 118
track:775, 873, 645, 145, 118
track:776, 873, 645, 145, 118
track:777, 877, 646, 138, 112
track:778, 878, 646, 138, 112
track:779, 882, 648, 131, 107
track:780, 886, 651, 125, 102
track:781, 887, 651, 125, 102
track:782, 886, 651, 125, 102
track:783, 886, 651, 125, 102
track:784, 886, 650, 125, 102
track:785, 885, 650, 125, 102
track:786, 885, 651, 125, 102
track:787, 884, 651, 125, 102
track:788, 884, 651, 125, 102
track:789, 883, 652, 125, 102
track:790, 881, 651, 125, 102
track:791, 882, 651, 125, 102
track:792, 882, 650, 125, 102
track:793, 882, 652, 125, 102
track:794, 881, 653, 125, 102
track:795, 878, 655, 131, 107
track:796, 878, 655, 131, 107
track:797, 879, 654, 131, 107
track:798, 879, 654, 131, 107
track:799, 879, 654, 131, 107
track:800, 879, 655, 131, 107
track:801, 878, 656, 131, 107
track:802, 877, 657, 131, 107
track:803, 877, 657, 131, 107
track:804, 878, 658, 131, 107
track:805, 877, 658, 131, 107
track:806, 877, 658, 131, 107
track:807, 876, 658, 131, 107
track:808, 875, 659, 131, 107
track:809, 875, 661, 131, 107
track:810, 876, 662, 131, 107
track:811, 876, 663, 131, 107
track:812, 875, 664, 131, 107
track:813, 873, 665, 131, 107
track:814, 871, 664, 131, 107
track:815, 871, 664, 131, 107
track:816, 871, 663, 131, 107
track:817, 870, 666, 131, 107
track:818, 870, 674, 131, 107
track:819, 869, 675, 131, 107
init :820, 858, 680, 147, 127
track:821, 858, 680, 147, 127
track:822, 857, 681, 147, 127
track:823, 857, 679, 147, 127
track:824, 857, 678, 147, 127
track:825, 855, 679, 147, 127
track:826, 855, 679, 147, 127
track:827, 851, 681, 154, 133
track:828, 851, 685, 154, 133
track:829, 852, 688, 154, 133
track:830, 850, 686, 162, 140
track:831, 850, 687, 162, 140
track:832, 851, 688, 162, 140
track:833, 854, 685, 162, 140
track:834, 854, 678, 162, 140
track:835, 855, 670, 162, 140
track:836, 855, 668, 162, 140
track:837, 855, 663, 162, 140
track:838, 853, 662, 162, 140
track:839, 852, 658, 162, 140
track:840, 851, 653, 162, 140
track:841, 850, 652, 162, 140
track:842, 844, 648, 170, 147
track:843, 836, 640, 179, 154
track:844, 834, 636, 179, 154
track:845, 828, 623, 179, 154
track:846, 827, 623, 179, 154
track:847, 826, 614, 179, 154
track:848, 827, 610, 179, 154
track:849, 825, 608, 179, 154
track:850, 825, 606, 179, 154
track:851, 825, 606, 179, 154
track:852, 824, 599, 188, 162
track:853, 829, 595, 188, 162
track:854, 826, 592, 197, 170
track:855, 826, 597, 197, 170
track:856, 826, 597, 197, 170
track:857, 826, 598, 197, 170
track:858, 828, 596, 197, 170
track:859, 828, 592, 197, 170
track:860, 827, 590, 197, 170
track:861, 828, 591, 197, 170
track:862, 828, 592, 197, 170
track:863, 828, 598, 197, 170
track:864, 834, 605, 188, 162
track:865, 835, 613, 188, 162
track:866, 834, 613, 188, 162
track:867, 833, 617, 188, 162
track:868, 833, 619, 188, 162
track:869, 835, 620, 188, 162
track:870, 835, 623, 188, 162
track:871, 835, 626, 188, 162
track:872, 836, 625, 188, 162
track:873, 841, 630, 179, 154
track:874, 842, 629, 179, 154
track:875, 842, 631, 179, 154
track:876, 848, 634, 170, 147
track:877, 849, 636, 170, 147
track:878, 855, 639, 162, 140
track:879, 855, 638, 162, 140
track:880, 855, 639, 162, 140
track:881, 856, 638, 162, 140
track:882, 859, 641, 154, 133
track:883, 862, 640, 154, 133
track:884, 864, 639, 154, 133
track:885, 865, 638, 154, 133
track:886, 865, 638, 154, 133
track:887, 867, 639, 154, 133
track:888, 867, 640, 154, 133
track:889, 867, 638, 154, 133
track:890, 870, 637, 154, 133
track:891, 871, 637, 154, 133
track:892, 877, 639, 147, 127
track:893, 881, 641, 140, 121
track:894, 880, 640, 140, 121
track:895, 882, 642, 140, 121
track:896, 882, 641, 140, 121
track:897, 885, 644, 133, 115
track:898, 883, 642, 133, 115
track:899, 882, 642, 133, 115
track:900, 880, 644, 133, 115
track:901, 880, 644, 133, 115
track:902, 879, 646, 133, 115
track:903, 878, 646, 133, 115
track:904, 878, 645, 133, 115
track:905, 878, 646, 133, 115
track:906, 878, 646, 133, 115
track:907, 907, 636, 133, 115
track:908, 915, 633, 133, 115
track:909, 916, 640, 133, 115
track:910, 916, 646, 133, 115
init :911, 803, 558, 290, 262
track:912, 797, 556, 304, 275
track:913, 797, 558, 304, 275
track:914, 798, 561, 304, 275
track:915, 799, 566, 304, 275
track:916, 806, 572, 290, 262
track:917, 800, 568, 304, 275
track:918, 807, 576, 290, 262
track:919, 814, 583, 276, 250
track:920, 805, 578, 290, 262
track:921, 804, 578, 290, 262
track:922, 801, 577, 290, 262
track:923, 795, 575, 290, 262
track:924, 790, 575, 290, 262
track:925, 786, 573, 290, 262
track:926, 784, 574, 290, 262
track:927, 782, 575, 290, 262
track:928, 775, 574, 290, 262
track:929, 770, 574, 290, 262
track:930, 767, 574, 290, 262
track:931, 766, 574, 290, 262
track:932, 764, 574, 290, 262
track:933, 765, 573, 290, 262
track:934, 763, 569, 290, 262
track:935, 765, 566, 290, 262
track:936, 764, 567, 290, 262
track:937, 765, 564, 290, 262
track:938, 766, 562, 290, 262
track:939, 758, 552, 304, 275
track:940, 760, 551, 304, 275
track:941, 760, 550, 304, 275
track:942, 761, 548, 304, 275
track:943, 765, 555, 290, 262
track:944, 765, 554, 290, 262
track:945, 762, 553, 290, 262
track:946, 762, 554, 290, 262
track:947, 759, 553, 290, 262
track:948, 759, 555, 290, 262
track:949, 750, 557, 290, 262
track:950, 749, 559, 290, 262
track:951, 743, 558, 290, 262
track:952, 745, 561, 290, 262
track:953, 744, 561, 290, 262
track:954, 742, 562, 290, 262
track:955, 736, 564, 290, 262
track:956, 733, 563, 290, 262
track:957, 737, 566, 290, 262
track:958, 736, 567, 290, 262
track:959, 742, 576, 276, 250
track:960, 739, 576, 276, 250
track:961, 740, 576, 276, 250
track:962, 737, 578, 276, 250
track:963, 735, 578, 276, 250
track:964, 733, 579, 276, 250
track:965, 732, 579, 276, 250
track:966, 728, 580, 276, 250
track:967, 721, 580, 276, 250
track:968, 719, 581, 276, 250
track:969, 712, 582, 276, 250
track:970, 713, 581, 276, 250
track:971, 712, 582, 276, 250
track:972, 703, 582, 276, 250
track:973, 699, 582, 276, 250
track:974, 697, 582, 276, 250
track:975, 696, 582, 276, 250
track:976, 691, 583, 276, 250
track:977, 692, 584, 276, 250
track:978, 692, 585, 276, 250
track:979, 690, 585, 276, 250
track:980, 690, 585, 276, 250
track:981, 689, 586, 276, 250
track:982, 690, 586, 276, 250
track:983, 688, 586, 276, 250
track:984, 690, 586, 276, 250
track:985, 688, 585, 276, 250
track:986, 690, 585, 276, 250
track:987, 691, 585, 276, 250
track:988, 695, 585, 276, 250
track:989, 698, 584, 276, 250
track:990, 696, 586, 276, 250
track:991, 700, 592, 263, 238
track:992, 702, 593, 263, 238
track:993, 702, 590, 263, 238
track:994, 703, 590, 263, 238
track:995, 703, 589, 263, 238
track:996, 703, 587, 263, 238
track:997, 704, 584, 263, 238
track:998, 710, 582, 263, 238
track:999, 718, 585, 251, 226
track:1000, 721, 585, 251, 226
track:1001, 723, 581, 251, 226
init :1002, 738, 581, 498, 223
track:1003, 741, 580, 498, 223
track:1004, 743, 575, 498, 223
track:1005, 746, 575, 498, 223
track:1006, 745, 574, 498, 223
track:1007, 744, 572, 498, 223
track:1008, 747, 568, 498, 223
track:1009, 743, 568, 498, 223
track:1010, 741, 565, 498, 223
track:1011, 743, 566, 498, 223
track:1012, 756, 569, 474, 212
track:1013, 753, 569, 474, 212
track:1014, 747, 569, 474, 212
track:1015, 756, 573, 452, 202
track:1016, 739, 569, 474, 212
track:1017, 748, 571, 452, 202
track:1018, 743, 572, 452, 202
track:1019, 741, 571, 452, 202
track:1020, 739, 572, 452, 202
track:1021, 738, 571, 452, 202
track:1022, 750, 575, 430, 193
track:1023, 748, 574, 430, 193
track:1024, 743, 573, 430, 193
track:1025, 740, 573, 430, 193
track:1026, 742, 572, 430, 193
track:1027, 740, 574, 430, 193
track:1028, 736, 575, 430, 193
track:1029, 731, 577, 430, 193
track:1030, 742, 581, 410, 183
track:1031, 738, 583, 410, 183
track:1032, 730, 584, 410, 183
track:1033, 731, 585, 410, 183
track:1034, 727, 585, 410, 183
track:1035, 726, 586, 410, 183
track:1036, 719, 589, 410, 183
track:1037, 715, 590, 410, 183
track:1038, 725, 596, 390, 175
track:1039, 722, 598, 390, 175
track:1040, 724, 599, 390, 175
track:1041, 722, 601, 390, 175
track:1042, 720, 603, 390, 175
track:1043, 727, 609, 372, 166
track:1044, 726, 609, 372, 166
track:1045, 727, 611, 372, 166
track:1046, 729, 610, 372, 166
track:1047, 731, 613, 372, 166
track:1048, 735, 612, 372, 166
track:1049, 738, 612, 372, 166
track:1050, 740, 612, 372, 166
track:1051, 740, 609, 372, 166
track:1052, 754, 611, 354, 158
track:1053, 766, 612, 337, 151
track:1054, 778, 615, 321, 144
track:1055, 775, 611, 337, 151
track:1056, 780, 610, 337, 151
track:1057, 782, 610, 337, 151
track:1058, 779, 608, 354, 158
track:1059, 781, 610, 354, 158
track:1060, 782, 611, 354, 158
track:1061, 777, 611, 354, 158
track:1062, 777, 612, 354, 158
track:1063, 782, 615, 337, 151
track:1064, 778, 614, 337, 151
track:1065, 776, 613, 337, 151
track:1066, 763, 610, 354, 158
track:1067, 751, 610, 354, 158
track:1068, 745, 609, 354, 158
track:1069, 733, 610, 354, 158
track:1070, 734, 609, 354, 158
track:1071, 729, 610, 354, 158
track:1072, 714, 614, 354, 158
track:1073, 702, 617, 337, 151
track:1074, 691, 617, 337, 151
track:1075, 693, 615, 337, 151
track:1076, 676, 617, 337, 151
track:1077, 674, 618, 337, 151
track:1078, 658, 621, 321, 144
track:1079, 650, 622, 321, 144
track:1080, 659, 626, 306, 137
track:1081, 655, 626, 306, 137
track:1082, 640, 623, 321, 144
track:1083, 634, 623, 321, 144
track:1084, 630, 624, 321, 144
track:1085, 633, 623, 321, 144
track:1086, 628, 619, 337, 151
track:1087, 636, 622, 321, 144
track:1088, 631, 622, 321, 144
track:1089, 631, 622, 321, 144
track:1090, 631, 623, 321, 144
track:1091, 632, 624, 321, 144
track:1092, 628, 625, 321, 144
init :1093, 673, 628, 456, 140
track:1094, 673, 628, 456, 140
track:1095, 673, 628, 456, 140
track:1096, 675, 629, 456, 140
track:1097, 679, 629, 456, 140
track:1098, 680, 631, 456, 140
track:1099, 681, 631, 456, 140
track:1100, 683, 631, 456, 140
track:1101, 672, 627, 479, 147
track:1102, 684, 629, 456, 140
track:1103, 680, 629, 456, 140
track:1104, 685, 629, 456, 140
track:1105, 683, 631, 456, 140
track:1106, 684, 631, 456, 140
track:1107, 690, 632, 456, 140
track:1108, 687, 634, 456, 140
track:1109, 678, 635, 456, 140
track:1110, 680, 636, 456, 140
track:1111, 674, 637, 456, 140
track:1112, 657, 632, 479, 147
track:1113, 665, 636, 456, 140
track:1114, 664, 636, 456, 140
track:1115, 663, 636, 456, 140
track:1116, 658, 637, 456, 140
track:1117, 649, 638, 456, 140
track:1118, 678, 641, 434, 133
track:1119, 676, 644, 434, 133
track:1120, 677, 645, 414, 127
track:1121, 672, 641, 434, 133
track:1122, 661, 640, 456, 140
track:1123, 663, 642, 456, 140
track:1124, 661, 641, 456, 140
track:1125, 654, 642, 456, 140
track:1126, 652, 643, 456, 140
track:1127, 653, 646, 456, 140
track:1128, 786, 650, 456, 140
track:1129, 788, 658, 434, 133
track:1130, 663, 653, 434, 133
track:1131, 791, 655, 434, 133
track:1132, 802, 662, 414, 127
track:1133, 811, 667, 394, 121
track:1134, 797, 666, 414, 127
track:1135, 812, 669, 394, 121
track:1136, 818, 668, 394, 121
track:1137, 820, 668, 394, 121
track:1138, 827, 671, 375, 115
track:1139, 831, 677, 357, 110
track:1140, 826, 677, 357, 110
track:1141, 812, 676, 375, 115
track:1142, 800, 675, 375, 115
track:1143, 792, 673, 394, 121
track:1144, 778, 676, 394, 121
track:1145, 774, 673, 414, 127
track:1146, 773, 678, 414, 127
track:1147, 769, 677, 414, 127
track:1148, 750, 674, 434, 133
track:1149, 745, 671, 434, 133
track:1150, 745, 670, 434, 133
track:1151, 749, 672, 414, 127
track:1152, 754, 674, 414, 127
track:1153, 744, 670, 434, 133
track:1154, 727, 664, 456, 140
track:1155, 717, 665, 456, 140
track:1156, 717, 668, 456, 140
track:1157, 730, 674, 434, 133
track:1158, 742, 673, 434, 133
track:1159, 740, 674, 434, 133
track:1160, 740, 675, 434, 133
track:1161, 733, 673, 456, 140
track:1162, 736, 672, 456, 140
track:1163, 734, 667, 479, 147
track:1164, 741, 670, 456, 140
track:1165, 748, 670, 456, 140
track:1166, 755, 672, 434, 133
track:1167, 760, 671, 434, 133
track:1168, 754, 670, 434, 133
track:1169, 745, 669, 434, 133
track:1170, 757, 670, 434, 133
track:1171, 726, 668, 434, 133
track:1172, 756, 664, 456, 140
track:1173, 759, 663, 456, 140
track:1174, 769, 662, 456, 140
track:1175, 755, 657, 479, 147
track:1176, 763, 657, 479, 147
track:1177, 810, 662, 456, 140
track:1178, 789, 661, 456, 140
track:1179, 794, 658, 479, 147
track:1180, 798, 659, 479, 147
track:1181, 804, 661, 479, 147
track:1182, 814, 664, 456, 140
track:1183, 817, 664, 456, 140
init :1184, 775, 638, 392, 140
track:1185, 775, 638, 392, 140
track:1186, 776, 638, 392, 140
track:1187, 780, 637, 392, 140
track:1188, 780, 636, 392, 140
track:1189, 788, 636, 392, 140
track:1190, 787, 636, 392, 140
track:1191, 778, 629, 412, 147
track:1192, 776, 627, 412, 147
track:1193, 773, 625, 412, 147
track:1194, 769, 623, 412, 147
track:1195, 782, 624, 392, 140
track:1196, 791, 628, 373, 133
track:1197, 780, 627, 373, 133
track:1198, 788, 627, 356, 127
track:1199, 788, 627, 356, 127
track:1200, 776, 623, 373, 133
track:1201, 777, 623, 373, 133
track:1202, 779, 623, 373, 133
track:1203, 771, 618, 392, 140
track:1204, 786, 622, 373, 133
track:1205, 797, 624, 356, 127
track:1206, 798, 624, 356, 127
track:1207, 807, 628, 339, 121
track:1208, 821, 629, 322, 115
track:1209, 824, 630, 322, 115
track:1210, 828, 632, 322, 115
track:1211, 832, 632, 322, 115
track:1212, 825, 631, 339, 121
track:1213, 828, 634, 339, 121
track:1214, 829, 634, 339, 121
track:1215, 833, 635, 339, 121
track:1216, 838, 636, 339, 121
track:1217, 826, 633, 356, 127
track:1218, 833, 637, 339, 121
track:1219, 833, 636, 339, 121
track:1220, 834, 636, 339, 121
track:1221, 831, 633, 339, 121
track:1222, 839, 639, 322, 115
track:1223, 840, 640, 322, 115
track:1224, 846, 642, 307, 110
track:1225, 842, 641, 307, 110
track:1226, 846, 641, 307, 110
track:1227, 849, 644, 293, 104
track:1228, 865, 644, 293, 104
track:1229, 861, 642, 293, 104
track:1230, 870, 646, 279, 99
track:1231, 879, 647, 279, 99
track:1232, 885, 647, 279, 99
track:1233, 878, 648, 279, 99
track:1234, 876, 649, 279, 99
track:1235, 884, 652, 265, 95
track:1236, 889, 652, 265, 95
track:1237, 889, 653, 253, 90
track:1238, 892, 654, 241, 86
track:1239, 889, 653, 241, 86
track:1240, 887, 652, 253, 90
track:1241, 893, 654, 253, 90
track:1242, 903, 658, 241, 86
track:1243, 912, 661, 229, 82
track:1244, 907, 661, 229, 82
track:1245, 914, 663, 218, 78
track:1246, 908, 664, 218, 78
track:1247, 911, 667, 218, 78
track:1248, 916, 673, 208, 74
track:1249, 917, 675, 208, 74
track:1250, 920, 674, 208, 74
track:1251, 914, 673, 208, 74
track:1252, 909, 675, 208, 74
track:1253, 908, 677, 208, 74
track:1254, 909, 678, 208, 74
track:1255, 912, 678, 198, 71
track:1256, 911, 679, 198, 71
track:1257, 903, 678, 198, 71
track:1258, 898, 677, 198, 71
track:1259, 897, 676, 198, 71
track:1260, 896, 675, 198, 71
track:1261, 890, 671, 208, 74
track:1262, 891, 671, 208, 74
track:1263, 883, 671, 208, 74
track:1264, 885, 673, 198, 71
track:1265, 883, 674, 198, 71
track:1266, 877, 670, 208, 74
track:1267, 879, 670, 208, 74
track:1268, 871, 670, 218, 78
track:1269, 871, 669, 218, 78
track:1270, 868, 671, 218, 78
track:1271, 863, 669, 218, 78
track:1272, 858, 670, 218, 78
track:1273, 860, 671, 208, 74
track:1274, 856, 669, 218, 78
init :1275, 927, 656, 120, 77
track:1276, 923, 657, 120, 77
track:1277, 917, 655, 126, 81
track:1278, 911, 657, 120, 77
track:1279, 912, 658, 120, 77
track:1280, 905, 658, 120, 77
track:1281, 897, 658, 120, 77
track:1282, 890, 659, 120, 77
track:1283, 889, 659, 120, 77
track:1284, 887, 659, 120, 77
track:1285, 878, 660, 120, 77
track:1286, 874, 658, 120, 77
track:1287, 872, 658, 120, 77
track:1288, 869, 658, 120, 77
track:1289, 871, 659, 114, 73
track:1290, 869, 658, 120, 77
track:1291, 869, 659, 120, 77
track:1292, 865, 657, 120, 77
track:1293, 864, 660, 114, 73
track:1294, 866, 661, 109, 70
track:1295, 864, 661, 109, 70
track:1296, 864, 663, 104, 67
track:1297, 864, 662, 104, 67
track:1298, 865, 664, 99, 63
track:1299, 864, 665, 99, 63
track:1300, 864, 665, 99, 63
track:1301, 865, 668, 94, 60
track:1302, 864, 669, 90, 57
track:1303, 863, 669, 90, 57
track:1304, 863, 669, 90, 57
track:1305, 863, 669, 90, 57
track:1306, 865, 668, 90, 57
track:1307, 866, 669, 90, 57
track:1308, 866, 669, 90, 57
track:1309, 866, 669, 90, 57
track:1310, 866, 670, 90, 57
track:1311, 868, 670, 90, 57
track:1312, 866, 670, 90, 57
track:1313, 866, 671, 90, 57
track:1314, 866, 670, 90, 57
track:1315, 865, 671, 90, 57
track:1316, 864, 671, 90, 57
track:1317, 863, 671, 90, 57
track:1318, 860, 670, 94, 60
track:1319, 860, 670, 94, 60
track:1320, 857, 671, 94, 60
track:1321, 856, 671, 94, 60
track:1322, 859, 673, 90, 57
track:1323, 862, 676, 85, 55
track:1324, 862, 676, 85, 55
track:1325, 862, 678, 85, 55
track:1326, 865, 678, 85, 55
track:1327, 867, 679, 85, 55
track:1328, 868, 681, 81, 52
track:1329, 869, 681, 81, 52
track:1330, 868, 681, 81, 52
track:1331, 866, 682, 81, 52
track:1332, 864, 682, 81, 52
track:1333, 858, 682, 81, 52
track:1334, 858, 682, 81, 52
track:1335, 854, 683, 77, 50
track:1336, 851, 683, 77, 50
track:1337, 846, 683, 77, 50
track:1338, 845, 683, 77, 50
track:1339, 845, 683, 77, 50
track:1340, 844, 684, 77, 50
track:1341, 845, 685, 74, 47
track:1342, 845, 685, 74, 47
track:1343, 845, 685, 74, 47
track:1344, 845, 685, 74, 47
track:1345, 845, 686, 74, 47
track:1346, 845, 686, 74, 47
track:1347, 845, 687, 74, 47
track:1348, 844, 687, 74, 47
track:1349, 844, 688, 74, 47
track:1350, 843, 688, 74, 47
track:1351, 842, 688, 74, 47
track:1352, 839, 688, 74, 47
track:1353, 840, 688, 74, 47
track:1354, 840, 688, 74, 47
track:1355, 841, 689, 74, 47
track:1356, 841, 690, 74, 47
track:1357, 843, 691, 70, 45
track:1358, 842, 692, 70, 45
track:1359, 842, 692, 70, 45
track:1360, 843, 693, 67, 43
track:1361, 843, 694, 67, 43
track:1362, 843, 694, 67, 43
track:1363, 844, 694, 67, 43
track:1364, 844, 695, 67, 43
track:1365, 844, 695, 67, 43
init :1366, 849, 687, 180, 54
track:1367, 849, 687, 180, 54
track:1368, 847, 688, 180, 54
track:1369, 847, 688, 180, 54
track:1370, 843, 687, 189, 57
track:1371, 847, 689, 180, 54
track:1372, 846, 690, 180, 54
track:1373, 844, 692, 180, 54
track:1374, 843, 692, 180, 54
track:1375, 836, 690, 189, 57
track:1376, 834, 691, 189, 57
track:1377, 833, 690, 189, 57
track:1378, 832, 692, 189, 57
track:1379, 828, 692, 189, 57
track:1380, 820, 691, 198, 60
track:1381, 821, 693, 189, 57
track:1382, 819, 694, 189, 57
track:1383, 815, 695, 189, 57
track:1384, 810, 695, 198, 60
track:1385, 809, 696, 198, 60
track:1386, 809, 698, 198, 60
track:1387, 811, 698, 198, 60
track:1388, 813, 700, 198, 60
track:1389, 813, 700, 198, 60
track:1390, 818, 702, 198, 60
track:1391, 820, 703, 198, 60
track:1392, 824, 704, 198, 60
track:1393, 831, 706, 198, 60
track:1394, 831, 706, 198, 60
track:1395, 833, 707, 198, 60
track:1396, 833, 707, 198, 60
track:1397, 833, 708, 198, 60
track:1398, 833, 709, 198, 60
track:1399, 833, 709, 198, 60
track:1400, 825, 708, 208, 63
track:1401, 822, 709, 208, 63
track:1402, 817, 710, 208, 63
track:1403, 813, 710, 208, 63
track:1404, 812, 711, 208, 63
track:1405, 807, 711, 208, 63
track:1406, 800, 710, 219, 66
track:1407, 795, 711, 219, 66
track:1408, 791, 711, 219, 66
track:1409, 791, 711, 219, 66
track:1410, 790, 712, 219, 66
track:1411, 790, 713, 219, 66
track:1412, 791, 714, 219, 66
track:1413, 787, 713, 230, 69
track:1414, 787, 714, 230, 69
track:1415, 794, 715, 219, 66
track:1416, 793, 715, 219, 66
track:1417, 793, 716, 219, 66
track:1418, 792, 716, 219, 66
track:1419, 791, 716, 219, 66
track:1420, 788, 718, 219, 66
track:1421, 782, 718, 230, 69
track:1422, 781, 718, 230, 69
track:1423, 781, 718, 230, 69
track:1424, 780, 718, 230, 69
track:1425, 788, 720, 219, 66
track:1426, 785, 720, 230, 69
track:1427, 783, 720, 230, 69
track:1428, 784, 721, 230, 69
track:1429, 781, 722, 230, 69
track:1430, 775, 721, 241, 72
track:1431, 775, 722, 241, 72
track:1432, 769, 721, 253, 76
track:1433, 768, 722, 253, 76
track:1434, 769, 723, 253, 76
track:1435, 761, 724, 253, 76
track:1436, 760, 724, 253, 76
track:1437, 759, 725, 253, 76
track:1438, 753, 724, 266, 80
track:1439, 753, 725, 266, 80
track:1440, 759, 728, 253, 76
track:1441, 752, 726, 266, 80
track:1442, 736, 725, 279, 84
track:1443, 736, 728, 279, 84
track:1444, 737, 727, 279, 84
track:1445, 732, 727, 279, 84
track:1446, 730, 727, 279, 84
track:1447, 725, 727, 279, 84
track:1448, 716, 725, 293, 88
track:1449, 716, 724, 293, 88
track:1450, 721, 727, 279, 84
track:1451, 729, 725, 279, 84
track:1452, 725, 723, 293, 88
track:1453, 737, 723, 279, 84
track:1454, 746, 723, 279, 84
track:1455, 753, 723, 266, 80
track:1456, 752, 721, 279, 84
init :1457, 807, 711, 226, 140
track:1458, 810, 711, 226, 140
track:1459, 810, 712, 226, 140
track:1460, 813, 712, 226, 140
track:1461, 816, 712, 226, 140
track:1462, 819, 714, 226, 140
track:1463, 824, 718, 215, 133
track:1464, 824, 718, 215, 133
track:1465, 827, 717, 215, 133
track:1466, 827, 719, 215, 133
track:1467, 823, 719, 215, 133
track:1468, 822, 718, 215, 133
track:1469, 821, 718, 215, 133
track:1470, 813, 715, 226, 140
track:1471, 804, 712, 226, 140
track:1472, 790, 703, 226, 140
track:1473, 790, 702, 226, 140
track:1474, 788, 700, 226, 140
track:1475, 788, 697, 226, 140
track:1476, 782, 697, 226, 140
track:1477, 774, 688, 237, 147
track:1478, 772, 687, 237, 147
track:1479, 770, 684, 237, 147
track:1480, 769, 681, 237, 147
track:1481, 781, 683, 226, 140
track:1482, 782, 681, 226, 140
track:1483, 775, 676, 237, 147
track:1484, 780, 677, 237, 147
track:1485, 782, 676, 237, 147
track:1486, 788, 675, 237, 147
track:1487, 789, 676, 237, 147
track:1488, 794, 676, 237, 147
track:1489, 797, 674, 237, 147
track:1490, 803, 672, 237, 147
track:1491, 810, 674, 226, 140
track:1492, 799, 665, 237, 147
track:1493, 800, 665, 237, 147
track:1494, 800, 661, 237, 147
track:1495, 800, 663, 226, 140
track:1496, 798, 663, 226, 140
track:1497, 783, 655, 226, 140
track:1498, 786, 654, 226, 140
track:1499, 783, 651, 226, 140
track:1500, 780, 647, 226, 140
track:1501, 781, 647, 215, 133
track:1502, 777, 646, 205, 127
track:1503, 780, 645, 205, 127
track:1504, 783, 646, 195, 121
track:1505, 780, 640, 195, 121
track:1506, 777, 636, 195, 121
track:1507, 775, 637, 186, 115
track:1508, 779, 641, 177, 110
track:1509, 780, 639, 177, 110
track:1510, 778, 633, 177, 110
track:1511, 784, 635, 169, 104
track:1512, 778, 632, 169, 104
track:1513, 776, 631, 169, 104
track:1514, 761, 628, 169, 104
track:1515, 743, 628, 169, 104
track:1516, 722, 628, 169, 104
track:1517, 696, 629, 169, 104
track:1518, 696, 630, 169, 104
track:1519, 673, 629, 169, 104
track:1520, 652, 632, 161, 99
track:1521, 633, 633, 161, 99
track:1522, 617, 633, 161, 99
track:1523, 623, 637, 153, 95
track:1524, 614, 634, 161, 99
track:1525, 613, 634, 161, 99
track:1526, 621, 634, 153, 95
track:1527, 628, 634, 153, 95
track:1528, 628, 633, 153, 95
track:1529, 661, 634, 146, 90
track:1530, 681, 633, 146, 90
track:1531, 709, 631, 146, 90
track:1532, 740, 633, 139, 86
track:1533, 740, 633, 139, 86
track:1534, 770, 635, 132, 82
track:1535, 796, 636, 132, 82
track:1536, 821, 636, 132, 82
track:1537, 838, 637, 132, 82
track:1538, 839, 637, 132, 82
track:1539, 855, 638, 132, 82
track:1540, 864, 639, 132, 82
track:1541, 868, 639, 132, 82
track:1542, 877, 641, 132, 82
track:1543, 873, 641, 132, 82
track:1544, 874, 641, 132, 82
track:1545, 876, 644, 126, 78
track:1546, 873, 645, 126, 78
track:1547, 865, 648, 126, 78
init :1548, 895, 654, 226, 72
track:1549, 892, 655, 226, 72
track:1550, 879, 657, 215, 69
track:1551, 878, 658, 215, 69
track:1552, 870, 659, 215, 69
track:1553, 869, 659, 215, 69
track:1554, 867, 661, 215, 69
track:1555, 866, 661, 215, 69
track:1556, 864, 662, 215, 69
track:1557, 867, 663, 215, 69
track:1558, 867, 664, 215, 69
track:1559, 874, 666, 205, 65
track:1560, 884, 668, 195, 62
track:1561, 888, 669, 195, 62
track:1562, 893, 671, 186, 59
track:1563, 894, 671, 186, 59
track:1564, 900, 672, 177, 56
track:1565, 900, 672, 177, 56
track:1566, 901, 672, 177, 56
track:1567, 900, 673, 177, 56
track:1568, 905, 675, 169, 54
track:1569, 903, 675, 169, 54
track:1570, 902, 675, 169, 54
track:1571, 899, 675, 169, 54
track:1572, 897, 675, 169, 54
track:1573, 899, 677, 161, 51
track:1574, 897, 676, 161, 51
track:1575, 892, 675, 169, 54
track:1576, 894, 676, 161, 51
track:1577, 890, 676, 161, 51
track:1578, 888, 676, 161, 51
track:1579, 887, 677, 161, 51
track:1580, 888, 679, 161, 51
track:1581, 886, 678, 161, 51
track:1582, 883, 678, 161, 51
track:1583, 883, 678, 161, 51
track:1584, 885, 680, 153, 49
track:1585, 885, 681, 153, 49
track:1586, 883, 682, 153, 49
track:1587, 876, 682, 161, 51
track:1588, 879, 684, 153, 49
track:1589, 877, 684, 153, 49
track:1590, 881, 685, 146, 46
track:1591, 882, 686, 146, 46
track:1592, 888, 687, 139, 44
track:1593, 892, 688, 132, 42
track:1594, 893, 688, 132, 42
track:1595, 888, 689, 132, 42
track:1596, 887, 690, 132, 42
track:1599, 882, 689, 139, 44
track:1600, 887, 690, 132, 42
track:1601, 924, 690, 139, 44
track:1602, 925, 691, 132, 42
track:1603, 929, 692, 126, 40
track:1604, 929, 693, 120, 38
track:1605, 925, 692, 120, 38
track:1606, 920, 692, 126, 40
track:1607, 914, 690, 132, 42
track:1608, 913, 691, 132, 42
elapseTime: 15.916
