init :7, 821, 630, 235, 197
track:8, 821, 630, 235, 197
track:9, 822, 630, 235, 197
track:10, 821, 631, 235, 197
track:11, 823, 630, 235, 197
track:12, 823, 630, 235, 197
track:13, 824, 630, 235, 197
track:14, 824, 630, 235, 197
track:15, 824, 630, 235, 197
track:16, 825, 630, 235, 197
track:17, 826, 630, 235, 197
track:18, 825, 630, 235, 197
track:19, 825, 629, 235, 197
track:20, 821, 626, 247, 207
track:21, 820, 626, 247, 207
track:22, 827, 631, 235, 197
track:23, 828, 631, 235, 197
track:24, 827, 631, 235, 197
track:25, 828, 630, 235, 197
track:26, 829, 631, 235, 197
track:27, 829, 631, 235, 197
track:28, 829, 631, 235, 197
track:29, 829, 630, 235, 197
track:30, 829, 630, 235, 197
track:31, 830, 629, 235, 197
track:32, 831, 631, 235, 197
track:33, 829, 630, 235, 197
track:34, 830, 631, 235, 197
track:35, 830, 630, 235, 197
track:36, 830, 631, 235, 197
track:37, 829, 630, 235, 197
track:38, 831, 630, 235, 197
track:39, 830, 630, 235, 197
track:40, 830, 630, 235, 197
track:41, 831, 629, 235, 197
track:42, 830, 631, 235, 197
track:43, 831, 630, 235, 197
track:44, 830, 631, 235, 197
track:45, 832, 630, 235, 197
track:46, 830, 631, 235, 197
track:48, 832, 630, 235, 197
track:49, 830, 630, 235, 197
track:50, 831, 629, 235, 197
track:51, 832, 629, 235, 197
track:52, 831, 628, 235, 197
track:53, 832, 629, 235, 197
track:54, 831, 629, 235, 197
track:55, 832, 629, 235, 197
track:56, 831, 629, 235, 197
track:57, 831, 628, 235, 197
track:58, 831, 629, 235, 197
track:59, 830, 628, 235, 197
track:60, 832, 628, 235, 197
track:61, 831, 630, 235, 197
track:62, 830, 629, 235, 197
track:63, 829, 629, 235, 197
track:64, 830, 629, 235, 197
track:65, 829, 629, 235, 197
init :66, 826, 630, 240, 199
track:67, 826, 630, 240, 199
track:68, 826, 629, 240, 199
track:69, 825, 630, 240, 199
track:70, 825, 629, 240, 199
track:71, 824, 629, 240, 199
track:72, 823, 629, 240, 199
track:73, 824, 628, 240, 199
track:74, 825, 628, 240, 199
track:75, 826, 629, 240, 199
track:76, 825, 628, 240, 199
track:77, 827, 628, 240, 199
track:78, 827, 627, 240, 199
track:79, 827, 628, 240, 199
track:80, 827, 627, 240, 199
track:81, 827, 627, 240, 199
track:82, 832, 633, 229, 190
track:83, 831, 632, 229, 190
track:84, 831, 632, 229, 190
track:85, 827, 628, 240, 199
track:86, 826, 628, 240, 199
track:87, 825, 628, 240, 199
track:88, 827, 629, 240, 199
track:89, 826, 628, 240, 199
track:90, 827, 628, 240, 199
track:91, 827, 629, 240, 199
track:92, 825, 629, 240, 199
track:93, 826, 629, 240, 199
track:94, 825, 629, 240, 199
track:95, 825, 628, 240, 199
track:96, 826, 629, 240, 199
track:97, 827, 629, 240, 199
track:98, 828, 629, 240, 199
track:99, 828, 629, 240, 199
track:100, 828, 628, 240, 199
track:101, 829, 628, 240, 199
track:102, 830, 627, 240, 199
track:103, 831, 625, 240, 199
track:104, 831, 626, 240, 199
track:105, 832, 625, 240, 199
track:106, 833, 624, 240, 199
track:107, 833, 624, 240, 199
track:108, 833, 621, 240, 199
track:109, 834, 621, 240, 199
track:110, 832, 620, 240, 199
track:111, 834, 617, 240, 199
track:112, 833, 615, 240, 199
track:113, 839, 619, 229, 190
track:114, 839, 619, 229, 190
track:115, 840, 616, 229, 190
track:116, 847, 618, 218, 180
track:117, 849, 617, 218, 180
track:120, 852, 613, 218, 180
track:121, 852, 611, 218, 180
track:122, 852, 610, 218, 180
track:123, 852, 608, 218, 180
track:124, 857, 612, 207, 172
track:125, 856, 609, 207, 172
track:126, 854, 607, 207, 172
track:127, 852, 604, 207, 172
track:128, 851, 604, 207, 172
track:129, 851, 605, 207, 172
track:130, 850, 605, 207, 172
init :131, 853, 612, 189, 163
track:132, 856, 616, 189, 163
track:133, 857, 617, 189, 163
track:134, 856, 618, 189, 163
track:135, 856, 619, 189, 163
track:136, 857, 620, 189, 163
track:137, 859, 621, 189, 163
track:138, 860, 623, 189, 163
track:139, 861, 622, 189, 163
track:140, 859, 623, 189, 163
track:141, 858, 622, 189, 163
track:142, 857, 622, 189, 163
track:143, 856, 623, 189, 163
track:144, 856, 622, 189, 163
track:145, 852, 627, 189, 163
track:146, 856, 632, 180, 155
track:147, 852, 628, 189, 163
track:148, 853, 630, 189, 163
track:149, 852, 630, 189, 163
track:150, 853, 633, 189, 163
track:151, 852, 637, 189, 163
track:152, 854, 639, 189, 163
track:153, 854, 642, 189, 163
track:154, 854, 643, 189, 163
track:155, 855, 645, 189, 163
track:156, 855, 646, 189, 163
track:157, 857, 647, 189, 163
track:158, 856, 647, 189, 163
track:159, 857, 647, 189, 163
track:160, 855, 648, 189, 163
track:161, 854, 648, 189, 163
track:162, 852, 648, 189, 163
track:163, 850, 648, 189, 163
track:164, 850, 648, 189, 163
track:165, 850, 649, 189, 163
track:166, 851, 650, 189, 163
track:167, 850, 648, 189, 163
track:168, 850, 649, 189, 163
track:169, 851, 649, 189, 163
track:170, 856, 652, 180, 155
track:171, 859, 651, 180, 155
track:172, 860, 650, 180, 155
track:173, 860, 650, 180, 155
track:174, 860, 649, 180, 155
track:175, 857, 649, 180, 155
track:176, 856, 649, 180, 155
track:177, 857, 649, 180, 155
track:178, 858, 651, 180, 155
track:179, 858, 651, 180, 155
track:180, 860, 653, 180, 155
track:181, 860, 655, 180, 155
track:182, 861, 656, 180, 155
track:183, 864, 659, 180, 155
track:184, 865, 660, 180, 155
track:185, 866, 662, 180, 155
track:186, 864, 660, 180, 155
track:187, 860, 656, 180, 155
track:188, 854, 652, 180, 155
track:189, 854, 651, 180, 155
track:190, 853, 650, 180, 155
track:191, 851, 648, 180, 155
track:192, 851, 643, 180, 155
track:193, 850, 641, 180, 155
track:194, 850, 640, 180, 155
track:195, 846, 635, 189, 163
init :196, 858, 636, 166, 153
track:197, 858, 636, 166, 153
track:198, 855, 636, 166, 153
track:199, 855, 636, 166, 153
track:200, 853, 638, 166, 153
track:201, 851, 638, 166, 153
track:202, 851, 637, 166, 153
track:203, 851, 634, 166, 153
track:204, 851, 634, 166, 153
track:205, 851, 632, 166, 153
track:206, 850, 632, 166, 153
track:207, 850, 629, 166, 153
track:208, 849, 630, 166, 153
track:209, 848, 628, 166, 153
track:210, 845, 624, 166, 153
track:211, 846, 622, 166, 153
track:212, 845, 619, 166, 153
track:213, 849, 622, 158, 146
track:214, 849, 621, 158, 146
track:215, 849, 619, 158, 146
track:216, 851, 622, 151, 139
track:217, 851, 622, 151, 139
track:218, 851, 622, 151, 139
track:219, 852, 623, 151, 139
track:220, 852, 628, 151, 139
track:221, 851, 629, 151, 139
track:222, 851, 631, 151, 139
track:223, 851, 631, 151, 139
track:224, 850, 634, 151, 139
track:225, 853, 639, 143, 132
track:226, 854, 640, 143, 132
track:227, 855, 640, 143, 132
track:228, 854, 640, 143, 132
track:229, 855, 640, 143, 132
track:230, 855, 640, 143, 132
track:231, 854, 639, 143, 132
track:232, 855, 639, 137, 126
track:233, 855, 638, 137, 126
track:234, 854, 637, 137, 126
track:235, 855, 637, 137, 126
track:236, 856, 635, 137, 126
track:237, 857, 636, 137, 126
track:238, 858, 637, 137, 126
track:239, 859, 638, 137, 126
track:240, 860, 639, 137, 126
track:241, 860, 641, 137, 126
track:242, 864, 644, 130, 120
track:243, 863, 643, 130, 120
track:244, 863, 643, 130, 120
track:245, 863, 646, 130, 120
track:246, 864, 646, 130, 120
track:247, 866, 648, 124, 114
track:248, 866, 648, 124, 114
track:249, 865, 649, 124, 114
track:250, 866, 650, 124, 114
track:251, 866, 652, 124, 114
track:252, 867, 654, 124, 114
track:253, 868, 654, 124, 114
track:254, 868, 657, 124, 114
track:255, 869, 660, 124, 114
track:256, 869, 661, 124, 114
track:257, 870, 665, 124, 114
track:258, 870, 665, 124, 114
track:259, 870, 666, 124, 114
track:260, 870, 668, 124, 114
init :261, 872, 677, 124, 90
track:262, 872, 678, 124, 90
track:263, 872, 678, 124, 90
track:264, 872, 681, 124, 90
track:265, 873, 682, 124, 90
track:266, 872, 684, 124, 90
track:267, 873, 686, 124, 90
track:268, 873, 686, 124, 90
track:269, 873, 686, 124, 90
track:270, 874, 689, 124, 90
track:271, 874, 693, 124, 90
track:272, 875, 696, 124, 90
track:273, 875, 696, 124, 90
track:274, 875, 698, 124, 90
track:275, 873, 698, 130, 94
track:276, 871, 698, 137, 99
track:277, 873, 701, 137, 99
track:278, 873, 702, 137, 99
track:279, 874, 702, 137, 99
track:280, 873, 698, 144, 104
track:281, 873, 697, 144, 104
track:282, 875, 698, 144, 104
track:283, 876, 699, 144, 104
track:284, 878, 701, 144, 104
track:285, 877, 700, 151, 109
track:286, 878, 700, 151, 109
track:287, 876, 694, 158, 115
track:288, 876, 694, 158, 115
track:289, 873, 688, 166, 121
track:290, 870, 681, 174, 127
track:291, 866, 671, 183, 133
track:292, 867, 665, 183, 133
track:293, 868, 664, 183, 133
track:294, 869, 664, 183, 133
track:295, 872, 659, 183, 133
track:296, 872, 659, 183, 133
track:297, 869, 657, 192, 140
track:298, 868, 657, 192, 140
track:299, 862, 654, 202, 147
track:300, 861, 655, 202, 147
track:301, 856, 653, 212, 154
track:302, 848, 654, 223, 162
track:303, 843, 651, 234, 170
track:304, 837, 652, 246, 178
track:305, 835, 654, 246, 178
track:306, 834, 655, 246, 178
track:307, 833, 651, 246, 178
track:308, 833, 651, 246, 178
track:309, 831, 648, 246, 178
track:310, 824, 638, 258, 187
track:311, 825, 622, 258, 187
track:312, 825, 614, 258, 187
track:313, 817, 608, 271, 196
track:314, 819, 602, 271, 196
track:315, 817, 593, 271, 196
track:316, 824, 587, 258, 187
track:317, 825, 581, 258, 187
track:318, 827, 579, 258, 187
track:319, 833, 583, 246, 178
track:320, 845, 580, 234, 170
track:321, 848, 573, 234, 170
track:322, 848, 572, 234, 170
track:323, 853, 576, 223, 162
track:324, 853, 578, 223, 162
track:325, 851, 576, 223, 162
init :326, 858, 568, 193, 176
track:327, 857, 570, 193, 176
track:328, 856, 571, 193, 176
track:329, 852, 577, 193, 176
track:330, 852, 586, 193, 176
track:331, 850, 587, 193, 176
track:332, 849, 590, 193, 176
track:333, 848, 591, 193, 176
track:334, 847, 594, 193, 176
track:335, 848, 594, 193, 176
track:336, 847, 598, 193, 176
track:337, 847, 599, 193, 176
track:338, 847, 599, 193, 176
track:339, 849, 595, 193, 176
track:340, 850, 592, 193, 176
track:341, 849, 593, 193, 176
track:342, 850, 592, 193, 176
track:343, 853, 594, 184, 168
track:344, 854, 594, 184, 168
track:345, 859, 593, 175, 160
track:346, 863, 598, 167, 152
track:347, 866, 602, 159, 145
track:348, 865, 603, 159, 145
track:349, 866, 606, 159, 145
track:350, 866, 609, 159, 145
track:351, 867, 614, 159, 145
track:352, 868, 617, 159, 145
track:353, 868, 618, 159, 145
track:354, 872, 624, 151, 138
track:355, 874, 627, 144, 131
track:356, 874, 628, 144, 131
track:357, 873, 629, 144, 131
track:358, 873, 629, 144, 131
track:359, 873, 628, 144, 131
track:360, 872, 628, 144, 131
track:361, 871, 628, 144, 131
track:362, 870, 629, 144, 131
track:363, 869, 628, 144, 131
track:364, 870, 629, 144, 131
track:365, 869, 630, 144, 131
track:366, 872, 634, 137, 125
track:367, 874, 636, 131, 119
track:368, 874, 637, 131, 119
track:369, 875, 637, 131, 119
track:370, 872, 643, 131, 119
track:371, 872, 649, 131, 119
track:372, 871, 653, 131, 119
track:373, 872, 653, 131, 119
track:374, 871, 654, 131, 119
track:375, 869, 655, 131, 119
track:376, 871, 658, 124, 113
track:377, 869, 659, 124, 113
track:378, 868, 660, 124, 113
track:379, 868, 660, 124, 113
track:380, 868, 659, 124, 113
track:381, 868, 659, 124, 113
track:382, 864, 659, 124, 113
track:383, 864, 659, 124, 113
track:384, 866, 660, 118, 108
track:385, 865, 658, 118, 108
track:386, 866, 658, 118, 108
track:387, 866, 658, 118, 108
track:388, 865, 658, 118, 108
track:389, 867, 660, 113, 103
track:390, 866, 660, 113, 103
init :391, 867, 667, 110, 88
track:392, 867, 669, 110, 88
track:393, 867, 670, 110, 88
track:394, 867, 671, 110, 88
track:395, 868, 678, 110, 88
track:396, 869, 680, 110, 88
track:397, 871, 684, 110, 88
track:398, 871, 684, 110, 88
track:399, 873, 690, 110, 88
track:400, 873, 694, 110, 88
track:401, 874, 699, 110, 88
track:402, 876, 704, 110, 88
track:403, 876, 704, 110, 88
track:404, 877, 706, 110, 88
track:405, 878, 706, 110, 88
track:406, 878, 706, 110, 88
track:407, 880, 706, 110, 88
track:408, 879, 706, 110, 88
track:409, 879, 705, 110, 88
track:410, 880, 702, 110, 88
track:411, 880, 699, 110, 88
track:412, 881, 697, 110, 88
track:413, 881, 697, 110, 88
track:414, 881, 696, 110, 88
track:415, 881, 697, 110, 88
track:416, 882, 700, 110, 88
track:417, 883, 700, 110, 88
track:418, 883, 700, 110, 88
track:419, 882, 699, 110, 88
track:420, 881, 701, 110, 88
track:421, 880, 701, 110, 88
track:422, 879, 699, 110, 88
track:423, 879, 699, 110, 88
track:424, 879, 697, 110, 88
track:425, 878, 694, 110, 88
track:426, 877, 692, 110, 88
track:427, 876, 691, 110, 88
track:428, 876, 690, 110, 88
track:429, 876, 690, 110, 88
track:430, 875, 690, 110, 88
track:431, 875, 690, 110, 88
track:432, 872, 689, 115, 92
track:433, 872, 689, 115, 92
track:434, 868, 687, 121, 97
track:435, 867, 687, 121, 97
track:436, 867, 689, 121, 97
track:437, 867, 689, 121, 97
track:438, 867, 690, 121, 97
track:439, 868, 692, 121, 97
track:440, 869, 692, 121, 97
track:441, 866, 689, 127, 102
track:442, 866, 690, 127, 102
track:443, 866, 690, 127, 102
track:444, 867, 690, 127, 102
track:445, 866, 690, 127, 102
track:446, 866, 691, 127, 102
track:447, 867, 691, 127, 102
track:448, 867, 691, 127, 102
track:449, 867, 690, 127, 102
track:450, 867, 689, 127, 102
track:451, 869, 690, 127, 102
track:452, 869, 692, 127, 102
track:453, 869, 693, 127, 102
track:454, 870, 693, 127, 102
track:455, 871, 694, 127, 102
init :456, 872, 693, 120, 93
track:457, 871, 693, 120, 93
track:458, 872, 693, 120, 93
track:459, 872, 693, 120, 93
track:460, 872, 691, 120, 93
track:461, 872, 691, 120, 93
track:462, 872, 691, 120, 93
track:463, 872, 690, 120, 93
track:464, 871, 687, 120, 93
track:465, 871, 685, 120, 93
track:466, 871, 685, 120, 93
track:467, 871, 685, 120, 93
track:468, 871, 686, 120, 93
track:469, 868, 685, 126, 98
track:470, 870, 686, 126, 98
track:471, 871, 687, 126, 98
track:472, 871, 687, 126, 98
track:473, 870, 686, 132, 103
track:474, 870, 688, 132, 103
track:475, 871, 689, 132, 103
track:476, 870, 686, 139, 108
track:477, 870, 685, 139, 108
track:478, 871, 685, 139, 108
track:479, 873, 683, 139, 108
track:480, 876, 674, 139, 108
track:481, 877, 672, 139, 108
track:482, 877, 671, 139, 108
track:483, 880, 661, 139, 108
track:484, 878, 659, 146, 113
track:485, 879, 659, 146, 113
track:486, 880, 662, 146, 113
track:487, 880, 662, 146, 113
track:488, 876, 665, 153, 119
track:490, 873, 667, 153, 119
track:491, 870, 669, 153, 119
track:492, 866, 666, 161, 125
track:493, 864, 667, 161, 125
track:494, 863, 667, 161, 125
track:495, 858, 659, 161, 125
track:496, 857, 654, 161, 125
track:497, 857, 653, 161, 125
track:498, 855, 651, 161, 125
track:499, 854, 647, 161, 125
track:500, 849, 641, 169, 131
track:501, 849, 636, 169, 131
track:502, 850, 637, 169, 131
track:503, 849, 633, 169, 131
track:504, 850, 632, 169, 131
track:505, 848, 632, 169, 131
track:506, 847, 631, 169, 131
track:507, 848, 631, 169, 131
track:508, 847, 628, 169, 131
track:509, 847, 625, 169, 131
track:510, 847, 621, 169, 131
track:511, 851, 623, 161, 125
track:512, 850, 622, 161, 125
track:513, 849, 621, 161, 125
track:514, 849, 623, 161, 125
track:515, 850, 624, 161, 125
track:516, 849, 622, 161, 125
track:517, 850, 623, 161, 125
track:518, 849, 620, 161, 125
track:519, 850, 619, 161, 125
track:520, 851, 619, 161, 125
init :521, 858, 625, 152, 111
track:522, 858, 625, 152, 111
track:523, 857, 628, 152, 111
track:524, 858, 630, 152, 111
track:525, 860, 633, 152, 111
track:526, 864, 636, 145, 106
track:527, 864, 636, 145, 106
track:528, 864, 636, 145, 106
track:529, 865, 635, 145, 106
track:530, 865, 634, 145, 106
track:531, 865, 633, 145, 106
track:532, 866, 633, 145, 106
track:533, 866, 634, 145, 106
track:534, 868, 635, 145, 106
track:535, 867, 635, 145, 106
track:536, 869, 639, 138, 101
track:537, 869, 639, 138, 101
track:538, 873, 643, 131, 96
track:539, 873, 645, 131, 96
track:540, 873, 645, 131, 96
track:543, 874, 648, 125, 91
track:544, 875, 648, 125, 91
track:546, 871, 654, 125, 91
track:547, 874, 656, 119, 87
track:548, 874, 658, 119, 87
track:549, 873, 661, 119, 87
track:550, 872, 663, 119, 87
track:551, 871, 664, 119, 87
track:552, 871, 664, 119, 87
track:553, 870, 664, 119, 87
track:554, 869, 664, 119, 87
track:555, 869, 664, 119, 87
track:556, 870, 665, 113, 83
track:557, 870, 666, 113, 83
track:558, 872, 672, 108, 79
track:559, 872, 676, 108, 79
track:560, 875, 679, 103, 75
track:561, 876, 683, 103, 75
track:562, 876, 684, 103, 75
track:563, 876, 686, 103, 75
track:564, 875, 687, 103, 75
track:565, 875, 689, 103, 75
track:566, 878, 692, 98, 72
track:567, 877, 692, 98, 72
track:568, 879, 695, 98, 72
track:569, 879, 696, 98, 72
track:570, 878, 699, 98, 72
track:571, 878, 701, 98, 72
track:572, 878, 702, 98, 72
track:573, 879, 704, 98, 72
track:574, 881, 706, 98, 72
track:575, 882, 706, 98, 72
track:576, 881, 704, 98, 72
track:577, 880, 703, 98, 72
track:578, 880, 701, 98, 72
track:579, 881, 699, 98, 72
track:580, 880, 697, 103, 75
track:581, 881, 698, 103, 75
track:582, 882, 698, 103, 75
track:583, 877, 700, 108, 79
track:584, 877, 700, 108, 79
track:585, 877, 701, 108, 79
init :586, 872, 700, 110, 83
track:587, 872, 700, 110, 83
track:588, 872, 701, 110, 83
track:589, 873, 700, 110, 83
track:590, 872, 700, 110, 83
track:591, 871, 701, 110, 83
track:592, 871, 701, 110, 83
track:593, 870, 700, 110, 83
track:594, 870, 698, 110, 83
track:595, 870, 690, 110, 83
track:596, 869, 688, 110, 83
track:597, 869, 687, 110, 83
track:598, 866, 681, 115, 87
track:599, 866, 675, 115, 87
track:600, 863, 669, 121, 92
track:601, 863, 669, 121, 92
track:602, 864, 669, 121, 92
track:603, 863, 669, 121, 92
track:604, 863, 665, 121, 92
track:605, 862, 661, 121, 92
track:606, 862, 660, 121, 92
track:607, 862, 660, 121, 92
track:608, 863, 660, 121, 92
track:609, 860, 657, 127, 96
track:610, 860, 658, 127, 96
track:611, 860, 662, 127, 96
track:612, 860, 663, 127, 96
track:613, 860, 666, 127, 96
track:614, 856, 666, 134, 101
track:615, 857, 668, 134, 101
track:616, 857, 671, 134, 101
track:617, 856, 671, 134, 101
track:618, 856, 670, 134, 101
track:619, 856, 669, 134, 101
track:620, 858, 669, 134, 101
track:621, 858, 668, 134, 101
track:622, 858, 668, 134, 101
track:623, 857, 666, 134, 101
track:624, 856, 666, 134, 101
track:625, 857, 666, 134, 101
track:626, 859, 666, 134, 101
track:627, 858, 668, 134, 101
track:628, 859, 668, 134, 101
track:629, 858, 667, 134, 101
track:630, 858, 665, 134, 101
track:631, 858, 664, 134, 101
track:632, 858, 664, 134, 101
track:633, 860, 667, 134, 101
track:634, 856, 668, 140, 106
track:635, 858, 670, 140, 106
track:636, 859, 672, 140, 106
track:637, 859, 673, 140, 106
track:638, 860, 674, 140, 106
track:639, 858, 672, 147, 111
track:640, 857, 670, 147, 111
track:641, 853, 667, 155, 117
track:642, 854, 666, 155, 117
track:643, 855, 664, 155, 117
track:644, 857, 665, 147, 111
track:645, 857, 657, 147, 111
track:646, 859, 656, 147, 111
track:647, 859, 654, 147, 111
track:648, 858, 654, 147, 111
track:649, 859, 654, 147, 111
track:650, 860, 654, 147, 111
init :651, 872, 651, 143, 122
track:652, 872, 651, 143, 122
track:653, 872, 652, 143, 122
track:654, 873, 653, 143, 122
track:655, 871, 653, 150, 128
track:656, 871, 656, 150, 128
track:657, 871, 657, 150, 128
track:658, 873, 659, 150, 128
track:659, 875, 659, 150, 128
track:660, 875, 659, 150, 128
track:661, 875, 659, 150, 128
track:662, 876, 659, 150, 128
track:663, 877, 659, 150, 128
track:664, 878, 657, 150, 128
track:665, 883, 658, 143, 122
track:666, 883, 657, 143, 122
track:667, 882, 655, 143, 122
track:668, 884, 653, 143, 122
track:669, 883, 652, 143, 122
track:670, 883, 651, 143, 122
track:671, 881, 652, 143, 122
track:672, 881, 653, 143, 122
track:673, 879, 652, 143, 122
track:674, 878, 651, 143, 122
track:675, 877, 650, 143, 122
track:676, 875, 650, 143, 122
track:677, 876, 650, 143, 122
track:678, 874, 653, 143, 122
track:679, 874, 661, 143, 122
track:680, 874, 670, 143, 122
track:681, 874, 671, 143, 122
track:682, 873, 671, 143, 122
track:683, 872, 670, 143, 122
track:684, 867, 667, 150, 128
track:685, 863, 667, 158, 135
track:686, 864, 669, 158, 135
track:687, 864, 670, 158, 135
track:688, 864, 670, 158, 135
track:689, 862, 668, 158, 135
track:690, 861, 667, 158, 135
track:691, 861, 665, 158, 135
track:692, 861, 664, 158, 135
track:693, 860, 663, 158, 135
track:694, 860, 662, 158, 135
track:695, 861, 661, 158, 135
track:696, 859, 660, 158, 135
track:697, 859, 660, 158, 135
track:698, 858, 658, 158, 135
track:699, 855, 659, 158, 135
track:700, 854, 660, 158, 135
track:701, 856, 662, 158, 135
track:702, 855, 661, 158, 135
track:703, 854, 664, 158, 135
track:704, 854, 670, 158, 135
track:705, 852, 674, 158, 135
track:706, 851, 675, 158, 135
track:707, 851, 676, 158, 135
track:708, 851, 677, 158, 135
track:709, 851, 678, 158, 135
track:710, 851, 677, 158, 135
track:711, 852, 677, 158, 135
track:712, 851, 675, 158, 135
track:713, 851, 673, 158, 135
track:714, 849, 672, 158, 135
track:715, 848, 674, 158, 135
init :716, 853, 675, 147, 119
track:717, 853, 676, 147, 119
track:718, 855, 678, 147, 119
track:719, 854, 678, 147, 119
track:720, 855, 678, 147, 119
track:721, 855, 679, 147, 119
track:722, 856, 679, 147, 119
track:723, 856, 677, 147, 119
track:724, 856, 675, 147, 119
track:725, 857, 670, 147, 119
track:726, 857, 670, 147, 119
track:727, 857, 668, 147, 119
track:728, 855, 663, 154, 125
track:729, 855, 657, 154, 125
track:730, 856, 655, 154, 125
track:731, 856, 655, 154, 125
track:732, 856, 655, 154, 125
track:733, 855, 654, 154, 125
track:734, 853, 647, 162, 131
track:735, 854, 642, 162, 131
track:736, 855, 642, 162, 131
track:737, 856, 640, 162, 131
track:738, 854, 639, 162, 131
track:739, 853, 639, 162, 131
track:740, 855, 641, 162, 131
track:741, 855, 642, 162, 131
track:742, 855, 642, 162, 131
track:743, 853, 643, 162, 131
track:744, 852, 642, 162, 131
track:745, 853, 640, 162, 131
track:746, 854, 640, 162, 131
track:747, 854, 639, 162, 131
track:748, 858, 631, 154, 125
track:749, 856, 626, 154, 125
track:750, 854, 627, 154, 125
track:751, 854, 626, 154, 125
track:752, 854, 627, 154, 125
track:753, 855, 629, 154, 125
track:754, 857, 629, 154, 125
track:755, 859, 629, 154, 125
track:756, 860, 629, 154, 125
track:757, 860, 627, 154, 125
track:758, 864, 628, 147, 119
track:759, 863, 630, 147, 119
track:760, 863, 635, 147, 119
track:761, 863, 636, 147, 119
track:762, 866, 636, 147, 119
track:763, 868, 635, 147, 119
track:764, 869, 635, 147, 119
track:765, 868, 636, 147, 119
track:766, 867, 636, 147, 119
track:767, 866, 636, 147, 119
track:768, 866, 638, 147, 119
track:769, 867, 640, 147, 119
track:770, 870, 649, 147, 119
track:771, 870, 649, 147, 119
track:772, 871, 649, 147, 119
track:773, 872, 646, 147, 119
track:774, 876, 650, 140, 113
track:775, 877, 649, 140, 113
track:776, 877, 650, 140, 113
track:777, 878, 649, 140, 113
track:778, 879, 648, 140, 113
track:779, 881, 648, 140, 113
track:780, 881, 647, 140, 113
init :781, 881, 651, 133, 98
track:782, 881, 651, 133, 98
track:783, 880, 652, 133, 98
track:784, 880, 652, 133, 98
track:785, 879, 653, 133, 98
track:786, 879, 653, 133, 98
track:787, 878, 653, 133, 98
track:788, 881, 655, 127, 93
track:789, 881, 656, 127, 93
track:790, 880, 656, 127, 93
track:791, 880, 656, 127, 93
track:792, 879, 655, 127, 93
track:793, 879, 656, 127, 93
track:794, 879, 657, 127, 93
track:795, 879, 661, 127, 93
track:796, 879, 662, 127, 93
track:797, 879, 661, 127, 93
track:798, 879, 660, 127, 93
track:799, 879, 662, 127, 93
track:800, 880, 663, 127, 93
track:801, 879, 663, 127, 93
track:802, 879, 664, 127, 93
track:803, 878, 664, 127, 93
track:804, 875, 663, 133, 98
track:805, 878, 665, 127, 93
track:806, 877, 666, 127, 93
track:807, 877, 665, 127, 93
track:808, 876, 666, 127, 93
track:809, 876, 668, 127, 93
track:810, 877, 669, 127, 93
track:811, 878, 671, 127, 93
track:812, 877, 672, 127, 93
track:813, 874, 672, 127, 93
track:814, 873, 672, 127, 93
track:815, 872, 671, 127, 93
track:816, 872, 671, 127, 93
track:817, 872, 673, 127, 93
track:818, 871, 681, 127, 93
track:819, 867, 680, 133, 98
track:820, 862, 689, 140, 103
track:821, 861, 690, 140, 103
track:822, 861, 690, 140, 103
track:823, 858, 687, 147, 108
track:824, 853, 683, 154, 113
track:825, 852, 683, 154, 113
track:826, 852, 683, 154, 113
track:827, 851, 688, 154, 113
track:828, 852, 692, 154, 113
track:829, 853, 695, 154, 113
track:830, 854, 696, 154, 113
track:831, 855, 697, 154, 113
track:832, 855, 697, 154, 113
track:833, 854, 694, 162, 119
track:834, 856, 686, 162, 119
track:835, 854, 677, 162, 119
track:836, 855, 678, 162, 119
track:837, 855, 672, 162, 119
track:838, 854, 671, 162, 119
track:839, 852, 667, 162, 119
track:840, 850, 662, 162, 119
track:841, 849, 662, 162, 119
track:842, 848, 660, 162, 119
track:843, 845, 657, 162, 119
track:844, 842, 653, 162, 119
track:845, 835, 639, 162, 119
init :846, 826, 623, 184, 147
track:847, 825, 618, 184, 147
track:848, 826, 612, 184, 147
track:849, 825, 612, 184, 147
track:850, 825, 610, 184, 147
track:851, 827, 610, 184, 147
track:852, 830, 606, 184, 147
track:853, 828, 597, 193, 154
track:854, 831, 600, 193, 154
track:855, 831, 603, 193, 154
track:856, 830, 604, 193, 154
track:857, 829, 605, 193, 154
track:858, 826, 599, 203, 162
track:859, 827, 593, 203, 162
track:860, 831, 596, 193, 154
track:861, 832, 595, 193, 154
track:862, 836, 600, 184, 147
track:863, 837, 606, 184, 147
track:864, 839, 611, 184, 147
track:865, 843, 619, 175, 140
track:866, 843, 621, 175, 140
track:867, 842, 626, 175, 140
track:868, 843, 627, 175, 140
track:869, 847, 631, 167, 133
track:870, 848, 635, 167, 133
track:871, 848, 636, 167, 133
track:872, 849, 637, 167, 133
track:873, 850, 637, 167, 133
track:874, 855, 641, 159, 127
track:875, 858, 644, 151, 121
track:876, 858, 645, 151, 121
track:877, 859, 646, 151, 121
track:878, 861, 646, 151, 121
track:879, 862, 645, 151, 121
track:880, 862, 645, 151, 121
track:881, 862, 645, 151, 121
track:882, 862, 645, 151, 121
track:883, 864, 642, 151, 121
track:884, 871, 646, 144, 115
track:885, 873, 645, 144, 115
track:886, 873, 645, 144, 115
track:887, 874, 646, 144, 115
track:888, 875, 647, 144, 115
track:889, 875, 646, 144, 115
track:890, 877, 643, 144, 115
track:891, 880, 647, 137, 110
track:892, 882, 645, 137, 110
track:893, 882, 644, 137, 110
track:894, 883, 644, 137, 110
track:895, 884, 644, 137, 110
track:896, 887, 647, 131, 104
track:897, 888, 646, 131, 104
track:898, 886, 646, 131, 104
track:899, 884, 646, 131, 104
track:900, 882, 647, 131, 104
track:901, 886, 650, 125, 99
track:902, 888, 654, 119, 95
track:903, 887, 654, 119, 95
track:904, 887, 654, 119, 95
track:905, 887, 654, 119, 95
track:906, 886, 654, 119, 95
track:907, 891, 641, 113, 90
track:908, 917, 644, 108, 86
track:909, 926, 657, 102, 82
track:910, 929, 666, 98, 78
init :911, 803, 558, 290, 262
track:912, 797, 556, 304, 275
track:913, 797, 558, 304, 275
track:914, 798, 561, 304, 275
track:915, 799, 566, 304, 275
track:916, 806, 572, 290, 262
track:917, 800, 568, 304, 275
track:918, 807, 576, 290, 262
track:919, 814, 583, 276, 250
track:920, 805, 578, 290, 262
track:921, 804, 578, 290, 262
track:922, 801, 577, 290, 262
track:923, 795, 575, 290, 262
track:924, 790, 575, 290, 262
track:925, 786, 573, 290, 262
track:926, 784, 574, 290, 262
track:927, 782, 575, 290, 262
track:928, 775, 574, 290, 262
track:929, 770, 574, 290, 262
track:930, 767, 574, 290, 262
track:931, 766, 574, 290, 262
track:932, 764, 574, 290, 262
track:933, 765, 573, 290, 262
track:934, 763, 569, 290, 262
track:935, 765, 566, 290, 262
track:936, 764, 567, 290, 262
track:937, 765, 564, 290, 262
track:938, 766, 562, 290, 262
track:939, 758, 552, 304, 275
track:940, 760, 551, 304, 275
track:941, 760, 550, 304, 275
track:942, 761, 548, 304, 275
track:943, 765, 555, 290, 262
track:944, 765, 554, 290, 262
track:945, 762, 553, 290, 262
track:946, 762, 554, 290, 262
track:947, 759, 553, 290, 262
track:948, 759, 555, 290, 262
track:949, 750, 557, 290, 262
track:950, 749, 559, 290, 262
track:951, 743, 558, 290, 262
track:952, 745, 561, 290, 262
track:953, 744, 561, 290, 262
track:954, 742, 562, 290, 262
track:955, 736, 564, 290, 262
track:956, 733, 563, 290, 262
track:957, 737, 566, 290, 262
track:958, 736, 567, 290, 262
track:959, 742, 576, 276, 250
track:960, 739, 576, 276, 250
track:961, 740, 576, 276, 250
track:962, 737, 578, 276, 250
track:963, 735, 578, 276, 250
track:964, 733, 579, 276, 250
track:965, 732, 579, 276, 250
track:966, 728, 580, 276, 250
track:967, 721, 580, 276, 250
track:968, 719, 581, 276, 250
track:969, 712, 582, 276, 250
track:970, 713, 581, 276, 250
track:971, 712, 582, 276, 250
track:972, 703, 582, 276, 250
track:973, 699, 582, 276, 250
track:974, 697, 582, 276, 250
track:975, 696, 582, 276, 250
init :976, 696, 584, 447, 246
track:977, 696, 584, 447, 246
track:978, 696, 585, 447, 246
track:979, 695, 586, 447, 246
track:980, 695, 586, 447, 246
track:981, 695, 586, 447, 246
track:982, 693, 587, 447, 246
track:983, 694, 588, 447, 246
track:984, 696, 591, 447, 246
track:985, 694, 591, 447, 246
track:986, 694, 592, 447, 246
track:987, 696, 592, 447, 246
track:988, 697, 589, 447, 246
track:989, 699, 591, 447, 246
track:990, 690, 584, 469, 258
track:991, 693, 584, 469, 258
track:992, 705, 590, 447, 246
track:993, 704, 589, 447, 246
track:994, 707, 588, 447, 246
track:995, 707, 588, 447, 246
track:996, 707, 586, 447, 246
track:997, 696, 577, 469, 258
track:998, 709, 581, 447, 246
track:999, 710, 577, 447, 246
track:1000, 712, 577, 447, 246
track:1001, 718, 575, 447, 246
track:1002, 722, 574, 447, 246
track:1003, 729, 567, 447, 246
track:1004, 734, 567, 447, 246
track:1005, 732, 567, 447, 246
track:1006, 743, 570, 426, 234
track:1007, 746, 567, 426, 234
track:1008, 749, 561, 426, 234
track:1009, 738, 564, 426, 234
track:1010, 743, 562, 426, 234
track:1011, 747, 560, 426, 234
track:1012, 732, 560, 426, 234
track:1013, 729, 560, 426, 234
track:1014, 724, 558, 426, 234
track:1015, 729, 556, 426, 234
track:1016, 728, 556, 426, 234
track:1017, 720, 555, 426, 234
track:1018, 722, 556, 426, 234
track:1019, 723, 561, 405, 223
track:1020, 725, 560, 405, 223
track:1021, 730, 564, 386, 213
track:1022, 731, 563, 386, 213
track:1023, 728, 564, 386, 213
track:1024, 725, 562, 386, 213
track:1025, 728, 564, 386, 213
track:1026, 737, 568, 368, 202
track:1027, 736, 568, 368, 202
track:1028, 731, 570, 368, 202
track:1029, 726, 571, 368, 202
track:1030, 730, 571, 368, 202
track:1031, 720, 571, 368, 202
track:1032, 713, 572, 368, 202
track:1033, 712, 573, 368, 202
track:1034, 714, 579, 350, 193
track:1035, 714, 578, 350, 193
track:1036, 709, 579, 350, 193
track:1037, 713, 582, 350, 193
track:1038, 712, 587, 350, 193
track:1039, 718, 592, 334, 184
track:1040, 716, 591, 334, 184
init :1041, 738, 607, 438, 150
track:1042, 736, 606, 438, 150
track:1043, 724, 604, 460, 158
track:1044, 725, 607, 460, 158
track:1045, 736, 610, 438, 150
track:1046, 745, 615, 417, 143
track:1047, 746, 615, 417, 143
track:1048, 749, 615, 417, 143
track:1049, 744, 612, 438, 150
track:1050, 744, 612, 438, 150
track:1051, 748, 608, 438, 150
track:1052, 755, 606, 438, 150
track:1053, 752, 603, 460, 158
track:1054, 771, 606, 438, 150
track:1055, 784, 610, 417, 143
track:1056, 788, 611, 417, 143
track:1057, 791, 611, 417, 143
track:1058, 794, 612, 417, 143
track:1059, 795, 613, 417, 143
track:1060, 785, 611, 438, 150
track:1061, 785, 614, 438, 150
track:1062, 785, 614, 438, 150
track:1063, 781, 613, 438, 150
track:1064, 776, 610, 438, 150
track:1065, 785, 612, 417, 143
track:1066, 780, 615, 417, 143
track:1067, 771, 615, 417, 143
track:1068, 756, 611, 438, 150
track:1069, 747, 611, 438, 150
track:1070, 741, 612, 438, 150
track:1071, 722, 610, 460, 158
track:1072, 721, 615, 438, 150
track:1073, 707, 616, 438, 150
track:1074, 704, 618, 438, 150
track:1075, 696, 615, 438, 150
track:1076, 682, 614, 438, 150
track:1077, 672, 616, 438, 150
track:1078, 659, 614, 438, 150
track:1079, 648, 616, 438, 150
track:1080, 656, 619, 417, 143
track:1081, 642, 617, 438, 150
track:1082, 644, 620, 417, 143
track:1083, 636, 622, 417, 143
track:1084, 636, 621, 417, 143
track:1085, 632, 621, 417, 143
track:1086, 635, 619, 417, 143
track:1087, 632, 619, 417, 143
track:1088, 641, 622, 397, 136
track:1089, 641, 621, 397, 136
track:1090, 640, 619, 397, 136
track:1091, 644, 622, 378, 130
track:1092, 643, 623, 378, 130
track:1093, 639, 623, 397, 136
track:1094, 630, 620, 417, 143
track:1095, 631, 620, 417, 143
track:1096, 635, 620, 417, 143
track:1097, 640, 622, 417, 143
track:1098, 643, 625, 417, 143
track:1099, 649, 628, 397, 136
track:1100, 648, 626, 397, 136
track:1101, 656, 626, 397, 136
track:1102, 650, 626, 397, 136
track:1103, 653, 626, 397, 136
track:1104, 651, 626, 397, 136
track:1105, 651, 625, 397, 136
init :1106, 701, 628, 456, 166
track:1107, 701, 628, 456, 166
track:1108, 699, 629, 456, 166
track:1109, 695, 631, 456, 166
track:1110, 694, 632, 456, 166
track:1111, 690, 634, 456, 166
track:1112, 685, 634, 456, 166
track:1113, 680, 635, 456, 166
track:1114, 693, 641, 434, 158
track:1115, 680, 637, 456, 166
track:1116, 673, 637, 456, 166
track:1117, 667, 636, 456, 166
track:1118, 679, 641, 434, 158
track:1119, 674, 642, 434, 158
track:1120, 676, 643, 434, 158
track:1121, 672, 642, 434, 158
track:1122, 682, 645, 414, 151
track:1123, 687, 646, 414, 151
track:1124, 677, 647, 414, 151
track:1125, 674, 646, 414, 151
track:1126, 678, 649, 414, 151
track:1127, 681, 647, 414, 151
track:1128, 686, 650, 394, 143
track:1129, 697, 651, 394, 143
track:1130, 696, 655, 394, 143
track:1131, 702, 651, 394, 143
track:1132, 698, 654, 394, 143
track:1133, 809, 650, 414, 151
track:1134, 822, 659, 394, 143
track:1135, 824, 656, 394, 143
track:1136, 814, 657, 414, 151
track:1137, 819, 660, 414, 151
track:1138, 821, 659, 414, 151
track:1139, 828, 657, 394, 143
track:1140, 820, 657, 414, 151
track:1141, 794, 663, 414, 151
track:1142, 801, 667, 414, 151
track:1143, 784, 672, 434, 158
track:1144, 773, 677, 434, 158
track:1145, 771, 679, 434, 158
track:1146, 771, 680, 434, 158
track:1147, 760, 681, 434, 158
track:1148, 757, 683, 434, 158
track:1149, 748, 676, 456, 166
track:1150, 747, 679, 456, 166
track:1151, 743, 673, 456, 166
track:1152, 740, 663, 456, 166
track:1153, 732, 660, 456, 166
track:1154, 742, 666, 434, 158
track:1155, 742, 667, 434, 158
track:1156, 754, 672, 414, 151
track:1157, 754, 672, 414, 151
track:1158, 752, 670, 414, 151
track:1159, 758, 669, 414, 151
track:1160, 758, 672, 414, 151
track:1161, 765, 674, 414, 151
track:1162, 768, 672, 414, 151
track:1163, 771, 670, 414, 151
track:1164, 773, 664, 434, 158
track:1165, 776, 662, 434, 158
track:1166, 781, 665, 434, 158
track:1167, 763, 662, 456, 166
track:1168, 776, 665, 434, 158
track:1169, 775, 659, 456, 166
track:1170, 760, 652, 479, 174
init :1171, 761, 638, 346, 168
track:1172, 761, 639, 346, 168
track:1173, 761, 639, 346, 168
track:1174, 762, 639, 346, 168
track:1175, 763, 639, 346, 168
track:1176, 766, 636, 346, 168
track:1177, 767, 636, 346, 168
track:1178, 765, 636, 346, 168
track:1179, 763, 633, 346, 168
track:1180, 768, 631, 346, 168
track:1181, 765, 631, 346, 168
track:1182, 766, 628, 346, 168
track:1183, 761, 627, 346, 168
track:1184, 774, 629, 330, 160
track:1185, 771, 625, 346, 168
track:1186, 756, 620, 363, 176
track:1187, 752, 618, 363, 176
track:1188, 764, 615, 363, 176
track:1189, 781, 616, 363, 176
track:1190, 787, 613, 381, 185
track:1191, 768, 616, 381, 185
track:1192, 771, 617, 381, 185
track:1193, 763, 612, 401, 194
track:1194, 754, 615, 401, 194
track:1195, 785, 609, 401, 194
track:1196, 774, 614, 401, 194
track:1197, 773, 619, 381, 185
track:1198, 776, 625, 381, 185
track:1199, 788, 618, 363, 176
track:1200, 766, 612, 381, 185
track:1201, 736, 609, 381, 185
track:1202, 762, 610, 381, 185
track:1203, 765, 612, 363, 176
track:1204, 810, 613, 363, 176
track:1205, 808, 615, 363, 176
track:1206, 782, 618, 363, 176
track:1207, 815, 614, 363, 176
track:1208, 826, 617, 363, 176
track:1209, 819, 617, 363, 176
track:1210, 807, 614, 381, 185
track:1211, 827, 613, 381, 185
track:1212, 851, 611, 381, 185
track:1213, 855, 614, 381, 185
track:1214, 850, 612, 381, 185
track:1215, 855, 618, 381, 185
track:1216, 855, 626, 363, 176
track:1217, 855, 625, 363, 176
track:1218, 855, 626, 363, 176
track:1219, 854, 625, 363, 176
track:1220, 861, 628, 346, 168
track:1221, 872, 632, 330, 160
track:1222, 869, 633, 330, 160
track:1223, 868, 632, 330, 160
track:1224, 869, 633, 330, 160
track:1225, 881, 637, 314, 152
track:1226, 886, 641, 299, 145
track:1227, 886, 640, 299, 145
track:1228, 889, 642, 299, 145
track:1229, 887, 641, 299, 145
track:1230, 895, 646, 285, 138
track:1231, 894, 647, 285, 138
track:1232, 895, 648, 285, 138
track:1233, 901, 651, 271, 132
track:1234, 907, 655, 258, 125
track:1235, 898, 651, 271, 132
init :1236, 918, 667, 240, 96
track:1237, 923, 669, 229, 91
track:1238, 916, 667, 240, 96
track:1239, 915, 667, 240, 96
track:1240, 913, 666, 240, 96
track:1241, 912, 667, 240, 96
track:1242, 917, 669, 229, 91
track:1243, 920, 671, 218, 87
track:1244, 919, 672, 218, 87
track:1245, 919, 672, 218, 87
track:1246, 920, 674, 218, 87
track:1247, 907, 673, 218, 87
track:1248, 908, 673, 218, 87
track:1249, 908, 674, 218, 87
track:1250, 889, 671, 218, 87
track:1251, 893, 671, 218, 87
track:1252, 871, 665, 229, 91
track:1253, 875, 667, 218, 87
track:1254, 872, 665, 218, 87
track:1255, 861, 664, 218, 87
track:1256, 860, 660, 218, 87
track:1257, 862, 660, 207, 83
track:1258, 862, 660, 197, 79
track:1259, 869, 660, 188, 75
track:1260, 869, 658, 188, 75
track:1261, 878, 654, 188, 75
track:1262, 845, 650, 197, 79
track:1263, 845, 650, 197, 79
track:1264, 844, 650, 197, 79
track:1265, 851, 652, 188, 75
track:1266, 857, 653, 188, 75
track:1267, 859, 653, 188, 75
track:1268, 858, 654, 188, 75
track:1269, 862, 655, 179, 72
track:1270, 863, 656, 179, 72
track:1271, 862, 657, 179, 72
track:1272, 858, 659, 179, 72
track:1273, 855, 659, 179, 72
track:1274, 854, 662, 179, 72
track:1275, 849, 657, 179, 72
track:1276, 836, 655, 188, 75
track:1277, 829, 657, 188, 75
track:1278, 825, 655, 188, 75
track:1279, 826, 656, 188, 75
track:1280, 807, 653, 197, 79
track:1281, 807, 657, 188, 75
track:1282, 806, 658, 188, 75
track:1283, 801, 657, 188, 75
track:1284, 801, 657, 188, 75
track:1285, 797, 659, 179, 72
track:1286, 796, 660, 179, 72
track:1287, 793, 660, 179, 72
track:1288, 794, 661, 171, 68
track:1289, 794, 662, 171, 68
track:1290, 796, 664, 162, 65
track:1291, 799, 664, 155, 62
track:1292, 798, 664, 155, 62
track:1293, 801, 665, 147, 59
track:1294, 800, 665, 147, 59
track:1295, 800, 664, 147, 59
track:1296, 797, 663, 147, 59
track:1297, 798, 662, 147, 59
track:1298, 801, 663, 140, 56
track:1299, 801, 663, 140, 56
track:1300, 802, 665, 140, 56
init :1301, 863, 662, 152, 64
track:1302, 864, 662, 152, 64
track:1303, 863, 662, 152, 64
track:1304, 863, 662, 152, 64
track:1305, 864, 662, 152, 64
track:1306, 866, 662, 152, 64
track:1307, 866, 663, 152, 64
track:1308, 866, 664, 152, 64
track:1309, 867, 664, 152, 64
track:1310, 868, 663, 152, 64
track:1311, 869, 665, 152, 64
track:1312, 869, 664, 152, 64
track:1313, 868, 665, 152, 64
track:1314, 868, 665, 152, 64
track:1315, 868, 666, 152, 64
track:1316, 868, 666, 152, 64
track:1317, 864, 666, 152, 64
track:1318, 864, 667, 152, 64
track:1319, 863, 667, 152, 64
track:1320, 856, 666, 160, 67
track:1321, 860, 667, 152, 64
track:1322, 861, 668, 152, 64
track:1323, 862, 668, 152, 64
track:1324, 863, 668, 152, 64
track:1325, 862, 669, 152, 64
track:1326, 867, 672, 145, 61
track:1327, 869, 672, 145, 61
track:1328, 872, 674, 145, 61
track:1329, 872, 674, 145, 61
track:1330, 871, 674, 145, 61
track:1331, 870, 675, 145, 61
track:1332, 866, 675, 145, 61
track:1333, 861, 674, 145, 61
track:1334, 863, 675, 138, 58
track:1335, 857, 675, 138, 58
track:1336, 854, 675, 138, 58
track:1337, 852, 675, 138, 58
track:1338, 847, 675, 145, 61
track:1339, 846, 674, 145, 61
track:1340, 845, 674, 145, 61
track:1341, 845, 674, 145, 61
track:1342, 844, 675, 145, 61
track:1343, 843, 676, 145, 61
track:1344, 844, 675, 145, 61
track:1345, 842, 676, 145, 61
track:1346, 843, 676, 145, 61
track:1347, 844, 676, 145, 61
track:1348, 842, 677, 145, 61
track:1349, 840, 675, 152, 64
track:1350, 838, 676, 152, 64
track:1351, 838, 676, 152, 64
track:1352, 837, 676, 152, 64
track:1353, 839, 678, 145, 61
track:1354, 838, 679, 145, 61
track:1355, 840, 679, 145, 61
track:1356, 841, 679, 145, 61
track:1357, 840, 679, 145, 61
track:1358, 839, 680, 145, 61
track:1359, 839, 680, 145, 61
track:1360, 838, 680, 145, 61
track:1361, 838, 681, 145, 61
track:1362, 837, 681, 145, 61
track:1363, 839, 682, 145, 61
track:1364, 840, 682, 145, 61
track:1365, 839, 682, 145, 61
init :1366, 849, 687, 180, 54
track:1367, 849, 687, 180, 54
track:1368, 847, 688, 180, 54
track:1369, 847, 688, 180, 54
track:1370, 843, 687, 189, 57
track:1371, 847, 689, 180, 54
track:1372, 846, 690, 180, 54
track:1373, 844, 692, 180, 54
track:1374, 843, 692, 180, 54
track:1375, 836, 690, 189, 57
track:1376, 834, 691, 189, 57
track:1377, 833, 690, 189, 57
track:1378, 832, 692, 189, 57
track:1379, 828, 692, 189, 57
track:1380, 820, 691, 198, 60
track:1381, 821, 693, 189, 57
track:1382, 819, 694, 189, 57
track:1383, 815, 695, 189, 57
track:1384, 810, 695, 198, 60
track:1385, 809, 696, 198, 60
track:1386, 809, 698, 198, 60
track:1387, 811, 698, 198, 60
track:1388, 813, 700, 198, 60
track:1389, 813, 700, 198, 60
track:1390, 818, 702, 198, 60
track:1391, 820, 703, 198, 60
track:1392, 824, 704, 198, 60
track:1393, 831, 706, 198, 60
track:1394, 831, 706, 198, 60
track:1395, 833, 707, 198, 60
track:1396, 833, 707, 198, 60
track:1397, 833, 708, 198, 60
track:1398, 833, 709, 198, 60
track:1399, 833, 709, 198, 60
track:1400, 825, 708, 208, 63
track:1401, 822, 709, 208, 63
track:1402, 817, 710, 208, 63
track:1403, 813, 710, 208, 63
track:1404, 812, 711, 208, 63
track:1405, 807, 711, 208, 63
track:1406, 800, 710, 219, 66
track:1407, 795, 711, 219, 66
track:1408, 791, 711, 219, 66
track:1409, 791, 711, 219, 66
track:1410, 790, 712, 219, 66
track:1411, 790, 713, 219, 66
track:1412, 791, 714, 219, 66
track:1413, 787, 713, 230, 69
track:1414, 787, 714, 230, 69
track:1415, 794, 715, 219, 66
track:1416, 793, 715, 219, 66
track:1417, 793, 716, 219, 66
track:1418, 792, 716, 219, 66
track:1419, 791, 716, 219, 66
track:1420, 788, 718, 219, 66
track:1421, 782, 718, 230, 69
track:1422, 781, 718, 230, 69
track:1423, 781, 718, 230, 69
track:1424, 780, 718, 230, 69
track:1425, 788, 720, 219, 66
track:1426, 785, 720, 230, 69
track:1427, 783, 720, 230, 69
track:1428, 784, 721, 230, 69
track:1429, 781, 722, 230, 69
track:1430, 775, 721, 241, 72
init :1431, 789, 719, 249, 98
track:1432, 793, 720, 237, 93
track:1433, 793, 721, 237, 93
track:1434, 793, 721, 237, 93
track:1435, 790, 723, 237, 93
track:1436, 788, 724, 237, 93
track:1437, 786, 725, 237, 93
track:1438, 781, 724, 249, 98
track:1439, 786, 727, 237, 93
track:1440, 785, 729, 237, 93
track:1441, 782, 730, 237, 93
track:1442, 783, 732, 226, 89
track:1443, 778, 732, 226, 89
track:1444, 778, 732, 226, 89
track:1445, 772, 732, 226, 89
track:1446, 763, 731, 237, 93
track:1447, 760, 730, 237, 93
track:1448, 753, 727, 249, 98
track:1449, 754, 726, 249, 98
track:1450, 753, 727, 249, 98
track:1451, 757, 724, 249, 98
track:1452, 758, 724, 249, 98
track:1453, 764, 724, 249, 98
track:1454, 769, 723, 249, 98
track:1455, 775, 725, 237, 93
track:1456, 789, 722, 249, 98
track:1457, 785, 720, 261, 103
track:1458, 791, 723, 249, 98
track:1459, 793, 727, 237, 93
track:1460, 803, 730, 226, 89
track:1461, 814, 730, 226, 89
track:1462, 818, 730, 226, 89
track:1463, 818, 732, 226, 89
track:1464, 824, 732, 226, 89
track:1465, 867, 716, 215, 85
track:1466, 861, 707, 226, 89
track:1467, 855, 690, 226, 89
track:1468, 850, 688, 237, 93
track:1469, 855, 683, 249, 98
track:1470, 851, 679, 249, 98
track:1471, 853, 680, 249, 98
track:1472, 851, 686, 249, 98
track:1473, 854, 688, 237, 93
track:1474, 855, 691, 237, 93
track:1475, 845, 670, 249, 98
track:1476, 848, 669, 249, 98
track:1477, 859, 672, 237, 93
track:1478, 858, 672, 237, 93
track:1479, 853, 673, 249, 98
track:1480, 858, 676, 249, 98
track:1481, 858, 667, 249, 98
track:1482, 863, 669, 261, 103
track:1483, 861, 662, 261, 103
track:1484, 873, 670, 261, 103
track:1485, 852, 693, 261, 103
track:1486, 866, 694, 275, 108
track:1487, 863, 696, 275, 108
track:1488, 858, 698, 288, 113
track:1489, 862, 702, 288, 113
track:1490, 855, 702, 303, 119
track:1491, 856, 700, 303, 119
track:1492, 853, 701, 303, 119
track:1493, 855, 699, 303, 119
track:1494, 851, 697, 303, 119
track:1495, 846, 695, 318, 125
init :1496, 858, 649, 290, 145
track:1497, 856, 647, 290, 145
track:1498, 856, 647, 290, 145
track:1499, 849, 642, 304, 152
track:1500, 840, 638, 304, 152
track:1501, 833, 634, 304, 152
track:1502, 830, 628, 304, 152
track:1503, 834, 630, 290, 145
track:1504, 839, 631, 276, 138
track:1505, 831, 625, 290, 145
track:1506, 831, 623, 290, 145
track:1507, 823, 617, 290, 145
track:1508, 828, 616, 290, 145
track:1509, 820, 611, 304, 152
track:1510, 821, 610, 304, 152
track:1511, 818, 606, 304, 152
track:1512, 807, 606, 304, 152
track:1513, 805, 604, 304, 152
track:1514, 794, 602, 290, 145
track:1515, 776, 605, 276, 138
track:1516, 745, 602, 290, 145
track:1517, 722, 603, 290, 145
track:1518, 734, 606, 276, 138
track:1519, 706, 607, 276, 138
track:1520, 685, 608, 276, 138
track:1521, 661, 608, 276, 138
track:1522, 636, 606, 276, 138
track:1523, 655, 609, 276, 138
track:1524, 647, 611, 263, 132
track:1525, 636, 613, 263, 132
track:1526, 636, 610, 263, 132
track:1527, 631, 607, 276, 138
track:1528, 634, 606, 276, 138
track:1529, 645, 601, 276, 138
track:1530, 670, 601, 276, 138
track:1531, 699, 604, 276, 138
track:1532, 723, 597, 276, 138
track:1533, 723, 599, 276, 138
track:1534, 753, 602, 276, 138
track:1535, 779, 602, 263, 132
track:1536, 791, 606, 263, 132
track:1537, 822, 608, 251, 125
track:1538, 824, 608, 251, 125
track:1539, 823, 608, 263, 132
track:1540, 829, 610, 263, 132
track:1541, 835, 612, 263, 132
track:1542, 837, 610, 263, 132
track:1543, 846, 615, 251, 125
track:1544, 848, 617, 251, 125
track:1545, 843, 617, 251, 125
track:1546, 840, 617, 251, 125
track:1547, 825, 620, 251, 125
track:1548, 829, 621, 251, 125
track:1549, 829, 625, 239, 119
track:1550, 813, 630, 239, 119
track:1551, 809, 631, 239, 119
track:1552, 811, 635, 227, 114
track:1553, 815, 639, 216, 108
track:1554, 821, 640, 206, 103
track:1555, 827, 643, 196, 98
track:1556, 833, 644, 187, 93
track:1557, 834, 645, 187, 93
track:1558, 834, 646, 187, 93
track:1559, 843, 650, 178, 89
track:1560, 851, 652, 170, 85
init :1561, 900, 667, 189, 70
track:1562, 900, 668, 189, 70
track:1563, 901, 669, 189, 70
track:1564, 902, 669, 189, 70
track:1565, 903, 669, 189, 70
track:1566, 907, 670, 180, 67
track:1567, 906, 671, 180, 67
track:1568, 906, 671, 180, 67
track:1569, 909, 672, 171, 63
track:1570, 907, 673, 171, 63
track:1571, 907, 674, 163, 60
track:1572, 905, 675, 163, 60
track:1573, 905, 675, 163, 60
track:1574, 902, 675, 163, 60
track:1575, 902, 677, 155, 58
track:1576, 900, 677, 155, 58
track:1577, 900, 678, 148, 55
track:1578, 899, 679, 148, 55
track:1579, 896, 678, 148, 55
track:1580, 898, 680, 141, 52
track:1581, 895, 682, 134, 50
track:1582, 893, 681, 134, 50
track:1583, 892, 682, 134, 50
track:1584, 892, 681, 134, 50
track:1585, 894, 683, 128, 47
track:1586, 892, 682, 128, 47
track:1587, 896, 683, 128, 47
track:1588, 895, 683, 128, 47
track:1589, 896, 682, 128, 47
track:1590, 900, 683, 122, 45
track:1591, 898, 683, 122, 45
track:1592, 900, 684, 116, 43
track:1593, 899, 685, 116, 43
track:1594, 903, 686, 111, 41
track:1595, 902, 687, 111, 41
track:1596, 901, 688, 111, 41
track:1599, 901, 687, 111, 41
track:1600, 903, 688, 105, 39
track:1601, 914, 684, 105, 39
track:1602, 911, 680, 105, 39
track:1603, 913, 681, 105, 39
track:1604, 910, 682, 111, 41
track:1605, 909, 682, 111, 41
track:1606, 909, 682, 111, 41
track:1607, 910, 682, 111, 41
track:1608, 904, 685, 111, 41
elapseTime: 15.843
