init :7, 821, 630, 235, 197
track:8, 821, 630, 235, 197
track:9, 822, 630, 235, 197
track:10, 821, 631, 235, 197
track:11, 823, 630, 235, 197
track:12, 823, 630, 235, 197
track:13, 824, 630, 235, 197
track:14, 824, 630, 235, 197
track:15, 824, 630, 235, 197
track:16, 825, 630, 235, 197
track:17, 826, 630, 235, 197
track:18, 825, 630, 235, 197
track:19, 825, 629, 235, 197
track:20, 821, 626, 247, 207
track:21, 820, 626, 247, 207
track:22, 827, 631, 235, 197
track:23, 828, 631, 235, 197
track:24, 827, 631, 235, 197
track:25, 828, 630, 235, 197
track:26, 829, 631, 235, 197
track:27, 829, 631, 235, 197
track:28, 829, 631, 235, 197
track:29, 829, 630, 235, 197
track:30, 829, 630, 235, 197
track:31, 830, 629, 235, 197
track:32, 831, 631, 235, 197
track:33, 829, 630, 235, 197
track:34, 830, 631, 235, 197
track:35, 830, 630, 235, 197
track:36, 830, 631, 235, 197
track:37, 829, 630, 235, 197
track:38, 831, 630, 235, 197
track:39, 830, 630, 235, 197
track:40, 830, 630, 235, 197
track:41, 831, 629, 235, 197
track:42, 830, 631, 235, 197
track:43, 831, 630, 235, 197
track:44, 830, 631, 235, 197
track:45, 832, 630, 235, 197
track:46, 830, 631, 235, 197
track:48, 832, 630, 235, 197
track:49, 830, 630, 235, 197
track:50, 831, 629, 235, 197
track:51, 832, 629, 235, 197
track:52, 831, 628, 235, 197
track:53, 832, 629, 235, 197
track:54, 831, 629, 235, 197
track:55, 832, 629, 235, 197
track:56, 831, 629, 235, 197
track:57, 831, 628, 235, 197
track:58, 831, 629, 235, 197
track:59, 830, 628, 235, 197
track:60, 832, 628, 235, 197
track:61, 831, 630, 235, 197
track:62, 830, 629, 235, 197
track:63, 829, 629, 235, 197
track:64, 830, 629, 235, 197
track:65, 829, 629, 235, 197
track:66, 828, 629, 235, 197
track:67, 829, 628, 235, 197
track:68, 829, 629, 235, 197
init :69, 826, 630, 235, 197
track:70, 825, 630, 235, 197
track:71, 826, 631, 235, 197
track:72, 824, 631, 235, 197
track:73, 825, 630, 235, 197
track:74, 826, 631, 235, 197
track:75, 823, 631, 235, 197
track:76, 825, 631, 235, 197
track:77, 825, 630, 235, 197
track:78, 825, 631, 235, 197
track:79, 825, 631, 235, 197
track:80, 825, 631, 235, 197
track:81, 825, 630, 235, 197
track:82, 825, 631, 235, 197
track:83, 824, 631, 235, 197
track:84, 825, 630, 235, 197
track:85, 825, 631, 235, 197
track:86, 824, 631, 235, 197
track:87, 824, 631, 235, 197
track:88, 825, 631, 235, 197
track:89, 824, 631, 235, 197
track:90, 825, 631, 235, 197
track:91, 825, 632, 235, 197
track:92, 826, 631, 235, 197
track:93, 824, 632, 235, 197
track:94, 825, 631, 235, 197
track:95, 826, 631, 235, 197
track:96, 825, 631, 235, 197
track:97, 827, 631, 235, 197
track:98, 827, 630, 235, 197
track:99, 829, 630, 235, 197
track:100, 827, 630, 235, 197
track:101, 827, 630, 235, 197
track:102, 829, 628, 235, 197
track:103, 830, 628, 235, 197
track:104, 830, 628, 235, 197
track:105, 831, 627, 235, 197
track:106, 830, 626, 235, 197
track:107, 833, 625, 235, 197
track:108, 833, 622, 235, 197
track:109, 832, 623, 235, 197
track:110, 838, 625, 224, 188
track:111, 839, 623, 224, 188
track:112, 840, 621, 224, 188
track:113, 841, 620, 224, 188
track:114, 840, 620, 224, 188
track:115, 840, 619, 224, 188
track:116, 842, 615, 224, 188
track:117, 844, 614, 224, 188
track:120, 845, 611, 224, 188
track:121, 846, 608, 224, 188
track:122, 848, 607, 224, 188
track:123, 846, 606, 224, 188
track:124, 847, 605, 224, 188
track:125, 851, 608, 213, 179
track:126, 848, 604, 213, 179
track:127, 847, 603, 213, 179
track:128, 846, 603, 213, 179
track:129, 846, 602, 213, 179
track:130, 845, 605, 213, 179
track:131, 846, 606, 213, 179
track:132, 850, 609, 213, 179
track:133, 850, 611, 213, 179
track:134, 850, 611, 213, 179
track:135, 850, 611, 213, 179
track:136, 850, 613, 213, 179
init :137, 863, 620, 175, 158
track:138, 860, 616, 184, 166
track:139, 860, 616, 184, 166
track:140, 860, 617, 184, 166
track:141, 858, 617, 184, 166
track:142, 856, 618, 184, 166
track:143, 859, 623, 175, 158
track:144, 861, 623, 175, 158
track:145, 856, 626, 175, 158
track:146, 855, 627, 175, 158
track:147, 855, 627, 175, 158
track:148, 853, 625, 184, 166
track:149, 853, 626, 184, 166
track:150, 857, 633, 175, 158
track:151, 858, 637, 175, 158
track:152, 859, 639, 175, 158
track:153, 859, 641, 175, 158
track:154, 854, 638, 184, 166
track:155, 854, 640, 184, 166
track:156, 854, 640, 184, 166
track:157, 856, 641, 184, 166
track:158, 858, 642, 184, 166
track:159, 857, 642, 184, 166
track:160, 860, 646, 175, 158
track:161, 858, 647, 175, 158
track:162, 855, 647, 175, 158
track:163, 855, 647, 175, 158
track:164, 855, 647, 175, 158
track:165, 855, 648, 175, 158
track:166, 859, 651, 167, 150
track:167, 859, 651, 167, 150
track:168, 860, 651, 167, 150
track:169, 860, 650, 167, 150
track:170, 860, 650, 167, 150
track:171, 861, 649, 167, 150
track:172, 858, 644, 175, 158
track:173, 859, 644, 175, 158
track:174, 858, 643, 175, 158
track:175, 856, 645, 175, 158
track:176, 854, 645, 175, 158
track:177, 855, 645, 175, 158
track:178, 857, 645, 175, 158
track:179, 856, 647, 175, 158
track:180, 858, 648, 175, 158
track:181, 859, 648, 175, 158
track:182, 859, 652, 175, 158
track:183, 861, 655, 175, 158
track:184, 863, 655, 175, 158
track:185, 863, 656, 175, 158
track:186, 861, 655, 175, 158
track:187, 859, 650, 175, 158
track:188, 854, 647, 175, 158
track:189, 853, 645, 175, 158
track:190, 851, 645, 175, 158
track:191, 850, 642, 175, 158
track:192, 849, 638, 175, 158
track:193, 849, 634, 175, 158
track:194, 849, 634, 175, 158
track:195, 851, 633, 175, 158
track:196, 852, 632, 175, 158
track:197, 852, 630, 175, 158
track:198, 849, 631, 175, 158
track:199, 849, 630, 175, 158
track:200, 851, 636, 167, 150
track:201, 849, 636, 167, 150
track:202, 848, 634, 167, 150
track:203, 848, 632, 167, 150
track:204, 849, 632, 167, 150
init :205, 858, 633, 156, 135
track:206, 859, 633, 156, 135
track:207, 856, 631, 156, 135
track:208, 857, 632, 156, 135
track:209, 855, 630, 156, 135
track:210, 853, 627, 156, 135
track:211, 853, 626, 156, 135
track:212, 855, 626, 149, 129
track:213, 855, 626, 149, 129
track:214, 856, 625, 149, 129
track:215, 856, 624, 149, 129
track:216, 856, 623, 149, 129
track:217, 856, 624, 149, 129
track:218, 855, 625, 149, 129
track:219, 856, 625, 149, 129
track:220, 855, 629, 149, 129
track:221, 855, 631, 149, 129
track:222, 855, 631, 149, 129
track:223, 857, 635, 141, 122
track:224, 857, 638, 141, 122
track:225, 857, 639, 141, 122
track:226, 857, 639, 141, 122
track:227, 857, 639, 141, 122
track:228, 857, 640, 141, 122
track:229, 856, 640, 141, 122
track:230, 860, 643, 135, 117
track:231, 860, 642, 135, 117
track:232, 859, 639, 135, 117
track:233, 859, 639, 135, 117
track:234, 858, 638, 135, 117
track:235, 859, 638, 135, 117
track:236, 859, 637, 135, 117
track:237, 861, 637, 135, 117
track:238, 861, 637, 135, 117
track:239, 862, 640, 135, 117
track:240, 862, 642, 135, 117
track:241, 864, 642, 135, 117
track:242, 863, 642, 135, 117
track:243, 864, 642, 135, 117
track:244, 864, 642, 135, 117
track:245, 864, 644, 135, 117
track:246, 863, 644, 135, 117
track:247, 867, 647, 128, 111
track:248, 870, 648, 122, 106
track:249, 869, 649, 122, 106
track:250, 869, 651, 122, 106
track:251, 870, 653, 122, 106
track:252, 870, 655, 122, 106
track:253, 870, 655, 122, 106
track:254, 871, 657, 122, 106
track:255, 871, 661, 122, 106
track:256, 872, 662, 122, 106
track:257, 872, 665, 122, 106
track:258, 872, 665, 122, 106
track:259, 873, 666, 122, 106
track:260, 874, 669, 122, 106
track:261, 874, 670, 122, 106
track:262, 873, 670, 122, 106
track:263, 873, 670, 122, 106
track:264, 873, 673, 122, 106
track:265, 873, 674, 122, 106
track:266, 873, 677, 122, 106
track:267, 874, 678, 122, 106
track:268, 874, 678, 122, 106
track:269, 873, 679, 122, 106
track:270, 874, 681, 122, 106
track:271, 874, 685, 122, 106
track:272, 872, 685, 128, 111
init :273, 867, 690, 129, 103
track:274, 868, 693, 129, 103
track:275, 867, 694, 129, 103
track:276, 869, 697, 129, 103
track:277, 866, 697, 135, 108
track:278, 866, 697, 135, 108
track:279, 864, 695, 142, 114
track:280, 866, 693, 142, 114
track:281, 866, 693, 142, 114
track:282, 869, 695, 142, 114
track:283, 869, 695, 142, 114
track:284, 871, 697, 142, 114
track:285, 872, 698, 142, 114
track:286, 871, 695, 149, 119
track:287, 871, 692, 149, 119
track:288, 872, 691, 149, 119
track:289, 869, 686, 157, 125
track:290, 869, 681, 157, 125
track:291, 866, 672, 165, 131
track:292, 862, 663, 173, 138
track:293, 858, 659, 182, 145
track:294, 859, 659, 182, 145
track:295, 862, 655, 182, 145
track:296, 863, 653, 182, 145
track:297, 857, 651, 191, 152
track:298, 854, 648, 200, 160
track:299, 853, 649, 200, 160
track:300, 850, 651, 200, 160
track:301, 849, 652, 200, 160
track:302, 843, 652, 210, 168
track:303, 843, 653, 210, 168
track:304, 836, 654, 221, 176
track:305, 829, 651, 232, 185
track:306, 828, 650, 232, 185
track:307, 829, 648, 232, 185
track:308, 822, 643, 243, 194
track:309, 816, 636, 255, 204
track:310, 815, 629, 255, 204
track:311, 814, 615, 255, 204
track:312, 815, 606, 255, 204
track:313, 815, 604, 255, 204
track:314, 817, 598, 255, 204
track:315, 816, 589, 255, 204
track:316, 816, 579, 255, 204
track:317, 817, 571, 255, 204
track:318, 824, 575, 243, 194
track:319, 825, 575, 243, 194
track:320, 837, 572, 232, 185
track:321, 845, 569, 221, 176
track:322, 844, 568, 221, 176
track:323, 844, 567, 221, 176
track:324, 848, 576, 210, 168
track:325, 848, 573, 210, 168
track:326, 847, 564, 210, 168
track:327, 846, 563, 210, 168
track:328, 845, 563, 210, 168
track:329, 843, 572, 210, 168
track:330, 840, 580, 210, 168
track:331, 840, 583, 210, 168
track:332, 838, 586, 210, 168
track:333, 838, 586, 210, 168
track:334, 838, 588, 210, 168
track:335, 837, 589, 210, 168
track:336, 841, 596, 200, 160
track:337, 841, 597, 200, 160
track:338, 841, 596, 200, 160
track:339, 843, 593, 200, 160
track:340, 848, 593, 191, 152
init :341, 853, 599, 180, 158
track:342, 853, 598, 180, 158
track:343, 854, 598, 180, 158
track:344, 854, 598, 180, 158
track:345, 855, 595, 180, 158
track:346, 859, 600, 171, 150
track:347, 863, 604, 163, 143
track:348, 864, 604, 163, 143
track:349, 864, 607, 163, 143
track:350, 863, 611, 163, 143
track:351, 865, 615, 163, 143
track:352, 865, 619, 163, 143
track:353, 865, 619, 163, 143
track:354, 865, 621, 163, 143
track:355, 864, 621, 163, 143
track:356, 864, 621, 163, 143
track:357, 864, 622, 163, 143
track:358, 863, 622, 163, 143
track:359, 867, 626, 155, 136
track:360, 865, 626, 155, 136
track:361, 863, 626, 155, 136
track:362, 863, 626, 155, 136
track:363, 863, 627, 155, 136
track:364, 867, 630, 148, 130
track:365, 870, 633, 141, 124
track:366, 868, 633, 141, 124
track:367, 868, 634, 141, 124
track:368, 867, 634, 141, 124
track:369, 867, 635, 141, 124
track:370, 867, 640, 141, 124
track:371, 866, 646, 141, 124
track:372, 866, 649, 141, 124
track:373, 867, 649, 141, 124
track:374, 865, 650, 141, 124
track:375, 864, 650, 141, 124
track:376, 861, 651, 141, 124
track:377, 860, 653, 141, 124
track:378, 859, 653, 141, 124
track:379, 860, 654, 141, 124
track:380, 859, 654, 141, 124
track:381, 863, 656, 134, 118
track:382, 859, 655, 134, 118
track:383, 859, 655, 134, 118
track:384, 857, 654, 134, 118
track:385, 857, 653, 134, 118
track:386, 857, 653, 134, 118
track:387, 860, 656, 128, 112
track:388, 861, 656, 128, 112
track:389, 859, 655, 128, 112
track:390, 861, 658, 122, 107
track:391, 862, 660, 122, 107
track:392, 865, 665, 116, 102
track:393, 864, 665, 116, 102
track:394, 865, 666, 116, 102
track:395, 865, 672, 116, 102
track:396, 867, 675, 116, 102
track:397, 868, 680, 116, 102
track:398, 869, 680, 116, 102
track:399, 870, 684, 116, 102
track:400, 871, 689, 116, 102
track:401, 872, 693, 116, 102
track:402, 873, 699, 116, 102
track:403, 874, 698, 116, 102
track:404, 874, 700, 116, 102
track:405, 874, 700, 116, 102
track:406, 875, 700, 116, 102
track:407, 876, 700, 116, 102
track:408, 876, 700, 116, 102
init :409, 876, 700, 106, 83
track:410, 876, 698, 106, 83
track:411, 877, 696, 106, 83
track:412, 878, 694, 106, 83
track:413, 878, 694, 106, 83
track:414, 878, 693, 106, 83
track:415, 878, 694, 106, 83
track:416, 878, 696, 106, 83
track:417, 879, 695, 106, 83
track:418, 880, 696, 106, 83
track:419, 879, 696, 106, 83
track:420, 877, 696, 106, 83
track:421, 876, 697, 106, 83
track:422, 876, 695, 106, 83
track:423, 876, 694, 106, 83
track:424, 876, 691, 106, 83
track:425, 875, 689, 106, 83
track:426, 874, 688, 106, 83
track:427, 873, 687, 106, 83
track:428, 873, 686, 106, 83
track:429, 873, 686, 106, 83
track:430, 872, 687, 106, 83
track:431, 872, 687, 106, 83
track:432, 870, 686, 106, 83
track:433, 871, 687, 106, 83
track:434, 871, 686, 106, 83
track:435, 869, 687, 106, 83
track:436, 868, 687, 106, 83
track:437, 868, 689, 106, 83
track:438, 868, 689, 106, 83
track:439, 869, 690, 106, 83
track:440, 870, 691, 106, 83
track:441, 870, 691, 106, 83
track:442, 871, 691, 106, 83
track:443, 871, 692, 106, 83
track:444, 868, 689, 111, 87
track:445, 868, 690, 111, 87
track:446, 869, 691, 111, 87
track:447, 868, 690, 111, 87
track:448, 869, 690, 111, 87
track:449, 866, 687, 117, 92
track:450, 867, 686, 117, 92
track:451, 867, 687, 117, 92
track:452, 868, 689, 117, 92
track:453, 868, 689, 117, 92
track:454, 869, 689, 117, 92
track:455, 870, 689, 117, 92
track:456, 871, 690, 117, 92
track:457, 870, 690, 117, 92
track:458, 867, 687, 123, 96
track:459, 866, 687, 123, 96
track:460, 867, 686, 123, 96
track:461, 867, 685, 123, 96
track:462, 868, 685, 123, 96
track:463, 868, 684, 123, 96
track:464, 867, 682, 123, 96
track:465, 864, 677, 129, 101
track:466, 864, 678, 129, 101
track:467, 864, 678, 129, 101
track:468, 863, 679, 129, 101
track:469, 863, 679, 129, 101
track:470, 862, 677, 135, 106
track:471, 864, 679, 135, 106
track:472, 863, 679, 135, 106
track:473, 863, 681, 135, 106
track:474, 863, 683, 135, 106
track:475, 862, 681, 142, 111
track:476, 860, 678, 149, 117
init :477, 872, 682, 138, 116
track:478, 873, 681, 138, 116
track:479, 876, 679, 138, 116
track:480, 878, 670, 138, 116
track:481, 879, 668, 138, 116
track:482, 879, 668, 138, 116
track:483, 883, 659, 138, 116
track:484, 881, 656, 145, 122
track:485, 882, 657, 145, 122
track:486, 879, 657, 152, 128
track:487, 879, 658, 152, 128
track:488, 878, 662, 152, 128
track:490, 876, 665, 152, 128
track:491, 870, 663, 160, 134
track:492, 869, 664, 160, 134
track:493, 867, 664, 160, 134
track:494, 870, 667, 152, 128
track:495, 866, 658, 152, 128
track:496, 864, 654, 152, 128
track:497, 864, 653, 152, 128
track:498, 859, 648, 160, 134
track:499, 858, 644, 160, 134
track:500, 857, 639, 160, 134
track:501, 857, 635, 160, 134
track:502, 857, 636, 160, 134
track:503, 857, 633, 160, 134
track:504, 857, 632, 160, 134
track:505, 856, 630, 160, 134
track:506, 855, 630, 160, 134
track:507, 855, 630, 160, 134
track:508, 854, 628, 160, 134
track:509, 854, 623, 160, 134
track:510, 854, 621, 160, 134
track:511, 854, 619, 160, 134
track:512, 853, 619, 160, 134
track:513, 852, 619, 160, 134
track:514, 853, 620, 160, 134
track:515, 856, 624, 152, 128
track:516, 857, 624, 152, 128
track:517, 857, 623, 152, 128
track:518, 856, 621, 152, 128
track:519, 857, 619, 152, 128
track:520, 861, 622, 145, 122
track:521, 862, 621, 145, 122
track:522, 862, 620, 145, 122
track:523, 861, 622, 145, 122
track:524, 861, 625, 145, 122
track:525, 863, 626, 145, 122
track:526, 865, 627, 145, 122
track:527, 863, 627, 145, 122
track:528, 864, 627, 145, 122
track:529, 868, 629, 138, 116
track:530, 872, 629, 131, 110
track:531, 872, 629, 131, 110
track:532, 872, 629, 131, 110
track:533, 877, 633, 125, 105
track:534, 877, 633, 125, 105
track:535, 876, 634, 125, 105
track:536, 876, 635, 125, 105
track:537, 881, 638, 119, 100
track:538, 883, 642, 114, 95
track:539, 883, 644, 114, 95
track:540, 883, 644, 114, 95
track:543, 881, 645, 114, 95
track:544, 881, 646, 114, 95
init :546, 872, 656, 115, 83
track:547, 872, 656, 115, 83
track:548, 871, 658, 115, 83
track:549, 871, 661, 115, 83
track:550, 870, 663, 115, 83
track:551, 868, 664, 115, 83
track:552, 868, 664, 115, 83
track:553, 868, 664, 115, 83
track:554, 868, 664, 115, 83
track:555, 867, 665, 115, 83
track:556, 867, 665, 115, 83
track:557, 867, 665, 115, 83
track:558, 869, 671, 110, 79
track:559, 871, 676, 104, 75
track:560, 871, 678, 104, 75
track:561, 871, 681, 104, 75
track:562, 871, 682, 104, 75
track:563, 871, 684, 104, 75
track:564, 871, 685, 104, 75
track:565, 871, 687, 104, 75
track:566, 871, 689, 104, 75
track:567, 870, 689, 104, 75
track:568, 872, 691, 104, 75
track:569, 873, 693, 104, 75
track:570, 872, 696, 104, 75
track:571, 872, 698, 104, 75
track:572, 871, 699, 104, 75
track:573, 873, 701, 104, 75
track:574, 874, 702, 104, 75
track:575, 875, 702, 104, 75
track:576, 873, 700, 104, 75
track:577, 873, 700, 104, 75
track:578, 873, 697, 104, 75
track:579, 874, 696, 104, 75
track:580, 875, 695, 104, 75
track:581, 875, 695, 104, 75
track:582, 875, 696, 104, 75
track:583, 874, 698, 104, 75
track:584, 874, 699, 104, 75
track:585, 874, 700, 104, 75
track:586, 874, 700, 104, 75
track:587, 874, 700, 104, 75
track:588, 874, 701, 104, 75
track:589, 874, 700, 104, 75
track:590, 872, 698, 110, 79
track:591, 870, 699, 110, 79
track:592, 869, 699, 110, 79
track:593, 869, 698, 110, 79
track:594, 866, 695, 115, 83
track:595, 866, 686, 115, 83
track:596, 865, 683, 115, 83
track:597, 865, 683, 115, 83
track:598, 861, 678, 121, 87
track:599, 860, 671, 121, 87
track:600, 861, 668, 121, 87
track:601, 861, 667, 121, 87
track:602, 862, 668, 121, 87
track:603, 862, 666, 121, 87
track:604, 857, 660, 127, 92
track:605, 857, 657, 127, 92
track:606, 857, 656, 127, 92
track:607, 857, 655, 127, 92
track:608, 857, 656, 127, 92
track:609, 858, 655, 127, 92
track:610, 858, 656, 127, 92
track:611, 858, 660, 127, 92
track:612, 858, 660, 127, 92
init :613, 863, 659, 129, 109
track:614, 864, 660, 129, 109
track:615, 864, 663, 129, 109
track:616, 863, 665, 129, 109
track:617, 863, 665, 129, 109
track:618, 864, 666, 129, 109
track:619, 860, 662, 135, 114
track:620, 862, 661, 135, 114
track:621, 862, 660, 135, 114
track:622, 862, 660, 135, 114
track:623, 862, 660, 135, 114
track:624, 861, 658, 135, 114
track:625, 861, 658, 135, 114
track:626, 862, 659, 135, 114
track:627, 863, 660, 135, 114
track:628, 863, 661, 135, 114
track:629, 862, 660, 135, 114
track:630, 862, 657, 135, 114
track:631, 862, 656, 135, 114
track:632, 859, 654, 142, 120
track:633, 861, 658, 142, 120
track:634, 861, 661, 142, 120
track:635, 858, 661, 149, 126
track:636, 860, 662, 149, 126
track:637, 859, 661, 149, 126
track:638, 861, 663, 149, 126
track:639, 862, 663, 149, 126
track:640, 862, 662, 149, 126
track:641, 862, 660, 149, 126
track:642, 861, 660, 149, 126
track:643, 862, 658, 149, 126
track:644, 861, 657, 149, 126
track:645, 862, 649, 149, 126
track:646, 861, 647, 149, 126
track:647, 861, 647, 149, 126
track:648, 862, 645, 149, 126
track:649, 863, 646, 149, 126
track:650, 863, 647, 149, 126
track:651, 868, 647, 149, 126
track:652, 866, 647, 149, 126
track:653, 867, 646, 149, 126
track:654, 868, 646, 149, 126
track:655, 869, 652, 149, 126
track:656, 870, 653, 149, 126
track:657, 871, 654, 149, 126
track:658, 871, 657, 149, 126
track:659, 873, 656, 149, 126
track:660, 873, 655, 149, 126
track:661, 873, 655, 149, 126
track:662, 874, 655, 149, 126
track:663, 874, 654, 149, 126
track:664, 876, 653, 149, 126
track:665, 877, 651, 149, 126
track:666, 877, 649, 149, 126
track:667, 877, 649, 149, 126
track:668, 881, 650, 142, 120
track:669, 882, 648, 142, 120
track:670, 882, 648, 142, 120
track:671, 879, 648, 142, 120
track:672, 879, 649, 142, 120
track:673, 878, 649, 142, 120
track:674, 877, 648, 142, 120
track:675, 877, 647, 142, 120
track:676, 875, 647, 142, 120
track:677, 875, 647, 142, 120
track:678, 873, 651, 142, 120
track:679, 872, 659, 142, 120
track:680, 873, 667, 142, 120
init :681, 872, 669, 143, 119
track:682, 872, 669, 143, 119
track:683, 870, 668, 143, 119
track:684, 869, 668, 143, 119
track:685, 868, 669, 143, 119
track:686, 868, 672, 143, 119
track:687, 869, 672, 143, 119
track:688, 865, 670, 150, 125
track:689, 864, 668, 150, 125
track:690, 863, 666, 150, 125
track:691, 862, 664, 150, 125
track:692, 861, 663, 150, 125
track:693, 861, 663, 150, 125
track:694, 861, 662, 150, 125
track:695, 862, 661, 150, 125
track:696, 861, 660, 150, 125
track:697, 861, 659, 150, 125
track:698, 859, 658, 150, 125
track:699, 856, 659, 150, 125
track:700, 856, 660, 150, 125
track:701, 856, 661, 150, 125
track:702, 856, 661, 150, 125
track:703, 856, 664, 150, 125
track:704, 854, 670, 150, 125
track:705, 853, 675, 150, 125
track:706, 852, 676, 150, 125
track:707, 853, 676, 150, 125
track:708, 852, 677, 150, 125
track:709, 853, 678, 150, 125
track:710, 853, 676, 150, 125
track:711, 853, 676, 150, 125
track:712, 852, 672, 150, 125
track:713, 852, 671, 150, 125
track:714, 851, 671, 150, 125
track:715, 851, 673, 150, 125
track:716, 851, 674, 150, 125
track:717, 851, 675, 150, 125
track:718, 852, 675, 150, 125
track:719, 853, 675, 150, 125
track:720, 854, 677, 150, 125
track:721, 854, 676, 150, 125
track:722, 853, 676, 150, 125
track:723, 854, 675, 150, 125
track:724, 854, 672, 150, 125
track:725, 855, 669, 150, 125
track:726, 855, 667, 150, 125
track:727, 855, 666, 150, 125
track:728, 851, 661, 158, 131
track:729, 851, 655, 158, 131
track:730, 852, 653, 158, 131
track:731, 853, 653, 158, 131
track:732, 854, 653, 158, 131
track:733, 853, 651, 158, 131
track:734, 853, 646, 158, 131
track:735, 851, 638, 166, 138
track:736, 851, 638, 166, 138
track:737, 851, 637, 166, 138
track:738, 850, 635, 166, 138
track:739, 849, 636, 166, 138
track:740, 850, 638, 166, 138
track:741, 851, 638, 166, 138
track:742, 851, 639, 166, 138
track:743, 850, 640, 166, 138
track:744, 849, 639, 166, 138
track:745, 850, 637, 166, 138
track:746, 850, 637, 166, 138
track:747, 850, 635, 166, 138
track:748, 850, 628, 166, 138
init :749, 849, 628, 166, 114
track:750, 848, 629, 166, 114
track:751, 848, 629, 166, 114
track:752, 847, 631, 166, 114
track:753, 849, 632, 166, 114
track:754, 850, 633, 166, 114
track:755, 852, 633, 166, 114
track:756, 852, 633, 166, 114
track:757, 852, 633, 166, 114
track:758, 852, 630, 166, 114
track:759, 852, 631, 166, 114
track:760, 852, 635, 166, 114
track:761, 852, 636, 166, 114
track:762, 855, 637, 166, 114
track:763, 858, 636, 166, 114
track:764, 860, 636, 166, 114
track:765, 858, 637, 166, 114
track:766, 857, 637, 166, 114
track:767, 855, 638, 166, 114
track:768, 856, 640, 166, 114
track:769, 856, 641, 166, 114
track:770, 864, 651, 158, 109
track:771, 865, 652, 158, 109
track:772, 866, 653, 158, 109
track:773, 866, 651, 158, 109
track:774, 866, 651, 158, 109
track:775, 868, 651, 158, 109
track:776, 868, 651, 158, 109
track:777, 869, 650, 158, 109
track:778, 870, 649, 158, 109
track:779, 870, 649, 158, 109
track:780, 874, 652, 151, 103
track:781, 873, 652, 151, 103
track:782, 873, 652, 151, 103
track:783, 879, 654, 143, 98
track:784, 878, 653, 143, 98
track:785, 877, 653, 143, 98
track:786, 878, 653, 143, 98
track:787, 876, 654, 143, 98
track:788, 876, 655, 143, 98
track:789, 875, 656, 143, 98
track:790, 874, 655, 143, 98
track:791, 874, 654, 143, 98
track:792, 874, 653, 143, 98
track:793, 873, 654, 143, 98
track:794, 873, 656, 143, 98
track:795, 873, 661, 143, 98
track:796, 874, 661, 143, 98
track:797, 873, 660, 143, 98
track:798, 876, 662, 137, 94
track:799, 877, 663, 137, 94
track:800, 877, 663, 137, 94
track:801, 877, 664, 137, 94
track:802, 877, 665, 137, 94
track:803, 876, 665, 137, 94
track:804, 876, 667, 137, 94
track:805, 875, 667, 137, 94
track:806, 875, 667, 137, 94
track:807, 874, 666, 137, 94
track:808, 874, 666, 137, 94
track:809, 874, 668, 137, 94
track:810, 874, 670, 137, 94
track:811, 874, 671, 137, 94
track:812, 873, 673, 137, 94
track:813, 872, 673, 137, 94
track:814, 870, 673, 137, 94
track:815, 870, 672, 137, 94
track:816, 869, 672, 137, 94
init :817, 863, 669, 147, 109
track:818, 862, 675, 147, 109
track:819, 862, 676, 147, 109
track:820, 860, 687, 147, 109
track:821, 859, 688, 147, 109
track:822, 859, 688, 147, 109
track:823, 858, 687, 147, 109
track:824, 855, 684, 154, 114
track:825, 854, 685, 154, 114
track:826, 853, 685, 154, 114
track:827, 849, 686, 162, 120
track:828, 850, 693, 162, 120
track:829, 846, 692, 170, 126
track:830, 847, 693, 170, 126
track:831, 848, 693, 170, 126
track:832, 848, 694, 170, 126
track:833, 847, 690, 179, 132
track:834, 847, 682, 179, 132
track:835, 847, 675, 179, 132
track:836, 847, 674, 179, 132
track:837, 850, 671, 179, 132
track:838, 846, 667, 179, 132
track:839, 844, 663, 179, 132
track:840, 839, 656, 188, 139
track:841, 842, 658, 179, 132
track:842, 836, 654, 188, 139
track:843, 828, 646, 197, 146
track:844, 829, 643, 197, 146
track:845, 819, 629, 197, 146
track:846, 820, 628, 197, 146
track:847, 821, 622, 197, 146
track:848, 820, 616, 197, 146
track:849, 819, 614, 197, 146
track:850, 818, 612, 197, 146
track:851, 818, 612, 197, 146
track:852, 822, 609, 197, 146
track:853, 826, 605, 197, 146
track:854, 828, 606, 197, 146
track:855, 828, 610, 197, 146
track:856, 827, 611, 197, 146
track:857, 828, 611, 197, 146
track:858, 829, 609, 197, 146
track:859, 831, 605, 197, 146
track:860, 831, 602, 197, 146
track:861, 830, 603, 197, 146
track:862, 829, 604, 197, 146
track:863, 830, 609, 197, 146
track:864, 831, 615, 197, 146
track:865, 831, 621, 197, 146
track:866, 832, 621, 197, 146
track:867, 832, 627, 197, 146
track:868, 832, 630, 197, 146
track:869, 833, 630, 197, 146
track:870, 833, 634, 197, 146
track:871, 833, 635, 197, 146
track:872, 834, 636, 197, 146
track:873, 834, 636, 197, 146
track:874, 839, 638, 188, 139
track:875, 840, 639, 188, 139
track:876, 840, 639, 188, 139
track:877, 841, 639, 188, 139
track:878, 847, 642, 179, 132
track:879, 854, 646, 170, 126
track:880, 854, 646, 170, 126
track:881, 854, 646, 170, 126
track:882, 854, 645, 170, 126
track:883, 856, 644, 170, 126
track:884, 858, 643, 170, 126
init :885, 872, 643, 138, 116
track:886, 872, 643, 138, 116
track:887, 875, 645, 138, 116
track:888, 875, 645, 138, 116
track:889, 875, 645, 138, 116
track:890, 877, 644, 138, 116
track:891, 877, 644, 138, 116
track:892, 879, 642, 138, 116
track:893, 879, 642, 138, 116
track:894, 880, 642, 138, 116
track:895, 881, 643, 138, 116
track:896, 882, 642, 138, 116
track:897, 881, 642, 138, 116
track:898, 880, 642, 138, 116
track:899, 877, 640, 138, 116
track:900, 878, 644, 131, 110
track:901, 878, 643, 131, 110
track:902, 881, 648, 125, 105
track:903, 880, 649, 125, 105
track:904, 881, 649, 125, 105
track:905, 881, 648, 125, 105
track:906, 880, 648, 125, 105
track:907, 852, 629, 125, 105
track:908, 845, 626, 125, 105
track:909, 835, 627, 125, 105
track:910, 828, 631, 131, 110
track:911, 830, 633, 131, 110
track:912, 829, 636, 131, 110
track:913, 828, 640, 131, 110
track:914, 827, 639, 138, 116
track:915, 828, 638, 145, 122
track:916, 830, 642, 138, 116
track:917, 831, 644, 138, 116
track:918, 832, 645, 138, 116
track:919, 832, 647, 138, 116
track:920, 826, 646, 145, 122
track:921, 827, 646, 145, 122
track:922, 822, 643, 152, 128
track:923, 816, 643, 152, 128
track:924, 808, 641, 152, 128
track:925, 804, 642, 152, 128
track:926, 802, 640, 152, 128
track:927, 797, 637, 160, 134
track:928, 787, 638, 160, 134
track:929, 783, 637, 160, 134
track:930, 777, 632, 168, 141
track:931, 777, 630, 168, 141
track:932, 776, 627, 168, 141
track:933, 774, 626, 168, 141
track:934, 773, 624, 168, 141
track:935, 773, 623, 168, 141
track:936, 775, 621, 168, 141
track:937, 776, 621, 168, 141
track:938, 776, 616, 168, 141
track:939, 778, 618, 160, 134
track:940, 777, 616, 160, 134
track:941, 778, 616, 160, 134
track:942, 779, 615, 160, 134
track:943, 778, 614, 160, 134
track:944, 778, 614, 160, 134
track:945, 777, 614, 160, 134
track:946, 777, 614, 160, 134
track:947, 773, 614, 160, 134
track:948, 770, 615, 160, 134
track:949, 764, 618, 160, 134
track:950, 761, 619, 160, 134
track:951, 761, 618, 160, 134
track:952, 759, 620, 160, 134
init :953, 752, 576, 360, 238
track:954, 751, 575, 360, 238
track:955, 752, 578, 360, 238
track:956, 751, 576, 360, 238
track:957, 752, 578, 360, 238
track:958, 752, 579, 360, 238
track:959, 751, 580, 360, 238
track:960, 750, 582, 360, 238
track:961, 748, 582, 360, 238
track:962, 746, 584, 360, 238
track:963, 745, 586, 360, 238
track:964, 746, 585, 360, 238
track:965, 745, 587, 360, 238
track:966, 741, 586, 360, 238
track:967, 734, 587, 360, 238
track:968, 732, 587, 360, 238
track:969, 727, 588, 360, 238
track:970, 727, 589, 360, 238
track:971, 723, 588, 360, 238
track:972, 716, 589, 360, 238
track:973, 714, 589, 360, 238
track:974, 710, 589, 360, 238
track:975, 708, 589, 360, 238
track:976, 705, 590, 360, 238
track:977, 700, 591, 360, 238
track:978, 700, 590, 360, 238
track:979, 700, 593, 360, 238
track:980, 700, 592, 360, 238
track:981, 695, 593, 360, 238
track:982, 695, 593, 360, 238
track:983, 695, 594, 360, 238
track:984, 698, 594, 360, 238
track:985, 696, 595, 360, 238
track:986, 701, 602, 343, 227
track:987, 700, 601, 343, 227
track:988, 703, 600, 343, 227
track:989, 711, 607, 327, 216
track:990, 710, 608, 327, 216
track:991, 712, 608, 327, 216
track:992, 713, 608, 327, 216
track:993, 712, 606, 327, 216
track:994, 715, 610, 311, 206
track:995, 716, 609, 311, 206
track:996, 715, 609, 311, 206
track:997, 717, 608, 311, 206
track:998, 722, 604, 311, 206
track:999, 726, 603, 311, 206
track:1000, 733, 606, 296, 196
track:1001, 736, 602, 296, 196
track:1002, 739, 600, 296, 196
track:1003, 746, 595, 296, 196
track:1004, 751, 593, 296, 196
track:1005, 750, 591, 296, 196
track:1006, 753, 590, 296, 196
track:1007, 755, 588, 296, 196
track:1008, 762, 591, 282, 186
track:1009, 765, 592, 269, 178
track:1010, 764, 591, 269, 178
track:1011, 763, 590, 269, 178
track:1012, 760, 588, 269, 178
track:1013, 764, 591, 256, 169
track:1014, 760, 590, 256, 169
track:1015, 757, 590, 256, 169
track:1016, 755, 588, 256, 169
track:1017, 752, 588, 256, 169
track:1018, 750, 589, 256, 169
track:1019, 752, 592, 244, 161
track:1020, 752, 591, 244, 161
init :1021, 752, 576, 466, 184
track:1022, 751, 575, 466, 184
track:1023, 749, 573, 466, 184
track:1024, 746, 572, 466, 184
track:1025, 749, 571, 466, 184
track:1026, 745, 571, 466, 184
track:1027, 752, 576, 444, 175
track:1028, 746, 577, 444, 175
track:1029, 742, 578, 444, 175
track:1030, 753, 584, 423, 167
track:1031, 760, 587, 403, 159
track:1032, 745, 584, 423, 167
track:1033, 742, 585, 423, 167
track:1034, 739, 588, 423, 167
track:1035, 743, 590, 423, 167
track:1036, 738, 590, 423, 167
track:1037, 734, 592, 423, 167
track:1038, 721, 590, 444, 175
track:1039, 720, 593, 444, 175
track:1040, 719, 594, 444, 175
track:1041, 716, 595, 444, 175
track:1042, 717, 599, 444, 175
track:1043, 714, 600, 444, 175
track:1044, 725, 605, 423, 167
track:1045, 728, 604, 423, 167
track:1046, 728, 607, 423, 167
track:1047, 731, 610, 423, 167
track:1048, 732, 611, 423, 167
track:1049, 736, 611, 423, 167
track:1050, 739, 610, 423, 167
track:1051, 734, 605, 444, 175
track:1052, 739, 603, 444, 175
track:1053, 745, 604, 444, 175
track:1054, 764, 607, 423, 167
track:1055, 774, 610, 403, 159
track:1056, 779, 609, 403, 159
track:1057, 784, 608, 403, 159
track:1058, 786, 610, 403, 159
track:1059, 784, 610, 403, 159
track:1060, 782, 611, 403, 159
track:1061, 779, 612, 403, 159
track:1062, 772, 606, 423, 167
track:1063, 770, 606, 423, 167
track:1064, 767, 607, 423, 167
track:1065, 775, 610, 403, 159
track:1066, 775, 614, 383, 151
track:1067, 762, 614, 383, 151
track:1068, 755, 613, 383, 151
track:1069, 745, 612, 383, 151
track:1070, 755, 615, 365, 144
track:1071, 748, 618, 365, 144
track:1072, 728, 617, 365, 144
track:1073, 721, 620, 365, 144
track:1074, 694, 619, 365, 144
track:1075, 695, 618, 365, 144
track:1076, 689, 617, 365, 144
track:1077, 683, 617, 365, 144
track:1078, 665, 618, 365, 144
track:1079, 658, 619, 365, 144
track:1080, 654, 620, 365, 144
track:1081, 649, 619, 365, 144
track:1082, 645, 620, 365, 144
track:1083, 639, 620, 365, 144
track:1084, 626, 616, 383, 151
track:1085, 617, 614, 403, 159
track:1086, 625, 613, 403, 159
track:1087, 625, 614, 403, 159
track:1088, 622, 615, 403, 159
init :1089, 669, 628, 447, 137
track:1090, 669, 628, 447, 137
track:1091, 669, 629, 447, 137
track:1092, 667, 631, 447, 137
track:1093, 661, 630, 469, 144
track:1094, 664, 630, 469, 144
track:1095, 675, 634, 447, 137
track:1096, 674, 635, 447, 137
track:1097, 666, 633, 469, 144
track:1098, 666, 635, 469, 144
track:1099, 680, 638, 447, 137
track:1100, 684, 637, 447, 137
track:1101, 683, 636, 447, 137
track:1102, 686, 634, 447, 137
track:1103, 684, 633, 447, 137
track:1104, 684, 636, 447, 137
track:1105, 685, 636, 447, 137
track:1106, 685, 635, 447, 137
track:1107, 685, 636, 447, 137
track:1108, 679, 636, 447, 137
track:1109, 676, 637, 447, 137
track:1110, 678, 639, 447, 137
track:1111, 670, 640, 447, 137
track:1112, 667, 640, 447, 137
track:1113, 663, 641, 447, 137
track:1114, 647, 639, 469, 144
track:1115, 651, 641, 469, 144
track:1116, 653, 646, 447, 137
track:1117, 649, 647, 447, 137
track:1118, 652, 646, 447, 137
track:1119, 633, 647, 447, 137
track:1120, 637, 649, 447, 137
track:1121, 669, 656, 426, 130
track:1122, 660, 654, 426, 130
track:1123, 639, 648, 447, 137
track:1124, 637, 651, 447, 137
track:1125, 660, 654, 426, 130
track:1126, 668, 654, 426, 130
track:1127, 661, 655, 426, 130
track:1128, 664, 663, 405, 124
track:1129, 673, 668, 386, 118
track:1130, 668, 668, 386, 118
track:1131, 679, 667, 386, 118
track:1132, 800, 669, 386, 118
track:1133, 802, 669, 386, 118
track:1134, 790, 663, 405, 124
track:1135, 795, 664, 405, 124
track:1136, 793, 660, 405, 124
track:1137, 795, 663, 405, 124
track:1138, 796, 662, 405, 124
track:1139, 787, 664, 386, 118
track:1140, 793, 658, 386, 118
track:1141, 777, 655, 405, 124
track:1142, 771, 654, 405, 124
track:1143, 761, 657, 405, 124
track:1144, 768, 662, 386, 118
track:1145, 764, 664, 386, 118
track:1146, 739, 663, 405, 124
track:1147, 740, 663, 405, 124
track:1148, 724, 663, 426, 130
track:1149, 724, 662, 426, 130
track:1150, 723, 663, 426, 130
track:1151, 721, 662, 426, 130
track:1152, 704, 661, 447, 137
track:1153, 697, 658, 447, 137
track:1154, 687, 658, 469, 144
track:1155, 696, 662, 447, 137
track:1156, 717, 667, 426, 130
init :1157, 780, 636, 249, 176
track:1158, 784, 636, 249, 176
track:1159, 786, 635, 249, 176
track:1160, 786, 635, 249, 176
track:1161, 787, 634, 249, 176
track:1162, 790, 633, 249, 176
track:1163, 791, 634, 249, 176
track:1164, 792, 633, 249, 176
track:1165, 793, 634, 249, 176
track:1166, 790, 635, 249, 176
track:1167, 788, 635, 249, 176
track:1168, 781, 635, 249, 176
track:1169, 775, 636, 249, 176
track:1170, 781, 637, 249, 176
track:1171, 778, 639, 237, 168
track:1172, 777, 640, 237, 168
track:1173, 779, 639, 237, 168
track:1174, 779, 640, 237, 168
track:1175, 767, 640, 237, 168
track:1176, 770, 644, 226, 160
track:1177, 774, 641, 226, 160
track:1178, 772, 642, 226, 160
track:1179, 776, 638, 226, 160
track:1180, 781, 639, 226, 160
track:1181, 773, 636, 226, 160
track:1182, 767, 634, 226, 160
track:1183, 769, 631, 226, 160
track:1184, 782, 633, 215, 152
track:1185, 789, 638, 205, 145
track:1186, 779, 638, 205, 145
track:1187, 773, 632, 215, 152
track:1188, 792, 633, 205, 145
track:1189, 787, 632, 205, 145
track:1190, 789, 633, 205, 145
track:1191, 782, 630, 205, 145
track:1192, 785, 625, 205, 145
track:1193, 781, 623, 205, 145
track:1194, 785, 623, 195, 138
track:1195, 788, 626, 186, 131
track:1196, 784, 625, 186, 131
track:1197, 786, 625, 177, 125
track:1198, 791, 628, 169, 119
track:1199, 790, 628, 169, 119
track:1200, 790, 628, 169, 119
track:1201, 792, 628, 169, 119
track:1202, 792, 627, 169, 119
track:1203, 796, 626, 169, 119
track:1204, 798, 626, 169, 119
track:1205, 806, 630, 161, 113
track:1206, 810, 633, 153, 108
track:1207, 817, 633, 153, 108
track:1208, 820, 633, 153, 108
track:1209, 823, 634, 153, 108
track:1210, 827, 634, 153, 108
track:1211, 834, 635, 153, 108
track:1212, 845, 637, 153, 108
track:1213, 845, 637, 153, 108
track:1214, 850, 641, 146, 103
track:1215, 850, 642, 146, 103
track:1216, 851, 642, 146, 103
track:1217, 856, 644, 139, 98
track:1218, 857, 648, 132, 93
track:1219, 857, 649, 132, 93
track:1220, 857, 649, 132, 93
track:1221, 856, 649, 132, 93
track:1222, 858, 649, 132, 93
track:1223, 858, 649, 132, 93
track:1224, 863, 652, 126, 89
init :1225, 895, 654, 295, 96
track:1226, 896, 654, 295, 96
track:1227, 897, 654, 295, 96
track:1228, 895, 656, 295, 96
track:1229, 894, 656, 295, 96
track:1230, 894, 658, 295, 96
track:1231, 900, 659, 281, 91
track:1232, 899, 660, 281, 91
track:1233, 903, 664, 268, 87
track:1234, 902, 665, 268, 87
track:1235, 904, 667, 255, 83
track:1236, 900, 668, 255, 83
track:1237, 905, 671, 243, 79
track:1238, 902, 671, 243, 79
track:1239, 909, 672, 231, 75
track:1240, 906, 673, 231, 75
track:1241, 911, 674, 231, 75
track:1242, 905, 672, 231, 75
track:1243, 913, 675, 231, 75
track:1244, 913, 676, 220, 72
track:1245, 901, 675, 220, 72
track:1246, 903, 675, 220, 72
track:1247, 884, 677, 220, 72
track:1248, 867, 675, 220, 72
track:1249, 899, 677, 220, 72
track:1250, 888, 677, 220, 72
track:1251, 888, 677, 220, 72
track:1252, 963, 679, 210, 68
track:1253, 961, 678, 210, 68
track:1254, 956, 678, 220, 72
track:1255, 947, 675, 231, 75
track:1256, 944, 677, 220, 72
track:1257, 939, 679, 220, 72
track:1258, 941, 680, 210, 68
track:1259, 939, 679, 210, 68
track:1260, 941, 679, 210, 68
track:1261, 923, 678, 220, 72
track:1262, 919, 680, 220, 72
track:1263, 917, 680, 220, 72
track:1264, 919, 681, 210, 68
track:1265, 921, 680, 210, 68
track:1266, 921, 679, 210, 68
track:1267, 924, 677, 210, 68
track:1268, 930, 677, 210, 68
track:1269, 932, 677, 210, 68
track:1270, 927, 675, 210, 68
track:1271, 922, 673, 210, 68
track:1272, 917, 671, 210, 68
track:1273, 917, 670, 200, 65
track:1274, 919, 670, 200, 65
track:1275, 910, 667, 210, 68
track:1276, 907, 668, 210, 68
track:1277, 901, 667, 210, 68
track:1278, 891, 664, 220, 72
track:1279, 886, 663, 220, 72
track:1280, 882, 663, 220, 72
track:1281, 878, 664, 220, 72
track:1282, 876, 663, 220, 72
track:1283, 874, 663, 220, 72
track:1284, 873, 662, 220, 72
track:1285, 870, 661, 220, 72
track:1286, 866, 662, 210, 68
track:1287, 863, 662, 210, 68
track:1288, 857, 658, 220, 72
track:1289, 859, 659, 220, 72
track:1290, 860, 659, 220, 72
track:1291, 858, 659, 220, 72
track:1292, 861, 659, 220, 72
init :1293, 867, 662, 143, 72
track:1294, 867, 662, 143, 72
track:1295, 870, 664, 136, 69
track:1296, 868, 663, 136, 69
track:1297, 868, 662, 136, 69
track:1298, 869, 662, 136, 69
track:1299, 867, 662, 136, 69
track:1300, 866, 663, 136, 69
track:1301, 868, 665, 130, 65
track:1302, 867, 665, 130, 65
track:1303, 864, 664, 136, 69
track:1304, 864, 664, 136, 69
track:1305, 865, 663, 136, 69
track:1306, 865, 663, 136, 69
track:1307, 867, 663, 136, 69
track:1308, 870, 666, 130, 65
track:1309, 870, 666, 130, 65
track:1310, 870, 667, 130, 65
track:1311, 871, 668, 130, 65
track:1312, 870, 668, 130, 65
track:1313, 873, 669, 124, 62
track:1314, 874, 670, 118, 59
track:1315, 870, 670, 124, 62
track:1316, 869, 670, 124, 62
track:1317, 868, 670, 124, 62
track:1318, 866, 670, 124, 62
track:1319, 865, 670, 124, 62
track:1320, 864, 670, 124, 62
track:1321, 864, 671, 124, 62
track:1322, 862, 672, 130, 65
track:1323, 863, 672, 130, 65
track:1324, 865, 673, 124, 62
track:1325, 867, 674, 124, 62
track:1326, 866, 674, 130, 65
track:1327, 868, 675, 130, 65
track:1328, 865, 674, 136, 69
track:1329, 867, 674, 136, 69
track:1330, 866, 675, 136, 69
track:1331, 867, 676, 136, 69
track:1332, 863, 677, 130, 65
track:1333, 862, 677, 124, 62
track:1334, 863, 677, 124, 62
track:1335, 855, 677, 124, 62
track:1336, 852, 677, 124, 62
track:1337, 846, 675, 130, 65
track:1338, 843, 676, 130, 65
track:1339, 844, 676, 130, 65
track:1340, 844, 677, 130, 65
track:1341, 843, 677, 130, 65
track:1342, 844, 678, 124, 62
track:1343, 844, 678, 124, 62
track:1344, 843, 678, 124, 62
track:1345, 843, 678, 124, 62
track:1346, 842, 679, 124, 62
track:1347, 844, 680, 124, 62
track:1348, 843, 680, 124, 62
track:1349, 840, 678, 130, 65
track:1350, 839, 679, 130, 65
track:1351, 838, 679, 130, 65
track:1352, 837, 680, 130, 65
track:1353, 835, 681, 130, 65
track:1354, 837, 680, 130, 65
track:1355, 838, 681, 130, 65
track:1356, 837, 681, 130, 65
track:1357, 836, 682, 130, 65
track:1358, 836, 681, 130, 65
track:1359, 836, 681, 130, 65
track:1360, 836, 682, 130, 65
init :1361, 849, 685, 180, 49
track:1362, 848, 686, 180, 49
track:1363, 850, 687, 180, 49
track:1364, 855, 688, 171, 47
track:1365, 855, 688, 171, 47
track:1366, 850, 687, 180, 49
track:1367, 850, 687, 180, 49
track:1368, 844, 687, 189, 51
track:1369, 844, 687, 189, 51
track:1370, 843, 688, 189, 51
track:1371, 846, 690, 180, 49
track:1372, 846, 691, 180, 49
track:1373, 839, 690, 189, 51
track:1374, 833, 689, 198, 54
track:1375, 835, 691, 189, 51
track:1376, 838, 692, 180, 49
track:1377, 832, 690, 189, 51
track:1378, 829, 691, 189, 51
track:1379, 827, 692, 189, 51
track:1380, 824, 692, 189, 51
track:1381, 821, 693, 189, 51
track:1382, 814, 693, 198, 54
track:1383, 811, 694, 198, 54
track:1384, 804, 694, 208, 57
track:1385, 808, 695, 198, 54
track:1386, 809, 697, 198, 54
track:1387, 810, 698, 198, 54
track:1388, 806, 698, 208, 57
track:1389, 808, 699, 208, 57
track:1390, 805, 698, 219, 60
track:1391, 808, 699, 219, 60
track:1392, 819, 701, 208, 57
track:1393, 823, 703, 208, 57
track:1394, 825, 703, 208, 57
track:1395, 825, 704, 208, 57
track:1396, 832, 705, 198, 54
track:1397, 833, 706, 198, 54
track:1398, 832, 707, 198, 54
track:1399, 833, 707, 198, 54
track:1400, 830, 708, 198, 54
track:1401, 820, 708, 208, 57
track:1402, 816, 709, 208, 57
track:1403, 811, 710, 208, 57
track:1404, 804, 709, 219, 60
track:1405, 800, 709, 219, 60
track:1406, 798, 710, 219, 60
track:1407, 801, 711, 208, 57
track:1408, 799, 711, 208, 57
track:1409, 793, 710, 219, 60
track:1410, 791, 710, 219, 60
track:1411, 790, 711, 219, 60
track:1412, 784, 711, 230, 63
track:1413, 786, 711, 230, 63
track:1414, 786, 711, 230, 63
track:1415, 787, 711, 230, 63
track:1416, 787, 713, 230, 63
track:1417, 788, 713, 230, 63
track:1418, 786, 715, 230, 63
track:1419, 788, 715, 230, 63
track:1420, 779, 713, 241, 66
track:1421, 776, 715, 241, 66
track:1422, 782, 717, 230, 63
track:1423, 776, 715, 241, 66
track:1424, 781, 717, 230, 63
track:1425, 775, 716, 241, 66
track:1426, 775, 716, 241, 66
track:1427, 776, 716, 241, 66
track:1428, 774, 716, 241, 66
init :1429, 789, 719, 249, 90
track:1430, 788, 719, 249, 90
track:1431, 786, 720, 249, 90
track:1432, 785, 721, 249, 90
track:1433, 785, 721, 249, 90
track:1434, 785, 723, 249, 90
track:1435, 784, 724, 249, 90
track:1436, 786, 726, 249, 90
track:1437, 785, 728, 237, 86
track:1438, 784, 729, 237, 86
track:1439, 788, 730, 226, 82
track:1440, 782, 729, 237, 86
track:1441, 777, 731, 237, 86
track:1442, 775, 732, 237, 86
track:1443, 764, 730, 249, 90
track:1444, 765, 729, 249, 90
track:1445, 755, 728, 261, 94
track:1446, 753, 730, 249, 90
track:1447, 750, 729, 249, 90
track:1448, 749, 727, 249, 90
track:1449, 750, 728, 249, 90
track:1450, 744, 724, 261, 94
track:1451, 746, 724, 261, 94
track:1452, 750, 723, 261, 94
track:1453, 754, 722, 261, 94
track:1454, 754, 722, 261, 94
track:1455, 761, 724, 261, 94
track:1456, 772, 724, 249, 90
track:1457, 780, 721, 249, 90
track:1458, 794, 722, 237, 86
track:1459, 790, 721, 237, 86
track:1460, 801, 722, 226, 82
track:1461, 804, 718, 226, 82
track:1462, 809, 715, 237, 86
track:1463, 811, 716, 237, 86
track:1464, 819, 714, 226, 82
track:1465, 824, 709, 237, 86
track:1466, 841, 706, 249, 90
track:1467, 841, 692, 249, 90
track:1468, 836, 686, 261, 94
track:1469, 837, 687, 261, 94
track:1470, 840, 687, 249, 90
track:1471, 845, 690, 237, 86
track:1472, 839, 691, 249, 90
track:1473, 841, 693, 237, 86
track:1474, 842, 693, 237, 86
track:1475, 839, 688, 237, 86
track:1476, 842, 687, 237, 86
track:1477, 833, 687, 249, 90
track:1478, 841, 689, 237, 86
track:1479, 849, 688, 237, 86
track:1480, 846, 686, 249, 90
track:1481, 823, 708, 249, 90
track:1482, 827, 711, 249, 90
track:1483, 835, 715, 237, 86
track:1484, 841, 717, 237, 86
track:1485, 845, 719, 237, 86
track:1486, 848, 722, 237, 86
track:1487, 850, 721, 237, 86
track:1488, 851, 719, 237, 86
track:1489, 853, 719, 237, 86
track:1490, 850, 718, 249, 90
track:1491, 856, 720, 237, 86
track:1492, 860, 721, 237, 86
track:1493, 850, 711, 249, 90
track:1494, 849, 708, 249, 90
track:1495, 844, 704, 249, 90
track:1496, 841, 704, 237, 86
init :1497, 849, 646, 300, 140
track:1498, 849, 646, 300, 140
track:1499, 846, 644, 300, 140
track:1500, 842, 641, 300, 140
track:1501, 834, 638, 300, 140
track:1502, 829, 636, 300, 140
track:1503, 830, 635, 300, 140
track:1504, 827, 633, 300, 140
track:1505, 826, 629, 300, 140
track:1506, 827, 625, 300, 140
track:1507, 821, 622, 300, 140
track:1508, 823, 622, 300, 140
track:1509, 822, 623, 300, 140
track:1510, 817, 618, 300, 140
track:1511, 823, 615, 300, 140
track:1512, 817, 615, 300, 140
track:1513, 817, 614, 300, 140
track:1514, 797, 611, 300, 140
track:1515, 778, 613, 286, 133
track:1516, 760, 610, 286, 133
track:1517, 728, 613, 286, 133
track:1518, 731, 614, 286, 133
track:1519, 711, 615, 286, 133
track:1520, 698, 617, 272, 127
track:1521, 680, 620, 272, 127
track:1522, 650, 615, 286, 133
track:1523, 656, 614, 286, 133
track:1524, 635, 617, 286, 133
track:1525, 649, 619, 272, 127
track:1526, 650, 616, 272, 127
track:1527, 657, 618, 272, 127
track:1528, 658, 619, 272, 127
track:1529, 689, 618, 272, 127
track:1530, 706, 619, 272, 127
track:1531, 730, 618, 272, 127
track:1532, 757, 617, 272, 127
track:1533, 758, 616, 272, 127
track:1534, 785, 615, 272, 127
track:1535, 813, 615, 272, 127
track:1536, 843, 620, 259, 121
track:1537, 854, 622, 247, 115
track:1538, 864, 626, 235, 110
track:1539, 880, 627, 235, 110
track:1540, 890, 627, 235, 110
track:1541, 895, 629, 235, 110
track:1542, 895, 630, 235, 110
track:1543, 899, 630, 235, 110
track:1544, 902, 632, 235, 110
track:1545, 899, 633, 235, 110
track:1546, 895, 637, 224, 104
track:1547, 889, 638, 224, 104
track:1548, 887, 640, 224, 104
track:1549, 880, 642, 224, 104
track:1550, 878, 643, 224, 104
track:1551, 872, 645, 224, 104
track:1552, 869, 647, 224, 104
track:1553, 867, 647, 224, 104
track:1554, 864, 649, 224, 104
track:1555, 868, 651, 213, 99
track:1556, 870, 651, 213, 99
track:1557, 870, 651, 213, 99
track:1558, 870, 650, 213, 99
track:1559, 884, 652, 203, 95
track:1560, 887, 656, 193, 90
track:1561, 895, 656, 193, 90
track:1562, 896, 658, 193, 90
track:1563, 897, 657, 193, 90
track:1564, 899, 659, 193, 90
init :1565, 909, 669, 184, 72
track:1566, 910, 669, 184, 72
track:1567, 909, 668, 184, 72
track:1568, 908, 669, 184, 72
track:1569, 907, 669, 184, 72
track:1570, 903, 670, 184, 72
track:1571, 906, 672, 175, 69
track:1572, 909, 674, 167, 65
track:1573, 910, 674, 167, 65
track:1574, 904, 674, 167, 65
track:1575, 904, 676, 159, 62
track:1576, 902, 676, 159, 62
track:1577, 899, 676, 159, 62
track:1578, 899, 677, 159, 62
track:1579, 895, 677, 159, 62
track:1580, 891, 677, 159, 62
track:1581, 890, 677, 159, 62
track:1582, 884, 676, 159, 62
track:1583, 889, 679, 151, 59
track:1584, 889, 679, 151, 59
track:1585, 883, 679, 151, 59
track:1586, 888, 681, 144, 56
track:1587, 889, 682, 144, 56
track:1588, 889, 682, 144, 56
track:1589, 892, 683, 137, 54
track:1590, 894, 683, 137, 54
track:1591, 892, 682, 137, 54
track:1592, 893, 683, 137, 54
track:1593, 894, 682, 137, 54
track:1594, 889, 684, 137, 54
track:1595, 893, 685, 137, 54
track:1596, 891, 686, 137, 54
track:1599, 885, 687, 137, 54
track:1600, 879, 687, 137, 54
track:1601, 880, 688, 137, 54
track:1602, 885, 688, 137, 54
track:1603, 877, 686, 137, 54
track:1604, 874, 687, 137, 54
track:1605, 870, 685, 144, 56
track:1606, 870, 686, 144, 56
track:1607, 911, 684, 151, 59
track:1608, 911, 685, 144, 56
elapseTime: 15.824
