init :7, 821, 630, 235, 197
track:8, 821, 630, 235, 197
track:9, 822, 630, 235, 197
track:10, 821, 631, 235, 197
track:11, 823, 630, 235, 197
track:12, 823, 630, 235, 197
track:13, 824, 630, 235, 197
track:14, 824, 630, 235, 197
track:15, 824, 630, 235, 197
track:16, 825, 630, 235, 197
track:17, 826, 630, 235, 197
track:18, 825, 630, 235, 197
track:19, 825, 629, 235, 197
track:20, 821, 626, 247, 207
track:21, 820, 626, 247, 207
track:22, 827, 631, 235, 197
track:23, 828, 631, 235, 197
track:24, 827, 631, 235, 197
track:25, 828, 630, 235, 197
track:26, 829, 631, 235, 197
track:27, 829, 631, 235, 197
track:28, 829, 631, 235, 197
track:29, 829, 630, 235, 197
track:30, 829, 630, 235, 197
track:31, 830, 629, 235, 197
track:32, 831, 631, 235, 197
track:33, 829, 630, 235, 197
track:34, 830, 631, 235, 197
track:35, 830, 630, 235, 197
track:36, 830, 631, 235, 197
track:37, 829, 630, 235, 197
track:38, 831, 630, 235, 197
track:39, 830, 630, 235, 197
track:40, 830, 630, 235, 197
track:41, 831, 629, 235, 197
track:42, 830, 631, 235, 197
track:43, 831, 630, 235, 197
track:44, 830, 631, 235, 197
track:45, 832, 630, 235, 197
track:46, 830, 631, 235, 197
track:48, 832, 630, 235, 197
track:49, 830, 630, 235, 197
track:50, 831, 629, 235, 197
track:51, 832, 629, 235, 197
track:52, 831, 628, 235, 197
track:53, 832, 629, 235, 197
track:54, 831, 629, 235, 197
track:55, 832, 629, 235, 197
track:56, 831, 629, 235, 197
track:57, 831, 628, 235, 197
track:58, 831, 629, 235, 197
track:59, 830, 628, 235, 197
track:60, 832, 628, 235, 197
track:61, 831, 630, 235, 197
track:62, 830, 629, 235, 197
track:63, 829, 629, 235, 197
track:64, 830, 629, 235, 197
track:65, 829, 629, 235, 197
track:66, 828, 629, 235, 197
track:67, 829, 628, 235, 197
track:68, 829, 629, 235, 197
track:69, 828, 629, 235, 197
track:70, 829, 628, 235, 197
track:71, 829, 629, 235, 197
track:72, 828, 629, 235, 197
track:73, 828, 629, 235, 197
track:74, 828, 628, 235, 197
track:75, 828, 629, 235, 197
track:76, 828, 629, 235, 197
track:77, 827, 629, 235, 197
track:78, 828, 628, 235, 197
track:79, 828, 629, 235, 197
track:80, 828, 629, 235, 197
track:81, 828, 628, 235, 197
track:82, 827, 629, 235, 197
track:83, 828, 630, 235, 197
track:84, 827, 629, 235, 197
track:85, 828, 629, 235, 197
track:86, 827, 630, 235, 197
init :87, 821, 633, 240, 197
track:88, 821, 633, 240, 197
track:89, 821, 633, 240, 197
track:90, 821, 632, 240, 197
track:91, 821, 634, 240, 197
track:92, 821, 633, 240, 197
track:93, 821, 634, 240, 197
track:94, 821, 633, 240, 197
track:95, 822, 633, 240, 197
track:96, 823, 634, 240, 197
track:97, 823, 631, 240, 197
track:98, 824, 632, 240, 197
track:99, 824, 632, 240, 197
track:100, 825, 632, 240, 197
track:101, 825, 630, 240, 197
track:102, 825, 630, 240, 197
track:103, 826, 629, 240, 197
track:104, 826, 629, 240, 197
track:105, 827, 628, 240, 197
track:106, 827, 628, 240, 197
track:107, 828, 627, 240, 197
track:108, 828, 625, 240, 197
track:109, 828, 624, 240, 197
track:110, 829, 622, 240, 197
track:111, 829, 621, 240, 197
track:112, 829, 619, 240, 197
track:113, 829, 618, 240, 197
track:114, 830, 617, 240, 197
track:115, 831, 615, 240, 197
track:116, 838, 619, 229, 188
track:117, 839, 616, 229, 188
track:120, 841, 612, 229, 188
track:121, 842, 612, 229, 188
track:122, 842, 607, 229, 188
track:123, 842, 607, 229, 188
track:124, 842, 607, 229, 188
track:125, 839, 604, 229, 188
track:126, 836, 600, 229, 188
track:127, 841, 603, 218, 179
track:128, 841, 604, 218, 179
track:129, 840, 602, 218, 179
track:130, 846, 609, 207, 170
track:131, 846, 610, 207, 170
track:132, 850, 613, 207, 170
track:133, 851, 614, 207, 170
track:134, 851, 614, 207, 170
track:135, 852, 616, 207, 170
track:136, 852, 616, 207, 170
track:137, 859, 622, 197, 162
track:138, 859, 623, 197, 162
track:139, 860, 624, 197, 162
track:140, 859, 624, 197, 162
track:141, 858, 623, 197, 162
track:142, 858, 624, 197, 162
track:143, 857, 625, 197, 162
track:144, 856, 625, 197, 162
track:145, 855, 627, 197, 162
track:146, 852, 628, 197, 162
track:147, 853, 629, 197, 162
track:148, 854, 631, 197, 162
track:149, 854, 632, 197, 162
track:150, 855, 635, 197, 162
track:151, 854, 638, 197, 162
track:152, 855, 641, 197, 162
track:153, 856, 643, 197, 162
track:154, 856, 643, 197, 162
track:155, 856, 645, 197, 162
track:156, 856, 646, 197, 162
track:157, 858, 647, 197, 162
track:158, 858, 647, 197, 162
track:159, 859, 647, 197, 162
track:160, 857, 648, 197, 162
track:161, 855, 648, 197, 162
track:162, 853, 648, 197, 162
track:163, 851, 649, 197, 162
track:164, 851, 648, 197, 162
track:165, 853, 649, 197, 162
track:166, 852, 649, 197, 162
track:167, 852, 649, 197, 162
track:168, 852, 649, 197, 162
track:169, 852, 649, 197, 162
track:170, 853, 648, 197, 162
track:171, 853, 647, 197, 162
track:172, 856, 646, 197, 162
init :173, 867, 659, 166, 145
track:174, 867, 659, 166, 145
track:175, 865, 660, 166, 145
track:176, 863, 660, 166, 145
track:177, 864, 660, 166, 145
track:178, 865, 661, 166, 145
track:179, 865, 662, 166, 145
track:180, 866, 663, 166, 145
track:181, 866, 664, 166, 145
track:182, 867, 665, 166, 145
track:183, 869, 670, 166, 145
track:184, 870, 670, 166, 145
track:185, 871, 672, 166, 145
track:186, 869, 671, 166, 145
track:187, 866, 664, 166, 145
track:188, 862, 661, 166, 145
track:189, 861, 661, 166, 145
track:190, 859, 661, 166, 145
track:191, 859, 658, 166, 145
track:192, 854, 649, 174, 152
track:193, 854, 647, 174, 152
track:194, 854, 648, 174, 152
track:195, 855, 646, 174, 152
track:196, 856, 645, 174, 152
track:197, 856, 644, 174, 152
track:198, 854, 644, 174, 152
track:199, 854, 644, 174, 152
track:200, 851, 646, 174, 152
track:201, 850, 647, 174, 152
track:202, 853, 647, 166, 145
track:203, 852, 644, 166, 145
track:204, 853, 644, 166, 145
track:205, 854, 641, 166, 145
track:206, 853, 640, 166, 145
track:207, 851, 637, 166, 145
track:208, 851, 638, 166, 145
track:209, 849, 636, 166, 145
track:210, 847, 633, 166, 145
track:211, 847, 629, 166, 145
track:212, 846, 627, 166, 145
track:213, 845, 627, 166, 145
track:214, 850, 629, 158, 138
track:215, 849, 628, 158, 138
track:216, 850, 627, 158, 138
track:217, 850, 628, 158, 138
track:218, 849, 628, 158, 138
track:219, 849, 629, 158, 138
track:220, 849, 633, 158, 138
track:221, 852, 637, 151, 132
track:222, 851, 639, 151, 132
track:223, 851, 639, 151, 132
track:224, 851, 641, 151, 132
track:225, 855, 647, 143, 125
track:226, 854, 647, 143, 125
track:227, 854, 647, 143, 125
track:228, 855, 647, 143, 125
track:229, 855, 648, 143, 125
track:230, 855, 648, 143, 125
track:231, 855, 647, 143, 125
track:232, 854, 644, 143, 125
track:233, 853, 643, 143, 125
track:234, 853, 643, 143, 125
track:235, 852, 642, 143, 125
track:236, 854, 641, 143, 125
track:237, 858, 644, 137, 119
track:238, 859, 644, 137, 119
track:239, 860, 646, 137, 119
track:240, 860, 648, 137, 119
track:241, 861, 649, 137, 119
track:242, 860, 648, 137, 119
track:243, 864, 652, 130, 114
track:244, 864, 652, 130, 114
track:245, 864, 653, 130, 114
track:246, 863, 653, 130, 114
track:247, 866, 655, 124, 108
track:248, 866, 655, 124, 108
track:249, 867, 656, 124, 108
track:250, 866, 658, 124, 108
track:251, 867, 659, 124, 108
track:252, 868, 661, 124, 108
track:253, 869, 661, 124, 108
track:254, 869, 663, 124, 108
track:255, 869, 667, 124, 108
track:256, 869, 668, 124, 108
track:257, 870, 671, 124, 108
track:258, 871, 672, 124, 108
init :259, 872, 675, 120, 93
track:260, 872, 677, 120, 93
track:261, 872, 677, 120, 93
track:262, 872, 677, 120, 93
track:263, 872, 678, 120, 93
track:264, 872, 681, 120, 93
track:265, 872, 681, 120, 93
track:266, 873, 683, 120, 93
track:267, 873, 686, 120, 93
track:268, 872, 686, 120, 93
track:269, 872, 686, 120, 93
track:270, 870, 687, 126, 98
track:271, 871, 689, 126, 98
track:272, 872, 693, 126, 98
track:273, 872, 693, 126, 98
track:274, 872, 695, 126, 98
track:275, 873, 697, 126, 98
track:276, 874, 700, 126, 98
track:277, 875, 703, 126, 98
track:278, 876, 703, 126, 98
track:279, 877, 704, 126, 98
track:280, 878, 702, 126, 98
track:281, 875, 698, 132, 103
track:282, 874, 697, 139, 108
track:283, 875, 698, 139, 108
track:284, 873, 697, 146, 113
track:285, 875, 699, 146, 113
track:286, 876, 698, 146, 113
track:287, 875, 693, 153, 119
track:288, 875, 692, 153, 119
track:289, 876, 689, 153, 119
track:290, 872, 681, 161, 125
track:291, 873, 674, 161, 125
track:292, 874, 670, 161, 125
track:293, 870, 665, 169, 131
track:294, 867, 660, 177, 137
track:295, 870, 658, 177, 137
track:296, 867, 655, 186, 144
track:297, 862, 652, 195, 151
track:298, 863, 653, 195, 151
track:299, 856, 649, 205, 159
track:300, 850, 647, 216, 167
track:301, 845, 644, 226, 175
track:302, 843, 649, 226, 175
track:303, 842, 651, 226, 175
track:304, 840, 656, 226, 175
track:305, 839, 655, 226, 175
track:306, 839, 654, 226, 175
track:307, 836, 652, 226, 175
track:308, 830, 648, 238, 184
track:309, 830, 646, 238, 184
track:310, 829, 639, 238, 184
track:311, 828, 625, 238, 184
track:312, 824, 611, 249, 193
track:313, 825, 610, 249, 193
track:314, 826, 603, 249, 193
track:315, 824, 594, 249, 193
track:316, 824, 587, 249, 193
track:317, 826, 580, 249, 193
track:318, 828, 578, 249, 193
track:319, 829, 576, 249, 193
track:320, 836, 568, 249, 193
track:321, 844, 566, 238, 184
track:322, 850, 568, 226, 175
track:323, 849, 567, 226, 175
track:324, 848, 572, 226, 175
track:325, 852, 575, 216, 167
track:326, 852, 566, 216, 167
track:327, 848, 564, 216, 167
track:328, 848, 564, 216, 167
track:329, 852, 578, 205, 159
track:330, 848, 585, 205, 159
track:331, 847, 587, 205, 159
track:332, 846, 588, 205, 159
track:333, 845, 590, 205, 159
track:334, 845, 591, 205, 159
track:335, 844, 593, 205, 159
track:336, 844, 598, 205, 159
track:337, 844, 598, 205, 159
track:338, 844, 597, 205, 159
track:339, 846, 595, 205, 159
track:340, 851, 596, 195, 151
track:341, 851, 596, 195, 151
track:342, 852, 594, 195, 151
track:343, 851, 594, 195, 151
track:344, 851, 593, 195, 151
init :345, 863, 599, 170, 145
track:346, 863, 601, 170, 145
track:347, 862, 602, 170, 145
track:348, 863, 603, 170, 145
track:349, 868, 608, 162, 138
track:350, 867, 613, 162, 138
track:351, 867, 616, 162, 138
track:352, 867, 619, 162, 138
track:353, 868, 620, 162, 138
track:354, 873, 625, 154, 132
track:355, 872, 627, 154, 132
track:356, 871, 627, 154, 132
track:357, 871, 628, 154, 132
track:358, 871, 628, 154, 132
track:359, 870, 629, 154, 132
track:360, 873, 631, 147, 125
track:361, 872, 632, 147, 125
track:362, 870, 632, 147, 125
track:363, 874, 635, 140, 119
track:364, 873, 634, 140, 119
track:365, 874, 635, 140, 119
track:366, 873, 636, 140, 119
track:367, 872, 637, 140, 119
track:368, 872, 637, 140, 119
track:369, 875, 640, 133, 114
track:370, 874, 645, 133, 114
track:371, 872, 649, 133, 114
track:372, 873, 654, 133, 114
track:373, 873, 655, 133, 114
track:374, 872, 655, 133, 114
track:375, 870, 656, 133, 114
track:376, 868, 656, 133, 114
track:377, 866, 658, 133, 114
track:378, 866, 658, 133, 114
track:379, 865, 659, 133, 114
track:380, 866, 659, 133, 114
track:381, 866, 658, 133, 114
track:382, 865, 661, 127, 108
track:383, 864, 660, 127, 108
track:384, 862, 660, 127, 108
track:385, 862, 659, 127, 108
track:386, 863, 658, 127, 108
track:387, 865, 661, 121, 103
track:388, 864, 660, 121, 103
track:389, 866, 662, 115, 98
track:390, 866, 662, 115, 98
track:391, 866, 664, 115, 98
track:392, 867, 667, 115, 98
track:393, 867, 668, 115, 98
track:394, 866, 668, 115, 98
track:395, 868, 673, 115, 98
track:396, 869, 677, 115, 98
track:397, 870, 682, 115, 98
track:398, 871, 682, 115, 98
track:399, 872, 686, 115, 98
track:400, 873, 690, 115, 98
track:401, 875, 696, 115, 98
track:402, 875, 700, 115, 98
track:403, 876, 701, 115, 98
track:404, 876, 702, 115, 98
track:405, 877, 702, 115, 98
track:406, 878, 702, 115, 98
track:407, 878, 702, 115, 98
track:408, 879, 702, 115, 98
track:409, 879, 701, 115, 98
track:410, 879, 699, 115, 98
track:411, 880, 696, 115, 98
track:412, 881, 695, 115, 98
track:413, 881, 694, 115, 98
track:414, 881, 693, 115, 98
track:415, 881, 694, 115, 98
track:416, 881, 696, 115, 98
track:417, 881, 697, 115, 98
track:418, 882, 697, 115, 98
track:419, 881, 697, 115, 98
track:420, 879, 698, 115, 98
track:421, 879, 697, 115, 98
track:422, 878, 696, 115, 98
track:423, 878, 695, 115, 98
track:424, 877, 693, 115, 98
track:425, 877, 691, 115, 98
track:426, 877, 689, 115, 98
track:427, 875, 688, 115, 98
track:428, 875, 688, 115, 98
track:429, 875, 688, 115, 98
track:430, 874, 688, 115, 98
init :431, 872, 690, 110, 83
track:432, 871, 689, 110, 83
track:433, 871, 690, 110, 83
track:434, 871, 689, 110, 83
track:435, 870, 690, 110, 83
track:436, 869, 690, 110, 83
track:437, 869, 692, 110, 83
track:438, 869, 693, 110, 83
track:439, 870, 694, 110, 83
track:440, 871, 695, 110, 83
track:441, 871, 694, 110, 83
track:442, 871, 695, 110, 83
track:443, 872, 695, 110, 83
track:444, 872, 695, 110, 83
track:445, 871, 696, 110, 83
track:446, 871, 697, 110, 83
track:447, 871, 695, 110, 83
track:448, 872, 695, 110, 83
track:449, 870, 693, 115, 87
track:450, 870, 692, 115, 87
track:451, 870, 694, 115, 87
track:452, 871, 695, 115, 87
track:453, 871, 696, 115, 87
track:454, 872, 697, 115, 87
track:455, 873, 696, 115, 87
track:456, 873, 697, 115, 87
track:457, 874, 697, 115, 87
track:458, 870, 695, 121, 92
track:459, 870, 694, 121, 92
track:460, 870, 692, 121, 92
track:461, 867, 689, 127, 96
track:462, 867, 689, 127, 96
track:463, 868, 689, 127, 96
track:464, 868, 686, 127, 96
track:465, 867, 684, 127, 96
track:466, 868, 684, 127, 96
track:467, 867, 685, 127, 96
track:468, 867, 685, 127, 96
track:469, 867, 686, 127, 96
track:470, 869, 687, 127, 96
track:471, 870, 688, 127, 96
track:472, 870, 688, 127, 96
track:473, 869, 690, 127, 96
track:474, 870, 693, 127, 96
track:475, 869, 692, 134, 101
track:476, 871, 690, 134, 101
track:477, 872, 691, 134, 101
track:478, 870, 686, 140, 106
track:479, 871, 684, 140, 106
track:480, 870, 673, 147, 111
track:481, 872, 670, 147, 111
track:482, 872, 671, 147, 111
track:483, 874, 662, 147, 111
track:484, 876, 661, 147, 111
track:485, 877, 662, 147, 111
track:486, 874, 663, 155, 117
track:487, 874, 664, 155, 117
track:488, 869, 665, 163, 123
track:490, 867, 668, 163, 123
track:491, 864, 670, 163, 123
track:492, 864, 671, 163, 123
track:493, 862, 670, 163, 123
track:494, 861, 670, 163, 123
track:495, 854, 658, 171, 129
track:496, 852, 654, 171, 129
track:497, 851, 653, 171, 129
track:498, 844, 648, 179, 135
track:499, 848, 648, 171, 129
track:500, 848, 642, 171, 129
track:501, 848, 640, 171, 129
track:502, 848, 637, 171, 129
track:503, 847, 635, 171, 129
track:504, 847, 634, 171, 129
track:505, 846, 634, 171, 129
track:506, 846, 633, 171, 129
track:507, 846, 633, 171, 129
track:508, 849, 635, 163, 123
track:509, 850, 630, 163, 123
track:510, 850, 627, 163, 123
track:511, 849, 625, 163, 123
track:512, 848, 625, 163, 123
track:513, 848, 625, 163, 123
track:514, 847, 626, 163, 123
track:515, 849, 627, 163, 123
track:516, 849, 626, 163, 123
init :517, 853, 628, 152, 127
track:518, 853, 626, 152, 127
track:519, 853, 625, 152, 127
track:520, 854, 625, 152, 127
track:521, 858, 627, 145, 121
track:522, 859, 626, 145, 121
track:523, 858, 628, 145, 121
track:524, 859, 630, 145, 121
track:525, 863, 633, 138, 115
track:526, 864, 634, 138, 115
track:527, 864, 634, 138, 115
track:528, 864, 634, 138, 115
track:529, 865, 634, 138, 115
track:530, 866, 632, 138, 115
track:531, 866, 631, 138, 115
track:532, 866, 631, 138, 115
track:533, 871, 635, 131, 110
track:534, 872, 635, 131, 110
track:535, 871, 635, 131, 110
track:536, 874, 640, 125, 104
track:537, 875, 641, 125, 104
track:538, 875, 642, 125, 104
track:539, 875, 644, 125, 104
track:540, 875, 644, 125, 104
track:543, 872, 645, 125, 104
track:544, 872, 645, 125, 104
track:546, 870, 651, 125, 104
track:547, 870, 650, 125, 104
track:548, 872, 656, 119, 100
track:549, 874, 660, 113, 95
track:550, 876, 664, 108, 90
track:551, 877, 667, 103, 86
track:552, 878, 667, 103, 86
track:553, 878, 667, 103, 86
track:554, 876, 666, 103, 86
track:555, 876, 666, 103, 86
track:556, 875, 667, 103, 86
track:557, 876, 667, 103, 86
track:558, 874, 672, 103, 86
track:559, 875, 674, 103, 86
track:560, 874, 677, 103, 86
track:561, 877, 683, 98, 82
track:562, 876, 683, 98, 82
track:563, 876, 685, 98, 82
track:564, 876, 687, 98, 82
track:565, 876, 688, 98, 82
track:566, 875, 690, 98, 82
track:567, 876, 691, 98, 82
track:568, 878, 693, 98, 82
track:569, 878, 694, 98, 82
track:570, 877, 697, 98, 82
track:571, 877, 700, 98, 82
track:572, 877, 700, 98, 82
track:573, 878, 703, 98, 82
track:574, 879, 705, 98, 82
track:575, 880, 704, 98, 82
track:576, 879, 702, 98, 82
track:577, 879, 702, 98, 82
track:578, 878, 700, 98, 82
track:579, 879, 698, 98, 82
track:580, 881, 697, 98, 82
track:581, 882, 698, 98, 82
track:582, 882, 698, 98, 82
track:583, 878, 698, 103, 86
track:584, 878, 699, 103, 86
track:585, 878, 699, 103, 86
track:586, 878, 700, 103, 86
track:587, 878, 700, 103, 86
track:588, 879, 701, 103, 86
track:589, 879, 700, 103, 86
track:590, 878, 699, 103, 86
track:591, 877, 700, 103, 86
track:592, 876, 701, 103, 86
track:593, 876, 699, 103, 86
track:594, 876, 697, 103, 86
track:595, 876, 689, 103, 86
track:596, 874, 687, 103, 86
track:597, 875, 687, 103, 86
track:598, 871, 681, 108, 90
track:599, 870, 674, 108, 90
track:600, 871, 671, 108, 90
track:601, 872, 670, 108, 90
track:602, 872, 670, 108, 90
init :603, 867, 664, 110, 101
track:604, 866, 660, 110, 101
track:605, 866, 657, 110, 101
track:606, 866, 656, 110, 101
track:607, 867, 657, 110, 101
track:608, 868, 655, 110, 101
track:609, 868, 655, 110, 101
track:610, 868, 657, 110, 101
track:611, 868, 660, 110, 101
track:612, 868, 661, 110, 101
track:613, 867, 663, 110, 101
track:614, 868, 666, 110, 101
track:615, 868, 668, 110, 101
track:616, 865, 668, 115, 106
track:617, 865, 669, 115, 106
track:618, 865, 668, 115, 106
track:619, 863, 665, 121, 111
track:620, 863, 664, 121, 111
track:621, 864, 663, 121, 111
track:622, 864, 663, 121, 111
track:623, 864, 662, 121, 111
track:624, 863, 661, 121, 111
track:625, 862, 661, 121, 111
track:626, 864, 662, 121, 111
track:627, 864, 662, 121, 111
track:628, 865, 663, 121, 111
track:629, 864, 662, 121, 111
track:630, 864, 660, 121, 111
track:631, 864, 659, 121, 111
track:632, 861, 657, 127, 117
track:633, 862, 660, 127, 117
track:634, 863, 664, 127, 117
track:635, 863, 666, 127, 117
track:636, 865, 667, 127, 117
track:637, 865, 667, 127, 117
track:638, 867, 668, 127, 117
track:639, 865, 666, 134, 123
track:640, 864, 665, 134, 123
track:641, 864, 663, 134, 123
track:642, 864, 663, 134, 123
track:643, 864, 662, 134, 123
track:644, 865, 660, 134, 123
track:645, 865, 652, 134, 123
track:646, 865, 650, 134, 123
track:647, 866, 649, 134, 123
track:648, 866, 649, 134, 123
track:649, 866, 649, 134, 123
track:650, 868, 650, 134, 123
track:651, 869, 649, 134, 123
track:652, 870, 649, 134, 123
track:653, 870, 649, 134, 123
track:654, 871, 651, 134, 123
track:655, 872, 654, 134, 123
track:656, 873, 657, 134, 123
track:657, 873, 657, 134, 123
track:658, 875, 660, 134, 123
track:659, 876, 659, 134, 123
track:660, 876, 659, 134, 123
track:661, 877, 659, 134, 123
track:662, 877, 659, 134, 123
track:663, 878, 658, 134, 123
track:664, 879, 657, 134, 123
track:665, 880, 654, 134, 123
track:666, 880, 653, 134, 123
track:667, 880, 652, 134, 123
track:668, 880, 651, 134, 123
track:669, 881, 650, 134, 123
track:670, 880, 649, 134, 123
track:671, 878, 649, 134, 123
track:672, 878, 649, 134, 123
track:673, 876, 649, 134, 123
track:674, 875, 649, 134, 123
track:675, 876, 647, 134, 123
track:676, 874, 648, 134, 123
track:677, 873, 648, 134, 123
track:678, 871, 651, 134, 123
track:679, 871, 660, 134, 123
track:680, 872, 667, 134, 123
track:681, 872, 669, 134, 123
track:682, 872, 669, 134, 123
track:683, 869, 668, 134, 123
track:684, 868, 667, 134, 123
track:685, 869, 671, 134, 123
track:686, 869, 672, 134, 123
track:687, 866, 669, 140, 129
track:688, 865, 670, 140, 129
init :689, 853, 672, 156, 116
track:690, 852, 671, 156, 116
track:691, 852, 671, 156, 116
track:692, 851, 670, 156, 116
track:693, 851, 669, 156, 116
track:694, 851, 668, 156, 116
track:695, 852, 668, 156, 116
track:696, 851, 667, 156, 116
track:697, 850, 666, 156, 116
track:698, 849, 665, 156, 116
track:699, 845, 665, 156, 116
track:700, 849, 668, 149, 110
track:701, 850, 669, 149, 110
track:702, 850, 669, 149, 110
track:703, 850, 673, 149, 110
track:704, 849, 679, 149, 110
track:705, 847, 683, 149, 110
track:706, 846, 685, 149, 110
track:707, 846, 685, 149, 110
track:708, 846, 687, 149, 110
track:709, 842, 684, 156, 116
track:710, 842, 681, 156, 116
track:711, 838, 678, 164, 122
track:712, 834, 674, 172, 128
track:713, 834, 672, 172, 128
track:714, 833, 672, 172, 128
track:715, 833, 674, 172, 128
track:716, 832, 674, 172, 128
track:717, 832, 675, 172, 128
track:718, 833, 676, 172, 128
track:719, 834, 676, 172, 128
track:720, 834, 677, 172, 128
track:721, 834, 677, 172, 128
track:722, 835, 677, 172, 128
track:723, 835, 676, 172, 128
track:724, 835, 674, 172, 128
track:725, 836, 671, 172, 128
track:726, 835, 669, 172, 128
track:727, 832, 665, 181, 134
track:728, 833, 662, 181, 134
track:729, 832, 657, 181, 134
track:730, 834, 655, 181, 134
track:731, 833, 654, 181, 134
track:732, 834, 654, 181, 134
track:733, 833, 652, 181, 134
track:734, 834, 648, 181, 134
track:735, 835, 645, 181, 134
track:736, 835, 643, 181, 134
track:737, 835, 641, 181, 134
track:738, 833, 641, 181, 134
track:739, 833, 641, 181, 134
track:740, 834, 642, 181, 134
track:741, 836, 642, 181, 134
track:742, 835, 644, 181, 134
track:743, 834, 644, 181, 134
track:744, 833, 644, 181, 134
track:745, 833, 643, 181, 134
track:746, 834, 642, 181, 134
track:747, 835, 640, 181, 134
track:748, 835, 633, 181, 134
track:749, 834, 626, 181, 134
track:750, 833, 624, 181, 134
track:751, 832, 625, 181, 134
track:752, 832, 626, 181, 134
track:753, 834, 627, 181, 134
track:754, 835, 627, 181, 134
track:755, 842, 631, 172, 128
track:756, 842, 631, 172, 128
track:757, 842, 630, 172, 128
track:758, 842, 628, 172, 128
track:759, 842, 629, 172, 128
track:760, 842, 634, 172, 128
track:761, 841, 634, 172, 128
track:762, 844, 635, 172, 128
track:763, 845, 635, 172, 128
track:764, 847, 635, 172, 128
track:765, 847, 635, 172, 128
track:766, 845, 635, 172, 128
track:767, 845, 635, 172, 128
track:768, 846, 637, 172, 128
track:769, 847, 639, 172, 128
track:770, 849, 647, 172, 128
track:771, 850, 648, 172, 128
track:772, 850, 647, 172, 128
track:773, 855, 648, 164, 122
track:774, 856, 648, 164, 122
init :775, 872, 646, 143, 124
track:776, 872, 646, 143, 124
track:777, 872, 646, 143, 124
track:778, 873, 645, 143, 124
track:779, 874, 645, 143, 124
track:780, 874, 645, 143, 124
track:781, 874, 645, 143, 124
track:782, 875, 645, 143, 124
track:783, 874, 646, 143, 124
track:784, 878, 647, 136, 118
track:785, 880, 650, 130, 112
track:786, 880, 651, 130, 112
track:787, 880, 651, 130, 112
track:788, 879, 651, 130, 112
track:789, 878, 652, 130, 112
track:790, 878, 651, 130, 112
track:791, 877, 651, 130, 112
track:792, 873, 647, 136, 118
track:793, 873, 648, 136, 118
track:794, 873, 650, 136, 118
track:795, 873, 655, 136, 118
track:796, 873, 655, 136, 118
track:797, 873, 654, 136, 118
track:798, 873, 654, 136, 118
track:799, 872, 655, 136, 118
track:800, 872, 656, 136, 118
track:801, 872, 657, 136, 118
track:802, 872, 657, 136, 118
track:803, 872, 657, 136, 118
track:804, 872, 658, 136, 118
track:805, 871, 658, 136, 118
track:806, 871, 659, 136, 118
track:807, 870, 658, 136, 118
track:808, 870, 659, 136, 118
track:809, 869, 661, 136, 118
track:810, 871, 663, 136, 118
track:811, 870, 663, 136, 118
track:812, 869, 665, 136, 118
track:813, 867, 664, 136, 118
track:814, 866, 664, 136, 118
track:815, 865, 665, 136, 118
track:816, 865, 665, 136, 118
track:817, 865, 667, 136, 118
track:818, 864, 674, 136, 118
track:819, 864, 675, 136, 118
track:820, 858, 684, 143, 124
track:821, 858, 685, 143, 124
track:822, 857, 685, 143, 124
track:823, 857, 683, 143, 124
track:824, 856, 681, 143, 124
track:825, 856, 682, 143, 124
track:826, 854, 682, 143, 124
track:827, 855, 687, 143, 124
track:828, 850, 691, 150, 130
track:829, 852, 693, 150, 130
track:830, 853, 693, 150, 130
track:831, 854, 694, 150, 130
track:832, 854, 694, 150, 130
track:833, 856, 692, 150, 130
track:834, 853, 685, 158, 137
track:835, 854, 676, 158, 137
track:836, 855, 676, 158, 137
track:837, 849, 667, 166, 144
track:838, 848, 665, 166, 144
track:839, 847, 662, 166, 144
track:840, 845, 656, 166, 144
track:841, 840, 652, 174, 151
track:842, 839, 650, 174, 151
track:843, 836, 647, 174, 151
track:844, 830, 639, 183, 158
track:845, 822, 626, 183, 158
track:846, 817, 622, 192, 166
track:847, 816, 615, 192, 166
track:848, 817, 610, 192, 166
track:849, 817, 607, 192, 166
track:850, 816, 606, 192, 166
track:851, 816, 606, 192, 166
track:852, 820, 603, 192, 166
track:853, 824, 599, 192, 166
track:854, 826, 600, 192, 166
track:855, 826, 603, 192, 166
track:856, 826, 604, 192, 166
track:857, 826, 604, 192, 166
track:858, 826, 602, 192, 166
track:859, 827, 599, 192, 166
track:860, 828, 597, 192, 166
init :861, 835, 597, 193, 153
track:862, 835, 600, 193, 153
track:863, 837, 605, 193, 153
track:864, 837, 610, 193, 153
track:865, 838, 616, 193, 153
track:866, 837, 616, 193, 153
track:867, 838, 623, 193, 153
track:868, 838, 625, 193, 153
track:869, 839, 624, 193, 153
track:870, 839, 630, 193, 153
track:871, 840, 631, 193, 153
track:872, 841, 632, 193, 153
track:873, 844, 634, 184, 146
track:874, 845, 634, 184, 146
track:875, 847, 635, 184, 146
track:876, 846, 635, 184, 146
track:877, 846, 637, 184, 146
track:878, 851, 640, 175, 139
track:879, 858, 643, 167, 132
track:880, 858, 642, 167, 132
track:881, 858, 642, 167, 132
track:882, 861, 646, 159, 126
track:883, 865, 645, 159, 126
track:884, 866, 644, 159, 126
track:885, 868, 643, 159, 126
track:886, 868, 643, 159, 126
track:887, 870, 644, 159, 126
track:888, 872, 645, 159, 126
track:889, 871, 644, 159, 126
track:890, 873, 643, 159, 126
track:891, 877, 645, 151, 120
track:892, 877, 644, 151, 120
track:893, 877, 643, 151, 120
track:894, 878, 643, 151, 120
track:895, 880, 643, 151, 120
track:896, 880, 644, 151, 120
track:897, 882, 644, 144, 114
track:898, 880, 643, 144, 114
track:899, 878, 643, 144, 114
track:900, 878, 645, 144, 114
track:901, 881, 647, 137, 109
track:902, 881, 650, 137, 109
track:903, 878, 650, 137, 109
track:904, 879, 649, 137, 109
track:905, 879, 649, 137, 109
track:906, 879, 649, 137, 109
track:907, 853, 633, 137, 109
track:908, 844, 634, 137, 109
track:909, 835, 635, 137, 109
track:910, 848, 650, 131, 104
track:911, 847, 652, 131, 104
track:912, 849, 653, 131, 104
track:913, 852, 658, 131, 104
track:914, 847, 657, 137, 109
track:915, 842, 656, 144, 114
track:916, 841, 654, 144, 114
track:917, 841, 657, 144, 114
track:918, 843, 657, 144, 114
track:919, 837, 655, 151, 120
track:920, 832, 654, 159, 126
track:921, 830, 654, 159, 126
track:922, 826, 652, 159, 126
track:923, 826, 656, 151, 120
track:924, 819, 656, 151, 120
track:925, 809, 652, 159, 126
track:926, 808, 650, 159, 126
track:927, 804, 649, 159, 126
track:928, 796, 650, 159, 126
track:929, 791, 649, 159, 126
track:930, 787, 648, 159, 126
track:931, 785, 648, 159, 126
track:932, 784, 647, 159, 126
track:933, 781, 645, 159, 126
track:934, 781, 642, 159, 126
track:935, 783, 638, 159, 126
track:936, 783, 636, 159, 126
track:937, 785, 634, 159, 126
track:938, 785, 633, 159, 126
track:939, 784, 632, 159, 126
track:940, 784, 630, 159, 126
track:941, 785, 630, 159, 126
track:942, 785, 629, 159, 126
track:943, 784, 628, 159, 126
track:944, 781, 624, 167, 132
track:945, 779, 623, 167, 132
track:946, 778, 622, 167, 132
init :947, 766, 571, 341, 231
track:948, 764, 572, 341, 231
track:949, 761, 574, 341, 231
track:950, 759, 573, 341, 231
track:951, 759, 575, 341, 231
track:952, 758, 576, 341, 231
track:953, 755, 578, 341, 231
track:954, 754, 579, 341, 231
track:955, 753, 580, 341, 231
track:956, 751, 581, 341, 231
track:957, 752, 581, 341, 231
track:958, 751, 584, 341, 231
track:959, 752, 585, 341, 231
track:960, 752, 585, 341, 231
track:961, 752, 585, 341, 231
track:962, 750, 587, 341, 231
track:963, 749, 587, 341, 231
track:964, 747, 589, 341, 231
track:965, 738, 583, 358, 243
track:966, 733, 584, 358, 243
track:967, 732, 584, 358, 243
track:968, 722, 585, 358, 243
track:969, 719, 585, 358, 243
track:970, 720, 585, 358, 243
track:971, 715, 587, 358, 243
track:972, 707, 587, 358, 243
track:973, 704, 586, 358, 243
track:974, 699, 587, 358, 243
track:975, 702, 586, 358, 243
track:976, 707, 594, 341, 231
track:977, 701, 594, 341, 231
track:978, 698, 595, 341, 231
track:979, 698, 595, 341, 231
track:980, 699, 596, 341, 231
track:981, 695, 598, 341, 231
track:982, 696, 598, 341, 231
track:983, 694, 598, 341, 231
track:984, 695, 598, 341, 231
track:985, 696, 597, 341, 231
track:986, 699, 599, 341, 231
track:987, 698, 599, 341, 231
track:988, 699, 599, 341, 231
track:989, 702, 599, 341, 231
track:990, 701, 597, 341, 231
track:991, 703, 598, 341, 231
track:992, 711, 605, 325, 220
track:993, 712, 603, 325, 220
track:994, 708, 601, 325, 220
track:995, 707, 600, 325, 220
track:996, 716, 605, 309, 210
track:997, 717, 604, 309, 210
track:998, 720, 602, 309, 210
track:999, 726, 605, 295, 200
track:1000, 732, 603, 295, 200
track:1001, 734, 601, 295, 200
track:1002, 737, 599, 295, 200
track:1003, 751, 599, 281, 190
track:1004, 755, 595, 281, 190
track:1005, 755, 594, 281, 190
track:1006, 757, 592, 281, 190
track:1007, 758, 589, 281, 190
track:1008, 761, 586, 281, 190
track:1009, 758, 584, 281, 190
track:1010, 759, 583, 281, 190
track:1011, 758, 582, 281, 190
track:1012, 753, 580, 281, 190
track:1013, 758, 584, 267, 181
track:1014, 759, 587, 254, 172
track:1015, 757, 587, 254, 172
track:1016, 756, 586, 254, 172
track:1017, 752, 585, 254, 172
track:1018, 751, 586, 254, 172
track:1019, 753, 586, 254, 172
track:1020, 753, 585, 254, 172
track:1021, 752, 584, 254, 172
track:1022, 753, 587, 242, 164
track:1023, 752, 586, 242, 164
track:1024, 750, 587, 242, 164
track:1025, 751, 586, 242, 164
track:1026, 751, 587, 242, 164
track:1027, 743, 587, 242, 164
track:1028, 740, 587, 242, 164
track:1029, 738, 590, 242, 164
track:1030, 739, 591, 242, 164
track:1031, 734, 592, 242, 164
track:1032, 731, 593, 242, 164
init :1033, 743, 586, 433, 163
track:1034, 743, 587, 433, 163
track:1035, 742, 586, 433, 163
track:1036, 739, 587, 433, 163
track:1037, 739, 589, 433, 163
track:1038, 739, 592, 433, 163
track:1039, 744, 597, 412, 155
track:1040, 736, 596, 433, 163
track:1041, 733, 601, 433, 163
track:1042, 733, 601, 433, 163
track:1043, 731, 603, 433, 163
track:1044, 730, 603, 433, 163
track:1045, 731, 604, 433, 163
track:1046, 733, 606, 433, 163
track:1047, 737, 610, 433, 163
track:1048, 738, 609, 433, 163
track:1049, 742, 607, 433, 163
track:1050, 754, 609, 412, 155
track:1051, 748, 602, 433, 163
track:1052, 751, 600, 433, 163
track:1053, 756, 600, 433, 163
track:1054, 759, 597, 455, 171
track:1055, 763, 598, 455, 171
track:1056, 767, 599, 455, 171
track:1057, 770, 600, 455, 171
track:1058, 774, 600, 455, 171
track:1059, 772, 602, 455, 171
track:1060, 783, 605, 433, 163
track:1061, 782, 606, 433, 163
track:1062, 782, 606, 433, 163
track:1063, 789, 608, 412, 155
track:1064, 774, 605, 433, 163
track:1065, 782, 608, 412, 155
track:1066, 766, 604, 433, 163
track:1067, 760, 605, 433, 163
track:1068, 755, 606, 433, 163
track:1069, 740, 607, 433, 163
track:1070, 736, 606, 433, 163
track:1071, 731, 607, 433, 163
track:1072, 710, 609, 433, 163
track:1073, 703, 609, 433, 163
track:1074, 691, 609, 433, 163
track:1075, 681, 605, 455, 171
track:1076, 671, 604, 455, 171
track:1077, 659, 605, 455, 171
track:1078, 660, 608, 455, 171
track:1079, 636, 605, 455, 171
track:1080, 641, 611, 433, 163
track:1081, 637, 612, 433, 163
track:1082, 630, 613, 433, 163
track:1083, 613, 610, 455, 171
track:1084, 612, 609, 455, 171
track:1085, 610, 610, 455, 171
track:1086, 612, 608, 455, 171
track:1087, 601, 605, 477, 180
track:1088, 601, 607, 477, 180
track:1089, 603, 607, 477, 180
track:1090, 604, 608, 477, 180
track:1091, 606, 609, 477, 180
track:1092, 605, 611, 477, 180
track:1093, 608, 611, 477, 180
track:1094, 606, 611, 477, 180
track:1095, 606, 611, 477, 180
track:1096, 601, 610, 477, 180
track:1097, 602, 611, 477, 180
track:1098, 607, 610, 477, 180
track:1099, 612, 612, 477, 180
track:1100, 624, 616, 455, 171
track:1101, 619, 615, 455, 171
track:1102, 624, 615, 455, 171
track:1103, 621, 615, 455, 171
track:1104, 608, 613, 477, 180
track:1105, 602, 615, 477, 180
track:1106, 618, 617, 455, 171
track:1107, 625, 621, 433, 163
track:1108, 636, 623, 412, 155
track:1109, 626, 625, 412, 155
track:1110, 637, 624, 412, 155
track:1111, 613, 625, 412, 155
track:1112, 619, 629, 393, 148
track:1113, 616, 630, 393, 148
track:1114, 619, 629, 393, 148
track:1115, 609, 625, 412, 155
track:1116, 604, 624, 412, 155
track:1117, 605, 625, 412, 155
track:1118, 607, 623, 412, 155
init :1119, 701, 630, 406, 181
track:1120, 701, 630, 406, 181
track:1121, 698, 631, 406, 181
track:1122, 695, 633, 406, 181
track:1123, 699, 633, 406, 181
track:1124, 684, 628, 426, 190
track:1125, 681, 629, 426, 190
track:1126, 682, 630, 426, 190
track:1127, 680, 627, 426, 190
track:1128, 692, 630, 406, 181
track:1129, 698, 632, 406, 181
track:1130, 714, 635, 387, 172
track:1131, 718, 636, 387, 172
track:1132, 726, 637, 387, 172
track:1133, 731, 637, 387, 172
track:1134, 697, 627, 406, 181
track:1135, 701, 628, 406, 181
track:1136, 691, 627, 406, 181
track:1137, 702, 630, 387, 172
track:1138, 696, 623, 387, 172
track:1139, 674, 613, 406, 181
track:1140, 673, 610, 406, 181
track:1141, 669, 608, 406, 181
track:1142, 662, 609, 406, 181
track:1143, 649, 614, 406, 181
track:1144, 640, 616, 406, 181
track:1145, 637, 615, 406, 181
track:1146, 646, 632, 387, 172
track:1147, 657, 648, 368, 164
track:1148, 655, 653, 368, 164
track:1149, 660, 658, 351, 156
track:1150, 676, 660, 334, 149
track:1151, 668, 659, 334, 149
track:1152, 662, 663, 334, 149
track:1153, 646, 659, 351, 156
track:1154, 650, 663, 334, 149
track:1155, 647, 663, 334, 149
track:1156, 650, 664, 334, 149
track:1157, 661, 670, 318, 142
track:1158, 658, 671, 318, 142
track:1159, 662, 669, 318, 142
track:1160, 665, 669, 318, 142
track:1161, 673, 674, 303, 135
track:1162, 663, 671, 318, 142
track:1163, 657, 671, 334, 149
track:1164, 667, 673, 318, 142
track:1165, 674, 678, 303, 135
track:1166, 667, 678, 303, 135
track:1167, 656, 676, 318, 142
track:1168, 650, 679, 318, 142
track:1169, 655, 679, 303, 135
track:1170, 659, 683, 289, 129
track:1171, 661, 683, 289, 129
track:1172, 658, 682, 289, 129
track:1173, 650, 681, 289, 129
track:1174, 649, 679, 289, 129
track:1175, 646, 678, 289, 129
track:1176, 654, 680, 275, 123
track:1177, 656, 680, 275, 123
track:1178, 656, 678, 275, 123
track:1179, 663, 680, 262, 117
track:1180, 665, 680, 262, 117
track:1181, 674, 682, 249, 111
track:1182, 670, 675, 262, 117
track:1183, 673, 676, 249, 111
track:1184, 677, 674, 249, 111
track:1185, 677, 673, 249, 111
track:1186, 687, 674, 237, 106
track:1187, 690, 674, 237, 106
track:1188, 693, 672, 237, 106
track:1189, 691, 672, 237, 106
track:1190, 698, 674, 226, 101
track:1191, 698, 670, 226, 101
track:1192, 699, 665, 226, 101
track:1193, 705, 666, 215, 96
track:1194, 704, 663, 215, 96
track:1195, 706, 661, 215, 96
track:1196, 707, 661, 215, 96
track:1197, 709, 661, 205, 91
track:1198, 711, 658, 205, 91
track:1199, 706, 653, 215, 96
track:1200, 711, 656, 205, 91
track:1201, 718, 658, 195, 87
track:1202, 722, 657, 195, 87
track:1203, 725, 658, 195, 87
track:1204, 731, 658, 195, 87
init :1205, 816, 630, 355, 106
track:1206, 819, 630, 355, 106
track:1207, 823, 629, 355, 106
track:1208, 826, 628, 355, 106
track:1209, 828, 628, 355, 106
track:1210, 841, 631, 338, 101
track:1211, 848, 633, 338, 101
track:1212, 858, 637, 322, 96
track:1213, 868, 642, 307, 92
track:1214, 860, 640, 322, 96
track:1215, 858, 641, 322, 96
track:1216, 853, 639, 338, 101
track:1217, 860, 642, 322, 96
track:1218, 857, 643, 322, 96
track:1219, 859, 644, 322, 96
track:1220, 858, 645, 322, 96
track:1221, 858, 646, 322, 96
track:1222, 856, 647, 322, 96
track:1223, 863, 650, 307, 92
track:1224, 863, 649, 307, 92
track:1225, 865, 649, 307, 92
track:1226, 875, 651, 292, 87
track:1227, 868, 650, 307, 92
track:1228, 874, 653, 292, 87
track:1229, 872, 652, 292, 87
track:1230, 874, 653, 292, 87
track:1231, 874, 652, 292, 87
track:1232, 871, 656, 278, 83
track:1233, 878, 663, 265, 79
track:1234, 885, 665, 252, 75
track:1235, 880, 663, 252, 75
track:1236, 880, 665, 252, 75
track:1237, 884, 666, 240, 72
track:1238, 881, 665, 240, 72
track:1239, 888, 667, 229, 68
track:1240, 889, 667, 229, 68
track:1241, 888, 666, 229, 68
track:1242, 929, 666, 229, 68
track:1243, 902, 665, 218, 65
track:1244, 904, 665, 218, 65
track:1245, 948, 664, 218, 65
track:1246, 909, 665, 218, 65
track:1247, 947, 663, 218, 65
track:1248, 946, 666, 218, 65
track:1249, 946, 669, 208, 62
track:1250, 943, 671, 208, 62
track:1251, 941, 673, 208, 62
track:1252, 938, 675, 208, 62
track:1253, 930, 674, 218, 65
track:1254, 931, 674, 218, 65
track:1255, 924, 673, 218, 65
track:1256, 916, 671, 218, 65
track:1257, 918, 673, 208, 62
track:1258, 903, 673, 208, 62
track:1259, 905, 671, 208, 62
track:1260, 892, 672, 208, 62
track:1261, 901, 674, 198, 59
track:1262, 905, 674, 188, 56
track:1263, 908, 675, 188, 56
track:1264, 904, 676, 188, 56
track:1265, 907, 676, 188, 56
track:1266, 904, 676, 188, 56
track:1267, 898, 673, 198, 59
track:1268, 891, 672, 208, 62
track:1269, 895, 674, 198, 59
track:1270, 894, 673, 198, 59
track:1271, 886, 671, 208, 62
track:1272, 883, 671, 208, 62
track:1273, 874, 669, 218, 65
track:1274, 871, 668, 218, 65
track:1275, 866, 667, 218, 65
track:1276, 870, 668, 208, 62
track:1277, 858, 667, 218, 65
track:1278, 847, 664, 229, 68
track:1279, 845, 664, 229, 68
track:1280, 841, 664, 229, 68
track:1281, 837, 664, 229, 68
track:1282, 827, 662, 229, 68
track:1283, 824, 661, 229, 68
track:1284, 827, 663, 218, 65
track:1285, 819, 663, 218, 65
track:1286, 820, 664, 208, 62
track:1287, 823, 664, 208, 62
track:1288, 820, 662, 208, 62
track:1289, 813, 660, 218, 65
track:1290, 813, 660, 218, 65
init :1291, 867, 659, 143, 75
track:1292, 866, 659, 143, 75
track:1293, 864, 659, 143, 75
track:1294, 864, 659, 143, 75
track:1295, 863, 659, 143, 75
track:1296, 859, 658, 150, 79
track:1297, 863, 658, 143, 75
track:1298, 862, 658, 143, 75
track:1299, 862, 657, 143, 75
track:1300, 863, 658, 143, 75
track:1301, 863, 660, 143, 75
track:1302, 861, 660, 143, 75
track:1303, 860, 661, 143, 75
track:1304, 860, 659, 143, 75
track:1305, 861, 659, 143, 75
track:1306, 861, 659, 143, 75
track:1307, 863, 660, 143, 75
track:1308, 862, 661, 143, 75
track:1309, 863, 662, 143, 75
track:1310, 863, 661, 143, 75
track:1311, 864, 661, 143, 75
track:1312, 864, 662, 143, 75
track:1313, 864, 664, 136, 71
track:1314, 863, 664, 136, 71
track:1315, 866, 665, 130, 68
track:1316, 864, 665, 130, 68
track:1317, 862, 665, 130, 68
track:1318, 861, 666, 130, 68
track:1319, 860, 667, 130, 68
track:1320, 859, 667, 130, 68
track:1321, 858, 668, 130, 68
track:1322, 859, 668, 130, 68
track:1323, 863, 670, 124, 65
track:1324, 862, 670, 124, 65
track:1325, 865, 670, 124, 65
track:1326, 867, 672, 124, 65
track:1327, 867, 673, 124, 65
track:1328, 867, 673, 124, 65
track:1329, 867, 674, 124, 65
track:1330, 871, 675, 118, 62
track:1331, 869, 675, 118, 62
track:1332, 865, 675, 118, 62
track:1333, 860, 673, 124, 65
track:1334, 859, 674, 124, 65
track:1335, 854, 674, 124, 65
track:1336, 849, 673, 124, 65
track:1337, 846, 673, 124, 65
track:1338, 846, 674, 118, 62
track:1339, 847, 675, 118, 62
track:1340, 844, 674, 124, 65
track:1341, 842, 674, 124, 65
track:1342, 841, 674, 124, 65
track:1343, 841, 675, 124, 65
track:1344, 840, 675, 124, 65
track:1345, 842, 675, 124, 65
track:1346, 842, 675, 124, 65
track:1347, 846, 676, 118, 62
track:1348, 844, 677, 118, 62
track:1349, 843, 677, 118, 62
track:1350, 843, 677, 118, 62
track:1351, 842, 677, 118, 62
track:1352, 840, 678, 118, 62
track:1353, 839, 678, 118, 62
track:1354, 839, 678, 118, 62
track:1355, 838, 679, 118, 62
track:1356, 841, 681, 112, 59
track:1357, 841, 681, 112, 59
track:1358, 841, 681, 112, 59
track:1359, 841, 682, 112, 59
track:1360, 843, 684, 107, 56
track:1361, 839, 683, 112, 59
track:1362, 840, 683, 112, 59
track:1363, 840, 683, 112, 59
track:1364, 840, 684, 112, 59
track:1365, 840, 684, 112, 59
track:1366, 839, 684, 112, 59
track:1367, 840, 684, 112, 59
track:1368, 838, 686, 112, 59
track:1369, 839, 686, 112, 59
track:1370, 838, 687, 112, 59
track:1371, 834, 689, 112, 59
track:1372, 833, 690, 112, 59
track:1373, 829, 689, 118, 62
track:1374, 829, 690, 118, 62
track:1375, 825, 690, 118, 62
track:1376, 823, 689, 118, 62
init :1377, 830, 693, 193, 59
track:1378, 831, 694, 193, 59
track:1379, 831, 696, 184, 56
track:1380, 823, 697, 184, 56
track:1381, 820, 698, 184, 56
track:1382, 818, 699, 184, 56
track:1383, 811, 698, 193, 59
track:1384, 814, 700, 184, 56
track:1385, 812, 701, 184, 56
track:1386, 810, 700, 193, 59
track:1387, 811, 702, 193, 59
track:1388, 817, 703, 184, 56
track:1389, 818, 704, 184, 56
track:1390, 821, 704, 184, 56
track:1391, 823, 705, 184, 56
track:1392, 828, 706, 184, 56
track:1393, 832, 708, 184, 56
track:1394, 833, 708, 184, 56
track:1395, 835, 708, 184, 56
track:1396, 837, 709, 184, 56
track:1397, 837, 711, 184, 56
track:1398, 836, 712, 184, 56
track:1399, 833, 711, 193, 59
track:1400, 826, 711, 203, 62
track:1401, 823, 712, 203, 62
track:1402, 816, 713, 203, 62
track:1403, 812, 714, 203, 62
track:1404, 810, 715, 203, 62
track:1405, 805, 716, 203, 62
track:1406, 802, 716, 203, 62
track:1407, 800, 716, 203, 62
track:1408, 792, 715, 213, 65
track:1409, 791, 714, 213, 65
track:1410, 796, 716, 203, 62
track:1411, 796, 717, 203, 62
track:1412, 795, 717, 203, 62
track:1413, 796, 718, 203, 62
track:1414, 796, 718, 203, 62
track:1415, 792, 717, 213, 65
track:1416, 792, 718, 213, 65
track:1417, 791, 718, 213, 65
track:1418, 786, 717, 223, 68
track:1419, 791, 719, 213, 65
track:1420, 788, 719, 213, 65
track:1421, 781, 718, 223, 68
track:1422, 779, 719, 223, 68
track:1423, 780, 719, 223, 68
track:1424, 781, 720, 223, 68
track:1425, 782, 721, 223, 68
track:1426, 779, 722, 223, 68
track:1427, 784, 723, 213, 65
track:1428, 779, 723, 223, 68
track:1429, 779, 723, 223, 68
track:1430, 778, 723, 223, 68
track:1431, 775, 724, 223, 68
track:1432, 773, 725, 223, 68
track:1433, 772, 726, 223, 68
track:1434, 772, 727, 223, 68
track:1435, 773, 728, 223, 68
track:1436, 767, 727, 235, 72
track:1437, 767, 729, 223, 68
track:1438, 761, 728, 235, 72
track:1439, 763, 728, 235, 72
track:1440, 757, 728, 246, 75
track:1441, 758, 728, 246, 75
track:1442, 747, 728, 246, 75
track:1443, 742, 730, 246, 75
track:1444, 740, 731, 246, 75
track:1445, 735, 730, 246, 75
track:1446, 734, 729, 246, 75
track:1447, 733, 730, 235, 72
track:1448, 733, 728, 235, 72
track:1449, 734, 729, 235, 72
track:1450, 734, 729, 223, 68
track:1451, 735, 726, 235, 72
track:1452, 745, 726, 223, 68
track:1453, 752, 726, 223, 68
track:1454, 754, 724, 223, 68
track:1455, 759, 723, 223, 68
track:1456, 763, 722, 223, 68
track:1457, 772, 719, 223, 68
track:1458, 779, 716, 223, 68
track:1459, 771, 715, 235, 72
track:1460, 780, 715, 235, 72
track:1461, 784, 713, 235, 72
track:1462, 797, 713, 223, 68
init :1463, 835, 711, 203, 145
track:1464, 835, 710, 203, 145
track:1465, 837, 710, 203, 145
track:1466, 837, 711, 203, 145
track:1467, 836, 709, 203, 145
track:1468, 836, 709, 203, 145
track:1469, 833, 710, 203, 145
track:1470, 829, 709, 203, 145
track:1471, 834, 713, 193, 138
track:1472, 826, 703, 203, 145
track:1473, 823, 708, 193, 138
track:1474, 819, 702, 193, 138
track:1475, 819, 701, 193, 138
track:1476, 813, 696, 203, 145
track:1477, 809, 693, 203, 145
track:1478, 808, 692, 203, 145
track:1479, 808, 689, 203, 145
track:1480, 809, 688, 203, 145
track:1481, 810, 681, 203, 145
track:1482, 818, 681, 203, 145
track:1483, 821, 681, 203, 145
track:1484, 821, 679, 203, 145
track:1485, 823, 679, 203, 145
track:1486, 832, 676, 203, 145
track:1487, 836, 675, 203, 145
track:1488, 838, 671, 213, 152
track:1489, 844, 674, 203, 145
track:1490, 844, 672, 203, 145
track:1491, 849, 670, 203, 145
track:1492, 852, 671, 193, 138
track:1493, 857, 670, 193, 138
track:1494, 857, 670, 184, 132
track:1495, 854, 667, 184, 132
track:1496, 842, 660, 193, 138
track:1497, 839, 655, 193, 138
track:1498, 838, 655, 193, 138
track:1499, 835, 652, 193, 138
track:1500, 831, 647, 193, 138
track:1501, 831, 647, 184, 132
track:1502, 826, 648, 175, 125
track:1503, 818, 647, 175, 125
track:1504, 817, 645, 175, 125
track:1505, 813, 640, 175, 125
track:1506, 807, 636, 175, 125
track:1507, 810, 633, 175, 125
track:1508, 809, 634, 175, 125
track:1509, 805, 632, 175, 125
track:1510, 804, 630, 167, 119
track:1511, 803, 628, 167, 119
track:1512, 792, 623, 167, 119
track:1513, 794, 624, 167, 119
track:1514, 778, 621, 167, 119
track:1515, 760, 620, 167, 119
track:1516, 735, 619, 167, 119
track:1517, 719, 623, 159, 114
track:1518, 716, 623, 159, 114
track:1519, 693, 626, 151, 108
track:1520, 672, 626, 151, 108
track:1521, 651, 630, 144, 103
track:1522, 642, 634, 137, 98
track:1523, 642, 634, 137, 98
track:1524, 636, 635, 137, 98
track:1525, 634, 633, 137, 98
track:1526, 640, 630, 137, 98
track:1527, 646, 629, 137, 98
track:1528, 651, 632, 131, 93
track:1529, 680, 634, 125, 89
track:1530, 708, 636, 119, 85
track:1531, 737, 637, 113, 81
track:1532, 762, 636, 113, 81
track:1533, 763, 636, 113, 81
track:1534, 788, 635, 113, 81
track:1535, 813, 635, 113, 81
track:1536, 838, 636, 113, 81
track:1537, 855, 637, 113, 81
track:1538, 857, 637, 113, 81
track:1539, 872, 640, 108, 77
track:1540, 882, 641, 108, 77
track:1541, 886, 641, 108, 77
track:1542, 890, 641, 108, 77
track:1543, 890, 642, 108, 77
track:1544, 891, 643, 108, 77
track:1545, 889, 644, 108, 77
track:1546, 887, 645, 108, 77
track:1547, 876, 647, 108, 77
track:1548, 878, 648, 108, 77
init :1549, 890, 656, 216, 70
track:1550, 879, 655, 227, 74
track:1551, 870, 656, 227, 74
track:1552, 859, 656, 238, 77
track:1553, 864, 657, 227, 74
track:1554, 863, 658, 227, 74
track:1555, 866, 661, 216, 70
track:1556, 864, 662, 216, 70
track:1557, 865, 663, 216, 70
track:1558, 870, 665, 206, 67
track:1559, 879, 667, 196, 63
track:1560, 888, 669, 187, 60
track:1561, 894, 671, 178, 58
track:1562, 897, 671, 178, 58
track:1563, 898, 672, 178, 58
track:1564, 899, 672, 178, 58
track:1565, 899, 672, 178, 58
track:1566, 899, 672, 178, 58
track:1567, 904, 674, 169, 55
track:1568, 908, 675, 161, 52
track:1569, 906, 675, 161, 52
track:1570, 904, 675, 161, 52
track:1571, 902, 675, 161, 52
track:1572, 900, 675, 161, 52
track:1573, 899, 676, 161, 52
track:1574, 899, 677, 154, 50
track:1575, 894, 678, 154, 50
track:1576, 895, 678, 154, 50
track:1577, 893, 678, 146, 47
track:1578, 894, 679, 146, 47
track:1579, 889, 679, 146, 47
track:1580, 891, 680, 146, 47
track:1581, 890, 680, 146, 47
track:1582, 882, 682, 146, 47
track:1583, 884, 682, 146, 47
track:1584, 886, 683, 139, 45
track:1585, 890, 684, 133, 43
track:1586, 891, 686, 126, 41
track:1587, 889, 685, 126, 41
track:1588, 891, 686, 120, 39
track:1589, 887, 685, 126, 41
track:1590, 890, 687, 120, 39
track:1591, 886, 686, 126, 41
track:1592, 885, 687, 126, 41
track:1593, 884, 688, 126, 41
track:1594, 884, 689, 126, 41
track:1595, 883, 691, 126, 41
track:1596, 932, 691, 126, 41
track:1599, 929, 690, 126, 41
track:1600, 936, 692, 120, 39
track:1601, 932, 692, 120, 39
track:1602, 934, 692, 115, 37
track:1603, 936, 693, 109, 35
track:1604, 933, 693, 109, 35
track:1605, 932, 694, 104, 34
track:1606, 929, 694, 104, 34
track:1607, 927, 694, 104, 34
track:1608, 925, 693, 104, 34
elapseTime: 15.95
