init :7, 821, 630, 235, 197
track:8, 821, 630, 235, 197
track:9, 822, 630, 235, 197
track:10, 821, 631, 235, 197
track:11, 823, 630, 235, 197
track:12, 823, 630, 235, 197
track:13, 824, 630, 235, 197
track:14, 824, 630, 235, 197
track:15, 824, 630, 235, 197
track:16, 825, 630, 235, 197
track:17, 826, 630, 235, 197
track:18, 825, 630, 235, 197
track:19, 825, 629, 235, 197
track:20, 821, 626, 247, 207
track:21, 820, 626, 247, 207
track:22, 827, 631, 235, 197
track:23, 828, 631, 235, 197
track:24, 827, 631, 235, 197
track:25, 828, 630, 235, 197
track:26, 829, 631, 235, 197
track:27, 829, 631, 235, 197
track:28, 829, 631, 235, 197
track:29, 829, 630, 235, 197
track:30, 829, 630, 235, 197
track:31, 830, 629, 235, 197
track:32, 831, 631, 235, 197
track:33, 829, 630, 235, 197
track:34, 830, 631, 235, 197
track:35, 830, 630, 235, 197
track:36, 830, 631, 235, 197
track:37, 829, 630, 235, 197
track:38, 831, 630, 235, 197
track:39, 830, 630, 235, 197
track:40, 830, 630, 235, 197
track:41, 831, 629, 235, 197
track:42, 830, 631, 235, 197
track:43, 831, 630, 235, 197
track:44, 830, 631, 235, 197
track:45, 832, 630, 235, 197
track:46, 830, 631, 235, 197
track:48, 832, 630, 235, 197
track:49, 830, 630, 235, 197
track:50, 831, 629, 235, 197
track:51, 832, 629, 235, 197
track:52, 831, 628, 235, 197
track:53, 832, 629, 235, 197
track:54, 831, 629, 235, 197
track:55, 832, 629, 235, 197
track:56, 831, 629, 235, 197
track:57, 831, 628, 235, 197
track:58, 831, 629, 235, 197
track:59, 830, 628, 235, 197
track:60, 832, 628, 235, 197
track:61, 831, 630, 235, 197
track:62, 830, 629, 235, 197
track:63, 829, 629, 235, 197
track:64, 830, 629, 235, 197
track:65, 829, 629, 235, 197
track:66, 828, 629, 235, 197
track:67, 829, 628, 235, 197
init :68, 826, 630, 235, 197
track:69, 826, 630, 235, 197
track:70, 825, 630, 235, 197
track:71, 826, 631, 235, 197
track:72, 824, 631, 235, 197
track:73, 825, 630, 235, 197
track:74, 826, 631, 235, 197
track:75, 823, 631, 235, 197
track:76, 825, 631, 235, 197
track:77, 825, 630, 235, 197
track:78, 825, 631, 235, 197
track:79, 825, 631, 235, 197
track:80, 825, 631, 235, 197
track:81, 825, 630, 235, 197
track:82, 825, 631, 235, 197
track:83, 824, 631, 235, 197
track:84, 825, 630, 235, 197
track:85, 825, 631, 235, 197
track:86, 824, 631, 235, 197
track:87, 824, 631, 235, 197
track:88, 825, 631, 235, 197
track:89, 824, 631, 235, 197
track:90, 825, 631, 235, 197
track:91, 825, 632, 235, 197
track:92, 826, 631, 235, 197
track:93, 824, 632, 235, 197
track:94, 825, 631, 235, 197
track:95, 826, 631, 235, 197
track:96, 826, 631, 235, 197
track:97, 826, 632, 235, 197
track:98, 827, 630, 235, 197
track:99, 828, 630, 235, 197
track:100, 827, 630, 235, 197
track:101, 828, 630, 235, 197
track:102, 830, 629, 235, 197
track:103, 829, 628, 235, 197
track:104, 829, 628, 235, 197
track:105, 830, 628, 235, 197
track:106, 831, 627, 235, 197
track:107, 832, 625, 235, 197
track:108, 833, 622, 235, 197
track:109, 832, 623, 235, 197
track:110, 838, 625, 224, 188
track:111, 839, 624, 224, 188
track:112, 840, 623, 224, 188
track:113, 839, 621, 224, 188
track:114, 840, 620, 224, 188
track:115, 839, 619, 224, 188
track:116, 841, 617, 224, 188
track:117, 842, 614, 224, 188
track:120, 844, 612, 224, 188
track:121, 846, 609, 224, 188
track:122, 847, 607, 224, 188
track:123, 846, 606, 224, 188
track:124, 846, 606, 224, 188
track:125, 850, 608, 213, 179
track:126, 848, 604, 213, 179
track:127, 847, 603, 213, 179
track:128, 847, 602, 213, 179
track:129, 846, 602, 213, 179
track:130, 846, 605, 213, 179
track:131, 846, 604, 213, 179
track:132, 848, 607, 213, 179
track:133, 850, 610, 213, 179
track:134, 850, 610, 213, 179
init :135, 858, 620, 180, 160
track:136, 858, 621, 180, 160
track:137, 859, 623, 180, 160
track:138, 860, 624, 180, 160
track:139, 861, 624, 180, 160
track:140, 860, 624, 180, 160
track:141, 859, 624, 180, 160
track:142, 858, 625, 180, 160
track:143, 858, 626, 180, 160
track:144, 857, 625, 180, 160
track:145, 853, 629, 180, 160
track:146, 852, 630, 180, 160
track:147, 853, 630, 180, 160
track:148, 853, 633, 180, 160
track:149, 855, 633, 180, 160
track:150, 853, 636, 180, 160
track:151, 854, 640, 180, 160
track:152, 855, 642, 180, 160
track:153, 855, 645, 180, 160
track:154, 855, 645, 180, 160
track:155, 856, 647, 180, 160
track:156, 856, 648, 180, 160
track:157, 857, 649, 180, 160
track:158, 858, 650, 180, 160
track:159, 857, 650, 180, 160
track:160, 857, 650, 180, 160
track:161, 856, 651, 180, 160
track:162, 853, 651, 180, 160
track:163, 852, 651, 180, 160
track:164, 851, 651, 180, 160
track:165, 852, 651, 180, 160
track:166, 852, 652, 180, 160
track:167, 851, 652, 180, 160
track:168, 851, 652, 180, 160
track:169, 852, 652, 180, 160
track:170, 853, 650, 180, 160
track:171, 859, 654, 171, 152
track:172, 860, 652, 171, 152
track:173, 861, 652, 171, 152
track:174, 859, 651, 171, 152
track:175, 858, 652, 171, 152
track:176, 856, 652, 171, 152
track:177, 856, 652, 171, 152
track:178, 858, 652, 171, 152
track:179, 859, 653, 171, 152
track:180, 860, 655, 171, 152
track:181, 860, 655, 171, 152
track:182, 866, 662, 163, 145
track:183, 868, 664, 163, 145
track:184, 869, 665, 163, 145
track:185, 870, 666, 163, 145
track:186, 869, 665, 163, 145
track:187, 865, 661, 163, 145
track:188, 862, 658, 163, 145
track:189, 860, 656, 163, 145
track:190, 857, 655, 163, 145
track:191, 853, 650, 171, 152
track:192, 851, 644, 171, 152
track:193, 851, 643, 171, 152
track:194, 851, 642, 171, 152
track:195, 852, 640, 171, 152
track:196, 854, 638, 171, 152
track:197, 853, 638, 171, 152
track:198, 852, 638, 171, 152
track:199, 854, 641, 163, 145
track:200, 852, 642, 163, 145
track:201, 851, 643, 163, 145
init :202, 853, 636, 156, 145
track:203, 853, 635, 156, 145
track:204, 853, 634, 156, 145
track:205, 854, 632, 156, 145
track:206, 854, 632, 156, 145
track:207, 853, 631, 156, 145
track:208, 853, 631, 156, 145
track:209, 850, 628, 156, 145
track:210, 849, 626, 156, 145
track:211, 848, 624, 156, 145
track:212, 848, 621, 156, 145
track:213, 844, 617, 164, 152
track:214, 843, 616, 164, 152
track:215, 848, 619, 156, 145
track:216, 852, 620, 149, 138
track:217, 852, 621, 149, 138
track:218, 852, 621, 149, 138
track:219, 852, 621, 149, 138
track:220, 851, 626, 149, 138
track:221, 851, 628, 149, 138
track:222, 852, 629, 149, 138
track:223, 851, 630, 149, 138
track:224, 852, 634, 141, 132
track:225, 853, 635, 141, 132
track:226, 853, 636, 141, 132
track:227, 854, 636, 141, 132
track:228, 854, 637, 141, 132
track:229, 854, 637, 141, 132
track:230, 854, 637, 141, 132
track:231, 857, 640, 135, 125
track:232, 858, 640, 128, 119
track:233, 858, 639, 128, 119
track:234, 857, 639, 128, 119
track:235, 856, 638, 128, 119
track:236, 858, 636, 128, 119
track:237, 861, 638, 128, 119
track:238, 861, 637, 128, 119
track:239, 861, 640, 128, 119
track:240, 862, 641, 128, 119
track:241, 863, 643, 128, 119
track:242, 866, 644, 122, 114
track:243, 866, 644, 122, 114
track:244, 866, 644, 122, 114
track:245, 865, 646, 122, 114
track:246, 865, 646, 122, 114
track:247, 866, 646, 122, 114
track:248, 865, 647, 122, 114
track:249, 865, 647, 122, 114
track:250, 865, 648, 122, 114
track:251, 867, 650, 122, 114
track:252, 867, 652, 122, 114
track:253, 867, 652, 122, 114
track:254, 868, 655, 122, 114
track:255, 869, 658, 122, 114
track:256, 868, 660, 122, 114
track:257, 869, 662, 122, 114
track:258, 869, 662, 122, 114
track:259, 869, 664, 122, 114
track:260, 870, 666, 122, 114
track:261, 870, 667, 122, 114
track:262, 870, 668, 122, 114
track:263, 870, 668, 122, 114
track:264, 869, 670, 122, 114
track:265, 869, 672, 122, 114
track:266, 870, 673, 122, 114
track:267, 870, 675, 122, 114
track:268, 870, 676, 122, 114
init :269, 867, 682, 129, 96
track:270, 868, 684, 129, 96
track:271, 866, 685, 135, 101
track:272, 866, 689, 135, 101
track:273, 866, 689, 135, 101
track:274, 867, 692, 135, 101
track:275, 867, 693, 135, 101
track:276, 865, 695, 142, 106
track:277, 866, 698, 142, 106
track:278, 867, 698, 142, 106
track:279, 868, 698, 142, 106
track:280, 864, 693, 149, 111
track:281, 865, 692, 149, 111
track:282, 865, 694, 149, 111
track:283, 867, 695, 149, 111
track:284, 868, 695, 149, 111
track:285, 870, 698, 149, 111
track:286, 870, 695, 157, 117
track:287, 870, 692, 157, 117
track:288, 867, 689, 165, 123
track:289, 868, 686, 165, 123
track:290, 868, 681, 165, 123
track:291, 864, 672, 173, 129
track:292, 867, 665, 173, 129
track:293, 866, 664, 173, 129
track:294, 866, 663, 173, 129
track:295, 870, 660, 173, 129
track:296, 867, 657, 182, 135
track:297, 862, 654, 191, 142
track:298, 857, 652, 200, 149
track:299, 852, 648, 210, 156
track:300, 849, 649, 210, 156
track:301, 844, 648, 221, 164
track:302, 841, 651, 221, 164
track:303, 841, 652, 221, 164
track:304, 834, 652, 232, 172
track:305, 832, 654, 232, 172
track:306, 832, 654, 232, 172
track:307, 831, 651, 232, 172
track:308, 825, 646, 243, 181
track:309, 818, 640, 255, 190
track:310, 817, 634, 255, 190
track:311, 817, 620, 255, 190
track:312, 808, 606, 268, 200
track:313, 810, 605, 268, 200
track:314, 818, 604, 255, 190
track:315, 817, 593, 255, 190
track:316, 822, 591, 243, 181
track:317, 823, 582, 243, 181
track:318, 826, 581, 243, 181
track:319, 827, 579, 243, 181
track:320, 832, 573, 243, 181
track:321, 841, 570, 232, 172
track:322, 846, 572, 221, 164
track:323, 847, 571, 221, 164
track:324, 845, 575, 221, 164
track:325, 846, 573, 221, 164
track:326, 845, 565, 221, 164
track:327, 842, 564, 221, 164
track:328, 844, 563, 221, 164
track:329, 841, 573, 221, 164
track:330, 838, 579, 221, 164
track:331, 837, 581, 221, 164
track:332, 841, 590, 210, 156
track:333, 840, 590, 210, 156
track:334, 839, 591, 210, 156
track:335, 838, 592, 210, 156
init :336, 849, 599, 189, 171
track:337, 849, 600, 189, 171
track:338, 850, 601, 189, 171
track:339, 851, 597, 189, 171
track:340, 852, 595, 189, 171
track:341, 851, 596, 189, 171
track:342, 851, 594, 189, 171
track:343, 851, 594, 189, 171
track:344, 851, 593, 189, 171
track:345, 857, 593, 180, 163
track:346, 860, 598, 171, 155
track:347, 861, 600, 171, 155
track:348, 860, 600, 171, 155
track:349, 865, 605, 163, 148
track:350, 864, 608, 163, 148
track:351, 869, 615, 155, 141
track:352, 870, 618, 155, 141
track:353, 870, 619, 155, 141
track:354, 870, 621, 155, 141
track:355, 868, 622, 155, 141
track:356, 872, 626, 148, 134
track:357, 872, 626, 148, 134
track:358, 871, 626, 148, 134
track:359, 871, 627, 148, 134
track:360, 870, 626, 148, 134
track:361, 872, 629, 141, 128
track:362, 871, 630, 141, 128
track:363, 875, 632, 134, 122
track:364, 875, 633, 134, 122
track:365, 874, 634, 134, 122
track:366, 874, 634, 134, 122
track:367, 872, 635, 134, 122
track:368, 871, 636, 134, 122
track:369, 872, 636, 134, 122
track:370, 871, 641, 134, 122
track:371, 870, 647, 134, 122
track:372, 870, 650, 134, 122
track:373, 870, 650, 134, 122
track:374, 869, 651, 134, 122
track:375, 868, 653, 134, 122
track:376, 866, 653, 134, 122
track:377, 863, 654, 134, 122
track:378, 863, 655, 134, 122
track:379, 863, 655, 134, 122
track:380, 866, 659, 128, 116
track:381, 866, 657, 128, 116
track:382, 864, 657, 128, 116
track:383, 863, 657, 128, 116
track:384, 861, 657, 128, 116
track:385, 861, 655, 128, 116
track:386, 861, 654, 128, 116
track:387, 861, 654, 128, 116
track:388, 861, 654, 128, 116
track:389, 860, 654, 128, 116
track:390, 860, 654, 128, 116
track:391, 863, 658, 122, 110
track:392, 863, 662, 122, 110
track:393, 863, 663, 122, 110
track:394, 864, 664, 122, 110
track:395, 864, 668, 122, 110
track:396, 864, 672, 122, 110
track:397, 866, 676, 122, 110
track:398, 866, 677, 122, 110
track:399, 868, 681, 122, 110
track:400, 869, 685, 122, 110
track:401, 870, 690, 122, 110
track:402, 871, 695, 122, 110
init :403, 876, 706, 101, 85
track:404, 876, 708, 101, 85
track:405, 877, 708, 101, 85
track:406, 878, 708, 101, 85
track:407, 879, 707, 101, 85
track:408, 878, 708, 101, 85
track:409, 880, 706, 101, 85
track:410, 879, 705, 101, 85
track:411, 880, 701, 101, 85
track:412, 881, 700, 101, 85
track:413, 881, 699, 101, 85
track:414, 881, 699, 101, 85
track:415, 881, 699, 101, 85
track:416, 880, 702, 101, 85
track:417, 880, 700, 106, 89
track:418, 880, 700, 106, 89
track:419, 880, 700, 106, 89
track:420, 878, 701, 106, 89
track:421, 877, 701, 106, 89
track:422, 876, 699, 106, 89
track:423, 876, 699, 106, 89
track:424, 876, 696, 106, 89
track:425, 875, 695, 106, 89
track:426, 875, 693, 106, 89
track:427, 874, 691, 106, 89
track:428, 873, 691, 106, 89
track:429, 873, 691, 106, 89
track:430, 873, 691, 106, 89
track:431, 873, 692, 106, 89
track:432, 872, 691, 106, 89
track:433, 872, 691, 106, 89
track:434, 871, 691, 106, 89
track:435, 869, 691, 106, 89
track:436, 869, 693, 106, 89
track:437, 869, 694, 106, 89
track:438, 869, 694, 106, 89
track:439, 870, 695, 106, 89
track:440, 870, 696, 106, 89
track:441, 870, 696, 106, 89
track:442, 871, 696, 106, 89
track:443, 871, 697, 106, 89
track:444, 869, 694, 111, 94
track:445, 868, 695, 111, 94
track:446, 868, 697, 111, 94
track:447, 869, 696, 111, 94
track:448, 869, 695, 111, 94
track:449, 869, 694, 111, 94
track:450, 869, 694, 111, 94
track:451, 870, 695, 111, 94
track:452, 871, 697, 111, 94
track:453, 869, 695, 117, 98
track:454, 870, 695, 117, 98
track:455, 870, 695, 117, 98
track:456, 871, 696, 117, 98
track:457, 870, 695, 117, 98
track:458, 871, 695, 117, 98
track:459, 870, 695, 117, 98
track:460, 870, 694, 117, 98
track:461, 870, 693, 117, 98
track:462, 871, 693, 117, 98
track:463, 871, 692, 117, 98
track:464, 866, 688, 123, 103
track:465, 866, 686, 123, 103
track:466, 866, 686, 123, 103
track:467, 866, 686, 123, 103
track:468, 864, 685, 129, 108
track:469, 863, 685, 129, 108
init :470, 863, 685, 133, 106
track:471, 863, 686, 133, 106
track:472, 863, 687, 133, 106
track:473, 863, 690, 133, 106
track:474, 864, 693, 133, 106
track:475, 866, 693, 133, 106
track:476, 867, 691, 133, 106
track:477, 867, 691, 133, 106
track:478, 866, 688, 140, 111
track:479, 864, 683, 147, 117
track:480, 866, 674, 147, 117
track:481, 869, 671, 147, 117
track:482, 869, 671, 147, 117
track:483, 871, 663, 147, 117
track:484, 872, 661, 147, 117
track:485, 874, 662, 147, 117
track:486, 870, 663, 154, 123
track:487, 867, 661, 162, 129
track:488, 865, 665, 162, 129
track:490, 862, 669, 162, 129
track:491, 860, 670, 162, 129
track:492, 860, 670, 162, 129
track:493, 858, 671, 162, 129
track:494, 856, 671, 162, 129
track:495, 849, 661, 170, 135
track:496, 851, 659, 162, 129
track:497, 851, 657, 162, 129
track:498, 850, 655, 162, 129
track:499, 848, 652, 162, 129
track:500, 843, 641, 170, 135
track:501, 843, 638, 170, 135
track:502, 843, 638, 170, 135
track:503, 843, 635, 170, 135
track:504, 843, 635, 170, 135
track:505, 842, 634, 170, 135
track:506, 842, 634, 170, 135
track:507, 841, 633, 170, 135
track:508, 840, 630, 170, 135
track:509, 841, 628, 170, 135
track:510, 840, 625, 170, 135
track:511, 840, 622, 170, 135
track:512, 840, 623, 170, 135
track:513, 839, 621, 170, 135
track:514, 841, 622, 170, 135
track:515, 841, 624, 170, 135
track:516, 840, 623, 170, 135
track:517, 841, 622, 170, 135
track:518, 840, 620, 170, 135
track:519, 844, 622, 162, 129
track:520, 846, 621, 162, 129
track:521, 846, 620, 162, 129
track:522, 846, 620, 162, 129
track:523, 845, 622, 162, 129
track:524, 851, 627, 154, 123
track:525, 852, 629, 154, 123
track:526, 853, 630, 154, 123
track:527, 854, 630, 154, 123
track:528, 853, 629, 154, 123
track:529, 853, 627, 154, 123
track:530, 855, 627, 154, 123
track:531, 859, 629, 147, 117
track:532, 859, 628, 147, 117
track:533, 864, 632, 140, 111
track:534, 864, 633, 140, 111
track:535, 866, 636, 133, 106
track:536, 871, 640, 127, 101
init :537, 872, 641, 124, 98
track:538, 872, 642, 124, 98
track:539, 872, 645, 124, 98
track:540, 873, 645, 124, 98
track:543, 871, 647, 124, 98
track:544, 871, 647, 124, 98
track:546, 869, 653, 124, 98
track:547, 868, 653, 124, 98
track:548, 867, 655, 124, 98
track:549, 866, 657, 124, 98
track:550, 866, 659, 124, 98
track:551, 865, 660, 124, 98
track:552, 864, 661, 124, 98
track:553, 866, 662, 118, 93
track:554, 866, 661, 118, 93
track:555, 869, 664, 112, 89
track:556, 868, 664, 112, 89
track:557, 869, 665, 112, 89
track:558, 870, 669, 107, 85
track:559, 871, 674, 107, 85
track:560, 871, 677, 107, 85
track:561, 871, 680, 107, 85
track:562, 871, 680, 107, 85
track:563, 871, 682, 107, 85
track:564, 870, 684, 107, 85
track:565, 870, 686, 107, 85
track:566, 870, 687, 107, 85
track:567, 871, 688, 107, 85
track:568, 871, 690, 107, 85
track:569, 873, 691, 107, 85
track:570, 871, 695, 107, 85
track:571, 871, 697, 107, 85
track:572, 870, 697, 107, 85
track:573, 872, 699, 107, 85
track:574, 874, 701, 107, 85
track:575, 874, 701, 107, 85
track:576, 872, 698, 107, 85
track:577, 872, 698, 107, 85
track:578, 873, 696, 107, 85
track:579, 873, 694, 107, 85
track:580, 874, 694, 107, 85
track:581, 875, 694, 107, 85
track:582, 875, 694, 107, 85
track:583, 874, 697, 107, 85
track:584, 873, 698, 107, 85
track:585, 874, 698, 107, 85
track:586, 874, 698, 107, 85
track:587, 873, 698, 107, 85
track:588, 874, 699, 107, 85
track:589, 875, 698, 107, 85
track:590, 873, 698, 107, 85
track:591, 873, 698, 107, 85
track:592, 872, 699, 107, 85
track:593, 868, 696, 112, 89
track:594, 868, 694, 112, 89
track:595, 867, 686, 112, 89
track:596, 867, 683, 112, 89
track:597, 864, 681, 118, 93
track:598, 863, 677, 118, 93
track:599, 862, 670, 118, 93
track:600, 863, 668, 118, 93
track:601, 863, 667, 118, 93
track:602, 864, 668, 118, 93
track:603, 863, 666, 118, 93
init :604, 867, 659, 120, 101
track:605, 867, 658, 120, 101
track:606, 867, 656, 120, 101
track:607, 867, 656, 120, 101
track:608, 869, 656, 120, 101
track:609, 869, 656, 120, 101
track:610, 868, 657, 120, 101
track:611, 869, 661, 120, 101
track:612, 869, 661, 120, 101
track:613, 869, 664, 120, 101
track:614, 866, 664, 126, 106
track:615, 866, 667, 126, 106
track:616, 866, 669, 126, 106
track:617, 866, 670, 126, 106
track:618, 866, 669, 126, 106
track:619, 863, 666, 132, 111
track:620, 864, 666, 132, 111
track:621, 864, 665, 132, 111
track:622, 865, 665, 132, 111
track:623, 864, 664, 132, 111
track:624, 863, 663, 132, 111
track:625, 864, 662, 132, 111
track:626, 865, 663, 132, 111
track:627, 865, 663, 132, 111
track:628, 866, 665, 132, 111
track:629, 866, 664, 132, 111
track:630, 862, 660, 139, 117
track:631, 858, 656, 146, 123
track:632, 858, 656, 146, 123
track:633, 860, 659, 146, 123
track:634, 861, 663, 146, 123
track:635, 861, 665, 146, 123
track:636, 863, 667, 146, 123
track:637, 863, 666, 146, 123
track:638, 865, 667, 146, 123
track:639, 865, 667, 146, 123
track:640, 866, 666, 146, 123
track:641, 865, 666, 146, 123
track:642, 865, 665, 146, 123
track:643, 865, 663, 146, 123
track:644, 865, 662, 146, 123
track:645, 865, 653, 146, 123
track:646, 866, 651, 146, 123
track:647, 866, 651, 146, 123
track:648, 866, 650, 146, 123
track:649, 866, 650, 146, 123
track:650, 868, 651, 146, 123
track:651, 869, 651, 146, 123
track:652, 869, 651, 146, 123
track:653, 871, 650, 146, 123
track:654, 871, 651, 146, 123
track:655, 872, 656, 146, 123
track:656, 872, 658, 146, 123
track:657, 873, 658, 146, 123
track:658, 876, 661, 146, 123
track:659, 877, 660, 146, 123
track:660, 877, 660, 146, 123
track:661, 878, 660, 146, 123
track:662, 878, 660, 146, 123
track:663, 878, 660, 146, 123
track:664, 880, 657, 146, 123
track:665, 881, 656, 146, 123
track:666, 881, 654, 146, 123
track:667, 881, 654, 146, 123
track:668, 882, 651, 146, 123
track:669, 882, 651, 146, 123
track:670, 881, 650, 146, 123
init :671, 876, 649, 138, 119
track:672, 876, 649, 138, 119
track:673, 875, 649, 138, 119
track:674, 874, 648, 138, 119
track:675, 873, 649, 138, 119
track:676, 872, 648, 138, 119
track:677, 872, 648, 138, 119
track:678, 870, 652, 138, 119
track:679, 869, 660, 138, 119
track:680, 870, 668, 138, 119
track:681, 870, 669, 138, 119
track:682, 871, 669, 138, 119
track:683, 868, 668, 138, 119
track:684, 867, 668, 138, 119
track:685, 867, 671, 138, 119
track:686, 868, 672, 138, 119
track:687, 867, 672, 138, 119
track:688, 867, 673, 138, 119
track:689, 866, 671, 138, 119
track:690, 862, 666, 145, 125
track:691, 861, 665, 145, 125
track:692, 860, 665, 145, 125
track:693, 861, 663, 145, 125
track:694, 861, 663, 145, 125
track:695, 861, 662, 145, 125
track:696, 860, 660, 145, 125
track:697, 859, 660, 145, 125
track:698, 857, 660, 145, 125
track:699, 854, 660, 145, 125
track:700, 855, 660, 145, 125
track:701, 855, 663, 145, 125
track:702, 854, 663, 145, 125
track:703, 855, 667, 145, 125
track:704, 854, 671, 145, 125
track:705, 853, 676, 145, 125
track:706, 852, 677, 145, 125
track:707, 851, 679, 145, 125
track:708, 850, 680, 145, 125
track:709, 851, 679, 145, 125
track:710, 851, 678, 145, 125
track:711, 851, 678, 145, 125
track:712, 850, 675, 145, 125
track:713, 851, 673, 145, 125
track:714, 850, 673, 145, 125
track:715, 849, 674, 145, 125
track:716, 849, 675, 145, 125
track:717, 849, 676, 145, 125
track:718, 850, 678, 145, 125
track:719, 851, 678, 145, 125
track:720, 851, 678, 145, 125
track:721, 852, 678, 145, 125
track:722, 852, 678, 145, 125
track:723, 852, 677, 145, 125
track:724, 851, 674, 145, 125
track:725, 852, 671, 145, 125
track:726, 853, 669, 145, 125
track:727, 853, 668, 145, 125
track:728, 849, 663, 152, 131
track:729, 849, 658, 152, 131
track:730, 847, 653, 160, 138
track:731, 847, 652, 160, 138
track:732, 847, 652, 160, 138
track:733, 847, 651, 160, 138
track:734, 848, 647, 160, 138
track:735, 849, 642, 160, 138
track:736, 849, 641, 160, 138
track:737, 850, 640, 160, 138
init :738, 849, 636, 166, 150
track:739, 849, 636, 166, 150
track:740, 850, 638, 166, 150
track:741, 851, 638, 166, 150
track:742, 851, 639, 166, 150
track:743, 850, 639, 166, 150
track:744, 850, 639, 166, 150
track:745, 851, 638, 166, 150
track:746, 851, 638, 166, 150
track:747, 851, 636, 166, 150
track:748, 853, 626, 166, 150
track:749, 850, 622, 166, 150
track:750, 849, 621, 166, 150
track:751, 848, 621, 166, 150
track:752, 848, 622, 166, 150
track:753, 849, 624, 166, 150
track:754, 851, 623, 166, 150
track:755, 852, 623, 166, 150
track:756, 853, 623, 166, 150
track:757, 858, 626, 158, 143
track:758, 858, 624, 158, 143
track:759, 857, 625, 158, 143
track:760, 857, 629, 158, 143
track:761, 858, 630, 158, 143
track:762, 860, 631, 158, 143
track:763, 862, 630, 158, 143
track:764, 863, 630, 158, 143
track:765, 861, 631, 158, 143
track:766, 862, 631, 158, 143
track:767, 860, 630, 158, 143
track:768, 860, 632, 158, 143
track:769, 865, 636, 151, 136
track:770, 867, 646, 151, 136
track:771, 868, 645, 151, 136
track:772, 868, 646, 151, 136
track:773, 869, 644, 151, 136
track:774, 870, 644, 151, 136
track:775, 871, 644, 151, 136
track:776, 871, 644, 151, 136
track:777, 871, 643, 151, 136
track:778, 871, 641, 151, 136
track:779, 873, 641, 151, 136
track:780, 874, 642, 151, 136
track:781, 873, 641, 151, 136
track:782, 874, 642, 151, 136
track:783, 873, 641, 151, 136
track:784, 874, 640, 151, 136
track:785, 874, 641, 151, 136
track:786, 874, 642, 151, 136
track:787, 873, 642, 151, 136
track:788, 873, 642, 151, 136
track:789, 873, 642, 151, 136
track:790, 870, 642, 151, 136
track:791, 871, 643, 151, 136
track:792, 871, 641, 151, 136
track:793, 874, 645, 143, 130
track:794, 874, 646, 143, 130
track:795, 873, 651, 143, 130
track:796, 874, 652, 143, 130
track:797, 874, 652, 143, 130
track:798, 874, 651, 143, 130
track:799, 874, 651, 143, 130
track:800, 874, 653, 143, 130
track:801, 873, 653, 143, 130
track:802, 872, 654, 143, 130
track:803, 872, 654, 143, 130
track:804, 873, 655, 143, 130
init :805, 867, 659, 138, 106
track:806, 867, 659, 138, 106
track:807, 867, 659, 138, 106
track:808, 865, 660, 138, 106
track:809, 863, 660, 145, 111
track:810, 863, 662, 145, 111
track:811, 864, 662, 145, 111
track:812, 862, 663, 145, 111
track:813, 861, 664, 145, 111
track:814, 859, 664, 145, 111
track:815, 858, 664, 145, 111
track:816, 858, 664, 145, 111
track:817, 858, 666, 145, 111
track:818, 858, 671, 145, 111
track:819, 856, 674, 145, 111
track:820, 855, 685, 145, 111
track:821, 854, 685, 145, 111
track:822, 854, 686, 145, 111
track:823, 850, 683, 152, 117
track:824, 849, 682, 152, 117
track:825, 847, 683, 152, 117
track:826, 848, 683, 152, 117
track:827, 847, 687, 152, 117
track:828, 843, 689, 160, 123
track:829, 845, 692, 160, 123
track:830, 845, 694, 160, 123
track:831, 847, 693, 160, 123
track:832, 847, 693, 160, 123
track:833, 850, 692, 160, 123
track:834, 848, 682, 168, 129
track:835, 842, 672, 176, 135
track:836, 842, 672, 176, 135
track:837, 840, 666, 176, 135
track:838, 840, 663, 176, 135
track:839, 838, 660, 176, 135
track:840, 836, 655, 176, 135
track:841, 831, 650, 185, 142
track:842, 829, 650, 185, 142
track:843, 827, 646, 185, 142
track:844, 826, 642, 185, 142
track:845, 819, 629, 185, 142
track:846, 818, 628, 185, 142
track:847, 812, 618, 194, 149
track:848, 813, 612, 194, 149
track:849, 810, 611, 194, 149
track:850, 810, 610, 194, 149
track:851, 810, 610, 194, 149
track:852, 814, 605, 194, 149
track:853, 818, 601, 194, 149
track:854, 820, 601, 194, 149
track:855, 819, 605, 194, 149
track:856, 819, 606, 194, 149
track:857, 819, 608, 194, 149
track:858, 822, 606, 194, 149
track:859, 822, 600, 194, 149
track:860, 823, 599, 194, 149
track:861, 823, 598, 194, 149
track:862, 823, 602, 194, 149
track:863, 824, 605, 194, 149
track:864, 824, 611, 194, 149
track:865, 825, 617, 194, 149
track:866, 830, 622, 185, 142
track:867, 829, 627, 185, 142
track:868, 829, 629, 185, 142
track:869, 829, 629, 185, 142
track:870, 831, 633, 185, 142
track:871, 831, 634, 185, 142
init :872, 849, 641, 166, 140
track:873, 850, 642, 166, 140
track:874, 850, 643, 166, 140
track:875, 851, 643, 166, 140
track:876, 851, 645, 166, 140
track:877, 857, 648, 158, 133
track:878, 858, 649, 158, 133
track:879, 860, 648, 158, 133
track:880, 860, 648, 158, 133
track:881, 859, 648, 158, 133
track:882, 859, 648, 158, 133
track:883, 861, 646, 158, 133
track:884, 864, 646, 158, 133
track:885, 865, 646, 158, 133
track:886, 865, 645, 158, 133
track:887, 870, 648, 151, 127
track:888, 871, 649, 151, 127
track:889, 872, 647, 151, 127
track:890, 873, 646, 151, 127
track:891, 878, 649, 143, 121
track:892, 883, 650, 137, 115
track:893, 883, 650, 137, 115
track:894, 883, 649, 137, 115
track:895, 884, 649, 137, 115
track:896, 885, 650, 137, 115
track:897, 884, 649, 137, 115
track:898, 882, 648, 137, 115
track:899, 881, 648, 137, 115
track:900, 879, 649, 137, 115
track:901, 879, 649, 137, 115
track:902, 878, 651, 137, 115
track:903, 877, 652, 137, 115
track:904, 881, 653, 130, 110
track:905, 880, 653, 130, 110
track:906, 880, 653, 130, 110
track:907, 860, 643, 124, 104
track:908, 860, 645, 118, 99
track:909, 860, 656, 112, 95
track:910, 861, 660, 112, 95
track:911, 864, 663, 107, 90
track:912, 865, 668, 107, 90
track:913, 862, 671, 107, 90
track:914, 863, 674, 107, 90
track:915, 865, 677, 107, 90
track:916, 865, 678, 107, 90
track:917, 867, 680, 107, 90
track:918, 870, 683, 102, 86
track:919, 870, 688, 97, 82
track:920, 867, 688, 97, 82
track:921, 865, 688, 97, 82
track:922, 862, 688, 97, 82
track:923, 860, 687, 97, 82
track:924, 852, 686, 97, 82
track:925, 845, 684, 97, 82
track:926, 843, 685, 97, 82
track:927, 841, 685, 97, 82
track:928, 832, 685, 97, 82
track:929, 826, 684, 97, 82
track:930, 821, 683, 97, 82
track:931, 821, 682, 97, 82
track:932, 817, 680, 97, 82
track:933, 817, 678, 97, 82
track:934, 818, 677, 92, 78
track:935, 818, 674, 92, 78
track:936, 817, 674, 92, 78
track:937, 818, 671, 92, 78
track:938, 818, 669, 92, 78
init :939, 775, 571, 318, 236
track:940, 776, 571, 318, 236
track:941, 776, 571, 318, 236
track:942, 778, 571, 318, 236
track:943, 778, 570, 318, 236
track:944, 777, 569, 318, 236
track:945, 776, 569, 318, 236
track:946, 776, 569, 318, 236
track:947, 774, 569, 318, 236
track:948, 769, 570, 318, 236
track:949, 766, 572, 318, 236
track:950, 763, 572, 318, 236
track:951, 761, 574, 318, 236
track:952, 759, 575, 318, 236
track:953, 757, 576, 318, 236
track:954, 753, 578, 318, 236
track:955, 752, 579, 318, 236
track:956, 753, 580, 318, 236
track:957, 752, 581, 318, 236
track:958, 752, 582, 318, 236
track:959, 751, 584, 318, 236
track:960, 754, 590, 303, 225
track:961, 752, 590, 303, 225
track:962, 750, 591, 303, 225
track:963, 746, 593, 303, 225
track:964, 744, 593, 303, 225
track:965, 742, 594, 303, 225
track:966, 740, 593, 303, 225
track:967, 737, 596, 303, 225
track:968, 732, 596, 303, 225
track:969, 727, 595, 303, 225
track:970, 727, 596, 303, 225
track:971, 723, 596, 303, 225
track:972, 719, 597, 303, 225
track:973, 713, 597, 303, 225
track:974, 709, 597, 303, 225
track:975, 709, 597, 303, 225
track:976, 706, 596, 303, 225
track:977, 703, 596, 303, 225
track:978, 700, 596, 303, 225
track:979, 700, 597, 303, 225
track:980, 700, 597, 303, 225
track:981, 701, 597, 303, 225
track:982, 697, 599, 303, 225
track:983, 702, 597, 303, 225
track:984, 701, 597, 303, 225
track:985, 700, 599, 303, 225
track:986, 701, 598, 303, 225
track:987, 707, 604, 288, 214
track:988, 708, 605, 288, 214
track:989, 711, 604, 288, 214
track:990, 712, 604, 288, 214
track:991, 713, 605, 288, 214
track:992, 712, 605, 288, 214
track:993, 712, 604, 288, 214
track:994, 716, 608, 275, 204
track:995, 717, 608, 275, 204
track:996, 719, 605, 275, 204
track:997, 723, 603, 275, 204
track:998, 725, 601, 275, 204
track:999, 728, 597, 275, 204
track:1000, 728, 597, 275, 204
track:1001, 735, 594, 275, 204
track:1002, 737, 592, 275, 204
track:1003, 744, 587, 275, 204
track:1004, 753, 590, 262, 194
track:1005, 756, 589, 262, 194
init :1006, 752, 576, 507, 215
track:1007, 750, 575, 507, 215
track:1008, 747, 575, 507, 215
track:1009, 745, 573, 507, 215
track:1010, 745, 571, 507, 215
track:1011, 739, 572, 507, 215
track:1012, 741, 572, 507, 215
track:1013, 740, 569, 507, 215
track:1014, 747, 573, 507, 215
track:1015, 736, 570, 507, 215
track:1016, 744, 576, 483, 205
track:1017, 739, 572, 483, 205
track:1018, 733, 574, 483, 205
track:1019, 742, 577, 460, 195
track:1020, 744, 577, 460, 195
track:1021, 752, 580, 438, 186
track:1022, 751, 580, 438, 186
track:1023, 743, 580, 438, 186
track:1024, 744, 579, 438, 186
track:1025, 743, 579, 438, 186
track:1026, 753, 585, 417, 177
track:1027, 737, 579, 438, 186
track:1028, 738, 579, 438, 186
track:1029, 726, 574, 460, 195
track:1030, 721, 576, 460, 195
track:1031, 717, 578, 460, 195
track:1032, 723, 584, 438, 186
track:1033, 720, 583, 438, 186
track:1034, 719, 586, 438, 186
track:1035, 719, 586, 438, 186
track:1036, 712, 586, 438, 186
track:1037, 720, 594, 417, 177
track:1038, 719, 597, 417, 177
track:1039, 718, 600, 417, 177
track:1040, 719, 602, 417, 177
track:1041, 706, 598, 438, 186
track:1042, 704, 601, 438, 186
track:1043, 706, 602, 438, 186
track:1044, 709, 605, 438, 186
track:1045, 704, 605, 438, 186
track:1046, 712, 607, 438, 186
track:1047, 716, 612, 438, 186
track:1048, 705, 603, 460, 195
track:1049, 720, 608, 438, 186
track:1050, 719, 607, 438, 186
track:1051, 732, 612, 417, 177
track:1052, 732, 607, 417, 177
track:1053, 744, 605, 417, 177
track:1054, 754, 604, 417, 177
track:1055, 756, 604, 417, 177
track:1056, 767, 609, 397, 168
track:1057, 762, 604, 417, 177
track:1058, 770, 608, 397, 168
track:1059, 767, 611, 397, 168
track:1060, 771, 611, 397, 168
track:1061, 768, 611, 397, 168
track:1062, 769, 610, 397, 168
track:1063, 768, 611, 397, 168
track:1064, 760, 611, 397, 168
track:1065, 758, 609, 397, 168
track:1066, 754, 611, 397, 168
track:1067, 738, 607, 417, 177
track:1068, 728, 608, 417, 177
track:1069, 723, 606, 417, 177
track:1070, 719, 608, 417, 177
track:1071, 715, 610, 417, 177
track:1072, 698, 612, 417, 177
init :1073, 733, 625, 438, 124
track:1074, 721, 625, 438, 124
track:1075, 719, 625, 438, 124
track:1076, 713, 624, 438, 124
track:1077, 707, 623, 438, 124
track:1078, 688, 621, 438, 124
track:1079, 682, 622, 438, 124
track:1080, 681, 622, 438, 124
track:1081, 665, 620, 460, 130
track:1082, 660, 621, 460, 130
track:1083, 665, 625, 438, 124
track:1084, 661, 625, 438, 124
track:1085, 661, 627, 438, 124
track:1086, 669, 628, 438, 124
track:1087, 662, 627, 438, 124
track:1088, 662, 626, 438, 124
track:1089, 660, 626, 438, 124
track:1090, 659, 625, 438, 124
track:1091, 659, 626, 438, 124
track:1092, 660, 628, 438, 124
track:1093, 671, 632, 417, 118
track:1094, 661, 629, 438, 124
track:1095, 662, 630, 438, 124
track:1096, 663, 629, 438, 124
track:1097, 654, 629, 460, 130
track:1098, 654, 629, 460, 130
track:1099, 641, 628, 483, 137
track:1100, 638, 627, 483, 137
track:1101, 658, 631, 460, 130
track:1102, 670, 632, 438, 124
track:1103, 657, 630, 460, 130
track:1104, 658, 630, 460, 130
track:1105, 659, 630, 460, 130
track:1106, 657, 632, 460, 130
track:1107, 659, 631, 460, 130
track:1108, 656, 631, 460, 130
track:1109, 639, 631, 483, 137
track:1110, 650, 634, 460, 130
track:1111, 635, 633, 483, 137
track:1112, 634, 635, 483, 137
track:1113, 625, 636, 483, 137
track:1114, 635, 639, 460, 130
track:1115, 638, 639, 460, 130
track:1116, 633, 640, 460, 130
track:1117, 627, 644, 460, 130
track:1118, 626, 639, 483, 137
track:1119, 614, 640, 483, 137
track:1120, 613, 642, 483, 137
track:1121, 601, 641, 507, 144
track:1122, 602, 646, 507, 144
track:1123, 593, 643, 507, 144
track:1124, 588, 643, 507, 144
track:1125, 580, 647, 507, 144
track:1126, 582, 648, 507, 144
track:1127, 637, 653, 483, 137
track:1128, 626, 652, 483, 137
track:1129, 579, 647, 483, 137
track:1130, 633, 650, 460, 130
track:1131, 647, 651, 438, 124
track:1132, 731, 642, 460, 130
track:1133, 767, 646, 460, 130
track:1134, 756, 645, 460, 130
track:1135, 758, 646, 460, 130
track:1136, 754, 642, 460, 130
track:1137, 748, 638, 460, 130
track:1138, 740, 635, 483, 137
track:1139, 742, 637, 483, 137
init :1140, 830, 636, 230, 181
track:1141, 823, 637, 230, 181
track:1142, 816, 636, 230, 181
track:1143, 805, 637, 230, 181
track:1144, 794, 636, 230, 181
track:1145, 794, 636, 230, 181
track:1146, 785, 639, 230, 181
track:1147, 779, 639, 230, 181
track:1148, 773, 638, 230, 181
track:1149, 772, 644, 219, 172
track:1150, 768, 644, 219, 172
track:1151, 760, 639, 230, 181
track:1152, 756, 639, 230, 181
track:1153, 756, 640, 230, 181
track:1154, 758, 642, 230, 181
track:1155, 753, 643, 230, 181
track:1156, 764, 646, 230, 181
track:1157, 765, 650, 219, 172
track:1158, 758, 649, 219, 172
track:1159, 758, 648, 219, 172
track:1160, 767, 655, 209, 164
track:1161, 769, 654, 209, 164
track:1162, 773, 655, 209, 164
track:1163, 786, 653, 209, 164
track:1164, 787, 655, 209, 164
track:1165, 785, 651, 219, 172
track:1166, 766, 646, 230, 181
track:1167, 766, 646, 230, 181
track:1168, 763, 646, 230, 181
track:1169, 757, 644, 230, 181
track:1170, 754, 644, 230, 181
track:1171, 755, 644, 230, 181
track:1172, 746, 641, 230, 181
track:1173, 751, 647, 219, 172
track:1174, 741, 640, 230, 181
track:1175, 740, 642, 230, 181
track:1176, 746, 640, 230, 181
track:1177, 746, 638, 230, 181
track:1178, 740, 635, 230, 181
track:1179, 734, 634, 230, 181
track:1180, 734, 634, 230, 181
track:1181, 742, 637, 219, 172
track:1182, 751, 642, 209, 164
track:1183, 750, 636, 209, 164
track:1184, 749, 634, 209, 164
track:1185, 751, 634, 209, 164
track:1186, 758, 636, 199, 156
track:1187, 763, 641, 189, 149
track:1188, 770, 643, 180, 142
track:1189, 773, 646, 172, 135
track:1190, 774, 647, 172, 135
track:1191, 776, 645, 172, 135
track:1192, 778, 644, 163, 129
track:1193, 780, 642, 163, 129
track:1194, 778, 639, 163, 129
track:1195, 781, 638, 163, 129
track:1196, 780, 640, 156, 123
track:1197, 780, 642, 148, 117
track:1198, 783, 642, 141, 111
track:1199, 783, 642, 141, 111
track:1200, 784, 641, 141, 111
track:1201, 789, 645, 134, 106
track:1202, 790, 643, 134, 106
track:1203, 794, 643, 134, 106
track:1204, 799, 643, 134, 106
track:1205, 800, 643, 134, 106
track:1206, 803, 643, 134, 106
init :1207, 835, 633, 341, 103
track:1208, 838, 633, 341, 103
track:1209, 837, 633, 341, 103
track:1210, 844, 634, 341, 103
track:1211, 848, 634, 341, 103
track:1212, 849, 634, 341, 103
track:1213, 860, 639, 325, 98
track:1214, 869, 642, 309, 93
track:1215, 869, 644, 309, 93
track:1216, 876, 646, 295, 89
track:1217, 876, 647, 295, 89
track:1218, 875, 647, 295, 89
track:1219, 874, 647, 295, 89
track:1220, 872, 648, 295, 89
track:1221, 871, 650, 295, 89
track:1222, 869, 650, 295, 89
track:1223, 870, 652, 295, 89
track:1224, 874, 655, 281, 85
track:1225, 872, 655, 281, 85
track:1226, 876, 656, 281, 85
track:1227, 873, 657, 281, 85
track:1228, 879, 660, 267, 81
track:1229, 885, 661, 254, 77
track:1230, 888, 662, 254, 77
track:1231, 888, 662, 254, 77
track:1232, 886, 663, 254, 77
track:1233, 884, 664, 254, 77
track:1234, 884, 665, 254, 77
track:1235, 888, 667, 242, 73
track:1236, 884, 668, 242, 73
track:1237, 884, 669, 242, 73
track:1238, 881, 668, 242, 73
track:1239, 893, 671, 231, 70
track:1240, 890, 670, 231, 70
track:1241, 891, 669, 231, 70
track:1242, 893, 668, 231, 70
track:1243, 893, 669, 231, 70
track:1244, 892, 669, 231, 70
track:1245, 898, 672, 220, 66
track:1246, 901, 673, 209, 63
track:1247, 899, 675, 209, 63
track:1248, 898, 678, 209, 63
track:1249, 895, 679, 209, 63
track:1250, 898, 681, 199, 60
track:1251, 899, 684, 190, 57
track:1252, 893, 683, 199, 60
track:1253, 935, 681, 199, 60
track:1254, 934, 679, 199, 60
track:1255, 905, 678, 209, 63
track:1256, 921, 678, 209, 63
track:1257, 924, 677, 199, 60
track:1258, 903, 679, 199, 60
track:1259, 900, 678, 199, 60
track:1260, 902, 681, 199, 60
track:1261, 904, 681, 199, 60
track:1262, 899, 680, 199, 60
track:1263, 897, 681, 199, 60
track:1264, 891, 680, 209, 63
track:1265, 899, 682, 199, 60
track:1266, 895, 681, 209, 63
track:1267, 888, 678, 220, 66
track:1268, 883, 678, 220, 66
track:1269, 891, 680, 209, 63
track:1270, 891, 681, 209, 63
track:1271, 891, 679, 209, 63
track:1272, 895, 678, 199, 60
track:1273, 892, 676, 199, 60
init :1274, 932, 656, 115, 77
track:1275, 928, 655, 115, 77
track:1276, 923, 656, 115, 77
track:1277, 918, 656, 115, 77
track:1278, 910, 657, 115, 77
track:1279, 910, 658, 115, 77
track:1280, 902, 659, 115, 77
track:1281, 896, 659, 115, 77
track:1282, 886, 659, 115, 77
track:1283, 885, 660, 115, 77
track:1284, 884, 660, 115, 77
track:1285, 878, 662, 110, 73
track:1286, 873, 664, 104, 70
track:1287, 873, 663, 104, 70
track:1288, 871, 662, 104, 70
track:1289, 871, 661, 104, 70
track:1290, 870, 661, 104, 70
track:1291, 868, 663, 99, 67
track:1292, 867, 663, 99, 67
track:1293, 865, 663, 99, 67
track:1294, 865, 663, 99, 67
track:1295, 863, 663, 99, 67
track:1296, 864, 665, 95, 63
track:1297, 864, 666, 90, 60
track:1298, 865, 666, 90, 60
track:1299, 865, 666, 90, 60
track:1300, 864, 667, 90, 60
track:1301, 860, 668, 90, 60
track:1302, 860, 668, 90, 60
track:1303, 860, 668, 90, 60
track:1304, 861, 668, 90, 60
track:1305, 861, 667, 90, 60
track:1306, 862, 667, 90, 60
track:1307, 862, 668, 90, 60
track:1308, 862, 669, 90, 60
track:1309, 862, 668, 90, 60
track:1310, 865, 670, 86, 57
track:1311, 868, 672, 82, 55
track:1312, 868, 672, 82, 55
track:1313, 867, 672, 82, 55
track:1314, 866, 673, 82, 55
track:1315, 865, 673, 82, 55
track:1316, 864, 673, 82, 55
track:1317, 862, 673, 82, 55
track:1318, 861, 674, 82, 55
track:1319, 861, 674, 82, 55
track:1320, 859, 674, 82, 55
track:1321, 859, 674, 82, 55
track:1322, 859, 676, 82, 55
track:1323, 860, 677, 82, 55
track:1324, 860, 677, 82, 55
track:1325, 861, 677, 82, 55
track:1326, 863, 679, 82, 55
track:1327, 865, 679, 82, 55
track:1328, 868, 681, 78, 52
track:1329, 869, 683, 74, 50
track:1330, 867, 684, 74, 50
track:1331, 866, 684, 74, 50
track:1332, 862, 684, 74, 50
track:1333, 859, 684, 74, 50
track:1334, 858, 684, 74, 50
track:1335, 854, 685, 71, 47
track:1336, 850, 685, 71, 47
track:1337, 847, 685, 71, 47
track:1338, 845, 684, 71, 47
track:1339, 845, 685, 71, 47
track:1340, 844, 685, 71, 47
init :1341, 844, 677, 175, 49
track:1342, 843, 676, 175, 49
track:1343, 843, 676, 175, 49
track:1344, 843, 677, 175, 49
track:1345, 843, 676, 175, 49
track:1346, 843, 677, 175, 49
track:1347, 843, 677, 175, 49
track:1348, 843, 677, 175, 49
track:1349, 843, 677, 175, 49
track:1350, 839, 676, 184, 51
track:1351, 833, 676, 193, 54
track:1352, 833, 676, 193, 54
track:1353, 831, 677, 193, 54
track:1354, 831, 678, 193, 54
track:1355, 832, 678, 193, 54
track:1356, 834, 678, 193, 54
track:1357, 832, 678, 193, 54
track:1358, 832, 679, 193, 54
track:1359, 832, 679, 193, 54
track:1360, 836, 680, 184, 51
track:1361, 834, 681, 184, 51
track:1362, 839, 682, 175, 49
track:1363, 843, 684, 167, 47
track:1364, 844, 684, 167, 47
track:1365, 840, 683, 175, 49
track:1366, 839, 683, 175, 49
track:1367, 844, 684, 167, 47
track:1368, 839, 683, 175, 49
track:1369, 838, 684, 175, 49
track:1370, 839, 685, 175, 49
track:1371, 832, 685, 184, 51
track:1372, 829, 686, 184, 51
track:1373, 827, 687, 184, 51
track:1374, 827, 687, 184, 51
track:1375, 828, 688, 175, 49
track:1376, 827, 687, 175, 49
track:1377, 826, 688, 175, 49
track:1378, 820, 688, 175, 49
track:1379, 819, 689, 175, 49
track:1380, 815, 689, 175, 49
track:1381, 807, 689, 184, 51
track:1382, 805, 690, 184, 51
track:1383, 801, 692, 184, 51
track:1384, 800, 692, 184, 51
track:1385, 802, 694, 175, 49
track:1386, 805, 694, 175, 49
track:1387, 801, 694, 184, 51
track:1388, 803, 695, 184, 51
track:1389, 808, 696, 175, 49
track:1390, 811, 697, 175, 49
track:1391, 814, 697, 175, 49
track:1392, 818, 698, 175, 49
track:1393, 822, 699, 175, 49
track:1394, 827, 701, 167, 47
track:1395, 830, 701, 167, 47
track:1396, 831, 702, 167, 47
track:1397, 831, 703, 167, 47
track:1398, 828, 704, 167, 47
track:1399, 829, 704, 167, 47
track:1400, 821, 703, 175, 49
track:1401, 819, 705, 175, 49
track:1402, 808, 704, 175, 49
track:1403, 807, 705, 175, 49
track:1404, 806, 706, 175, 49
track:1405, 801, 707, 175, 49
track:1406, 799, 707, 175, 49
track:1407, 800, 707, 167, 47
init :1408, 793, 713, 230, 67
track:1409, 793, 713, 230, 67
track:1410, 792, 713, 230, 67
track:1411, 791, 714, 230, 67
track:1412, 791, 714, 230, 67
track:1413, 798, 716, 219, 64
track:1414, 799, 717, 219, 64
track:1415, 800, 718, 219, 64
track:1416, 800, 719, 219, 64
track:1417, 799, 719, 219, 64
track:1418, 797, 720, 219, 64
track:1419, 804, 722, 209, 61
track:1420, 796, 721, 219, 64
track:1421, 794, 722, 219, 64
track:1422, 791, 722, 230, 67
track:1423, 791, 722, 230, 67
track:1424, 790, 723, 230, 67
track:1425, 791, 723, 230, 67
track:1426, 791, 723, 230, 67
track:1427, 789, 723, 230, 67
track:1428, 788, 723, 230, 67
track:1429, 788, 724, 230, 67
track:1430, 788, 724, 230, 67
track:1431, 781, 723, 241, 70
track:1432, 782, 725, 241, 70
track:1433, 781, 726, 241, 70
track:1434, 781, 726, 241, 70
track:1435, 779, 727, 241, 70
track:1436, 768, 726, 254, 74
track:1437, 768, 727, 254, 74
track:1438, 773, 728, 241, 70
track:1439, 779, 730, 230, 67
track:1440, 775, 730, 230, 67
track:1441, 775, 732, 219, 64
track:1442, 772, 732, 219, 64
track:1443, 767, 732, 219, 64
track:1444, 766, 732, 219, 64
track:1445, 761, 732, 219, 64
track:1446, 756, 730, 219, 64
track:1447, 753, 729, 219, 64
track:1448, 750, 728, 219, 64
track:1449, 749, 727, 219, 64
track:1450, 754, 727, 209, 61
track:1451, 756, 725, 219, 64
track:1452, 756, 724, 230, 67
track:1453, 758, 722, 241, 70
track:1454, 761, 721, 241, 70
track:1455, 766, 720, 241, 70
track:1456, 774, 719, 241, 70
track:1457, 783, 719, 230, 67
track:1458, 791, 717, 230, 67
track:1459, 793, 716, 241, 70
track:1460, 800, 716, 241, 70
track:1461, 806, 716, 241, 70
track:1462, 815, 717, 241, 70
track:1463, 816, 718, 241, 70
track:1464, 815, 713, 254, 74
track:1465, 822, 709, 254, 74
track:1466, 825, 707, 254, 74
track:1467, 837, 707, 241, 70
track:1468, 836, 705, 241, 70
track:1469, 830, 701, 254, 74
track:1470, 831, 702, 254, 74
track:1471, 836, 705, 241, 70
track:1472, 836, 708, 230, 67
track:1473, 838, 709, 230, 67
track:1474, 822, 709, 230, 67
init :1475, 849, 685, 156, 158
track:1476, 849, 685, 156, 158
track:1477, 850, 684, 156, 158
track:1478, 850, 684, 156, 158
track:1479, 849, 683, 156, 158
track:1480, 848, 680, 156, 158
track:1481, 849, 676, 156, 158
track:1482, 855, 674, 156, 158
track:1483, 855, 673, 156, 158
track:1484, 860, 672, 156, 158
track:1485, 863, 674, 149, 150
track:1486, 864, 673, 149, 150
track:1487, 871, 665, 156, 158
track:1488, 872, 665, 156, 158
track:1489, 881, 668, 149, 150
track:1490, 883, 666, 149, 150
track:1491, 889, 664, 149, 150
track:1492, 894, 665, 141, 143
track:1493, 895, 664, 141, 143
track:1494, 893, 662, 141, 143
track:1495, 889, 658, 141, 143
track:1496, 891, 658, 135, 136
track:1497, 890, 658, 128, 130
track:1498, 893, 656, 128, 130
track:1499, 886, 655, 128, 130
track:1500, 882, 648, 128, 130
track:1501, 881, 645, 128, 130
track:1502, 885, 641, 128, 130
track:1503, 883, 641, 128, 130
track:1504, 876, 640, 122, 124
track:1505, 878, 636, 122, 124
track:1506, 875, 634, 122, 124
track:1507, 881, 634, 116, 118
track:1508, 879, 633, 116, 118
track:1509, 880, 636, 111, 112
track:1510, 883, 633, 111, 112
track:1511, 885, 630, 111, 112
track:1512, 884, 631, 106, 107
track:1513, 882, 630, 106, 107
track:1514, 873, 631, 101, 102
track:1515, 858, 628, 106, 107
track:1516, 847, 628, 106, 107
track:1517, 860, 624, 106, 107
track:1518, 867, 620, 111, 112
track:1519, 851, 622, 111, 112
track:1520, 831, 625, 106, 107
track:1521, 809, 625, 106, 107
track:1522, 794, 627, 101, 102
track:1523, 791, 626, 101, 102
track:1524, 785, 628, 101, 102
track:1525, 781, 629, 101, 102
track:1526, 777, 628, 101, 102
track:1527, 781, 628, 101, 102
track:1528, 782, 628, 101, 102
track:1529, 794, 628, 101, 102
track:1530, 812, 627, 101, 102
track:1531, 830, 627, 101, 102
track:1532, 855, 630, 101, 102
track:1533, 865, 628, 101, 102
track:1534, 886, 630, 96, 97
track:1535, 905, 631, 96, 97
track:1536, 929, 631, 96, 97
track:1537, 948, 632, 96, 97
track:1538, 953, 631, 96, 97
track:1539, 962, 633, 96, 97
track:1540, 970, 634, 96, 97
track:1541, 973, 637, 96, 97
init :1542, 909, 646, 230, 77
track:1543, 909, 646, 230, 77
track:1544, 908, 646, 230, 77
track:1545, 910, 650, 219, 73
track:1546, 907, 650, 219, 73
track:1547, 893, 653, 219, 73
track:1548, 899, 655, 209, 70
track:1549, 891, 656, 209, 70
track:1550, 888, 659, 209, 70
track:1551, 870, 660, 209, 70
track:1552, 869, 662, 209, 70
track:1553, 868, 662, 209, 70
track:1554, 871, 665, 199, 67
track:1555, 870, 666, 199, 67
track:1556, 870, 667, 199, 67
track:1557, 871, 668, 199, 67
track:1558, 873, 668, 199, 67
track:1559, 880, 670, 189, 63
track:1560, 886, 671, 180, 60
track:1561, 889, 671, 180, 60
track:1562, 892, 672, 180, 60
track:1563, 898, 673, 172, 57
track:1564, 900, 674, 172, 57
track:1565, 900, 674, 172, 57
track:1566, 904, 676, 163, 55
track:1567, 906, 677, 156, 52
track:1568, 905, 677, 156, 52
track:1569, 904, 678, 156, 52
track:1570, 903, 677, 156, 52
track:1571, 905, 678, 148, 50
track:1572, 903, 679, 148, 50
track:1573, 907, 681, 141, 47
track:1574, 899, 680, 148, 50
track:1575, 898, 680, 148, 50
track:1576, 899, 682, 148, 50
track:1577, 892, 684, 141, 47
track:1578, 895, 684, 134, 45
track:1579, 894, 684, 134, 45
track:1580, 895, 684, 128, 43
track:1581, 889, 684, 128, 43
track:1582, 892, 686, 122, 41
track:1583, 892, 686, 122, 41
track:1584, 890, 686, 122, 41
track:1585, 891, 687, 116, 39
track:1586, 890, 687, 116, 39
track:1587, 889, 686, 116, 39
track:1588, 889, 687, 116, 39
track:1589, 890, 687, 116, 39
track:1590, 891, 688, 116, 39
track:1591, 890, 688, 116, 39
track:1592, 893, 689, 111, 37
track:1593, 893, 689, 111, 37
track:1594, 892, 690, 111, 37
track:1595, 890, 691, 111, 37
track:1596, 891, 692, 116, 39
track:1599, 912, 694, 111, 37
track:1600, 932, 693, 111, 37
track:1601, 934, 694, 111, 37
track:1602, 931, 693, 111, 37
track:1603, 930, 692, 111, 37
track:1604, 927, 692, 111, 37
track:1605, 925, 691, 111, 37
track:1606, 921, 691, 111, 37
track:1607, 919, 691, 111, 37
track:1608, 918, 692, 111, 37
elapseTime: 16.337
