init :7, 821, 630, 235, 197
track:8, 821, 630, 235, 197
track:9, 822, 630, 235, 197
track:10, 821, 631, 235, 197
track:11, 823, 630, 235, 197
track:12, 823, 630, 235, 197
track:13, 824, 630, 235, 197
track:14, 824, 630, 235, 197
track:15, 824, 630, 235, 197
track:16, 825, 630, 235, 197
track:17, 826, 630, 235, 197
track:18, 825, 630, 235, 197
track:19, 825, 629, 235, 197
track:20, 821, 626, 247, 207
track:21, 820, 626, 247, 207
track:22, 827, 631, 235, 197
track:23, 828, 631, 235, 197
track:24, 827, 631, 235, 197
track:25, 828, 630, 235, 197
track:26, 829, 631, 235, 197
track:27, 829, 631, 235, 197
track:28, 829, 631, 235, 197
track:29, 829, 630, 235, 197
track:30, 829, 630, 235, 197
track:31, 830, 629, 235, 197
track:32, 831, 631, 235, 197
track:33, 829, 630, 235, 197
track:34, 830, 631, 235, 197
track:35, 830, 630, 235, 197
track:36, 830, 631, 235, 197
track:37, 829, 630, 235, 197
track:38, 831, 630, 235, 197
track:39, 830, 630, 235, 197
track:40, 830, 630, 235, 197
track:41, 831, 629, 235, 197
track:42, 830, 631, 235, 197
track:43, 831, 630, 235, 197
track:44, 830, 631, 235, 197
track:45, 832, 630, 235, 197
track:46, 830, 631, 235, 197
track:48, 832, 630, 235, 197
track:49, 830, 630, 235, 197
track:50, 831, 629, 235, 197
track:51, 832, 629, 235, 197
track:52, 831, 628, 235, 197
track:53, 832, 629, 235, 197
track:54, 831, 629, 235, 197
track:55, 832, 629, 235, 197
track:56, 831, 629, 235, 197
track:57, 831, 628, 235, 197
track:58, 831, 629, 235, 197
track:59, 830, 628, 235, 197
track:60, 832, 628, 235, 197
track:61, 831, 630, 235, 197
track:62, 830, 629, 235, 197
track:63, 829, 629, 235, 197
track:64, 830, 629, 235, 197
track:65, 829, 629, 235, 197
track:66, 828, 629, 235, 197
track:67, 829, 628, 235, 197
track:68, 829, 629, 235, 197
track:69, 828, 629, 235, 197
track:70, 829, 628, 235, 197
track:71, 829, 629, 235, 197
track:72, 828, 629, 235, 197
track:73, 828, 629, 235, 197
track:74, 828, 628, 235, 197
track:75, 828, 629, 235, 197
track:76, 828, 629, 235, 197
track:77, 827, 629, 235, 197
track:78, 828, 628, 235, 197
track:79, 828, 629, 235, 197
track:80, 828, 629, 235, 197
track:81, 828, 628, 235, 197
track:82, 827, 629, 235, 197
track:83, 828, 630, 235, 197
track:84, 827, 629, 235, 197
track:85, 828, 629, 235, 197
track:86, 827, 630, 235, 197
track:87, 827, 629, 235, 197
init :88, 826, 633, 240, 197
track:89, 826, 633, 240, 197
track:90, 826, 633, 240, 197
track:91, 827, 633, 240, 197
track:92, 827, 633, 240, 197
track:93, 827, 634, 240, 197
track:94, 827, 633, 240, 197
track:95, 827, 633, 240, 197
track:96, 828, 633, 240, 197
track:97, 829, 632, 240, 197
track:98, 830, 632, 240, 197
track:99, 829, 631, 240, 197
track:100, 829, 631, 240, 197
track:101, 830, 631, 240, 197
track:102, 832, 630, 240, 197
track:103, 832, 629, 240, 197
track:104, 831, 628, 240, 197
track:105, 833, 628, 240, 197
track:106, 833, 628, 240, 197
track:107, 840, 631, 229, 188
track:108, 840, 629, 229, 188
track:109, 840, 628, 229, 188
track:110, 840, 628, 229, 188
track:111, 840, 626, 229, 188
track:112, 840, 623, 229, 188
track:113, 841, 622, 229, 188
track:114, 843, 621, 229, 188
track:115, 842, 619, 229, 188
track:116, 842, 618, 229, 188
track:117, 843, 615, 229, 188
track:120, 846, 612, 229, 188
track:121, 847, 610, 229, 188
track:122, 846, 610, 229, 188
track:123, 844, 607, 229, 188
track:124, 847, 606, 229, 188
track:125, 844, 603, 229, 188
track:126, 849, 604, 218, 179
track:127, 846, 603, 218, 179
track:128, 847, 604, 218, 179
track:129, 846, 603, 218, 179
track:130, 851, 609, 207, 170
track:131, 852, 610, 207, 170
track:132, 854, 613, 207, 170
track:133, 856, 615, 207, 170
track:134, 856, 615, 207, 170
track:135, 856, 616, 207, 170
track:136, 856, 617, 207, 170
track:137, 858, 619, 207, 170
track:138, 858, 620, 207, 170
track:139, 859, 620, 207, 170
track:140, 858, 620, 207, 170
track:141, 858, 618, 207, 170
track:142, 856, 620, 207, 170
track:143, 855, 620, 207, 170
track:144, 855, 620, 207, 170
track:145, 852, 624, 207, 170
track:146, 851, 625, 207, 170
track:147, 851, 625, 207, 170
track:148, 852, 627, 207, 170
track:149, 853, 628, 207, 170
track:150, 854, 630, 207, 170
track:151, 854, 632, 207, 170
track:152, 853, 634, 207, 170
track:153, 854, 637, 207, 170
track:154, 859, 643, 197, 162
track:155, 860, 645, 197, 162
track:156, 860, 646, 197, 162
track:157, 862, 647, 197, 162
track:158, 862, 648, 197, 162
track:159, 863, 648, 197, 162
track:160, 861, 648, 197, 162
track:161, 860, 648, 197, 162
track:162, 858, 648, 197, 162
track:163, 857, 648, 197, 162
track:164, 860, 652, 188, 154
track:165, 860, 653, 188, 154
track:166, 860, 653, 188, 154
track:167, 860, 653, 188, 154
track:168, 861, 653, 188, 154
track:169, 861, 653, 188, 154
track:170, 861, 652, 188, 154
track:171, 863, 651, 188, 154
track:172, 863, 650, 188, 154
track:173, 864, 650, 188, 154
track:174, 864, 649, 188, 154
init :175, 867, 654, 161, 147
track:176, 866, 654, 161, 147
track:177, 866, 654, 161, 147
track:178, 867, 656, 161, 147
track:179, 868, 656, 161, 147
track:180, 869, 658, 161, 147
track:181, 869, 659, 161, 147
track:182, 870, 661, 161, 147
track:183, 872, 664, 161, 147
track:184, 869, 661, 169, 154
track:185, 870, 663, 169, 154
track:186, 868, 662, 169, 154
track:187, 864, 657, 169, 154
track:188, 861, 652, 169, 154
track:189, 859, 652, 169, 154
track:190, 857, 651, 169, 154
track:191, 856, 650, 169, 154
track:192, 855, 645, 169, 154
track:193, 855, 644, 169, 154
track:194, 855, 644, 169, 154
track:195, 858, 641, 169, 154
track:196, 862, 643, 161, 147
track:197, 862, 642, 161, 147
track:198, 859, 642, 161, 147
track:199, 859, 642, 161, 147
track:200, 857, 643, 161, 147
track:201, 855, 644, 161, 147
track:202, 854, 642, 161, 147
track:203, 854, 639, 161, 147
track:204, 854, 639, 161, 147
track:205, 854, 637, 161, 147
track:206, 855, 635, 161, 147
track:207, 854, 634, 161, 147
track:208, 853, 633, 161, 147
track:209, 851, 631, 161, 147
track:210, 849, 627, 161, 147
track:211, 848, 625, 161, 147
track:212, 853, 626, 153, 140
track:213, 853, 626, 153, 140
track:214, 851, 625, 153, 140
track:215, 852, 624, 153, 140
track:216, 852, 623, 153, 140
track:217, 852, 624, 153, 140
track:218, 852, 624, 153, 140
track:219, 852, 625, 153, 140
track:220, 853, 629, 153, 140
track:221, 852, 630, 153, 140
track:222, 851, 632, 153, 140
track:223, 854, 636, 146, 133
track:224, 858, 641, 139, 127
track:225, 857, 643, 139, 127
track:226, 858, 643, 139, 127
track:227, 857, 644, 139, 127
track:228, 858, 644, 139, 127
track:229, 857, 644, 139, 127
track:230, 857, 644, 139, 127
track:231, 858, 644, 139, 127
track:232, 857, 639, 139, 127
track:233, 856, 640, 139, 127
track:234, 854, 639, 139, 127
track:235, 855, 639, 139, 127
track:236, 857, 637, 139, 127
track:237, 861, 640, 132, 121
track:238, 861, 641, 132, 121
track:239, 862, 642, 132, 121
track:240, 866, 647, 126, 115
track:241, 867, 648, 126, 115
track:242, 867, 649, 126, 115
track:243, 870, 651, 120, 110
track:244, 870, 651, 120, 110
track:245, 870, 652, 120, 110
track:246, 869, 652, 120, 110
track:247, 869, 652, 120, 110
track:248, 869, 652, 120, 110
track:249, 869, 653, 120, 110
track:250, 869, 655, 120, 110
track:251, 870, 656, 120, 110
track:252, 870, 658, 120, 110
track:253, 870, 658, 120, 110
track:254, 871, 660, 120, 110
track:255, 872, 664, 120, 110
track:256, 872, 665, 120, 110
track:257, 873, 669, 120, 110
track:258, 873, 670, 120, 110
track:259, 875, 673, 114, 104
track:260, 876, 675, 114, 104
track:261, 876, 675, 114, 104
init :262, 867, 677, 120, 93
track:263, 867, 677, 120, 93
track:264, 867, 679, 120, 93
track:265, 864, 679, 126, 98
track:266, 864, 681, 126, 98
track:267, 864, 683, 126, 98
track:268, 864, 683, 126, 98
track:269, 864, 684, 126, 98
track:270, 865, 687, 126, 98
track:271, 866, 690, 126, 98
track:272, 863, 691, 132, 103
track:273, 864, 692, 132, 103
track:274, 864, 693, 132, 103
track:275, 864, 694, 132, 103
track:276, 865, 697, 132, 103
track:277, 866, 700, 132, 103
track:278, 866, 701, 132, 103
track:279, 868, 700, 132, 103
track:280, 868, 698, 132, 103
track:281, 867, 695, 139, 108
track:282, 868, 697, 139, 108
track:283, 868, 697, 139, 108
track:284, 870, 699, 139, 108
track:285, 871, 701, 139, 108
track:286, 870, 697, 146, 113
track:287, 868, 693, 153, 119
track:288, 867, 692, 153, 119
track:289, 869, 689, 153, 119
track:290, 865, 682, 161, 125
track:291, 861, 671, 169, 131
track:292, 857, 663, 177, 137
track:293, 858, 662, 177, 137
track:294, 859, 661, 177, 137
track:295, 858, 655, 186, 144
track:296, 858, 655, 186, 144
track:297, 852, 652, 195, 151
track:298, 854, 653, 195, 151
track:299, 851, 653, 195, 151
track:300, 845, 651, 205, 159
track:301, 838, 649, 216, 167
track:302, 837, 653, 216, 167
track:303, 835, 655, 216, 167
track:304, 833, 658, 216, 167
track:305, 825, 656, 226, 175
track:306, 826, 657, 226, 175
track:307, 820, 648, 238, 184
track:308, 819, 647, 238, 184
track:309, 813, 641, 249, 193
track:310, 811, 634, 249, 193
track:311, 809, 622, 249, 193
track:312, 811, 612, 249, 193
track:313, 811, 608, 249, 193
track:314, 814, 604, 249, 193
track:315, 820, 600, 238, 184
track:316, 824, 595, 226, 175
track:317, 827, 589, 226, 175
track:318, 827, 587, 226, 175
track:319, 828, 585, 226, 175
track:320, 835, 577, 226, 175
track:321, 843, 574, 216, 167
track:322, 843, 574, 216, 167
track:323, 844, 574, 216, 167
track:324, 848, 581, 205, 159
track:325, 846, 578, 205, 159
track:326, 846, 570, 205, 159
track:327, 844, 569, 205, 159
track:328, 843, 568, 205, 159
track:329, 846, 582, 195, 151
track:330, 844, 588, 195, 151
track:331, 842, 589, 195, 151
track:332, 840, 593, 195, 151
track:333, 840, 593, 195, 151
track:334, 839, 595, 195, 151
track:335, 839, 597, 195, 151
track:336, 840, 599, 195, 151
track:337, 840, 601, 195, 151
track:338, 840, 602, 195, 151
track:339, 841, 599, 195, 151
track:340, 842, 596, 195, 151
track:341, 842, 595, 195, 151
track:342, 847, 598, 186, 144
track:343, 847, 599, 186, 144
track:344, 848, 597, 186, 144
track:345, 849, 592, 186, 144
track:346, 854, 598, 177, 137
track:347, 853, 600, 177, 137
track:348, 856, 602, 169, 131
init :349, 872, 612, 152, 122
track:350, 873, 616, 152, 122
track:351, 873, 620, 152, 122
track:352, 874, 623, 152, 122
track:353, 874, 624, 152, 122
track:354, 874, 626, 152, 122
track:355, 873, 628, 152, 122
track:356, 877, 631, 145, 116
track:357, 876, 631, 145, 116
track:358, 876, 631, 145, 116
track:359, 876, 631, 145, 116
track:360, 875, 631, 145, 116
track:361, 875, 631, 145, 116
track:362, 874, 632, 145, 116
track:363, 873, 633, 145, 116
track:364, 876, 636, 138, 111
track:365, 876, 636, 138, 111
track:366, 874, 637, 138, 111
track:367, 877, 639, 131, 105
track:368, 876, 639, 131, 105
track:369, 880, 642, 125, 100
track:370, 879, 650, 125, 100
track:371, 879, 653, 125, 100
track:372, 877, 658, 125, 100
track:373, 877, 658, 125, 100
track:374, 876, 659, 125, 100
track:375, 876, 660, 125, 100
track:376, 873, 660, 125, 100
track:377, 871, 662, 125, 100
track:378, 870, 662, 125, 100
track:379, 871, 663, 125, 100
track:380, 870, 662, 125, 100
track:381, 871, 662, 125, 100
track:382, 867, 661, 125, 100
track:383, 867, 662, 125, 100
track:384, 868, 663, 119, 96
track:385, 868, 662, 119, 96
track:386, 870, 663, 113, 91
track:387, 869, 663, 113, 91
track:388, 869, 663, 113, 91
track:389, 871, 665, 108, 87
track:390, 871, 665, 108, 87
track:391, 871, 667, 108, 87
track:392, 871, 669, 108, 87
track:393, 872, 670, 108, 87
track:394, 871, 671, 108, 87
track:395, 872, 676, 108, 87
track:396, 873, 679, 108, 87
track:397, 874, 685, 108, 87
track:398, 875, 685, 108, 87
track:399, 876, 689, 108, 87
track:400, 877, 693, 108, 87
track:401, 881, 702, 103, 83
track:402, 882, 706, 103, 83
track:403, 882, 706, 103, 83
track:404, 883, 708, 103, 83
track:405, 882, 705, 108, 87
track:406, 882, 706, 108, 87
track:407, 884, 706, 108, 87
track:408, 883, 706, 108, 87
track:409, 883, 704, 108, 87
track:410, 883, 702, 108, 87
track:411, 884, 699, 108, 87
track:412, 885, 698, 108, 87
track:413, 888, 699, 103, 83
track:414, 888, 698, 103, 83
track:415, 888, 699, 103, 83
track:416, 888, 701, 103, 83
track:417, 888, 702, 103, 83
track:418, 889, 702, 103, 83
track:419, 888, 702, 103, 83
track:420, 887, 703, 103, 83
track:421, 886, 703, 103, 83
track:422, 885, 701, 103, 83
track:423, 885, 701, 103, 83
track:424, 884, 698, 103, 83
track:425, 884, 696, 103, 83
track:426, 883, 694, 103, 83
track:427, 882, 693, 103, 83
track:428, 882, 692, 103, 83
track:429, 882, 692, 103, 83
track:430, 881, 693, 103, 83
track:431, 881, 693, 103, 83
track:432, 880, 692, 103, 83
track:433, 880, 692, 103, 83
track:434, 879, 692, 103, 83
track:435, 878, 693, 103, 83
init :436, 872, 695, 106, 77
track:437, 872, 696, 106, 77
track:438, 873, 696, 106, 77
track:439, 874, 698, 106, 77
track:440, 875, 698, 106, 77
track:441, 875, 698, 106, 77
track:442, 876, 698, 106, 77
track:443, 876, 699, 106, 77
track:444, 876, 699, 106, 77
track:445, 872, 698, 111, 81
track:446, 873, 699, 111, 81
track:447, 874, 697, 111, 81
track:448, 873, 697, 111, 81
track:449, 874, 695, 111, 81
track:450, 874, 696, 111, 81
track:451, 874, 696, 111, 81
track:452, 876, 699, 111, 81
track:453, 876, 699, 111, 81
track:454, 877, 699, 111, 81
track:455, 878, 700, 111, 81
track:456, 879, 700, 111, 81
track:457, 876, 697, 117, 85
track:458, 876, 697, 117, 85
track:459, 875, 697, 117, 85
track:460, 875, 695, 117, 85
track:461, 876, 695, 117, 85
track:462, 876, 694, 117, 85
track:463, 876, 695, 117, 85
track:464, 873, 690, 123, 89
track:465, 872, 687, 123, 89
track:466, 872, 688, 123, 89
track:467, 873, 688, 123, 89
track:468, 872, 689, 123, 89
track:469, 872, 689, 123, 89
track:470, 874, 691, 123, 89
track:471, 872, 689, 129, 94
track:472, 872, 690, 129, 94
track:473, 872, 691, 129, 94
track:474, 873, 694, 129, 94
track:475, 875, 694, 129, 94
track:476, 876, 694, 129, 94
track:477, 877, 694, 129, 94
track:478, 875, 690, 135, 98
track:479, 874, 687, 142, 103
track:480, 877, 677, 142, 103
track:481, 878, 675, 142, 103
track:482, 878, 675, 142, 103
track:483, 877, 663, 149, 108
track:484, 878, 662, 149, 108
track:485, 880, 663, 149, 108
track:486, 880, 666, 149, 108
track:487, 880, 668, 149, 108
track:488, 879, 671, 149, 108
track:490, 874, 672, 157, 114
track:491, 871, 673, 157, 114
track:492, 871, 673, 157, 114
track:493, 869, 673, 157, 114
track:494, 867, 673, 157, 114
track:495, 864, 666, 157, 114
track:496, 858, 660, 164, 119
track:497, 858, 659, 164, 119
track:498, 856, 655, 164, 119
track:499, 855, 651, 164, 119
track:500, 854, 648, 164, 119
track:501, 853, 644, 164, 119
track:502, 854, 643, 164, 119
track:503, 854, 641, 164, 119
track:504, 853, 640, 164, 119
track:505, 852, 638, 164, 119
track:506, 852, 638, 164, 119
track:507, 852, 638, 164, 119
track:508, 851, 637, 164, 119
track:509, 851, 631, 164, 119
track:510, 852, 629, 164, 119
track:511, 851, 627, 164, 119
track:512, 850, 628, 164, 119
track:513, 851, 628, 164, 119
track:514, 851, 628, 164, 119
track:515, 850, 629, 164, 119
track:516, 851, 628, 164, 119
track:517, 855, 630, 157, 114
track:518, 855, 628, 157, 114
track:519, 854, 627, 157, 114
track:520, 856, 626, 157, 114
track:521, 856, 624, 157, 114
track:522, 856, 623, 157, 114
init :523, 858, 628, 147, 106
track:524, 859, 630, 147, 106
track:525, 860, 632, 147, 106
track:526, 860, 634, 147, 106
track:527, 861, 634, 147, 106
track:528, 864, 636, 140, 101
track:529, 864, 635, 140, 101
track:530, 865, 634, 140, 101
track:531, 866, 634, 140, 101
track:532, 866, 634, 140, 101
track:533, 871, 636, 133, 96
track:534, 872, 636, 133, 96
track:535, 870, 637, 133, 96
track:536, 873, 641, 127, 92
track:537, 874, 642, 127, 92
track:538, 873, 643, 127, 92
track:539, 874, 645, 127, 92
track:540, 878, 647, 121, 87
track:543, 876, 649, 121, 87
track:544, 874, 648, 121, 87
track:546, 872, 654, 121, 87
track:547, 872, 655, 121, 87
track:548, 874, 658, 115, 83
track:549, 873, 661, 115, 83
track:550, 872, 663, 115, 83
track:551, 872, 664, 115, 83
track:552, 871, 665, 115, 83
track:553, 874, 666, 110, 79
track:554, 873, 665, 110, 79
track:555, 872, 665, 110, 79
track:556, 872, 665, 110, 79
track:557, 872, 666, 110, 79
track:558, 871, 670, 110, 79
track:559, 872, 674, 110, 79
track:560, 874, 678, 104, 75
track:561, 874, 682, 104, 75
track:562, 874, 682, 104, 75
track:563, 873, 684, 104, 75
track:564, 874, 686, 104, 75
track:565, 873, 687, 104, 75
track:566, 873, 689, 104, 75
track:567, 873, 689, 104, 75
track:568, 875, 692, 104, 75
track:569, 875, 693, 104, 75
track:570, 874, 696, 104, 75
track:571, 874, 698, 104, 75
track:572, 874, 699, 104, 75
track:573, 875, 702, 104, 75
track:574, 877, 704, 104, 75
track:575, 877, 703, 104, 75
track:576, 876, 700, 104, 75
track:577, 875, 700, 104, 75
track:578, 876, 698, 104, 75
track:579, 877, 696, 104, 75
track:580, 878, 696, 104, 75
track:581, 879, 696, 104, 75
track:582, 879, 696, 104, 75
track:583, 878, 699, 104, 75
track:584, 878, 700, 104, 75
track:585, 878, 700, 104, 75
track:586, 878, 700, 104, 75
track:587, 878, 701, 104, 75
track:588, 878, 701, 104, 75
track:589, 879, 701, 104, 75
track:590, 878, 700, 104, 75
track:591, 876, 701, 104, 75
track:592, 876, 701, 104, 75
track:593, 875, 700, 104, 75
track:594, 875, 699, 104, 75
track:595, 875, 690, 104, 75
track:596, 874, 688, 104, 75
track:597, 874, 687, 104, 75
track:598, 871, 681, 110, 79
track:599, 870, 674, 110, 79
track:600, 871, 671, 110, 79
track:601, 872, 671, 110, 79
track:602, 872, 671, 110, 79
track:603, 868, 668, 115, 83
track:604, 864, 663, 121, 87
track:605, 863, 658, 121, 87
track:606, 864, 658, 121, 87
track:607, 864, 657, 121, 87
track:608, 864, 658, 121, 87
track:609, 865, 657, 121, 87
init :610, 863, 656, 124, 93
track:611, 863, 658, 124, 93
track:612, 863, 660, 124, 93
track:613, 863, 661, 124, 93
track:614, 863, 664, 124, 93
track:615, 863, 666, 124, 93
track:616, 860, 667, 130, 98
track:617, 860, 668, 130, 98
track:618, 860, 667, 130, 98
track:619, 860, 666, 130, 98
track:620, 862, 666, 130, 98
track:621, 862, 665, 130, 98
track:622, 862, 664, 130, 98
track:623, 861, 664, 130, 98
track:624, 861, 663, 130, 98
track:625, 862, 662, 130, 98
track:626, 863, 662, 130, 98
track:627, 863, 662, 130, 98
track:628, 864, 663, 130, 98
track:629, 863, 662, 130, 98
track:630, 860, 658, 137, 103
track:631, 860, 658, 137, 103
track:632, 859, 658, 137, 103
track:633, 861, 660, 137, 103
track:634, 861, 664, 137, 103
track:635, 862, 666, 137, 103
track:636, 863, 667, 137, 103
track:637, 863, 668, 137, 103
track:638, 865, 668, 137, 103
track:639, 863, 666, 144, 108
track:640, 863, 666, 144, 108
track:641, 863, 664, 144, 108
track:642, 863, 663, 144, 108
track:643, 863, 661, 144, 108
track:644, 863, 660, 144, 108
track:645, 864, 652, 144, 108
track:646, 864, 651, 144, 108
track:647, 864, 650, 144, 108
track:648, 864, 650, 144, 108
track:649, 867, 652, 137, 103
track:650, 869, 653, 137, 103
track:651, 870, 653, 137, 103
track:652, 871, 653, 137, 103
track:653, 872, 652, 137, 103
track:654, 872, 654, 137, 103
track:655, 872, 657, 137, 103
track:656, 874, 659, 137, 103
track:657, 874, 660, 137, 103
track:658, 876, 663, 137, 103
track:659, 877, 662, 137, 103
track:660, 877, 661, 137, 103
track:661, 878, 661, 137, 103
track:662, 878, 661, 137, 103
track:663, 880, 661, 137, 103
track:664, 880, 660, 137, 103
track:665, 881, 657, 137, 103
track:666, 881, 656, 137, 103
track:667, 885, 658, 130, 98
track:668, 882, 654, 137, 103
track:669, 882, 653, 137, 103
track:670, 882, 652, 137, 103
track:671, 879, 652, 137, 103
track:672, 879, 653, 137, 103
track:673, 878, 652, 137, 103
track:674, 876, 652, 137, 103
track:675, 877, 650, 137, 103
track:676, 875, 651, 137, 103
track:677, 875, 651, 137, 103
track:678, 873, 654, 137, 103
track:679, 873, 662, 137, 103
track:680, 874, 671, 137, 103
track:681, 874, 672, 137, 103
track:682, 874, 672, 137, 103
track:683, 871, 671, 137, 103
track:684, 870, 670, 137, 103
track:685, 870, 672, 137, 103
track:686, 870, 674, 137, 103
track:687, 868, 672, 144, 108
track:688, 867, 672, 144, 108
track:689, 866, 671, 144, 108
track:690, 864, 669, 144, 108
track:691, 863, 667, 144, 108
track:692, 864, 666, 144, 108
track:693, 863, 665, 144, 108
track:694, 863, 665, 144, 108
track:695, 864, 664, 144, 108
track:696, 862, 663, 144, 108
init :697, 863, 662, 143, 111
track:698, 861, 661, 143, 111
track:699, 860, 662, 143, 111
track:700, 860, 664, 143, 111
track:701, 860, 664, 143, 111
track:702, 860, 664, 143, 111
track:703, 861, 668, 143, 111
track:704, 858, 673, 143, 111
track:705, 858, 678, 143, 111
track:706, 857, 678, 143, 111
track:707, 857, 679, 143, 111
track:708, 852, 679, 150, 117
track:709, 853, 679, 150, 117
track:710, 854, 677, 150, 117
track:711, 853, 677, 150, 117
track:712, 852, 674, 150, 117
track:713, 852, 672, 150, 117
track:714, 851, 672, 150, 117
track:715, 852, 674, 150, 117
track:716, 851, 674, 150, 117
track:717, 851, 675, 150, 117
track:718, 852, 676, 150, 117
track:719, 853, 676, 150, 117
track:720, 854, 677, 150, 117
track:721, 854, 677, 150, 117
track:722, 854, 678, 150, 117
track:723, 854, 677, 150, 117
track:724, 854, 673, 150, 117
track:725, 855, 670, 150, 117
track:726, 855, 669, 150, 117
track:727, 855, 667, 150, 117
track:728, 855, 665, 150, 117
track:729, 851, 656, 158, 122
track:730, 853, 655, 158, 122
track:731, 853, 653, 158, 122
track:732, 853, 654, 158, 122
track:733, 853, 652, 158, 122
track:734, 850, 645, 166, 128
track:735, 851, 641, 166, 128
track:736, 851, 640, 166, 128
track:737, 851, 639, 166, 128
track:738, 849, 638, 166, 128
track:739, 850, 638, 166, 128
track:740, 851, 639, 166, 128
track:741, 851, 640, 166, 128
track:742, 851, 641, 166, 128
track:743, 850, 641, 166, 128
track:744, 849, 641, 166, 128
track:745, 850, 638, 166, 128
track:746, 850, 638, 166, 128
track:747, 851, 637, 166, 128
track:748, 851, 629, 166, 128
track:749, 850, 623, 166, 128
track:750, 847, 622, 166, 128
track:751, 848, 623, 166, 128
track:752, 847, 624, 166, 128
track:753, 848, 625, 166, 128
track:754, 850, 626, 166, 128
track:755, 853, 625, 166, 128
track:756, 853, 624, 166, 128
track:757, 854, 624, 166, 128
track:758, 854, 622, 166, 128
track:759, 857, 626, 158, 122
track:760, 857, 630, 158, 122
track:761, 857, 632, 158, 122
track:762, 860, 632, 158, 122
track:763, 862, 631, 158, 122
track:764, 863, 631, 158, 122
track:765, 861, 631, 158, 122
track:766, 861, 632, 158, 122
track:767, 860, 632, 158, 122
track:768, 861, 634, 158, 122
track:769, 862, 636, 158, 122
track:770, 864, 645, 158, 122
track:771, 865, 644, 158, 122
track:772, 865, 645, 158, 122
track:773, 870, 646, 150, 117
track:774, 870, 645, 150, 117
track:775, 871, 646, 150, 117
track:776, 871, 646, 150, 117
track:777, 871, 645, 150, 117
track:778, 873, 645, 150, 117
track:779, 878, 647, 143, 111
track:780, 882, 649, 136, 106
track:781, 882, 649, 136, 106
track:782, 882, 649, 136, 106
track:783, 882, 649, 136, 106
init :784, 881, 649, 133, 101
track:785, 880, 650, 133, 101
track:786, 880, 650, 133, 101
track:787, 879, 651, 133, 101
track:788, 879, 651, 133, 101
track:789, 878, 652, 133, 101
track:790, 878, 653, 133, 101
track:791, 877, 652, 133, 101
track:792, 877, 651, 133, 101
track:793, 876, 652, 133, 101
track:794, 875, 653, 133, 101
track:795, 876, 659, 133, 101
track:796, 877, 659, 133, 101
track:797, 876, 658, 133, 101
track:798, 876, 657, 133, 101
track:799, 876, 658, 133, 101
track:800, 876, 660, 133, 101
track:801, 876, 659, 133, 101
track:802, 875, 660, 133, 101
track:803, 875, 660, 133, 101
track:804, 875, 661, 133, 101
track:805, 875, 662, 133, 101
track:806, 874, 662, 133, 101
track:807, 873, 661, 133, 101
track:808, 873, 662, 133, 101
track:809, 873, 664, 133, 101
track:810, 870, 664, 140, 106
track:811, 870, 665, 140, 106
track:812, 869, 666, 140, 106
track:813, 867, 666, 140, 106
track:814, 866, 666, 140, 106
track:815, 865, 666, 140, 106
track:816, 865, 666, 140, 106
track:817, 865, 668, 140, 106
track:818, 864, 673, 140, 106
track:819, 864, 677, 140, 106
track:820, 862, 687, 140, 106
track:821, 862, 687, 140, 106
track:822, 861, 688, 140, 106
track:823, 861, 687, 140, 106
track:824, 860, 686, 140, 106
track:825, 859, 686, 140, 106
track:826, 855, 684, 147, 111
track:827, 852, 685, 154, 117
track:828, 851, 691, 154, 117
track:829, 853, 693, 154, 117
track:830, 849, 691, 162, 123
track:831, 850, 692, 162, 123
track:832, 852, 692, 162, 123
track:833, 854, 691, 162, 123
track:834, 855, 685, 162, 123
track:835, 854, 675, 162, 123
track:836, 855, 675, 162, 123
track:837, 855, 670, 162, 123
track:838, 850, 665, 170, 129
track:839, 843, 658, 178, 135
track:840, 842, 654, 178, 135
track:841, 841, 653, 178, 135
track:842, 839, 652, 178, 135
track:843, 836, 648, 178, 135
track:844, 834, 645, 178, 135
track:845, 825, 627, 187, 142
track:846, 823, 627, 187, 142
track:847, 824, 619, 187, 142
track:848, 823, 614, 187, 142
track:849, 822, 612, 187, 142
track:850, 821, 611, 187, 142
track:851, 816, 608, 197, 149
track:852, 820, 604, 197, 149
track:853, 825, 600, 197, 149
track:854, 827, 600, 197, 149
track:855, 826, 603, 197, 149
track:856, 825, 605, 197, 149
track:857, 825, 607, 197, 149
track:858, 827, 604, 197, 149
track:859, 828, 599, 197, 149
track:860, 828, 597, 197, 149
track:861, 833, 600, 187, 142
track:862, 833, 602, 187, 142
track:863, 834, 607, 187, 142
track:864, 835, 612, 187, 142
track:865, 835, 619, 187, 142
track:866, 836, 620, 187, 142
track:867, 835, 624, 187, 142
track:868, 835, 626, 187, 142
track:869, 836, 627, 187, 142
track:870, 836, 632, 187, 142
init :871, 849, 636, 166, 129
track:872, 849, 637, 166, 129
track:873, 850, 638, 166, 129
track:874, 851, 638, 166, 129
track:875, 856, 641, 158, 123
track:876, 857, 641, 158, 123
track:877, 858, 643, 158, 123
track:878, 859, 643, 158, 123
track:879, 860, 642, 158, 123
track:880, 861, 642, 158, 123
track:881, 862, 642, 158, 123
track:882, 865, 644, 151, 117
track:883, 869, 645, 143, 111
track:884, 872, 645, 143, 111
track:885, 873, 645, 143, 111
track:886, 873, 645, 143, 111
track:887, 875, 646, 143, 111
track:888, 880, 649, 137, 106
track:889, 879, 648, 137, 106
track:890, 881, 647, 137, 106
track:891, 881, 647, 137, 106
track:892, 884, 646, 137, 106
track:893, 884, 645, 137, 106
track:894, 884, 645, 137, 106
track:895, 885, 645, 137, 106
track:896, 885, 645, 137, 106
track:897, 885, 645, 137, 106
track:898, 883, 644, 137, 106
track:899, 884, 646, 130, 101
track:900, 884, 648, 130, 101
track:901, 883, 648, 130, 101
track:902, 882, 650, 130, 101
track:903, 881, 651, 130, 101
track:904, 885, 652, 124, 96
track:905, 885, 652, 124, 96
track:906, 885, 652, 124, 96
track:907, 901, 627, 130, 101
track:908, 916, 629, 124, 96
track:909, 918, 633, 124, 96
track:910, 927, 639, 118, 92
track:911, 920, 636, 124, 96
track:912, 924, 639, 124, 96
track:913, 925, 644, 124, 96
track:914, 929, 650, 118, 92
track:915, 930, 652, 118, 92
track:916, 931, 652, 118, 92
track:917, 931, 654, 118, 92
track:918, 929, 652, 124, 96
track:919, 929, 653, 124, 96
track:920, 928, 655, 118, 92
track:921, 924, 654, 124, 96
track:922, 920, 653, 124, 96
track:923, 914, 655, 124, 96
track:924, 907, 654, 124, 96
track:925, 898, 655, 124, 96
track:926, 897, 654, 124, 96
track:927, 895, 653, 124, 96
track:928, 882, 651, 130, 101
track:929, 876, 650, 130, 101
track:930, 875, 651, 124, 96
track:931, 874, 650, 124, 96
track:932, 871, 649, 124, 96
track:933, 868, 647, 124, 96
track:934, 868, 645, 124, 96
track:935, 866, 643, 124, 96
track:936, 867, 642, 124, 96
track:937, 867, 640, 124, 96
track:938, 870, 640, 118, 92
track:939, 872, 641, 112, 87
track:940, 872, 640, 112, 87
track:941, 872, 640, 112, 87
track:942, 871, 639, 112, 87
track:943, 869, 637, 112, 87
track:944, 866, 636, 112, 87
track:945, 865, 636, 112, 87
track:946, 865, 636, 112, 87
track:947, 860, 636, 112, 87
track:948, 857, 637, 112, 87
track:949, 848, 636, 118, 92
track:950, 842, 637, 118, 92
track:951, 842, 637, 118, 92
track:952, 839, 638, 118, 92
track:953, 838, 639, 118, 92
track:954, 835, 640, 118, 92
track:955, 833, 641, 118, 92
track:956, 830, 642, 118, 92
track:957, 831, 643, 118, 92
init :958, 747, 578, 373, 241
track:959, 745, 580, 373, 241
track:960, 747, 580, 373, 241
track:961, 749, 581, 373, 241
track:962, 747, 582, 373, 241
track:963, 746, 582, 373, 241
track:964, 745, 582, 373, 241
track:965, 745, 582, 373, 241
track:966, 742, 582, 373, 241
track:967, 740, 583, 373, 241
track:968, 735, 584, 373, 241
track:969, 730, 585, 373, 241
track:970, 730, 585, 373, 241
track:971, 728, 585, 373, 241
track:972, 722, 586, 373, 241
track:973, 719, 586, 373, 241
track:974, 715, 586, 373, 241
track:975, 714, 586, 373, 241
track:976, 710, 588, 373, 241
track:977, 708, 585, 373, 241
track:978, 706, 589, 373, 241
track:979, 707, 587, 373, 241
track:980, 702, 588, 373, 241
track:981, 702, 587, 373, 241
track:982, 699, 590, 373, 241
track:983, 704, 589, 373, 241
track:984, 702, 590, 373, 241
track:985, 705, 590, 373, 241
track:986, 703, 590, 373, 241
track:987, 704, 590, 373, 241
track:988, 706, 592, 373, 241
track:989, 708, 592, 373, 241
track:990, 715, 597, 355, 230
track:991, 714, 597, 355, 230
track:992, 716, 596, 355, 230
track:993, 714, 595, 355, 230
track:994, 711, 594, 355, 230
track:995, 710, 595, 355, 230
track:996, 712, 594, 355, 230
track:997, 711, 591, 355, 230
track:998, 716, 589, 355, 230
track:999, 718, 584, 355, 230
track:1000, 721, 585, 355, 230
track:1001, 731, 585, 338, 219
track:1002, 736, 584, 338, 219
track:1003, 741, 582, 338, 219
track:1004, 747, 579, 338, 219
track:1005, 755, 584, 322, 208
track:1006, 756, 581, 322, 208
track:1007, 757, 579, 322, 208
track:1008, 757, 575, 322, 208
track:1009, 758, 572, 322, 208
track:1010, 755, 574, 322, 208
track:1011, 755, 571, 322, 208
track:1012, 759, 574, 307, 198
track:1013, 753, 574, 307, 198
track:1014, 751, 572, 307, 198
track:1015, 751, 570, 307, 198
track:1016, 746, 572, 307, 198
track:1017, 741, 570, 307, 198
track:1018, 740, 570, 307, 198
track:1019, 739, 570, 307, 198
track:1020, 736, 569, 307, 198
track:1021, 737, 567, 307, 198
track:1022, 735, 568, 307, 198
track:1023, 738, 573, 292, 189
track:1024, 738, 572, 292, 189
track:1025, 738, 572, 292, 189
track:1026, 745, 577, 278, 180
track:1027, 742, 577, 278, 180
track:1028, 736, 578, 278, 180
track:1029, 739, 585, 265, 171
track:1030, 740, 585, 265, 171
track:1031, 735, 588, 265, 171
track:1032, 729, 587, 265, 171
track:1033, 727, 588, 265, 171
track:1034, 719, 590, 265, 171
track:1035, 719, 592, 265, 171
track:1036, 718, 591, 265, 171
track:1037, 721, 598, 252, 163
track:1038, 719, 601, 252, 163
track:1039, 717, 604, 252, 163
track:1040, 726, 609, 240, 155
track:1041, 721, 611, 240, 155
track:1042, 719, 612, 240, 155
track:1043, 719, 612, 240, 155
track:1044, 717, 616, 240, 155
init :1045, 743, 610, 438, 150
track:1046, 742, 612, 438, 150
track:1047, 745, 613, 438, 150
track:1048, 749, 613, 438, 150
track:1049, 764, 615, 417, 143
track:1050, 766, 612, 417, 143
track:1051, 767, 611, 417, 143
track:1052, 761, 606, 438, 150
track:1053, 780, 608, 417, 143
track:1054, 787, 609, 417, 143
track:1055, 779, 607, 438, 150
track:1056, 785, 606, 438, 150
track:1057, 778, 602, 460, 158
track:1058, 780, 601, 460, 158
track:1059, 783, 602, 460, 158
track:1060, 782, 602, 460, 158
track:1061, 792, 607, 438, 150
track:1062, 782, 603, 460, 158
track:1063, 791, 608, 438, 150
track:1064, 788, 610, 438, 150
track:1065, 786, 610, 438, 150
track:1066, 781, 610, 438, 150
track:1067, 779, 614, 417, 143
track:1068, 771, 612, 417, 143
track:1069, 762, 613, 417, 143
track:1070, 756, 612, 417, 143
track:1071, 753, 611, 417, 143
track:1072, 743, 613, 417, 143
track:1073, 719, 610, 438, 150
track:1074, 698, 611, 438, 150
track:1075, 701, 611, 438, 150
track:1076, 690, 611, 438, 150
track:1077, 689, 612, 438, 150
track:1078, 672, 616, 417, 143
track:1079, 663, 616, 417, 143
track:1080, 662, 617, 417, 143
track:1081, 655, 618, 417, 143
track:1082, 652, 620, 417, 143
track:1083, 653, 621, 397, 136
track:1084, 648, 619, 397, 136
track:1085, 654, 622, 378, 130
track:1086, 655, 621, 378, 130
track:1087, 641, 618, 397, 136
track:1088, 643, 618, 397, 136
track:1089, 643, 617, 397, 136
track:1090, 645, 619, 397, 136
track:1091, 653, 623, 378, 130
track:1092, 660, 625, 360, 123
track:1093, 654, 624, 378, 130
track:1094, 657, 624, 378, 130
track:1095, 646, 622, 397, 136
track:1096, 646, 622, 397, 136
track:1097, 657, 621, 397, 136
track:1098, 656, 621, 397, 136
track:1099, 658, 622, 397, 136
track:1100, 657, 623, 397, 136
track:1101, 663, 625, 397, 136
track:1102, 660, 625, 397, 136
track:1103, 658, 623, 397, 136
track:1104, 669, 627, 378, 130
track:1105, 667, 626, 378, 130
track:1106, 667, 630, 378, 130
track:1107, 665, 630, 378, 130
track:1108, 657, 631, 378, 130
track:1109, 665, 634, 360, 123
track:1110, 666, 634, 360, 123
track:1111, 658, 635, 360, 123
track:1112, 655, 634, 360, 123
track:1113, 645, 632, 378, 130
track:1114, 639, 632, 378, 130
track:1115, 639, 632, 378, 130
track:1116, 638, 634, 378, 130
track:1117, 637, 632, 378, 130
track:1118, 639, 634, 378, 130
track:1119, 631, 633, 378, 130
track:1120, 630, 634, 378, 130
track:1121, 631, 632, 378, 130
track:1122, 618, 631, 397, 136
track:1123, 610, 628, 417, 143
track:1124, 612, 626, 417, 143
track:1125, 616, 627, 417, 143
track:1126, 614, 629, 417, 143
track:1127, 635, 637, 397, 136
track:1128, 653, 636, 397, 136
track:1129, 661, 634, 397, 136
track:1130, 738, 634, 378, 130
track:1131, 741, 631, 378, 130
init :1132, 789, 628, 295, 179
track:1133, 790, 626, 295, 179
track:1134, 792, 625, 295, 179
track:1135, 798, 630, 281, 170
track:1136, 799, 630, 281, 170
track:1137, 806, 633, 268, 162
track:1138, 802, 633, 268, 162
track:1139, 795, 633, 268, 162
track:1140, 794, 632, 268, 162
track:1141, 777, 628, 281, 170
track:1142, 778, 633, 268, 162
track:1143, 776, 638, 255, 155
track:1144, 766, 642, 255, 155
track:1145, 750, 637, 268, 162
track:1146, 743, 638, 268, 162
track:1147, 731, 633, 281, 170
track:1148, 728, 632, 281, 170
track:1149, 732, 639, 268, 162
track:1150, 729, 638, 268, 162
track:1151, 719, 635, 281, 170
track:1152, 718, 636, 281, 170
track:1153, 714, 637, 281, 170
track:1154, 720, 642, 268, 162
track:1155, 717, 642, 268, 162
track:1156, 721, 644, 268, 162
track:1157, 719, 639, 281, 170
track:1158, 719, 641, 281, 170
track:1159, 722, 639, 281, 170
track:1160, 715, 636, 295, 179
track:1161, 723, 641, 281, 170
track:1162, 735, 638, 281, 170
track:1163, 729, 638, 281, 170
track:1164, 733, 638, 281, 170
track:1165, 731, 639, 281, 170
track:1166, 734, 645, 268, 162
track:1167, 745, 650, 255, 155
track:1168, 740, 649, 255, 155
track:1169, 739, 650, 255, 155
track:1170, 744, 650, 255, 155
track:1171, 736, 648, 255, 155
track:1172, 723, 641, 268, 162
track:1173, 700, 640, 281, 170
track:1174, 726, 640, 268, 162
track:1175, 711, 636, 281, 170
track:1176, 714, 637, 281, 170
track:1177, 710, 637, 281, 170
track:1178, 718, 639, 268, 162
track:1179, 717, 636, 268, 162
track:1180, 710, 635, 268, 162
track:1181, 710, 627, 281, 170
track:1182, 706, 621, 295, 179
track:1183, 705, 621, 295, 179
track:1184, 710, 619, 281, 170
track:1185, 703, 620, 281, 170
track:1186, 716, 621, 268, 162
track:1187, 722, 624, 268, 162
track:1188, 713, 625, 268, 162
track:1189, 721, 621, 268, 162
track:1190, 721, 625, 255, 155
track:1191, 735, 627, 243, 147
track:1192, 743, 629, 231, 140
track:1193, 743, 625, 231, 140
track:1194, 745, 627, 220, 134
track:1195, 749, 629, 210, 127
track:1196, 744, 627, 210, 127
track:1197, 744, 626, 210, 127
track:1198, 746, 623, 210, 127
track:1199, 748, 622, 210, 127
track:1200, 747, 622, 210, 127
track:1201, 747, 622, 210, 127
track:1202, 755, 624, 200, 121
track:1203, 759, 624, 200, 121
track:1204, 764, 625, 200, 121
track:1205, 769, 625, 200, 121
track:1206, 775, 627, 190, 115
track:1207, 784, 627, 190, 115
track:1208, 788, 628, 190, 115
track:1209, 790, 629, 190, 115
track:1210, 796, 630, 190, 115
track:1211, 801, 630, 190, 115
track:1212, 814, 632, 190, 115
track:1213, 814, 634, 190, 115
track:1214, 818, 634, 190, 115
track:1215, 823, 636, 181, 110
track:1216, 825, 636, 181, 110
track:1217, 823, 637, 181, 110
track:1218, 830, 640, 172, 105
init :1219, 876, 649, 318, 101
track:1220, 874, 649, 318, 101
track:1221, 879, 653, 303, 96
track:1222, 878, 653, 303, 96
track:1223, 883, 658, 288, 92
track:1224, 883, 658, 288, 92
track:1225, 885, 659, 288, 92
track:1226, 884, 660, 288, 92
track:1227, 883, 660, 288, 92
track:1228, 882, 660, 288, 92
track:1229, 880, 661, 288, 92
track:1230, 889, 664, 275, 87
track:1231, 888, 664, 275, 87
track:1232, 896, 667, 262, 83
track:1233, 893, 667, 262, 83
track:1234, 899, 669, 249, 79
track:1235, 893, 670, 249, 79
track:1236, 892, 669, 249, 79
track:1237, 887, 669, 249, 79
track:1238, 895, 673, 237, 75
track:1239, 898, 674, 226, 72
track:1240, 903, 673, 226, 72
track:1241, 904, 673, 226, 72
track:1242, 901, 674, 226, 72
track:1243, 897, 673, 226, 72
track:1244, 900, 674, 226, 72
track:1245, 901, 676, 226, 72
track:1246, 902, 678, 215, 68
track:1247, 901, 680, 215, 68
track:1248, 904, 683, 205, 65
track:1249, 963, 680, 215, 68
track:1250, 962, 679, 215, 68
track:1251, 960, 679, 215, 68
track:1252, 954, 677, 215, 68
track:1253, 947, 676, 215, 68
track:1254, 947, 675, 215, 68
track:1255, 934, 674, 215, 68
track:1256, 935, 674, 205, 65
track:1257, 928, 671, 215, 68
track:1258, 915, 669, 226, 72
track:1259, 916, 670, 226, 72
track:1260, 914, 670, 226, 72
track:1261, 906, 669, 237, 75
track:1262, 887, 670, 237, 75
track:1263, 889, 670, 237, 75
track:1264, 890, 671, 237, 75
track:1265, 885, 668, 249, 79
track:1266, 883, 669, 249, 79
track:1267, 893, 670, 237, 75
track:1268, 892, 670, 237, 75
track:1269, 892, 670, 237, 75
track:1270, 892, 668, 237, 75
track:1271, 888, 668, 237, 75
track:1272, 882, 666, 237, 75
track:1273, 881, 665, 237, 75
track:1274, 879, 665, 237, 75
track:1275, 875, 664, 237, 75
track:1276, 873, 665, 237, 75
track:1277, 863, 665, 237, 75
track:1278, 863, 667, 226, 72
track:1279, 868, 668, 215, 68
track:1280, 866, 668, 215, 68
track:1281, 854, 668, 215, 68
track:1282, 850, 666, 226, 72
track:1283, 842, 665, 237, 75
track:1284, 846, 666, 226, 72
track:1285, 826, 667, 226, 72
track:1286, 831, 669, 215, 68
track:1287, 838, 668, 205, 65
track:1288, 831, 667, 205, 65
track:1289, 833, 667, 195, 62
track:1290, 838, 667, 186, 59
track:1291, 834, 667, 186, 59
track:1292, 832, 668, 186, 59
track:1293, 833, 668, 177, 56
track:1294, 832, 667, 177, 56
track:1295, 832, 668, 177, 56
track:1296, 836, 669, 169, 54
track:1297, 837, 668, 169, 54
track:1298, 841, 669, 161, 51
track:1299, 841, 668, 161, 51
track:1300, 843, 669, 161, 51
track:1301, 841, 668, 161, 51
track:1302, 838, 667, 169, 54
track:1303, 839, 667, 169, 54
track:1304, 839, 666, 169, 54
track:1305, 835, 665, 177, 56
init :1306, 867, 662, 152, 64
track:1307, 863, 661, 160, 67
track:1308, 864, 663, 160, 67
track:1309, 869, 665, 152, 64
track:1310, 869, 665, 152, 64
track:1311, 874, 667, 145, 61
track:1312, 874, 668, 145, 61
track:1313, 874, 668, 145, 61
track:1314, 874, 668, 145, 61
track:1315, 874, 669, 145, 61
track:1316, 872, 669, 145, 61
track:1317, 866, 668, 152, 64
track:1318, 865, 668, 152, 64
track:1319, 864, 668, 152, 64
track:1320, 862, 669, 152, 64
track:1321, 860, 669, 152, 64
track:1322, 866, 670, 145, 61
track:1323, 870, 672, 138, 58
track:1324, 870, 672, 138, 58
track:1325, 870, 673, 138, 58
track:1326, 873, 674, 138, 58
track:1327, 875, 675, 138, 58
track:1328, 876, 676, 138, 58
track:1329, 876, 676, 138, 58
track:1330, 875, 676, 138, 58
track:1331, 871, 675, 145, 61
track:1332, 868, 676, 145, 61
track:1333, 861, 676, 145, 61
track:1334, 863, 676, 145, 61
track:1335, 857, 675, 145, 61
track:1336, 855, 676, 145, 61
track:1337, 849, 675, 145, 61
track:1338, 850, 677, 138, 58
track:1339, 848, 675, 145, 61
track:1340, 847, 676, 145, 61
track:1341, 846, 677, 145, 61
track:1342, 845, 677, 145, 61
track:1343, 845, 676, 145, 61
track:1344, 845, 677, 145, 61
track:1345, 844, 676, 145, 61
track:1346, 847, 679, 138, 58
track:1347, 847, 679, 138, 58
track:1348, 847, 679, 138, 58
track:1349, 844, 678, 145, 61
track:1350, 844, 679, 145, 61
track:1351, 843, 679, 145, 61
track:1352, 844, 680, 138, 58
track:1353, 843, 681, 138, 58
track:1354, 843, 681, 138, 58
track:1355, 843, 681, 138, 58
track:1356, 843, 682, 138, 58
track:1357, 844, 682, 138, 58
track:1358, 843, 682, 138, 58
track:1359, 843, 682, 138, 58
track:1360, 844, 683, 138, 58
track:1361, 843, 683, 138, 58
track:1362, 842, 684, 138, 58
track:1363, 841, 684, 145, 61
track:1364, 843, 685, 138, 58
track:1365, 841, 685, 138, 58
track:1366, 842, 685, 138, 58
track:1367, 841, 685, 138, 58
track:1368, 841, 686, 138, 58
track:1369, 841, 686, 138, 58
track:1370, 839, 687, 138, 58
track:1371, 836, 689, 138, 58
track:1372, 835, 690, 138, 58
track:1373, 832, 691, 138, 58
track:1374, 833, 691, 138, 58
track:1375, 830, 690, 138, 58
track:1376, 829, 690, 138, 58
track:1377, 825, 690, 138, 58
track:1378, 820, 690, 145, 61
track:1379, 820, 691, 145, 61
track:1380, 809, 690, 152, 64
track:1381, 807, 691, 152, 64
track:1382, 803, 692, 152, 64
track:1383, 801, 693, 152, 64
track:1384, 801, 694, 152, 64
track:1385, 802, 696, 145, 61
track:1386, 803, 698, 145, 61
track:1387, 808, 700, 138, 58
track:1388, 811, 701, 138, 58
track:1389, 810, 700, 138, 58
track:1390, 813, 701, 138, 58
track:1391, 819, 704, 131, 55
track:1392, 825, 705, 131, 55
init :1393, 835, 708, 198, 59
track:1394, 835, 708, 198, 59
track:1395, 841, 710, 189, 56
track:1396, 842, 710, 189, 56
track:1397, 844, 711, 189, 56
track:1398, 845, 712, 189, 56
track:1399, 843, 712, 189, 56
track:1400, 838, 713, 189, 56
track:1401, 834, 714, 189, 56
track:1402, 825, 713, 198, 59
track:1403, 821, 713, 198, 59
track:1404, 820, 713, 198, 59
track:1405, 817, 713, 198, 59
track:1406, 810, 712, 208, 62
track:1407, 804, 712, 208, 62
track:1408, 801, 713, 208, 62
track:1409, 801, 714, 208, 62
track:1410, 800, 714, 208, 62
track:1411, 800, 715, 208, 62
track:1412, 796, 714, 218, 65
track:1413, 802, 716, 208, 62
track:1414, 803, 716, 208, 62
track:1415, 799, 715, 218, 65
track:1416, 800, 716, 218, 65
track:1417, 801, 717, 218, 65
track:1418, 798, 718, 218, 65
track:1419, 796, 718, 218, 65
track:1420, 796, 718, 218, 65
track:1421, 795, 720, 218, 65
track:1422, 794, 720, 218, 65
track:1423, 794, 720, 218, 65
track:1424, 793, 721, 218, 65
track:1425, 794, 721, 218, 65
track:1426, 793, 722, 218, 65
track:1427, 794, 722, 218, 65
track:1428, 792, 721, 218, 65
track:1429, 791, 722, 218, 65
track:1430, 791, 722, 218, 65
track:1431, 790, 722, 218, 65
track:1432, 788, 723, 218, 65
track:1433, 787, 724, 218, 65
track:1434, 786, 724, 218, 65
track:1435, 783, 725, 218, 65
track:1436, 781, 724, 218, 65
track:1437, 783, 727, 208, 62
track:1438, 786, 728, 198, 59
track:1439, 785, 728, 198, 59
track:1440, 785, 729, 198, 59
track:1441, 786, 731, 189, 56
track:1442, 781, 732, 189, 56
track:1443, 780, 732, 189, 56
track:1444, 772, 731, 198, 59
track:1445, 769, 732, 198, 59
track:1446, 758, 730, 208, 62
track:1447, 753, 730, 208, 62
track:1448, 748, 728, 208, 62
track:1449, 754, 729, 198, 59
track:1450, 760, 730, 189, 56
track:1451, 761, 729, 189, 56
track:1452, 758, 727, 198, 59
track:1453, 770, 724, 208, 62
track:1454, 768, 723, 208, 62
track:1455, 771, 723, 208, 62
track:1456, 777, 721, 208, 62
track:1457, 789, 719, 208, 62
track:1458, 792, 717, 208, 62
track:1459, 798, 717, 198, 59
track:1460, 803, 717, 198, 59
track:1461, 808, 715, 198, 59
track:1462, 815, 714, 189, 56
track:1463, 820, 714, 189, 56
track:1464, 823, 711, 189, 56
track:1465, 828, 708, 198, 59
track:1466, 842, 702, 208, 62
track:1467, 841, 697, 218, 65
track:1468, 842, 695, 218, 65
track:1469, 844, 696, 218, 65
track:1470, 842, 693, 218, 65
track:1471, 845, 692, 218, 65
track:1472, 830, 695, 218, 65
track:1473, 838, 697, 218, 65
track:1474, 835, 696, 218, 65
track:1475, 830, 694, 229, 68
track:1476, 832, 696, 229, 68
track:1477, 835, 697, 229, 68
track:1478, 833, 696, 229, 68
track:1479, 838, 697, 229, 68
init :1480, 844, 672, 193, 163
track:1481, 847, 670, 193, 163
track:1482, 850, 668, 193, 163
track:1483, 850, 667, 193, 163
track:1484, 854, 666, 193, 163
track:1485, 855, 666, 193, 163
track:1486, 860, 665, 193, 163
track:1487, 865, 663, 193, 163
track:1488, 866, 661, 193, 163
track:1489, 869, 661, 193, 163
track:1490, 869, 659, 193, 163
track:1491, 873, 656, 193, 163
track:1492, 876, 658, 184, 155
track:1493, 875, 658, 184, 155
track:1494, 875, 656, 184, 155
track:1495, 874, 651, 184, 155
track:1496, 870, 648, 184, 155
track:1497, 865, 645, 184, 155
track:1498, 865, 643, 184, 155
track:1499, 852, 638, 184, 155
track:1500, 856, 639, 175, 148
track:1501, 856, 636, 175, 148
track:1502, 845, 632, 175, 148
track:1503, 841, 631, 175, 148
track:1504, 854, 629, 175, 148
track:1505, 846, 625, 175, 148
track:1506, 834, 620, 175, 148
track:1507, 837, 616, 175, 148
track:1508, 834, 617, 175, 148
track:1509, 832, 610, 184, 155
track:1510, 840, 612, 175, 148
track:1511, 825, 604, 175, 148
track:1512, 819, 604, 167, 141
track:1513, 816, 605, 167, 141
track:1514, 807, 607, 159, 134
track:1515, 791, 606, 159, 134
track:1516, 764, 605, 159, 134
track:1517, 739, 603, 159, 134
track:1518, 742, 609, 151, 128
track:1519, 718, 612, 144, 122
track:1520, 694, 612, 144, 122
track:1521, 679, 614, 144, 122
track:1522, 657, 613, 144, 122
track:1523, 659, 613, 144, 122
track:1524, 652, 614, 144, 122
track:1525, 650, 617, 137, 116
track:1526, 654, 615, 137, 116
track:1527, 666, 619, 131, 110
track:1528, 666, 618, 131, 110
track:1529, 695, 618, 131, 110
track:1530, 719, 621, 124, 105
track:1531, 748, 621, 118, 100
track:1532, 774, 621, 118, 100
track:1533, 773, 621, 118, 100
track:1534, 802, 623, 113, 95
track:1535, 830, 627, 107, 91
track:1536, 855, 631, 102, 86
track:1537, 873, 632, 102, 86
track:1538, 875, 634, 97, 82
track:1539, 886, 634, 97, 82
track:1540, 896, 635, 97, 82
track:1541, 901, 637, 97, 82
track:1542, 901, 637, 97, 82
track:1543, 903, 636, 97, 82
track:1544, 902, 637, 97, 82
track:1545, 902, 641, 93, 78
track:1546, 899, 643, 93, 78
track:1547, 890, 644, 93, 78
track:1548, 891, 645, 93, 78
track:1549, 884, 648, 88, 75
track:1550, 877, 649, 88, 75
track:1551, 870, 650, 88, 75
track:1552, 866, 651, 88, 75
track:1553, 866, 652, 88, 75
track:1554, 867, 655, 84, 71
track:1555, 868, 655, 84, 71
track:1556, 868, 654, 84, 71
track:1557, 873, 654, 84, 71
track:1558, 873, 655, 84, 71
track:1559, 879, 654, 84, 71
track:1560, 881, 654, 84, 71
track:1561, 888, 655, 84, 71
track:1562, 895, 657, 80, 68
track:1563, 895, 657, 80, 68
track:1564, 897, 657, 80, 68
track:1565, 897, 657, 80, 68
track:1566, 900, 660, 76, 65
init :1567, 913, 669, 180, 72
track:1568, 913, 669, 180, 72
track:1569, 912, 670, 180, 72
track:1570, 915, 673, 171, 69
track:1571, 912, 673, 171, 69
track:1572, 910, 674, 171, 69
track:1573, 910, 675, 171, 69
track:1574, 906, 674, 171, 69
track:1575, 902, 675, 171, 69
track:1576, 894, 674, 180, 72
track:1577, 895, 677, 171, 69
track:1578, 899, 679, 163, 65
track:1579, 896, 679, 163, 65
track:1580, 897, 679, 155, 62
track:1581, 892, 679, 155, 62
track:1582, 888, 680, 155, 62
track:1583, 890, 680, 155, 62
track:1584, 889, 680, 155, 62
track:1585, 886, 680, 155, 62
track:1586, 887, 682, 148, 59
track:1587, 886, 682, 148, 59
track:1588, 886, 683, 148, 59
track:1589, 886, 683, 148, 59
track:1590, 891, 684, 141, 56
track:1591, 890, 685, 141, 56
track:1592, 888, 685, 141, 56
track:1593, 893, 687, 134, 54
track:1594, 892, 688, 134, 54
track:1595, 889, 688, 134, 54
track:1596, 889, 689, 134, 54
track:1599, 885, 689, 134, 54
track:1600, 887, 688, 134, 54
track:1601, 887, 690, 128, 51
track:1602, 890, 691, 122, 49
track:1603, 888, 688, 128, 51
track:1604, 885, 688, 128, 51
track:1605, 881, 687, 128, 51
track:1606, 878, 688, 128, 51
track:1607, 871, 687, 134, 54
track:1608, 871, 688, 134, 54
elapseTime: 15.829
