init :7, 821, 630, 235, 197
track:8, 821, 630, 235, 197
track:9, 822, 630, 235, 197
track:10, 821, 631, 235, 197
track:11, 823, 630, 235, 197
track:12, 823, 630, 235, 197
track:13, 824, 630, 235, 197
track:14, 824, 630, 235, 197
track:15, 824, 630, 235, 197
track:16, 825, 630, 235, 197
track:17, 826, 630, 235, 197
track:18, 825, 630, 235, 197
track:19, 825, 629, 235, 197
track:20, 821, 626, 247, 207
track:21, 820, 626, 247, 207
track:22, 827, 631, 235, 197
track:23, 828, 631, 235, 197
track:24, 827, 631, 235, 197
track:25, 828, 630, 235, 197
track:26, 829, 631, 235, 197
track:27, 829, 631, 235, 197
track:28, 829, 631, 235, 197
track:29, 829, 630, 235, 197
track:30, 829, 630, 235, 197
track:31, 830, 629, 235, 197
track:32, 831, 631, 235, 197
track:33, 829, 630, 235, 197
track:34, 830, 631, 235, 197
track:35, 830, 630, 235, 197
track:36, 830, 631, 235, 197
track:37, 829, 630, 235, 197
init :38, 826, 633, 240, 194
track:39, 826, 633, 240, 194
track:40, 825, 633, 240, 194
track:41, 826, 631, 240, 194
track:42, 827, 631, 240, 194
track:43, 828, 631, 240, 194
track:44, 828, 631, 240, 194
track:45, 828, 632, 240, 194
track:46, 828, 632, 240, 194
track:48, 827, 632, 240, 194
track:49, 827, 631, 240, 194
track:50, 827, 631, 240, 194
track:51, 827, 631, 240, 194
track:52, 827, 631, 240, 194
track:53, 828, 631, 240, 194
track:54, 828, 630, 240, 194
track:55, 828, 630, 240, 194
track:56, 829, 630, 240, 194
track:57, 829, 630, 240, 194
track:58, 821, 626, 252, 204
track:59, 822, 626, 252, 204
track:60, 827, 631, 240, 194
track:61, 827, 632, 240, 194
track:62, 826, 632, 240, 194
track:63, 826, 632, 240, 194
track:64, 825, 631, 240, 194
track:65, 825, 631, 240, 194
track:66, 826, 630, 240, 194
track:67, 826, 630, 240, 194
track:68, 826, 629, 240, 194
track:69, 826, 630, 240, 194
track:70, 826, 631, 240, 194
track:71, 825, 629, 240, 194
track:72, 826, 631, 240, 194
track:73, 826, 631, 240, 194
track:74, 826, 631, 240, 194
init :75, 826, 630, 235, 197
track:76, 826, 630, 235, 197
track:77, 826, 630, 235, 197
track:78, 826, 630, 235, 197
track:79, 826, 629, 235, 197
track:80, 826, 629, 235, 197
track:81, 825, 629, 235, 197
track:82, 826, 630, 235, 197
track:83, 826, 630, 235, 197
track:84, 826, 630, 235, 197
track:85, 826, 630, 235, 197
track:86, 825, 630, 235, 197
track:87, 826, 630, 235, 197
track:88, 826, 631, 235, 197
track:89, 826, 630, 235, 197
track:90, 826, 631, 235, 197
track:91, 825, 631, 235, 197
track:92, 827, 631, 235, 197
track:93, 827, 630, 235, 197
track:94, 826, 630, 235, 197
track:95, 826, 630, 235, 197
track:96, 827, 629, 235, 197
track:97, 827, 629, 235, 197
track:98, 828, 629, 235, 197
track:99, 828, 629, 235, 197
track:100, 829, 628, 235, 197
track:101, 830, 628, 235, 197
track:102, 830, 628, 235, 197
track:103, 831, 627, 235, 197
track:104, 832, 627, 235, 197
track:105, 831, 626, 235, 197
track:106, 832, 626, 235, 197
track:107, 834, 624, 235, 197
track:108, 833, 623, 235, 197
track:109, 833, 622, 235, 197
track:110, 833, 620, 235, 197
track:111, 835, 619, 235, 197
init :112, 840, 623, 216, 179
track:113, 841, 622, 216, 179
track:114, 842, 621, 216, 179
track:115, 842, 619, 216, 179
track:116, 842, 618, 216, 179
track:117, 844, 616, 216, 179
track:120, 846, 614, 216, 179
track:121, 847, 611, 216, 179
track:122, 847, 609, 216, 179
track:123, 846, 608, 216, 179
track:124, 852, 611, 206, 170
track:125, 850, 609, 206, 170
track:126, 853, 610, 196, 162
track:127, 853, 609, 196, 162
track:128, 851, 609, 196, 162
track:129, 851, 609, 196, 162
track:130, 851, 609, 196, 162
track:131, 851, 610, 196, 162
track:132, 855, 613, 196, 162
track:133, 856, 615, 196, 162
track:134, 855, 616, 196, 162
track:135, 856, 617, 196, 162
track:136, 862, 622, 187, 155
track:137, 862, 623, 187, 155
track:138, 864, 624, 187, 155
track:139, 863, 625, 187, 155
track:140, 859, 619, 196, 162
track:141, 858, 618, 196, 162
track:142, 851, 615, 206, 170
track:143, 850, 616, 206, 170
track:144, 850, 617, 206, 170
track:145, 852, 624, 196, 162
track:146, 852, 624, 196, 162
track:147, 853, 625, 196, 162
track:148, 854, 627, 196, 162
init :149, 858, 630, 175, 160
track:150, 858, 633, 175, 160
track:151, 859, 637, 175, 160
track:152, 858, 640, 175, 160
track:153, 859, 642, 175, 160
track:154, 858, 642, 175, 160
track:155, 859, 645, 175, 160
track:156, 858, 645, 175, 160
track:157, 859, 646, 175, 160
track:158, 860, 647, 175, 160
track:159, 861, 647, 175, 160
track:160, 864, 651, 167, 152
track:161, 863, 651, 167, 152
track:162, 861, 650, 167, 152
track:163, 858, 651, 167, 152
track:164, 859, 651, 167, 152
track:165, 859, 652, 167, 152
track:166, 860, 653, 167, 152
track:167, 860, 652, 167, 152
track:168, 861, 652, 167, 152
track:169, 860, 652, 167, 152
track:170, 860, 652, 167, 152
track:171, 863, 651, 167, 152
track:172, 862, 649, 167, 152
track:173, 863, 649, 167, 152
track:174, 863, 649, 167, 152
track:175, 859, 650, 167, 152
track:176, 858, 650, 167, 152
track:177, 859, 650, 167, 152
track:178, 861, 650, 167, 152
track:179, 861, 650, 167, 152
track:180, 863, 652, 167, 152
track:181, 863, 653, 167, 152
track:182, 864, 656, 167, 152
track:183, 866, 658, 167, 152
track:184, 866, 659, 167, 152
track:185, 868, 661, 167, 152
init :186, 872, 654, 161, 163
track:187, 869, 651, 161, 163
track:188, 862, 645, 169, 171
track:189, 865, 648, 161, 163
track:190, 862, 647, 161, 163
track:191, 861, 645, 161, 163
track:192, 861, 640, 161, 163
track:193, 860, 639, 161, 163
track:194, 860, 638, 161, 163
track:195, 861, 638, 161, 163
track:196, 862, 635, 161, 163
track:197, 862, 634, 161, 163
track:198, 860, 635, 161, 163
track:199, 859, 634, 161, 163
track:200, 858, 636, 161, 163
track:201, 859, 639, 153, 155
track:202, 858, 637, 153, 155
track:203, 859, 635, 153, 155
track:204, 858, 634, 153, 155
track:205, 860, 631, 153, 155
track:206, 860, 631, 153, 155
track:207, 857, 629, 153, 155
track:208, 856, 629, 153, 155
track:209, 859, 630, 146, 148
track:210, 857, 627, 146, 148
track:211, 856, 624, 146, 148
track:212, 860, 626, 139, 141
track:213, 860, 624, 139, 141
track:214, 859, 623, 139, 141
track:215, 859, 622, 139, 141
track:216, 860, 622, 139, 141
track:217, 858, 623, 139, 141
track:218, 859, 622, 139, 141
track:219, 859, 624, 139, 141
track:220, 857, 628, 139, 141
track:221, 858, 629, 139, 141
track:222, 856, 630, 139, 141
init :223, 849, 638, 143, 122
track:224, 849, 640, 143, 122
track:225, 849, 643, 143, 122
track:226, 849, 643, 143, 122
track:227, 850, 644, 143, 122
track:228, 849, 644, 143, 122
track:229, 850, 645, 143, 122
track:230, 848, 645, 143, 122
track:231, 849, 645, 143, 122
track:232, 848, 641, 143, 122
track:233, 848, 641, 143, 122
track:234, 846, 641, 143, 122
track:235, 846, 640, 143, 122
track:236, 849, 640, 143, 122
track:237, 853, 642, 136, 116
track:238, 854, 641, 136, 116
track:239, 855, 644, 136, 116
track:240, 856, 646, 136, 116
track:241, 856, 647, 136, 116
track:242, 856, 646, 136, 116
track:243, 860, 649, 130, 111
track:244, 860, 649, 130, 111
track:245, 860, 650, 130, 111
track:246, 859, 651, 130, 111
track:247, 860, 650, 130, 111
track:248, 860, 651, 130, 111
track:249, 860, 651, 130, 111
track:250, 861, 652, 130, 111
track:251, 861, 654, 130, 111
track:252, 861, 656, 130, 111
track:253, 861, 656, 130, 111
track:254, 863, 658, 130, 111
track:255, 863, 662, 130, 111
track:256, 862, 663, 130, 111
track:257, 864, 666, 130, 111
track:258, 864, 667, 130, 111
track:259, 865, 668, 130, 111
init :260, 872, 675, 120, 93
track:261, 872, 675, 120, 93
track:262, 872, 676, 120, 93
track:263, 872, 676, 120, 93
track:264, 872, 679, 120, 93
track:265, 872, 680, 120, 93
track:266, 872, 682, 120, 93
track:267, 873, 684, 120, 93
track:268, 872, 684, 120, 93
track:269, 873, 684, 120, 93
track:270, 874, 687, 120, 93
track:271, 874, 690, 120, 93
track:272, 876, 692, 120, 93
track:273, 872, 691, 126, 98
track:274, 870, 691, 132, 103
track:275, 870, 692, 132, 103
track:276, 870, 695, 132, 103
track:277, 872, 698, 132, 103
track:278, 873, 698, 132, 103
track:279, 870, 696, 139, 108
track:280, 872, 694, 139, 108
track:281, 873, 693, 139, 108
track:282, 875, 695, 139, 108
track:283, 874, 696, 139, 108
track:284, 873, 695, 146, 113
track:285, 876, 697, 146, 113
track:286, 877, 695, 146, 113
track:287, 874, 690, 153, 119
track:288, 871, 687, 161, 125
track:289, 870, 684, 161, 125
track:290, 868, 676, 169, 131
track:291, 865, 666, 177, 137
track:292, 866, 660, 177, 137
track:293, 866, 659, 177, 137
track:294, 867, 658, 177, 137
track:295, 870, 655, 177, 137
track:296, 872, 655, 177, 137
init :297, 858, 641, 198, 189
track:298, 858, 641, 198, 189
track:299, 852, 637, 208, 198
track:300, 850, 638, 208, 198
track:301, 849, 641, 208, 198
track:302, 847, 645, 208, 198
track:303, 841, 641, 218, 208
track:304, 833, 642, 229, 219
track:305, 833, 643, 229, 219
track:306, 833, 643, 229, 219
track:307, 831, 640, 229, 219
track:308, 831, 640, 229, 219
track:309, 824, 632, 241, 230
track:310, 822, 626, 241, 230
track:311, 822, 610, 241, 230
track:312, 821, 601, 241, 230
track:313, 822, 600, 241, 230
track:314, 825, 593, 241, 230
track:315, 823, 585, 241, 230
track:316, 830, 578, 229, 219
track:317, 831, 572, 229, 219
track:318, 832, 572, 229, 219
track:319, 834, 571, 229, 219
track:320, 839, 560, 229, 219
track:321, 846, 558, 218, 208
track:322, 852, 563, 208, 198
track:323, 856, 567, 198, 189
track:324, 856, 571, 198, 189
track:325, 855, 569, 198, 189
track:326, 856, 561, 198, 189
track:327, 853, 561, 198, 189
track:328, 852, 560, 198, 189
track:329, 849, 568, 198, 189
track:330, 847, 575, 198, 189
track:331, 846, 577, 198, 189
track:332, 845, 580, 198, 189
track:333, 844, 582, 198, 189
init :334, 849, 589, 189, 179
track:335, 849, 590, 189, 179
track:336, 849, 592, 189, 179
track:337, 848, 593, 189, 179
track:338, 849, 594, 189, 179
track:339, 850, 590, 189, 179
track:340, 851, 589, 189, 179
track:341, 856, 592, 180, 170
track:342, 856, 591, 180, 170
track:343, 856, 590, 180, 170
track:344, 859, 593, 171, 162
track:345, 864, 593, 163, 155
track:346, 864, 595, 163, 155
track:347, 864, 596, 163, 155
track:348, 864, 597, 163, 155
track:349, 864, 599, 163, 155
track:350, 864, 603, 163, 155
track:351, 865, 606, 163, 155
track:352, 865, 610, 163, 155
track:353, 867, 609, 163, 155
track:354, 866, 613, 163, 155
track:355, 866, 613, 163, 155
track:356, 869, 618, 155, 147
track:357, 873, 621, 148, 140
track:358, 873, 621, 148, 140
track:359, 873, 621, 148, 140
track:360, 870, 620, 148, 140
track:361, 869, 621, 148, 140
track:362, 871, 624, 141, 134
track:363, 872, 624, 141, 134
track:364, 872, 626, 141, 134
track:365, 870, 626, 141, 134
track:366, 874, 629, 134, 127
track:367, 873, 630, 134, 127
track:368, 873, 630, 134, 127
track:369, 872, 631, 134, 127
track:370, 870, 635, 134, 127
init :371, 872, 656, 124, 90
track:372, 872, 659, 124, 90
track:373, 872, 659, 124, 90
track:374, 872, 661, 124, 90
track:375, 870, 661, 124, 90
track:376, 869, 662, 124, 90
track:377, 866, 664, 124, 90
track:378, 865, 664, 124, 90
track:379, 865, 666, 124, 90
track:380, 865, 664, 124, 90
track:381, 862, 662, 130, 94
track:382, 860, 663, 130, 94
track:383, 860, 663, 130, 94
track:384, 858, 663, 130, 94
track:385, 861, 662, 124, 90
track:386, 861, 662, 124, 90
track:387, 863, 663, 118, 86
track:388, 863, 663, 118, 86
track:389, 863, 662, 118, 86
track:390, 862, 663, 118, 86
track:391, 862, 665, 118, 86
track:392, 865, 670, 112, 82
track:393, 866, 670, 112, 82
track:394, 863, 669, 118, 86
track:395, 864, 674, 118, 86
track:396, 865, 679, 118, 86
track:397, 867, 682, 118, 86
track:398, 870, 685, 112, 82
track:399, 871, 689, 112, 82
track:400, 875, 695, 107, 78
track:401, 875, 700, 107, 78
track:402, 876, 706, 107, 78
track:403, 876, 706, 107, 78
track:404, 877, 708, 107, 78
track:405, 879, 708, 107, 78
track:406, 878, 708, 107, 78
track:407, 879, 707, 107, 78
init :408, 881, 708, 101, 83
track:409, 881, 707, 101, 83
track:410, 881, 705, 101, 83
track:411, 883, 703, 101, 83
track:412, 882, 701, 101, 83
track:413, 883, 701, 101, 83
track:414, 884, 699, 101, 83
track:415, 883, 700, 101, 83
track:416, 883, 702, 101, 83
track:417, 884, 702, 101, 83
track:418, 884, 702, 101, 83
track:419, 884, 702, 101, 83
track:420, 882, 704, 101, 83
track:421, 879, 702, 106, 87
track:422, 878, 699, 106, 87
track:423, 878, 699, 106, 87
track:424, 878, 696, 106, 87
track:425, 877, 694, 106, 87
track:426, 877, 692, 106, 87
track:427, 876, 691, 106, 87
track:428, 875, 690, 106, 87
track:429, 875, 690, 106, 87
track:430, 874, 691, 106, 87
track:431, 874, 691, 106, 87
track:432, 874, 691, 106, 87
track:433, 873, 691, 106, 87
track:434, 873, 690, 106, 87
track:435, 872, 690, 106, 87
track:436, 871, 692, 106, 87
track:437, 872, 694, 106, 87
track:438, 871, 694, 106, 87
track:439, 872, 696, 106, 87
track:440, 869, 693, 111, 92
track:441, 871, 693, 111, 92
track:442, 871, 694, 111, 92
track:443, 870, 694, 111, 92
track:444, 870, 694, 111, 92
init :445, 872, 693, 110, 93
track:446, 872, 694, 110, 93
track:447, 873, 693, 110, 93
track:448, 873, 693, 110, 93
track:449, 873, 692, 110, 93
track:450, 874, 691, 110, 93
track:451, 874, 693, 110, 93
track:452, 875, 695, 110, 93
track:453, 876, 695, 110, 93
track:454, 877, 695, 110, 93
track:455, 878, 696, 110, 93
track:456, 878, 696, 110, 93
track:457, 878, 695, 110, 93
track:458, 878, 695, 110, 93
track:459, 877, 695, 110, 93
track:460, 877, 693, 110, 93
track:461, 876, 690, 115, 98
track:462, 877, 690, 115, 98
track:463, 874, 687, 121, 103
track:464, 874, 684, 121, 103
track:465, 873, 682, 121, 103
track:466, 873, 682, 121, 103
track:467, 873, 683, 121, 103
track:468, 873, 683, 121, 103
track:469, 872, 684, 121, 103
track:470, 874, 685, 121, 103
track:471, 876, 687, 121, 103
track:472, 876, 687, 121, 103
track:473, 875, 688, 121, 103
track:474, 876, 691, 121, 103
track:475, 875, 689, 127, 108
track:476, 877, 688, 127, 108
track:477, 878, 688, 127, 108
track:478, 879, 687, 127, 108
track:479, 878, 683, 134, 113
track:480, 880, 674, 134, 113
track:481, 881, 671, 134, 113
init :482, 872, 669, 147, 124
track:483, 875, 663, 147, 124
track:484, 876, 662, 147, 124
track:485, 874, 658, 154, 130
track:486, 875, 663, 154, 130
track:487, 875, 663, 154, 130
track:488, 873, 667, 154, 130
track:490, 871, 671, 154, 130
track:491, 868, 672, 154, 130
track:492, 863, 670, 162, 137
track:493, 861, 670, 162, 137
track:494, 861, 669, 162, 137
track:495, 853, 660, 170, 144
track:496, 852, 655, 170, 144
track:497, 851, 654, 170, 144
track:498, 850, 651, 170, 144
track:499, 848, 647, 170, 144
track:500, 848, 643, 170, 144
track:501, 848, 640, 170, 144
track:502, 847, 638, 170, 144
track:503, 847, 636, 170, 144
track:504, 847, 634, 170, 144
track:505, 847, 633, 170, 144
track:506, 846, 632, 170, 144
track:507, 846, 632, 170, 144
track:508, 846, 631, 170, 144
track:509, 846, 627, 170, 144
track:510, 845, 624, 170, 144
track:511, 844, 622, 170, 144
track:512, 845, 622, 170, 144
track:513, 843, 622, 170, 144
track:514, 844, 622, 170, 144
track:515, 844, 623, 170, 144
track:516, 848, 626, 162, 137
track:517, 848, 626, 162, 137
track:518, 848, 623, 162, 137
init :519, 853, 628, 156, 116
track:520, 854, 628, 156, 116
track:521, 855, 627, 156, 116
track:522, 854, 627, 156, 116
track:523, 854, 629, 156, 116
track:524, 855, 632, 156, 116
track:525, 856, 633, 156, 116
track:526, 857, 635, 156, 116
track:527, 857, 635, 156, 116
track:528, 860, 637, 149, 110
track:529, 860, 636, 149, 110
track:530, 865, 636, 141, 105
track:531, 865, 635, 141, 105
track:532, 868, 637, 135, 100
track:533, 871, 638, 135, 100
track:534, 871, 639, 135, 100
track:535, 874, 642, 128, 95
track:536, 874, 643, 128, 95
track:537, 873, 644, 128, 95
track:538, 874, 645, 128, 95
track:539, 874, 647, 128, 95
track:540, 875, 647, 128, 95
track:543, 872, 648, 128, 95
track:544, 871, 648, 128, 95
track:546, 871, 656, 122, 91
track:547, 871, 655, 122, 91
track:548, 870, 657, 122, 91
track:549, 873, 663, 116, 87
track:550, 876, 666, 111, 82
track:551, 877, 669, 106, 79
track:552, 877, 669, 106, 79
track:553, 876, 669, 106, 79
track:554, 875, 669, 106, 79
track:555, 874, 669, 106, 79
init :556, 876, 664, 101, 88
track:557, 876, 664, 101, 88
track:558, 876, 669, 101, 88
track:559, 875, 673, 101, 88
track:560, 876, 675, 101, 88
track:561, 875, 679, 101, 88
track:562, 876, 679, 101, 88
track:563, 875, 681, 101, 88
track:564, 875, 683, 101, 88
track:565, 875, 685, 101, 88
track:566, 875, 687, 101, 88
track:567, 874, 688, 101, 88
track:568, 876, 690, 101, 88
track:569, 876, 691, 101, 88
track:570, 875, 694, 101, 88
track:571, 875, 696, 101, 88
track:572, 875, 696, 101, 88
track:573, 877, 699, 101, 88
track:574, 877, 700, 101, 88
track:575, 878, 699, 101, 88
track:576, 877, 697, 101, 88
track:577, 877, 696, 101, 88
track:578, 877, 695, 101, 88
track:579, 878, 693, 101, 88
track:580, 879, 693, 101, 88
track:581, 881, 693, 101, 88
track:582, 880, 694, 101, 88
track:583, 879, 696, 101, 88
track:584, 879, 697, 101, 88
track:585, 879, 697, 101, 88
track:586, 878, 698, 101, 88
track:587, 877, 697, 106, 92
track:588, 877, 697, 106, 92
track:589, 878, 696, 106, 92
track:590, 877, 695, 106, 92
track:591, 875, 696, 106, 92
track:592, 875, 696, 106, 92
init :593, 872, 693, 110, 93
track:594, 872, 692, 110, 93
track:595, 873, 683, 110, 93
track:596, 873, 682, 110, 93
track:597, 873, 681, 110, 93
track:598, 872, 677, 110, 93
track:599, 871, 670, 110, 93
track:600, 872, 667, 110, 93
track:601, 872, 666, 110, 93
track:602, 872, 666, 110, 93
track:603, 872, 666, 110, 93
track:604, 869, 659, 115, 98
track:605, 869, 656, 115, 98
track:606, 868, 655, 115, 98
track:607, 869, 655, 115, 98
track:608, 869, 655, 115, 98
track:609, 869, 654, 115, 98
track:610, 869, 656, 115, 98
track:611, 870, 660, 115, 98
track:612, 870, 660, 115, 98
track:613, 869, 662, 115, 98
track:614, 866, 662, 121, 103
track:615, 867, 664, 121, 103
track:616, 866, 666, 121, 103
track:617, 867, 668, 121, 103
track:618, 866, 667, 121, 103
track:619, 867, 666, 121, 103
track:620, 868, 665, 121, 103
track:621, 869, 664, 121, 103
track:622, 868, 664, 121, 103
track:623, 868, 663, 121, 103
track:624, 867, 661, 121, 103
track:625, 867, 661, 121, 103
track:626, 869, 662, 121, 103
track:627, 866, 661, 127, 108
track:628, 867, 662, 127, 108
track:629, 866, 662, 127, 108
init :630, 858, 656, 143, 114
track:631, 858, 656, 143, 114
track:632, 859, 656, 143, 114
track:633, 860, 661, 143, 114
track:634, 861, 664, 143, 114
track:635, 861, 666, 143, 114
track:636, 862, 666, 143, 114
track:637, 862, 668, 143, 114
track:638, 865, 668, 143, 114
track:639, 866, 668, 143, 114
track:640, 869, 671, 136, 109
track:641, 865, 667, 143, 114
track:642, 866, 666, 143, 114
track:643, 862, 661, 150, 120
track:644, 862, 660, 150, 120
track:645, 863, 653, 150, 120
track:646, 863, 650, 150, 120
track:647, 863, 649, 150, 120
track:648, 867, 651, 143, 114
track:649, 862, 648, 150, 120
track:650, 863, 649, 150, 120
track:651, 867, 649, 150, 120
track:652, 867, 649, 150, 120
track:653, 867, 649, 150, 120
track:654, 867, 650, 150, 120
track:655, 869, 654, 150, 120
track:656, 869, 656, 150, 120
track:657, 870, 658, 150, 120
track:658, 871, 660, 150, 120
track:659, 872, 659, 150, 120
track:660, 872, 658, 150, 120
track:661, 873, 657, 150, 120
track:662, 873, 657, 150, 120
track:663, 874, 657, 150, 120
track:664, 876, 656, 150, 120
track:665, 877, 654, 150, 120
track:666, 876, 652, 150, 120
init :667, 881, 654, 138, 116
track:668, 879, 650, 145, 122
track:669, 879, 649, 145, 122
track:670, 879, 649, 145, 122
track:671, 878, 650, 145, 122
track:672, 877, 650, 145, 122
track:673, 876, 650, 145, 122
track:674, 874, 649, 145, 122
track:675, 874, 648, 145, 122
track:676, 873, 648, 145, 122
track:677, 872, 648, 145, 122
track:678, 870, 651, 145, 122
track:679, 871, 660, 145, 122
track:680, 873, 666, 145, 122
track:681, 872, 668, 145, 122
track:682, 871, 670, 145, 122
track:683, 870, 668, 145, 122
track:684, 867, 668, 145, 122
track:685, 868, 670, 145, 122
track:686, 868, 672, 145, 122
track:687, 869, 673, 145, 122
track:688, 867, 672, 145, 122
track:689, 866, 670, 145, 122
track:690, 865, 669, 145, 122
track:691, 864, 667, 145, 122
track:692, 863, 667, 145, 122
track:693, 864, 665, 145, 122
track:694, 864, 664, 145, 122
track:695, 864, 664, 145, 122
track:696, 862, 663, 145, 122
track:697, 863, 662, 145, 122
track:698, 860, 661, 145, 122
track:699, 858, 662, 145, 122
track:700, 857, 662, 145, 122
track:701, 858, 665, 145, 122
track:702, 858, 665, 145, 122
track:703, 858, 668, 145, 122
init :704, 853, 675, 143, 119
track:705, 855, 681, 136, 113
track:706, 851, 681, 143, 119
track:707, 851, 681, 143, 119
track:708, 850, 682, 143, 119
track:709, 847, 680, 150, 125
track:710, 847, 679, 150, 125
track:711, 846, 679, 150, 125
track:712, 846, 676, 150, 125
track:713, 847, 674, 150, 125
track:714, 846, 674, 150, 125
track:715, 846, 676, 150, 125
track:716, 846, 676, 150, 125
track:717, 846, 677, 150, 125
track:718, 847, 677, 150, 125
track:719, 848, 678, 150, 125
track:720, 848, 679, 150, 125
track:721, 848, 679, 150, 125
track:722, 848, 679, 150, 125
track:723, 848, 678, 150, 125
track:724, 848, 675, 150, 125
track:725, 849, 672, 150, 125
track:726, 849, 670, 150, 125
track:727, 849, 670, 150, 125
track:728, 850, 667, 150, 125
track:729, 849, 662, 150, 125
track:730, 850, 660, 150, 125
track:731, 847, 656, 158, 131
track:732, 847, 655, 158, 131
track:733, 847, 654, 158, 131
track:734, 847, 651, 158, 131
track:735, 845, 643, 166, 138
track:736, 846, 642, 166, 138
track:737, 845, 640, 166, 138
track:738, 845, 640, 166, 138
track:739, 844, 640, 166, 138
track:740, 844, 641, 166, 138
init :741, 853, 638, 166, 124
track:742, 849, 636, 174, 130
track:743, 847, 638, 174, 130
track:744, 847, 637, 174, 130
track:745, 849, 636, 174, 130
track:746, 848, 636, 174, 130
track:747, 853, 637, 166, 124
track:748, 852, 627, 166, 124
track:749, 851, 623, 166, 124
track:750, 849, 622, 166, 124
track:751, 849, 622, 166, 124
track:752, 849, 624, 166, 124
track:753, 851, 625, 166, 124
track:754, 853, 625, 166, 124
track:755, 855, 625, 166, 124
track:756, 855, 625, 166, 124
track:757, 860, 628, 158, 118
track:758, 855, 622, 166, 124
track:759, 854, 623, 166, 124
track:760, 855, 627, 166, 124
track:761, 855, 628, 166, 124
track:762, 857, 629, 166, 124
track:763, 864, 631, 158, 118
track:764, 864, 631, 158, 118
track:765, 866, 634, 151, 112
track:766, 866, 634, 151, 112
track:767, 865, 634, 151, 112
track:768, 865, 636, 151, 112
track:769, 866, 637, 151, 112
track:770, 869, 647, 151, 112
track:771, 870, 647, 151, 112
track:772, 870, 647, 151, 112
track:773, 871, 645, 151, 112
track:774, 873, 645, 151, 112
track:775, 874, 646, 151, 112
track:776, 873, 646, 151, 112
track:777, 873, 645, 151, 112
init :778, 876, 646, 138, 124
track:779, 877, 646, 138, 124
track:780, 877, 647, 138, 124
track:781, 877, 647, 138, 124
track:782, 877, 648, 138, 124
track:783, 878, 647, 138, 124
track:784, 877, 647, 138, 124
track:785, 876, 647, 138, 124
track:786, 875, 647, 138, 124
track:787, 876, 648, 138, 124
track:788, 875, 648, 138, 124
track:789, 875, 649, 138, 124
track:790, 874, 649, 138, 124
track:791, 874, 649, 138, 124
track:792, 874, 648, 138, 124
track:793, 873, 649, 138, 124
track:794, 872, 650, 138, 124
track:795, 873, 653, 138, 124
track:796, 874, 655, 138, 124
track:797, 874, 654, 138, 124
track:798, 873, 653, 138, 124
track:799, 874, 653, 138, 124
track:800, 873, 655, 138, 124
track:801, 873, 656, 138, 124
track:802, 873, 656, 138, 124
track:803, 873, 656, 138, 124
track:804, 873, 657, 138, 124
track:805, 872, 657, 138, 124
track:806, 872, 658, 138, 124
track:807, 871, 658, 138, 124
track:808, 871, 658, 138, 124
track:809, 871, 660, 138, 124
track:810, 871, 662, 138, 124
track:811, 871, 662, 138, 124
track:812, 870, 664, 138, 124
track:813, 869, 664, 138, 124
track:814, 867, 665, 138, 124
init :815, 863, 667, 143, 103
track:816, 863, 667, 143, 103
track:817, 863, 670, 143, 103
track:818, 862, 676, 143, 103
track:819, 859, 676, 150, 108
track:820, 857, 687, 150, 108
track:821, 853, 685, 158, 114
track:822, 852, 686, 158, 114
track:823, 851, 685, 158, 114
track:824, 850, 684, 158, 114
track:825, 850, 684, 158, 114
track:826, 850, 684, 158, 114
track:827, 849, 689, 158, 114
track:828, 849, 694, 158, 114
track:829, 850, 696, 158, 114
track:830, 852, 698, 158, 114
track:831, 853, 698, 158, 114
track:832, 853, 698, 158, 114
track:833, 851, 695, 166, 119
track:834, 851, 688, 166, 119
track:835, 850, 678, 166, 119
track:836, 852, 678, 166, 119
track:837, 847, 671, 174, 125
track:838, 846, 669, 174, 125
track:839, 846, 665, 174, 125
track:840, 843, 661, 174, 125
track:841, 842, 660, 174, 125
track:842, 840, 659, 174, 125
track:843, 838, 655, 174, 125
track:844, 831, 649, 183, 131
track:845, 826, 636, 183, 131
track:846, 821, 631, 192, 138
track:847, 820, 625, 192, 138
track:848, 821, 618, 192, 138
track:849, 819, 617, 192, 138
track:850, 814, 612, 201, 145
track:851, 814, 612, 201, 145
init :852, 821, 602, 203, 160
track:853, 825, 600, 203, 160
track:854, 826, 601, 203, 160
track:855, 826, 606, 203, 160
track:856, 822, 603, 213, 168
track:857, 822, 604, 213, 168
track:858, 829, 606, 203, 160
track:859, 830, 601, 203, 160
track:860, 828, 599, 203, 160
track:861, 829, 599, 203, 160
track:862, 828, 600, 203, 160
track:863, 828, 604, 203, 160
track:864, 835, 613, 193, 152
track:865, 835, 620, 193, 152
track:866, 840, 623, 184, 145
track:867, 835, 626, 193, 152
track:868, 836, 627, 193, 152
track:869, 836, 628, 193, 152
track:870, 841, 634, 184, 145
track:871, 841, 635, 184, 145
track:872, 842, 635, 184, 145
track:873, 842, 637, 184, 145
track:874, 843, 636, 184, 145
track:875, 844, 638, 184, 145
track:876, 848, 641, 175, 138
track:877, 853, 645, 167, 132
track:878, 854, 644, 167, 132
track:879, 855, 644, 167, 132
track:880, 855, 644, 167, 132
track:881, 855, 644, 167, 132
track:882, 855, 644, 167, 132
track:883, 857, 643, 167, 132
track:884, 859, 642, 167, 132
track:885, 865, 645, 159, 125
track:886, 865, 644, 159, 125
track:887, 867, 646, 159, 125
track:888, 867, 646, 159, 125
init :889, 876, 649, 133, 119
track:890, 878, 649, 133, 119
track:891, 878, 649, 133, 119
track:892, 880, 648, 133, 119
track:893, 881, 648, 133, 119
track:894, 881, 647, 133, 119
track:895, 882, 648, 133, 119
track:896, 882, 648, 133, 119
track:897, 882, 648, 133, 119
track:898, 881, 647, 133, 119
track:899, 878, 646, 133, 119
track:900, 881, 649, 127, 113
track:901, 880, 649, 127, 113
track:902, 883, 654, 121, 108
track:903, 885, 656, 115, 103
track:904, 882, 654, 121, 108
track:905, 883, 654, 121, 108
track:906, 882, 654, 121, 108
track:907, 856, 635, 121, 108
track:908, 853, 638, 115, 103
track:909, 856, 651, 109, 98
track:910, 856, 656, 109, 98
track:911, 856, 653, 115, 103
track:912, 851, 655, 121, 108
track:913, 852, 660, 121, 108
track:914, 854, 661, 121, 108
track:915, 854, 666, 121, 108
track:916, 857, 665, 121, 108
track:917, 858, 667, 121, 108
track:918, 859, 669, 121, 108
track:919, 863, 673, 115, 103
track:920, 859, 674, 115, 103
track:921, 861, 676, 109, 98
track:922, 859, 676, 109, 98
track:923, 853, 678, 104, 93
track:924, 850, 677, 104, 93
track:925, 841, 676, 104, 93
init :926, 780, 581, 300, 254
track:927, 779, 581, 300, 254
track:928, 773, 581, 300, 254
track:929, 770, 580, 300, 254
track:930, 767, 578, 300, 254
track:931, 765, 580, 300, 254
track:932, 754, 570, 315, 267
track:933, 758, 569, 315, 267
track:934, 763, 573, 300, 254
track:935, 763, 572, 300, 254
track:936, 763, 572, 300, 254
track:937, 763, 569, 300, 254
track:938, 765, 567, 300, 254
track:939, 765, 563, 300, 254
track:940, 771, 569, 286, 242
track:941, 768, 570, 286, 242
track:942, 770, 568, 286, 242
track:943, 770, 566, 286, 242
track:944, 767, 565, 286, 242
track:945, 773, 571, 272, 230
track:946, 772, 571, 272, 230
track:947, 768, 572, 272, 230
track:948, 764, 573, 272, 230
track:949, 762, 575, 272, 230
track:950, 759, 576, 272, 230
track:951, 756, 577, 272, 230
track:952, 755, 578, 272, 230
track:953, 751, 580, 272, 230
track:954, 751, 582, 272, 230
track:955, 748, 582, 272, 230
track:956, 747, 582, 272, 230
track:957, 748, 583, 272, 230
track:958, 746, 584, 272, 230
track:959, 745, 586, 272, 230
track:960, 745, 586, 272, 230
track:961, 744, 585, 272, 230
track:962, 743, 587, 272, 230
init :963, 738, 586, 392, 236
track:964, 735, 587, 392, 236
track:965, 734, 587, 392, 236
track:966, 733, 588, 392, 236
track:967, 730, 590, 392, 236
track:968, 729, 589, 392, 236
track:969, 726, 590, 392, 236
track:970, 724, 590, 392, 236
track:971, 720, 590, 392, 236
track:972, 714, 592, 392, 236
track:973, 712, 592, 392, 236
track:974, 709, 591, 392, 236
track:975, 711, 591, 392, 236
track:976, 707, 590, 392, 236
track:977, 702, 591, 392, 236
track:978, 702, 593, 392, 236
track:979, 701, 594, 392, 236
track:980, 701, 595, 392, 236
track:981, 709, 601, 373, 225
track:982, 707, 603, 373, 225
track:983, 711, 603, 373, 225
track:984, 711, 604, 373, 225
track:985, 711, 604, 373, 225
track:986, 711, 605, 373, 225
track:987, 711, 605, 373, 225
track:988, 711, 606, 373, 225
track:989, 710, 605, 373, 225
track:990, 713, 604, 373, 225
track:991, 715, 604, 373, 225
track:992, 716, 603, 373, 225
track:993, 717, 602, 373, 225
track:994, 712, 603, 373, 225
track:995, 713, 601, 373, 225
track:996, 716, 606, 356, 214
track:997, 728, 607, 339, 204
track:998, 728, 605, 339, 204
track:999, 733, 604, 339, 204
init :1000, 724, 581, 503, 231
track:1001, 739, 587, 479, 220
track:1002, 740, 586, 479, 220
track:1003, 748, 582, 479, 220
track:1004, 754, 579, 479, 220
track:1005, 752, 578, 479, 220
track:1006, 741, 572, 503, 231
track:1007, 742, 570, 503, 231
track:1008, 744, 566, 503, 231
track:1009, 744, 568, 503, 231
track:1010, 747, 564, 503, 231
track:1011, 740, 565, 503, 231
track:1012, 747, 570, 479, 220
track:1013, 745, 569, 479, 220
track:1014, 741, 567, 479, 220
track:1015, 751, 573, 456, 210
track:1016, 747, 573, 456, 210
track:1017, 743, 572, 456, 210
track:1018, 741, 571, 456, 210
track:1019, 748, 576, 435, 200
track:1020, 748, 577, 435, 200
track:1021, 749, 575, 435, 200
track:1022, 752, 578, 435, 200
track:1023, 745, 577, 435, 200
track:1024, 745, 573, 435, 200
track:1025, 751, 579, 414, 190
track:1026, 747, 580, 414, 190
track:1027, 745, 581, 414, 190
track:1028, 744, 582, 414, 190
track:1029, 738, 583, 414, 190
track:1030, 736, 580, 414, 190
track:1031, 738, 586, 394, 181
track:1032, 742, 591, 375, 172
track:1033, 735, 591, 375, 172
track:1034, 733, 592, 375, 172
track:1035, 734, 592, 375, 172
track:1036, 731, 593, 375, 172
init :1037, 743, 599, 433, 153
track:1038, 731, 596, 455, 161
track:1039, 729, 598, 455, 161
track:1040, 730, 598, 455, 161
track:1041, 740, 605, 433, 153
track:1042, 739, 606, 433, 153
track:1043, 745, 610, 412, 146
track:1044, 745, 614, 412, 146
track:1045, 745, 612, 412, 146
track:1046, 755, 618, 393, 139
track:1047, 757, 620, 393, 139
track:1048, 753, 616, 412, 146
track:1049, 757, 614, 412, 146
track:1050, 759, 613, 412, 146
track:1051, 752, 608, 433, 153
track:1052, 757, 607, 433, 153
track:1053, 772, 607, 412, 146
track:1054, 781, 610, 412, 146
track:1055, 774, 607, 433, 153
track:1056, 792, 610, 412, 146
track:1057, 796, 608, 412, 146
track:1058, 799, 611, 412, 146
track:1059, 796, 610, 412, 146
track:1060, 799, 612, 412, 146
track:1061, 797, 612, 412, 146
track:1062, 796, 611, 412, 146
track:1063, 795, 612, 412, 146
track:1064, 792, 612, 412, 146
track:1065, 789, 612, 412, 146
track:1066, 783, 612, 412, 146
track:1067, 774, 614, 412, 146
track:1068, 765, 613, 412, 146
track:1069, 759, 613, 412, 146
track:1070, 753, 611, 412, 146
track:1071, 750, 612, 412, 146
track:1072, 734, 615, 412, 146
track:1073, 714, 615, 412, 146
init :1074, 715, 625, 443, 124
track:1075, 715, 625, 443, 124
track:1076, 704, 624, 443, 124
track:1077, 700, 623, 443, 124
track:1078, 683, 623, 443, 124
track:1079, 665, 623, 465, 130
track:1080, 662, 623, 465, 130
track:1081, 667, 627, 443, 124
track:1082, 662, 627, 443, 124
track:1083, 661, 626, 443, 124
track:1084, 657, 625, 443, 124
track:1085, 654, 626, 443, 124
track:1086, 664, 629, 422, 118
track:1087, 664, 628, 422, 118
track:1088, 665, 627, 422, 118
track:1089, 665, 627, 422, 118
track:1090, 651, 624, 443, 124
track:1091, 654, 626, 443, 124
track:1092, 655, 628, 443, 124
track:1093, 645, 627, 465, 130
track:1094, 643, 630, 465, 130
track:1095, 647, 629, 465, 130
track:1096, 646, 630, 465, 130
track:1097, 637, 629, 488, 137
track:1098, 650, 632, 465, 130
track:1099, 648, 630, 465, 130
track:1100, 648, 630, 465, 130
track:1101, 668, 633, 443, 124
track:1102, 669, 634, 443, 124
track:1103, 676, 636, 422, 118
track:1104, 674, 636, 422, 118
track:1105, 678, 634, 422, 118
track:1106, 676, 635, 422, 118
track:1107, 673, 635, 422, 118
track:1108, 667, 636, 422, 118
track:1109, 665, 639, 422, 118
track:1110, 659, 637, 443, 124
init :1111, 692, 633, 447, 166
track:1112, 693, 634, 447, 166
track:1113, 688, 634, 447, 166
track:1114, 683, 633, 447, 166
track:1115, 696, 638, 426, 158
track:1116, 699, 639, 426, 158
track:1117, 693, 639, 426, 158
track:1118, 700, 644, 405, 151
track:1119, 695, 644, 405, 151
track:1120, 694, 642, 405, 151
track:1121, 693, 645, 405, 151
track:1122, 688, 644, 405, 151
track:1123, 689, 646, 405, 151
track:1124, 696, 650, 386, 143
track:1125, 693, 650, 386, 143
track:1126, 699, 651, 386, 143
track:1127, 696, 652, 386, 143
track:1128, 704, 654, 368, 137
track:1129, 715, 658, 368, 137
track:1130, 705, 657, 368, 137
track:1131, 707, 659, 368, 137
track:1132, 718, 656, 368, 137
track:1133, 789, 663, 350, 130
track:1134, 798, 671, 334, 124
track:1135, 831, 671, 334, 124
track:1136, 874, 684, 318, 118
track:1137, 881, 692, 318, 118
track:1138, 903, 710, 303, 112
track:1139, 884, 705, 318, 118
track:1140, 881, 707, 318, 118
track:1141, 863, 700, 334, 124
track:1142, 853, 698, 334, 124
track:1143, 848, 696, 334, 124
track:1144, 827, 690, 334, 124
track:1145, 819, 687, 350, 130
track:1146, 814, 687, 350, 130
track:1147, 812, 685, 350, 130
init :1148, 803, 630, 189, 181
track:1149, 801, 630, 189, 181
track:1150, 801, 631, 189, 181
track:1151, 791, 630, 189, 181
track:1152, 792, 630, 189, 181
track:1153, 788, 631, 189, 181
track:1154, 784, 632, 189, 181
track:1155, 783, 633, 189, 181
track:1156, 785, 636, 189, 181
track:1157, 789, 636, 189, 181
track:1158, 787, 636, 189, 181
track:1159, 786, 635, 189, 181
track:1160, 785, 635, 189, 181
track:1161, 788, 634, 189, 181
track:1162, 791, 635, 189, 181
track:1163, 789, 633, 189, 181
track:1164, 787, 630, 198, 190
track:1165, 791, 630, 198, 190
track:1166, 787, 631, 198, 190
track:1167, 782, 633, 198, 190
track:1168, 782, 633, 198, 190
track:1169, 773, 626, 208, 200
track:1170, 779, 632, 198, 190
track:1171, 775, 631, 198, 190
track:1172, 765, 624, 208, 200
track:1173, 762, 625, 208, 200
track:1174, 763, 622, 208, 200
track:1175, 769, 627, 198, 190
track:1176, 771, 631, 189, 181
track:1177, 774, 632, 189, 181
track:1178, 768, 630, 189, 181
track:1179, 769, 627, 189, 181
track:1180, 762, 620, 198, 190
track:1181, 768, 619, 198, 190
track:1182, 769, 617, 198, 190
track:1183, 774, 620, 189, 181
track:1184, 778, 617, 189, 181
init :1185, 775, 638, 392, 140
track:1186, 778, 637, 392, 140
track:1187, 779, 637, 392, 140
track:1188, 783, 636, 392, 140
track:1189, 776, 633, 412, 147
track:1190, 777, 632, 412, 147
track:1191, 778, 629, 412, 147
track:1192, 776, 627, 412, 147
track:1193, 774, 625, 412, 147
track:1194, 769, 623, 412, 147
track:1195, 768, 622, 412, 147
track:1196, 779, 626, 392, 140
track:1197, 783, 626, 373, 133
track:1198, 788, 629, 356, 127
track:1199, 786, 628, 356, 127
track:1200, 778, 622, 373, 133
track:1201, 763, 618, 392, 140
track:1202, 768, 616, 392, 140
track:1203, 783, 619, 373, 133
track:1204, 794, 623, 356, 127
track:1205, 801, 626, 339, 121
track:1206, 798, 624, 356, 127
track:1207, 807, 628, 339, 121
track:1208, 820, 629, 322, 115
track:1209, 823, 630, 322, 115
track:1210, 829, 630, 322, 115
track:1211, 829, 629, 339, 121
track:1212, 827, 629, 339, 121
track:1213, 832, 630, 339, 121
track:1214, 832, 630, 339, 121
track:1215, 843, 633, 322, 115
track:1216, 841, 635, 322, 115
track:1217, 840, 635, 322, 115
track:1218, 844, 635, 322, 115
track:1219, 847, 639, 307, 110
track:1220, 854, 641, 293, 104
track:1221, 854, 642, 293, 104
init :1222, 886, 651, 304, 98
track:1223, 894, 654, 290, 93
track:1224, 894, 655, 290, 93
track:1225, 901, 658, 276, 89
track:1226, 900, 658, 276, 89
track:1227, 907, 660, 263, 85
track:1228, 899, 659, 276, 89
track:1229, 899, 659, 276, 89
track:1230, 904, 662, 263, 85
track:1231, 904, 663, 263, 85
track:1232, 902, 663, 263, 85
track:1233, 906, 667, 250, 81
track:1234, 905, 667, 250, 81
track:1235, 905, 669, 250, 81
track:1236, 899, 669, 250, 81
track:1237, 903, 672, 238, 77
track:1238, 902, 672, 238, 77
track:1239, 901, 671, 238, 77
track:1240, 900, 672, 238, 77
track:1241, 902, 673, 238, 77
track:1242, 907, 674, 227, 73
track:1243, 910, 676, 227, 73
track:1244, 898, 676, 227, 73
track:1245, 900, 676, 227, 73
track:1246, 896, 675, 227, 73
track:1247, 894, 677, 216, 70
track:1248, 915, 677, 206, 66
track:1249, 913, 680, 206, 66
track:1250, 909, 680, 206, 66
track:1251, 904, 683, 206, 66
track:1252, 957, 684, 196, 63
track:1253, 964, 684, 196, 63
track:1254, 960, 685, 196, 63
track:1255, 958, 685, 196, 63
track:1256, 951, 683, 206, 66
track:1257, 944, 683, 206, 66
track:1258, 938, 681, 206, 66
init :1259, 941, 662, 115, 88
track:1260, 939, 661, 115, 88
track:1261, 934, 659, 115, 88
track:1262, 929, 658, 115, 88
track:1263, 927, 658, 115, 88
track:1264, 924, 658, 115, 88
track:1265, 924, 658, 115, 88
track:1266, 925, 657, 115, 88
track:1267, 925, 655, 115, 88
track:1268, 921, 653, 115, 88
track:1269, 922, 653, 115, 88
track:1270, 919, 652, 115, 88
track:1271, 921, 653, 110, 84
track:1272, 918, 652, 110, 84
track:1273, 913, 651, 110, 84
track:1274, 913, 652, 110, 84
track:1275, 909, 652, 110, 84
track:1276, 902, 653, 110, 84
track:1277, 899, 652, 110, 84
track:1278, 891, 653, 110, 84
track:1279, 892, 655, 104, 80
track:1280, 886, 657, 104, 80
track:1281, 880, 657, 104, 80
track:1282, 873, 658, 104, 80
track:1283, 873, 660, 99, 76
track:1284, 873, 660, 99, 76
track:1285, 866, 663, 95, 72
track:1286, 859, 663, 95, 72
track:1287, 857, 662, 95, 72
track:1288, 855, 659, 99, 76
track:1289, 854, 658, 99, 76
track:1290, 854, 658, 99, 76
track:1291, 852, 658, 99, 76
track:1292, 850, 657, 99, 76
track:1293, 850, 657, 99, 76
track:1294, 848, 658, 99, 76
track:1295, 849, 658, 99, 76
init :1296, 863, 659, 147, 70
track:1297, 864, 658, 147, 70
track:1298, 863, 658, 147, 70
track:1299, 862, 659, 147, 70
track:1300, 866, 661, 140, 67
track:1301, 866, 664, 133, 63
track:1302, 868, 665, 133, 63
track:1303, 865, 663, 140, 67
track:1304, 863, 662, 140, 67
track:1305, 865, 662, 140, 67
track:1306, 869, 664, 133, 63
track:1307, 865, 664, 140, 67
track:1308, 866, 664, 140, 67
track:1309, 869, 666, 133, 63
track:1310, 870, 666, 133, 63
track:1311, 872, 666, 133, 63
track:1312, 871, 666, 133, 63
track:1313, 867, 665, 140, 67
track:1314, 867, 666, 140, 67
track:1315, 867, 666, 140, 67
track:1316, 865, 667, 140, 67
track:1317, 862, 667, 140, 67
track:1318, 861, 667, 140, 67
track:1319, 856, 665, 147, 70
track:1320, 852, 665, 154, 74
track:1321, 852, 666, 154, 74
track:1322, 852, 666, 154, 74
track:1323, 853, 667, 154, 74
track:1324, 854, 668, 154, 74
track:1325, 855, 668, 154, 74
track:1326, 860, 670, 147, 70
track:1327, 860, 671, 147, 70
track:1328, 864, 671, 147, 70
track:1329, 863, 672, 147, 70
track:1330, 861, 673, 147, 70
track:1331, 861, 673, 147, 70
track:1332, 856, 673, 147, 70
init :1333, 858, 677, 170, 51
track:1334, 858, 677, 170, 51
track:1335, 855, 677, 170, 51
track:1336, 851, 677, 170, 51
track:1337, 846, 677, 170, 51
track:1338, 844, 677, 170, 51
track:1339, 843, 677, 170, 51
track:1340, 842, 677, 170, 51
track:1341, 842, 677, 170, 51
track:1342, 841, 677, 170, 51
track:1343, 841, 678, 170, 51
track:1344, 840, 678, 170, 51
track:1345, 841, 678, 170, 51
track:1346, 841, 678, 170, 51
track:1347, 842, 678, 170, 51
track:1348, 841, 679, 170, 51
track:1349, 840, 679, 170, 51
track:1350, 840, 679, 170, 51
track:1351, 839, 680, 170, 51
track:1352, 837, 680, 170, 51
track:1353, 833, 679, 178, 54
track:1354, 835, 681, 170, 51
track:1355, 835, 681, 170, 51
track:1356, 837, 681, 170, 51
track:1357, 837, 682, 170, 51
track:1358, 837, 681, 170, 51
track:1359, 837, 682, 170, 51
track:1360, 837, 682, 170, 51
track:1361, 836, 682, 170, 51
track:1362, 833, 682, 178, 54
track:1363, 833, 683, 178, 54
track:1364, 835, 684, 178, 54
track:1365, 838, 685, 170, 51
track:1366, 837, 685, 170, 51
track:1367, 836, 685, 170, 51
track:1368, 836, 686, 170, 51
track:1369, 835, 686, 170, 51
init :1370, 849, 690, 180, 57
track:1371, 847, 690, 180, 57
track:1372, 847, 692, 180, 57
track:1373, 845, 692, 180, 57
track:1374, 844, 692, 180, 57
track:1375, 842, 692, 180, 57
track:1376, 841, 692, 180, 57
track:1377, 839, 692, 180, 57
track:1378, 838, 694, 180, 57
track:1379, 835, 694, 180, 57
track:1380, 826, 694, 189, 60
track:1381, 823, 695, 189, 60
track:1382, 820, 696, 189, 60
track:1383, 816, 697, 189, 60
track:1384, 815, 697, 189, 60
track:1385, 814, 698, 189, 60
track:1386, 816, 699, 189, 60
track:1387, 818, 700, 189, 60
track:1388, 821, 701, 189, 60
track:1389, 820, 702, 189, 60
track:1390, 828, 704, 180, 57
track:1391, 832, 705, 180, 57
track:1392, 835, 706, 180, 57
track:1393, 842, 708, 171, 54
track:1394, 843, 708, 171, 54
track:1395, 841, 707, 180, 57
track:1396, 842, 708, 180, 57
track:1397, 842, 709, 180, 57
track:1398, 838, 709, 189, 60
track:1399, 839, 710, 189, 60
track:1400, 831, 709, 198, 63
track:1401, 826, 710, 198, 63
track:1402, 820, 710, 198, 63
track:1403, 813, 710, 208, 66
track:1404, 806, 709, 219, 69
track:1405, 800, 710, 219, 69
track:1406, 798, 711, 219, 69
init :1407, 798, 713, 226, 67
track:1408, 796, 712, 226, 67
track:1409, 795, 712, 226, 67
track:1410, 794, 712, 226, 67
track:1411, 793, 712, 226, 67
track:1412, 800, 714, 215, 64
track:1413, 802, 715, 215, 64
track:1414, 797, 714, 226, 67
track:1415, 792, 713, 237, 70
track:1416, 793, 714, 237, 70
track:1417, 800, 716, 226, 67
track:1418, 797, 716, 226, 67
track:1419, 797, 717, 226, 67
track:1420, 797, 718, 226, 67
track:1421, 793, 719, 226, 67
track:1422, 792, 719, 226, 67
track:1423, 785, 717, 237, 70
track:1424, 785, 718, 237, 70
track:1425, 791, 720, 226, 67
track:1426, 789, 720, 226, 67
track:1427, 790, 721, 226, 67
track:1428, 788, 721, 226, 67
track:1429, 789, 722, 226, 67
track:1430, 786, 722, 226, 67
track:1431, 779, 720, 237, 70
track:1432, 778, 720, 237, 70
track:1433, 773, 720, 249, 74
track:1434, 778, 722, 237, 70
track:1435, 777, 723, 237, 70
track:1436, 779, 725, 226, 67
track:1437, 778, 724, 226, 67
track:1438, 781, 726, 215, 64
track:1439, 785, 726, 205, 61
track:1440, 788, 728, 195, 58
track:1441, 779, 727, 205, 61
track:1442, 773, 727, 205, 61
track:1443, 770, 728, 205, 61
init :1444, 780, 721, 240, 114
track:1445, 775, 720, 240, 114
track:1446, 772, 721, 240, 114
track:1447, 768, 720, 240, 114
track:1448, 766, 719, 240, 114
track:1449, 760, 716, 252, 120
track:1450, 759, 715, 252, 120
track:1451, 761, 714, 252, 120
track:1452, 760, 714, 252, 120
track:1453, 769, 715, 252, 120
track:1454, 769, 716, 252, 120
track:1455, 774, 717, 252, 120
track:1456, 780, 716, 252, 120
track:1457, 786, 718, 252, 120
track:1458, 787, 719, 252, 120
track:1459, 797, 722, 240, 114
track:1460, 806, 722, 240, 114
track:1461, 809, 725, 229, 109
track:1462, 822, 728, 218, 103
track:1463, 821, 727, 218, 103
track:1464, 826, 730, 207, 98
track:1465, 839, 732, 207, 98
track:1466, 844, 736, 207, 98
track:1467, 843, 734, 207, 98
track:1468, 845, 735, 207, 98
track:1469, 846, 737, 207, 98
track:1470, 844, 738, 207, 98
track:1471, 845, 737, 207, 98
track:1472, 842, 738, 207, 98
track:1473, 834, 735, 218, 103
track:1474, 831, 736, 218, 103
track:1475, 827, 731, 218, 103
track:1476, 828, 730, 218, 103
track:1477, 823, 731, 218, 103
track:1478, 826, 730, 218, 103
track:1479, 821, 733, 218, 103
track:1480, 828, 729, 207, 98
init :1481, 844, 664, 203, 168
track:1482, 850, 661, 203, 168
track:1483, 850, 660, 203, 168
track:1484, 854, 661, 203, 168
track:1485, 857, 660, 203, 168
track:1486, 861, 659, 203, 168
track:1487, 866, 658, 203, 168
track:1488, 865, 657, 203, 168
track:1489, 868, 656, 203, 168
track:1490, 869, 655, 203, 168
track:1491, 873, 651, 203, 168
track:1492, 876, 652, 193, 160
track:1493, 876, 651, 193, 160
track:1494, 877, 648, 193, 160
track:1495, 875, 645, 193, 160
track:1496, 868, 643, 193, 160
track:1497, 864, 639, 193, 160
track:1498, 862, 638, 193, 160
track:1499, 857, 634, 193, 160
track:1500, 857, 630, 193, 160
track:1501, 851, 626, 193, 160
track:1502, 843, 623, 193, 160
track:1503, 842, 622, 193, 160
track:1504, 840, 616, 193, 160
track:1505, 845, 611, 193, 160
track:1506, 849, 614, 184, 152
track:1507, 843, 613, 175, 145
track:1508, 841, 614, 175, 145
track:1509, 849, 614, 167, 138
track:1510, 845, 612, 167, 138
track:1511, 842, 607, 167, 138
track:1512, 840, 608, 159, 132
track:1513, 835, 607, 159, 132
track:1514, 818, 600, 167, 138
track:1515, 795, 596, 175, 145
track:1516, 775, 597, 175, 145
track:1517, 750, 592, 184, 152
init :1518, 747, 623, 286, 109
track:1519, 722, 623, 286, 109
track:1520, 697, 623, 286, 109
track:1521, 677, 624, 286, 109
track:1522, 668, 627, 272, 104
track:1523, 669, 627, 272, 104
track:1524, 664, 627, 272, 104
track:1525, 660, 626, 272, 104
track:1526, 663, 627, 272, 104
track:1527, 666, 627, 272, 104
track:1528, 675, 630, 259, 99
track:1529, 699, 628, 259, 99
track:1530, 721, 628, 259, 99
track:1531, 748, 628, 259, 99
track:1532, 774, 627, 259, 99
track:1533, 773, 626, 259, 99
track:1534, 805, 629, 247, 94
track:1535, 828, 628, 247, 94
track:1536, 846, 628, 247, 94
track:1537, 871, 630, 235, 90
track:1538, 872, 631, 235, 90
track:1539, 882, 628, 247, 94
track:1540, 887, 630, 247, 94
track:1541, 893, 630, 247, 94
track:1542, 892, 632, 247, 94
track:1543, 891, 632, 247, 94
track:1544, 891, 633, 247, 94
track:1545, 884, 634, 247, 94
track:1546, 884, 636, 247, 94
track:1547, 868, 639, 247, 94
track:1548, 869, 640, 247, 94
track:1549, 873, 643, 235, 90
track:1550, 856, 646, 235, 90
track:1551, 860, 649, 224, 85
track:1552, 857, 649, 224, 85
track:1553, 864, 653, 213, 81
track:1554, 864, 656, 203, 77
init :1555, 872, 664, 207, 72
track:1556, 872, 663, 207, 72
track:1557, 872, 664, 207, 72
track:1558, 872, 664, 207, 72
track:1559, 874, 665, 207, 72
track:1560, 883, 666, 197, 69
track:1561, 886, 667, 197, 69
track:1562, 889, 668, 197, 69
track:1563, 890, 668, 197, 69
track:1564, 896, 670, 188, 65
track:1565, 898, 671, 188, 65
track:1566, 898, 671, 188, 65
track:1567, 901, 673, 179, 62
track:1568, 901, 673, 179, 62
track:1569, 901, 674, 179, 62
track:1570, 898, 674, 179, 62
track:1571, 895, 674, 179, 62
track:1572, 898, 676, 170, 59
track:1573, 897, 676, 170, 59
track:1574, 896, 677, 170, 59
track:1575, 891, 676, 170, 59
track:1576, 894, 677, 162, 56
track:1577, 894, 679, 154, 54
track:1578, 892, 679, 154, 54
track:1579, 890, 679, 154, 54
track:1580, 889, 680, 154, 54
track:1581, 886, 680, 154, 54
track:1582, 887, 680, 147, 51
track:1583, 888, 682, 140, 49
track:1584, 891, 684, 133, 46
track:1585, 891, 684, 133, 46
track:1586, 889, 684, 133, 46
track:1587, 891, 683, 133, 46
track:1588, 892, 683, 133, 46
track:1589, 891, 683, 133, 46
track:1590, 890, 684, 133, 46
track:1591, 891, 684, 133, 46
init :1592, 909, 680, 120, 72
track:1593, 909, 680, 120, 72
track:1594, 906, 679, 126, 76
track:1595, 904, 679, 126, 76
track:1596, 906, 681, 120, 72
track:1599, 904, 681, 120, 72
track:1600, 905, 683, 114, 69
track:1601, 902, 683, 114, 69
track:1602, 905, 684, 109, 65
track:1603, 902, 683, 114, 69
track:1604, 897, 683, 114, 69
track:1605, 900, 685, 109, 65
track:1606, 898, 685, 109, 65
track:1607, 894, 686, 109, 65
track:1608, 894, 686, 109, 65
elapseTime: 16.953
