init :7, 821, 630, 235, 197
track:8, 821, 630, 235, 197
track:9, 822, 630, 235, 197
track:10, 821, 631, 235, 197
track:11, 823, 630, 235, 197
track:12, 823, 630, 235, 197
track:13, 824, 630, 235, 197
track:14, 824, 630, 235, 197
track:15, 824, 630, 235, 197
track:16, 825, 630, 235, 197
track:17, 826, 630, 235, 197
track:18, 825, 630, 235, 197
track:19, 825, 629, 235, 197
track:20, 821, 626, 247, 207
track:21, 820, 626, 247, 207
track:22, 827, 631, 235, 197
track:23, 828, 631, 235, 197
track:24, 827, 631, 235, 197
track:25, 828, 630, 235, 197
track:26, 829, 631, 235, 197
track:27, 829, 631, 235, 197
track:28, 829, 631, 235, 197
track:29, 829, 630, 235, 197
track:30, 829, 630, 235, 197
track:31, 830, 629, 235, 197
track:32, 831, 631, 235, 197
track:33, 829, 630, 235, 197
track:34, 830, 631, 235, 197
track:35, 830, 630, 235, 197
track:36, 830, 631, 235, 197
track:37, 829, 630, 235, 197
track:38, 831, 630, 235, 197
track:39, 830, 630, 235, 197
track:40, 830, 630, 235, 197
track:41, 831, 629, 235, 197
track:42, 830, 631, 235, 197
track:43, 831, 630, 235, 197
track:44, 830, 631, 235, 197
track:45, 832, 630, 235, 197
track:46, 830, 631, 235, 197
track:48, 832, 630, 235, 197
track:49, 830, 630, 235, 197
track:50, 831, 629, 235, 197
track:51, 832, 629, 235, 197
track:52, 831, 628, 235, 197
track:53, 832, 629, 235, 197
track:54, 831, 629, 235, 197
track:55, 832, 629, 235, 197
track:56, 831, 629, 235, 197
track:57, 831, 628, 235, 197
track:58, 831, 629, 235, 197
track:59, 830, 628, 235, 197
track:60, 832, 628, 235, 197
track:61, 831, 630, 235, 197
track:62, 830, 629, 235, 197
track:63, 829, 629, 235, 197
track:64, 830, 629, 235, 197
track:65, 829, 629, 235, 197
track:66, 828, 629, 235, 197
track:67, 829, 628, 235, 197
track:68, 829, 629, 235, 197
track:69, 828, 629, 235, 197
track:70, 829, 628, 235, 197
track:71, 829, 629, 235, 197
track:72, 828, 629, 235, 197
track:73, 828, 629, 235, 197
track:74, 828, 628, 235, 197
track:75, 828, 629, 235, 197
track:76, 828, 629, 235, 197
track:77, 827, 629, 235, 197
track:78, 828, 628, 235, 197
track:79, 828, 629, 235, 197
track:80, 828, 629, 235, 197
track:81, 828, 628, 235, 197
track:82, 827, 629, 235, 197
track:83, 828, 630, 235, 197
init :84, 826, 630, 240, 199
track:85, 826, 630, 240, 199
track:86, 826, 630, 240, 199
track:87, 825, 631, 240, 199
track:88, 826, 631, 240, 199
track:89, 826, 632, 240, 199
track:90, 826, 631, 240, 199
track:91, 827, 631, 240, 199
track:92, 827, 631, 240, 199
track:93, 828, 630, 240, 199
track:94, 827, 630, 240, 199
track:95, 827, 630, 240, 199
track:96, 828, 630, 240, 199
track:97, 827, 630, 240, 199
track:98, 827, 630, 240, 199
track:99, 827, 629, 240, 199
track:100, 829, 630, 240, 199
track:101, 830, 629, 240, 199
track:102, 831, 628, 240, 199
track:103, 831, 627, 240, 199
track:104, 832, 627, 240, 199
track:105, 833, 626, 240, 199
track:106, 832, 626, 240, 199
track:107, 832, 624, 240, 199
track:108, 833, 622, 240, 199
track:109, 833, 622, 240, 199
track:110, 833, 620, 240, 199
track:111, 835, 619, 240, 199
track:112, 835, 617, 240, 199
track:113, 841, 620, 229, 190
track:114, 842, 620, 229, 190
track:115, 841, 618, 229, 190
track:116, 843, 616, 229, 190
track:117, 846, 614, 229, 190
track:120, 846, 611, 229, 190
track:121, 847, 609, 229, 190
track:122, 846, 607, 229, 190
track:123, 847, 605, 229, 190
track:124, 853, 609, 218, 180
track:125, 851, 606, 218, 180
track:126, 849, 602, 218, 180
track:127, 853, 605, 207, 172
track:128, 851, 605, 207, 172
track:129, 851, 606, 207, 172
track:130, 852, 607, 207, 172
track:131, 852, 608, 207, 172
track:132, 854, 611, 207, 172
track:133, 856, 612, 207, 172
track:134, 855, 614, 207, 172
track:135, 857, 615, 207, 172
track:136, 857, 616, 207, 172
track:137, 857, 616, 207, 172
track:138, 860, 617, 207, 172
track:139, 864, 621, 197, 164
track:140, 864, 621, 197, 164
track:141, 863, 620, 197, 164
track:142, 862, 621, 197, 164
track:143, 861, 621, 197, 164
track:144, 860, 622, 197, 164
track:145, 857, 626, 197, 164
track:146, 857, 628, 197, 164
track:147, 858, 628, 197, 164
track:148, 858, 630, 197, 164
track:149, 858, 630, 197, 164
track:150, 859, 632, 197, 164
track:151, 859, 635, 197, 164
track:152, 860, 638, 197, 164
track:153, 861, 640, 197, 164
track:154, 859, 641, 197, 164
track:155, 861, 643, 197, 164
track:156, 855, 640, 207, 172
track:157, 856, 641, 207, 172
track:158, 857, 641, 207, 172
track:159, 858, 642, 207, 172
track:160, 856, 643, 207, 172
track:161, 856, 642, 207, 172
track:162, 859, 646, 197, 164
track:163, 857, 646, 197, 164
track:164, 856, 646, 197, 164
track:165, 856, 647, 197, 164
track:166, 857, 647, 197, 164
init :167, 863, 659, 166, 150
track:168, 863, 659, 166, 150
track:169, 863, 659, 166, 150
track:170, 864, 658, 166, 150
track:171, 867, 658, 166, 150
track:172, 867, 657, 166, 150
track:173, 867, 657, 166, 150
track:174, 867, 657, 166, 150
track:175, 865, 657, 166, 150
track:176, 862, 658, 166, 150
track:177, 863, 657, 166, 150
track:178, 865, 658, 166, 150
track:179, 864, 658, 166, 150
track:180, 865, 660, 166, 150
track:181, 866, 661, 166, 150
track:182, 866, 663, 166, 150
track:183, 869, 666, 166, 150
track:184, 870, 667, 166, 150
track:185, 871, 669, 166, 150
track:186, 870, 668, 166, 150
track:187, 866, 661, 166, 150
track:188, 861, 657, 166, 150
track:189, 860, 657, 166, 150
track:190, 858, 656, 166, 150
track:191, 857, 654, 166, 150
track:192, 857, 648, 166, 150
track:193, 856, 648, 166, 150
track:194, 857, 648, 166, 150
track:195, 858, 646, 166, 150
track:196, 862, 644, 166, 150
track:197, 861, 643, 166, 150
track:198, 857, 643, 166, 150
track:199, 857, 643, 166, 150
track:200, 854, 645, 166, 150
track:201, 852, 645, 166, 150
track:202, 852, 643, 166, 150
track:203, 852, 640, 166, 150
track:204, 852, 640, 166, 150
track:205, 854, 637, 166, 150
track:206, 854, 637, 166, 150
track:207, 851, 634, 166, 150
track:208, 851, 634, 166, 150
track:209, 849, 631, 166, 150
track:210, 846, 628, 166, 150
track:211, 845, 626, 166, 150
track:212, 846, 624, 166, 150
track:213, 851, 627, 158, 143
track:214, 849, 625, 158, 143
track:215, 849, 625, 158, 143
track:216, 849, 624, 158, 143
track:217, 853, 628, 151, 136
track:218, 856, 631, 143, 130
track:219, 856, 632, 143, 130
track:220, 859, 638, 137, 123
track:221, 858, 640, 137, 123
track:222, 858, 642, 137, 123
track:223, 857, 642, 137, 123
track:224, 858, 645, 137, 123
track:225, 857, 647, 137, 123
track:226, 858, 648, 137, 123
track:227, 857, 647, 137, 123
track:228, 857, 647, 137, 123
track:229, 857, 648, 137, 123
track:230, 857, 648, 137, 123
track:231, 857, 647, 137, 123
track:232, 860, 646, 130, 118
track:233, 860, 646, 130, 118
track:234, 859, 645, 130, 118
track:235, 859, 645, 130, 118
track:236, 860, 644, 130, 118
track:237, 864, 646, 124, 112
track:238, 864, 646, 124, 112
track:239, 865, 648, 124, 112
track:240, 866, 650, 124, 112
track:241, 866, 651, 124, 112
track:242, 866, 651, 124, 112
track:243, 866, 651, 124, 112
track:244, 867, 651, 124, 112
track:245, 867, 653, 124, 112
track:246, 866, 652, 124, 112
track:247, 866, 652, 124, 112
track:248, 867, 652, 124, 112
track:249, 867, 653, 124, 112
init :250, 863, 656, 120, 88
track:251, 864, 657, 120, 88
track:252, 865, 659, 120, 88
track:253, 865, 660, 120, 88
track:254, 865, 663, 120, 88
track:255, 866, 666, 120, 88
track:256, 867, 667, 120, 88
track:257, 867, 670, 120, 88
track:258, 867, 671, 120, 88
track:259, 868, 672, 120, 88
track:260, 869, 675, 120, 88
track:261, 868, 675, 120, 88
track:262, 867, 675, 120, 88
track:263, 867, 675, 120, 88
track:264, 867, 677, 120, 88
track:265, 868, 678, 120, 88
track:266, 868, 680, 120, 88
track:267, 868, 682, 120, 88
track:268, 868, 683, 120, 88
track:269, 868, 684, 120, 88
track:270, 868, 685, 120, 88
track:271, 866, 687, 126, 92
track:272, 868, 689, 126, 92
track:273, 868, 690, 126, 92
track:274, 868, 692, 126, 92
track:275, 868, 694, 126, 92
track:276, 868, 696, 126, 92
track:277, 869, 699, 126, 92
track:278, 869, 700, 126, 92
track:279, 868, 698, 132, 97
track:280, 867, 694, 139, 102
track:281, 867, 693, 139, 102
track:282, 869, 695, 139, 102
track:283, 870, 695, 139, 102
track:284, 872, 697, 139, 102
track:285, 869, 696, 146, 107
track:286, 872, 695, 146, 107
track:287, 869, 690, 153, 112
track:288, 865, 686, 161, 118
track:289, 866, 683, 161, 118
track:290, 862, 676, 169, 124
track:291, 862, 668, 169, 124
track:292, 864, 663, 169, 124
track:293, 864, 661, 169, 124
track:294, 863, 661, 169, 124
track:295, 866, 658, 169, 124
track:296, 864, 654, 177, 130
track:297, 858, 651, 186, 137
track:298, 859, 651, 186, 137
track:299, 853, 649, 195, 143
track:300, 847, 646, 205, 151
track:301, 846, 648, 205, 151
track:302, 839, 648, 216, 158
track:303, 838, 650, 216, 158
track:304, 832, 650, 226, 166
track:305, 830, 650, 226, 166
track:306, 829, 650, 226, 166
track:307, 820, 644, 238, 174
track:308, 821, 642, 238, 174
track:309, 815, 638, 249, 183
track:310, 813, 630, 249, 183
track:311, 813, 615, 249, 183
track:312, 814, 607, 249, 183
track:313, 813, 607, 249, 183
track:314, 816, 599, 249, 183
track:315, 813, 592, 249, 183
track:316, 815, 582, 249, 183
track:317, 823, 582, 238, 174
track:318, 822, 579, 238, 174
track:319, 830, 583, 226, 166
track:320, 836, 574, 226, 166
track:321, 838, 567, 226, 166
track:322, 840, 565, 226, 166
track:323, 844, 569, 216, 158
track:324, 843, 573, 216, 158
track:325, 843, 572, 216, 158
track:326, 843, 561, 216, 158
track:327, 842, 562, 216, 158
track:328, 846, 565, 205, 151
track:329, 843, 573, 205, 151
track:330, 840, 580, 205, 151
track:331, 839, 583, 205, 151
track:332, 838, 588, 205, 151
init :333, 849, 589, 193, 181
track:334, 848, 591, 193, 181
track:335, 846, 592, 193, 181
track:336, 848, 594, 193, 181
track:337, 848, 595, 193, 181
track:338, 848, 595, 193, 181
track:339, 849, 592, 193, 181
track:340, 854, 594, 184, 172
track:341, 854, 593, 184, 172
track:342, 853, 592, 184, 172
track:343, 854, 593, 184, 172
track:344, 853, 591, 184, 172
track:345, 858, 591, 175, 164
track:346, 858, 592, 175, 164
track:347, 862, 598, 167, 156
track:348, 866, 602, 159, 149
track:349, 866, 605, 159, 149
track:350, 866, 607, 159, 149
track:351, 867, 612, 159, 149
track:352, 872, 618, 151, 142
track:353, 871, 619, 151, 142
track:354, 872, 621, 151, 142
track:355, 871, 622, 151, 142
track:356, 871, 622, 151, 142
track:357, 870, 623, 151, 142
track:358, 870, 623, 151, 142
track:359, 869, 623, 151, 142
track:360, 869, 622, 151, 142
track:361, 871, 625, 144, 135
track:362, 871, 626, 144, 135
track:363, 870, 625, 144, 135
track:364, 873, 630, 137, 129
track:365, 873, 631, 137, 129
track:366, 875, 633, 131, 123
track:367, 874, 634, 131, 123
track:368, 874, 634, 131, 123
track:369, 873, 635, 131, 123
track:370, 872, 641, 131, 123
track:371, 873, 647, 131, 123
track:372, 871, 650, 131, 123
track:373, 871, 650, 131, 123
track:374, 871, 650, 131, 123
track:375, 870, 651, 131, 123
track:376, 867, 652, 131, 123
track:377, 865, 653, 131, 123
track:378, 865, 653, 131, 123
track:379, 865, 655, 131, 123
track:380, 866, 655, 131, 123
track:381, 865, 654, 131, 123
track:382, 862, 653, 131, 123
track:383, 863, 653, 131, 123
track:384, 860, 653, 131, 123
track:385, 861, 652, 131, 123
track:386, 863, 654, 124, 117
track:387, 863, 654, 124, 117
track:388, 863, 654, 124, 117
track:389, 865, 656, 118, 111
track:390, 864, 655, 118, 111
track:391, 866, 657, 118, 111
track:392, 865, 661, 118, 111
track:393, 864, 661, 118, 111
track:394, 866, 662, 118, 111
track:395, 866, 668, 118, 111
track:396, 868, 671, 118, 111
track:397, 869, 675, 118, 111
track:398, 869, 676, 118, 111
track:399, 869, 680, 118, 111
track:400, 872, 684, 118, 111
track:401, 873, 689, 118, 111
track:402, 874, 694, 118, 111
track:403, 875, 693, 118, 111
track:404, 875, 695, 118, 111
track:405, 876, 696, 118, 111
track:406, 875, 694, 118, 111
track:407, 876, 695, 118, 111
track:408, 877, 695, 118, 111
track:409, 877, 693, 118, 111
track:410, 877, 691, 118, 111
track:411, 880, 691, 113, 106
track:412, 881, 690, 113, 106
track:413, 881, 689, 113, 106
track:414, 880, 688, 113, 106
track:415, 881, 689, 113, 106
init :416, 881, 700, 106, 83
track:417, 882, 700, 106, 83
track:418, 882, 700, 106, 83
track:419, 882, 700, 106, 83
track:420, 881, 701, 106, 83
track:421, 880, 702, 106, 83
track:422, 876, 697, 111, 87
track:423, 876, 697, 111, 87
track:424, 877, 693, 111, 87
track:425, 876, 691, 111, 87
track:426, 875, 690, 111, 87
track:427, 874, 688, 111, 87
track:428, 874, 688, 111, 87
track:429, 877, 690, 106, 83
track:430, 875, 691, 106, 83
track:431, 876, 691, 106, 83
track:432, 875, 690, 106, 83
track:433, 874, 690, 106, 83
track:434, 873, 691, 106, 83
track:435, 872, 690, 106, 83
track:436, 872, 692, 106, 83
track:437, 872, 693, 106, 83
track:438, 872, 693, 106, 83
track:439, 873, 695, 106, 83
track:440, 873, 696, 106, 83
track:441, 871, 693, 111, 87
track:442, 869, 691, 117, 92
track:443, 869, 691, 117, 92
track:444, 870, 692, 117, 92
track:445, 869, 692, 117, 92
track:446, 869, 694, 117, 92
track:447, 870, 692, 117, 92
track:448, 870, 692, 117, 92
track:449, 870, 690, 117, 92
track:450, 870, 689, 117, 92
track:451, 871, 691, 117, 92
track:452, 872, 694, 117, 92
track:453, 872, 694, 117, 92
track:454, 873, 694, 117, 92
track:455, 874, 694, 117, 92
track:456, 875, 694, 117, 92
track:457, 875, 694, 117, 92
track:458, 874, 694, 117, 92
track:459, 871, 692, 123, 96
track:460, 871, 690, 123, 96
track:461, 871, 690, 123, 96
track:462, 871, 690, 123, 96
track:463, 871, 690, 123, 96
track:464, 870, 686, 123, 96
track:465, 871, 683, 123, 96
track:466, 868, 682, 129, 101
track:467, 865, 681, 135, 106
track:468, 865, 681, 135, 106
track:469, 865, 681, 135, 106
track:470, 867, 682, 135, 106
track:471, 867, 684, 135, 106
track:472, 867, 684, 135, 106
track:473, 868, 686, 135, 106
track:474, 868, 689, 135, 106
track:475, 870, 689, 135, 106
track:476, 872, 688, 135, 106
track:477, 872, 688, 135, 106
track:478, 873, 686, 135, 106
track:479, 872, 682, 142, 111
track:480, 874, 674, 142, 111
track:481, 876, 671, 142, 111
track:482, 876, 669, 142, 111
track:483, 879, 662, 142, 111
track:484, 877, 658, 149, 117
track:485, 878, 659, 149, 117
track:486, 875, 661, 157, 123
track:487, 875, 662, 157, 123
track:488, 875, 666, 157, 123
track:490, 872, 668, 157, 123
track:491, 869, 670, 157, 123
track:492, 868, 670, 157, 123
track:493, 862, 668, 164, 129
track:494, 860, 667, 164, 129
track:495, 853, 658, 173, 135
track:496, 852, 652, 173, 135
track:497, 851, 651, 173, 135
track:498, 851, 649, 173, 135
init :499, 853, 643, 166, 135
track:500, 853, 640, 166, 135
track:501, 853, 636, 166, 135
track:502, 853, 635, 166, 135
track:503, 856, 636, 166, 135
track:504, 854, 633, 166, 135
track:505, 852, 631, 166, 135
track:506, 851, 632, 166, 135
track:507, 851, 631, 166, 135
track:508, 846, 626, 174, 142
track:509, 846, 621, 174, 142
track:510, 847, 618, 174, 142
track:511, 846, 617, 174, 142
track:512, 846, 617, 174, 142
track:513, 845, 616, 174, 142
track:514, 845, 617, 174, 142
track:515, 845, 618, 174, 142
track:516, 846, 616, 174, 142
track:517, 845, 616, 174, 142
track:518, 845, 614, 174, 142
track:519, 846, 612, 174, 142
track:520, 846, 612, 174, 142
track:521, 850, 615, 166, 135
track:522, 850, 615, 166, 135
track:523, 850, 616, 166, 135
track:524, 854, 620, 158, 129
track:525, 856, 623, 158, 129
track:526, 857, 623, 158, 129
track:527, 857, 623, 158, 129
track:528, 858, 623, 158, 129
track:529, 861, 625, 151, 122
track:530, 862, 623, 151, 122
track:531, 863, 623, 151, 122
track:532, 863, 623, 151, 122
track:533, 868, 628, 143, 117
track:534, 868, 627, 143, 117
track:535, 871, 631, 137, 111
track:536, 870, 633, 137, 111
track:537, 871, 634, 137, 111
track:538, 875, 637, 130, 106
track:539, 875, 639, 130, 106
track:540, 876, 639, 130, 106
track:543, 873, 641, 130, 106
track:544, 872, 641, 130, 106
track:546, 869, 647, 130, 106
track:547, 873, 649, 124, 101
track:548, 872, 652, 124, 101
track:549, 872, 653, 124, 101
track:550, 873, 657, 118, 96
track:551, 872, 658, 118, 96
track:552, 872, 659, 118, 96
track:553, 870, 658, 118, 96
track:554, 870, 657, 118, 96
track:555, 871, 658, 118, 96
track:556, 870, 658, 118, 96
track:557, 870, 658, 118, 96
track:558, 869, 664, 118, 96
track:559, 869, 667, 118, 96
track:560, 869, 670, 118, 96
track:561, 868, 673, 118, 96
track:562, 868, 674, 118, 96
track:563, 871, 678, 112, 91
track:564, 871, 680, 112, 91
track:565, 874, 683, 107, 87
track:566, 873, 685, 107, 87
track:567, 873, 686, 107, 87
track:568, 875, 688, 107, 87
track:569, 875, 688, 107, 87
track:570, 877, 694, 102, 83
track:571, 877, 696, 102, 83
track:572, 877, 696, 102, 83
track:573, 878, 700, 102, 83
track:574, 879, 701, 102, 83
track:575, 880, 700, 102, 83
track:576, 880, 699, 102, 83
track:577, 879, 697, 102, 83
track:578, 879, 696, 102, 83
track:579, 880, 694, 102, 83
track:580, 882, 693, 102, 83
track:581, 882, 694, 102, 83
init :582, 876, 693, 101, 90
track:583, 875, 696, 101, 90
track:584, 875, 698, 101, 90
track:585, 874, 698, 101, 90
track:586, 875, 698, 101, 90
track:587, 874, 698, 101, 90
track:588, 875, 699, 101, 90
track:589, 875, 698, 101, 90
track:590, 874, 698, 101, 90
track:591, 872, 698, 101, 90
track:592, 873, 698, 101, 90
track:593, 869, 696, 106, 94
track:594, 870, 694, 106, 94
track:595, 867, 683, 111, 99
track:596, 866, 681, 111, 99
track:597, 866, 681, 111, 99
track:598, 865, 677, 111, 99
track:599, 864, 670, 111, 99
track:600, 865, 668, 111, 99
track:601, 866, 667, 111, 99
track:602, 866, 666, 111, 99
track:603, 865, 666, 111, 99
track:604, 864, 661, 111, 99
track:605, 864, 659, 111, 99
track:606, 864, 658, 111, 99
track:607, 864, 657, 111, 99
track:608, 862, 655, 117, 104
track:609, 862, 654, 117, 104
track:610, 861, 656, 117, 104
track:611, 862, 660, 117, 104
track:612, 862, 660, 117, 104
track:613, 862, 662, 117, 104
track:614, 862, 665, 117, 104
track:615, 863, 668, 117, 104
track:616, 858, 668, 123, 109
track:617, 858, 668, 123, 109
track:618, 859, 667, 123, 109
track:619, 856, 664, 129, 115
track:620, 856, 663, 129, 115
track:621, 857, 663, 129, 115
track:622, 857, 662, 129, 115
track:623, 856, 662, 129, 115
track:624, 855, 661, 129, 115
track:625, 856, 660, 129, 115
track:626, 857, 661, 129, 115
track:627, 858, 661, 129, 115
track:628, 858, 663, 129, 115
track:629, 857, 662, 129, 115
track:630, 853, 658, 135, 121
track:631, 854, 657, 135, 121
track:632, 853, 656, 135, 121
track:633, 855, 660, 135, 121
track:634, 856, 663, 135, 121
track:635, 852, 663, 142, 127
track:636, 854, 664, 142, 127
track:637, 855, 664, 142, 127
track:638, 856, 665, 142, 127
track:639, 858, 665, 142, 127
track:640, 857, 664, 142, 127
track:641, 857, 663, 142, 127
track:642, 857, 662, 142, 127
track:643, 857, 661, 142, 127
track:644, 858, 660, 142, 127
track:645, 858, 651, 142, 127
track:646, 858, 650, 142, 127
track:647, 858, 649, 142, 127
track:648, 858, 648, 142, 127
track:649, 859, 648, 142, 127
track:650, 860, 649, 142, 127
track:651, 862, 648, 142, 127
track:652, 863, 649, 142, 127
track:653, 863, 648, 142, 127
track:654, 863, 649, 142, 127
track:655, 865, 653, 142, 127
track:656, 866, 655, 142, 127
track:657, 866, 656, 142, 127
track:658, 867, 659, 142, 127
track:659, 869, 659, 142, 127
track:660, 869, 657, 142, 127
track:661, 869, 658, 142, 127
track:662, 869, 657, 142, 127
track:663, 870, 658, 142, 127
track:664, 872, 656, 142, 127
init :665, 881, 656, 138, 116
track:666, 881, 655, 138, 116
track:667, 882, 655, 138, 116
track:668, 882, 654, 138, 116
track:669, 883, 653, 138, 116
track:670, 883, 652, 138, 116
track:671, 880, 652, 138, 116
track:672, 880, 653, 138, 116
track:673, 878, 653, 138, 116
track:674, 877, 652, 138, 116
track:675, 877, 651, 138, 116
track:676, 876, 650, 138, 116
track:677, 875, 650, 138, 116
track:678, 873, 654, 138, 116
track:679, 872, 664, 138, 116
track:680, 873, 672, 138, 116
track:681, 874, 673, 138, 116
track:682, 874, 673, 138, 116
track:683, 869, 669, 145, 122
track:684, 868, 668, 145, 122
track:685, 867, 671, 145, 122
track:686, 868, 673, 145, 122
track:687, 868, 673, 145, 122
track:688, 867, 673, 145, 122
track:689, 866, 671, 145, 122
track:690, 865, 669, 145, 122
track:691, 860, 665, 152, 128
track:692, 859, 665, 152, 128
track:693, 860, 664, 152, 128
track:694, 860, 663, 152, 128
track:695, 861, 663, 152, 128
track:696, 859, 661, 152, 128
track:697, 860, 660, 152, 128
track:698, 857, 659, 152, 128
track:699, 855, 659, 152, 128
track:700, 854, 660, 152, 128
track:701, 855, 662, 152, 128
track:702, 855, 662, 152, 128
track:703, 854, 666, 152, 128
track:704, 853, 671, 152, 128
track:705, 851, 676, 152, 128
track:706, 850, 677, 152, 128
track:707, 851, 678, 152, 128
track:708, 850, 679, 152, 128
track:709, 849, 680, 152, 128
track:710, 850, 678, 152, 128
track:711, 850, 677, 152, 128
track:712, 849, 675, 152, 128
track:713, 850, 674, 152, 128
track:714, 850, 674, 152, 128
track:715, 852, 678, 145, 122
track:716, 853, 678, 145, 122
track:717, 852, 680, 145, 122
track:718, 854, 680, 145, 122
track:719, 851, 678, 152, 128
track:720, 852, 678, 152, 128
track:721, 851, 678, 152, 128
track:722, 852, 678, 152, 128
track:723, 852, 678, 152, 128
track:724, 851, 675, 152, 128
track:725, 852, 671, 152, 128
track:726, 853, 670, 152, 128
track:727, 853, 668, 152, 128
track:728, 850, 663, 160, 134
track:729, 850, 657, 160, 134
track:730, 851, 655, 160, 134
track:731, 848, 651, 168, 141
track:732, 848, 652, 168, 141
track:733, 847, 651, 168, 141
track:734, 848, 646, 168, 141
track:735, 850, 642, 168, 141
track:736, 850, 640, 168, 141
track:737, 850, 639, 168, 141
track:738, 848, 638, 168, 141
track:739, 847, 638, 168, 141
track:740, 849, 640, 168, 141
track:741, 849, 640, 168, 141
track:742, 849, 641, 168, 141
track:743, 847, 642, 168, 141
track:744, 847, 641, 168, 141
track:745, 849, 639, 168, 141
track:746, 848, 639, 168, 141
track:747, 849, 637, 168, 141
init :748, 853, 633, 161, 127
track:749, 853, 629, 161, 127
track:750, 851, 628, 161, 127
track:751, 851, 628, 161, 127
track:752, 846, 627, 169, 133
track:753, 851, 631, 161, 127
track:754, 854, 631, 161, 127
track:755, 855, 630, 161, 127
track:756, 856, 630, 161, 127
track:757, 856, 628, 161, 127
track:758, 857, 628, 161, 127
track:759, 855, 629, 161, 127
track:760, 855, 634, 161, 127
track:761, 852, 631, 169, 133
track:762, 853, 632, 169, 133
track:763, 855, 631, 169, 133
track:764, 860, 635, 161, 127
track:765, 859, 635, 161, 127
track:766, 859, 635, 161, 127
track:767, 858, 635, 161, 127
track:768, 859, 635, 161, 127
track:769, 859, 637, 161, 127
track:770, 862, 648, 161, 127
track:771, 866, 651, 153, 121
track:772, 868, 651, 153, 121
track:773, 872, 651, 146, 115
track:774, 872, 650, 146, 115
track:775, 873, 651, 146, 115
track:776, 874, 650, 146, 115
track:777, 874, 650, 146, 115
track:778, 875, 650, 146, 115
track:779, 876, 649, 146, 115
track:780, 879, 652, 139, 110
track:781, 884, 654, 132, 104
track:782, 883, 654, 132, 104
track:783, 883, 653, 132, 104
track:784, 884, 653, 132, 104
track:785, 883, 653, 132, 104
track:786, 882, 654, 132, 104
track:787, 882, 655, 132, 104
track:788, 880, 655, 132, 104
track:789, 880, 655, 132, 104
track:790, 880, 654, 132, 104
track:791, 880, 654, 132, 104
track:792, 880, 653, 132, 104
track:793, 879, 655, 132, 104
track:794, 878, 656, 132, 104
track:795, 879, 660, 132, 104
track:796, 882, 663, 126, 100
track:797, 882, 663, 126, 100
track:798, 882, 662, 126, 100
track:799, 882, 663, 126, 100
track:800, 882, 665, 126, 100
track:801, 879, 662, 132, 104
track:802, 879, 663, 132, 104
track:803, 879, 663, 132, 104
track:804, 879, 663, 132, 104
track:805, 877, 664, 132, 104
track:806, 878, 663, 132, 104
track:807, 877, 664, 132, 104
track:808, 876, 665, 132, 104
track:809, 877, 666, 132, 104
track:810, 877, 669, 132, 104
track:811, 877, 669, 132, 104
track:812, 877, 670, 132, 104
track:813, 875, 670, 132, 104
track:814, 872, 671, 132, 104
track:815, 872, 670, 132, 104
track:816, 872, 670, 132, 104
track:817, 871, 672, 132, 104
track:818, 871, 679, 132, 104
track:819, 870, 682, 132, 104
track:820, 868, 693, 132, 104
track:821, 865, 691, 139, 110
track:822, 864, 691, 139, 110
track:823, 860, 688, 146, 115
track:824, 859, 686, 146, 115
track:825, 858, 687, 146, 115
track:826, 858, 687, 146, 115
track:827, 858, 693, 146, 115
track:828, 858, 698, 146, 115
track:829, 860, 699, 146, 115
track:830, 862, 700, 146, 115
init :831, 853, 682, 161, 153
track:832, 853, 682, 161, 153
track:833, 857, 681, 161, 153
track:834, 853, 671, 169, 161
track:835, 852, 661, 169, 161
track:836, 852, 662, 169, 161
track:837, 851, 657, 169, 161
track:838, 851, 655, 169, 161
track:839, 849, 651, 169, 161
track:840, 848, 645, 169, 161
track:841, 846, 644, 169, 161
track:842, 845, 642, 169, 161
track:843, 839, 636, 178, 169
track:844, 837, 631, 178, 169
track:845, 831, 616, 178, 169
track:846, 830, 616, 178, 169
track:847, 830, 609, 178, 169
track:848, 827, 600, 186, 177
track:849, 825, 597, 186, 177
track:850, 824, 597, 186, 177
track:851, 824, 597, 186, 177
track:852, 828, 592, 186, 177
track:853, 830, 589, 186, 177
track:854, 832, 590, 186, 177
track:855, 832, 593, 186, 177
track:856, 833, 593, 186, 177
track:857, 832, 595, 186, 177
track:858, 834, 593, 186, 177
track:859, 834, 588, 186, 177
track:860, 835, 587, 186, 177
track:861, 835, 586, 186, 177
track:862, 834, 589, 186, 177
track:863, 835, 593, 186, 177
track:864, 836, 598, 186, 177
track:865, 836, 606, 186, 177
track:866, 836, 606, 186, 177
track:867, 837, 611, 186, 177
track:868, 836, 613, 186, 177
track:869, 838, 613, 186, 177
track:870, 842, 621, 178, 169
track:871, 843, 622, 178, 169
track:872, 843, 623, 178, 169
track:873, 847, 627, 169, 161
track:874, 852, 631, 161, 153
track:875, 853, 631, 161, 153
track:876, 853, 631, 161, 153
track:877, 855, 633, 161, 153
track:878, 856, 634, 161, 153
track:879, 857, 632, 161, 153
track:880, 862, 636, 153, 146
track:881, 862, 636, 153, 146
track:882, 861, 636, 153, 146
track:883, 863, 634, 153, 146
track:884, 866, 632, 153, 146
track:885, 867, 633, 153, 146
track:886, 868, 633, 153, 146
track:887, 870, 634, 153, 146
track:888, 869, 634, 153, 146
track:889, 871, 633, 153, 146
track:890, 872, 631, 153, 146
track:891, 873, 632, 153, 146
track:892, 875, 631, 153, 146
track:893, 875, 630, 153, 146
track:894, 875, 629, 153, 146
track:895, 880, 633, 146, 139
track:896, 883, 636, 139, 132
track:897, 884, 635, 139, 132
track:898, 885, 638, 132, 126
track:899, 882, 638, 132, 126
track:900, 882, 639, 132, 126
track:901, 881, 640, 132, 126
track:902, 881, 642, 132, 126
track:903, 880, 643, 132, 126
track:904, 880, 641, 132, 126
track:905, 880, 641, 132, 126
track:906, 880, 641, 132, 126
track:907, 892, 626, 132, 126
track:908, 902, 626, 132, 126
track:909, 918, 638, 132, 126
track:910, 911, 639, 139, 132
track:911, 911, 638, 139, 132
track:912, 906, 642, 139, 132
track:913, 910, 645, 139, 132
init :914, 807, 568, 286, 259
track:915, 809, 569, 286, 259
track:916, 809, 569, 286, 259
track:917, 810, 571, 286, 259
track:918, 811, 573, 286, 259
track:919, 802, 570, 300, 272
track:920, 800, 571, 300, 272
track:921, 800, 568, 300, 272
track:922, 803, 576, 286, 259
track:923, 798, 575, 286, 259
track:924, 794, 572, 286, 259
track:925, 789, 572, 286, 259
track:926, 787, 573, 286, 259
track:927, 784, 574, 286, 259
track:928, 776, 573, 286, 259
track:929, 773, 574, 286, 259
track:930, 770, 571, 286, 259
track:931, 768, 571, 286, 259
track:932, 767, 569, 286, 259
track:933, 765, 567, 286, 259
track:934, 770, 572, 272, 247
track:935, 766, 564, 286, 259
track:936, 772, 569, 272, 247
track:937, 772, 566, 272, 247
track:938, 772, 565, 272, 247
track:939, 773, 563, 272, 247
track:940, 774, 561, 272, 247
track:941, 773, 561, 272, 247
track:942, 773, 560, 272, 247
track:943, 772, 557, 272, 247
track:944, 769, 559, 272, 247
track:945, 768, 558, 272, 247
track:946, 769, 557, 272, 247
track:947, 766, 558, 272, 247
track:948, 762, 560, 272, 247
track:949, 756, 561, 272, 247
track:950, 753, 562, 272, 247
track:951, 753, 563, 272, 247
track:952, 752, 564, 272, 247
track:953, 747, 566, 272, 247
track:954, 747, 567, 272, 247
track:955, 744, 566, 272, 247
track:956, 745, 569, 272, 247
track:957, 744, 568, 272, 247
track:958, 741, 570, 272, 247
track:959, 740, 571, 272, 247
track:960, 738, 571, 272, 247
track:961, 741, 573, 272, 247
track:962, 743, 580, 259, 235
track:963, 738, 582, 259, 235
track:964, 738, 581, 259, 235
track:965, 737, 580, 259, 235
track:966, 732, 583, 259, 235
track:967, 729, 584, 259, 235
track:968, 725, 583, 259, 235
track:969, 719, 584, 259, 235
track:970, 719, 585, 259, 235
track:971, 713, 586, 259, 235
track:972, 709, 585, 259, 235
track:973, 702, 586, 259, 235
track:974, 701, 586, 259, 235
track:975, 702, 587, 259, 235
track:976, 698, 588, 259, 235
track:977, 696, 588, 259, 235
track:978, 692, 588, 259, 235
track:979, 696, 594, 247, 224
track:980, 693, 594, 247, 224
track:981, 694, 595, 247, 224
track:982, 695, 595, 247, 224
track:983, 695, 596, 247, 224
track:984, 691, 591, 259, 235
track:985, 692, 591, 259, 235
track:986, 692, 591, 259, 235
track:987, 693, 590, 259, 235
track:988, 696, 589, 259, 235
track:989, 698, 590, 259, 235
track:990, 697, 590, 259, 235
track:991, 698, 589, 259, 235
track:992, 698, 591, 259, 235
track:993, 698, 590, 259, 235
track:994, 697, 590, 259, 235
track:995, 697, 590, 259, 235
track:996, 702, 592, 247, 224
init :997, 715, 584, 503, 231
track:998, 715, 585, 503, 231
track:999, 718, 584, 503, 231
track:1000, 720, 585, 503, 231
track:1001, 724, 580, 503, 231
track:1002, 727, 578, 503, 231
track:1003, 731, 576, 503, 231
track:1004, 733, 574, 503, 231
track:1005, 736, 572, 503, 231
track:1006, 751, 576, 479, 220
track:1007, 753, 574, 479, 220
track:1008, 751, 571, 479, 220
track:1009, 747, 571, 479, 220
track:1010, 750, 569, 479, 220
track:1011, 748, 569, 479, 220
track:1012, 743, 569, 479, 220
track:1013, 739, 568, 479, 220
track:1014, 737, 567, 479, 220
track:1015, 743, 572, 456, 210
track:1016, 742, 570, 456, 210
track:1017, 738, 571, 456, 210
track:1018, 734, 571, 456, 210
track:1019, 729, 570, 456, 210
track:1020, 740, 575, 435, 200
track:1021, 741, 577, 435, 200
track:1022, 741, 574, 435, 200
track:1023, 748, 578, 414, 190
track:1024, 749, 578, 414, 190
track:1025, 748, 578, 414, 190
track:1026, 746, 578, 414, 190
track:1027, 739, 581, 414, 190
track:1028, 734, 581, 414, 190
track:1029, 740, 585, 394, 181
track:1030, 738, 584, 394, 181
track:1031, 741, 584, 394, 181
track:1032, 723, 583, 414, 190
track:1033, 721, 585, 414, 190
track:1034, 724, 591, 394, 181
track:1035, 731, 593, 375, 172
track:1036, 726, 592, 375, 172
track:1037, 734, 598, 357, 164
track:1038, 722, 597, 375, 172
track:1039, 713, 596, 394, 181
track:1040, 715, 598, 394, 181
track:1041, 712, 600, 394, 181
track:1042, 709, 602, 394, 181
track:1043, 697, 602, 414, 190
track:1044, 702, 602, 414, 190
track:1045, 701, 604, 414, 190
track:1046, 703, 605, 414, 190
track:1047, 696, 605, 435, 200
track:1048, 699, 604, 435, 200
track:1049, 707, 605, 435, 200
track:1050, 704, 604, 435, 200
track:1051, 710, 600, 435, 200
track:1052, 711, 599, 435, 200
track:1053, 721, 595, 435, 200
track:1054, 730, 594, 435, 200
track:1055, 732, 593, 435, 200
track:1056, 747, 598, 414, 190
track:1057, 750, 599, 414, 190
track:1058, 747, 600, 414, 190
track:1059, 748, 599, 414, 190
track:1060, 757, 605, 394, 181
track:1061, 762, 610, 375, 172
track:1062, 752, 606, 394, 181
track:1063, 750, 606, 394, 181
track:1064, 748, 606, 394, 181
track:1065, 750, 605, 394, 181
track:1066, 739, 605, 394, 181
track:1067, 734, 605, 394, 181
track:1068, 723, 606, 394, 181
track:1069, 711, 606, 394, 181
track:1070, 713, 605, 394, 181
track:1071, 703, 608, 394, 181
track:1072, 689, 606, 394, 181
track:1073, 672, 609, 394, 181
track:1074, 673, 612, 375, 172
track:1075, 675, 612, 375, 172
track:1076, 658, 613, 375, 172
track:1077, 659, 612, 375, 172
track:1078, 632, 611, 375, 172
track:1079, 623, 613, 375, 172
init :1080, 687, 625, 433, 129
track:1081, 680, 624, 433, 129
track:1082, 679, 625, 433, 129
track:1083, 676, 625, 433, 129
track:1084, 674, 626, 433, 129
track:1085, 671, 626, 433, 129
track:1086, 672, 627, 433, 129
track:1087, 668, 626, 433, 129
track:1088, 671, 625, 433, 129
track:1089, 669, 625, 433, 129
track:1090, 668, 625, 433, 129
track:1091, 677, 629, 412, 123
track:1092, 672, 627, 433, 129
track:1093, 676, 629, 433, 129
track:1094, 666, 628, 455, 135
track:1095, 681, 632, 433, 129
track:1096, 681, 632, 433, 129
track:1097, 673, 630, 455, 135
track:1098, 672, 631, 455, 135
track:1099, 675, 631, 455, 135
track:1100, 677, 631, 455, 135
track:1101, 664, 627, 477, 142
track:1102, 662, 627, 477, 142
track:1103, 661, 627, 477, 142
track:1104, 664, 628, 477, 142
track:1105, 664, 628, 477, 142
track:1106, 661, 627, 477, 142
track:1107, 660, 628, 477, 142
track:1108, 671, 632, 455, 135
track:1109, 670, 633, 455, 135
track:1110, 668, 634, 455, 135
track:1111, 660, 634, 455, 135
track:1112, 661, 636, 455, 135
track:1113, 659, 637, 455, 135
track:1114, 656, 637, 455, 135
track:1115, 653, 639, 455, 135
track:1116, 653, 640, 455, 135
track:1117, 671, 644, 433, 129
track:1118, 665, 645, 433, 129
track:1119, 653, 643, 455, 135
track:1120, 650, 645, 455, 135
track:1121, 642, 645, 455, 135
track:1122, 641, 649, 455, 135
track:1123, 637, 649, 455, 135
track:1124, 652, 657, 433, 129
track:1125, 647, 656, 433, 129
track:1126, 661, 659, 433, 129
track:1127, 655, 660, 455, 135
track:1128, 647, 661, 455, 135
track:1129, 662, 661, 455, 135
track:1130, 671, 661, 433, 129
track:1131, 668, 662, 433, 129
track:1132, 775, 660, 412, 123
track:1133, 791, 656, 412, 123
track:1134, 792, 657, 412, 123
track:1135, 787, 655, 412, 123
track:1136, 800, 658, 393, 117
track:1137, 805, 657, 393, 117
track:1138, 816, 661, 374, 111
track:1139, 797, 658, 374, 111
track:1140, 805, 656, 374, 111
track:1141, 790, 659, 374, 111
track:1142, 781, 656, 393, 117
track:1143, 784, 655, 393, 117
track:1144, 775, 658, 393, 117
track:1145, 762, 656, 412, 123
track:1146, 758, 659, 412, 123
track:1147, 752, 658, 412, 123
track:1148, 753, 656, 412, 123
track:1149, 745, 655, 412, 123
track:1150, 742, 654, 412, 123
track:1151, 748, 657, 393, 117
track:1152, 742, 655, 393, 117
track:1153, 733, 659, 393, 117
track:1154, 735, 659, 393, 117
track:1155, 722, 656, 412, 123
track:1156, 736, 660, 393, 117
track:1157, 737, 662, 393, 117
track:1158, 745, 665, 393, 117
track:1159, 744, 666, 393, 117
track:1160, 747, 668, 393, 117
track:1161, 750, 669, 393, 117
track:1162, 750, 668, 393, 117
init :1163, 784, 636, 286, 176
track:1164, 785, 636, 286, 176
track:1165, 785, 637, 286, 176
track:1166, 783, 638, 286, 176
track:1167, 773, 634, 300, 185
track:1168, 771, 634, 300, 185
track:1169, 768, 634, 300, 185
track:1170, 765, 634, 300, 185
track:1171, 766, 634, 300, 185
track:1172, 764, 633, 300, 185
track:1173, 757, 632, 300, 185
track:1174, 753, 627, 315, 194
track:1175, 751, 624, 315, 194
track:1176, 753, 625, 315, 194
track:1177, 751, 618, 331, 204
track:1178, 750, 618, 331, 204
track:1179, 753, 622, 315, 194
track:1180, 749, 620, 315, 194
track:1181, 755, 621, 315, 194
track:1182, 741, 619, 315, 194
track:1183, 740, 622, 300, 185
track:1184, 748, 619, 300, 185
track:1185, 751, 621, 286, 176
track:1186, 747, 625, 272, 168
track:1187, 755, 622, 272, 168
track:1188, 741, 619, 272, 168
track:1189, 752, 625, 259, 160
track:1190, 753, 623, 259, 160
track:1191, 761, 629, 247, 152
track:1192, 767, 624, 247, 152
track:1193, 773, 626, 235, 145
track:1194, 770, 622, 235, 145
track:1195, 758, 621, 235, 145
track:1196, 758, 619, 235, 145
track:1197, 757, 616, 235, 145
track:1198, 757, 616, 235, 145
track:1199, 754, 615, 235, 145
track:1200, 755, 614, 235, 145
track:1201, 758, 613, 235, 145
track:1202, 758, 613, 235, 145
track:1203, 766, 613, 235, 145
track:1204, 767, 610, 235, 145
track:1205, 778, 614, 224, 138
track:1206, 774, 612, 224, 138
track:1207, 787, 618, 213, 131
track:1208, 798, 624, 203, 125
track:1209, 795, 621, 213, 131
track:1210, 801, 619, 213, 131
track:1211, 806, 620, 213, 131
track:1212, 813, 623, 213, 131
track:1213, 823, 627, 203, 125
track:1214, 823, 628, 203, 125
track:1215, 825, 629, 203, 125
track:1216, 824, 628, 203, 125
track:1217, 825, 629, 203, 125
track:1218, 823, 629, 203, 125
track:1219, 822, 628, 203, 125
track:1220, 825, 627, 203, 125
track:1221, 823, 631, 194, 119
track:1222, 831, 634, 184, 113
track:1223, 836, 634, 184, 113
track:1224, 834, 635, 184, 113
track:1225, 839, 635, 184, 113
track:1226, 838, 633, 184, 113
track:1227, 842, 637, 176, 108
track:1228, 844, 636, 176, 108
track:1229, 846, 636, 176, 108
track:1230, 849, 637, 176, 108
track:1231, 848, 637, 176, 108
track:1232, 847, 637, 176, 108
track:1233, 845, 638, 176, 108
track:1234, 847, 637, 176, 108
track:1235, 848, 637, 176, 108
track:1236, 852, 640, 167, 103
track:1237, 861, 639, 159, 98
track:1238, 860, 639, 159, 98
track:1239, 857, 638, 159, 98
track:1240, 859, 634, 159, 98
track:1241, 865, 635, 159, 98
track:1242, 871, 634, 152, 93
track:1243, 869, 628, 159, 98
track:1244, 870, 625, 159, 98
track:1245, 869, 621, 159, 98
init :1246, 941, 669, 184, 93
track:1247, 940, 670, 184, 93
track:1248, 941, 671, 175, 89
track:1249, 940, 670, 175, 89
track:1250, 941, 672, 167, 84
track:1251, 942, 673, 159, 80
track:1252, 933, 672, 159, 80
track:1253, 934, 672, 151, 77
track:1254, 933, 671, 151, 77
track:1255, 927, 670, 151, 77
track:1256, 925, 670, 144, 73
track:1257, 914, 667, 151, 77
track:1258, 899, 664, 159, 80
track:1259, 897, 663, 159, 80
track:1260, 890, 660, 167, 84
track:1261, 891, 660, 159, 80
track:1262, 887, 658, 159, 80
track:1263, 890, 660, 151, 77
track:1264, 889, 661, 151, 77
track:1265, 893, 664, 144, 73
track:1266, 895, 664, 144, 73
track:1267, 896, 661, 144, 73
track:1268, 891, 658, 144, 73
track:1269, 893, 659, 144, 73
track:1270, 893, 658, 144, 73
track:1271, 895, 660, 137, 69
track:1272, 891, 659, 137, 69
track:1273, 883, 657, 144, 73
track:1274, 886, 660, 137, 69
track:1275, 881, 659, 137, 69
track:1276, 877, 659, 137, 69
track:1277, 873, 657, 137, 69
track:1278, 867, 655, 137, 69
track:1279, 866, 659, 137, 69
track:1280, 855, 660, 137, 69
track:1281, 855, 661, 131, 66
track:1282, 846, 662, 131, 66
track:1283, 844, 662, 131, 66
track:1284, 843, 661, 131, 66
track:1285, 837, 665, 125, 63
track:1286, 836, 664, 125, 63
track:1287, 835, 664, 125, 63
track:1288, 830, 664, 125, 63
track:1289, 829, 663, 125, 63
track:1290, 829, 663, 125, 63
track:1291, 827, 663, 125, 63
track:1292, 824, 662, 125, 63
track:1293, 822, 662, 125, 63
track:1294, 825, 664, 119, 60
track:1295, 827, 666, 113, 57
track:1296, 826, 666, 113, 57
track:1297, 827, 665, 113, 57
track:1298, 827, 665, 113, 57
track:1299, 826, 665, 113, 57
track:1300, 827, 666, 113, 57
track:1301, 821, 665, 119, 60
track:1302, 821, 665, 119, 60
track:1303, 821, 664, 119, 60
track:1304, 821, 664, 119, 60
track:1305, 821, 663, 119, 60
track:1306, 822, 664, 119, 60
track:1307, 826, 667, 113, 57
track:1308, 828, 667, 113, 57
track:1309, 829, 669, 108, 54
track:1310, 832, 670, 102, 52
track:1311, 835, 671, 102, 52
track:1312, 836, 673, 98, 49
track:1313, 835, 673, 98, 49
track:1314, 835, 673, 98, 49
track:1315, 837, 674, 93, 47
track:1316, 836, 675, 93, 47
track:1317, 833, 674, 93, 47
track:1318, 831, 673, 98, 49
track:1319, 831, 674, 98, 49
track:1320, 829, 674, 98, 49
track:1321, 829, 674, 98, 49
track:1322, 829, 676, 98, 49
track:1323, 831, 677, 98, 49
track:1324, 831, 678, 98, 49
track:1325, 832, 678, 98, 49
track:1326, 837, 680, 93, 47
track:1327, 837, 681, 93, 47
track:1328, 842, 683, 89, 45
init :1329, 867, 675, 166, 54
track:1330, 866, 675, 166, 54
track:1331, 865, 676, 166, 54
track:1332, 867, 677, 158, 51
track:1333, 862, 677, 158, 51
track:1334, 858, 676, 166, 54
track:1335, 855, 677, 166, 54
track:1336, 851, 676, 166, 54
track:1337, 847, 677, 166, 54
track:1338, 844, 677, 166, 54
track:1339, 843, 677, 166, 54
track:1340, 842, 677, 166, 54
track:1341, 841, 677, 166, 54
track:1342, 841, 678, 166, 54
track:1343, 841, 678, 166, 54
track:1344, 838, 678, 174, 57
track:1345, 838, 678, 174, 57
track:1346, 838, 678, 174, 57
track:1347, 838, 678, 174, 57
track:1348, 837, 678, 174, 57
track:1349, 842, 679, 166, 54
track:1350, 844, 680, 158, 51
track:1351, 837, 679, 166, 54
track:1352, 835, 679, 166, 54
track:1353, 835, 680, 166, 54
track:1354, 835, 680, 166, 54
track:1355, 831, 679, 174, 57
track:1356, 831, 680, 174, 57
track:1357, 832, 680, 174, 57
track:1358, 833, 680, 174, 57
track:1359, 834, 680, 174, 57
track:1360, 833, 680, 174, 57
track:1361, 832, 681, 174, 57
track:1362, 836, 683, 166, 54
track:1363, 835, 682, 174, 57
track:1364, 834, 683, 174, 57
track:1365, 834, 683, 174, 57
track:1366, 831, 683, 174, 57
track:1367, 831, 683, 174, 57
track:1368, 831, 684, 174, 57
track:1369, 830, 684, 174, 57
track:1370, 831, 685, 174, 57
track:1371, 828, 686, 174, 57
track:1372, 823, 685, 183, 60
track:1373, 821, 686, 183, 60
track:1374, 820, 687, 183, 60
track:1375, 822, 688, 174, 57
track:1376, 820, 688, 174, 57
track:1377, 818, 688, 174, 57
track:1378, 816, 688, 174, 57
track:1379, 813, 688, 174, 57
track:1380, 811, 689, 174, 57
track:1381, 806, 690, 174, 57
track:1382, 805, 691, 174, 57
track:1383, 793, 691, 183, 60
track:1384, 793, 692, 183, 60
track:1385, 794, 693, 183, 60
track:1386, 795, 694, 183, 60
track:1387, 796, 694, 183, 60
track:1388, 793, 694, 192, 63
track:1389, 794, 695, 192, 63
track:1390, 796, 696, 192, 63
track:1391, 798, 697, 192, 63
track:1392, 804, 697, 192, 63
track:1393, 805, 698, 192, 63
track:1394, 803, 698, 202, 66
track:1395, 805, 700, 202, 66
track:1396, 807, 700, 202, 66
track:1397, 806, 701, 202, 66
track:1398, 805, 702, 202, 66
track:1399, 805, 702, 202, 66
track:1400, 801, 702, 202, 66
track:1401, 795, 703, 202, 66
track:1402, 790, 704, 202, 66
track:1403, 787, 704, 202, 66
track:1404, 787, 705, 202, 66
track:1405, 784, 705, 202, 66
track:1406, 773, 704, 212, 69
track:1407, 770, 704, 212, 69
track:1408, 767, 704, 212, 69
track:1409, 766, 704, 212, 69
track:1410, 765, 704, 212, 69
track:1411, 765, 705, 212, 69
init :1412, 789, 716, 240, 72
track:1413, 790, 715, 240, 72
track:1414, 790, 716, 240, 72
track:1415, 792, 716, 240, 72
track:1416, 793, 717, 240, 72
track:1417, 794, 717, 240, 72
track:1418, 793, 717, 240, 72
track:1419, 786, 716, 252, 76
track:1420, 784, 717, 252, 76
track:1421, 782, 718, 252, 76
track:1422, 782, 718, 252, 76
track:1423, 781, 719, 252, 76
track:1424, 781, 720, 252, 76
track:1425, 782, 720, 252, 76
track:1426, 781, 720, 252, 76
track:1427, 782, 721, 252, 76
track:1428, 781, 722, 252, 76
track:1429, 781, 723, 252, 76
track:1430, 781, 723, 252, 76
track:1431, 778, 723, 252, 76
track:1432, 775, 723, 252, 76
track:1433, 769, 723, 265, 79
track:1434, 774, 725, 252, 76
track:1435, 771, 725, 252, 76
track:1436, 764, 724, 265, 79
track:1437, 764, 725, 265, 79
track:1438, 759, 726, 278, 83
track:1439, 759, 726, 278, 83
track:1440, 758, 728, 278, 83
track:1441, 759, 728, 278, 83
track:1442, 759, 731, 265, 79
track:1443, 752, 732, 265, 79
track:1444, 751, 731, 265, 79
track:1445, 749, 731, 265, 79
track:1446, 739, 731, 265, 79
track:1447, 737, 731, 265, 79
track:1448, 736, 730, 265, 79
track:1449, 736, 730, 265, 79
track:1450, 736, 730, 265, 79
track:1451, 737, 728, 265, 79
track:1452, 745, 728, 252, 76
track:1453, 750, 727, 252, 76
track:1454, 759, 725, 240, 72
track:1455, 762, 726, 240, 72
track:1456, 766, 723, 240, 72
track:1457, 776, 724, 229, 69
track:1458, 780, 724, 229, 69
track:1459, 781, 722, 229, 69
track:1460, 790, 722, 229, 69
track:1461, 789, 719, 240, 72
track:1462, 795, 719, 240, 72
track:1463, 800, 718, 240, 72
track:1464, 808, 717, 229, 69
track:1465, 830, 711, 218, 65
track:1466, 830, 707, 229, 69
track:1467, 838, 704, 218, 65
track:1468, 837, 701, 229, 69
track:1469, 835, 698, 229, 69
track:1470, 838, 699, 218, 65
track:1471, 837, 696, 218, 65
track:1472, 840, 696, 218, 65
track:1473, 839, 694, 218, 65
track:1474, 834, 692, 218, 65
track:1475, 834, 692, 218, 65
track:1476, 837, 693, 218, 65
track:1477, 837, 694, 218, 65
track:1478, 837, 696, 218, 65
track:1479, 836, 696, 218, 65
track:1480, 838, 696, 218, 65
track:1481, 838, 697, 218, 65
track:1482, 839, 697, 218, 65
track:1483, 837, 695, 218, 65
track:1484, 850, 692, 218, 65
track:1485, 856, 692, 207, 62
track:1486, 873, 692, 207, 62
track:1487, 876, 690, 197, 59
track:1488, 878, 691, 197, 59
track:1489, 880, 690, 197, 59
track:1490, 880, 689, 197, 59
track:1491, 890, 690, 188, 56
track:1492, 889, 689, 188, 56
track:1493, 889, 688, 188, 56
track:1494, 892, 686, 179, 54
init :1495, 863, 649, 286, 147
track:1496, 861, 646, 286, 147
track:1497, 858, 645, 286, 147
track:1498, 851, 639, 300, 154
track:1499, 846, 635, 300, 154
track:1500, 847, 634, 300, 154
track:1501, 842, 635, 286, 147
track:1502, 829, 624, 300, 154
track:1503, 825, 624, 300, 154
track:1504, 831, 622, 300, 154
track:1505, 827, 619, 300, 154
track:1506, 834, 618, 286, 147
track:1507, 830, 619, 286, 147
track:1508, 830, 619, 286, 147
track:1509, 841, 617, 286, 147
track:1510, 833, 615, 286, 147
track:1511, 826, 605, 300, 154
track:1512, 819, 604, 300, 154
track:1513, 819, 608, 286, 147
track:1514, 815, 608, 286, 147
track:1515, 791, 606, 286, 147
track:1516, 775, 610, 272, 140
track:1517, 747, 607, 286, 147
track:1518, 744, 609, 286, 147
track:1519, 730, 613, 272, 140
track:1520, 709, 620, 259, 133
track:1521, 682, 619, 259, 133
track:1522, 678, 621, 259, 133
track:1523, 683, 624, 247, 127
track:1524, 664, 621, 247, 127
track:1525, 667, 620, 247, 127
track:1526, 674, 620, 247, 127
track:1527, 675, 621, 247, 127
track:1528, 678, 621, 247, 127
track:1529, 709, 619, 247, 127
track:1530, 731, 620, 247, 127
track:1531, 756, 621, 247, 127
track:1532, 788, 621, 235, 121
track:1533, 788, 625, 224, 115
track:1534, 814, 621, 224, 115
track:1535, 844, 624, 213, 110
track:1536, 868, 624, 213, 110
track:1537, 886, 628, 213, 110
track:1538, 888, 628, 213, 110
track:1539, 894, 626, 224, 115
track:1540, 901, 628, 224, 115
track:1541, 912, 631, 213, 110
track:1542, 909, 630, 224, 115
track:1543, 914, 629, 224, 115
track:1544, 917, 634, 213, 110
track:1545, 914, 635, 213, 110
track:1546, 917, 637, 213, 110
track:1547, 908, 642, 203, 104
track:1548, 904, 640, 213, 110
track:1549, 899, 641, 213, 110
track:1550, 890, 640, 224, 115
track:1551, 885, 644, 213, 110
track:1552, 882, 645, 213, 110
track:1553, 880, 647, 213, 110
track:1554, 881, 650, 203, 104
track:1555, 879, 651, 203, 104
track:1556, 881, 651, 203, 104
track:1557, 889, 653, 194, 99
track:1558, 887, 654, 194, 99
track:1559, 892, 654, 194, 99
track:1560, 896, 653, 194, 99
track:1561, 905, 657, 184, 95
track:1562, 911, 661, 176, 90
track:1563, 911, 661, 176, 90
track:1564, 912, 661, 176, 90
track:1565, 913, 661, 176, 90
track:1566, 913, 662, 176, 90
track:1567, 917, 663, 167, 86
track:1568, 918, 663, 167, 86
track:1569, 916, 663, 167, 86
track:1570, 914, 662, 167, 86
track:1571, 916, 664, 159, 82
track:1572, 914, 665, 159, 82
track:1573, 914, 665, 159, 82
track:1574, 912, 666, 159, 82
track:1575, 910, 666, 159, 82
track:1576, 906, 665, 159, 82
track:1577, 907, 666, 152, 78
init :1578, 913, 672, 143, 75
track:1579, 911, 672, 143, 75
track:1580, 908, 673, 143, 75
track:1581, 902, 674, 143, 75
track:1582, 901, 674, 143, 75
track:1583, 899, 674, 143, 75
track:1584, 898, 674, 143, 75
track:1585, 895, 674, 143, 75
track:1586, 893, 674, 143, 75
track:1587, 893, 673, 143, 75
track:1588, 896, 676, 136, 71
track:1589, 896, 676, 136, 71
track:1590, 897, 677, 136, 71
track:1591, 896, 678, 136, 71
track:1592, 891, 678, 136, 71
track:1593, 894, 678, 136, 71
track:1594, 892, 679, 136, 71
track:1595, 889, 680, 136, 71
track:1596, 887, 680, 136, 71
track:1599, 885, 681, 136, 71
track:1600, 887, 682, 130, 68
track:1601, 881, 680, 136, 71
track:1602, 880, 680, 136, 71
track:1603, 879, 680, 136, 71
track:1604, 876, 680, 136, 71
track:1605, 874, 680, 136, 71
track:1606, 872, 681, 136, 71
track:1607, 870, 682, 136, 71
track:1608, 868, 682, 136, 71
elapseTime: 16.168
