init :7, 821, 630, 235, 197
track:8, 821, 630, 235, 197
track:9, 822, 630, 235, 197
track:10, 821, 631, 235, 197
track:11, 823, 630, 235, 197
track:12, 823, 630, 235, 197
track:13, 824, 630, 235, 197
track:14, 824, 630, 235, 197
track:15, 824, 630, 235, 197
track:16, 825, 630, 235, 197
track:17, 826, 630, 235, 197
track:18, 825, 630, 235, 197
track:19, 825, 629, 235, 197
track:20, 821, 626, 247, 207
track:21, 820, 626, 247, 207
track:22, 827, 631, 235, 197
track:23, 828, 631, 235, 197
track:24, 827, 631, 235, 197
track:25, 828, 630, 235, 197
track:26, 829, 631, 235, 197
track:27, 829, 631, 235, 197
track:28, 829, 631, 235, 197
track:29, 829, 630, 235, 197
track:30, 829, 630, 235, 197
track:31, 830, 629, 235, 197
track:32, 831, 631, 235, 197
track:33, 829, 630, 235, 197
track:34, 830, 631, 235, 197
track:35, 830, 630, 235, 197
track:36, 830, 631, 235, 197
track:37, 829, 630, 235, 197
track:38, 831, 630, 235, 197
track:39, 830, 630, 235, 197
track:40, 830, 630, 235, 197
track:41, 831, 629, 235, 197
track:42, 830, 631, 235, 197
track:43, 831, 630, 235, 197
track:44, 830, 631, 235, 197
track:45, 832, 630, 235, 197
track:46, 830, 631, 235, 197
track:48, 832, 630, 235, 197
track:49, 830, 630, 235, 197
track:50, 831, 629, 235, 197
track:51, 832, 629, 235, 197
track:52, 831, 628, 235, 197
track:53, 832, 629, 235, 197
track:54, 831, 629, 235, 197
track:55, 832, 629, 235, 197
track:56, 831, 629, 235, 197
track:57, 831, 628, 235, 197
track:58, 831, 629, 235, 197
track:59, 830, 628, 235, 197
track:60, 832, 628, 235, 197
track:61, 831, 630, 235, 197
track:62, 830, 629, 235, 197
track:63, 829, 629, 235, 197
track:64, 830, 629, 235, 197
track:65, 829, 629, 235, 197
track:66, 828, 629, 235, 197
track:67, 829, 628, 235, 197
track:68, 829, 629, 235, 197
track:69, 828, 629, 235, 197
track:70, 829, 628, 235, 197
track:71, 829, 629, 235, 197
track:72, 828, 629, 235, 197
track:73, 828, 629, 235, 197
track:74, 828, 628, 235, 197
track:75, 828, 629, 235, 197
track:76, 828, 629, 235, 197
track:77, 827, 629, 235, 197
track:78, 828, 628, 235, 197
track:79, 828, 629, 235, 197
track:80, 828, 629, 235, 197
track:81, 828, 628, 235, 197
track:82, 827, 629, 235, 197
track:83, 828, 630, 235, 197
track:84, 827, 629, 235, 197
track:85, 828, 629, 235, 197
track:86, 827, 630, 235, 197
track:87, 827, 629, 235, 197
track:88, 828, 629, 235, 197
track:89, 827, 630, 235, 197
track:90, 827, 630, 235, 197
track:91, 829, 629, 235, 197
track:92, 828, 630, 235, 197
track:93, 827, 629, 235, 197
track:94, 829, 629, 235, 197
track:95, 828, 630, 235, 197
track:96, 829, 629, 235, 197
track:97, 830, 629, 235, 197
init :98, 826, 628, 240, 197
track:99, 826, 628, 240, 197
track:100, 826, 628, 240, 197
track:101, 828, 628, 240, 197
track:102, 830, 628, 240, 197
track:103, 829, 626, 240, 197
track:104, 830, 627, 240, 197
track:105, 831, 626, 240, 197
track:106, 833, 626, 240, 197
track:107, 831, 623, 240, 197
track:108, 831, 621, 240, 197
track:109, 833, 621, 240, 197
track:110, 831, 619, 240, 197
track:111, 831, 618, 240, 197
track:112, 836, 620, 229, 188
track:113, 838, 619, 229, 188
track:114, 838, 619, 229, 188
track:115, 840, 617, 229, 188
track:116, 839, 616, 229, 188
track:117, 840, 613, 229, 188
track:120, 842, 610, 229, 188
track:121, 844, 608, 229, 188
track:122, 844, 606, 229, 188
track:123, 843, 605, 229, 188
track:124, 843, 605, 229, 188
track:125, 847, 606, 218, 179
track:126, 845, 604, 218, 179
track:127, 844, 601, 218, 179
track:128, 842, 602, 218, 179
track:129, 842, 601, 218, 179
track:130, 848, 607, 207, 170
track:131, 848, 608, 207, 170
track:132, 851, 612, 207, 170
track:133, 853, 612, 207, 170
track:134, 853, 613, 207, 170
track:135, 853, 615, 207, 170
track:136, 853, 615, 207, 170
track:137, 855, 616, 207, 170
track:138, 856, 618, 207, 170
track:139, 856, 617, 207, 170
track:140, 861, 620, 197, 162
track:141, 861, 619, 197, 162
track:142, 859, 621, 197, 162
track:143, 858, 622, 197, 162
track:144, 858, 621, 197, 162
track:145, 855, 626, 197, 162
track:146, 854, 626, 197, 162
track:147, 854, 626, 197, 162
track:148, 861, 631, 188, 154
track:149, 860, 634, 188, 154
track:150, 857, 632, 197, 162
track:151, 862, 639, 188, 154
track:152, 862, 641, 188, 154
track:153, 858, 640, 197, 162
track:154, 857, 641, 197, 162
track:155, 857, 643, 197, 162
track:156, 857, 643, 197, 162
track:157, 859, 645, 197, 162
track:158, 860, 645, 197, 162
track:159, 860, 644, 197, 162
track:160, 860, 646, 197, 162
track:161, 859, 647, 197, 162
track:162, 855, 645, 197, 162
track:163, 854, 646, 197, 162
track:164, 853, 645, 197, 162
track:165, 855, 646, 197, 162
track:166, 854, 647, 197, 162
track:167, 852, 647, 197, 162
track:168, 852, 647, 197, 162
track:169, 853, 647, 197, 162
track:170, 855, 646, 197, 162
track:171, 861, 648, 188, 154
track:172, 862, 647, 188, 154
track:173, 863, 647, 188, 154
track:174, 857, 643, 197, 162
track:175, 859, 648, 188, 154
track:176, 856, 648, 188, 154
track:177, 857, 648, 188, 154
track:178, 859, 648, 188, 154
track:179, 860, 648, 188, 154
track:180, 860, 651, 188, 154
track:181, 861, 652, 188, 154
track:182, 861, 653, 188, 154
track:183, 865, 657, 188, 154
track:184, 865, 658, 188, 154
track:185, 866, 660, 188, 154
track:186, 865, 658, 188, 154
track:187, 862, 653, 188, 154
track:188, 852, 647, 197, 162
track:189, 852, 645, 197, 162
track:190, 849, 644, 197, 162
track:191, 848, 641, 197, 162
track:192, 849, 637, 197, 162
track:193, 846, 635, 197, 162
track:194, 847, 634, 197, 162
init :195, 858, 638, 161, 153
track:196, 858, 637, 161, 153
track:197, 859, 636, 161, 153
track:198, 855, 637, 161, 153
track:199, 855, 638, 161, 153
track:200, 855, 640, 161, 153
track:201, 852, 640, 161, 153
track:202, 851, 637, 161, 153
track:203, 852, 636, 161, 153
track:204, 851, 635, 161, 153
track:205, 852, 633, 161, 153
track:206, 852, 632, 161, 153
track:207, 850, 630, 161, 153
track:208, 850, 630, 161, 153
track:209, 852, 631, 153, 146
track:210, 851, 627, 153, 146
track:211, 849, 625, 153, 146
track:212, 852, 627, 146, 139
track:213, 852, 625, 146, 139
track:214, 852, 624, 146, 139
track:215, 852, 623, 146, 139
track:216, 852, 623, 146, 139
track:217, 852, 624, 146, 139
track:218, 852, 624, 146, 139
track:219, 852, 625, 146, 139
track:220, 852, 628, 146, 139
track:221, 852, 630, 146, 139
track:222, 851, 631, 146, 139
track:223, 852, 631, 146, 139
track:224, 851, 634, 146, 139
track:225, 851, 636, 146, 139
track:226, 850, 636, 146, 139
track:227, 851, 637, 146, 139
track:228, 851, 636, 146, 139
track:229, 851, 637, 146, 139
track:230, 855, 640, 139, 132
track:231, 854, 639, 139, 132
track:232, 853, 635, 139, 132
track:233, 854, 635, 139, 132
track:234, 852, 635, 139, 132
track:235, 855, 638, 132, 126
track:236, 857, 637, 132, 126
track:237, 858, 638, 132, 126
track:238, 858, 638, 132, 126
track:239, 858, 639, 132, 126
track:240, 860, 641, 132, 126
track:241, 861, 643, 132, 126
track:242, 863, 645, 126, 120
track:243, 863, 645, 126, 120
track:244, 863, 645, 126, 120
track:245, 863, 646, 126, 120
track:246, 863, 646, 126, 120
track:247, 863, 646, 126, 120
track:248, 863, 647, 126, 120
track:249, 863, 647, 126, 120
track:250, 863, 649, 126, 120
track:251, 864, 650, 126, 120
track:252, 865, 652, 126, 120
track:253, 868, 654, 120, 114
track:254, 869, 657, 120, 114
track:255, 869, 660, 120, 114
track:256, 870, 662, 120, 114
track:257, 870, 664, 120, 114
track:258, 870, 665, 120, 114
track:259, 871, 667, 120, 114
track:260, 871, 669, 120, 114
track:261, 871, 669, 120, 114
track:262, 871, 670, 120, 114
track:263, 871, 670, 120, 114
track:264, 870, 672, 120, 114
track:265, 871, 674, 120, 114
track:266, 871, 675, 120, 114
track:267, 871, 677, 120, 114
track:268, 871, 678, 120, 114
track:269, 871, 679, 120, 114
track:270, 871, 681, 120, 114
track:271, 872, 684, 120, 114
track:272, 873, 687, 120, 114
track:273, 873, 688, 120, 114
track:274, 873, 690, 120, 114
track:275, 873, 691, 120, 114
track:276, 874, 694, 120, 114
track:277, 874, 698, 120, 114
track:278, 872, 696, 126, 120
track:279, 873, 696, 126, 120
track:280, 872, 692, 132, 126
track:281, 873, 690, 132, 126
track:282, 872, 689, 139, 132
track:283, 872, 690, 139, 132
track:284, 873, 692, 139, 132
track:285, 876, 694, 139, 132
track:286, 876, 693, 139, 132
track:287, 874, 687, 146, 139
track:288, 875, 687, 146, 139
track:289, 872, 681, 153, 146
track:290, 872, 677, 153, 146
track:291, 872, 670, 153, 146
init :292, 867, 654, 170, 163
track:293, 867, 654, 170, 163
track:294, 868, 653, 170, 163
track:295, 871, 651, 170, 163
track:296, 867, 647, 178, 171
track:297, 867, 649, 178, 171
track:298, 861, 645, 187, 180
track:299, 856, 642, 197, 189
track:300, 855, 644, 197, 189
track:301, 848, 642, 207, 198
track:302, 845, 646, 207, 198
track:303, 840, 643, 217, 208
track:304, 837, 648, 217, 208
track:305, 837, 649, 217, 208
track:306, 835, 648, 217, 208
track:307, 828, 640, 228, 218
track:308, 831, 639, 228, 218
track:309, 831, 637, 228, 218
track:310, 827, 630, 228, 218
track:311, 827, 615, 228, 218
track:312, 828, 607, 228, 218
track:313, 828, 605, 228, 218
track:314, 830, 597, 228, 218
track:315, 830, 591, 228, 218
track:316, 829, 577, 228, 218
track:317, 835, 578, 217, 208
track:318, 836, 578, 217, 208
track:319, 838, 577, 217, 208
track:320, 844, 567, 217, 208
track:321, 846, 558, 217, 208
track:322, 853, 564, 207, 198
track:323, 857, 568, 197, 189
track:324, 857, 570, 197, 189
track:325, 857, 569, 197, 189
track:326, 855, 560, 197, 189
track:327, 853, 560, 197, 189
track:328, 853, 561, 197, 189
track:329, 850, 569, 197, 189
track:330, 848, 575, 197, 189
track:331, 847, 577, 197, 189
track:332, 845, 580, 197, 189
track:333, 845, 581, 197, 189
track:334, 844, 583, 197, 189
track:335, 843, 585, 197, 189
track:336, 843, 588, 197, 189
track:337, 847, 594, 187, 180
track:338, 848, 594, 187, 180
track:339, 849, 590, 187, 180
track:340, 854, 592, 178, 171
track:341, 854, 591, 178, 171
track:342, 858, 594, 170, 163
track:343, 858, 593, 170, 163
track:344, 858, 592, 170, 163
track:345, 864, 593, 162, 155
track:346, 867, 597, 154, 148
track:347, 866, 598, 154, 148
track:348, 867, 598, 154, 148
track:349, 869, 601, 154, 148
track:350, 866, 607, 154, 148
track:351, 868, 609, 154, 148
track:352, 868, 612, 154, 148
track:353, 869, 614, 154, 148
track:354, 872, 619, 147, 141
track:355, 873, 620, 147, 141
track:356, 873, 620, 147, 141
track:357, 872, 622, 147, 141
track:358, 871, 621, 147, 141
track:359, 871, 621, 147, 141
track:360, 869, 621, 147, 141
track:361, 872, 624, 140, 134
track:362, 871, 625, 140, 134
track:363, 871, 625, 140, 134
track:364, 871, 625, 140, 134
track:365, 873, 629, 133, 128
track:366, 873, 630, 133, 128
track:367, 873, 631, 133, 128
track:368, 872, 631, 133, 128
track:369, 872, 631, 133, 128
track:370, 871, 636, 133, 128
track:371, 873, 645, 127, 122
track:372, 873, 649, 127, 122
track:373, 872, 649, 127, 122
track:374, 872, 650, 127, 122
track:375, 869, 650, 127, 122
track:376, 867, 651, 127, 122
track:377, 866, 652, 127, 122
track:378, 865, 652, 127, 122
track:379, 866, 654, 127, 122
track:380, 865, 653, 127, 122
track:381, 868, 655, 121, 116
track:382, 865, 654, 121, 116
track:383, 867, 657, 115, 110
track:384, 865, 657, 115, 110
track:385, 865, 655, 115, 110
track:386, 866, 655, 115, 110
track:387, 866, 655, 115, 110
track:388, 865, 655, 115, 110
init :389, 863, 664, 115, 88
track:390, 863, 664, 115, 88
track:391, 863, 667, 115, 88
track:392, 864, 670, 115, 88
track:393, 863, 670, 115, 88
track:394, 864, 671, 115, 88
track:395, 865, 676, 115, 88
track:396, 866, 680, 115, 88
track:397, 866, 685, 115, 88
track:398, 867, 686, 115, 88
track:399, 869, 690, 115, 88
track:400, 870, 694, 115, 88
track:401, 871, 700, 115, 88
track:402, 872, 704, 115, 88
track:403, 873, 704, 115, 88
track:404, 872, 705, 115, 88
track:405, 874, 705, 115, 88
track:406, 875, 706, 115, 88
track:407, 876, 705, 115, 88
track:408, 875, 705, 115, 88
track:409, 876, 704, 115, 88
track:410, 877, 702, 115, 88
track:411, 877, 700, 115, 88
track:412, 878, 698, 115, 88
track:413, 878, 697, 115, 88
track:414, 878, 696, 115, 88
track:415, 878, 697, 115, 88
track:416, 878, 698, 115, 88
track:417, 879, 699, 115, 88
track:418, 879, 699, 115, 88
track:419, 878, 700, 115, 88
track:420, 877, 701, 115, 88
track:421, 876, 701, 115, 88
track:422, 875, 699, 115, 88
track:423, 876, 699, 115, 88
track:424, 872, 694, 121, 92
track:425, 871, 692, 121, 92
track:426, 873, 693, 115, 88
track:427, 873, 691, 115, 88
track:428, 873, 691, 115, 88
track:429, 872, 690, 115, 88
track:430, 872, 690, 115, 88
track:431, 871, 691, 115, 88
track:432, 871, 690, 115, 88
track:433, 871, 690, 115, 88
track:434, 869, 690, 115, 88
track:435, 866, 688, 121, 92
track:436, 865, 690, 121, 92
track:437, 866, 692, 121, 92
track:438, 866, 692, 121, 92
track:439, 863, 691, 127, 97
track:440, 864, 692, 127, 97
track:441, 864, 692, 127, 97
track:442, 865, 691, 127, 97
track:443, 865, 693, 127, 97
track:444, 865, 692, 127, 97
track:445, 868, 695, 121, 92
track:446, 868, 696, 121, 92
track:447, 868, 695, 121, 92
track:448, 869, 695, 121, 92
track:449, 869, 694, 121, 92
track:450, 868, 694, 121, 92
track:451, 869, 695, 121, 92
track:452, 867, 695, 127, 97
track:453, 868, 695, 127, 97
track:454, 868, 695, 127, 97
track:455, 870, 696, 127, 97
track:456, 870, 697, 127, 97
track:457, 869, 696, 127, 97
track:458, 869, 695, 127, 97
track:459, 869, 695, 127, 97
track:460, 866, 692, 133, 102
track:461, 866, 692, 133, 102
track:462, 866, 691, 133, 102
track:463, 867, 691, 133, 102
track:464, 862, 687, 140, 107
track:465, 862, 684, 140, 107
track:466, 862, 685, 140, 107
track:467, 862, 684, 140, 107
track:468, 863, 685, 140, 107
track:469, 863, 686, 140, 107
track:470, 861, 685, 147, 112
track:471, 863, 686, 147, 112
track:472, 863, 687, 147, 112
track:473, 863, 688, 147, 112
track:474, 863, 690, 147, 112
track:475, 865, 690, 147, 112
track:476, 867, 689, 147, 112
track:477, 864, 687, 154, 118
track:478, 866, 687, 154, 118
track:479, 867, 685, 154, 118
track:480, 869, 676, 154, 118
track:481, 871, 674, 154, 118
track:482, 871, 672, 154, 118
track:483, 873, 666, 154, 118
track:484, 870, 662, 162, 124
track:485, 872, 662, 162, 124
init :486, 872, 656, 161, 147
track:487, 872, 656, 161, 147
track:488, 872, 660, 161, 147
track:490, 863, 660, 169, 154
track:491, 861, 662, 169, 154
track:492, 861, 663, 169, 154
track:493, 855, 660, 178, 162
track:494, 854, 660, 178, 162
track:495, 851, 651, 178, 162
track:496, 848, 647, 178, 162
track:497, 848, 646, 178, 162
track:498, 848, 643, 178, 162
track:499, 847, 640, 178, 162
track:500, 845, 636, 178, 162
track:501, 845, 631, 178, 162
track:502, 846, 630, 178, 162
track:503, 846, 628, 178, 162
track:504, 844, 625, 178, 162
track:505, 844, 625, 178, 162
track:506, 844, 624, 178, 162
track:507, 843, 624, 178, 162
track:508, 841, 622, 178, 162
track:509, 842, 618, 178, 162
track:510, 842, 615, 178, 162
track:511, 841, 614, 178, 162
track:512, 842, 614, 178, 162
track:513, 842, 612, 178, 162
track:514, 841, 614, 178, 162
track:515, 845, 618, 169, 154
track:516, 849, 621, 161, 147
track:517, 849, 620, 161, 147
track:518, 849, 618, 161, 147
track:519, 848, 618, 161, 147
track:520, 849, 617, 161, 147
track:521, 850, 616, 161, 147
track:522, 850, 615, 161, 147
track:523, 850, 617, 161, 147
track:524, 850, 618, 161, 147
track:525, 851, 620, 161, 147
track:526, 857, 624, 153, 140
track:527, 860, 628, 146, 133
track:528, 864, 631, 139, 127
track:529, 864, 630, 139, 127
track:530, 867, 628, 139, 127
track:531, 866, 627, 139, 127
track:532, 866, 628, 139, 127
track:533, 870, 631, 132, 121
track:534, 874, 634, 126, 115
track:535, 873, 635, 126, 115
track:536, 874, 637, 126, 115
track:537, 874, 637, 126, 115
track:538, 873, 638, 126, 115
track:539, 874, 640, 126, 115
track:540, 874, 640, 126, 115
track:543, 872, 641, 126, 115
track:544, 871, 642, 126, 115
track:546, 872, 649, 120, 110
track:547, 872, 650, 120, 110
track:548, 871, 651, 120, 110
track:549, 871, 654, 120, 110
track:550, 873, 657, 114, 104
track:551, 871, 659, 114, 104
track:552, 871, 659, 114, 104
track:553, 870, 659, 114, 104
track:554, 870, 659, 114, 104
track:555, 872, 661, 109, 99
track:556, 872, 661, 109, 99
track:557, 872, 661, 109, 99
track:558, 874, 668, 104, 95
track:559, 875, 670, 104, 95
track:560, 874, 674, 104, 95
track:561, 874, 677, 104, 95
track:562, 874, 677, 104, 95
track:563, 873, 680, 104, 95
track:564, 873, 681, 104, 95
track:565, 873, 683, 104, 95
track:566, 873, 684, 104, 95
track:567, 874, 685, 104, 95
track:568, 875, 688, 104, 95
track:569, 875, 689, 104, 95
track:570, 874, 692, 104, 95
track:571, 874, 695, 104, 95
track:572, 875, 694, 104, 95
track:573, 875, 698, 104, 95
track:574, 877, 699, 104, 95
track:575, 877, 699, 104, 95
track:576, 876, 696, 104, 95
track:577, 876, 696, 104, 95
track:578, 876, 694, 104, 95
track:579, 877, 692, 104, 95
track:580, 878, 692, 104, 95
track:581, 879, 692, 104, 95
track:582, 879, 693, 104, 95
init :583, 876, 698, 106, 85
track:584, 876, 699, 106, 85
track:585, 877, 699, 106, 85
track:586, 876, 700, 106, 85
track:587, 876, 700, 106, 85
track:588, 876, 700, 106, 85
track:589, 877, 699, 106, 85
track:590, 876, 699, 106, 85
track:591, 875, 700, 106, 85
track:592, 874, 700, 106, 85
track:593, 873, 699, 106, 85
track:594, 871, 695, 111, 89
track:595, 871, 686, 111, 89
track:596, 869, 684, 111, 89
track:597, 869, 683, 111, 89
track:598, 869, 679, 111, 89
track:599, 868, 672, 111, 89
track:600, 868, 670, 111, 89
track:601, 867, 667, 117, 94
track:602, 867, 667, 117, 94
track:603, 867, 667, 117, 94
track:604, 866, 663, 117, 94
track:605, 866, 659, 117, 94
track:606, 863, 656, 123, 98
track:607, 863, 655, 123, 98
track:608, 863, 655, 123, 98
track:609, 865, 655, 123, 98
track:610, 863, 656, 123, 98
track:611, 864, 661, 123, 98
track:612, 864, 661, 123, 98
track:613, 863, 663, 123, 98
track:614, 861, 663, 129, 103
track:615, 861, 666, 129, 103
track:616, 860, 668, 129, 103
track:617, 860, 668, 129, 103
track:618, 860, 668, 129, 103
track:619, 860, 668, 129, 103
track:620, 862, 666, 129, 103
track:621, 862, 665, 129, 103
track:622, 859, 662, 135, 108
track:623, 858, 662, 135, 108
track:624, 858, 661, 135, 108
track:625, 858, 660, 135, 108
track:626, 859, 662, 135, 108
track:627, 860, 662, 135, 108
track:628, 860, 663, 135, 108
track:629, 859, 662, 135, 108
track:630, 859, 660, 135, 108
track:631, 859, 660, 135, 108
track:632, 859, 659, 135, 108
track:633, 857, 660, 142, 114
track:634, 857, 662, 142, 114
track:635, 858, 666, 142, 114
track:636, 860, 667, 142, 114
track:637, 861, 667, 142, 114
track:638, 862, 668, 142, 114
track:639, 863, 668, 142, 114
track:640, 863, 667, 142, 114
track:641, 863, 666, 142, 114
track:642, 863, 665, 142, 114
track:643, 859, 661, 149, 120
track:644, 858, 660, 149, 120
track:645, 860, 653, 149, 120
track:646, 860, 651, 149, 120
track:647, 859, 650, 149, 120
track:648, 860, 649, 149, 120
track:649, 860, 649, 149, 120
track:650, 861, 649, 149, 120
track:651, 865, 650, 149, 120
track:652, 865, 651, 149, 120
track:653, 865, 650, 149, 120
track:654, 865, 650, 149, 120
track:655, 866, 655, 149, 120
track:656, 867, 657, 149, 120
track:657, 868, 658, 149, 120
track:658, 869, 660, 149, 120
track:659, 871, 659, 149, 120
track:660, 870, 659, 149, 120
track:661, 871, 658, 149, 120
track:662, 870, 658, 149, 120
track:663, 871, 658, 149, 120
track:664, 873, 657, 149, 120
track:665, 874, 655, 149, 120
track:666, 875, 654, 149, 120
track:667, 874, 653, 149, 120
track:668, 875, 650, 149, 120
track:669, 875, 650, 149, 120
track:670, 875, 649, 149, 120
track:671, 872, 650, 149, 120
track:672, 873, 650, 149, 120
track:673, 870, 650, 149, 120
track:674, 869, 649, 149, 120
track:675, 870, 648, 149, 120
track:676, 868, 648, 149, 120
track:677, 868, 648, 149, 120
track:678, 866, 651, 149, 120
track:679, 865, 661, 149, 120
init :680, 872, 667, 143, 119
track:681, 872, 667, 143, 119
track:682, 871, 668, 143, 119
track:683, 871, 666, 143, 119
track:684, 868, 666, 143, 119
track:685, 869, 669, 143, 119
track:686, 870, 672, 143, 119
track:687, 869, 672, 143, 119
track:688, 870, 671, 143, 119
track:689, 868, 669, 143, 119
track:690, 867, 668, 143, 119
track:691, 866, 666, 143, 119
track:692, 866, 666, 143, 119
track:693, 866, 664, 143, 119
track:694, 866, 664, 143, 119
track:695, 862, 660, 150, 125
track:696, 861, 660, 150, 125
track:697, 861, 659, 150, 125
track:698, 859, 658, 150, 125
track:699, 857, 659, 150, 125
track:700, 860, 662, 143, 119
track:701, 861, 664, 143, 119
track:702, 860, 663, 143, 119
track:703, 860, 667, 143, 119
track:704, 858, 671, 143, 119
track:705, 858, 677, 143, 119
track:706, 857, 678, 143, 119
track:707, 856, 678, 143, 119
track:708, 856, 680, 143, 119
track:709, 856, 680, 143, 119
track:710, 856, 678, 143, 119
track:711, 856, 678, 143, 119
track:712, 853, 673, 150, 125
track:713, 853, 672, 150, 125
track:714, 852, 671, 150, 125
track:715, 852, 673, 150, 125
track:716, 852, 673, 150, 125
track:717, 852, 675, 150, 125
track:718, 853, 675, 150, 125
track:719, 853, 675, 150, 125
track:720, 854, 676, 150, 125
track:721, 854, 676, 150, 125
track:722, 854, 676, 150, 125
track:723, 855, 675, 150, 125
track:724, 854, 673, 150, 125
track:725, 855, 668, 150, 125
track:726, 855, 667, 150, 125
track:727, 856, 666, 150, 125
track:728, 856, 663, 150, 125
track:729, 856, 658, 150, 125
track:730, 856, 655, 150, 125
track:731, 857, 655, 150, 125
track:732, 857, 656, 150, 125
track:733, 853, 651, 158, 131
track:734, 854, 647, 158, 131
track:735, 855, 642, 158, 131
track:736, 856, 641, 158, 131
track:737, 852, 637, 166, 138
track:738, 851, 635, 166, 138
track:739, 849, 635, 166, 138
track:740, 851, 638, 166, 138
track:741, 851, 638, 166, 138
track:742, 851, 638, 166, 138
track:743, 850, 639, 166, 138
track:744, 849, 639, 166, 138
track:745, 850, 637, 166, 138
track:746, 850, 637, 166, 138
track:747, 850, 635, 166, 138
track:748, 850, 627, 166, 138
track:749, 850, 621, 166, 138
track:750, 848, 620, 166, 138
track:751, 848, 620, 166, 138
track:752, 852, 625, 158, 131
track:753, 854, 625, 158, 131
track:754, 855, 626, 158, 131
track:755, 858, 625, 158, 131
track:756, 858, 626, 158, 131
track:757, 858, 625, 158, 131
track:758, 858, 622, 158, 131
track:759, 857, 625, 158, 131
track:760, 858, 628, 158, 131
track:761, 858, 630, 158, 131
track:762, 860, 630, 158, 131
track:763, 863, 629, 158, 131
track:764, 863, 629, 158, 131
track:765, 865, 633, 150, 125
track:766, 865, 633, 150, 125
track:767, 864, 633, 150, 125
track:768, 865, 635, 150, 125
track:769, 865, 637, 150, 125
track:770, 868, 647, 150, 125
track:771, 869, 646, 150, 125
track:772, 870, 646, 150, 125
track:773, 870, 644, 150, 125
track:774, 871, 644, 150, 125
track:775, 872, 644, 150, 125
track:776, 872, 645, 150, 125
init :777, 876, 646, 138, 122
track:778, 877, 645, 138, 122
track:779, 878, 646, 138, 122
track:780, 878, 646, 138, 122
track:781, 878, 646, 138, 122
track:782, 882, 648, 131, 116
track:783, 881, 649, 131, 116
track:784, 882, 648, 131, 116
track:785, 881, 649, 131, 116
track:786, 880, 648, 131, 116
track:787, 880, 649, 131, 116
track:788, 880, 649, 131, 116
track:789, 878, 650, 131, 116
track:790, 878, 650, 131, 116
track:791, 877, 650, 131, 116
track:792, 877, 649, 131, 116
track:793, 876, 650, 131, 116
track:794, 877, 651, 131, 116
track:795, 877, 655, 131, 116
track:796, 877, 656, 131, 116
track:797, 877, 655, 131, 116
track:798, 877, 654, 131, 116
track:799, 876, 655, 131, 116
track:800, 877, 656, 131, 116
track:801, 877, 657, 131, 116
track:802, 876, 658, 131, 116
track:803, 876, 658, 131, 116
track:804, 876, 659, 131, 116
track:805, 876, 659, 131, 116
track:806, 876, 659, 131, 116
track:807, 875, 659, 131, 116
track:808, 874, 659, 131, 116
track:809, 874, 661, 131, 116
track:810, 875, 664, 131, 116
track:811, 874, 664, 131, 116
track:812, 874, 666, 131, 116
track:813, 872, 665, 131, 116
track:814, 867, 663, 138, 122
track:815, 866, 663, 138, 122
track:816, 866, 663, 138, 122
track:817, 867, 666, 138, 122
track:818, 866, 673, 138, 122
track:819, 865, 675, 138, 122
track:820, 863, 686, 138, 122
track:821, 863, 686, 138, 122
track:822, 862, 687, 138, 122
track:823, 859, 682, 145, 128
track:824, 857, 681, 145, 128
track:825, 857, 682, 145, 128
track:826, 857, 683, 145, 128
track:827, 852, 685, 152, 135
track:828, 853, 690, 152, 135
track:829, 853, 692, 152, 135
track:830, 856, 693, 152, 135
track:831, 857, 694, 152, 135
track:832, 853, 691, 160, 141
track:833, 855, 689, 160, 141
track:834, 856, 683, 160, 141
track:835, 856, 673, 160, 141
track:836, 856, 673, 160, 141
track:837, 856, 669, 160, 141
track:838, 854, 667, 160, 141
track:839, 854, 662, 160, 141
track:840, 847, 654, 168, 148
track:841, 847, 653, 168, 148
track:842, 844, 652, 168, 148
track:843, 838, 645, 176, 156
track:844, 837, 642, 176, 156
track:845, 830, 629, 176, 156
track:846, 829, 628, 176, 156
track:847, 825, 616, 185, 163
track:848, 824, 610, 185, 163
track:849, 824, 608, 185, 163
track:850, 823, 607, 185, 163
track:851, 818, 604, 194, 172
track:852, 822, 600, 194, 172
track:853, 825, 597, 194, 172
track:854, 828, 597, 194, 172
track:855, 828, 601, 194, 172
track:856, 828, 602, 194, 172
track:857, 827, 602, 194, 172
track:858, 829, 600, 194, 172
track:859, 829, 596, 194, 172
track:860, 830, 594, 194, 172
track:861, 830, 594, 194, 172
track:862, 828, 596, 194, 172
track:863, 831, 601, 194, 172
track:864, 831, 605, 194, 172
track:865, 836, 615, 185, 163
track:866, 836, 616, 185, 163
track:867, 836, 620, 185, 163
track:868, 837, 622, 185, 163
track:869, 837, 623, 185, 163
track:870, 837, 628, 185, 163
track:871, 837, 629, 185, 163
track:872, 838, 630, 185, 163
track:873, 839, 630, 185, 163
init :874, 853, 641, 156, 135
track:875, 854, 641, 156, 135
track:876, 854, 641, 156, 135
track:877, 855, 642, 156, 135
track:878, 857, 644, 156, 135
track:879, 858, 644, 156, 135
track:880, 862, 646, 149, 129
track:881, 862, 646, 149, 129
track:882, 862, 646, 149, 129
track:883, 864, 645, 149, 129
track:884, 866, 643, 149, 129
track:885, 868, 644, 149, 129
track:886, 867, 644, 149, 129
track:887, 872, 648, 141, 122
track:888, 873, 649, 141, 122
track:889, 873, 646, 141, 122
track:890, 875, 644, 141, 122
track:891, 876, 644, 141, 122
track:892, 877, 644, 141, 122
track:893, 883, 646, 135, 117
track:894, 882, 645, 135, 117
track:895, 886, 648, 128, 111
track:896, 887, 648, 128, 111
track:897, 886, 648, 128, 111
track:898, 884, 647, 128, 111
track:899, 883, 646, 128, 111
track:900, 882, 648, 128, 111
track:901, 881, 648, 128, 111
track:902, 884, 653, 122, 106
track:903, 883, 652, 122, 106
track:904, 883, 651, 122, 106
track:905, 883, 653, 122, 106
track:906, 886, 655, 116, 101
track:907, 910, 644, 111, 96
track:908, 921, 641, 111, 96
track:909, 922, 654, 106, 91
track:910, 922, 661, 106, 91
track:911, 927, 664, 101, 87
track:912, 932, 669, 96, 83
track:913, 932, 674, 96, 83
track:914, 935, 678, 91, 79
track:915, 938, 680, 91, 79
track:916, 938, 681, 91, 79
track:917, 938, 682, 91, 79
track:918, 939, 684, 91, 79
track:919, 938, 686, 91, 79
track:920, 936, 685, 91, 79
track:921, 936, 686, 91, 79
track:922, 930, 687, 91, 79
track:923, 924, 685, 91, 79
track:924, 917, 685, 91, 79
track:925, 911, 684, 91, 79
track:926, 911, 684, 91, 79
track:927, 907, 683, 91, 79
track:928, 898, 684, 91, 79
track:929, 891, 683, 91, 79
track:930, 887, 682, 91, 79
track:931, 886, 681, 91, 79
track:932, 882, 679, 91, 79
track:933, 880, 678, 91, 79
track:934, 879, 674, 91, 79
track:935, 879, 671, 91, 79
track:936, 879, 671, 91, 79
track:937, 879, 669, 91, 79
track:938, 878, 666, 91, 79
track:939, 878, 665, 91, 79
track:940, 877, 663, 91, 79
track:941, 876, 663, 91, 79
track:942, 876, 662, 91, 79
track:943, 876, 662, 87, 75
track:944, 874, 662, 87, 75
track:945, 873, 662, 87, 75
track:946, 873, 662, 87, 75
track:947, 866, 664, 87, 75
track:948, 864, 663, 87, 75
track:949, 858, 665, 87, 75
track:950, 853, 667, 87, 75
track:951, 852, 667, 87, 75
track:952, 850, 668, 87, 75
track:953, 848, 669, 87, 75
track:954, 847, 672, 83, 72
track:955, 845, 673, 83, 72
track:956, 845, 674, 83, 72
track:957, 843, 675, 83, 72
track:958, 843, 676, 83, 72
track:959, 841, 677, 83, 72
track:960, 840, 677, 83, 72
track:961, 838, 677, 83, 72
track:962, 835, 677, 83, 72
track:963, 832, 679, 83, 72
track:964, 829, 678, 83, 72
track:965, 829, 678, 83, 72
track:966, 823, 680, 83, 72
track:967, 818, 680, 83, 72
track:968, 813, 681, 83, 72
track:969, 808, 681, 83, 72
track:970, 808, 681, 83, 72
init :971, 706, 584, 438, 246
track:972, 703, 584, 438, 246
track:973, 700, 585, 438, 246
track:974, 701, 585, 438, 246
track:975, 697, 585, 438, 246
track:976, 696, 585, 438, 246
track:977, 696, 587, 438, 246
track:978, 693, 587, 438, 246
track:979, 693, 588, 438, 246
track:980, 694, 587, 438, 246
track:981, 693, 589, 438, 246
track:982, 696, 590, 438, 246
track:983, 697, 589, 438, 246
track:984, 696, 590, 438, 246
track:985, 694, 591, 438, 246
track:986, 695, 591, 438, 246
track:987, 698, 591, 438, 246
track:988, 688, 585, 460, 258
track:989, 690, 583, 460, 258
track:990, 690, 583, 460, 258
track:991, 700, 588, 438, 246
track:992, 700, 586, 438, 246
track:993, 711, 590, 417, 234
track:994, 711, 590, 417, 234
track:995, 711, 589, 417, 234
track:996, 708, 589, 417, 234
track:997, 712, 586, 417, 234
track:998, 714, 585, 417, 234
track:999, 716, 583, 417, 234
track:1000, 729, 586, 397, 223
track:1001, 731, 584, 397, 223
track:1002, 732, 580, 397, 223
track:1003, 736, 578, 397, 223
track:1004, 740, 575, 397, 223
track:1005, 749, 578, 378, 213
track:1006, 752, 577, 378, 213
track:1007, 753, 576, 378, 213
track:1008, 753, 572, 378, 213
track:1009, 756, 570, 378, 213
track:1010, 755, 567, 378, 213
track:1011, 751, 567, 378, 213
track:1012, 755, 572, 360, 202
track:1013, 751, 570, 360, 202
track:1014, 752, 573, 343, 193
track:1015, 752, 573, 343, 193
track:1016, 752, 574, 343, 193
track:1017, 753, 573, 343, 193
track:1018, 747, 572, 343, 193
track:1019, 742, 572, 343, 193
track:1020, 744, 572, 343, 193
track:1021, 751, 576, 327, 184
track:1022, 749, 575, 327, 184
track:1023, 747, 575, 327, 184
track:1024, 748, 574, 327, 184
track:1025, 745, 573, 327, 184
track:1026, 744, 574, 327, 184
track:1027, 733, 572, 343, 193
track:1028, 728, 572, 343, 193
track:1029, 735, 577, 327, 184
track:1030, 732, 578, 327, 184
track:1031, 731, 577, 327, 184
track:1032, 716, 574, 343, 193
track:1033, 709, 576, 343, 193
track:1034, 714, 579, 327, 184
track:1035, 716, 581, 327, 184
track:1036, 712, 582, 327, 184
track:1037, 709, 585, 327, 184
track:1038, 716, 591, 311, 175
track:1039, 715, 595, 311, 175
track:1040, 719, 599, 296, 167
track:1041, 718, 602, 296, 167
track:1042, 722, 606, 282, 159
track:1043, 722, 608, 282, 159
track:1044, 730, 615, 269, 151
track:1045, 726, 616, 269, 151
track:1046, 731, 618, 269, 151
track:1047, 732, 619, 269, 151
track:1048, 735, 620, 269, 151
track:1049, 742, 618, 269, 151
track:1050, 744, 617, 269, 151
track:1051, 749, 614, 269, 151
track:1052, 752, 612, 269, 151
track:1053, 761, 611, 269, 151
track:1054, 773, 615, 256, 144
track:1055, 773, 615, 256, 144
track:1056, 782, 619, 244, 137
track:1057, 787, 619, 244, 137
track:1058, 786, 620, 244, 137
track:1059, 787, 621, 244, 137
track:1060, 787, 621, 244, 137
track:1061, 789, 627, 232, 130
track:1062, 789, 627, 232, 130
track:1063, 794, 629, 221, 124
track:1064, 792, 631, 211, 118
track:1065, 787, 628, 221, 124
track:1066, 783, 628, 221, 124
track:1067, 773, 627, 221, 124
init :1068, 770, 617, 438, 129
track:1069, 763, 618, 438, 129
track:1070, 761, 617, 438, 129
track:1071, 752, 616, 438, 129
track:1072, 740, 615, 438, 129
track:1073, 731, 616, 438, 129
track:1074, 710, 617, 438, 129
track:1075, 709, 617, 438, 129
track:1076, 702, 616, 438, 129
track:1077, 693, 616, 438, 129
track:1078, 671, 615, 460, 135
track:1079, 657, 615, 460, 135
track:1080, 656, 616, 460, 135
track:1081, 653, 617, 460, 135
track:1082, 647, 617, 460, 135
track:1083, 645, 619, 460, 135
track:1084, 639, 618, 460, 135
track:1085, 647, 622, 438, 129
track:1086, 647, 621, 438, 129
track:1087, 644, 619, 438, 129
track:1088, 637, 617, 460, 135
track:1089, 632, 618, 460, 135
track:1090, 635, 618, 460, 135
track:1091, 635, 619, 460, 135
track:1092, 636, 621, 460, 135
track:1093, 627, 619, 483, 142
track:1094, 630, 619, 483, 142
track:1095, 633, 619, 483, 142
track:1096, 630, 619, 483, 142
track:1097, 620, 616, 507, 149
track:1098, 620, 618, 507, 149
track:1099, 623, 620, 507, 149
track:1100, 634, 624, 483, 142
track:1101, 632, 625, 483, 142
track:1102, 617, 622, 507, 149
track:1103, 619, 622, 507, 149
track:1104, 635, 626, 483, 142
track:1105, 641, 629, 460, 135
track:1106, 651, 631, 438, 129
track:1107, 638, 628, 460, 135
track:1108, 620, 626, 483, 142
track:1109, 623, 627, 483, 142
track:1110, 633, 631, 460, 135
track:1111, 633, 632, 460, 135
track:1112, 622, 629, 483, 142
track:1113, 612, 631, 483, 142
track:1114, 607, 631, 483, 142
track:1115, 619, 635, 460, 135
track:1116, 618, 635, 460, 135
track:1117, 632, 638, 438, 129
track:1118, 636, 639, 438, 129
track:1119, 621, 636, 460, 135
track:1120, 623, 638, 460, 135
track:1121, 620, 638, 460, 135
track:1122, 631, 641, 438, 129
track:1123, 630, 640, 438, 129
track:1124, 626, 639, 438, 129
track:1125, 634, 639, 438, 129
track:1126, 637, 643, 438, 129
track:1127, 642, 643, 438, 129
track:1128, 647, 643, 438, 129
track:1129, 640, 640, 460, 135
track:1130, 650, 641, 438, 129
track:1131, 675, 642, 417, 123
track:1132, 691, 640, 417, 123
track:1133, 694, 637, 417, 123
track:1134, 737, 635, 417, 123
track:1135, 752, 634, 397, 117
track:1136, 749, 633, 397, 117
track:1137, 760, 634, 397, 117
track:1138, 765, 634, 378, 111
track:1139, 755, 631, 397, 117
track:1140, 755, 633, 397, 117
track:1141, 755, 633, 397, 117
track:1142, 740, 633, 417, 123
track:1143, 718, 633, 438, 129
track:1144, 711, 634, 438, 129
track:1145, 714, 635, 438, 129
track:1146, 721, 640, 417, 123
track:1147, 722, 648, 397, 117
track:1148, 715, 647, 397, 117
track:1149, 715, 651, 378, 111
track:1150, 714, 650, 378, 111
track:1151, 706, 647, 378, 111
track:1152, 708, 650, 378, 111
track:1153, 703, 653, 378, 111
track:1154, 703, 654, 378, 111
track:1155, 701, 655, 378, 111
track:1156, 694, 655, 397, 117
track:1157, 708, 660, 378, 111
track:1158, 713, 659, 378, 111
track:1159, 723, 661, 360, 106
track:1160, 724, 661, 360, 106
track:1161, 722, 660, 360, 106
track:1162, 725, 658, 360, 106
track:1163, 731, 658, 360, 106
track:1164, 734, 657, 360, 106
init :1165, 780, 636, 300, 176
track:1166, 781, 636, 300, 176
track:1167, 788, 642, 286, 168
track:1168, 778, 638, 300, 176
track:1169, 773, 637, 300, 176
track:1170, 769, 637, 300, 176
track:1171, 762, 632, 315, 185
track:1172, 766, 637, 300, 176
track:1173, 773, 640, 286, 168
track:1174, 763, 634, 300, 176
track:1175, 758, 635, 300, 176
track:1176, 765, 638, 286, 168
track:1177, 773, 641, 286, 168
track:1178, 766, 635, 286, 168
track:1179, 768, 633, 286, 168
track:1180, 766, 632, 286, 168
track:1181, 758, 627, 300, 176
track:1182, 772, 630, 286, 168
track:1183, 779, 631, 272, 160
track:1184, 774, 629, 272, 160
track:1185, 767, 631, 259, 152
track:1186, 766, 630, 272, 160
track:1187, 771, 627, 272, 160
track:1188, 775, 627, 272, 160
track:1189, 769, 623, 272, 160
track:1190, 781, 627, 259, 152
track:1191, 779, 626, 259, 152
track:1192, 772, 620, 272, 160
track:1193, 782, 621, 259, 152
track:1194, 779, 621, 247, 145
track:1195, 779, 619, 247, 145
track:1196, 776, 621, 235, 138
track:1197, 783, 623, 224, 131
track:1198, 789, 625, 213, 125
track:1199, 784, 623, 213, 125
track:1200, 788, 626, 203, 119
track:1201, 797, 631, 193, 113
track:1202, 801, 633, 184, 108
track:1203, 807, 637, 175, 103
track:1204, 805, 635, 184, 108
track:1205, 808, 634, 184, 108
track:1206, 814, 634, 184, 108
track:1207, 825, 636, 175, 103
track:1208, 830, 640, 167, 98
track:1209, 835, 643, 159, 93
track:1210, 845, 644, 159, 93
track:1211, 849, 646, 159, 93
track:1212, 852, 647, 159, 93
track:1213, 861, 652, 152, 89
track:1214, 861, 652, 152, 89
track:1215, 863, 653, 152, 89
track:1216, 864, 653, 152, 89
track:1217, 867, 655, 144, 85
track:1218, 870, 657, 137, 81
track:1219, 870, 658, 137, 81
track:1220, 870, 659, 137, 81
track:1221, 871, 661, 131, 77
track:1222, 874, 663, 131, 77
track:1223, 877, 666, 125, 73
track:1224, 879, 667, 125, 73
track:1225, 881, 665, 125, 73
track:1226, 882, 665, 125, 73
track:1227, 883, 664, 125, 73
track:1228, 890, 666, 119, 70
track:1229, 889, 667, 119, 70
track:1230, 891, 666, 119, 70
track:1231, 892, 667, 119, 70
track:1232, 892, 667, 119, 70
track:1233, 895, 667, 119, 70
track:1234, 895, 667, 119, 70
track:1235, 894, 666, 119, 70
track:1236, 894, 666, 119, 70
track:1237, 894, 664, 119, 70
track:1238, 898, 665, 113, 66
track:1239, 899, 664, 113, 66
track:1240, 905, 663, 113, 66
track:1241, 908, 664, 108, 63
track:1242, 908, 663, 108, 63
track:1243, 909, 666, 108, 63
track:1244, 912, 667, 103, 60
track:1245, 915, 667, 103, 60
track:1246, 919, 671, 98, 57
track:1247, 913, 674, 98, 57
track:1248, 914, 675, 98, 57
track:1249, 917, 676, 93, 55
track:1250, 918, 675, 89, 52
track:1251, 917, 674, 84, 49
track:1252, 918, 672, 84, 49
track:1253, 912, 669, 84, 49
track:1254, 915, 670, 80, 47
track:1255, 913, 668, 80, 47
track:1256, 908, 667, 80, 47
track:1257, 906, 669, 80, 47
track:1258, 907, 669, 80, 47
track:1259, 908, 668, 84, 49
track:1260, 906, 669, 84, 49
track:1261, 906, 669, 84, 49
init :1262, 950, 602, 50, 25
track:1263, 977, 602, 50, 25
track:1264, 978, 603, 50, 25
track:1265, 994, 602, 50, 25
track:1266, 979, 603, 50, 25
track:1267, 980, 605, 48, 24
track:1268, 973, 605, 45, 23
track:1269, 973, 605, 43, 22
track:1270, 970, 606, 45, 23
track:1271, 968, 604, 45, 23
track:1272, 965, 607, 45, 23
track:1273, 959, 610, 45, 23
track:1274, 960, 611, 45, 23
track:1275, 952, 606, 48, 24
track:1276, 967, 607, 48, 24
track:1277, 967, 610, 48, 24
track:1278, 959, 607, 48, 24
track:1279, 957, 608, 45, 23
track:1280, 965, 608, 45, 23
track:1281, 955, 612, 45, 23
track:1282, 956, 612, 43, 22
track:1283, 959, 613, 45, 23
track:1284, 960, 613, 45, 23
track:1285, 971, 612, 45, 23
track:1286, 968, 613, 43, 22
track:1287, 968, 614, 43, 22
track:1288, 978, 614, 41, 21
track:1289, 979, 615, 41, 21
track:1290, 974, 615, 41, 21
track:1291, 968, 611, 39, 20
track:1292, 980, 610, 39, 20
track:1293, 974, 609, 37, 19
track:1294, 975, 609, 36, 18
track:1295, 971, 607, 36, 18
track:1296, 973, 610, 36, 18
track:1297, 967, 609, 36, 18
track:1298, 961, 609, 36, 18
track:1299, 960, 608, 36, 18
track:1300, 961, 605, 36, 18
track:1301, 972, 601, 34, 17
track:1302, 980, 598, 34, 17
track:1303, 977, 597, 34, 17
track:1304, 977, 598, 34, 17
track:1305, 978, 601, 32, 16
track:1306, 976, 601, 32, 16
track:1307, 979, 601, 32, 16
track:1308, 978, 605, 31, 15
track:1309, 978, 605, 31, 15
track:1310, 967, 604, 32, 16
track:1311, 965, 602, 32, 16
track:1312, 956, 603, 31, 15
track:1313, 963, 605, 29, 15
track:1314, 962, 606, 29, 15
track:1315, 963, 606, 29, 15
track:1316, 967, 606, 29, 15
track:1317, 961, 606, 29, 15
track:1318, 964, 606, 29, 15
track:1319, 964, 605, 29, 15
track:1320, 967, 605, 29, 15
track:1321, 961, 605, 29, 15
track:1322, 963, 605, 28, 14
track:1323, 960, 608, 27, 13
track:1324, 960, 609, 27, 13
track:1325, 959, 611, 27, 13
track:1326, 960, 613, 27, 13
track:1327, 963, 614, 25, 13
track:1328, 963, 614, 25, 13
track:1329, 963, 614, 25, 13
track:1330, 958, 614, 25, 13
track:1331, 955, 612, 25, 13
track:1332, 955, 612, 25, 13
track:1333, 954, 613, 25, 13
track:1334, 953, 612, 27, 13
track:1335, 946, 612, 27, 13
track:1336, 946, 613, 27, 13
track:1337, 946, 613, 25, 13
track:1338, 944, 613, 25, 13
track:1339, 944, 613, 25, 13
track:1340, 951, 613, 25, 13
track:1341, 956, 614, 25, 13
track:1342, 951, 614, 25, 13
track:1343, 953, 614, 25, 13
track:1344, 954, 614, 25, 13
track:1345, 957, 615, 25, 13
track:1346, 950, 615, 25, 13
track:1347, 948, 615, 27, 13
track:1348, 946, 617, 27, 13
track:1349, 947, 617, 27, 13
track:1350, 949, 617, 28, 14
track:1351, 947, 616, 28, 14
track:1352, 951, 616, 27, 13
track:1353, 950, 616, 27, 13
track:1354, 950, 616, 27, 13
track:1355, 943, 616, 25, 13
track:1356, 936, 616, 25, 13
track:1357, 936, 617, 25, 13
track:1358, 934, 617, 25, 13
init :1359, 849, 682, 175, 49
track:1360, 849, 682, 175, 49
track:1361, 847, 682, 175, 49
track:1362, 852, 683, 167, 47
track:1363, 853, 684, 167, 47
track:1364, 853, 684, 167, 47
track:1365, 852, 685, 167, 47
track:1366, 853, 685, 167, 47
track:1367, 856, 685, 159, 44
track:1368, 855, 685, 159, 44
track:1369, 851, 684, 167, 47
track:1370, 846, 684, 175, 49
track:1371, 844, 686, 175, 49
track:1372, 843, 687, 175, 49
track:1373, 836, 687, 184, 51
track:1374, 836, 687, 184, 51
track:1375, 835, 687, 184, 51
track:1376, 833, 687, 184, 51
track:1377, 832, 687, 184, 51
track:1378, 827, 688, 184, 51
track:1379, 826, 689, 184, 51
track:1380, 822, 689, 184, 51
track:1381, 818, 690, 184, 51
track:1382, 810, 690, 193, 54
track:1383, 808, 691, 193, 54
track:1384, 808, 692, 193, 54
track:1385, 811, 694, 184, 51
track:1386, 812, 695, 184, 51
track:1387, 813, 696, 184, 51
track:1388, 816, 696, 184, 51
track:1389, 815, 697, 184, 51
track:1390, 822, 698, 175, 49
track:1391, 828, 700, 167, 47
track:1392, 829, 699, 175, 49
track:1393, 833, 699, 175, 49
track:1394, 834, 700, 175, 49
track:1395, 833, 700, 184, 51
track:1396, 835, 702, 184, 51
track:1397, 834, 703, 184, 51
track:1398, 834, 703, 184, 51
track:1399, 834, 704, 184, 51
track:1400, 827, 704, 193, 54
track:1401, 824, 705, 193, 54
track:1402, 816, 706, 193, 54
track:1403, 809, 705, 203, 57
track:1404, 808, 706, 203, 57
track:1405, 805, 706, 203, 57
track:1406, 796, 706, 213, 60
track:1407, 791, 706, 213, 60
track:1408, 788, 706, 213, 60
track:1409, 783, 705, 223, 63
track:1410, 787, 706, 213, 60
track:1411, 788, 707, 213, 60
track:1412, 788, 707, 213, 60
track:1413, 794, 709, 203, 57
track:1414, 795, 709, 203, 57
track:1415, 796, 709, 203, 57
track:1416, 801, 711, 193, 54
track:1417, 798, 711, 193, 54
track:1418, 792, 710, 203, 57
track:1419, 793, 710, 203, 57
track:1420, 791, 711, 203, 57
track:1421, 791, 712, 203, 57
track:1422, 789, 712, 203, 57
track:1423, 788, 713, 203, 57
track:1424, 787, 713, 203, 57
track:1425, 789, 713, 203, 57
track:1426, 789, 714, 203, 57
track:1427, 788, 714, 203, 57
track:1428, 786, 714, 203, 57
track:1429, 785, 714, 203, 57
track:1430, 788, 715, 193, 54
track:1431, 786, 715, 193, 54
track:1432, 789, 717, 184, 51
track:1433, 787, 717, 184, 51
track:1434, 789, 717, 175, 49
track:1435, 788, 718, 175, 49
track:1436, 788, 718, 175, 49
track:1437, 790, 718, 167, 47
track:1438, 792, 719, 159, 44
track:1439, 788, 719, 167, 47
track:1440, 791, 720, 159, 44
track:1441, 785, 720, 167, 47
track:1442, 777, 719, 175, 49
track:1443, 772, 719, 175, 49
track:1444, 771, 719, 175, 49
track:1445, 764, 719, 175, 49
track:1446, 765, 720, 167, 47
track:1447, 761, 719, 167, 47
track:1448, 757, 717, 167, 47
track:1449, 757, 716, 167, 47
track:1450, 756, 716, 167, 47
track:1451, 758, 715, 167, 47
track:1452, 759, 715, 167, 47
track:1453, 771, 713, 167, 47
track:1454, 769, 712, 167, 47
track:1455, 775, 713, 159, 44
init :1456, 807, 711, 221, 140
track:1457, 809, 711, 221, 140
track:1458, 812, 711, 221, 140
track:1459, 813, 711, 221, 140
track:1460, 816, 711, 221, 140
track:1461, 819, 713, 221, 140
track:1462, 827, 717, 210, 133
track:1463, 827, 718, 210, 133
track:1464, 827, 719, 210, 133
track:1465, 830, 719, 210, 133
track:1466, 830, 719, 210, 133
track:1467, 823, 718, 210, 133
track:1468, 825, 717, 210, 133
track:1469, 824, 719, 210, 133
track:1470, 815, 717, 210, 133
track:1471, 825, 720, 200, 127
track:1472, 815, 714, 200, 127
track:1473, 812, 713, 200, 127
track:1474, 804, 707, 210, 133
track:1475, 792, 704, 210, 133
track:1476, 796, 704, 210, 133
track:1477, 792, 699, 221, 140
track:1478, 787, 696, 221, 140
track:1479, 785, 692, 221, 140
track:1480, 785, 692, 221, 140
track:1481, 782, 689, 221, 140
track:1482, 789, 688, 221, 140
track:1483, 789, 685, 221, 140
track:1484, 795, 686, 221, 140
track:1485, 799, 685, 221, 140
track:1486, 804, 688, 210, 133
track:1487, 815, 689, 210, 133
track:1488, 814, 685, 210, 133
track:1489, 817, 686, 210, 133
track:1490, 816, 685, 210, 133
track:1491, 817, 682, 210, 133
track:1492, 815, 678, 210, 133
track:1493, 820, 681, 200, 127
track:1494, 823, 680, 191, 121
track:1495, 813, 676, 200, 127
track:1496, 809, 670, 200, 127
track:1497, 809, 664, 200, 127
track:1498, 806, 665, 200, 127
track:1499, 793, 664, 200, 127
track:1500, 789, 653, 200, 127
track:1501, 789, 653, 200, 127
track:1502, 781, 649, 200, 127
track:1503, 782, 648, 200, 127
track:1504, 779, 645, 200, 127
track:1505, 779, 644, 191, 121
track:1506, 777, 641, 191, 121
track:1507, 777, 636, 191, 121
track:1508, 778, 636, 191, 121
track:1509, 776, 637, 191, 121
track:1510, 771, 627, 191, 121
track:1511, 774, 626, 191, 121
track:1512, 770, 627, 182, 115
track:1513, 775, 629, 173, 110
track:1514, 760, 627, 173, 110
track:1515, 746, 631, 165, 104
track:1516, 726, 632, 165, 104
track:1517, 697, 631, 165, 104
track:1518, 698, 632, 165, 104
track:1519, 678, 632, 165, 104
track:1520, 650, 632, 165, 104
track:1521, 632, 632, 165, 104
track:1522, 619, 632, 165, 104
track:1523, 619, 632, 165, 104
track:1524, 614, 634, 157, 99
track:1525, 616, 633, 157, 99
track:1526, 620, 632, 157, 99
track:1527, 628, 634, 150, 95
track:1528, 630, 634, 150, 95
track:1529, 662, 635, 142, 90
track:1530, 685, 633, 142, 90
track:1531, 711, 633, 142, 90
track:1532, 740, 632, 142, 90
track:1533, 740, 631, 142, 90
track:1534, 771, 633, 136, 86
track:1535, 797, 634, 136, 86
track:1536, 822, 634, 136, 86
track:1537, 838, 635, 136, 86
track:1538, 841, 637, 129, 82
track:1539, 857, 638, 129, 82
track:1540, 867, 640, 129, 82
track:1541, 871, 640, 129, 82
track:1542, 877, 643, 123, 78
track:1543, 877, 643, 123, 78
track:1544, 880, 645, 117, 74
track:1545, 879, 647, 117, 74
track:1546, 876, 648, 117, 74
track:1547, 867, 651, 117, 74
track:1548, 868, 651, 117, 74
track:1549, 863, 655, 112, 71
track:1550, 859, 659, 106, 67
track:1551, 856, 661, 101, 64
track:1552, 852, 663, 101, 64
init :1553, 872, 662, 212, 72
track:1554, 869, 663, 212, 72
track:1555, 873, 666, 202, 69
track:1556, 873, 667, 202, 69
track:1557, 874, 668, 202, 69
track:1558, 876, 668, 202, 69
track:1559, 879, 669, 202, 69
track:1560, 882, 669, 202, 69
track:1561, 885, 669, 202, 69
track:1562, 889, 670, 202, 69
track:1563, 888, 669, 202, 69
track:1564, 891, 670, 202, 69
track:1565, 890, 671, 202, 69
track:1566, 888, 671, 202, 69
track:1567, 888, 671, 202, 69
track:1568, 887, 671, 202, 69
track:1569, 891, 673, 192, 65
track:1570, 891, 673, 192, 65
track:1571, 894, 674, 183, 62
track:1572, 888, 675, 183, 62
track:1573, 889, 676, 183, 62
track:1574, 887, 676, 183, 62
track:1575, 884, 677, 183, 62
track:1576, 882, 677, 183, 62
track:1577, 883, 678, 174, 59
track:1578, 883, 678, 174, 59
track:1579, 879, 678, 174, 59
track:1580, 879, 680, 174, 59
track:1581, 878, 681, 166, 56
track:1582, 881, 682, 158, 54
track:1583, 881, 682, 158, 54
track:1584, 879, 682, 158, 54
track:1585, 879, 684, 151, 51
track:1586, 883, 685, 151, 51
track:1587, 881, 686, 151, 51
track:1588, 883, 686, 143, 49
track:1589, 883, 686, 143, 49
track:1590, 886, 686, 137, 46
track:1591, 890, 686, 137, 46
track:1592, 892, 687, 137, 46
track:1593, 897, 688, 130, 44
track:1594, 896, 687, 137, 46
track:1595, 892, 687, 137, 46
track:1596, 893, 687, 137, 46
track:1599, 895, 687, 130, 44
track:1600, 919, 684, 130, 44
track:1601, 920, 681, 130, 44
track:1602, 913, 676, 137, 46
track:1603, 913, 675, 137, 46
track:1604, 912, 675, 137, 46
track:1605, 906, 673, 143, 49
track:1606, 903, 675, 143, 49
track:1607, 901, 676, 143, 49
track:1608, 901, 677, 143, 49
elapseTime: 15.984
