init :7, 821, 630, 235, 197
track:8, 821, 630, 235, 197
track:9, 822, 630, 235, 197
track:10, 821, 631, 235, 197
track:11, 823, 630, 235, 197
track:12, 823, 630, 235, 197
track:13, 824, 630, 235, 197
track:14, 824, 630, 235, 197
track:15, 824, 630, 235, 197
track:16, 825, 630, 235, 197
track:17, 826, 630, 235, 197
track:18, 825, 630, 235, 197
track:19, 825, 629, 235, 197
init :20, 826, 633, 235, 194
track:21, 826, 632, 235, 194
track:22, 826, 632, 235, 194
track:23, 826, 632, 235, 194
track:24, 827, 632, 235, 194
track:25, 827, 632, 235, 194
track:26, 827, 633, 235, 194
track:27, 827, 632, 235, 194
track:28, 828, 632, 235, 194
track:29, 828, 632, 235, 194
track:30, 829, 632, 235, 194
track:31, 828, 632, 235, 194
track:32, 828, 632, 235, 194
track:33, 828, 632, 235, 194
track:34, 829, 633, 235, 194
track:35, 829, 633, 235, 194
track:36, 829, 632, 235, 194
track:37, 829, 631, 235, 194
track:38, 830, 632, 235, 194
init :39, 826, 633, 240, 194
track:40, 826, 633, 240, 194
track:41, 827, 633, 240, 194
track:42, 827, 633, 240, 194
track:43, 827, 632, 240, 194
track:44, 827, 632, 240, 194
track:45, 828, 632, 240, 194
track:46, 829, 632, 240, 194
track:48, 829, 631, 240, 194
track:49, 835, 636, 229, 185
track:50, 835, 636, 229, 185
track:51, 835, 635, 229, 185
track:52, 835, 635, 229, 185
track:53, 835, 635, 229, 185
track:54, 835, 635, 229, 185
track:55, 834, 635, 229, 185
track:56, 835, 635, 229, 185
track:57, 834, 635, 229, 185
init :58, 830, 628, 235, 199
track:59, 830, 628, 235, 199
track:60, 830, 628, 235, 199
track:61, 829, 628, 235, 199
track:62, 829, 628, 235, 199
track:63, 828, 629, 235, 199
track:64, 828, 629, 235, 199
track:65, 829, 629, 235, 199
track:66, 828, 629, 235, 199
track:67, 828, 630, 235, 199
track:68, 828, 629, 235, 199
track:69, 828, 629, 235, 199
track:70, 828, 629, 235, 199
track:71, 827, 630, 235, 199
track:72, 827, 629, 235, 199
track:73, 828, 629, 235, 199
track:74, 826, 629, 235, 199
track:75, 827, 630, 235, 199
track:76, 827, 629, 235, 199
init :77, 826, 630, 235, 197
track:78, 826, 630, 235, 197
track:79, 826, 630, 235, 197
track:80, 826, 629, 235, 197
track:81, 826, 629, 235, 197
track:82, 826, 629, 235, 197
track:83, 825, 630, 235, 197
track:84, 826, 630, 235, 197
track:85, 826, 630, 235, 197
track:86, 826, 631, 235, 197
track:87, 826, 630, 235, 197
track:88, 826, 631, 235, 197
track:89, 826, 630, 235, 197
track:90, 826, 631, 235, 197
track:91, 826, 631, 235, 197
track:92, 825, 632, 235, 197
track:93, 827, 631, 235, 197
track:94, 827, 630, 235, 197
track:95, 827, 630, 235, 197
init :96, 826, 630, 235, 197
track:97, 826, 631, 235, 197
track:98, 833, 635, 224, 188
track:99, 829, 630, 235, 197
track:100, 828, 629, 235, 197
track:101, 830, 630, 235, 197
track:102, 830, 628, 235, 197
track:103, 831, 628, 235, 197
track:104, 831, 627, 235, 197
track:105, 830, 626, 235, 197
track:106, 832, 626, 235, 197
track:107, 832, 625, 235, 197
track:108, 840, 628, 224, 188
track:109, 839, 627, 224, 188
track:110, 839, 626, 224, 188
track:111, 839, 624, 224, 188
track:112, 841, 623, 224, 188
track:113, 840, 621, 224, 188
track:114, 840, 620, 224, 188
init :115, 844, 623, 207, 176
track:116, 845, 622, 207, 176
track:117, 844, 621, 207, 176
track:120, 847, 617, 207, 176
track:121, 848, 614, 207, 176
track:122, 848, 613, 207, 176
track:123, 848, 611, 207, 176
track:124, 849, 611, 207, 176
track:125, 846, 610, 207, 176
track:126, 844, 605, 207, 176
track:127, 843, 604, 207, 176
track:128, 847, 608, 197, 168
track:129, 847, 608, 197, 168
track:130, 846, 610, 197, 168
track:131, 847, 611, 197, 168
track:132, 850, 614, 197, 168
track:133, 850, 615, 197, 168
init :134, 863, 617, 180, 163
track:135, 862, 619, 180, 163
track:136, 863, 619, 180, 163
track:137, 864, 622, 180, 163
track:138, 865, 622, 180, 163
track:139, 865, 623, 180, 163
track:140, 860, 618, 189, 171
track:141, 858, 618, 189, 171
track:142, 857, 618, 189, 171
track:143, 861, 623, 180, 163
track:144, 860, 623, 180, 163
track:145, 857, 627, 180, 163
track:146, 857, 628, 180, 163
track:147, 858, 629, 180, 163
track:148, 858, 632, 180, 163
track:149, 858, 631, 180, 163
track:150, 859, 634, 180, 163
track:151, 859, 638, 180, 163
track:152, 864, 643, 171, 155
init :153, 863, 641, 170, 163
track:154, 863, 641, 170, 163
track:155, 863, 642, 170, 163
track:156, 864, 644, 170, 163
track:157, 866, 645, 170, 163
track:158, 867, 645, 170, 163
track:159, 867, 647, 170, 163
track:160, 865, 646, 170, 163
track:161, 863, 647, 170, 163
track:162, 861, 646, 170, 163
track:163, 860, 647, 170, 163
track:164, 860, 647, 170, 163
track:165, 860, 648, 170, 163
track:166, 859, 649, 170, 163
track:167, 859, 648, 170, 163
track:168, 860, 647, 170, 163
track:169, 860, 648, 170, 163
track:170, 865, 650, 162, 155
track:171, 866, 650, 162, 155
init :172, 867, 656, 166, 145
track:173, 866, 656, 166, 145
track:174, 866, 656, 166, 145
track:175, 864, 657, 166, 145
track:176, 864, 656, 166, 145
track:177, 864, 657, 166, 145
track:178, 864, 658, 166, 145
track:179, 865, 659, 166, 145
track:180, 866, 659, 166, 145
track:181, 867, 661, 166, 145
track:182, 867, 663, 166, 145
track:183, 869, 667, 166, 145
track:184, 870, 667, 166, 145
track:185, 870, 669, 166, 145
track:186, 869, 668, 166, 145
track:187, 866, 662, 166, 145
track:188, 862, 657, 166, 145
track:189, 860, 658, 166, 145
track:190, 858, 656, 166, 145
init :191, 858, 646, 161, 145
track:192, 858, 643, 161, 145
track:193, 857, 642, 161, 145
track:194, 857, 640, 161, 145
track:195, 858, 639, 161, 145
track:196, 864, 641, 153, 138
track:197, 864, 640, 153, 138
track:198, 862, 641, 153, 138
track:199, 862, 641, 153, 138
track:200, 859, 643, 153, 138
track:201, 858, 644, 153, 138
track:202, 856, 641, 153, 138
track:203, 856, 638, 153, 138
track:204, 856, 638, 153, 138
track:205, 857, 635, 153, 138
track:206, 858, 634, 153, 138
track:207, 855, 633, 153, 138
track:208, 855, 634, 153, 138
track:209, 853, 632, 153, 138
init :210, 849, 630, 152, 135
track:211, 844, 626, 160, 142
track:212, 845, 624, 160, 142
track:213, 850, 627, 152, 135
track:214, 849, 625, 152, 135
track:215, 849, 625, 152, 135
track:216, 849, 625, 152, 135
track:217, 849, 626, 152, 135
track:218, 849, 626, 152, 135
track:219, 849, 626, 152, 135
track:220, 853, 633, 145, 129
track:221, 853, 634, 145, 129
track:222, 852, 636, 145, 129
track:223, 852, 636, 145, 129
track:224, 852, 639, 145, 129
track:225, 852, 641, 145, 129
track:226, 852, 641, 145, 129
track:227, 852, 642, 145, 129
track:228, 852, 642, 145, 129
init :229, 853, 646, 138, 111
track:230, 853, 645, 138, 111
track:231, 853, 646, 138, 111
track:232, 853, 644, 138, 111
track:233, 853, 643, 138, 111
track:234, 855, 645, 131, 106
track:235, 855, 644, 131, 106
track:236, 855, 643, 131, 106
track:237, 857, 644, 131, 106
track:238, 857, 644, 131, 106
track:239, 859, 646, 131, 106
track:240, 859, 647, 131, 106
track:241, 859, 649, 131, 106
track:242, 863, 651, 125, 101
track:243, 863, 651, 125, 101
track:244, 863, 651, 125, 101
track:245, 863, 652, 125, 101
track:246, 863, 652, 125, 101
track:247, 864, 652, 125, 101
init :248, 863, 656, 120, 88
track:249, 863, 657, 120, 88
track:250, 863, 660, 120, 88
track:251, 864, 662, 120, 88
track:252, 864, 663, 120, 88
track:253, 864, 663, 120, 88
track:254, 865, 666, 120, 88
track:255, 866, 669, 120, 88
track:256, 866, 672, 120, 88
track:257, 866, 674, 120, 88
track:258, 866, 675, 120, 88
track:259, 867, 676, 120, 88
track:260, 867, 678, 120, 88
track:261, 868, 678, 120, 88
track:262, 868, 678, 120, 88
track:263, 867, 679, 120, 88
track:264, 867, 681, 120, 88
track:265, 867, 682, 120, 88
track:266, 867, 684, 120, 88
init :267, 867, 682, 124, 96
track:268, 867, 682, 124, 96
track:269, 868, 683, 124, 96
track:270, 868, 685, 124, 96
track:271, 868, 689, 124, 96
track:272, 867, 690, 130, 101
track:273, 867, 690, 130, 101
track:274, 867, 692, 130, 101
track:275, 868, 694, 130, 101
track:276, 869, 696, 130, 101
track:277, 870, 700, 130, 101
track:278, 870, 699, 130, 101
track:279, 871, 700, 130, 101
track:280, 872, 698, 130, 101
track:281, 870, 695, 137, 106
track:282, 872, 697, 137, 106
track:283, 872, 698, 137, 106
track:284, 870, 697, 144, 111
track:285, 873, 699, 144, 111
init :286, 872, 690, 152, 140
track:287, 873, 687, 152, 140
track:288, 873, 688, 152, 140
track:289, 874, 685, 152, 140
track:290, 872, 677, 160, 147
track:291, 869, 667, 168, 154
track:292, 866, 658, 176, 162
track:293, 865, 658, 176, 162
track:294, 866, 657, 176, 162
track:295, 865, 650, 185, 170
track:296, 865, 650, 185, 170
track:297, 864, 651, 185, 170
track:298, 864, 652, 185, 170
track:299, 862, 653, 185, 170
track:300, 855, 650, 194, 179
track:301, 849, 648, 204, 188
track:302, 848, 652, 204, 188
track:303, 843, 648, 214, 197
track:304, 841, 655, 214, 197
init :305, 816, 641, 267, 225
track:306, 814, 640, 267, 225
track:307, 808, 633, 280, 236
track:308, 807, 633, 280, 236
track:309, 807, 631, 280, 236
track:310, 802, 622, 280, 236
track:311, 803, 611, 280, 236
track:312, 803, 600, 280, 236
track:313, 802, 600, 280, 236
track:314, 806, 593, 280, 236
track:315, 803, 587, 280, 236
track:316, 803, 576, 280, 236
track:317, 813, 571, 267, 225
track:318, 820, 577, 254, 214
track:319, 820, 576, 254, 214
track:320, 831, 571, 242, 204
track:321, 834, 564, 242, 204
track:322, 835, 563, 242, 204
track:323, 841, 568, 231, 194
init :324, 853, 568, 203, 179
track:325, 852, 567, 203, 179
track:326, 851, 559, 203, 179
track:327, 850, 559, 203, 179
track:328, 849, 560, 203, 179
track:329, 852, 571, 193, 170
track:330, 850, 578, 193, 170
track:331, 848, 580, 193, 170
track:332, 846, 583, 193, 170
track:333, 846, 583, 193, 170
track:334, 845, 585, 193, 170
track:335, 844, 586, 193, 170
track:336, 844, 589, 193, 170
track:337, 845, 589, 193, 170
track:338, 845, 589, 193, 170
track:339, 845, 586, 193, 170
track:340, 846, 584, 193, 170
track:341, 851, 588, 184, 162
track:342, 852, 587, 184, 162
init :343, 858, 602, 175, 153
track:344, 858, 601, 175, 153
track:345, 857, 598, 175, 153
track:346, 859, 600, 175, 153
track:347, 862, 604, 167, 146
track:348, 862, 604, 167, 146
track:349, 863, 606, 167, 146
track:350, 864, 610, 167, 146
track:351, 867, 616, 159, 139
track:352, 868, 620, 159, 139
track:353, 869, 620, 159, 139
track:354, 872, 626, 151, 132
track:355, 874, 629, 144, 126
track:356, 874, 629, 144, 126
track:357, 873, 630, 144, 126
track:358, 874, 630, 144, 126
track:359, 873, 630, 144, 126
track:360, 872, 630, 144, 126
track:361, 871, 630, 144, 126
init :362, 872, 638, 138, 109
track:363, 872, 638, 138, 109
track:364, 872, 639, 138, 109
track:365, 872, 640, 138, 109
track:366, 872, 641, 138, 109
track:367, 870, 641, 138, 109
track:368, 870, 642, 138, 109
track:369, 870, 642, 138, 109
track:370, 870, 647, 138, 109
track:371, 872, 655, 131, 104
track:372, 872, 658, 131, 104
track:373, 872, 659, 131, 104
track:374, 872, 660, 131, 104
track:375, 869, 661, 131, 104
track:376, 867, 662, 131, 104
track:377, 865, 663, 131, 104
track:378, 865, 663, 131, 104
track:379, 864, 665, 131, 104
track:380, 864, 664, 131, 104
init :381, 867, 662, 115, 96
track:382, 865, 662, 115, 96
track:383, 864, 663, 115, 96
track:384, 863, 663, 115, 96
track:385, 863, 662, 115, 96
track:386, 863, 661, 115, 96
track:387, 863, 661, 115, 96
track:388, 862, 662, 115, 96
track:389, 862, 662, 115, 96
track:390, 861, 662, 115, 96
track:391, 862, 663, 115, 96
track:392, 863, 666, 115, 96
track:393, 862, 666, 115, 96
track:394, 863, 667, 115, 96
track:395, 863, 673, 115, 96
track:396, 864, 676, 115, 96
track:397, 866, 681, 115, 96
track:398, 866, 681, 115, 96
track:399, 867, 685, 115, 96
init :400, 876, 698, 101, 70
track:401, 877, 703, 101, 70
track:402, 878, 708, 101, 70
track:403, 877, 708, 101, 70
track:404, 878, 710, 101, 70
track:405, 880, 710, 101, 70
track:406, 880, 710, 101, 70
track:407, 881, 710, 101, 70
track:408, 881, 710, 101, 70
track:409, 881, 709, 101, 70
track:410, 881, 707, 101, 70
track:411, 880, 703, 106, 74
track:412, 881, 701, 106, 74
track:413, 881, 701, 106, 74
track:414, 881, 699, 106, 74
track:415, 881, 701, 106, 74
track:416, 881, 702, 106, 74
track:417, 882, 703, 106, 74
track:418, 882, 703, 106, 74
init :419, 881, 698, 101, 83
track:420, 877, 697, 106, 87
track:421, 876, 697, 106, 87
track:422, 876, 696, 106, 87
track:423, 876, 696, 106, 87
track:424, 876, 691, 106, 87
track:425, 875, 690, 106, 87
track:426, 874, 688, 106, 87
track:427, 873, 687, 106, 87
track:428, 872, 686, 106, 87
track:429, 872, 687, 106, 87
track:430, 871, 687, 106, 87
track:431, 871, 687, 106, 87
track:432, 870, 687, 106, 87
track:433, 870, 687, 106, 87
track:434, 869, 686, 106, 87
track:435, 868, 687, 106, 87
track:436, 867, 688, 106, 87
track:437, 867, 689, 106, 87
init :438, 867, 690, 110, 90
track:439, 867, 692, 110, 90
track:440, 868, 693, 110, 90
track:441, 869, 693, 110, 90
track:442, 870, 693, 110, 90
track:443, 870, 694, 110, 90
track:444, 869, 693, 110, 90
track:445, 869, 694, 110, 90
track:446, 869, 695, 110, 90
track:447, 870, 694, 110, 90
track:448, 870, 694, 110, 90
track:449, 870, 692, 110, 90
track:450, 867, 690, 115, 94
track:451, 869, 693, 115, 94
track:452, 870, 695, 115, 94
track:453, 870, 695, 115, 94
track:454, 871, 694, 115, 94
track:455, 872, 695, 115, 94
track:456, 873, 695, 115, 94
init :457, 872, 693, 124, 93
track:458, 872, 693, 124, 93
track:459, 872, 693, 124, 93
track:460, 872, 691, 124, 93
track:461, 872, 691, 124, 93
track:462, 873, 692, 124, 93
track:463, 873, 690, 124, 93
track:464, 870, 686, 130, 98
track:465, 869, 684, 130, 98
track:466, 869, 685, 130, 98
track:467, 869, 685, 130, 98
track:468, 869, 685, 130, 98
track:469, 866, 682, 137, 103
track:470, 868, 684, 137, 103
track:471, 869, 685, 137, 103
track:472, 870, 685, 137, 103
track:473, 870, 687, 137, 103
track:474, 871, 690, 137, 103
track:475, 873, 690, 137, 103
init :476, 872, 682, 138, 116
track:477, 872, 682, 138, 116
track:478, 874, 682, 138, 116
track:479, 876, 680, 138, 116
track:480, 878, 671, 138, 116
track:481, 879, 669, 138, 116
track:482, 879, 668, 138, 116
track:483, 882, 660, 138, 116
track:484, 881, 656, 145, 122
track:485, 882, 657, 145, 122
track:486, 879, 657, 152, 128
track:487, 879, 658, 152, 128
track:488, 879, 662, 152, 128
track:490, 876, 665, 152, 128
track:491, 873, 667, 152, 128
track:492, 873, 667, 152, 128
track:493, 870, 667, 152, 128
track:494, 869, 667, 152, 128
init :495, 853, 654, 175, 150
track:496, 852, 651, 175, 150
track:497, 851, 650, 175, 150
track:498, 851, 648, 175, 150
track:499, 850, 644, 175, 150
track:500, 848, 640, 175, 150
track:501, 848, 637, 175, 150
track:502, 848, 635, 175, 150
track:503, 848, 633, 175, 150
track:504, 849, 632, 175, 150
track:505, 847, 631, 175, 150
track:506, 846, 630, 175, 150
track:507, 848, 630, 175, 150
track:508, 846, 628, 175, 150
track:509, 846, 624, 175, 150
track:510, 846, 621, 175, 150
track:511, 845, 619, 175, 150
track:512, 845, 618, 175, 150
track:513, 845, 618, 175, 150
init :514, 853, 625, 152, 137
track:515, 853, 625, 152, 137
track:516, 852, 625, 152, 137
track:517, 852, 624, 152, 137
track:518, 852, 622, 152, 137
track:519, 853, 621, 152, 137
track:520, 854, 621, 152, 137
track:521, 855, 620, 152, 137
track:522, 858, 622, 145, 130
track:523, 858, 624, 145, 130
track:524, 859, 626, 145, 130
track:525, 863, 630, 138, 124
track:526, 867, 634, 131, 118
track:527, 867, 634, 131, 118
track:528, 867, 634, 131, 118
track:529, 867, 633, 131, 118
track:530, 869, 632, 131, 118
track:531, 872, 633, 125, 113
track:532, 873, 633, 125, 113
init :533, 876, 636, 129, 98
track:534, 876, 637, 129, 98
track:535, 875, 638, 129, 98
track:536, 875, 641, 129, 98
track:537, 875, 641, 129, 98
track:538, 875, 642, 129, 98
track:539, 879, 645, 123, 93
track:540, 879, 646, 123, 93
track:543, 876, 647, 123, 93
track:544, 876, 647, 123, 93
track:546, 873, 653, 123, 93
track:547, 876, 655, 117, 89
track:548, 875, 657, 117, 89
track:549, 874, 659, 117, 89
track:550, 876, 663, 111, 85
track:551, 875, 664, 111, 85
init :552, 872, 664, 106, 85
track:553, 871, 664, 106, 85
track:554, 872, 664, 106, 85
track:555, 872, 664, 106, 85
track:556, 871, 665, 106, 85
track:557, 874, 667, 101, 81
track:558, 871, 669, 106, 85
track:559, 870, 672, 106, 85
track:560, 873, 677, 101, 81
track:561, 873, 680, 101, 81
track:562, 873, 681, 101, 81
track:563, 873, 683, 101, 81
track:564, 873, 685, 101, 81
track:565, 873, 686, 101, 81
track:566, 872, 688, 101, 81
track:567, 872, 689, 101, 81
track:568, 873, 690, 101, 81
track:569, 874, 691, 101, 81
track:570, 873, 695, 101, 81
init :571, 872, 700, 101, 77
track:572, 872, 700, 101, 77
track:573, 873, 702, 101, 77
track:574, 874, 704, 101, 77
track:575, 875, 704, 101, 77
track:576, 874, 702, 101, 77
track:577, 874, 702, 101, 77
track:578, 871, 697, 106, 81
track:579, 872, 696, 106, 81
track:580, 873, 695, 106, 81
track:581, 874, 696, 106, 81
track:582, 874, 695, 106, 81
track:583, 873, 699, 106, 81
track:584, 873, 699, 106, 81
track:585, 873, 699, 106, 81
track:586, 873, 700, 106, 81
track:587, 873, 700, 106, 81
track:588, 873, 700, 106, 81
track:589, 874, 700, 106, 81
init :590, 872, 698, 106, 85
track:591, 871, 699, 106, 85
track:592, 871, 700, 106, 85
track:593, 868, 696, 111, 89
track:594, 868, 695, 111, 89
track:595, 868, 687, 111, 89
track:596, 867, 685, 111, 89
track:597, 867, 684, 111, 89
track:598, 866, 680, 111, 89
track:599, 865, 672, 111, 89
track:600, 865, 669, 111, 89
track:601, 866, 669, 111, 89
track:602, 866, 669, 111, 89
track:603, 866, 668, 111, 89
track:604, 862, 662, 117, 94
track:605, 863, 659, 117, 94
track:606, 862, 657, 117, 94
track:607, 863, 657, 117, 94
track:608, 863, 657, 117, 94
init :609, 867, 654, 120, 93
track:610, 867, 656, 120, 93
track:611, 867, 659, 120, 93
track:612, 868, 660, 120, 93
track:613, 864, 660, 126, 98
track:614, 864, 662, 126, 98
track:615, 864, 665, 126, 98
track:616, 864, 668, 126, 98
track:617, 864, 668, 126, 98
track:618, 864, 667, 126, 98
track:619, 864, 666, 126, 98
track:620, 865, 665, 126, 98
track:621, 865, 664, 126, 98
track:622, 866, 665, 126, 98
track:623, 866, 664, 126, 98
track:624, 865, 663, 126, 98
track:625, 862, 659, 132, 103
track:626, 863, 660, 132, 103
track:627, 864, 660, 132, 103
init :628, 858, 659, 138, 111
track:629, 858, 659, 138, 111
track:630, 858, 656, 138, 111
track:631, 858, 656, 138, 111
track:632, 857, 656, 138, 111
track:633, 859, 659, 138, 111
track:634, 860, 662, 138, 111
track:635, 861, 663, 138, 111
track:636, 862, 665, 138, 111
track:637, 862, 665, 138, 111
track:638, 864, 666, 138, 111
track:639, 862, 664, 145, 117
track:640, 862, 663, 145, 117
track:641, 862, 661, 145, 117
track:642, 861, 661, 145, 117
track:643, 861, 659, 145, 117
track:644, 862, 657, 145, 117
track:645, 865, 651, 138, 111
track:646, 865, 649, 138, 111
init :647, 863, 651, 143, 122
track:648, 863, 651, 143, 122
track:649, 864, 651, 143, 122
track:650, 865, 652, 143, 122
track:651, 867, 652, 143, 122
track:652, 868, 652, 143, 122
track:653, 869, 652, 143, 122
track:654, 869, 653, 143, 122
track:655, 870, 658, 143, 122
track:656, 871, 660, 143, 122
track:657, 868, 658, 150, 128
track:658, 869, 659, 150, 128
track:659, 870, 658, 150, 128
track:660, 870, 657, 150, 128
track:661, 870, 657, 150, 128
track:662, 870, 656, 150, 128
track:663, 871, 656, 150, 128
track:664, 874, 656, 150, 128
track:665, 874, 654, 150, 128
init :666, 881, 654, 138, 116
track:667, 881, 654, 138, 116
track:668, 882, 652, 138, 116
track:669, 882, 652, 138, 116
track:670, 882, 652, 138, 116
track:671, 880, 652, 138, 116
track:672, 880, 653, 138, 116
track:673, 878, 652, 138, 116
track:674, 878, 651, 138, 116
track:675, 878, 650, 138, 116
track:676, 875, 650, 138, 116
track:677, 875, 650, 138, 116
track:678, 874, 654, 138, 116
track:679, 873, 663, 138, 116
track:680, 874, 669, 138, 116
track:681, 874, 671, 138, 116
track:682, 874, 672, 138, 116
track:683, 871, 671, 138, 116
track:684, 870, 670, 138, 116
init :685, 867, 669, 143, 124
track:686, 868, 671, 143, 124
track:687, 867, 671, 143, 124
track:688, 867, 672, 143, 124
track:689, 862, 668, 150, 130
track:690, 861, 667, 150, 130
track:691, 860, 663, 150, 130
track:692, 861, 663, 150, 130
track:693, 860, 663, 150, 130
track:694, 860, 662, 150, 130
track:695, 861, 662, 150, 130
track:696, 860, 660, 150, 130
track:697, 859, 659, 150, 130
track:698, 857, 657, 150, 130
track:699, 855, 658, 150, 130
track:700, 855, 659, 150, 130
track:701, 855, 661, 150, 130
track:702, 856, 661, 150, 130
track:703, 859, 667, 143, 124
init :704, 853, 675, 143, 119
track:705, 855, 681, 136, 113
track:706, 851, 681, 143, 119
track:707, 851, 681, 143, 119
track:708, 850, 682, 143, 119
track:709, 847, 680, 150, 125
track:710, 847, 679, 150, 125
track:711, 846, 679, 150, 125
track:712, 846, 676, 150, 125
track:713, 847, 674, 150, 125
track:714, 846, 674, 150, 125
track:715, 846, 676, 150, 125
track:716, 846, 676, 150, 125
track:717, 846, 677, 150, 125
track:718, 847, 677, 150, 125
track:719, 848, 678, 150, 125
track:720, 848, 679, 150, 125
track:721, 848, 679, 150, 125
track:722, 848, 679, 150, 125
init :723, 853, 675, 147, 127
track:724, 853, 672, 147, 127
track:725, 854, 669, 147, 127
track:726, 854, 667, 147, 127
track:727, 855, 666, 147, 127
track:728, 851, 660, 154, 133
track:729, 851, 655, 154, 133
track:730, 856, 657, 147, 127
track:731, 856, 656, 147, 127
track:732, 856, 656, 147, 127
track:733, 852, 652, 154, 133
track:734, 853, 646, 154, 133
track:735, 855, 642, 154, 133
track:736, 854, 642, 154, 133
track:737, 855, 639, 154, 133
track:738, 853, 638, 154, 133
track:739, 852, 640, 154, 133
track:740, 854, 640, 154, 133
track:741, 854, 640, 154, 133
init :742, 853, 636, 161, 145
track:743, 851, 636, 161, 145
track:744, 851, 636, 161, 145
track:745, 851, 634, 161, 145
track:746, 851, 634, 161, 145
track:747, 852, 631, 161, 145
track:748, 852, 625, 161, 145
track:749, 852, 620, 161, 145
track:750, 850, 618, 161, 145
track:751, 849, 619, 161, 145
track:752, 848, 619, 161, 145
track:753, 850, 621, 161, 145
track:754, 853, 621, 161, 145
track:755, 854, 621, 161, 145
track:756, 855, 620, 161, 145
track:757, 854, 619, 161, 145
track:758, 855, 617, 161, 145
track:759, 858, 622, 153, 138
track:760, 858, 627, 153, 138
init :761, 858, 630, 152, 132
track:762, 860, 630, 152, 132
track:763, 861, 630, 152, 132
track:764, 863, 631, 152, 132
track:765, 862, 632, 152, 132
track:766, 862, 632, 152, 132
track:767, 860, 632, 152, 132
track:768, 861, 633, 152, 132
track:769, 862, 635, 152, 132
track:770, 864, 644, 152, 132
track:771, 869, 646, 145, 126
track:772, 869, 646, 145, 126
track:773, 871, 644, 145, 126
track:774, 872, 644, 145, 126
track:775, 873, 645, 145, 126
track:776, 872, 645, 145, 126
track:777, 873, 644, 145, 126
track:778, 877, 645, 138, 120
track:779, 879, 644, 138, 120
init :780, 881, 649, 133, 98
track:781, 881, 649, 133, 98
track:782, 881, 649, 133, 98
track:783, 881, 650, 133, 98
track:784, 880, 649, 133, 98
track:785, 880, 650, 133, 98
track:786, 879, 650, 133, 98
track:787, 879, 650, 133, 98
track:788, 878, 651, 133, 98
track:789, 877, 652, 133, 98
track:790, 880, 654, 127, 93
track:791, 881, 653, 127, 93
track:792, 877, 650, 133, 98
track:793, 877, 651, 133, 98
track:794, 876, 652, 133, 98
track:795, 876, 656, 133, 98
track:796, 876, 657, 133, 98
track:797, 877, 657, 133, 98
track:798, 877, 656, 133, 98
init :799, 876, 656, 133, 106
track:800, 875, 657, 133, 106
track:801, 875, 658, 133, 106
track:802, 875, 659, 133, 106
track:803, 874, 659, 133, 106
track:804, 875, 661, 133, 106
track:805, 874, 660, 133, 106
track:806, 874, 660, 133, 106
track:807, 873, 660, 133, 106
track:808, 872, 661, 133, 106
track:809, 872, 662, 133, 106
track:810, 874, 664, 133, 106
track:811, 873, 665, 133, 106
track:812, 872, 667, 133, 106
track:813, 871, 667, 133, 106
track:814, 869, 667, 133, 106
track:815, 867, 667, 133, 106
track:816, 868, 667, 133, 106
track:817, 867, 669, 133, 106
init :818, 863, 672, 147, 119
track:819, 862, 673, 147, 119
track:820, 861, 684, 147, 119
track:821, 860, 685, 147, 119
track:822, 859, 685, 147, 119
track:823, 859, 684, 147, 119
track:824, 859, 683, 147, 119
track:825, 853, 680, 154, 125
track:826, 853, 680, 154, 125
track:827, 853, 685, 154, 125
track:828, 853, 691, 154, 125
track:829, 851, 690, 162, 131
track:830, 853, 691, 162, 131
track:831, 853, 691, 162, 131
track:832, 854, 692, 162, 131
track:833, 852, 687, 170, 138
track:834, 853, 681, 170, 138
track:835, 852, 672, 170, 138
track:836, 852, 673, 170, 138
init :837, 853, 664, 166, 142
track:838, 852, 663, 166, 142
track:839, 850, 659, 166, 142
track:840, 849, 654, 166, 142
track:841, 849, 653, 166, 142
track:842, 843, 650, 174, 149
track:843, 841, 645, 174, 149
track:844, 836, 639, 183, 157
track:845, 829, 625, 183, 157
track:846, 828, 625, 183, 157
track:847, 828, 615, 183, 157
track:848, 827, 612, 183, 157
track:849, 826, 610, 183, 157
track:850, 826, 609, 183, 157
track:851, 825, 608, 183, 157
track:852, 829, 604, 183, 157
track:853, 834, 600, 183, 157
track:854, 835, 602, 183, 157
track:855, 835, 605, 183, 157
init :856, 830, 599, 198, 173
track:857, 829, 600, 198, 173
track:858, 832, 597, 198, 173
track:859, 832, 595, 198, 173
track:860, 831, 592, 198, 173
track:861, 831, 591, 198, 173
track:862, 836, 596, 189, 165
track:863, 837, 603, 189, 165
track:864, 838, 608, 189, 165
track:865, 839, 614, 189, 165
track:866, 839, 615, 189, 165
track:867, 843, 623, 180, 157
track:868, 843, 625, 180, 157
track:869, 843, 624, 180, 157
track:870, 845, 630, 180, 157
track:871, 848, 634, 171, 149
track:872, 853, 638, 163, 142
track:873, 853, 638, 163, 142
track:874, 854, 638, 163, 142
init :875, 853, 641, 156, 137
track:876, 853, 641, 156, 137
track:877, 856, 642, 156, 137
track:878, 857, 643, 156, 137
track:879, 858, 642, 156, 137
track:880, 861, 646, 149, 130
track:881, 861, 646, 149, 130
track:882, 861, 646, 149, 130
track:883, 864, 645, 149, 130
track:884, 866, 643, 149, 130
track:885, 867, 643, 149, 130
track:886, 868, 643, 149, 130
track:887, 872, 647, 141, 124
track:888, 873, 648, 141, 124
track:889, 873, 646, 141, 124
track:890, 875, 644, 141, 124
track:891, 876, 645, 141, 124
track:892, 877, 644, 141, 124
track:893, 877, 643, 141, 124
init :894, 881, 646, 129, 119
track:895, 882, 647, 129, 119
track:896, 882, 647, 129, 119
track:897, 881, 647, 129, 119
track:898, 880, 646, 129, 119
track:899, 879, 647, 129, 119
track:900, 877, 646, 129, 119
track:901, 877, 648, 129, 119
track:902, 877, 648, 129, 119
track:903, 875, 649, 129, 119
track:904, 876, 649, 129, 119
track:905, 878, 651, 123, 113
track:906, 879, 651, 123, 113
track:907, 855, 638, 123, 113
track:908, 846, 634, 123, 113
track:909, 835, 633, 129, 119
track:910, 820, 639, 135, 125
track:911, 816, 639, 142, 131
track:912, 818, 644, 142, 131
init :913, 807, 565, 286, 259
track:914, 809, 566, 286, 259
track:915, 811, 570, 286, 259
track:916, 810, 570, 286, 259
track:917, 812, 571, 286, 259
track:918, 819, 579, 272, 247
track:919, 819, 580, 272, 247
track:920, 817, 581, 272, 247
track:921, 809, 575, 286, 259
track:922, 805, 575, 286, 259
track:923, 800, 575, 286, 259
track:924, 795, 572, 286, 259
track:925, 789, 572, 286, 259
track:926, 788, 572, 286, 259
track:927, 787, 573, 286, 259
track:928, 779, 573, 286, 259
track:929, 773, 573, 286, 259
track:930, 770, 571, 286, 259
track:931, 771, 571, 286, 259
init :932, 770, 581, 304, 244
track:933, 771, 579, 304, 244
track:934, 773, 577, 304, 244
track:935, 773, 576, 304, 244
track:936, 774, 575, 304, 244
track:937, 775, 573, 304, 244
track:938, 776, 572, 304, 244
track:939, 778, 569, 304, 244
track:940, 779, 568, 304, 244
track:941, 780, 568, 304, 244
track:942, 777, 567, 304, 244
track:943, 776, 564, 304, 244
track:944, 780, 570, 290, 232
track:945, 780, 569, 290, 232
track:946, 782, 571, 290, 232
track:947, 777, 571, 290, 232
track:948, 771, 572, 290, 232
track:949, 769, 573, 290, 232
track:950, 762, 575, 290, 232
init :951, 752, 571, 355, 236
track:952, 750, 573, 355, 236
track:953, 750, 575, 355, 236
track:954, 750, 576, 355, 236
track:955, 749, 578, 355, 236
track:956, 752, 577, 355, 236
track:957, 749, 579, 355, 236
track:958, 751, 579, 355, 236
track:959, 750, 581, 355, 236
track:960, 749, 581, 355, 236
track:961, 750, 582, 355, 236
track:962, 747, 584, 355, 236
track:963, 737, 579, 373, 248
track:964, 736, 579, 373, 248
track:965, 735, 579, 373, 248
track:966, 732, 579, 373, 248
track:967, 728, 581, 373, 248
track:968, 723, 583, 373, 248
track:969, 719, 583, 373, 248
init :970, 710, 584, 429, 244
track:971, 708, 582, 429, 244
track:972, 704, 581, 429, 244
track:973, 711, 587, 409, 232
track:974, 709, 587, 409, 232
track:975, 708, 588, 409, 232
track:976, 696, 581, 429, 244
track:977, 681, 576, 450, 256
track:978, 680, 577, 450, 256
track:979, 677, 579, 450, 256
track:980, 692, 585, 429, 244
track:981, 690, 583, 429, 244
track:982, 678, 579, 450, 256
track:983, 679, 581, 450, 256
track:984, 683, 582, 450, 256
track:985, 685, 580, 450, 256
track:986, 694, 587, 429, 244
track:987, 696, 588, 429, 244
track:988, 697, 587, 429, 244
init :989, 696, 586, 507, 249
track:990, 696, 586, 507, 249
track:991, 696, 586, 507, 249
track:992, 695, 586, 507, 249
track:993, 696, 587, 507, 249
track:994, 697, 584, 507, 249
track:995, 682, 578, 532, 261
track:996, 684, 577, 532, 261
track:997, 690, 574, 532, 261
track:998, 691, 572, 532, 261
track:999, 708, 576, 507, 249
track:1000, 696, 570, 532, 261
track:1001, 702, 570, 532, 261
track:1002, 718, 573, 507, 249
track:1003, 724, 569, 507, 249
track:1004, 727, 566, 507, 249
track:1005, 725, 568, 507, 249
track:1006, 733, 565, 507, 249
track:1007, 730, 561, 507, 249
init :1008, 761, 573, 493, 205
track:1009, 762, 571, 493, 205
track:1010, 760, 571, 493, 205
track:1011, 767, 575, 470, 195
track:1012, 765, 575, 470, 195
track:1013, 761, 574, 470, 195
track:1014, 754, 573, 470, 195
track:1015, 752, 573, 470, 195
track:1016, 751, 571, 470, 195
track:1017, 749, 572, 470, 195
track:1018, 746, 572, 470, 195
track:1019, 745, 572, 470, 195
track:1020, 740, 573, 470, 195
track:1021, 740, 572, 470, 195
track:1022, 747, 576, 447, 186
track:1023, 736, 571, 470, 195
track:1024, 735, 571, 470, 195
track:1025, 733, 571, 470, 195
track:1026, 731, 571, 470, 195
init :1027, 752, 581, 452, 171
track:1028, 752, 582, 452, 171
track:1029, 746, 581, 452, 171
track:1030, 754, 586, 430, 163
track:1031, 748, 588, 430, 163
track:1032, 752, 593, 410, 155
track:1033, 747, 594, 410, 155
track:1034, 744, 595, 410, 155
track:1035, 744, 595, 410, 155
track:1036, 742, 597, 410, 155
track:1037, 751, 602, 390, 148
track:1038, 741, 601, 410, 155
track:1039, 740, 604, 410, 155
track:1040, 741, 603, 410, 155
track:1041, 730, 603, 430, 163
track:1042, 730, 606, 430, 163
track:1043, 727, 608, 430, 163
track:1044, 728, 608, 430, 163
track:1045, 728, 608, 430, 163
init :1046, 738, 615, 443, 145
track:1047, 739, 616, 443, 145
track:1048, 730, 613, 465, 152
track:1049, 744, 615, 443, 145
track:1050, 746, 613, 443, 145
track:1051, 749, 611, 443, 145
track:1052, 757, 608, 443, 145
track:1053, 772, 610, 422, 138
track:1054, 768, 607, 443, 145
track:1055, 781, 612, 422, 138
track:1056, 776, 610, 443, 145
track:1057, 780, 609, 443, 145
track:1058, 794, 612, 422, 138
track:1059, 801, 616, 402, 132
track:1060, 801, 617, 402, 132
track:1061, 802, 617, 402, 132
track:1062, 799, 618, 402, 132
track:1063, 798, 618, 402, 132
track:1064, 785, 616, 422, 138
init :1065, 793, 617, 438, 135
track:1066, 791, 617, 438, 135
track:1067, 785, 616, 438, 135
track:1068, 777, 614, 438, 135
track:1069, 759, 610, 460, 142
track:1070, 756, 607, 460, 142
track:1071, 760, 612, 438, 135
track:1072, 743, 612, 438, 135
track:1073, 729, 613, 438, 135
track:1074, 718, 613, 438, 135
track:1075, 713, 613, 438, 135
track:1076, 695, 609, 460, 142
track:1077, 688, 610, 460, 142
track:1078, 672, 609, 460, 142
track:1079, 662, 612, 460, 142
track:1080, 671, 615, 438, 135
track:1081, 666, 615, 438, 135
track:1082, 659, 615, 438, 135
track:1083, 656, 618, 438, 135
init :1084, 664, 625, 452, 140
track:1085, 664, 625, 452, 140
track:1086, 666, 625, 452, 140
track:1087, 667, 626, 452, 140
track:1088, 669, 626, 452, 140
track:1089, 668, 625, 452, 140
track:1090, 667, 625, 452, 140
track:1091, 674, 628, 430, 133
track:1092, 675, 628, 430, 133
track:1093, 670, 626, 452, 140
track:1094, 671, 627, 452, 140
track:1095, 674, 629, 452, 140
track:1096, 682, 632, 430, 133
track:1097, 685, 632, 430, 133
track:1098, 683, 632, 430, 133
track:1099, 673, 628, 452, 140
track:1100, 673, 628, 452, 140
track:1101, 676, 628, 452, 140
track:1102, 679, 630, 452, 140
init :1103, 696, 628, 461, 163
track:1104, 696, 628, 461, 163
track:1105, 696, 629, 461, 163
track:1106, 696, 628, 461, 163
track:1107, 694, 629, 461, 163
track:1108, 691, 628, 461, 163
track:1109, 685, 631, 461, 163
track:1110, 687, 631, 461, 163
track:1111, 680, 632, 461, 163
track:1112, 678, 634, 461, 163
track:1113, 675, 637, 461, 163
track:1114, 670, 637, 461, 163
track:1115, 666, 638, 461, 163
track:1116, 665, 636, 461, 163
track:1117, 656, 638, 461, 163
track:1118, 657, 638, 461, 163
track:1119, 649, 638, 461, 163
track:1120, 648, 639, 461, 163
track:1121, 635, 635, 484, 171
init :1122, 710, 628, 392, 184
track:1123, 706, 628, 392, 184
track:1124, 702, 627, 392, 184
track:1125, 701, 625, 392, 184
track:1126, 713, 630, 373, 175
track:1127, 712, 630, 373, 175
track:1128, 715, 629, 373, 175
track:1129, 704, 624, 392, 184
track:1130, 701, 623, 392, 184
track:1131, 693, 618, 412, 193
track:1132, 670, 614, 412, 193
track:1133, 710, 622, 392, 184
track:1134, 715, 625, 373, 175
track:1135, 697, 622, 392, 184
track:1136, 707, 625, 373, 175
track:1137, 710, 621, 373, 175
track:1138, 718, 624, 356, 167
track:1139, 712, 625, 356, 167
track:1140, 706, 623, 356, 167
init :1141, 830, 630, 216, 181
track:1142, 826, 630, 216, 181
track:1143, 816, 630, 216, 181
track:1144, 807, 631, 216, 181
track:1145, 806, 632, 216, 181
track:1146, 798, 631, 216, 181
track:1147, 791, 631, 216, 181
track:1148, 785, 637, 206, 172
track:1149, 775, 631, 216, 181
track:1150, 777, 631, 216, 181
track:1151, 776, 631, 216, 181
track:1152, 775, 631, 216, 181
track:1153, 771, 632, 216, 181
track:1154, 775, 638, 206, 172
track:1155, 769, 639, 206, 172
track:1156, 773, 642, 206, 172
track:1157, 774, 644, 206, 172
track:1158, 774, 643, 206, 172
track:1159, 777, 640, 206, 172
init :1160, 780, 636, 263, 173
track:1161, 785, 635, 263, 173
track:1162, 783, 631, 276, 182
track:1163, 785, 631, 276, 182
track:1164, 785, 630, 276, 182
track:1165, 785, 630, 276, 182
track:1166, 786, 633, 276, 182
track:1167, 790, 638, 263, 173
track:1168, 780, 633, 276, 182
track:1169, 785, 632, 276, 182
track:1170, 776, 631, 276, 182
track:1171, 779, 630, 276, 182
track:1172, 781, 635, 263, 173
track:1173, 771, 642, 250, 165
track:1174, 774, 642, 250, 165
track:1175, 772, 641, 250, 165
track:1176, 781, 644, 239, 157
track:1177, 776, 643, 239, 157
track:1178, 779, 641, 239, 157
init :1179, 766, 641, 373, 147
track:1180, 766, 641, 373, 147
track:1181, 769, 641, 373, 147
track:1182, 763, 637, 392, 154
track:1183, 762, 636, 392, 154
track:1184, 764, 634, 392, 154
track:1185, 774, 636, 373, 147
track:1186, 773, 635, 373, 147
track:1187, 776, 634, 373, 147
track:1188, 780, 633, 373, 147
track:1189, 773, 627, 392, 154
track:1190, 762, 623, 411, 162
track:1191, 767, 623, 411, 162
track:1192, 764, 621, 411, 162
track:1193, 768, 623, 392, 154
track:1194, 774, 622, 392, 154
track:1195, 781, 625, 373, 147
track:1196, 775, 622, 373, 147
track:1197, 785, 625, 355, 140
init :1198, 793, 628, 373, 111
track:1199, 791, 629, 373, 111
track:1200, 792, 628, 373, 111
track:1201, 790, 628, 373, 111
track:1202, 789, 628, 373, 111
track:1203, 791, 627, 373, 111
track:1204, 801, 628, 355, 106
track:1205, 809, 630, 338, 101
track:1206, 822, 634, 322, 96
track:1207, 826, 634, 322, 96
track:1208, 829, 634, 322, 96
track:1209, 829, 634, 322, 96
track:1210, 839, 634, 322, 96
track:1211, 843, 635, 322, 96
track:1212, 849, 636, 322, 96
track:1213, 849, 637, 322, 96
track:1214, 856, 639, 307, 91
track:1215, 860, 640, 307, 91
track:1216, 861, 642, 307, 91
init :1217, 876, 646, 323, 98
track:1218, 875, 647, 323, 98
track:1219, 874, 647, 323, 98
track:1220, 873, 648, 323, 98
track:1221, 869, 648, 323, 98
track:1222, 874, 650, 308, 93
track:1223, 873, 652, 308, 93
track:1224, 873, 653, 308, 93
track:1225, 872, 654, 308, 93
track:1226, 869, 655, 308, 93
track:1227, 872, 655, 308, 93
track:1228, 869, 656, 308, 93
track:1229, 878, 659, 293, 89
track:1230, 878, 659, 293, 89
track:1231, 876, 660, 293, 89
track:1232, 885, 664, 279, 85
track:1233, 890, 665, 279, 85
track:1234, 891, 666, 266, 81
track:1235, 891, 669, 253, 77
init :1236, 918, 667, 240, 96
track:1237, 923, 669, 229, 91
track:1238, 916, 667, 240, 96
track:1239, 915, 667, 240, 96
track:1240, 913, 666, 240, 96
track:1241, 912, 667, 240, 96
track:1242, 917, 669, 229, 91
track:1243, 920, 671, 218, 87
track:1244, 919, 672, 218, 87
track:1245, 919, 672, 218, 87
track:1246, 920, 674, 218, 87
track:1247, 907, 673, 218, 87
track:1248, 908, 673, 218, 87
track:1249, 908, 674, 218, 87
track:1250, 889, 671, 218, 87
track:1251, 893, 671, 218, 87
track:1252, 871, 665, 229, 91
track:1253, 875, 667, 218, 87
track:1254, 872, 665, 218, 87
init :1255, 950, 667, 133, 85
track:1256, 944, 666, 133, 85
track:1257, 942, 667, 127, 81
track:1258, 940, 666, 127, 81
track:1259, 937, 664, 127, 81
track:1260, 934, 663, 127, 81
track:1261, 926, 662, 127, 81
track:1262, 922, 660, 127, 81
track:1263, 921, 662, 121, 77
track:1264, 921, 663, 121, 77
track:1265, 920, 663, 121, 77
track:1266, 921, 663, 121, 77
track:1267, 919, 660, 121, 77
track:1268, 919, 660, 121, 77
track:1269, 918, 660, 121, 77
track:1270, 918, 658, 121, 77
track:1271, 918, 657, 121, 77
track:1272, 911, 659, 121, 77
track:1273, 909, 659, 115, 73
init :1274, 932, 656, 115, 77
track:1275, 928, 655, 115, 77
track:1276, 923, 656, 115, 77
track:1277, 918, 656, 115, 77
track:1278, 910, 657, 115, 77
track:1279, 910, 658, 115, 77
track:1280, 902, 659, 115, 77
track:1281, 896, 659, 115, 77
track:1282, 886, 659, 115, 77
track:1283, 885, 660, 115, 77
track:1284, 884, 660, 115, 77
track:1285, 878, 662, 110, 73
track:1286, 873, 664, 104, 70
track:1287, 873, 663, 104, 70
track:1288, 871, 662, 104, 70
track:1289, 871, 661, 104, 70
track:1290, 870, 661, 104, 70
track:1291, 868, 663, 99, 67
track:1292, 867, 663, 99, 67
init :1293, 867, 662, 143, 72
track:1294, 867, 662, 143, 72
track:1295, 870, 664, 136, 69
track:1296, 868, 663, 136, 69
track:1297, 868, 662, 136, 69
track:1298, 869, 662, 136, 69
track:1299, 867, 662, 136, 69
track:1300, 866, 663, 136, 69
track:1301, 868, 665, 130, 65
track:1302, 867, 665, 130, 65
track:1303, 864, 664, 136, 69
track:1304, 864, 664, 136, 69
track:1305, 865, 663, 136, 69
track:1306, 865, 663, 136, 69
track:1307, 867, 663, 136, 69
track:1308, 870, 666, 130, 65
track:1309, 870, 666, 130, 65
track:1310, 870, 667, 130, 65
track:1311, 871, 668, 130, 65
init :1312, 867, 667, 161, 57
track:1313, 867, 667, 161, 57
track:1314, 867, 667, 161, 57
track:1315, 866, 668, 161, 57
track:1316, 869, 670, 153, 54
track:1317, 862, 670, 161, 57
track:1318, 856, 669, 169, 60
track:1319, 856, 669, 169, 60
track:1320, 850, 668, 178, 63
track:1321, 854, 670, 169, 60
track:1322, 855, 671, 169, 60
track:1323, 856, 672, 169, 60
track:1324, 857, 671, 169, 60
track:1325, 860, 672, 169, 60
track:1326, 864, 674, 161, 57
track:1327, 866, 675, 161, 57
track:1328, 866, 676, 161, 57
track:1329, 867, 676, 161, 57
track:1330, 865, 677, 161, 57
init :1331, 867, 677, 166, 49
track:1332, 865, 677, 166, 49
track:1333, 863, 677, 166, 49
track:1334, 863, 677, 166, 49
track:1335, 858, 677, 166, 49
track:1336, 853, 678, 166, 49
track:1337, 849, 678, 166, 49
track:1338, 847, 678, 166, 49
track:1339, 846, 678, 166, 49
track:1340, 846, 678, 166, 49
track:1341, 844, 678, 166, 49
track:1342, 843, 678, 166, 49
track:1343, 840, 677, 174, 51
track:1344, 839, 677, 174, 51
track:1345, 841, 677, 174, 51
track:1346, 840, 677, 174, 51
track:1347, 841, 678, 174, 51
track:1348, 840, 678, 174, 51
track:1349, 840, 679, 174, 51
init :1350, 844, 680, 175, 51
track:1351, 843, 680, 175, 51
track:1352, 841, 681, 175, 51
track:1353, 839, 681, 175, 51
track:1354, 835, 680, 184, 54
track:1355, 840, 682, 175, 51
track:1356, 840, 682, 175, 51
track:1357, 836, 681, 184, 54
track:1358, 836, 681, 184, 54
track:1359, 838, 682, 184, 54
track:1360, 837, 682, 184, 54
track:1361, 841, 683, 175, 51
track:1362, 847, 685, 167, 49
track:1363, 848, 685, 167, 49
track:1364, 848, 686, 167, 49
track:1365, 841, 684, 175, 51
track:1366, 839, 684, 175, 51
track:1367, 840, 685, 175, 51
track:1368, 840, 685, 175, 51
init :1369, 844, 687, 184, 57
track:1370, 843, 687, 184, 57
track:1371, 847, 689, 175, 54
track:1372, 841, 688, 184, 57
track:1373, 839, 689, 184, 57
track:1374, 843, 691, 175, 54
track:1375, 836, 690, 184, 57
track:1376, 834, 690, 184, 57
track:1377, 832, 690, 184, 57
track:1378, 831, 691, 184, 57
track:1379, 829, 691, 184, 57
track:1380, 825, 692, 184, 57
track:1381, 816, 691, 193, 60
track:1382, 810, 691, 203, 63
track:1383, 801, 690, 213, 66
track:1384, 800, 691, 213, 66
track:1385, 798, 692, 213, 66
track:1386, 800, 693, 213, 66
track:1387, 803, 694, 213, 66
init :1388, 816, 703, 198, 62
track:1389, 816, 703, 198, 62
track:1390, 817, 704, 198, 62
track:1391, 817, 702, 208, 65
track:1392, 821, 703, 208, 65
track:1393, 826, 705, 208, 65
track:1394, 827, 707, 208, 65
track:1395, 833, 709, 198, 62
track:1396, 834, 710, 198, 62
track:1397, 836, 710, 198, 62
track:1398, 835, 710, 198, 62
track:1399, 830, 709, 208, 65
track:1400, 827, 710, 208, 65
track:1401, 822, 711, 208, 65
track:1402, 811, 711, 218, 68
track:1403, 810, 712, 218, 68
track:1404, 807, 713, 218, 68
track:1405, 802, 713, 218, 68
track:1406, 799, 713, 218, 68
init :1407, 798, 713, 226, 67
track:1408, 796, 712, 226, 67
track:1409, 795, 712, 226, 67
track:1410, 794, 712, 226, 67
track:1411, 793, 712, 226, 67
track:1412, 800, 714, 215, 64
track:1413, 802, 715, 215, 64
track:1414, 797, 714, 226, 67
track:1415, 792, 713, 237, 70
track:1416, 793, 714, 237, 70
track:1417, 800, 716, 226, 67
track:1418, 797, 716, 226, 67
track:1419, 797, 717, 226, 67
track:1420, 797, 718, 226, 67
track:1421, 793, 719, 226, 67
track:1422, 792, 719, 226, 67
track:1423, 785, 717, 237, 70
track:1424, 785, 718, 237, 70
track:1425, 791, 720, 226, 67
init :1426, 793, 719, 244, 90
track:1427, 793, 719, 244, 90
track:1428, 797, 721, 232, 86
track:1429, 796, 721, 232, 86
track:1430, 796, 721, 232, 86
track:1431, 794, 722, 232, 86
track:1432, 796, 724, 232, 86
track:1433, 792, 724, 232, 86
track:1434, 791, 724, 232, 86
track:1435, 790, 727, 232, 86
track:1436, 786, 726, 232, 86
track:1437, 787, 726, 232, 86
track:1438, 787, 728, 232, 86
track:1439, 791, 731, 221, 82
track:1440, 784, 729, 232, 86
track:1441, 781, 731, 232, 86
track:1442, 777, 731, 232, 86
track:1443, 769, 731, 232, 86
track:1444, 768, 730, 232, 86
init :1445, 775, 719, 240, 116
track:1446, 767, 716, 252, 122
track:1447, 760, 716, 252, 122
track:1448, 758, 715, 252, 122
track:1449, 758, 714, 252, 122
track:1450, 757, 714, 252, 122
track:1451, 758, 713, 252, 122
track:1452, 761, 713, 252, 122
track:1453, 767, 714, 252, 122
track:1454, 769, 714, 252, 122
track:1455, 779, 718, 240, 116
track:1456, 786, 717, 240, 116
track:1457, 789, 718, 240, 116
track:1458, 791, 714, 252, 122
track:1459, 791, 715, 252, 122
track:1460, 796, 716, 252, 122
track:1461, 800, 717, 252, 122
track:1462, 805, 716, 252, 122
track:1463, 809, 718, 252, 122
init :1464, 835, 708, 198, 150
track:1465, 837, 707, 198, 150
track:1466, 837, 707, 198, 150
track:1467, 837, 706, 198, 150
track:1468, 838, 707, 198, 150
track:1469, 833, 706, 198, 150
track:1470, 831, 705, 198, 150
track:1471, 834, 708, 189, 143
track:1472, 824, 700, 198, 150
track:1473, 823, 699, 198, 150
track:1474, 822, 697, 198, 150
track:1475, 819, 693, 198, 150
track:1476, 813, 692, 198, 150
track:1477, 810, 688, 198, 150
track:1478, 809, 687, 198, 150
track:1479, 808, 685, 198, 150
track:1480, 809, 683, 198, 150
track:1481, 802, 673, 208, 158
track:1482, 800, 667, 218, 165
init :1483, 853, 662, 198, 163
track:1484, 863, 665, 189, 155
track:1485, 867, 665, 189, 155
track:1486, 871, 663, 189, 155
track:1487, 877, 661, 189, 155
track:1488, 877, 661, 189, 155
track:1489, 880, 660, 189, 155
track:1490, 880, 658, 189, 155
track:1491, 882, 656, 189, 155
track:1492, 884, 653, 189, 155
track:1493, 883, 652, 189, 155
track:1494, 887, 654, 180, 148
track:1495, 884, 653, 171, 141
track:1496, 882, 650, 171, 141
track:1497, 881, 645, 171, 141
track:1498, 877, 645, 171, 141
track:1499, 862, 642, 171, 141
track:1500, 864, 641, 163, 134
track:1501, 851, 636, 163, 134
init :1502, 830, 636, 304, 132
track:1503, 830, 636, 304, 132
track:1504, 828, 635, 304, 132
track:1505, 826, 632, 304, 132
track:1506, 823, 629, 304, 132
track:1507, 820, 627, 304, 132
track:1508, 820, 625, 304, 132
track:1509, 818, 624, 304, 132
track:1510, 816, 621, 304, 132
track:1511, 809, 616, 319, 139
track:1512, 804, 612, 319, 139
track:1513, 808, 615, 304, 132
track:1514, 799, 617, 290, 126
track:1515, 780, 616, 290, 126
track:1516, 763, 618, 276, 120
track:1517, 729, 616, 290, 126
track:1518, 728, 614, 290, 126
track:1519, 706, 615, 290, 126
track:1520, 684, 617, 290, 126
init :1521, 683, 625, 276, 103
track:1522, 670, 626, 276, 103
track:1523, 669, 626, 276, 103
track:1524, 660, 626, 276, 103
track:1525, 663, 628, 263, 98
track:1526, 664, 628, 263, 98
track:1527, 676, 630, 250, 93
track:1528, 676, 629, 250, 93
track:1529, 701, 629, 250, 93
track:1530, 729, 631, 238, 89
track:1531, 753, 630, 238, 89
track:1532, 779, 629, 238, 89
track:1533, 775, 625, 250, 93
track:1534, 802, 626, 250, 93
track:1535, 826, 627, 250, 93
track:1536, 852, 629, 238, 89
track:1537, 870, 629, 238, 89
track:1538, 874, 633, 227, 85
track:1539, 885, 633, 216, 81
init :1540, 900, 643, 235, 77
track:1541, 897, 642, 247, 81
track:1542, 898, 643, 247, 81
track:1543, 898, 643, 247, 81
track:1544, 898, 643, 247, 81
track:1545, 899, 647, 235, 77
track:1546, 895, 648, 235, 77
track:1547, 891, 650, 235, 77
track:1548, 888, 650, 235, 77
track:1549, 870, 652, 235, 77
track:1550, 867, 653, 235, 77
track:1551, 861, 655, 235, 77
track:1552, 861, 658, 224, 73
track:1553, 860, 658, 224, 73
track:1554, 863, 661, 213, 70
track:1555, 863, 662, 213, 70
track:1556, 867, 664, 203, 67
track:1557, 873, 667, 193, 63
track:1558, 873, 667, 193, 63
init :1559, 886, 664, 198, 72
track:1560, 888, 665, 198, 72
track:1561, 890, 665, 198, 72
track:1562, 899, 667, 189, 69
track:1563, 900, 667, 189, 69
track:1564, 901, 668, 189, 69
track:1565, 901, 668, 189, 69
track:1566, 901, 668, 189, 69
track:1567, 900, 668, 189, 69
track:1568, 899, 669, 189, 69
track:1569, 903, 671, 180, 65
track:1570, 902, 671, 180, 65
track:1571, 902, 673, 171, 62
track:1572, 899, 673, 171, 62
track:1573, 899, 674, 171, 62
track:1574, 900, 676, 163, 59
track:1575, 898, 676, 163, 59
track:1576, 893, 676, 163, 59
track:1577, 889, 675, 163, 59
init :1578, 913, 672, 143, 75
track:1579, 911, 672, 143, 75
track:1580, 908, 673, 143, 75
track:1581, 902, 674, 143, 75
track:1582, 901, 674, 143, 75
track:1583, 899, 674, 143, 75
track:1584, 898, 674, 143, 75
track:1585, 895, 674, 143, 75
track:1586, 893, 674, 143, 75
track:1587, 893, 673, 143, 75
track:1588, 896, 676, 136, 71
track:1589, 896, 676, 136, 71
track:1590, 897, 677, 136, 71
track:1591, 896, 678, 136, 71
track:1592, 891, 678, 136, 71
track:1593, 894, 678, 136, 71
track:1594, 892, 679, 136, 71
track:1595, 889, 680, 136, 71
track:1596, 887, 680, 136, 71
init :1599, 913, 680, 101, 72
track:1600, 912, 680, 101, 72
track:1601, 911, 680, 101, 72
track:1602, 910, 680, 101, 72
track:1603, 909, 679, 101, 72
track:1604, 905, 679, 101, 72
track:1605, 906, 681, 96, 69
track:1606, 903, 681, 96, 69
track:1607, 901, 682, 96, 69
track:1608, 900, 682, 96, 69
elapseTime: 18.485
