init :7, 821, 630, 235, 197
track:8, 821, 630, 235, 197
track:9, 822, 630, 235, 197
track:10, 821, 631, 235, 197
track:11, 823, 630, 235, 197
track:12, 823, 630, 235, 197
track:13, 824, 630, 235, 197
track:14, 824, 630, 235, 197
track:15, 824, 630, 235, 197
track:16, 825, 630, 235, 197
track:17, 826, 630, 235, 197
track:18, 825, 630, 235, 197
track:19, 825, 629, 235, 197
track:20, 821, 626, 247, 207
track:21, 820, 626, 247, 207
track:22, 827, 631, 235, 197
track:23, 828, 631, 235, 197
track:24, 827, 631, 235, 197
track:25, 828, 630, 235, 197
track:26, 829, 631, 235, 197
track:27, 829, 631, 235, 197
track:28, 829, 631, 235, 197
track:29, 829, 630, 235, 197
track:30, 829, 630, 235, 197
track:31, 830, 629, 235, 197
track:32, 831, 631, 235, 197
track:33, 829, 630, 235, 197
track:34, 830, 631, 235, 197
track:35, 830, 630, 235, 197
track:36, 830, 631, 235, 197
track:37, 829, 630, 235, 197
track:38, 831, 630, 235, 197
track:39, 830, 630, 235, 197
track:40, 830, 630, 235, 197
track:41, 831, 629, 235, 197
track:42, 830, 631, 235, 197
track:43, 831, 630, 235, 197
track:44, 830, 631, 235, 197
track:45, 832, 630, 235, 197
track:46, 830, 631, 235, 197
track:48, 832, 630, 235, 197
track:49, 830, 630, 235, 197
track:50, 831, 629, 235, 197
track:51, 832, 629, 235, 197
track:52, 831, 628, 235, 197
track:53, 832, 629, 235, 197
track:54, 831, 629, 235, 197
track:55, 832, 629, 235, 197
track:56, 831, 629, 235, 197
track:57, 831, 628, 235, 197
track:58, 831, 629, 235, 197
track:59, 830, 628, 235, 197
track:60, 832, 628, 235, 197
track:61, 831, 630, 235, 197
track:62, 830, 629, 235, 197
track:63, 829, 629, 235, 197
track:64, 830, 629, 235, 197
track:65, 829, 629, 235, 197
track:66, 828, 629, 235, 197
track:67, 829, 628, 235, 197
track:68, 829, 629, 235, 197
track:69, 828, 629, 235, 197
track:70, 829, 628, 235, 197
track:71, 829, 629, 235, 197
track:72, 828, 629, 235, 197
track:73, 828, 629, 235, 197
track:74, 828, 628, 235, 197
track:75, 828, 629, 235, 197
track:76, 828, 629, 235, 197
track:77, 827, 629, 235, 197
track:78, 828, 628, 235, 197
track:79, 828, 629, 235, 197
track:80, 828, 629, 235, 197
init :81, 826, 630, 235, 197
track:82, 826, 630, 235, 197
track:83, 826, 631, 235, 197
track:84, 826, 630, 235, 197
track:85, 826, 631, 235, 197
track:86, 826, 631, 235, 197
track:87, 826, 631, 235, 197
track:88, 827, 632, 235, 197
track:89, 826, 631, 235, 197
track:90, 826, 631, 235, 197
track:91, 826, 632, 235, 197
track:92, 826, 631, 235, 197
track:93, 826, 631, 235, 197
track:94, 826, 631, 235, 197
track:95, 827, 631, 235, 197
track:96, 827, 631, 235, 197
track:97, 829, 631, 235, 197
track:98, 822, 625, 247, 207
track:99, 829, 629, 235, 197
track:100, 829, 629, 235, 197
track:101, 830, 629, 235, 197
track:102, 831, 628, 235, 197
track:103, 831, 628, 235, 197
track:104, 831, 627, 235, 197
track:105, 831, 627, 235, 197
track:106, 832, 626, 235, 197
track:107, 833, 625, 235, 197
track:108, 834, 622, 235, 197
track:109, 833, 622, 235, 197
track:110, 834, 621, 235, 197
track:111, 833, 620, 235, 197
track:112, 834, 619, 235, 197
track:113, 835, 616, 235, 197
track:114, 836, 615, 235, 197
track:115, 837, 614, 235, 197
track:116, 837, 611, 235, 197
track:117, 839, 609, 235, 197
track:120, 845, 612, 224, 188
track:121, 847, 610, 224, 188
track:122, 847, 608, 224, 188
track:123, 848, 605, 224, 188
track:124, 848, 605, 224, 188
track:125, 845, 603, 224, 188
track:126, 842, 599, 224, 188
track:127, 842, 597, 224, 188
track:128, 841, 598, 224, 188
track:129, 841, 598, 224, 188
track:130, 842, 599, 224, 188
track:131, 841, 600, 224, 188
track:132, 844, 605, 224, 188
track:133, 846, 605, 224, 188
track:134, 845, 605, 224, 188
track:135, 852, 610, 213, 179
track:136, 851, 613, 213, 179
track:137, 853, 613, 213, 179
track:138, 855, 614, 213, 179
track:139, 855, 616, 213, 179
track:140, 854, 614, 213, 179
track:141, 858, 617, 203, 170
track:142, 852, 614, 213, 179
track:143, 851, 615, 213, 179
track:144, 851, 615, 213, 179
track:145, 854, 621, 203, 170
track:146, 852, 623, 203, 170
track:147, 852, 624, 203, 170
track:148, 854, 625, 203, 170
track:149, 854, 625, 203, 170
track:150, 853, 629, 203, 170
track:151, 854, 633, 203, 170
track:152, 854, 635, 203, 170
track:153, 860, 641, 193, 162
track:154, 859, 642, 193, 162
track:155, 860, 644, 193, 162
track:156, 855, 640, 203, 170
track:157, 856, 640, 203, 170
track:158, 857, 641, 203, 170
track:159, 857, 642, 203, 170
track:160, 857, 642, 203, 170
init :161, 863, 651, 170, 155
track:162, 861, 650, 170, 155
track:163, 859, 650, 170, 155
track:164, 859, 651, 170, 155
track:165, 858, 651, 170, 155
track:166, 859, 651, 170, 155
track:167, 859, 651, 170, 155
track:168, 859, 652, 170, 155
track:169, 860, 652, 170, 155
track:170, 860, 651, 170, 155
track:171, 861, 650, 170, 155
track:172, 861, 649, 170, 155
track:173, 862, 648, 170, 155
track:174, 862, 649, 170, 155
track:175, 860, 649, 170, 155
track:176, 858, 650, 170, 155
track:177, 859, 649, 170, 155
track:178, 860, 649, 170, 155
track:179, 860, 650, 170, 155
track:180, 861, 652, 170, 155
track:181, 861, 652, 170, 155
track:182, 863, 654, 170, 155
track:183, 865, 657, 170, 155
track:184, 866, 658, 170, 155
track:185, 866, 660, 170, 155
track:186, 864, 658, 170, 155
track:187, 861, 654, 170, 155
track:188, 857, 651, 170, 155
track:189, 856, 649, 170, 155
track:190, 853, 648, 170, 155
track:191, 853, 646, 170, 155
track:192, 858, 644, 162, 148
track:193, 856, 642, 162, 148
track:194, 856, 641, 162, 148
track:195, 857, 640, 162, 148
track:196, 859, 638, 162, 148
track:197, 859, 637, 162, 148
track:198, 856, 637, 162, 148
track:199, 855, 637, 162, 148
track:200, 854, 639, 162, 148
track:201, 851, 640, 162, 148
track:202, 850, 638, 162, 148
track:203, 851, 635, 162, 148
track:204, 851, 635, 162, 148
track:205, 851, 634, 162, 148
track:206, 852, 634, 162, 148
track:207, 851, 631, 162, 148
track:208, 849, 630, 162, 148
track:209, 851, 631, 154, 141
track:210, 850, 628, 154, 141
track:211, 849, 626, 154, 141
track:212, 849, 624, 154, 141
track:213, 849, 624, 154, 141
track:214, 849, 622, 154, 141
track:215, 849, 621, 154, 141
track:216, 849, 620, 154, 141
track:217, 848, 621, 154, 141
track:218, 847, 620, 154, 141
track:219, 848, 622, 154, 141
track:220, 852, 629, 147, 134
track:221, 851, 631, 147, 134
track:222, 852, 633, 147, 134
track:223, 851, 633, 147, 134
track:224, 851, 635, 147, 134
track:225, 851, 637, 147, 134
track:226, 852, 637, 147, 134
track:227, 852, 638, 147, 134
track:228, 852, 638, 147, 134
track:229, 851, 639, 147, 134
track:230, 855, 642, 140, 128
track:231, 855, 642, 140, 128
track:232, 853, 638, 140, 128
track:233, 854, 638, 140, 128
track:234, 852, 637, 140, 128
track:235, 853, 636, 140, 128
track:236, 857, 638, 133, 121
track:237, 858, 638, 133, 121
track:238, 858, 639, 133, 121
track:239, 858, 640, 133, 121
track:240, 859, 642, 133, 121
init :241, 863, 651, 120, 101
track:242, 864, 651, 120, 101
track:243, 864, 651, 120, 101
track:244, 864, 652, 120, 101
track:245, 864, 652, 120, 101
track:246, 864, 653, 120, 101
track:247, 864, 654, 120, 101
track:248, 865, 654, 120, 101
track:249, 864, 655, 120, 101
track:250, 864, 655, 120, 101
track:251, 865, 658, 120, 101
track:252, 866, 659, 120, 101
track:253, 866, 659, 120, 101
track:254, 867, 663, 120, 101
track:255, 866, 664, 120, 101
track:256, 867, 666, 120, 101
track:257, 869, 670, 120, 101
track:258, 868, 670, 120, 101
track:259, 869, 671, 120, 101
track:260, 869, 673, 120, 101
track:261, 869, 674, 120, 101
track:262, 869, 674, 120, 101
track:263, 869, 674, 120, 101
track:264, 869, 676, 120, 101
track:265, 869, 678, 120, 101
track:266, 869, 679, 120, 101
track:267, 869, 681, 120, 101
track:268, 870, 681, 120, 101
track:269, 869, 682, 120, 101
track:270, 870, 685, 120, 101
track:271, 871, 688, 120, 101
track:272, 871, 691, 120, 101
track:273, 868, 690, 126, 106
track:274, 868, 691, 126, 106
track:275, 869, 693, 126, 106
track:276, 870, 696, 126, 106
track:277, 868, 697, 132, 111
track:278, 868, 697, 132, 111
track:279, 869, 696, 132, 111
track:280, 871, 694, 132, 111
track:281, 869, 692, 139, 117
track:282, 870, 693, 139, 117
track:283, 870, 694, 139, 117
track:284, 871, 697, 139, 117
track:285, 870, 696, 146, 123
track:286, 872, 695, 146, 123
track:287, 870, 689, 153, 129
track:288, 870, 688, 153, 129
track:289, 871, 686, 153, 129
track:290, 870, 681, 153, 129
track:291, 867, 671, 161, 135
track:292, 868, 666, 161, 135
track:293, 864, 661, 169, 142
track:294, 863, 657, 177, 149
track:295, 860, 651, 186, 157
track:296, 858, 646, 195, 165
track:297, 856, 647, 195, 165
track:298, 856, 647, 195, 165
track:299, 853, 648, 195, 165
track:300, 852, 649, 195, 165
track:301, 846, 648, 205, 173
track:302, 840, 648, 216, 181
track:303, 839, 650, 216, 181
track:304, 833, 650, 226, 190
track:305, 825, 648, 238, 200
track:306, 819, 643, 249, 210
track:307, 811, 634, 262, 220
track:308, 812, 632, 262, 220
track:309, 812, 630, 262, 220
track:310, 816, 629, 249, 210
track:311, 816, 612, 249, 210
track:312, 817, 604, 249, 210
track:313, 816, 602, 249, 210
track:314, 817, 597, 249, 210
track:315, 817, 588, 249, 210
track:316, 823, 585, 238, 200
track:317, 824, 577, 238, 200
track:318, 826, 577, 238, 200
track:319, 826, 575, 238, 200
track:320, 831, 566, 238, 200
init :321, 858, 568, 207, 184
track:322, 858, 568, 207, 184
track:323, 858, 568, 207, 184
track:324, 857, 571, 207, 184
track:325, 857, 571, 207, 184
track:326, 856, 565, 207, 184
track:327, 853, 566, 207, 184
track:328, 853, 565, 207, 184
track:329, 854, 575, 197, 175
track:330, 853, 580, 197, 175
track:331, 851, 584, 197, 175
track:332, 849, 586, 197, 175
track:333, 850, 588, 197, 175
track:334, 849, 589, 197, 175
track:335, 847, 590, 197, 175
track:336, 847, 593, 197, 175
track:337, 848, 594, 197, 175
track:338, 849, 594, 197, 175
track:339, 849, 590, 197, 175
track:340, 854, 593, 188, 167
track:341, 855, 593, 188, 167
track:342, 856, 592, 188, 167
track:343, 857, 595, 179, 159
track:344, 858, 594, 179, 159
track:345, 859, 589, 179, 159
track:346, 863, 594, 170, 151
track:347, 866, 600, 162, 144
track:348, 867, 600, 162, 144
track:349, 866, 603, 162, 144
track:350, 867, 607, 162, 144
track:351, 868, 611, 162, 144
track:352, 869, 614, 162, 144
track:353, 873, 618, 154, 137
track:354, 871, 620, 154, 137
track:355, 871, 621, 154, 137
track:356, 872, 622, 154, 137
track:357, 875, 625, 147, 131
track:358, 875, 625, 147, 131
track:359, 874, 626, 147, 131
track:360, 873, 625, 147, 131
track:361, 872, 626, 147, 131
track:362, 871, 626, 147, 131
track:363, 871, 626, 147, 131
track:364, 874, 629, 140, 125
track:365, 873, 630, 140, 125
track:366, 873, 631, 140, 125
track:367, 871, 631, 140, 125
track:368, 874, 634, 133, 119
track:369, 874, 635, 133, 119
track:370, 873, 640, 133, 119
track:371, 872, 645, 133, 119
track:372, 872, 649, 133, 119
track:373, 872, 649, 133, 119
track:374, 871, 651, 133, 119
track:375, 873, 655, 127, 113
track:376, 870, 655, 127, 113
track:377, 868, 656, 127, 113
track:378, 868, 657, 127, 113
track:379, 868, 658, 127, 113
track:380, 868, 657, 127, 113
track:381, 867, 656, 127, 113
track:382, 865, 656, 127, 113
track:383, 864, 656, 127, 113
track:384, 863, 656, 127, 113
track:385, 862, 653, 127, 113
track:386, 863, 653, 127, 113
track:387, 865, 656, 121, 108
track:388, 865, 655, 121, 108
track:389, 864, 655, 121, 108
track:390, 864, 655, 121, 108
track:391, 867, 660, 115, 102
track:392, 867, 663, 115, 102
track:393, 867, 663, 115, 102
track:394, 867, 664, 115, 102
track:395, 871, 671, 110, 98
track:396, 871, 674, 110, 98
track:397, 873, 679, 110, 98
track:398, 874, 680, 110, 98
track:399, 875, 685, 110, 98
track:400, 875, 688, 110, 98
init :401, 876, 703, 101, 85
track:402, 877, 707, 101, 85
track:403, 877, 707, 101, 85
track:404, 878, 709, 101, 85
track:405, 879, 710, 101, 85
track:406, 879, 709, 101, 85
track:407, 880, 709, 101, 85
track:408, 880, 710, 101, 85
track:409, 879, 706, 106, 89
track:410, 879, 705, 106, 89
track:411, 880, 702, 106, 89
track:412, 881, 700, 106, 89
track:413, 881, 700, 106, 89
track:414, 880, 699, 106, 89
track:415, 880, 700, 106, 89
track:416, 880, 701, 106, 89
track:417, 881, 702, 106, 89
track:418, 881, 702, 106, 89
track:419, 881, 702, 106, 89
track:420, 879, 703, 106, 89
track:421, 878, 703, 106, 89
track:422, 878, 701, 106, 89
track:423, 878, 701, 106, 89
track:424, 877, 698, 106, 89
track:425, 877, 696, 106, 89
track:426, 876, 694, 106, 89
track:427, 874, 693, 106, 89
track:428, 875, 693, 106, 89
track:429, 875, 693, 106, 89
track:430, 873, 693, 106, 89
track:431, 873, 694, 106, 89
track:432, 872, 693, 106, 89
track:433, 873, 693, 106, 89
track:434, 872, 693, 106, 89
track:435, 871, 693, 106, 89
track:436, 870, 694, 106, 89
track:437, 869, 695, 106, 89
track:438, 870, 696, 106, 89
track:439, 871, 697, 106, 89
track:440, 871, 698, 106, 89
track:441, 871, 698, 106, 89
track:442, 872, 698, 106, 89
track:443, 872, 699, 106, 89
track:444, 872, 699, 106, 89
track:445, 869, 697, 111, 94
track:446, 870, 698, 111, 94
track:447, 870, 697, 111, 94
track:448, 870, 697, 111, 94
track:449, 871, 696, 111, 94
track:450, 868, 694, 117, 98
track:451, 868, 695, 117, 98
track:452, 870, 696, 117, 98
track:453, 869, 697, 117, 98
track:454, 871, 697, 117, 98
track:455, 872, 698, 117, 98
track:456, 872, 698, 117, 98
track:457, 871, 698, 117, 98
track:458, 871, 698, 117, 98
track:459, 871, 697, 117, 98
track:460, 871, 696, 117, 98
track:461, 868, 693, 123, 103
track:462, 868, 693, 123, 103
track:463, 869, 693, 123, 103
track:464, 868, 691, 123, 103
track:465, 868, 688, 123, 103
track:466, 867, 688, 123, 103
track:467, 865, 686, 129, 108
track:468, 865, 687, 129, 108
track:469, 865, 687, 129, 108
track:470, 867, 689, 129, 108
track:471, 867, 690, 129, 108
track:472, 865, 688, 135, 114
track:473, 865, 690, 135, 114
track:474, 865, 693, 135, 114
track:475, 867, 693, 135, 114
track:476, 869, 692, 135, 114
track:477, 869, 692, 135, 114
track:478, 871, 691, 135, 114
track:479, 869, 687, 142, 120
track:480, 872, 678, 142, 120
init :481, 872, 669, 147, 124
track:482, 872, 669, 147, 124
track:483, 875, 663, 147, 124
track:484, 876, 662, 147, 124
track:485, 874, 658, 154, 130
track:486, 875, 663, 154, 130
track:487, 875, 663, 154, 130
track:488, 873, 667, 154, 130
track:490, 871, 671, 154, 130
track:491, 868, 672, 154, 130
track:492, 863, 670, 162, 137
track:493, 861, 670, 162, 137
track:494, 861, 669, 162, 137
track:495, 854, 660, 170, 144
track:496, 852, 655, 170, 144
track:497, 851, 654, 170, 144
track:498, 850, 651, 170, 144
track:499, 849, 648, 170, 144
track:500, 847, 642, 170, 144
track:501, 848, 638, 170, 144
track:502, 848, 638, 170, 144
track:503, 846, 636, 170, 144
track:504, 847, 634, 170, 144
track:505, 846, 633, 170, 144
track:506, 845, 632, 170, 144
track:507, 846, 632, 170, 144
track:508, 846, 631, 170, 144
track:509, 846, 627, 170, 144
track:510, 846, 623, 170, 144
track:511, 844, 621, 170, 144
track:512, 845, 621, 170, 144
track:513, 844, 621, 170, 144
track:514, 845, 622, 170, 144
track:515, 845, 622, 170, 144
track:516, 849, 625, 162, 137
track:517, 848, 625, 162, 137
track:518, 849, 623, 162, 137
track:519, 848, 622, 162, 137
track:520, 850, 621, 162, 137
track:521, 850, 620, 162, 137
track:522, 849, 620, 162, 137
track:523, 849, 621, 162, 137
track:524, 850, 623, 162, 137
track:525, 852, 624, 162, 137
track:526, 853, 626, 162, 137
track:527, 853, 627, 162, 137
track:528, 855, 628, 154, 130
track:529, 855, 628, 154, 130
track:530, 861, 629, 147, 124
track:531, 862, 629, 147, 124
track:532, 866, 631, 140, 118
track:533, 867, 632, 140, 118
track:534, 868, 632, 140, 118
track:535, 871, 635, 133, 112
track:536, 870, 637, 133, 112
track:537, 870, 638, 133, 112
track:538, 870, 638, 133, 112
track:539, 874, 644, 127, 107
track:540, 873, 643, 127, 107
track:543, 871, 645, 127, 107
track:544, 872, 645, 127, 107
track:546, 868, 650, 127, 107
track:547, 872, 653, 121, 102
track:548, 870, 655, 121, 102
track:549, 870, 658, 121, 102
track:550, 869, 659, 121, 102
track:551, 871, 662, 115, 97
track:552, 871, 662, 115, 97
track:553, 870, 662, 115, 97
track:554, 873, 663, 110, 93
track:555, 872, 664, 110, 93
track:556, 872, 664, 110, 93
track:557, 872, 664, 110, 93
track:558, 874, 670, 104, 88
track:559, 874, 674, 104, 88
track:560, 874, 676, 104, 88
init :561, 876, 680, 96, 80
track:562, 876, 680, 96, 80
track:563, 876, 683, 96, 80
track:564, 876, 685, 96, 80
track:565, 876, 686, 96, 80
track:566, 876, 689, 96, 80
track:567, 876, 689, 96, 80
track:568, 877, 692, 96, 80
track:569, 878, 693, 96, 80
track:570, 877, 696, 96, 80
track:571, 876, 698, 96, 80
track:572, 876, 699, 96, 80
track:573, 878, 700, 96, 80
track:574, 879, 701, 96, 80
track:575, 880, 701, 96, 80
track:576, 878, 699, 96, 80
track:577, 878, 698, 96, 80
track:578, 879, 696, 96, 80
track:579, 880, 694, 96, 80
track:580, 877, 692, 101, 84
track:581, 878, 692, 101, 84
track:582, 878, 692, 101, 84
track:583, 877, 695, 101, 84
track:584, 877, 696, 101, 84
track:585, 877, 696, 101, 84
track:586, 877, 697, 101, 84
track:587, 877, 697, 101, 84
track:588, 877, 698, 101, 84
track:589, 878, 696, 101, 84
track:590, 877, 695, 101, 84
track:591, 875, 697, 101, 84
track:592, 875, 697, 101, 84
track:593, 874, 696, 101, 84
track:594, 874, 694, 101, 84
track:595, 872, 684, 106, 88
track:596, 872, 681, 106, 88
track:597, 868, 679, 111, 93
track:598, 868, 675, 111, 93
track:599, 867, 668, 111, 93
track:600, 868, 665, 111, 93
track:601, 868, 664, 111, 93
track:602, 868, 664, 111, 93
track:603, 868, 663, 111, 93
track:604, 867, 659, 111, 93
track:605, 867, 656, 111, 93
track:606, 867, 655, 111, 93
track:607, 867, 655, 111, 93
track:608, 867, 655, 111, 93
track:609, 868, 655, 111, 93
track:610, 866, 654, 117, 97
track:611, 866, 657, 117, 97
track:612, 866, 657, 117, 97
track:613, 865, 660, 117, 97
track:614, 866, 661, 117, 97
track:615, 865, 665, 117, 97
track:616, 865, 667, 117, 97
track:617, 865, 667, 117, 97
track:618, 865, 666, 117, 97
track:619, 865, 666, 117, 97
track:620, 866, 665, 117, 97
track:621, 864, 662, 123, 102
track:622, 864, 662, 123, 102
track:623, 862, 662, 123, 102
track:624, 859, 658, 129, 107
track:625, 860, 658, 129, 107
track:626, 861, 659, 129, 107
track:627, 861, 659, 129, 107
track:628, 862, 660, 129, 107
track:629, 861, 660, 129, 107
track:630, 860, 657, 129, 107
track:631, 861, 657, 129, 107
track:632, 861, 656, 129, 107
track:633, 863, 659, 129, 107
track:634, 863, 662, 129, 107
track:635, 860, 662, 135, 113
track:636, 860, 664, 135, 113
track:637, 861, 664, 135, 113
track:638, 863, 664, 135, 113
track:639, 863, 665, 135, 113
track:640, 863, 665, 135, 113
init :641, 863, 664, 147, 111
track:642, 863, 664, 147, 111
track:643, 864, 662, 147, 111
track:644, 860, 659, 154, 117
track:645, 860, 651, 154, 117
track:646, 864, 652, 147, 111
track:647, 865, 652, 147, 111
track:648, 865, 651, 147, 111
track:649, 864, 651, 147, 111
track:650, 870, 654, 140, 106
track:651, 872, 653, 140, 106
track:652, 873, 653, 140, 106
track:653, 873, 653, 140, 106
track:654, 873, 654, 140, 106
track:655, 874, 658, 140, 106
track:656, 875, 660, 140, 106
track:657, 876, 661, 140, 106
track:658, 873, 661, 147, 111
track:659, 875, 660, 147, 111
track:660, 874, 659, 147, 111
track:661, 875, 659, 147, 111
track:662, 876, 659, 147, 111
track:663, 876, 659, 147, 111
track:664, 877, 658, 147, 111
track:665, 883, 658, 140, 106
track:666, 883, 656, 140, 106
track:667, 883, 656, 140, 106
track:668, 884, 654, 140, 106
track:669, 884, 653, 140, 106
track:670, 884, 652, 140, 106
track:671, 882, 652, 140, 106
track:672, 882, 653, 140, 106
track:673, 880, 653, 140, 106
track:674, 875, 649, 147, 111
track:675, 874, 648, 147, 111
track:676, 873, 648, 147, 111
track:677, 873, 648, 147, 111
track:678, 871, 650, 147, 111
track:679, 870, 661, 147, 111
track:680, 870, 666, 147, 111
track:681, 871, 668, 147, 111
track:682, 871, 670, 147, 111
track:683, 869, 668, 147, 111
track:684, 868, 668, 147, 111
track:685, 868, 670, 147, 111
track:686, 868, 673, 147, 111
track:687, 868, 674, 147, 111
track:688, 868, 673, 147, 111
track:689, 866, 671, 147, 111
track:690, 865, 669, 147, 111
track:691, 864, 667, 147, 111
track:692, 861, 665, 154, 117
track:693, 860, 663, 154, 117
track:694, 860, 662, 154, 117
track:695, 861, 662, 154, 117
track:696, 860, 660, 154, 117
track:697, 859, 660, 154, 117
track:698, 858, 659, 154, 117
track:699, 856, 660, 154, 117
track:700, 855, 660, 154, 117
track:701, 856, 662, 154, 117
track:702, 855, 662, 154, 117
track:703, 855, 666, 154, 117
track:704, 853, 670, 154, 117
track:705, 852, 676, 154, 117
track:706, 851, 678, 154, 117
track:707, 850, 678, 154, 117
track:708, 850, 678, 154, 117
track:709, 850, 679, 154, 117
track:710, 851, 677, 154, 117
track:711, 851, 677, 154, 117
track:712, 850, 674, 154, 117
track:713, 851, 672, 154, 117
track:714, 850, 672, 154, 117
track:715, 850, 674, 154, 117
track:716, 846, 672, 162, 122
track:717, 847, 673, 162, 122
track:718, 848, 674, 162, 122
track:719, 849, 674, 162, 122
track:720, 850, 674, 162, 122
init :721, 853, 675, 147, 124
track:722, 853, 675, 147, 124
track:723, 853, 675, 147, 124
track:724, 854, 671, 147, 124
track:725, 854, 668, 147, 124
track:726, 854, 668, 147, 124
track:727, 854, 666, 147, 124
track:728, 855, 663, 147, 124
track:729, 852, 654, 154, 130
track:730, 852, 652, 154, 130
track:731, 853, 651, 154, 130
track:732, 853, 653, 154, 130
track:733, 852, 651, 154, 130
track:734, 853, 647, 154, 130
track:735, 854, 643, 154, 130
track:736, 855, 641, 154, 130
track:737, 854, 640, 154, 130
track:738, 853, 638, 154, 130
track:739, 850, 636, 162, 137
track:740, 852, 638, 162, 137
track:741, 852, 638, 162, 137
track:742, 853, 639, 162, 137
track:743, 851, 639, 162, 137
track:744, 850, 640, 162, 137
track:745, 851, 638, 162, 137
track:746, 851, 637, 162, 137
track:747, 851, 635, 162, 137
track:748, 852, 626, 162, 137
track:749, 851, 621, 162, 137
track:750, 848, 621, 162, 137
track:751, 848, 620, 162, 137
track:752, 848, 622, 162, 137
track:753, 850, 624, 162, 137
track:754, 852, 624, 162, 137
track:755, 855, 623, 162, 137
track:756, 855, 623, 162, 137
track:757, 856, 622, 162, 137
track:758, 855, 619, 162, 137
track:759, 853, 623, 162, 137
track:760, 855, 626, 162, 137
track:761, 854, 627, 162, 137
track:762, 856, 628, 162, 137
track:763, 859, 627, 162, 137
track:764, 860, 627, 162, 137
track:765, 859, 628, 162, 137
track:766, 859, 627, 162, 137
track:767, 857, 627, 162, 137
track:768, 861, 632, 154, 130
track:769, 861, 633, 154, 130
track:770, 864, 644, 154, 130
track:771, 865, 643, 154, 130
track:772, 866, 643, 154, 130
track:773, 866, 641, 154, 130
track:774, 871, 644, 147, 124
track:775, 872, 644, 147, 124
track:776, 872, 644, 147, 124
track:777, 872, 643, 147, 124
track:778, 874, 643, 147, 124
track:779, 875, 642, 147, 124
track:780, 874, 642, 147, 124
track:781, 875, 643, 147, 124
track:782, 875, 643, 147, 124
track:783, 879, 645, 140, 118
track:784, 878, 644, 140, 118
track:785, 881, 647, 133, 112
track:786, 881, 647, 133, 112
track:787, 880, 648, 133, 112
track:788, 880, 648, 133, 112
track:789, 879, 650, 133, 112
track:790, 878, 649, 133, 112
track:791, 878, 648, 133, 112
track:792, 878, 647, 133, 112
track:793, 877, 648, 133, 112
track:794, 877, 649, 133, 112
track:795, 878, 654, 133, 112
track:796, 877, 655, 133, 112
track:797, 877, 654, 133, 112
track:798, 878, 653, 133, 112
track:799, 878, 654, 133, 112
track:800, 877, 655, 133, 112
init :801, 876, 659, 133, 109
track:802, 876, 659, 133, 109
track:803, 875, 660, 133, 109
track:804, 873, 658, 140, 114
track:805, 871, 659, 140, 114
track:806, 871, 659, 140, 114
track:807, 871, 659, 140, 114
track:808, 870, 660, 140, 114
track:809, 870, 661, 140, 114
track:810, 870, 664, 140, 114
track:811, 871, 664, 140, 114
track:812, 870, 665, 140, 114
track:813, 868, 665, 140, 114
track:814, 867, 665, 140, 114
track:815, 866, 665, 140, 114
track:816, 865, 665, 140, 114
track:817, 866, 667, 140, 114
track:818, 864, 674, 140, 114
track:819, 864, 676, 140, 114
track:820, 859, 684, 147, 120
track:821, 859, 685, 147, 120
track:822, 855, 682, 154, 126
track:823, 854, 682, 154, 126
track:824, 853, 681, 154, 126
track:825, 852, 681, 154, 126
track:826, 852, 680, 154, 126
track:827, 852, 686, 154, 126
track:828, 852, 691, 154, 126
track:829, 853, 692, 154, 126
track:830, 855, 694, 154, 126
track:831, 856, 695, 154, 126
track:832, 856, 695, 154, 126
track:833, 854, 690, 162, 132
track:834, 855, 685, 162, 132
track:835, 854, 675, 162, 132
track:836, 855, 675, 162, 132
track:837, 855, 669, 162, 132
track:838, 853, 669, 162, 132
track:839, 851, 664, 162, 132
track:840, 846, 656, 170, 139
track:841, 845, 655, 170, 139
track:842, 842, 653, 170, 139
track:843, 836, 647, 178, 146
track:844, 835, 643, 178, 146
track:845, 834, 633, 170, 139
track:846, 833, 632, 170, 139
track:847, 828, 623, 178, 146
track:848, 824, 614, 187, 153
track:849, 821, 612, 187, 153
track:850, 822, 612, 187, 153
track:851, 822, 611, 187, 153
track:852, 821, 603, 197, 161
track:853, 825, 599, 197, 161
track:854, 827, 600, 197, 161
track:855, 826, 602, 197, 161
track:856, 826, 604, 197, 161
track:857, 826, 606, 197, 161
track:858, 828, 604, 197, 161
track:859, 834, 603, 187, 153
track:860, 834, 600, 187, 153
track:861, 833, 600, 187, 153
track:862, 834, 601, 187, 153
track:863, 835, 606, 187, 153
track:864, 835, 612, 187, 153
track:865, 836, 618, 187, 153
track:866, 836, 619, 187, 153
track:867, 836, 624, 187, 153
track:868, 839, 629, 178, 146
track:869, 840, 630, 178, 146
track:870, 840, 635, 178, 146
track:871, 841, 635, 178, 146
track:872, 840, 636, 178, 146
track:873, 842, 636, 178, 146
track:874, 843, 636, 178, 146
track:875, 848, 639, 170, 139
track:876, 849, 640, 170, 139
track:877, 849, 640, 170, 139
track:878, 850, 640, 170, 139
track:879, 852, 640, 170, 139
track:880, 852, 640, 170, 139
init :881, 863, 643, 147, 124
track:882, 863, 643, 147, 124
track:883, 865, 642, 147, 124
track:884, 867, 642, 147, 124
track:885, 869, 642, 147, 124
track:886, 869, 642, 147, 124
track:887, 870, 644, 147, 124
track:888, 870, 644, 147, 124
track:889, 875, 645, 140, 118
track:890, 877, 643, 140, 118
track:891, 877, 643, 140, 118
track:892, 882, 645, 133, 112
track:893, 883, 643, 133, 112
track:894, 883, 643, 133, 112
track:895, 884, 644, 133, 112
track:896, 887, 647, 127, 107
track:897, 888, 645, 127, 107
track:898, 885, 645, 127, 107
track:899, 884, 645, 127, 107
track:900, 882, 647, 127, 107
track:901, 883, 647, 127, 107
track:902, 881, 649, 127, 107
track:903, 883, 652, 121, 102
track:904, 887, 653, 115, 97
track:905, 887, 653, 115, 97
track:906, 888, 654, 115, 97
track:907, 912, 636, 115, 97
track:908, 918, 637, 115, 97
track:909, 920, 648, 115, 97
track:910, 919, 653, 115, 97
track:911, 920, 656, 115, 97
track:912, 921, 658, 115, 97
track:913, 922, 662, 115, 97
track:914, 918, 661, 121, 102
track:915, 920, 666, 121, 102
track:916, 920, 667, 121, 102
track:917, 923, 670, 115, 97
track:918, 924, 672, 115, 97
track:919, 925, 673, 115, 97
track:920, 922, 673, 115, 97
track:921, 921, 673, 115, 97
track:922, 918, 673, 115, 97
track:923, 912, 671, 115, 97
track:924, 905, 671, 115, 97
track:925, 899, 670, 115, 97
track:926, 901, 673, 110, 93
track:927, 898, 673, 110, 93
track:928, 888, 674, 110, 93
track:929, 883, 672, 110, 93
track:930, 879, 670, 110, 93
track:931, 881, 673, 104, 88
track:932, 875, 672, 104, 88
track:933, 874, 670, 104, 88
track:934, 874, 667, 104, 88
track:935, 875, 666, 99, 84
track:936, 874, 666, 99, 84
track:937, 875, 663, 99, 84
track:938, 877, 664, 95, 80
track:939, 876, 663, 95, 80
track:940, 875, 661, 95, 80
track:941, 875, 660, 95, 80
track:942, 874, 659, 95, 80
track:943, 873, 658, 95, 80
track:944, 870, 658, 95, 80
track:945, 869, 657, 95, 80
track:946, 868, 657, 95, 80
track:947, 864, 657, 95, 80
track:948, 859, 659, 95, 80
track:949, 854, 660, 95, 80
track:950, 850, 661, 95, 80
track:951, 849, 662, 95, 80
track:952, 846, 663, 95, 80
track:953, 843, 665, 95, 80
track:954, 843, 667, 90, 76
track:955, 841, 669, 90, 76
track:956, 841, 669, 90, 76
track:957, 839, 670, 90, 76
track:958, 838, 671, 90, 76
track:959, 836, 672, 90, 76
track:960, 837, 672, 90, 76
init :961, 747, 584, 383, 236
track:962, 746, 585, 383, 236
track:963, 744, 587, 383, 236
track:964, 744, 587, 383, 236
track:965, 743, 587, 383, 236
track:966, 741, 588, 383, 236
track:967, 739, 589, 383, 236
track:968, 737, 589, 383, 236
track:969, 729, 590, 383, 236
track:970, 729, 589, 383, 236
track:971, 728, 590, 383, 236
track:972, 721, 593, 383, 236
track:973, 718, 591, 383, 236
track:974, 711, 592, 383, 236
track:975, 719, 597, 365, 225
track:976, 715, 597, 365, 225
track:977, 712, 598, 365, 225
track:978, 711, 598, 365, 225
track:979, 708, 597, 365, 225
track:980, 702, 594, 383, 236
track:981, 703, 593, 383, 236
track:982, 701, 594, 383, 236
track:983, 702, 595, 383, 236
track:984, 704, 594, 383, 236
track:985, 706, 594, 383, 236
track:986, 706, 596, 383, 236
track:987, 700, 589, 402, 248
track:988, 699, 590, 402, 248
track:989, 703, 587, 402, 248
track:990, 703, 588, 402, 248
track:991, 714, 596, 383, 236
track:992, 709, 596, 383, 236
track:993, 714, 597, 383, 236
track:994, 711, 595, 383, 236
track:995, 712, 595, 383, 236
track:996, 713, 591, 383, 236
track:997, 717, 593, 383, 236
track:998, 712, 588, 383, 236
track:999, 723, 590, 365, 225
track:1000, 733, 595, 347, 214
track:1001, 734, 593, 347, 214
track:1002, 740, 591, 347, 214
track:1003, 746, 586, 347, 214
track:1004, 748, 583, 347, 214
track:1005, 755, 587, 331, 204
track:1006, 759, 585, 331, 204
track:1007, 764, 582, 331, 204
track:1008, 754, 576, 347, 214
track:1009, 755, 573, 347, 214
track:1010, 756, 571, 347, 214
track:1011, 755, 575, 331, 204
track:1012, 752, 577, 331, 204
track:1013, 759, 580, 315, 194
track:1014, 753, 579, 315, 194
track:1015, 751, 577, 315, 194
track:1016, 756, 580, 300, 185
track:1017, 760, 584, 286, 176
track:1018, 757, 584, 286, 176
track:1019, 757, 583, 286, 176
track:1020, 756, 584, 286, 176
track:1021, 755, 583, 286, 176
track:1022, 759, 586, 272, 168
track:1023, 759, 586, 272, 168
track:1024, 758, 586, 272, 168
track:1025, 757, 585, 272, 168
track:1026, 754, 584, 272, 168
track:1027, 750, 584, 272, 168
track:1028, 747, 587, 272, 168
track:1029, 744, 588, 272, 168
track:1030, 746, 588, 272, 168
track:1031, 741, 588, 272, 168
track:1032, 735, 589, 272, 168
track:1033, 730, 592, 272, 168
track:1034, 729, 592, 272, 168
track:1035, 725, 592, 272, 168
track:1036, 722, 593, 272, 168
track:1037, 725, 600, 259, 160
track:1038, 728, 608, 247, 152
track:1039, 729, 610, 247, 152
track:1040, 728, 610, 247, 152
init :1041, 738, 607, 438, 150
track:1042, 736, 606, 438, 150
track:1043, 724, 604, 460, 158
track:1044, 725, 607, 460, 158
track:1045, 736, 610, 438, 150
track:1046, 745, 615, 417, 143
track:1047, 746, 615, 417, 143
track:1048, 749, 615, 417, 143
track:1049, 744, 612, 438, 150
track:1050, 744, 612, 438, 150
track:1051, 748, 608, 438, 150
track:1052, 755, 606, 438, 150
track:1053, 752, 603, 460, 158
track:1054, 771, 606, 438, 150
track:1055, 784, 610, 417, 143
track:1056, 788, 611, 417, 143
track:1057, 791, 611, 417, 143
track:1058, 794, 612, 417, 143
track:1059, 795, 613, 417, 143
track:1060, 785, 611, 438, 150
track:1061, 785, 614, 438, 150
track:1062, 785, 614, 438, 150
track:1063, 781, 613, 438, 150
track:1064, 776, 610, 438, 150
track:1065, 785, 612, 417, 143
track:1066, 780, 615, 417, 143
track:1067, 771, 615, 417, 143
track:1068, 756, 611, 438, 150
track:1069, 747, 611, 438, 150
track:1070, 741, 612, 438, 150
track:1071, 722, 610, 460, 158
track:1072, 721, 615, 438, 150
track:1073, 707, 616, 438, 150
track:1074, 704, 618, 438, 150
track:1075, 696, 615, 438, 150
track:1076, 682, 614, 438, 150
track:1077, 672, 616, 438, 150
track:1078, 659, 614, 438, 150
track:1079, 648, 616, 438, 150
track:1080, 656, 619, 417, 143
track:1081, 642, 617, 438, 150
track:1082, 644, 620, 417, 143
track:1083, 636, 622, 417, 143
track:1084, 636, 621, 417, 143
track:1085, 632, 621, 417, 143
track:1086, 635, 619, 417, 143
track:1087, 632, 619, 417, 143
track:1088, 641, 622, 397, 136
track:1089, 641, 621, 397, 136
track:1090, 640, 619, 397, 136
track:1091, 644, 622, 378, 130
track:1092, 643, 623, 378, 130
track:1093, 639, 623, 397, 136
track:1094, 630, 620, 417, 143
track:1095, 631, 620, 417, 143
track:1096, 635, 620, 417, 143
track:1097, 640, 622, 417, 143
track:1098, 643, 625, 417, 143
track:1099, 649, 628, 397, 136
track:1100, 648, 626, 397, 136
track:1101, 656, 626, 397, 136
track:1102, 650, 626, 397, 136
track:1103, 653, 626, 397, 136
track:1104, 651, 626, 397, 136
track:1105, 651, 625, 397, 136
track:1106, 659, 628, 378, 130
track:1107, 649, 628, 397, 136
track:1108, 643, 629, 397, 136
track:1109, 652, 632, 378, 130
track:1110, 649, 631, 378, 130
track:1111, 641, 632, 378, 130
track:1112, 637, 632, 378, 130
track:1113, 635, 633, 378, 130
track:1114, 625, 631, 397, 136
track:1115, 626, 631, 397, 136
track:1116, 619, 631, 397, 136
track:1117, 616, 629, 397, 136
track:1118, 627, 633, 378, 130
track:1119, 625, 632, 378, 130
track:1120, 628, 632, 378, 130
init :1121, 701, 628, 401, 184
track:1122, 701, 628, 401, 184
track:1123, 697, 627, 401, 184
track:1124, 693, 627, 401, 184
track:1125, 693, 626, 401, 184
track:1126, 697, 626, 401, 184
track:1127, 699, 627, 401, 184
track:1128, 699, 628, 401, 184
track:1129, 706, 626, 401, 184
track:1130, 703, 626, 401, 184
track:1131, 705, 629, 401, 184
track:1132, 712, 629, 382, 175
track:1133, 718, 630, 382, 175
track:1134, 701, 625, 401, 184
track:1135, 697, 623, 401, 184
track:1136, 694, 625, 401, 184
track:1137, 697, 622, 401, 184
track:1138, 687, 617, 401, 184
track:1139, 678, 611, 401, 184
track:1140, 678, 611, 401, 184
track:1141, 686, 617, 382, 175
track:1142, 680, 614, 382, 175
track:1143, 670, 626, 382, 175
track:1144, 641, 629, 401, 184
track:1145, 651, 640, 382, 175
track:1146, 657, 643, 382, 175
track:1147, 660, 648, 364, 167
track:1148, 663, 651, 364, 167
track:1149, 665, 657, 346, 159
track:1150, 663, 653, 346, 159
track:1151, 657, 658, 346, 159
track:1152, 655, 659, 346, 159
track:1153, 650, 655, 346, 159
track:1154, 645, 655, 346, 159
track:1155, 644, 656, 346, 159
track:1156, 640, 653, 364, 167
track:1157, 641, 658, 364, 167
track:1158, 637, 660, 364, 167
track:1159, 646, 662, 346, 159
track:1160, 637, 658, 364, 167
track:1161, 641, 658, 364, 167
track:1162, 644, 656, 364, 167
track:1163, 644, 657, 364, 167
track:1164, 644, 659, 364, 167
track:1165, 645, 659, 364, 167
track:1166, 638, 657, 364, 167
track:1167, 631, 660, 364, 167
track:1168, 630, 658, 364, 167
track:1169, 629, 659, 364, 167
track:1170, 626, 658, 364, 167
track:1171, 628, 656, 364, 167
track:1172, 618, 655, 364, 167
track:1173, 623, 662, 346, 159
track:1174, 628, 659, 346, 159
track:1175, 630, 665, 330, 151
track:1176, 642, 667, 314, 144
track:1177, 641, 663, 314, 144
track:1178, 644, 663, 314, 144
track:1179, 646, 658, 314, 144
track:1180, 652, 664, 299, 137
track:1181, 661, 667, 285, 131
track:1182, 655, 663, 285, 131
track:1183, 669, 663, 271, 125
track:1184, 673, 663, 271, 125
track:1185, 672, 662, 271, 125
track:1186, 677, 665, 258, 119
track:1187, 682, 663, 258, 119
track:1188, 681, 661, 258, 119
track:1189, 682, 660, 258, 119
track:1190, 682, 661, 258, 119
track:1191, 684, 658, 258, 119
track:1192, 686, 654, 258, 119
track:1193, 689, 652, 258, 119
track:1194, 695, 651, 246, 113
track:1195, 696, 650, 246, 113
track:1196, 692, 648, 246, 113
track:1197, 698, 650, 234, 108
track:1198, 699, 649, 234, 108
track:1199, 708, 650, 223, 102
track:1200, 701, 646, 234, 108
init :1201, 798, 630, 364, 109
track:1202, 798, 630, 364, 109
track:1203, 799, 630, 364, 109
track:1204, 813, 633, 347, 104
track:1205, 813, 633, 347, 104
track:1206, 818, 633, 347, 104
track:1207, 822, 634, 347, 104
track:1208, 826, 634, 347, 104
track:1209, 826, 634, 347, 104
track:1210, 833, 634, 347, 104
track:1211, 840, 635, 347, 104
track:1212, 834, 633, 364, 109
track:1213, 833, 633, 364, 109
track:1214, 836, 634, 364, 109
track:1215, 845, 638, 347, 104
track:1216, 846, 639, 347, 104
track:1217, 848, 639, 347, 104
track:1218, 857, 642, 330, 99
track:1219, 856, 641, 330, 99
track:1220, 852, 642, 330, 99
track:1221, 850, 643, 330, 99
track:1222, 852, 644, 330, 99
track:1223, 849, 645, 330, 99
track:1224, 851, 645, 330, 99
track:1225, 854, 646, 330, 99
track:1226, 861, 648, 314, 94
track:1227, 864, 648, 314, 94
track:1228, 865, 649, 314, 94
track:1229, 861, 650, 314, 94
track:1230, 867, 651, 299, 90
track:1231, 877, 654, 285, 85
track:1232, 877, 654, 285, 85
track:1233, 873, 655, 285, 85
track:1234, 873, 656, 285, 85
track:1235, 872, 658, 285, 85
track:1236, 878, 659, 272, 81
track:1237, 883, 660, 259, 77
track:1238, 889, 659, 246, 74
track:1239, 889, 659, 246, 74
track:1240, 897, 660, 235, 70
track:1241, 890, 659, 246, 74
track:1242, 889, 662, 246, 74
track:1243, 880, 662, 259, 77
track:1244, 887, 664, 246, 74
track:1245, 879, 664, 246, 74
track:1246, 879, 669, 246, 74
track:1247, 875, 673, 259, 77
track:1248, 882, 680, 246, 74
track:1249, 880, 680, 246, 74
track:1250, 885, 686, 235, 70
track:1251, 891, 689, 223, 67
track:1252, 892, 689, 223, 67
track:1253, 891, 689, 223, 67
track:1254, 892, 689, 223, 67
track:1255, 892, 688, 235, 70
track:1256, 895, 688, 235, 70
track:1257, 885, 687, 246, 74
track:1258, 878, 689, 246, 74
track:1259, 880, 691, 246, 74
track:1260, 879, 692, 246, 74
track:1261, 882, 693, 235, 70
track:1262, 877, 691, 235, 70
track:1263, 886, 693, 223, 67
track:1264, 884, 692, 223, 67
track:1265, 891, 694, 213, 64
track:1266, 898, 693, 203, 61
track:1267, 898, 691, 203, 61
track:1268, 895, 688, 203, 61
track:1269, 894, 687, 203, 61
track:1270, 900, 687, 193, 58
track:1271, 901, 687, 184, 55
track:1272, 897, 686, 184, 55
track:1273, 891, 684, 193, 58
track:1274, 890, 683, 184, 55
track:1275, 892, 683, 175, 52
track:1276, 884, 684, 167, 50
track:1277, 888, 684, 159, 48
track:1278, 872, 683, 167, 50
track:1279, 871, 682, 167, 50
track:1280, 867, 681, 175, 52
init :1281, 900, 659, 129, 77
track:1282, 893, 660, 129, 77
track:1283, 890, 660, 129, 77
track:1284, 890, 660, 129, 77
track:1285, 880, 660, 129, 77
track:1286, 878, 659, 129, 77
track:1287, 875, 658, 129, 77
track:1288, 873, 657, 129, 77
track:1289, 874, 658, 129, 77
track:1290, 873, 658, 129, 77
track:1291, 870, 658, 129, 77
track:1292, 869, 658, 129, 77
track:1293, 866, 658, 129, 77
track:1294, 866, 658, 129, 77
track:1295, 865, 658, 129, 77
track:1296, 866, 659, 123, 73
track:1297, 866, 659, 123, 73
track:1298, 866, 659, 117, 70
track:1299, 867, 659, 117, 70
track:1300, 864, 658, 123, 73
track:1301, 863, 659, 123, 73
track:1302, 863, 659, 123, 73
track:1303, 862, 660, 123, 73
track:1304, 861, 659, 123, 73
track:1305, 861, 659, 123, 73
track:1306, 865, 662, 117, 70
track:1307, 867, 664, 111, 67
track:1308, 866, 664, 111, 67
track:1309, 866, 664, 111, 67
track:1310, 868, 663, 111, 67
track:1311, 869, 664, 111, 67
track:1312, 867, 663, 117, 70
track:1313, 864, 662, 123, 73
track:1314, 864, 662, 123, 73
track:1315, 864, 663, 123, 73
track:1316, 862, 663, 123, 73
track:1317, 861, 664, 123, 73
track:1318, 860, 663, 123, 73
track:1319, 862, 665, 117, 70
track:1320, 860, 666, 117, 70
track:1321, 859, 666, 117, 70
track:1322, 862, 668, 111, 67
track:1323, 866, 671, 106, 63
track:1324, 862, 670, 111, 67
track:1325, 866, 673, 106, 63
track:1326, 867, 673, 106, 63
track:1327, 869, 674, 106, 63
track:1328, 869, 674, 106, 63
track:1329, 870, 675, 106, 63
track:1330, 870, 675, 106, 63
track:1331, 869, 675, 106, 63
track:1332, 866, 675, 106, 63
track:1333, 862, 677, 101, 60
track:1334, 862, 676, 101, 60
track:1335, 856, 677, 101, 60
track:1336, 850, 677, 101, 60
track:1337, 847, 676, 101, 60
track:1338, 847, 676, 101, 60
track:1339, 846, 676, 101, 60
track:1340, 845, 675, 106, 63
track:1341, 843, 676, 106, 63
track:1342, 843, 676, 106, 63
track:1343, 843, 676, 106, 63
track:1344, 844, 677, 106, 63
track:1345, 843, 677, 106, 63
track:1346, 842, 678, 106, 63
track:1347, 843, 678, 106, 63
track:1348, 841, 678, 106, 63
track:1349, 842, 678, 106, 63
track:1350, 842, 681, 101, 60
track:1351, 844, 681, 96, 57
track:1352, 843, 681, 96, 57
track:1353, 843, 682, 96, 57
track:1354, 841, 682, 96, 57
track:1355, 842, 682, 96, 57
track:1356, 843, 683, 96, 57
track:1357, 843, 683, 96, 57
track:1358, 843, 684, 96, 57
track:1359, 843, 684, 96, 57
track:1360, 842, 685, 96, 57
init :1361, 849, 685, 180, 49
track:1362, 848, 686, 180, 49
track:1363, 850, 687, 180, 49
track:1364, 855, 688, 171, 47
track:1365, 855, 688, 171, 47
track:1366, 850, 687, 180, 49
track:1367, 850, 687, 180, 49
track:1368, 844, 687, 189, 51
track:1369, 844, 687, 189, 51
track:1370, 843, 688, 189, 51
track:1371, 846, 690, 180, 49
track:1372, 846, 691, 180, 49
track:1373, 839, 690, 189, 51
track:1374, 833, 689, 198, 54
track:1375, 835, 691, 189, 51
track:1376, 838, 692, 180, 49
track:1377, 832, 690, 189, 51
track:1378, 829, 691, 189, 51
track:1379, 827, 692, 189, 51
track:1380, 824, 692, 189, 51
track:1381, 821, 693, 189, 51
track:1382, 814, 693, 198, 54
track:1383, 811, 694, 198, 54
track:1384, 804, 694, 208, 57
track:1385, 808, 695, 198, 54
track:1386, 809, 697, 198, 54
track:1387, 810, 698, 198, 54
track:1388, 806, 698, 208, 57
track:1389, 808, 699, 208, 57
track:1390, 805, 698, 219, 60
track:1391, 808, 699, 219, 60
track:1392, 819, 701, 208, 57
track:1393, 823, 703, 208, 57
track:1394, 825, 703, 208, 57
track:1395, 825, 704, 208, 57
track:1396, 832, 705, 198, 54
track:1397, 833, 706, 198, 54
track:1398, 832, 707, 198, 54
track:1399, 833, 707, 198, 54
track:1400, 830, 708, 198, 54
track:1401, 820, 708, 208, 57
track:1402, 816, 709, 208, 57
track:1403, 811, 710, 208, 57
track:1404, 804, 709, 219, 60
track:1405, 800, 709, 219, 60
track:1406, 798, 710, 219, 60
track:1407, 801, 711, 208, 57
track:1408, 799, 711, 208, 57
track:1409, 793, 710, 219, 60
track:1410, 791, 710, 219, 60
track:1411, 790, 711, 219, 60
track:1412, 784, 711, 230, 63
track:1413, 786, 711, 230, 63
track:1414, 786, 711, 230, 63
track:1415, 787, 711, 230, 63
track:1416, 787, 713, 230, 63
track:1417, 788, 713, 230, 63
track:1418, 786, 715, 230, 63
track:1419, 788, 715, 230, 63
track:1420, 779, 713, 241, 66
track:1421, 776, 715, 241, 66
track:1422, 782, 717, 230, 63
track:1423, 776, 715, 241, 66
track:1424, 781, 717, 230, 63
track:1425, 775, 716, 241, 66
track:1426, 775, 716, 241, 66
track:1427, 776, 716, 241, 66
track:1428, 774, 716, 241, 66
track:1429, 777, 716, 241, 66
track:1430, 776, 717, 241, 66
track:1431, 771, 717, 241, 66
track:1432, 772, 719, 241, 66
track:1433, 775, 721, 230, 63
track:1434, 775, 721, 230, 63
track:1435, 774, 722, 230, 63
track:1436, 771, 722, 230, 63
track:1437, 767, 721, 230, 63
track:1438, 766, 721, 230, 63
track:1439, 773, 724, 219, 60
track:1440, 776, 725, 208, 57
init :1441, 784, 724, 244, 109
track:1442, 780, 724, 244, 109
track:1443, 778, 724, 244, 109
track:1444, 777, 724, 244, 109
track:1445, 772, 724, 244, 109
track:1446, 765, 725, 244, 109
track:1447, 762, 724, 244, 109
track:1448, 760, 724, 244, 109
track:1449, 759, 724, 244, 109
track:1450, 760, 722, 244, 109
track:1451, 762, 721, 244, 109
track:1452, 768, 723, 232, 104
track:1453, 769, 719, 244, 109
track:1454, 768, 721, 244, 109
track:1455, 774, 721, 244, 109
track:1456, 780, 721, 244, 109
track:1457, 790, 723, 244, 109
track:1458, 790, 723, 244, 109
track:1459, 791, 723, 244, 109
track:1460, 799, 725, 244, 109
track:1461, 809, 730, 232, 104
track:1462, 821, 735, 221, 99
track:1463, 821, 733, 221, 99
track:1464, 830, 738, 211, 94
track:1465, 839, 736, 211, 94
track:1466, 848, 743, 201, 90
track:1467, 844, 742, 211, 94
track:1468, 844, 743, 211, 94
track:1469, 844, 745, 211, 94
track:1470, 842, 746, 211, 94
track:1471, 840, 745, 211, 94
track:1472, 834, 742, 221, 99
track:1473, 831, 740, 221, 99
track:1474, 826, 733, 221, 99
track:1475, 820, 731, 232, 104
track:1476, 819, 732, 232, 104
track:1477, 828, 735, 221, 99
track:1478, 820, 732, 232, 104
track:1479, 819, 733, 232, 104
track:1480, 822, 734, 232, 104
track:1481, 822, 733, 232, 104
track:1482, 825, 737, 232, 104
track:1483, 822, 734, 232, 104
track:1484, 828, 732, 232, 104
track:1485, 830, 731, 221, 99
track:1486, 832, 727, 221, 99
track:1487, 840, 729, 221, 99
track:1488, 840, 728, 221, 99
track:1489, 848, 729, 211, 94
track:1490, 843, 727, 211, 94
track:1491, 848, 728, 201, 90
track:1492, 847, 725, 201, 90
track:1493, 851, 725, 191, 85
track:1494, 850, 724, 191, 85
track:1495, 846, 719, 191, 85
track:1496, 845, 717, 191, 85
track:1497, 835, 713, 182, 81
track:1498, 835, 711, 182, 81
track:1499, 833, 708, 182, 81
track:1500, 828, 706, 173, 77
track:1501, 824, 702, 173, 77
track:1502, 817, 698, 173, 77
track:1503, 815, 697, 173, 77
track:1504, 818, 695, 165, 74
track:1505, 817, 691, 157, 70
track:1506, 815, 687, 157, 70
track:1507, 813, 684, 157, 70
track:1508, 812, 683, 157, 70
track:1509, 812, 683, 157, 70
track:1510, 810, 679, 157, 70
track:1511, 811, 677, 157, 70
track:1512, 801, 673, 157, 70
track:1513, 803, 673, 157, 70
track:1514, 791, 671, 157, 70
track:1515, 776, 672, 150, 67
track:1516, 756, 668, 150, 67
track:1517, 732, 668, 150, 67
track:1518, 732, 668, 150, 67
track:1519, 712, 666, 150, 67
track:1520, 689, 665, 150, 67
init :1521, 683, 625, 276, 103
track:1522, 670, 626, 276, 103
track:1523, 669, 626, 276, 103
track:1524, 660, 626, 276, 103
track:1525, 663, 628, 263, 98
track:1526, 664, 628, 263, 98
track:1527, 676, 630, 250, 93
track:1528, 676, 629, 250, 93
track:1529, 701, 629, 250, 93
track:1530, 729, 631, 238, 89
track:1531, 753, 630, 238, 89
track:1532, 779, 629, 238, 89
track:1533, 775, 625, 250, 93
track:1534, 802, 626, 250, 93
track:1535, 826, 627, 250, 93
track:1536, 852, 629, 238, 89
track:1537, 870, 629, 238, 89
track:1538, 874, 633, 227, 85
track:1539, 885, 633, 216, 81
track:1540, 895, 632, 227, 85
track:1541, 902, 636, 216, 81
track:1542, 902, 637, 216, 81
track:1543, 900, 636, 227, 85
track:1544, 890, 635, 238, 89
track:1545, 888, 635, 238, 89
track:1546, 882, 637, 238, 89
track:1547, 875, 637, 238, 89
track:1548, 874, 638, 238, 89
track:1549, 851, 642, 250, 93
track:1550, 852, 641, 250, 93
track:1551, 854, 643, 238, 89
track:1552, 846, 648, 227, 85
track:1553, 847, 649, 227, 85
track:1554, 849, 650, 227, 85
track:1555, 849, 649, 227, 85
track:1556, 854, 651, 216, 81
track:1557, 861, 653, 216, 81
track:1558, 865, 655, 206, 77
track:1559, 868, 655, 206, 77
track:1560, 876, 654, 206, 77
track:1561, 878, 655, 206, 77
track:1562, 879, 656, 206, 77
track:1563, 880, 658, 206, 77
track:1564, 889, 659, 196, 73
track:1565, 894, 659, 187, 70
track:1566, 899, 661, 178, 66
track:1567, 894, 661, 178, 66
track:1568, 893, 661, 178, 66
track:1569, 896, 661, 178, 66
track:1570, 894, 662, 178, 66
track:1571, 885, 661, 178, 66
track:1572, 888, 663, 178, 66
track:1573, 886, 664, 178, 66
track:1574, 887, 663, 178, 66
track:1575, 889, 664, 178, 66
track:1576, 880, 665, 178, 66
track:1577, 884, 666, 169, 63
track:1578, 884, 666, 169, 63
track:1579, 882, 667, 169, 63
track:1580, 880, 669, 169, 63
track:1581, 878, 669, 169, 63
track:1582, 878, 669, 169, 63
track:1583, 880, 670, 161, 60
track:1584, 876, 670, 169, 63
track:1585, 879, 672, 169, 63
track:1586, 882, 674, 169, 63
track:1587, 888, 676, 161, 60
track:1588, 896, 675, 169, 63
track:1589, 883, 678, 161, 60
track:1590, 883, 676, 161, 60
track:1591, 887, 676, 154, 57
track:1592, 890, 676, 154, 57
track:1593, 885, 673, 161, 60
track:1594, 886, 674, 161, 60
track:1595, 886, 675, 161, 60
track:1596, 887, 674, 154, 57
track:1599, 884, 675, 154, 57
track:1600, 885, 675, 154, 57
init :1601, 913, 680, 101, 72
track:1602, 912, 680, 101, 72
track:1603, 912, 680, 101, 72
track:1604, 909, 680, 101, 72
track:1605, 910, 682, 96, 69
track:1606, 908, 683, 96, 69
track:1607, 905, 683, 96, 69
track:1608, 904, 684, 96, 69
elapseTime: 16.179
