init :7, 821, 630, 235, 197
track:8, 821, 630, 235, 197
track:9, 822, 630, 235, 197
track:10, 821, 631, 235, 197
track:11, 823, 630, 235, 197
track:12, 823, 630, 235, 197
track:13, 824, 630, 235, 197
track:14, 824, 630, 235, 197
track:15, 824, 630, 235, 197
track:16, 825, 630, 235, 197
track:17, 826, 630, 235, 197
track:18, 825, 630, 235, 197
track:19, 825, 629, 235, 197
track:20, 821, 626, 247, 207
track:21, 820, 626, 247, 207
track:22, 827, 631, 235, 197
track:23, 828, 631, 235, 197
track:24, 827, 631, 235, 197
track:25, 828, 630, 235, 197
track:26, 829, 631, 235, 197
track:27, 829, 631, 235, 197
track:28, 829, 631, 235, 197
track:29, 829, 630, 235, 197
track:30, 829, 630, 235, 197
track:31, 830, 629, 235, 197
track:32, 831, 631, 235, 197
track:33, 829, 630, 235, 197
track:34, 830, 631, 235, 197
track:35, 830, 630, 235, 197
track:36, 830, 631, 235, 197
track:37, 829, 630, 235, 197
track:38, 831, 630, 235, 197
track:39, 830, 630, 235, 197
track:40, 830, 630, 235, 197
track:41, 831, 629, 235, 197
track:42, 830, 631, 235, 197
track:43, 831, 630, 235, 197
track:44, 830, 631, 235, 197
track:45, 832, 630, 235, 197
track:46, 830, 631, 235, 197
track:48, 832, 630, 235, 197
track:49, 830, 630, 235, 197
track:50, 831, 629, 235, 197
track:51, 832, 629, 235, 197
track:52, 831, 628, 235, 197
track:53, 832, 629, 235, 197
track:54, 831, 629, 235, 197
track:55, 832, 629, 235, 197
track:56, 831, 629, 235, 197
track:57, 831, 628, 235, 197
track:58, 831, 629, 235, 197
track:59, 830, 628, 235, 197
track:60, 832, 628, 235, 197
track:61, 831, 630, 235, 197
track:62, 830, 629, 235, 197
track:63, 829, 629, 235, 197
track:64, 830, 629, 235, 197
track:65, 829, 629, 235, 197
track:66, 828, 629, 235, 197
track:67, 829, 628, 235, 197
track:68, 829, 629, 235, 197
track:69, 828, 629, 235, 197
init :70, 826, 630, 235, 199
track:71, 826, 630, 235, 199
track:72, 825, 631, 235, 199
track:73, 826, 631, 235, 199
track:74, 826, 631, 235, 199
track:75, 826, 631, 235, 199
track:76, 825, 631, 235, 199
track:77, 826, 631, 235, 199
track:78, 825, 631, 235, 199
track:79, 826, 631, 235, 199
track:80, 825, 631, 235, 199
track:81, 826, 630, 235, 199
track:82, 825, 631, 235, 199
track:83, 825, 630, 235, 199
track:84, 825, 630, 235, 199
track:85, 824, 630, 235, 199
track:86, 825, 632, 235, 199
track:87, 825, 631, 235, 199
track:88, 825, 631, 235, 199
track:89, 825, 632, 235, 199
track:90, 825, 631, 235, 199
track:91, 825, 631, 235, 199
track:92, 826, 631, 235, 199
track:93, 825, 631, 235, 199
track:94, 826, 631, 235, 199
track:95, 826, 631, 235, 199
track:96, 826, 632, 235, 199
track:97, 826, 630, 235, 199
track:98, 827, 631, 235, 199
track:99, 827, 630, 235, 199
track:100, 828, 630, 235, 199
track:101, 829, 629, 235, 199
track:102, 829, 629, 235, 199
track:103, 829, 628, 235, 199
track:104, 830, 628, 235, 199
track:105, 830, 627, 235, 199
track:106, 831, 627, 235, 199
track:107, 833, 625, 235, 199
track:108, 832, 623, 235, 199
track:109, 833, 621, 235, 199
track:110, 832, 621, 235, 199
track:111, 832, 619, 235, 199
track:112, 833, 618, 235, 199
track:113, 833, 616, 235, 199
track:114, 833, 616, 235, 199
track:115, 835, 614, 235, 199
track:116, 836, 612, 235, 199
track:117, 838, 609, 235, 199
track:120, 838, 607, 235, 199
track:121, 846, 609, 224, 190
track:122, 846, 607, 224, 190
track:123, 846, 606, 224, 190
track:124, 846, 605, 224, 190
track:125, 844, 603, 224, 190
track:126, 842, 599, 224, 190
track:127, 847, 603, 213, 180
track:128, 845, 603, 213, 180
track:129, 845, 604, 213, 180
track:130, 846, 604, 213, 180
track:131, 846, 604, 213, 180
track:132, 849, 608, 213, 180
track:133, 849, 611, 213, 180
track:134, 850, 611, 213, 180
track:135, 851, 612, 213, 180
track:136, 851, 613, 213, 180
track:137, 852, 613, 213, 180
track:138, 854, 615, 213, 180
init :139, 863, 623, 170, 155
track:140, 863, 622, 170, 155
track:141, 862, 621, 170, 155
track:142, 859, 622, 170, 155
track:143, 858, 622, 170, 155
track:144, 857, 623, 170, 155
track:145, 856, 627, 170, 155
track:146, 854, 628, 170, 155
track:147, 854, 629, 170, 155
track:148, 854, 631, 170, 155
track:149, 856, 631, 170, 155
track:150, 857, 634, 170, 155
track:151, 856, 638, 170, 155
track:152, 857, 641, 170, 155
track:153, 857, 642, 170, 155
track:154, 857, 643, 170, 155
track:155, 857, 645, 170, 155
track:156, 858, 646, 170, 155
track:157, 859, 647, 170, 155
track:158, 864, 651, 162, 148
track:159, 865, 651, 162, 148
track:160, 862, 652, 162, 148
track:161, 861, 652, 162, 148
track:162, 863, 654, 154, 141
track:163, 862, 655, 154, 141
track:164, 862, 655, 154, 141
track:165, 861, 656, 154, 141
track:166, 861, 656, 154, 141
track:167, 862, 655, 154, 141
track:168, 862, 656, 154, 141
track:169, 862, 656, 154, 141
track:170, 863, 654, 154, 141
track:171, 865, 654, 154, 141
track:172, 866, 653, 154, 141
track:173, 865, 652, 154, 141
track:174, 866, 652, 154, 141
track:175, 864, 653, 154, 141
track:176, 861, 653, 154, 141
track:177, 862, 653, 154, 141
track:178, 863, 654, 154, 141
track:179, 864, 655, 154, 141
track:180, 862, 654, 162, 148
track:181, 861, 654, 162, 148
track:182, 864, 657, 162, 148
track:183, 865, 660, 162, 148
track:184, 865, 660, 162, 148
track:185, 866, 662, 162, 148
track:186, 866, 661, 162, 148
track:187, 862, 655, 162, 148
track:188, 858, 651, 162, 148
track:189, 856, 651, 162, 148
track:190, 854, 650, 162, 148
track:191, 853, 646, 162, 148
track:192, 852, 642, 162, 148
track:193, 853, 640, 162, 148
track:194, 852, 641, 162, 148
track:195, 854, 638, 162, 148
track:196, 856, 637, 162, 148
track:197, 854, 636, 162, 148
track:198, 852, 636, 162, 148
track:199, 853, 636, 162, 148
track:200, 850, 639, 162, 148
track:201, 851, 642, 154, 141
track:202, 849, 640, 154, 141
track:203, 850, 638, 154, 141
track:204, 850, 637, 154, 141
track:205, 851, 635, 154, 141
track:206, 851, 634, 154, 141
track:207, 850, 632, 154, 141
init :208, 853, 633, 152, 132
track:209, 851, 632, 152, 132
track:210, 851, 631, 152, 132
track:211, 850, 628, 152, 132
track:212, 849, 626, 152, 132
track:213, 849, 626, 152, 132
track:214, 850, 624, 152, 132
track:215, 850, 624, 152, 132
track:216, 854, 626, 145, 126
track:217, 853, 626, 145, 126
track:218, 853, 626, 145, 126
track:219, 853, 627, 145, 126
track:220, 853, 632, 145, 126
track:221, 853, 632, 145, 126
track:222, 853, 634, 145, 126
track:223, 853, 635, 145, 126
track:224, 852, 637, 145, 126
track:225, 852, 639, 145, 126
track:226, 852, 640, 145, 126
track:227, 852, 640, 145, 126
track:228, 856, 642, 138, 120
track:229, 856, 643, 138, 120
track:230, 855, 643, 138, 120
track:231, 855, 643, 138, 120
track:232, 854, 639, 138, 120
track:233, 857, 642, 131, 114
track:234, 856, 641, 131, 114
track:235, 856, 640, 131, 114
track:236, 858, 639, 131, 114
track:237, 860, 640, 131, 114
track:238, 859, 640, 131, 114
track:239, 861, 642, 131, 114
track:240, 861, 645, 131, 114
track:241, 862, 646, 131, 114
track:242, 863, 645, 131, 114
track:243, 862, 644, 131, 114
track:244, 863, 645, 131, 114
track:245, 863, 646, 131, 114
track:246, 865, 648, 125, 109
track:247, 868, 650, 119, 103
track:248, 868, 651, 119, 103
track:249, 868, 651, 119, 103
track:250, 869, 652, 119, 103
track:251, 869, 655, 119, 103
track:252, 870, 657, 119, 103
track:253, 869, 657, 119, 103
track:254, 871, 661, 119, 103
track:255, 871, 663, 119, 103
track:256, 871, 665, 119, 103
track:257, 872, 668, 119, 103
track:258, 871, 668, 119, 103
track:259, 872, 669, 119, 103
track:260, 873, 671, 119, 103
track:261, 872, 672, 119, 103
track:262, 873, 672, 119, 103
track:263, 872, 672, 119, 103
track:264, 872, 675, 119, 103
track:265, 872, 677, 119, 103
track:266, 872, 677, 119, 103
track:267, 873, 680, 119, 103
track:268, 873, 680, 119, 103
track:269, 872, 680, 119, 103
track:270, 872, 684, 119, 103
track:271, 873, 687, 119, 103
track:272, 874, 690, 119, 103
track:273, 872, 688, 125, 109
track:274, 872, 690, 125, 109
track:275, 872, 692, 125, 109
track:276, 873, 695, 125, 109
init :277, 867, 698, 133, 109
track:278, 867, 698, 133, 109
track:279, 868, 698, 133, 109
track:280, 868, 697, 133, 109
track:281, 870, 695, 133, 109
track:282, 871, 697, 133, 109
track:283, 872, 698, 133, 109
track:284, 873, 700, 133, 109
track:285, 871, 699, 140, 114
track:286, 873, 698, 140, 114
track:287, 872, 692, 147, 120
track:288, 872, 691, 147, 120
track:289, 869, 687, 154, 126
track:290, 866, 679, 162, 132
track:291, 865, 672, 162, 132
track:292, 867, 667, 162, 132
track:293, 867, 666, 162, 132
track:294, 864, 661, 170, 139
track:295, 866, 658, 170, 139
track:296, 867, 659, 170, 139
track:297, 862, 656, 178, 146
track:298, 859, 653, 187, 153
track:299, 858, 653, 187, 153
track:300, 851, 650, 197, 161
track:301, 844, 649, 206, 169
track:302, 838, 649, 217, 178
track:303, 838, 651, 217, 178
track:304, 831, 650, 227, 186
track:305, 824, 648, 239, 196
track:306, 822, 648, 239, 196
track:307, 822, 644, 239, 196
track:308, 822, 644, 239, 196
track:309, 822, 641, 239, 196
track:310, 814, 631, 251, 206
track:311, 815, 615, 251, 206
track:312, 815, 606, 251, 206
track:313, 815, 604, 251, 206
track:314, 822, 604, 239, 196
track:315, 821, 596, 239, 196
track:316, 820, 588, 239, 196
track:317, 828, 582, 227, 186
track:318, 834, 587, 217, 178
track:319, 835, 585, 217, 178
track:320, 840, 576, 217, 178
track:321, 843, 569, 217, 178
track:322, 844, 569, 217, 178
track:323, 845, 569, 217, 178
track:324, 844, 573, 217, 178
track:325, 844, 570, 217, 178
track:326, 843, 562, 217, 178
track:327, 841, 561, 217, 178
track:328, 841, 560, 217, 178
track:329, 842, 573, 206, 169
track:330, 840, 580, 206, 169
track:331, 838, 582, 206, 169
track:332, 837, 585, 206, 169
track:333, 842, 590, 197, 161
track:334, 841, 592, 197, 161
track:335, 841, 592, 197, 161
track:336, 845, 600, 187, 153
track:337, 845, 601, 187, 153
track:338, 846, 601, 187, 153
track:339, 846, 597, 187, 153
track:340, 852, 598, 178, 146
track:341, 853, 599, 178, 146
track:342, 853, 598, 178, 146
track:343, 853, 598, 178, 146
track:344, 852, 596, 178, 146
track:345, 852, 593, 178, 146
init :346, 863, 604, 161, 137
track:347, 863, 606, 161, 137
track:348, 863, 606, 161, 137
track:349, 863, 608, 161, 137
track:350, 864, 613, 161, 137
track:351, 865, 617, 161, 137
track:352, 869, 622, 153, 130
track:353, 865, 620, 161, 137
track:354, 865, 623, 161, 137
track:355, 866, 624, 161, 137
track:356, 865, 625, 161, 137
track:357, 868, 628, 153, 130
track:358, 868, 628, 153, 130
track:359, 868, 628, 153, 130
track:360, 867, 628, 153, 130
track:361, 869, 631, 146, 124
track:362, 868, 631, 146, 124
track:363, 871, 634, 139, 118
track:364, 871, 635, 139, 118
track:365, 875, 637, 132, 113
track:366, 873, 637, 132, 113
track:367, 873, 638, 132, 113
track:368, 872, 638, 132, 113
track:369, 872, 639, 132, 113
track:370, 871, 644, 132, 113
track:371, 871, 651, 132, 113
track:372, 870, 653, 132, 113
track:373, 871, 653, 132, 113
track:374, 870, 655, 132, 113
track:375, 869, 655, 132, 113
track:376, 866, 656, 132, 113
track:377, 863, 657, 132, 113
track:378, 863, 657, 132, 113
track:379, 864, 658, 132, 113
track:380, 863, 658, 132, 113
track:381, 863, 657, 132, 113
track:382, 860, 657, 132, 113
track:383, 861, 657, 132, 113
track:384, 859, 656, 132, 113
track:385, 861, 658, 126, 107
track:386, 861, 658, 126, 107
track:387, 861, 658, 126, 107
track:388, 861, 657, 126, 107
track:389, 860, 657, 126, 107
track:390, 860, 657, 126, 107
track:391, 860, 660, 126, 107
track:392, 863, 664, 120, 102
track:393, 863, 665, 120, 102
track:394, 863, 665, 120, 102
track:395, 864, 672, 120, 102
track:396, 865, 675, 120, 102
track:397, 867, 679, 120, 102
track:398, 867, 679, 120, 102
track:399, 871, 685, 114, 97
track:400, 871, 691, 114, 97
track:401, 873, 695, 114, 97
track:402, 874, 701, 114, 97
track:403, 873, 700, 114, 97
track:404, 875, 702, 114, 97
track:405, 876, 702, 114, 97
track:406, 876, 702, 114, 97
track:407, 877, 702, 114, 97
track:408, 877, 702, 114, 97
track:409, 877, 700, 114, 97
track:410, 877, 698, 114, 97
track:411, 878, 696, 114, 97
track:412, 879, 694, 114, 97
track:413, 879, 693, 114, 97
track:414, 880, 692, 114, 97
init :415, 886, 700, 101, 80
track:416, 886, 701, 101, 80
track:417, 887, 702, 101, 80
track:418, 886, 702, 101, 80
track:419, 887, 703, 101, 80
track:420, 885, 704, 101, 80
track:421, 883, 704, 101, 80
track:422, 884, 702, 101, 80
track:423, 881, 700, 106, 84
track:424, 881, 697, 106, 84
track:425, 880, 696, 106, 84
track:426, 880, 693, 106, 84
track:427, 879, 691, 106, 84
track:428, 878, 691, 106, 84
track:429, 878, 691, 106, 84
track:430, 877, 692, 106, 84
track:431, 877, 692, 106, 84
track:432, 876, 692, 106, 84
track:433, 876, 691, 106, 84
track:434, 876, 691, 106, 84
track:435, 875, 691, 106, 84
track:436, 874, 692, 106, 84
track:437, 873, 694, 106, 84
track:438, 873, 695, 106, 84
track:439, 875, 696, 106, 84
track:440, 875, 696, 106, 84
track:441, 875, 696, 106, 84
track:442, 876, 697, 106, 84
track:443, 876, 697, 106, 84
track:444, 876, 697, 106, 84
track:445, 876, 698, 106, 84
track:446, 876, 699, 106, 84
track:447, 877, 697, 106, 84
track:448, 877, 697, 106, 84
track:449, 877, 696, 106, 84
track:450, 876, 695, 106, 84
track:451, 877, 697, 106, 84
track:452, 878, 699, 106, 84
track:453, 878, 699, 106, 84
track:454, 880, 700, 106, 84
track:455, 880, 700, 106, 84
track:456, 881, 700, 106, 84
track:457, 878, 698, 111, 88
track:458, 878, 697, 111, 88
track:459, 877, 697, 111, 88
track:460, 878, 696, 111, 88
track:461, 875, 693, 117, 93
track:462, 876, 693, 117, 93
track:463, 876, 693, 117, 93
track:464, 872, 687, 123, 97
track:465, 872, 686, 123, 97
track:466, 869, 683, 129, 102
track:467, 870, 684, 129, 102
track:468, 870, 686, 129, 102
track:469, 870, 685, 129, 102
track:470, 871, 687, 129, 102
track:471, 872, 688, 129, 102
track:472, 872, 689, 129, 102
track:473, 873, 691, 129, 102
track:474, 873, 693, 129, 102
track:475, 875, 693, 129, 102
track:476, 876, 692, 129, 102
track:477, 877, 691, 129, 102
track:478, 876, 689, 135, 107
track:479, 876, 687, 135, 107
track:480, 876, 674, 142, 113
track:481, 878, 672, 142, 113
track:482, 878, 672, 142, 113
track:483, 881, 665, 142, 113
init :484, 876, 656, 156, 135
track:485, 877, 658, 156, 135
track:486, 877, 662, 156, 135
track:487, 877, 663, 156, 135
track:488, 877, 667, 156, 135
track:490, 874, 670, 156, 135
track:491, 868, 669, 164, 142
track:492, 867, 669, 164, 142
track:493, 865, 669, 164, 142
track:494, 864, 669, 164, 142
track:495, 856, 659, 172, 149
track:496, 855, 653, 172, 149
track:497, 849, 650, 181, 156
track:498, 849, 648, 181, 156
track:499, 846, 644, 181, 156
track:500, 850, 643, 172, 149
track:501, 851, 638, 172, 149
track:502, 851, 637, 172, 149
track:503, 850, 636, 172, 149
track:504, 850, 635, 172, 149
track:505, 850, 632, 172, 149
track:506, 849, 633, 172, 149
track:507, 848, 634, 172, 149
track:508, 848, 632, 172, 149
track:509, 848, 628, 172, 149
track:510, 848, 622, 172, 149
track:511, 847, 622, 172, 149
track:512, 847, 622, 172, 149
track:513, 847, 622, 172, 149
track:514, 846, 622, 172, 149
track:515, 847, 623, 172, 149
track:516, 846, 622, 172, 149
track:517, 847, 621, 172, 149
track:518, 850, 622, 164, 142
track:519, 850, 621, 164, 142
track:520, 852, 621, 164, 142
track:521, 851, 619, 164, 142
track:522, 852, 618, 164, 142
track:523, 852, 619, 164, 142
track:524, 852, 621, 164, 142
track:525, 853, 624, 164, 142
track:526, 853, 625, 164, 142
track:527, 859, 629, 156, 135
track:528, 861, 632, 149, 129
track:529, 862, 631, 149, 129
track:530, 866, 632, 141, 122
track:531, 867, 632, 141, 122
track:532, 867, 631, 141, 122
track:533, 868, 631, 141, 122
track:534, 868, 632, 141, 122
track:535, 872, 635, 135, 117
track:536, 872, 637, 135, 117
track:537, 872, 637, 135, 117
track:538, 872, 639, 135, 117
track:539, 872, 641, 135, 117
track:540, 872, 640, 135, 117
track:543, 874, 645, 128, 111
track:544, 873, 644, 128, 111
track:546, 869, 649, 128, 111
track:547, 869, 650, 128, 111
track:548, 868, 651, 128, 111
track:549, 870, 657, 122, 106
track:550, 870, 659, 122, 106
track:551, 872, 662, 116, 101
track:552, 872, 663, 116, 101
init :553, 881, 664, 101, 83
track:554, 881, 664, 101, 83
track:555, 881, 664, 101, 83
track:556, 880, 665, 101, 83
track:557, 880, 665, 101, 83
track:558, 880, 670, 101, 83
track:559, 879, 672, 101, 83
track:560, 879, 676, 101, 83
track:561, 882, 680, 96, 79
track:562, 881, 680, 96, 79
track:563, 882, 682, 96, 79
track:564, 881, 685, 96, 79
track:565, 881, 686, 96, 79
track:566, 881, 688, 96, 79
track:567, 881, 688, 96, 79
track:568, 882, 691, 96, 79
track:569, 883, 692, 96, 79
track:570, 881, 695, 96, 79
track:571, 882, 697, 96, 79
track:572, 882, 697, 96, 79
track:573, 883, 700, 96, 79
track:574, 884, 702, 96, 79
track:575, 885, 701, 96, 79
track:576, 884, 699, 96, 79
track:577, 883, 699, 96, 79
track:578, 883, 697, 96, 79
track:579, 884, 694, 96, 79
track:580, 886, 695, 96, 79
track:581, 887, 695, 96, 79
track:582, 887, 695, 96, 79
track:583, 885, 698, 96, 79
track:584, 886, 698, 96, 79
track:585, 886, 699, 96, 79
track:586, 886, 699, 96, 79
track:587, 886, 700, 96, 79
track:588, 886, 700, 96, 79
track:589, 886, 699, 96, 79
track:590, 882, 696, 101, 83
track:591, 881, 698, 101, 83
track:592, 881, 698, 101, 83
track:593, 878, 694, 106, 87
track:594, 878, 693, 106, 87
track:595, 878, 684, 106, 87
track:596, 877, 682, 106, 87
track:597, 877, 682, 106, 87
track:598, 876, 678, 106, 87
track:599, 876, 670, 106, 87
track:600, 876, 668, 106, 87
track:601, 877, 668, 106, 87
track:602, 877, 667, 106, 87
track:603, 877, 667, 106, 87
track:604, 874, 658, 111, 92
track:605, 873, 656, 111, 92
track:606, 873, 655, 111, 92
track:607, 871, 653, 117, 96
track:608, 871, 653, 117, 96
track:609, 872, 653, 117, 96
track:610, 871, 654, 117, 96
track:611, 872, 657, 117, 96
track:612, 872, 658, 117, 96
track:613, 872, 660, 117, 96
track:614, 872, 662, 117, 96
track:615, 872, 664, 117, 96
track:616, 871, 667, 117, 96
track:617, 872, 667, 117, 96
track:618, 872, 667, 117, 96
track:619, 871, 666, 117, 96
track:620, 870, 663, 123, 101
track:621, 871, 663, 123, 101
init :622, 863, 662, 133, 106
track:623, 862, 661, 133, 106
track:624, 862, 661, 133, 106
track:625, 862, 662, 133, 106
track:626, 863, 663, 133, 106
track:627, 860, 661, 140, 111
track:628, 861, 662, 140, 111
track:629, 860, 661, 140, 111
track:630, 860, 658, 140, 111
track:631, 859, 657, 140, 111
track:632, 860, 657, 140, 111
track:633, 861, 660, 140, 111
track:634, 861, 663, 140, 111
track:635, 862, 665, 140, 111
track:636, 864, 667, 140, 111
track:637, 862, 664, 147, 117
track:638, 863, 665, 147, 117
track:639, 864, 665, 147, 117
track:640, 864, 665, 147, 117
track:641, 864, 663, 147, 117
track:642, 864, 662, 147, 117
track:643, 864, 662, 147, 117
track:644, 864, 659, 147, 117
track:645, 865, 652, 147, 117
track:646, 865, 649, 147, 117
track:647, 868, 652, 140, 111
track:648, 868, 651, 140, 111
track:649, 868, 652, 140, 111
track:650, 869, 652, 140, 111
track:651, 872, 652, 140, 111
track:652, 872, 652, 140, 111
track:653, 873, 651, 140, 111
track:654, 873, 653, 140, 111
track:655, 870, 654, 147, 117
track:656, 872, 655, 147, 117
track:657, 872, 657, 147, 117
track:658, 874, 659, 147, 117
track:659, 878, 661, 140, 111
track:660, 878, 661, 140, 111
track:661, 878, 660, 140, 111
track:662, 879, 661, 140, 111
track:663, 880, 660, 140, 111
track:664, 881, 658, 140, 111
track:665, 882, 656, 140, 111
track:666, 882, 655, 140, 111
track:667, 882, 655, 140, 111
track:668, 882, 652, 140, 111
track:669, 882, 651, 140, 111
track:670, 882, 650, 140, 111
track:671, 880, 652, 140, 111
track:672, 880, 651, 140, 111
track:673, 877, 651, 140, 111
track:674, 877, 650, 140, 111
track:675, 878, 650, 140, 111
track:676, 876, 649, 140, 111
track:677, 876, 649, 140, 111
track:678, 873, 652, 140, 111
track:679, 873, 662, 140, 111
track:680, 871, 665, 147, 117
track:681, 871, 668, 147, 117
track:682, 872, 668, 147, 117
track:683, 869, 667, 147, 117
track:684, 868, 665, 147, 117
track:685, 868, 669, 147, 117
track:686, 868, 672, 147, 117
track:687, 869, 672, 147, 117
track:688, 864, 668, 154, 123
track:689, 863, 667, 154, 123
track:690, 862, 665, 154, 123
init :691, 858, 667, 152, 114
track:692, 858, 667, 152, 114
track:693, 858, 665, 152, 114
track:694, 858, 665, 152, 114
track:695, 859, 665, 152, 114
track:696, 858, 663, 152, 114
track:697, 857, 663, 152, 114
track:698, 855, 663, 152, 114
track:699, 853, 664, 152, 114
track:700, 853, 665, 152, 114
track:701, 853, 666, 152, 114
track:702, 854, 666, 152, 114
track:703, 853, 669, 152, 114
track:704, 848, 671, 160, 120
track:705, 848, 677, 160, 120
track:706, 847, 678, 160, 120
track:707, 847, 678, 160, 120
track:708, 847, 679, 160, 120
track:709, 847, 679, 160, 120
track:710, 847, 678, 160, 120
track:711, 847, 677, 160, 120
track:712, 846, 675, 160, 120
track:713, 846, 673, 160, 120
track:714, 846, 672, 160, 120
track:715, 845, 674, 160, 120
track:716, 846, 674, 160, 120
track:717, 846, 675, 160, 120
track:718, 846, 676, 160, 120
track:719, 847, 677, 160, 120
track:720, 847, 678, 160, 120
track:721, 848, 677, 160, 120
track:722, 847, 677, 160, 120
track:723, 848, 677, 160, 120
track:724, 848, 675, 160, 120
track:725, 849, 671, 160, 120
track:726, 849, 669, 160, 120
track:727, 848, 668, 160, 120
track:728, 850, 665, 160, 120
track:729, 849, 660, 160, 120
track:730, 850, 657, 160, 120
track:731, 850, 657, 160, 120
track:732, 847, 654, 168, 126
track:733, 842, 650, 176, 132
track:734, 844, 646, 176, 132
track:735, 844, 642, 176, 132
track:736, 844, 640, 176, 132
track:737, 845, 639, 176, 132
track:738, 844, 639, 176, 132
track:739, 843, 639, 176, 132
track:740, 844, 641, 176, 132
track:741, 844, 640, 176, 132
track:742, 844, 642, 176, 132
track:743, 843, 642, 176, 132
track:744, 842, 642, 176, 132
track:745, 843, 640, 176, 132
track:746, 843, 639, 176, 132
track:747, 843, 638, 176, 132
track:748, 843, 631, 176, 132
track:749, 843, 625, 176, 132
track:750, 841, 624, 176, 132
track:751, 841, 622, 176, 132
track:752, 841, 624, 176, 132
track:753, 846, 628, 168, 126
track:754, 848, 628, 168, 126
track:755, 850, 628, 168, 126
track:756, 850, 627, 168, 126
track:757, 851, 626, 168, 126
track:758, 850, 625, 168, 126
track:759, 850, 626, 168, 126
init :760, 858, 630, 152, 129
track:761, 858, 630, 152, 129
track:762, 861, 631, 152, 129
track:763, 863, 631, 152, 129
track:764, 864, 631, 152, 129
track:765, 863, 632, 152, 129
track:766, 861, 632, 152, 129
track:767, 861, 631, 152, 129
track:768, 861, 635, 152, 129
track:769, 861, 635, 152, 129
track:770, 863, 645, 152, 129
track:771, 865, 646, 152, 129
track:772, 865, 645, 152, 129
track:773, 867, 643, 152, 129
track:774, 867, 643, 152, 129
track:775, 868, 642, 152, 129
track:776, 868, 643, 152, 129
track:777, 868, 643, 152, 129
track:778, 869, 641, 152, 129
track:779, 870, 641, 152, 129
track:780, 870, 641, 152, 129
track:781, 871, 642, 152, 129
track:782, 870, 642, 152, 129
track:783, 870, 641, 152, 129
track:784, 869, 641, 152, 129
track:785, 869, 642, 152, 129
track:786, 868, 642, 152, 129
track:787, 869, 642, 152, 129
track:788, 868, 642, 152, 129
track:789, 871, 645, 145, 123
track:790, 871, 645, 145, 123
track:791, 871, 644, 145, 123
track:792, 870, 643, 145, 123
track:793, 870, 644, 145, 123
track:794, 869, 645, 145, 123
track:795, 870, 651, 145, 123
track:796, 870, 650, 145, 123
track:797, 871, 650, 145, 123
track:798, 870, 649, 145, 123
track:799, 870, 649, 145, 123
track:800, 871, 651, 145, 123
track:801, 870, 651, 145, 123
track:802, 870, 652, 145, 123
track:803, 869, 653, 145, 123
track:804, 870, 653, 145, 123
track:805, 869, 654, 145, 123
track:806, 868, 653, 145, 123
track:807, 868, 653, 145, 123
track:808, 866, 654, 145, 123
track:809, 868, 656, 145, 123
track:810, 869, 658, 145, 123
track:811, 869, 659, 145, 123
track:812, 867, 660, 145, 123
track:813, 864, 661, 145, 123
track:814, 863, 660, 145, 123
track:815, 863, 659, 145, 123
track:816, 863, 659, 145, 123
track:817, 863, 662, 145, 123
track:818, 863, 668, 145, 123
track:819, 862, 671, 145, 123
track:820, 860, 682, 145, 123
track:821, 860, 681, 145, 123
track:822, 859, 682, 145, 123
track:823, 858, 681, 145, 123
track:824, 858, 679, 145, 123
track:825, 857, 680, 145, 123
track:826, 857, 681, 145, 123
track:827, 851, 683, 152, 129
track:828, 851, 688, 152, 129
init :829, 853, 685, 156, 145
track:830, 854, 686, 156, 145
track:831, 855, 686, 156, 145
track:832, 855, 687, 156, 145
track:833, 858, 685, 156, 145
track:834, 859, 677, 156, 145
track:835, 854, 666, 164, 152
track:836, 854, 666, 164, 152
track:837, 854, 660, 164, 152
track:838, 849, 655, 172, 160
track:839, 847, 650, 172, 160
track:840, 844, 646, 172, 160
track:841, 845, 646, 172, 160
track:842, 843, 645, 172, 160
track:843, 840, 639, 172, 160
track:844, 838, 636, 172, 160
track:845, 832, 621, 172, 160
track:846, 831, 621, 172, 160
track:847, 826, 612, 181, 168
track:848, 827, 606, 181, 168
track:849, 827, 604, 181, 168
track:850, 826, 603, 181, 168
track:851, 826, 602, 181, 168
track:852, 830, 598, 181, 168
track:853, 834, 594, 181, 168
track:854, 834, 596, 181, 168
track:855, 835, 599, 181, 168
track:856, 834, 600, 181, 168
track:857, 835, 601, 181, 168
track:858, 836, 599, 181, 168
track:859, 837, 594, 181, 168
track:860, 838, 593, 181, 168
track:861, 838, 592, 181, 168
track:862, 837, 595, 181, 168
track:863, 838, 599, 181, 168
track:864, 839, 604, 181, 168
track:865, 839, 612, 181, 168
track:866, 838, 612, 181, 168
track:867, 839, 616, 181, 168
track:868, 839, 618, 181, 168
track:869, 840, 618, 181, 168
track:870, 839, 624, 181, 168
track:871, 840, 624, 181, 168
track:872, 840, 624, 181, 168
track:873, 841, 623, 181, 168
track:874, 842, 623, 181, 168
track:875, 846, 629, 172, 160
track:876, 851, 633, 164, 152
track:877, 853, 633, 164, 152
track:878, 858, 637, 156, 145
track:879, 860, 638, 156, 145
track:880, 860, 636, 156, 145
track:881, 860, 637, 156, 145
track:882, 860, 637, 156, 145
track:883, 862, 635, 156, 145
track:884, 868, 638, 149, 138
track:885, 869, 637, 149, 138
track:886, 873, 640, 141, 132
track:887, 874, 641, 141, 132
track:888, 875, 642, 141, 132
track:889, 877, 640, 141, 132
track:890, 882, 642, 135, 125
track:891, 882, 642, 135, 125
track:892, 883, 641, 135, 125
track:893, 884, 640, 135, 125
track:894, 884, 640, 135, 125
track:895, 885, 640, 135, 125
track:896, 885, 640, 135, 125
track:897, 885, 640, 135, 125
init :898, 881, 649, 124, 98
track:899, 880, 650, 124, 98
track:900, 880, 652, 124, 98
track:901, 880, 653, 124, 98
track:902, 879, 654, 124, 98
track:903, 878, 655, 124, 98
track:904, 878, 654, 124, 98
track:905, 878, 655, 124, 98
track:906, 878, 655, 124, 98
track:907, 868, 638, 118, 93
track:908, 861, 644, 112, 89
track:909, 861, 657, 107, 85
track:910, 864, 664, 102, 81
track:911, 865, 664, 102, 81
track:912, 864, 669, 97, 77
track:913, 863, 673, 97, 77
track:914, 867, 677, 97, 77
track:915, 865, 680, 97, 77
track:916, 872, 683, 93, 73
track:917, 873, 684, 93, 73
track:918, 873, 686, 93, 73
track:919, 872, 687, 93, 73
track:920, 870, 688, 93, 73
track:921, 870, 688, 93, 73
track:922, 865, 688, 93, 73
track:923, 859, 687, 93, 73
track:924, 854, 687, 88, 70
track:925, 848, 686, 88, 70
track:926, 848, 686, 88, 70
track:927, 845, 686, 88, 70
track:928, 835, 686, 88, 70
track:929, 829, 686, 88, 70
track:930, 824, 684, 88, 70
track:931, 824, 684, 88, 70
track:932, 823, 682, 88, 70
track:933, 820, 680, 88, 70
track:934, 819, 677, 88, 70
track:935, 819, 674, 88, 70
track:936, 819, 673, 88, 70
track:937, 819, 671, 88, 70
track:938, 820, 669, 88, 70
track:939, 820, 667, 88, 70
track:940, 820, 665, 88, 70
track:941, 819, 665, 88, 70
track:942, 819, 664, 88, 70
track:943, 817, 663, 88, 70
track:944, 816, 662, 88, 70
track:945, 815, 662, 88, 70
track:946, 815, 662, 88, 70
track:947, 810, 664, 84, 66
track:948, 807, 666, 84, 66
track:949, 801, 666, 84, 66
track:950, 798, 668, 84, 66
track:951, 797, 668, 84, 66
track:952, 795, 669, 84, 66
track:953, 792, 670, 84, 66
track:954, 789, 672, 84, 66
track:955, 787, 673, 84, 66
track:956, 787, 673, 84, 66
track:957, 785, 674, 84, 66
track:958, 785, 675, 84, 66
track:959, 783, 675, 84, 66
track:960, 783, 675, 84, 66
track:961, 781, 676, 84, 66
track:962, 779, 676, 84, 66
track:963, 774, 677, 84, 66
track:964, 772, 677, 84, 66
track:965, 772, 677, 84, 66
track:966, 769, 678, 84, 66
init :967, 724, 586, 415, 241
track:968, 721, 586, 415, 241
track:969, 719, 586, 415, 241
track:970, 719, 585, 415, 241
track:971, 716, 586, 415, 241
track:972, 710, 584, 415, 241
track:973, 698, 578, 436, 253
track:974, 693, 580, 436, 253
track:975, 692, 579, 436, 253
track:976, 691, 580, 436, 253
track:977, 688, 581, 436, 253
track:978, 687, 581, 436, 253
track:979, 687, 583, 436, 253
track:980, 695, 590, 415, 241
track:981, 696, 589, 415, 241
track:982, 696, 590, 415, 241
track:983, 699, 591, 415, 241
track:984, 696, 593, 415, 241
track:985, 699, 594, 415, 241
track:986, 701, 595, 415, 241
track:987, 692, 587, 436, 253
track:988, 682, 581, 458, 266
track:989, 689, 582, 458, 266
track:990, 688, 580, 458, 266
track:991, 687, 581, 458, 266
track:992, 680, 574, 480, 279
track:993, 690, 579, 458, 266
track:994, 690, 578, 458, 266
track:995, 691, 577, 458, 266
track:996, 694, 575, 458, 266
track:997, 696, 575, 458, 266
track:998, 694, 572, 458, 266
track:999, 702, 571, 458, 266
track:1000, 700, 570, 458, 266
track:1001, 704, 568, 458, 266
track:1002, 712, 565, 458, 266
track:1003, 723, 559, 458, 266
track:1004, 720, 559, 458, 266
track:1005, 729, 562, 436, 253
track:1006, 742, 565, 415, 241
track:1007, 745, 568, 395, 230
track:1008, 749, 565, 395, 230
track:1009, 742, 563, 395, 230
track:1010, 754, 567, 376, 219
track:1011, 751, 567, 376, 219
track:1012, 746, 566, 376, 219
track:1013, 743, 565, 376, 219
track:1014, 737, 564, 376, 219
track:1015, 747, 566, 358, 208
track:1016, 744, 567, 358, 208
track:1017, 739, 568, 358, 208
track:1018, 741, 568, 358, 208
track:1019, 739, 566, 358, 208
track:1020, 743, 571, 341, 198
track:1021, 742, 570, 341, 198
track:1022, 741, 569, 341, 198
track:1023, 744, 573, 325, 189
track:1024, 746, 573, 325, 189
track:1025, 745, 572, 325, 189
track:1026, 750, 578, 310, 180
track:1027, 748, 579, 310, 180
track:1028, 751, 585, 295, 171
track:1029, 742, 580, 310, 180
track:1030, 740, 581, 310, 180
track:1031, 731, 582, 310, 180
track:1032, 729, 585, 310, 180
track:1033, 733, 590, 295, 171
track:1034, 729, 590, 295, 171
track:1035, 724, 590, 295, 171
init :1036, 747, 594, 429, 153
track:1037, 758, 600, 409, 146
track:1038, 767, 606, 389, 139
track:1039, 757, 605, 409, 146
track:1040, 756, 606, 409, 146
track:1041, 753, 610, 409, 146
track:1042, 752, 610, 409, 146
track:1043, 750, 611, 409, 146
track:1044, 742, 611, 429, 153
track:1045, 743, 611, 429, 153
track:1046, 742, 614, 429, 153
track:1047, 735, 613, 450, 161
track:1048, 738, 612, 450, 161
track:1049, 753, 616, 429, 153
track:1050, 756, 617, 429, 153
track:1051, 769, 616, 409, 146
track:1052, 773, 615, 409, 146
track:1053, 779, 614, 409, 146
track:1054, 791, 614, 409, 146
track:1055, 784, 609, 429, 153
track:1056, 790, 608, 429, 153
track:1057, 792, 609, 429, 153
track:1058, 790, 610, 429, 153
track:1059, 793, 611, 429, 153
track:1060, 794, 611, 429, 153
track:1061, 795, 613, 429, 153
track:1062, 793, 612, 429, 153
track:1063, 789, 613, 429, 153
track:1064, 775, 609, 450, 161
track:1065, 773, 608, 450, 161
track:1066, 779, 612, 429, 153
track:1067, 771, 611, 429, 153
track:1068, 763, 611, 429, 153
track:1069, 756, 613, 429, 153
track:1070, 752, 613, 429, 153
track:1071, 745, 614, 429, 153
track:1072, 729, 615, 429, 153
track:1073, 719, 615, 429, 153
track:1074, 706, 615, 429, 153
track:1075, 705, 615, 429, 153
track:1076, 684, 612, 450, 161
track:1077, 678, 612, 450, 161
track:1078, 657, 612, 450, 161
track:1079, 645, 614, 450, 161
track:1080, 647, 615, 450, 161
track:1081, 650, 617, 429, 153
track:1082, 645, 620, 429, 153
track:1083, 639, 621, 429, 153
track:1084, 635, 621, 429, 153
track:1085, 633, 621, 429, 153
track:1086, 624, 617, 450, 161
track:1087, 629, 619, 450, 161
track:1088, 639, 622, 429, 153
track:1089, 632, 622, 429, 153
track:1090, 632, 622, 429, 153
track:1091, 634, 621, 429, 153
track:1092, 647, 624, 409, 146
track:1093, 647, 626, 409, 146
track:1094, 640, 627, 409, 146
track:1095, 640, 627, 409, 146
track:1096, 640, 626, 409, 146
track:1097, 654, 629, 389, 139
track:1098, 655, 627, 389, 139
track:1099, 653, 627, 389, 139
track:1100, 654, 628, 389, 139
track:1101, 656, 628, 389, 139
track:1102, 663, 629, 371, 132
track:1103, 659, 626, 389, 139
track:1104, 669, 630, 371, 132
init :1105, 692, 628, 466, 163
track:1106, 691, 629, 466, 163
track:1107, 691, 628, 466, 163
track:1108, 688, 628, 466, 163
track:1109, 685, 630, 466, 163
track:1110, 685, 630, 466, 163
track:1111, 681, 631, 466, 163
track:1112, 679, 633, 466, 163
track:1113, 671, 634, 466, 163
track:1114, 671, 635, 466, 163
track:1115, 667, 636, 466, 163
track:1116, 675, 638, 444, 155
track:1117, 675, 641, 444, 155
track:1118, 670, 640, 444, 155
track:1119, 669, 639, 444, 155
track:1120, 667, 640, 444, 155
track:1121, 667, 640, 444, 155
track:1122, 672, 640, 444, 155
track:1123, 657, 637, 466, 163
track:1124, 655, 639, 466, 163
track:1125, 658, 642, 466, 163
track:1126, 658, 642, 466, 163
track:1127, 642, 646, 466, 163
track:1128, 650, 645, 466, 163
track:1129, 675, 646, 444, 155
track:1130, 669, 647, 444, 155
track:1131, 675, 642, 444, 155
track:1132, 686, 647, 423, 148
track:1133, 694, 646, 423, 148
track:1134, 767, 650, 423, 148
track:1135, 821, 654, 403, 141
track:1136, 821, 655, 403, 141
track:1137, 833, 672, 383, 134
track:1138, 819, 673, 403, 141
track:1139, 819, 677, 403, 141
track:1140, 830, 678, 403, 141
track:1141, 814, 677, 403, 141
track:1142, 803, 682, 403, 141
track:1143, 790, 683, 423, 148
track:1144, 773, 681, 444, 155
track:1145, 784, 687, 423, 148
track:1146, 790, 689, 403, 141
track:1147, 791, 693, 383, 134
track:1148, 776, 693, 403, 141
track:1149, 775, 692, 403, 141
track:1150, 765, 690, 423, 148
track:1151, 764, 686, 423, 148
track:1152, 751, 687, 423, 148
track:1153, 751, 686, 423, 148
track:1154, 749, 683, 423, 148
track:1155, 746, 683, 423, 148
track:1156, 749, 680, 423, 148
track:1157, 755, 680, 403, 141
track:1158, 763, 679, 403, 141
track:1159, 759, 673, 423, 148
track:1160, 760, 671, 423, 148
track:1161, 762, 669, 423, 148
track:1162, 761, 666, 444, 155
track:1163, 764, 664, 444, 155
track:1164, 771, 664, 444, 155
track:1165, 777, 665, 444, 155
track:1166, 762, 662, 466, 163
track:1167, 763, 663, 466, 163
track:1168, 755, 664, 466, 163
track:1169, 762, 661, 489, 171
track:1170, 777, 665, 466, 163
track:1171, 783, 663, 466, 163
track:1172, 770, 657, 489, 171
track:1173, 767, 653, 514, 180
init :1174, 766, 636, 350, 160
track:1175, 766, 636, 350, 160
track:1176, 768, 637, 350, 160
track:1177, 777, 641, 333, 152
track:1178, 783, 643, 333, 152
track:1179, 782, 640, 333, 152
track:1180, 774, 633, 350, 160
track:1181, 777, 632, 350, 160
track:1182, 781, 630, 350, 160
track:1183, 775, 624, 367, 168
track:1184, 781, 628, 350, 160
track:1185, 783, 629, 350, 160
track:1186, 784, 627, 350, 160
track:1187, 789, 628, 350, 160
track:1188, 793, 627, 350, 160
track:1189, 796, 625, 350, 160
track:1190, 789, 625, 350, 160
track:1191, 791, 623, 350, 160
track:1192, 792, 624, 350, 160
track:1193, 803, 622, 350, 160
track:1194, 801, 624, 333, 152
track:1195, 816, 626, 317, 145
track:1196, 814, 624, 317, 145
track:1197, 776, 618, 333, 152
track:1198, 780, 616, 333, 152
track:1199, 804, 614, 333, 152
track:1200, 800, 612, 333, 152
track:1201, 808, 618, 317, 145
track:1202, 808, 617, 317, 145
track:1203, 822, 618, 302, 138
track:1204, 825, 621, 302, 138
track:1205, 823, 620, 302, 138
track:1206, 828, 618, 302, 138
track:1207, 825, 620, 302, 138
track:1208, 829, 621, 302, 138
track:1209, 827, 621, 302, 138
track:1210, 830, 619, 317, 145
track:1211, 826, 619, 317, 145
track:1212, 842, 626, 302, 138
track:1213, 843, 624, 302, 138
track:1214, 849, 626, 302, 138
track:1215, 848, 626, 302, 138
track:1216, 855, 631, 288, 132
track:1217, 859, 630, 288, 132
track:1218, 861, 631, 288, 132
track:1219, 866, 636, 274, 125
track:1220, 862, 636, 274, 125
track:1221, 861, 639, 261, 119
track:1222, 871, 639, 261, 119
track:1223, 880, 644, 249, 114
track:1224, 873, 645, 249, 114
track:1225, 873, 645, 249, 114
track:1226, 877, 649, 237, 108
track:1227, 876, 649, 237, 108
track:1228, 879, 648, 237, 108
track:1229, 884, 648, 237, 108
track:1230, 895, 649, 226, 103
track:1231, 894, 650, 226, 103
track:1232, 911, 649, 237, 108
track:1233, 907, 648, 249, 114
track:1234, 907, 649, 249, 114
track:1235, 900, 647, 261, 119
track:1236, 902, 647, 261, 119
track:1237, 904, 650, 249, 114
track:1238, 900, 651, 249, 114
track:1239, 902, 651, 249, 114
track:1240, 903, 649, 249, 114
track:1241, 903, 650, 249, 114
track:1242, 900, 648, 249, 114
init :1243, 936, 669, 193, 96
track:1244, 936, 669, 193, 96
track:1245, 940, 671, 184, 91
track:1246, 938, 671, 184, 91
track:1247, 932, 672, 184, 91
track:1248, 936, 675, 175, 87
track:1249, 935, 675, 175, 87
track:1250, 937, 676, 167, 83
track:1251, 932, 675, 167, 83
track:1252, 931, 675, 159, 79
track:1253, 919, 673, 167, 83
track:1254, 921, 672, 167, 83
track:1255, 912, 670, 167, 83
track:1256, 902, 670, 167, 83
track:1257, 896, 669, 167, 83
track:1258, 893, 666, 167, 83
track:1259, 892, 667, 167, 83
track:1260, 888, 664, 167, 83
track:1261, 882, 663, 167, 83
track:1262, 879, 661, 167, 83
track:1263, 869, 660, 167, 83
track:1264, 867, 659, 167, 83
track:1265, 865, 656, 175, 87
track:1266, 869, 657, 175, 87
track:1267, 868, 655, 175, 87
track:1268, 862, 653, 184, 91
track:1269, 863, 652, 184, 91
track:1270, 860, 652, 184, 91
track:1271, 865, 654, 175, 87
track:1272, 865, 653, 175, 87
track:1273, 861, 653, 175, 87
track:1274, 866, 654, 167, 83
track:1275, 868, 657, 159, 79
track:1276, 862, 657, 159, 79
track:1277, 856, 656, 159, 79
track:1278, 852, 655, 159, 79
track:1279, 850, 657, 159, 79
track:1280, 843, 656, 159, 79
track:1281, 838, 660, 151, 75
track:1282, 832, 660, 151, 75
track:1283, 829, 660, 151, 75
track:1284, 829, 659, 151, 75
track:1285, 821, 660, 151, 75
track:1286, 813, 661, 151, 75
track:1287, 813, 659, 151, 75
track:1288, 808, 657, 151, 75
track:1289, 813, 659, 144, 72
track:1290, 813, 659, 144, 72
track:1291, 817, 661, 137, 68
track:1292, 813, 661, 137, 68
track:1293, 811, 661, 137, 68
track:1294, 814, 662, 131, 65
track:1295, 814, 662, 131, 65
track:1296, 811, 662, 131, 65
track:1297, 812, 662, 131, 65
track:1298, 812, 662, 131, 65
track:1299, 813, 662, 131, 65
track:1300, 813, 662, 131, 65
track:1301, 811, 662, 131, 65
track:1302, 812, 662, 131, 65
track:1303, 810, 662, 131, 65
track:1304, 811, 663, 131, 65
track:1305, 810, 662, 131, 65
track:1306, 811, 663, 131, 65
track:1307, 811, 663, 131, 65
track:1308, 810, 664, 131, 65
track:1309, 815, 666, 124, 62
track:1310, 817, 666, 124, 62
track:1311, 817, 667, 124, 62
init :1312, 867, 667, 161, 57
track:1313, 867, 667, 161, 57
track:1314, 867, 667, 161, 57
track:1315, 866, 668, 161, 57
track:1316, 869, 670, 153, 54
track:1317, 862, 670, 161, 57
track:1318, 856, 669, 169, 60
track:1319, 856, 669, 169, 60
track:1320, 850, 668, 178, 63
track:1321, 854, 670, 169, 60
track:1322, 855, 671, 169, 60
track:1323, 856, 672, 169, 60
track:1324, 857, 671, 169, 60
track:1325, 860, 672, 169, 60
track:1326, 864, 674, 161, 57
track:1327, 866, 675, 161, 57
track:1328, 866, 676, 161, 57
track:1329, 867, 676, 161, 57
track:1330, 865, 677, 161, 57
track:1331, 865, 677, 161, 57
track:1332, 862, 678, 161, 57
track:1333, 855, 676, 169, 60
track:1334, 853, 676, 169, 60
track:1335, 853, 677, 169, 60
track:1336, 844, 677, 169, 60
track:1337, 842, 677, 169, 60
track:1338, 838, 677, 169, 60
track:1339, 838, 677, 169, 60
track:1340, 837, 677, 169, 60
track:1341, 835, 677, 169, 60
track:1342, 837, 677, 169, 60
track:1343, 835, 677, 169, 60
track:1344, 835, 677, 169, 60
track:1345, 835, 677, 169, 60
track:1346, 835, 678, 169, 60
track:1347, 835, 678, 169, 60
track:1348, 834, 678, 169, 60
track:1349, 835, 678, 169, 60
track:1350, 833, 679, 169, 60
track:1351, 832, 679, 169, 60
track:1352, 834, 680, 161, 57
track:1353, 837, 681, 153, 54
track:1354, 838, 681, 153, 54
track:1355, 837, 682, 153, 54
track:1356, 838, 682, 153, 54
track:1357, 837, 682, 153, 54
track:1358, 836, 681, 161, 57
track:1359, 836, 682, 161, 57
track:1360, 835, 682, 161, 57
track:1361, 833, 683, 161, 57
track:1362, 833, 683, 161, 57
track:1363, 833, 685, 161, 57
track:1364, 835, 684, 161, 57
track:1365, 835, 684, 161, 57
track:1366, 833, 685, 161, 57
track:1367, 833, 684, 161, 57
track:1368, 832, 685, 161, 57
track:1369, 832, 686, 161, 57
track:1370, 832, 686, 161, 57
track:1371, 830, 688, 161, 57
track:1372, 827, 689, 161, 57
track:1373, 825, 689, 161, 57
track:1374, 824, 690, 161, 57
track:1375, 822, 690, 161, 57
track:1376, 821, 689, 161, 57
track:1377, 815, 688, 169, 60
track:1378, 816, 690, 161, 57
track:1379, 810, 690, 169, 60
track:1380, 806, 691, 169, 60
init :1381, 816, 695, 193, 62
track:1382, 814, 696, 193, 62
track:1383, 812, 696, 193, 62
track:1384, 810, 697, 193, 62
track:1385, 813, 699, 184, 59
track:1386, 809, 698, 193, 62
track:1387, 810, 699, 193, 62
track:1388, 813, 700, 193, 62
track:1389, 815, 701, 193, 62
track:1390, 817, 702, 193, 62
track:1391, 825, 704, 184, 59
track:1392, 829, 705, 184, 59
track:1393, 833, 707, 184, 59
track:1394, 834, 707, 184, 59
track:1395, 837, 707, 184, 59
track:1396, 838, 708, 184, 59
track:1397, 834, 709, 193, 62
track:1398, 829, 709, 203, 65
track:1399, 833, 710, 193, 62
track:1400, 829, 711, 193, 62
track:1401, 821, 710, 203, 65
track:1402, 816, 711, 203, 65
track:1403, 810, 712, 203, 65
track:1404, 810, 712, 203, 65
track:1405, 806, 714, 203, 65
track:1406, 804, 714, 203, 65
track:1407, 799, 715, 203, 65
track:1408, 795, 715, 203, 65
track:1409, 795, 714, 203, 65
track:1410, 796, 714, 203, 65
track:1411, 795, 715, 203, 65
track:1412, 794, 715, 203, 65
track:1413, 798, 717, 203, 65
track:1414, 797, 717, 203, 65
track:1415, 797, 717, 203, 65
track:1416, 796, 718, 203, 65
track:1417, 796, 718, 203, 65
track:1418, 794, 719, 203, 65
track:1419, 794, 719, 203, 65
track:1420, 793, 720, 203, 65
track:1421, 786, 719, 213, 68
track:1422, 785, 720, 213, 68
track:1423, 785, 720, 213, 68
track:1424, 785, 720, 213, 68
track:1425, 786, 721, 213, 68
track:1426, 784, 721, 213, 68
track:1427, 783, 721, 213, 68
track:1428, 784, 722, 213, 68
track:1429, 779, 721, 223, 72
track:1430, 778, 721, 223, 72
track:1431, 776, 722, 223, 72
track:1432, 778, 725, 213, 68
track:1433, 777, 726, 213, 68
track:1434, 780, 727, 203, 65
track:1435, 779, 728, 203, 65
track:1436, 777, 729, 203, 65
track:1437, 776, 729, 203, 65
track:1438, 771, 729, 213, 68
track:1439, 771, 729, 213, 68
track:1440, 771, 731, 213, 68
track:1441, 766, 730, 213, 68
track:1442, 761, 729, 213, 68
track:1443, 761, 730, 213, 68
track:1444, 761, 731, 203, 65
track:1445, 761, 732, 193, 62
track:1446, 751, 735, 184, 59
track:1447, 751, 734, 184, 59
track:1448, 748, 734, 184, 59
track:1449, 749, 734, 184, 59
init :1450, 766, 716, 240, 124
track:1451, 768, 716, 240, 124
track:1452, 770, 716, 240, 124
track:1453, 780, 719, 229, 118
track:1454, 781, 720, 229, 118
track:1455, 785, 720, 229, 118
track:1456, 791, 720, 229, 118
track:1457, 795, 720, 229, 118
track:1458, 798, 721, 229, 118
track:1459, 801, 721, 229, 118
track:1460, 805, 723, 229, 118
track:1461, 811, 723, 229, 118
track:1462, 811, 724, 229, 118
track:1463, 815, 726, 218, 112
track:1464, 816, 727, 218, 112
track:1465, 826, 729, 207, 107
track:1466, 830, 731, 207, 107
track:1467, 833, 733, 207, 107
track:1468, 833, 732, 207, 107
track:1469, 830, 734, 207, 107
track:1470, 833, 735, 218, 112
track:1471, 831, 733, 218, 112
track:1472, 810, 733, 218, 112
track:1473, 800, 731, 218, 112
track:1474, 811, 730, 207, 107
track:1475, 810, 728, 207, 107
track:1476, 803, 729, 207, 107
track:1477, 795, 727, 218, 112
track:1478, 790, 725, 218, 112
track:1479, 792, 720, 218, 112
track:1480, 796, 714, 218, 112
track:1481, 805, 708, 218, 112
track:1482, 792, 711, 207, 107
track:1483, 790, 708, 218, 112
track:1484, 786, 703, 229, 118
track:1485, 783, 703, 229, 118
track:1486, 786, 702, 229, 118
track:1487, 798, 706, 218, 112
track:1488, 799, 706, 218, 112
track:1489, 794, 703, 229, 118
track:1490, 792, 700, 229, 118
track:1491, 788, 692, 240, 124
track:1492, 793, 692, 229, 118
track:1493, 801, 696, 218, 112
track:1494, 791, 691, 218, 112
track:1495, 792, 689, 218, 112
track:1496, 796, 685, 207, 107
track:1497, 801, 685, 197, 102
track:1498, 798, 683, 197, 102
track:1499, 783, 676, 207, 107
track:1500, 774, 673, 207, 107
track:1501, 770, 669, 207, 107
track:1502, 775, 669, 197, 102
track:1503, 774, 668, 197, 102
track:1504, 772, 664, 197, 102
track:1505, 776, 661, 188, 97
track:1506, 765, 658, 188, 97
track:1507, 765, 654, 188, 97
track:1508, 767, 652, 188, 97
track:1509, 764, 652, 188, 97
track:1510, 769, 650, 179, 93
track:1511, 767, 646, 179, 93
track:1512, 765, 646, 171, 88
track:1513, 764, 645, 171, 88
track:1514, 751, 642, 171, 88
track:1515, 739, 644, 162, 84
track:1516, 719, 644, 162, 84
track:1517, 694, 645, 162, 84
track:1518, 695, 647, 155, 80
init :1519, 724, 623, 286, 109
track:1520, 701, 623, 286, 109
track:1521, 679, 624, 286, 109
track:1522, 675, 627, 272, 104
track:1523, 674, 627, 272, 104
track:1524, 666, 628, 272, 104
track:1525, 664, 628, 272, 104
track:1526, 667, 629, 272, 104
track:1527, 664, 625, 286, 109
track:1528, 672, 628, 272, 104
track:1529, 703, 630, 259, 99
track:1530, 722, 628, 259, 99
track:1531, 749, 628, 259, 99
track:1532, 775, 627, 259, 99
track:1533, 782, 629, 247, 94
track:1534, 805, 629, 247, 94
track:1535, 831, 628, 247, 94
track:1536, 852, 627, 247, 94
track:1537, 872, 628, 247, 94
track:1538, 869, 628, 247, 94
track:1539, 890, 629, 247, 94
track:1540, 891, 629, 247, 94
track:1541, 896, 631, 247, 94
track:1542, 895, 630, 247, 94
track:1543, 902, 633, 235, 90
track:1544, 900, 636, 235, 90
track:1545, 897, 636, 235, 90
track:1546, 898, 637, 235, 90
track:1547, 887, 642, 224, 85
track:1548, 890, 643, 224, 85
track:1549, 883, 645, 224, 85
track:1550, 867, 644, 235, 90
track:1551, 868, 647, 224, 85
track:1552, 866, 648, 224, 85
track:1553, 862, 650, 224, 85
track:1554, 865, 652, 213, 81
track:1555, 862, 653, 213, 81
track:1556, 865, 654, 213, 81
track:1557, 875, 654, 203, 77
track:1558, 873, 654, 203, 77
track:1559, 876, 655, 203, 77
track:1560, 882, 655, 203, 77
track:1561, 891, 657, 194, 74
track:1562, 894, 658, 194, 74
track:1563, 893, 659, 194, 74
track:1564, 894, 658, 194, 74
track:1565, 894, 658, 194, 74
track:1566, 899, 659, 194, 74
track:1567, 899, 660, 184, 70
track:1568, 899, 660, 184, 70
track:1569, 899, 661, 184, 70
track:1570, 901, 663, 176, 67
track:1571, 901, 662, 167, 64
track:1572, 901, 664, 167, 64
track:1573, 901, 664, 167, 64
track:1574, 898, 665, 167, 64
track:1575, 895, 665, 167, 64
track:1576, 893, 666, 167, 64
track:1577, 892, 668, 159, 61
track:1578, 892, 666, 159, 61
track:1579, 888, 666, 159, 61
track:1580, 887, 665, 159, 61
track:1581, 885, 667, 159, 61
track:1582, 886, 670, 152, 58
track:1583, 887, 670, 152, 58
track:1584, 888, 673, 144, 55
track:1585, 887, 672, 144, 55
track:1586, 888, 673, 144, 55
track:1587, 886, 672, 152, 58
init :1588, 904, 677, 133, 72
track:1589, 905, 677, 133, 72
track:1590, 905, 678, 133, 72
track:1591, 904, 679, 133, 72
track:1592, 904, 679, 133, 72
track:1593, 906, 681, 127, 69
track:1594, 906, 681, 127, 69
track:1595, 904, 681, 127, 69
track:1596, 902, 681, 127, 69
track:1599, 899, 682, 127, 69
track:1600, 898, 682, 127, 69
track:1601, 895, 682, 127, 69
track:1602, 894, 682, 127, 69
track:1603, 893, 681, 127, 69
track:1604, 892, 682, 121, 65
track:1605, 895, 684, 115, 62
track:1606, 892, 685, 115, 62
track:1607, 889, 687, 115, 62
track:1608, 892, 687, 109, 59
elapseTime: 15.989
