init :7, 821, 630, 235, 197
track:8, 821, 630, 235, 197
track:9, 822, 630, 235, 197
track:10, 821, 631, 235, 197
track:11, 823, 630, 235, 197
init :12, 821, 630, 235, 197
track:13, 822, 630, 235, 197
track:14, 822, 630, 235, 197
track:15, 822, 630, 235, 197
track:16, 823, 629, 235, 197
track:17, 823, 630, 235, 197
track:18, 823, 631, 235, 197
track:19, 823, 630, 235, 197
track:20, 824, 630, 235, 197
track:21, 824, 632, 235, 197
track:22, 825, 631, 235, 197
init :23, 826, 633, 230, 197
track:24, 826, 633, 230, 197
track:25, 826, 633, 230, 197
track:26, 827, 633, 230, 197
track:27, 827, 632, 230, 197
track:28, 827, 632, 230, 197
track:29, 827, 633, 230, 197
track:30, 828, 632, 230, 197
track:31, 828, 632, 230, 197
track:32, 827, 633, 230, 197
track:33, 828, 633, 230, 197
init :34, 826, 630, 240, 197
track:35, 826, 630, 240, 197
track:36, 827, 629, 240, 197
track:37, 826, 630, 240, 197
track:38, 827, 629, 240, 197
track:39, 827, 629, 240, 197
track:40, 827, 629, 240, 197
track:41, 827, 630, 240, 197
track:42, 827, 630, 240, 197
track:43, 827, 629, 240, 197
track:44, 826, 630, 240, 197
init :45, 826, 630, 240, 197
track:46, 826, 630, 240, 197
track:48, 826, 629, 240, 197
track:49, 826, 629, 240, 197
track:50, 826, 629, 240, 197
track:51, 826, 628, 240, 197
track:52, 826, 629, 240, 197
track:53, 828, 629, 240, 197
track:54, 827, 628, 240, 197
track:55, 827, 628, 240, 197
init :56, 830, 630, 230, 197
track:57, 830, 630, 230, 197
track:58, 830, 630, 230, 197
track:59, 831, 630, 230, 197
track:60, 831, 630, 230, 197
track:61, 831, 630, 230, 197
track:62, 829, 630, 230, 197
track:63, 829, 630, 230, 197
track:64, 830, 630, 230, 197
track:65, 829, 630, 230, 197
track:66, 829, 630, 230, 197
init :67, 826, 630, 240, 197
track:68, 826, 630, 240, 197
track:69, 826, 629, 240, 197
track:70, 826, 629, 240, 197
track:71, 825, 628, 240, 197
track:72, 826, 630, 240, 197
track:73, 826, 629, 240, 197
track:74, 826, 629, 240, 197
track:75, 826, 630, 240, 197
track:76, 825, 629, 240, 197
track:77, 826, 629, 240, 197
init :78, 826, 630, 235, 197
track:79, 826, 630, 235, 197
track:80, 826, 630, 235, 197
track:81, 826, 630, 235, 197
track:82, 825, 630, 235, 197
track:83, 826, 631, 235, 197
track:84, 826, 631, 235, 197
track:85, 826, 630, 235, 197
track:86, 826, 631, 235, 197
track:87, 825, 631, 235, 197
track:88, 826, 631, 235, 197
init :89, 826, 633, 240, 197
track:90, 826, 633, 240, 197
track:91, 827, 633, 240, 197
track:92, 827, 633, 240, 197
track:93, 827, 634, 240, 197
track:94, 827, 633, 240, 197
track:95, 827, 633, 240, 197
track:96, 828, 633, 240, 197
track:97, 829, 632, 240, 197
track:98, 829, 632, 240, 197
track:99, 829, 631, 240, 197
init :100, 826, 628, 244, 197
track:101, 826, 628, 244, 197
track:102, 830, 625, 244, 197
track:103, 829, 625, 244, 197
track:104, 828, 625, 244, 197
track:105, 830, 625, 244, 197
track:106, 831, 624, 244, 197
track:107, 831, 624, 244, 197
track:108, 831, 621, 244, 197
track:109, 832, 620, 244, 197
track:110, 832, 618, 244, 197
init :111, 840, 625, 221, 181
track:112, 840, 624, 221, 181
track:113, 841, 622, 221, 181
track:114, 841, 622, 221, 181
track:115, 842, 621, 221, 181
track:116, 843, 619, 221, 181
track:117, 844, 615, 221, 181
track:120, 844, 613, 221, 181
track:121, 846, 611, 221, 181
init :122, 853, 615, 193, 160
track:123, 848, 610, 203, 168
track:124, 853, 614, 193, 160
track:125, 851, 612, 193, 160
track:126, 850, 610, 193, 160
track:127, 848, 607, 193, 160
track:128, 846, 608, 193, 160
track:129, 845, 609, 193, 160
track:130, 844, 610, 193, 160
track:131, 846, 612, 193, 160
track:132, 849, 615, 193, 160
init :133, 863, 617, 180, 163
track:134, 863, 617, 180, 163
track:135, 862, 619, 180, 163
track:136, 863, 619, 180, 163
track:137, 864, 622, 180, 163
track:138, 865, 622, 180, 163
track:139, 865, 623, 180, 163
track:140, 869, 626, 171, 155
track:141, 869, 626, 171, 155
track:142, 867, 626, 171, 155
track:143, 861, 623, 180, 163
init :144, 858, 623, 180, 153
track:145, 855, 627, 180, 153
track:146, 854, 627, 180, 153
track:147, 854, 629, 180, 153
track:148, 855, 630, 180, 153
track:149, 855, 631, 180, 153
track:150, 857, 634, 180, 153
track:151, 856, 637, 180, 153
track:152, 856, 640, 180, 153
track:153, 856, 642, 180, 153
track:154, 856, 643, 180, 153
init :155, 863, 649, 175, 158
track:156, 863, 649, 175, 158
track:157, 864, 651, 175, 158
track:158, 865, 652, 175, 158
track:159, 865, 652, 175, 158
track:160, 870, 656, 167, 150
track:161, 868, 656, 167, 150
track:162, 866, 655, 167, 150
track:163, 864, 656, 167, 150
track:164, 864, 656, 167, 150
track:165, 864, 657, 167, 150
init :166, 863, 656, 170, 153
track:167, 862, 657, 170, 153
track:168, 863, 656, 170, 153
track:169, 863, 657, 170, 153
track:170, 863, 655, 170, 153
track:171, 866, 655, 170, 153
track:172, 866, 654, 170, 153
track:173, 866, 654, 170, 153
track:174, 866, 653, 170, 153
track:175, 863, 654, 170, 153
track:176, 862, 655, 170, 153
init :177, 863, 651, 161, 155
track:178, 864, 651, 161, 155
track:179, 864, 652, 161, 155
track:180, 865, 654, 161, 155
track:181, 865, 655, 161, 155
track:182, 867, 658, 161, 155
track:183, 868, 660, 161, 155
track:184, 870, 661, 161, 155
track:185, 869, 662, 161, 155
track:186, 867, 661, 161, 155
track:187, 865, 656, 161, 155
init :188, 863, 649, 166, 158
track:189, 863, 649, 166, 158
track:190, 862, 648, 166, 158
track:191, 861, 647, 166, 158
track:192, 860, 643, 166, 158
track:193, 860, 642, 166, 158
track:194, 859, 642, 166, 158
track:195, 861, 640, 166, 158
track:196, 862, 639, 166, 158
track:197, 862, 638, 166, 158
track:198, 860, 637, 166, 158
init :199, 858, 636, 161, 150
track:200, 857, 638, 161, 150
track:201, 855, 638, 161, 150
track:202, 854, 637, 161, 150
track:203, 854, 635, 161, 150
track:204, 854, 635, 161, 150
track:205, 854, 634, 161, 150
track:206, 855, 633, 161, 150
track:207, 854, 631, 161, 150
track:208, 853, 630, 161, 150
track:209, 851, 628, 161, 150
init :210, 849, 630, 152, 135
track:211, 844, 626, 160, 142
track:212, 845, 624, 160, 142
track:213, 850, 627, 152, 135
track:214, 849, 625, 152, 135
track:215, 849, 625, 152, 135
track:216, 849, 625, 152, 135
track:217, 849, 626, 152, 135
track:218, 849, 626, 152, 135
track:219, 849, 626, 152, 135
track:220, 853, 633, 145, 129
init :221, 849, 638, 143, 122
track:222, 849, 640, 143, 122
track:223, 850, 640, 143, 122
track:224, 849, 642, 143, 122
track:225, 849, 645, 143, 122
track:226, 849, 645, 143, 122
track:227, 849, 646, 143, 122
track:228, 850, 646, 143, 122
track:229, 852, 650, 136, 116
track:230, 852, 650, 136, 116
track:231, 853, 649, 136, 116
init :232, 858, 649, 124, 103
track:233, 858, 649, 124, 103
track:234, 858, 649, 124, 103
track:235, 858, 648, 124, 103
track:236, 859, 648, 124, 103
track:237, 860, 648, 124, 103
track:238, 860, 649, 124, 103
track:239, 861, 650, 124, 103
track:240, 862, 652, 124, 103
track:241, 863, 654, 124, 103
track:242, 863, 655, 124, 103
init :243, 863, 651, 120, 98
track:244, 863, 651, 120, 98
track:245, 863, 654, 120, 98
track:246, 863, 654, 120, 98
track:247, 864, 654, 120, 98
track:248, 863, 655, 120, 98
track:249, 863, 656, 120, 98
track:250, 863, 658, 120, 98
track:251, 864, 660, 120, 98
track:252, 865, 660, 120, 98
track:253, 865, 661, 120, 98
init :254, 867, 664, 120, 101
track:255, 867, 666, 120, 101
track:256, 868, 669, 120, 101
track:257, 870, 672, 120, 101
track:258, 870, 672, 120, 101
track:259, 869, 674, 120, 101
track:260, 869, 676, 120, 101
track:261, 870, 677, 120, 101
track:262, 870, 677, 120, 101
track:263, 869, 678, 120, 101
track:264, 869, 679, 120, 101
init :265, 867, 680, 124, 96
track:266, 867, 681, 124, 96
track:267, 868, 683, 124, 96
track:268, 868, 684, 124, 96
track:269, 868, 685, 124, 96
track:270, 868, 687, 124, 96
track:271, 866, 688, 130, 101
track:272, 867, 691, 130, 101
track:273, 867, 692, 130, 101
track:274, 868, 694, 130, 101
track:275, 868, 696, 130, 101
init :276, 867, 693, 138, 111
track:277, 868, 695, 138, 111
track:278, 868, 696, 138, 111
track:279, 870, 696, 138, 111
track:280, 871, 694, 138, 111
track:281, 872, 694, 138, 111
track:282, 871, 692, 145, 117
track:283, 871, 693, 145, 117
track:284, 873, 695, 145, 117
track:285, 872, 694, 152, 122
track:286, 874, 694, 152, 122
init :287, 867, 682, 161, 140
track:288, 867, 682, 161, 140
track:289, 867, 679, 161, 140
track:290, 864, 672, 169, 147
track:291, 863, 665, 169, 147
track:292, 865, 660, 169, 147
track:293, 865, 659, 169, 147
track:294, 862, 654, 178, 154
track:295, 865, 651, 178, 154
track:296, 866, 651, 178, 154
track:297, 864, 651, 178, 154
init :298, 858, 641, 198, 189
track:299, 858, 641, 198, 189
track:300, 856, 642, 198, 189
track:301, 854, 645, 198, 189
track:302, 847, 646, 208, 198
track:303, 840, 642, 218, 208
track:304, 839, 647, 218, 208
track:305, 838, 648, 218, 208
track:306, 833, 643, 229, 219
track:307, 824, 635, 241, 230
track:308, 825, 635, 241, 230
init :309, 821, 628, 258, 223
track:310, 819, 622, 258, 223
track:311, 817, 608, 258, 223
track:312, 825, 605, 246, 212
track:313, 818, 599, 258, 223
track:314, 825, 597, 246, 212
track:315, 824, 588, 246, 212
track:316, 824, 577, 246, 212
track:317, 831, 576, 234, 202
track:318, 831, 575, 234, 202
track:319, 832, 574, 234, 202
init :320, 849, 573, 207, 186
track:321, 849, 571, 207, 186
track:322, 850, 570, 207, 186
track:323, 850, 570, 207, 186
track:324, 849, 572, 207, 186
track:325, 854, 575, 197, 177
track:326, 852, 566, 197, 177
track:327, 850, 567, 197, 177
track:328, 849, 567, 197, 177
track:329, 847, 574, 197, 177
track:330, 846, 579, 197, 177
init :331, 849, 589, 198, 176
track:332, 852, 596, 189, 168
track:333, 852, 596, 189, 168
track:334, 846, 594, 198, 176
track:335, 846, 596, 198, 176
track:336, 845, 598, 198, 176
track:337, 846, 599, 198, 176
track:338, 847, 599, 198, 176
track:339, 847, 595, 198, 176
track:340, 853, 597, 189, 168
track:341, 853, 597, 189, 168
init :342, 858, 602, 175, 153
track:343, 858, 602, 175, 153
track:344, 858, 601, 175, 153
track:345, 857, 598, 175, 153
track:346, 859, 600, 175, 153
track:347, 862, 604, 167, 146
track:348, 862, 604, 167, 146
track:349, 863, 608, 167, 146
track:350, 863, 611, 167, 146
track:351, 864, 614, 167, 146
track:352, 864, 617, 167, 146
init :353, 872, 628, 147, 119
track:354, 871, 630, 147, 119
track:355, 872, 631, 147, 119
track:356, 871, 632, 147, 119
track:357, 875, 635, 140, 113
track:358, 873, 635, 140, 113
track:359, 874, 636, 140, 113
track:360, 874, 636, 140, 113
track:361, 872, 637, 140, 113
track:362, 874, 638, 133, 108
track:363, 875, 638, 133, 108
init :364, 872, 641, 133, 106
track:365, 871, 642, 133, 106
track:366, 871, 642, 133, 106
track:367, 870, 644, 133, 106
track:368, 869, 644, 133, 106
track:369, 870, 644, 133, 106
track:370, 868, 650, 133, 106
track:371, 868, 655, 133, 106
track:372, 868, 658, 133, 106
track:373, 868, 659, 133, 106
track:374, 867, 660, 133, 106
init :375, 867, 662, 124, 101
track:376, 866, 662, 124, 101
track:377, 864, 663, 124, 101
track:378, 863, 664, 124, 101
track:379, 863, 665, 124, 101
track:380, 863, 665, 124, 101
track:381, 863, 664, 124, 101
track:382, 861, 664, 124, 101
track:383, 860, 664, 124, 101
track:384, 858, 663, 124, 101
track:385, 857, 662, 124, 101
init :386, 867, 662, 110, 93
track:387, 866, 662, 110, 93
track:388, 867, 663, 110, 93
track:389, 867, 662, 110, 93
track:390, 866, 663, 110, 93
track:391, 867, 664, 110, 93
track:392, 867, 667, 110, 93
track:393, 867, 668, 110, 93
track:394, 867, 668, 110, 93
track:395, 868, 675, 110, 93
track:396, 869, 676, 110, 93
init :397, 867, 687, 110, 77
track:398, 867, 687, 110, 77
track:399, 869, 691, 110, 77
track:400, 870, 696, 110, 77
track:401, 871, 702, 110, 77
track:402, 872, 705, 110, 77
track:403, 873, 706, 110, 77
track:404, 873, 708, 110, 77
track:405, 874, 708, 110, 77
track:406, 874, 708, 110, 77
track:407, 875, 708, 110, 77
init :408, 881, 708, 101, 83
track:409, 881, 707, 101, 83
track:410, 881, 705, 101, 83
track:411, 883, 703, 101, 83
track:412, 882, 701, 101, 83
track:413, 883, 701, 101, 83
track:414, 884, 699, 101, 83
track:415, 883, 700, 101, 83
track:416, 883, 702, 101, 83
track:417, 884, 702, 101, 83
track:418, 884, 702, 101, 83
init :419, 881, 698, 101, 83
track:420, 877, 697, 106, 87
track:421, 876, 697, 106, 87
track:422, 876, 696, 106, 87
track:423, 876, 696, 106, 87
track:424, 876, 691, 106, 87
track:425, 875, 690, 106, 87
track:426, 874, 688, 106, 87
track:427, 873, 687, 106, 87
track:428, 872, 686, 106, 87
track:429, 872, 687, 106, 87
init :430, 872, 693, 110, 83
track:431, 872, 693, 110, 83
track:432, 872, 693, 110, 83
track:433, 872, 692, 110, 83
track:434, 871, 693, 110, 83
track:435, 870, 693, 110, 83
track:436, 869, 694, 110, 83
track:437, 869, 695, 110, 83
track:438, 869, 695, 110, 83
track:439, 870, 697, 110, 83
track:440, 870, 698, 110, 83
init :441, 867, 693, 115, 88
track:442, 868, 694, 115, 88
track:443, 868, 694, 115, 88
track:444, 867, 695, 115, 88
track:445, 867, 696, 115, 88
track:446, 867, 697, 115, 88
track:447, 868, 696, 115, 88
track:448, 868, 696, 115, 88
track:449, 867, 695, 115, 88
track:450, 868, 695, 115, 88
track:451, 869, 696, 115, 88
init :452, 867, 693, 120, 93
track:453, 867, 693, 120, 93
track:454, 868, 693, 120, 93
track:455, 869, 694, 120, 93
track:456, 869, 694, 120, 93
track:457, 869, 694, 120, 93
track:458, 869, 694, 120, 93
track:459, 869, 693, 120, 93
track:460, 869, 692, 120, 93
track:461, 869, 690, 120, 93
track:462, 870, 691, 120, 93
init :463, 867, 687, 124, 101
track:464, 866, 685, 124, 101
track:465, 866, 682, 124, 101
track:466, 867, 683, 124, 101
track:467, 867, 683, 124, 101
track:468, 866, 684, 124, 101
track:469, 866, 685, 124, 101
track:470, 868, 687, 124, 101
track:471, 866, 684, 130, 106
track:472, 866, 684, 130, 106
track:473, 867, 687, 130, 106
init :474, 863, 685, 138, 114
track:475, 866, 685, 138, 114
track:476, 867, 685, 138, 114
track:477, 869, 684, 138, 114
track:478, 870, 683, 138, 114
track:479, 868, 679, 145, 120
track:480, 874, 672, 138, 114
track:481, 875, 670, 138, 114
track:482, 875, 669, 138, 114
track:483, 878, 660, 138, 114
track:484, 876, 657, 145, 120
init :485, 876, 656, 156, 140
track:486, 875, 660, 156, 140
track:487, 875, 660, 156, 140
track:488, 875, 666, 156, 140
track:490, 869, 665, 164, 147
track:491, 866, 667, 164, 147
track:492, 865, 668, 164, 147
track:493, 863, 667, 164, 147
track:494, 861, 667, 164, 147
track:495, 858, 660, 164, 147
init :496, 858, 649, 170, 145
track:497, 858, 649, 170, 145
track:498, 858, 647, 170, 145
track:499, 856, 644, 170, 145
track:500, 855, 639, 170, 145
track:501, 855, 636, 170, 145
track:502, 855, 635, 170, 145
track:503, 855, 633, 170, 145
track:504, 854, 631, 170, 145
track:505, 858, 633, 162, 138
track:506, 858, 632, 162, 138
init :507, 853, 630, 156, 137
track:508, 853, 629, 156, 137
track:509, 853, 624, 156, 137
track:510, 853, 622, 156, 137
track:511, 852, 620, 156, 137
track:512, 852, 620, 156, 137
track:513, 851, 620, 156, 137
track:514, 851, 621, 156, 137
track:515, 852, 622, 156, 137
track:516, 856, 623, 149, 130
track:517, 856, 623, 149, 130
init :518, 853, 628, 156, 116
track:519, 853, 628, 156, 116
track:520, 854, 628, 156, 116
track:521, 854, 628, 156, 116
track:522, 854, 628, 156, 116
track:523, 854, 628, 156, 116
track:524, 855, 631, 156, 116
track:525, 855, 634, 156, 116
track:526, 857, 635, 156, 116
track:527, 858, 635, 156, 116
track:528, 860, 636, 149, 110
init :529, 867, 636, 138, 98
track:530, 868, 635, 138, 98
track:531, 868, 634, 138, 98
track:532, 869, 635, 138, 98
track:533, 870, 637, 138, 98
track:534, 871, 637, 138, 98
track:535, 870, 638, 138, 98
track:536, 870, 641, 138, 98
track:537, 871, 641, 138, 98
track:538, 874, 644, 131, 93
track:539, 877, 648, 125, 89
init :540, 876, 646, 124, 90
track:543, 873, 648, 124, 90
track:544, 874, 649, 124, 90
track:546, 872, 655, 124, 90
track:547, 871, 655, 124, 90
track:548, 870, 657, 124, 90
track:549, 870, 660, 124, 90
track:550, 872, 663, 118, 86
init :551, 872, 664, 106, 85
track:552, 872, 664, 106, 85
track:553, 872, 664, 106, 85
track:554, 871, 663, 106, 85
track:555, 871, 664, 106, 85
track:556, 871, 665, 106, 85
track:557, 874, 667, 101, 81
track:558, 870, 669, 106, 85
track:559, 870, 673, 106, 85
track:560, 871, 675, 106, 85
track:561, 871, 679, 106, 85
init :562, 876, 680, 96, 80
track:563, 876, 682, 96, 80
track:564, 876, 684, 96, 80
track:565, 876, 686, 96, 80
track:566, 875, 689, 96, 80
track:567, 876, 689, 96, 80
track:568, 877, 692, 96, 80
track:569, 878, 693, 96, 80
track:570, 877, 696, 96, 80
track:571, 877, 698, 96, 80
track:572, 877, 699, 96, 80
init :573, 872, 700, 106, 83
track:574, 873, 701, 106, 83
track:575, 873, 701, 106, 83
track:576, 872, 699, 106, 83
track:577, 873, 699, 106, 83
track:578, 871, 695, 111, 87
track:579, 871, 692, 111, 87
track:580, 872, 692, 111, 87
track:581, 873, 693, 111, 87
track:582, 872, 692, 111, 87
track:583, 871, 695, 111, 87
init :584, 872, 698, 106, 85
track:585, 872, 698, 106, 85
track:586, 872, 699, 106, 85
track:587, 872, 699, 106, 85
track:588, 872, 700, 106, 85
track:589, 872, 698, 106, 85
track:590, 872, 698, 106, 85
track:591, 870, 699, 106, 85
track:592, 870, 699, 106, 85
track:593, 869, 698, 106, 85
track:594, 869, 696, 106, 85
init :595, 872, 685, 110, 85
track:596, 871, 683, 110, 85
track:597, 870, 683, 110, 85
track:598, 870, 678, 110, 85
track:599, 870, 673, 110, 85
track:600, 870, 669, 110, 85
track:601, 871, 668, 110, 85
track:602, 871, 668, 110, 85
track:603, 871, 668, 110, 85
track:604, 870, 662, 110, 85
track:605, 870, 659, 110, 85
init :606, 863, 656, 120, 90
track:607, 863, 656, 120, 90
track:608, 861, 654, 126, 94
track:609, 862, 654, 126, 94
track:610, 862, 656, 126, 94
track:611, 862, 659, 126, 94
track:612, 862, 660, 126, 94
track:613, 861, 662, 126, 94
track:614, 862, 665, 126, 94
track:615, 863, 667, 126, 94
track:616, 862, 669, 126, 94
init :617, 863, 667, 129, 103
track:618, 860, 663, 135, 108
track:619, 859, 662, 135, 108
track:620, 861, 661, 135, 108
track:621, 862, 661, 135, 108
track:622, 862, 661, 135, 108
track:623, 861, 660, 135, 108
track:624, 860, 658, 135, 108
track:625, 861, 658, 135, 108
track:626, 862, 659, 135, 108
track:627, 862, 660, 135, 108
init :628, 858, 659, 138, 111
track:629, 858, 659, 138, 111
track:630, 858, 656, 138, 111
track:631, 858, 656, 138, 111
track:632, 857, 656, 138, 111
track:633, 859, 659, 138, 111
track:634, 860, 662, 138, 111
track:635, 861, 663, 138, 111
track:636, 862, 665, 138, 111
track:637, 862, 665, 138, 111
track:638, 864, 666, 138, 111
init :639, 863, 667, 147, 111
track:640, 863, 666, 147, 111
track:641, 863, 664, 147, 111
track:642, 863, 665, 147, 111
track:643, 862, 663, 147, 111
track:644, 863, 662, 147, 111
track:645, 866, 655, 140, 106
track:646, 867, 654, 140, 106
track:647, 868, 654, 140, 106
track:648, 871, 655, 133, 101
track:649, 868, 653, 140, 106
init :650, 867, 649, 143, 124
track:651, 868, 650, 143, 124
track:652, 869, 650, 143, 124
track:653, 870, 651, 143, 124
track:654, 870, 651, 143, 124
track:655, 871, 654, 143, 124
track:656, 873, 657, 143, 124
track:657, 872, 657, 143, 124
track:658, 874, 660, 143, 124
track:659, 876, 660, 143, 124
track:660, 872, 657, 150, 130
init :661, 876, 662, 143, 111
track:662, 876, 662, 143, 111
track:663, 877, 662, 143, 111
track:664, 878, 660, 143, 111
track:665, 880, 659, 143, 111
track:666, 880, 657, 143, 111
track:667, 875, 654, 150, 117
track:668, 876, 652, 150, 117
track:669, 877, 652, 150, 117
track:670, 877, 652, 150, 117
track:671, 875, 652, 150, 117
init :672, 876, 649, 138, 119
track:673, 874, 649, 138, 119
track:674, 873, 649, 138, 119
track:675, 873, 648, 138, 119
track:676, 872, 648, 138, 119
track:677, 872, 648, 138, 119
track:678, 870, 652, 138, 119
track:679, 869, 660, 138, 119
track:680, 870, 668, 138, 119
track:681, 871, 669, 138, 119
track:682, 872, 670, 138, 119
init :683, 867, 669, 143, 114
track:684, 866, 669, 143, 114
track:685, 866, 672, 143, 114
track:686, 867, 675, 143, 114
track:687, 867, 675, 143, 114
track:688, 867, 675, 143, 114
track:689, 864, 674, 143, 114
track:690, 864, 672, 143, 114
track:691, 863, 670, 143, 114
track:692, 864, 670, 143, 114
track:693, 863, 669, 143, 114
init :694, 858, 664, 147, 116
track:695, 859, 664, 147, 116
track:696, 857, 664, 147, 116
track:697, 858, 664, 147, 116
track:698, 856, 663, 147, 116
track:699, 854, 663, 147, 116
track:700, 853, 664, 147, 116
track:701, 853, 665, 147, 116
track:702, 854, 665, 147, 116
track:703, 854, 668, 147, 116
track:704, 849, 671, 154, 122
init :705, 853, 677, 147, 124
track:706, 853, 678, 147, 124
track:707, 853, 678, 147, 124
track:708, 851, 680, 147, 124
track:709, 852, 680, 147, 124
track:710, 852, 679, 147, 124
track:711, 852, 678, 147, 124
track:712, 852, 676, 147, 124
track:713, 852, 675, 147, 124
track:714, 851, 674, 147, 124
track:715, 851, 676, 147, 124
init :716, 853, 675, 147, 119
track:717, 853, 676, 147, 119
track:718, 855, 678, 147, 119
track:719, 854, 678, 147, 119
track:720, 855, 678, 147, 119
track:721, 855, 679, 147, 119
track:722, 856, 679, 147, 119
track:723, 856, 677, 147, 119
track:724, 856, 675, 147, 119
track:725, 857, 670, 147, 119
track:726, 857, 670, 147, 119
init :727, 853, 667, 152, 122
track:728, 854, 664, 152, 122
track:729, 854, 661, 152, 122
track:730, 855, 660, 152, 122
track:731, 855, 658, 152, 122
track:732, 856, 658, 152, 122
track:733, 855, 657, 152, 122
track:734, 856, 652, 152, 122
track:735, 857, 646, 152, 122
track:736, 854, 644, 160, 128
track:737, 855, 642, 160, 128
init :738, 849, 636, 166, 150
track:739, 849, 636, 166, 150
track:740, 850, 638, 166, 150
track:741, 851, 638, 166, 150
track:742, 851, 639, 166, 150
track:743, 850, 639, 166, 150
track:744, 850, 639, 166, 150
track:745, 851, 638, 166, 150
track:746, 851, 638, 166, 150
track:747, 851, 636, 166, 150
track:748, 853, 626, 166, 150
init :749, 849, 628, 166, 114
track:750, 848, 629, 166, 114
track:751, 848, 629, 166, 114
track:752, 847, 631, 166, 114
track:753, 849, 632, 166, 114
track:754, 850, 633, 166, 114
track:755, 852, 633, 166, 114
track:756, 852, 633, 166, 114
track:757, 852, 633, 166, 114
track:758, 852, 630, 166, 114
track:759, 852, 631, 166, 114
init :760, 858, 630, 152, 129
track:761, 858, 630, 152, 129
track:762, 861, 631, 152, 129
track:763, 863, 631, 152, 129
track:764, 864, 631, 152, 129
track:765, 863, 632, 152, 129
track:766, 861, 632, 152, 129
track:767, 861, 631, 152, 129
track:768, 861, 635, 152, 129
track:769, 861, 635, 152, 129
track:770, 863, 645, 152, 129
init :771, 867, 643, 147, 132
track:772, 868, 643, 147, 132
track:773, 868, 642, 147, 132
track:774, 869, 642, 147, 132
track:775, 869, 643, 147, 132
track:776, 870, 643, 147, 132
track:777, 870, 642, 147, 132
track:778, 870, 641, 147, 132
track:779, 872, 641, 147, 132
track:780, 873, 641, 147, 132
track:781, 876, 644, 140, 126
init :782, 881, 649, 133, 101
track:783, 881, 649, 133, 101
track:784, 880, 648, 133, 101
track:785, 879, 649, 133, 101
track:786, 879, 649, 133, 101
track:787, 878, 649, 133, 101
track:788, 878, 650, 133, 101
track:789, 877, 651, 133, 101
track:790, 877, 650, 133, 101
track:791, 876, 649, 133, 101
track:792, 876, 649, 133, 101
init :793, 876, 654, 133, 93
track:794, 876, 655, 133, 93
track:795, 876, 658, 133, 93
track:796, 876, 659, 133, 93
track:797, 877, 659, 133, 93
track:798, 876, 659, 133, 93
track:799, 876, 660, 133, 93
track:800, 876, 661, 133, 93
track:801, 876, 661, 133, 93
track:802, 875, 662, 133, 93
track:803, 875, 663, 133, 93
init :804, 876, 659, 129, 109
track:805, 875, 660, 129, 109
track:806, 875, 659, 129, 109
track:807, 875, 660, 129, 109
track:808, 873, 661, 129, 109
track:809, 873, 661, 129, 109
track:810, 874, 664, 129, 109
track:811, 874, 665, 129, 109
track:812, 873, 665, 129, 109
track:813, 868, 664, 135, 114
track:814, 866, 664, 135, 114
init :815, 863, 667, 143, 103
track:816, 863, 667, 143, 103
track:817, 863, 670, 143, 103
track:818, 862, 676, 143, 103
track:819, 859, 676, 150, 108
track:820, 857, 687, 150, 108
track:821, 853, 685, 158, 114
track:822, 852, 686, 158, 114
track:823, 851, 685, 158, 114
track:824, 850, 684, 158, 114
track:825, 850, 684, 158, 114
init :826, 858, 680, 152, 122
track:827, 858, 685, 152, 122
track:828, 854, 688, 160, 128
track:829, 856, 690, 160, 128
track:830, 858, 692, 160, 128
track:831, 858, 692, 160, 128
track:832, 855, 689, 168, 135
track:833, 857, 687, 168, 135
track:834, 858, 680, 168, 135
track:835, 854, 671, 176, 141
track:836, 855, 669, 176, 141
init :837, 853, 664, 166, 142
track:838, 852, 663, 166, 142
track:839, 850, 659, 166, 142
track:840, 849, 654, 166, 142
track:841, 849, 653, 166, 142
track:842, 843, 650, 174, 149
track:843, 841, 645, 174, 149
track:844, 836, 639, 183, 157
track:845, 829, 625, 183, 157
track:846, 828, 625, 183, 157
track:847, 828, 615, 183, 157
init :848, 821, 607, 193, 179
track:849, 821, 606, 193, 179
track:850, 821, 606, 193, 179
track:851, 821, 606, 193, 179
track:852, 823, 603, 193, 179
track:853, 829, 599, 193, 179
track:854, 830, 601, 193, 179
track:855, 830, 604, 193, 179
track:856, 830, 605, 193, 179
track:857, 830, 606, 193, 179
track:858, 831, 603, 193, 179
init :859, 830, 594, 198, 166
track:860, 830, 592, 198, 166
track:861, 830, 592, 198, 166
track:862, 830, 594, 198, 166
track:863, 832, 600, 198, 166
track:864, 832, 605, 198, 166
track:865, 832, 612, 198, 166
track:866, 832, 611, 198, 166
track:867, 832, 615, 198, 166
track:868, 833, 618, 198, 166
track:869, 834, 619, 198, 166
init :870, 849, 636, 166, 129
track:871, 849, 636, 166, 129
track:872, 850, 637, 166, 129
track:873, 850, 638, 166, 129
track:874, 851, 638, 166, 129
track:875, 856, 641, 158, 123
track:876, 857, 641, 158, 123
track:877, 858, 643, 158, 123
track:878, 859, 643, 158, 123
track:879, 860, 642, 158, 123
track:880, 861, 642, 158, 123
init :881, 863, 643, 147, 124
track:882, 863, 643, 147, 124
track:883, 865, 642, 147, 124
track:884, 867, 642, 147, 124
track:885, 869, 642, 147, 124
track:886, 869, 642, 147, 124
track:887, 870, 644, 147, 124
track:888, 870, 644, 147, 124
track:889, 875, 645, 140, 118
track:890, 877, 643, 140, 118
track:891, 877, 643, 140, 118
init :892, 886, 649, 129, 114
track:893, 886, 648, 129, 114
track:894, 886, 649, 129, 114
track:895, 887, 649, 129, 114
track:896, 888, 649, 129, 114
track:897, 887, 649, 129, 114
track:898, 889, 651, 123, 109
track:899, 886, 650, 123, 109
track:900, 886, 651, 123, 109
track:901, 885, 652, 123, 109
track:902, 884, 654, 123, 109
init :903, 881, 654, 120, 96
track:904, 882, 654, 120, 96
track:905, 883, 655, 120, 96
track:906, 883, 655, 120, 96
track:907, 908, 640, 120, 96
track:908, 912, 639, 120, 96
track:909, 916, 650, 114, 91
track:910, 920, 656, 114, 91
track:911, 918, 656, 114, 91
track:912, 918, 658, 114, 91
track:913, 921, 664, 114, 91
init :914, 807, 568, 286, 259
track:915, 809, 569, 286, 259
track:916, 809, 569, 286, 259
track:917, 810, 571, 286, 259
track:918, 811, 573, 286, 259
track:919, 802, 570, 300, 272
track:920, 800, 571, 300, 272
track:921, 800, 568, 300, 272
track:922, 803, 576, 286, 259
track:923, 798, 575, 286, 259
track:924, 794, 572, 286, 259
init :925, 780, 581, 300, 254
track:926, 780, 581, 300, 254
track:927, 779, 582, 300, 254
track:928, 773, 582, 300, 254
track:929, 770, 581, 300, 254
track:930, 767, 578, 300, 254
track:931, 765, 580, 300, 254
track:932, 765, 577, 300, 254
track:933, 763, 575, 300, 254
track:934, 764, 573, 300, 254
track:935, 764, 571, 300, 254
init :936, 770, 578, 318, 233
track:937, 772, 577, 318, 233
track:938, 775, 574, 318, 233
track:939, 776, 574, 318, 233
track:940, 776, 572, 318, 233
track:941, 775, 571, 318, 233
track:942, 784, 577, 303, 222
track:943, 776, 571, 318, 233
track:944, 777, 570, 318, 233
track:945, 776, 571, 318, 233
track:946, 776, 569, 318, 233
init :947, 766, 571, 341, 231
track:948, 764, 572, 341, 231
track:949, 761, 574, 341, 231
track:950, 759, 573, 341, 231
track:951, 759, 575, 341, 231
track:952, 758, 576, 341, 231
track:953, 755, 578, 341, 231
track:954, 754, 579, 341, 231
track:955, 753, 580, 341, 231
track:956, 751, 581, 341, 231
track:957, 752, 581, 341, 231
init :958, 747, 578, 373, 241
track:959, 745, 580, 373, 241
track:960, 747, 580, 373, 241
track:961, 749, 581, 373, 241
track:962, 747, 582, 373, 241
track:963, 746, 582, 373, 241
track:964, 745, 582, 373, 241
track:965, 745, 582, 373, 241
track:966, 742, 582, 373, 241
track:967, 740, 583, 373, 241
track:968, 735, 584, 373, 241
init :969, 715, 584, 429, 244
track:970, 715, 584, 429, 244
track:971, 713, 585, 429, 244
track:972, 710, 586, 429, 244
track:973, 709, 588, 429, 244
track:974, 702, 587, 429, 244
track:975, 703, 587, 429, 244
track:976, 699, 589, 429, 244
track:977, 697, 589, 429, 244
track:978, 697, 589, 429, 244
track:979, 698, 591, 429, 244
init :980, 692, 584, 466, 249
track:981, 691, 585, 466, 249
track:982, 691, 587, 466, 249
track:983, 694, 587, 466, 249
track:984, 696, 588, 466, 249
track:985, 695, 589, 466, 249
track:986, 695, 591, 466, 249
track:987, 687, 584, 489, 261
track:988, 693, 582, 489, 261
track:989, 698, 583, 489, 261
track:990, 695, 582, 489, 261
init :991, 701, 586, 507, 249
track:992, 702, 587, 507, 249
track:993, 703, 586, 507, 249
track:994, 705, 585, 507, 249
track:995, 704, 585, 507, 249
track:996, 705, 584, 507, 249
track:997, 721, 589, 483, 237
track:998, 721, 587, 483, 237
track:999, 713, 581, 507, 249
track:1000, 713, 579, 507, 249
track:1001, 728, 581, 483, 237
init :1002, 738, 581, 498, 223
track:1003, 741, 580, 498, 223
track:1004, 743, 575, 498, 223
track:1005, 746, 575, 498, 223
track:1006, 745, 574, 498, 223
track:1007, 744, 572, 498, 223
track:1008, 747, 568, 498, 223
track:1009, 743, 568, 498, 223
track:1010, 741, 565, 498, 223
track:1011, 743, 566, 498, 223
track:1012, 756, 569, 474, 212
init :1013, 766, 576, 470, 189
track:1014, 776, 581, 448, 180
track:1015, 776, 581, 448, 180
track:1016, 772, 580, 448, 180
track:1017, 767, 580, 448, 180
track:1018, 766, 581, 448, 180
track:1019, 761, 580, 448, 180
track:1020, 760, 579, 448, 180
track:1021, 758, 580, 448, 180
track:1022, 758, 580, 448, 180
track:1023, 755, 581, 448, 180
init :1024, 756, 578, 447, 176
track:1025, 756, 578, 447, 176
track:1026, 755, 579, 447, 176
track:1027, 752, 580, 447, 176
track:1028, 748, 581, 447, 176
track:1029, 745, 581, 447, 176
track:1030, 733, 579, 469, 185
track:1031, 728, 580, 469, 185
track:1032, 722, 583, 469, 185
track:1033, 727, 587, 447, 176
track:1034, 723, 588, 447, 176
init :1035, 743, 589, 433, 160
track:1036, 740, 590, 433, 160
track:1037, 739, 593, 433, 160
track:1038, 737, 594, 433, 160
track:1039, 744, 597, 433, 160
track:1040, 729, 597, 455, 168
track:1041, 724, 600, 455, 168
track:1042, 724, 602, 455, 168
track:1043, 735, 606, 433, 160
track:1044, 744, 612, 412, 152
track:1045, 744, 611, 412, 152
init :1046, 738, 615, 443, 145
track:1047, 739, 616, 443, 145
track:1048, 730, 613, 465, 152
track:1049, 744, 615, 443, 145
track:1050, 746, 613, 443, 145
track:1051, 749, 611, 443, 145
track:1052, 757, 608, 443, 145
track:1053, 772, 610, 422, 138
track:1054, 768, 607, 443, 145
track:1055, 781, 612, 422, 138
track:1056, 776, 610, 443, 145
init :1057, 789, 610, 452, 145
track:1058, 789, 610, 452, 145
track:1059, 790, 611, 452, 145
track:1060, 791, 611, 452, 145
track:1061, 791, 611, 452, 145
track:1062, 790, 612, 452, 145
track:1063, 788, 613, 452, 145
track:1064, 784, 614, 452, 145
track:1065, 784, 614, 452, 145
track:1066, 777, 613, 452, 145
track:1067, 770, 613, 452, 145
init :1068, 770, 617, 438, 129
track:1069, 763, 618, 438, 129
track:1070, 761, 617, 438, 129
track:1071, 752, 616, 438, 129
track:1072, 740, 615, 438, 129
track:1073, 731, 616, 438, 129
track:1074, 710, 617, 438, 129
track:1075, 709, 617, 438, 129
track:1076, 702, 616, 438, 129
track:1077, 693, 616, 438, 129
track:1078, 671, 615, 460, 135
init :1079, 687, 625, 433, 129
track:1080, 687, 625, 433, 129
track:1081, 680, 625, 433, 129
track:1082, 675, 625, 433, 129
track:1083, 672, 625, 433, 129
track:1084, 673, 625, 433, 129
track:1085, 672, 626, 433, 129
track:1086, 670, 626, 433, 129
track:1087, 659, 623, 455, 135
track:1088, 660, 623, 455, 135
track:1089, 662, 624, 455, 135
init :1090, 669, 628, 447, 137
track:1091, 668, 630, 447, 137
track:1092, 668, 630, 447, 137
track:1093, 669, 630, 447, 137
track:1094, 671, 631, 447, 137
track:1095, 683, 636, 426, 130
track:1096, 673, 632, 447, 137
track:1097, 678, 633, 447, 137
track:1098, 676, 633, 447, 137
track:1099, 689, 635, 426, 130
track:1100, 689, 636, 426, 130
init :1101, 692, 625, 461, 163
track:1102, 692, 624, 461, 163
track:1103, 693, 625, 461, 163
track:1104, 687, 625, 461, 163
track:1105, 701, 629, 439, 155
track:1106, 702, 628, 439, 155
track:1107, 700, 628, 439, 155
track:1108, 699, 629, 439, 155
track:1109, 697, 630, 439, 155
track:1110, 693, 630, 439, 155
track:1111, 689, 633, 439, 155
init :1112, 696, 633, 438, 173
track:1113, 704, 637, 417, 165
track:1114, 701, 637, 417, 165
track:1115, 691, 633, 438, 173
track:1116, 688, 634, 438, 173
track:1117, 669, 628, 460, 182
track:1118, 665, 629, 460, 182
track:1119, 664, 630, 460, 182
track:1120, 664, 628, 460, 182
track:1121, 681, 634, 438, 173
track:1122, 676, 634, 438, 173
init :1123, 710, 628, 383, 189
track:1124, 710, 629, 383, 189
track:1125, 708, 629, 383, 189
track:1126, 716, 632, 365, 180
track:1127, 721, 631, 365, 180
track:1128, 718, 631, 365, 180
track:1129, 716, 625, 383, 189
track:1130, 716, 625, 383, 189
track:1131, 715, 627, 383, 189
track:1132, 721, 628, 383, 189
track:1133, 702, 620, 402, 198
init :1134, 803, 630, 276, 179
track:1135, 803, 630, 276, 179
track:1136, 805, 630, 276, 179
track:1137, 804, 629, 276, 179
track:1138, 804, 628, 276, 179
track:1139, 802, 628, 276, 179
track:1140, 800, 629, 276, 179
track:1141, 791, 629, 276, 179
track:1142, 785, 630, 276, 179
track:1143, 763, 625, 290, 188
track:1144, 742, 625, 290, 188
init :1145, 821, 630, 203, 184
track:1146, 815, 630, 203, 184
track:1147, 808, 631, 203, 184
track:1148, 798, 631, 203, 184
track:1149, 790, 632, 203, 184
track:1150, 789, 632, 203, 184
track:1151, 785, 632, 203, 184
track:1152, 783, 633, 203, 184
track:1153, 781, 633, 203, 184
track:1154, 778, 633, 203, 184
track:1155, 782, 633, 203, 184
init :1156, 780, 633, 240, 181
track:1157, 782, 633, 240, 181
track:1158, 784, 634, 240, 181
track:1159, 787, 632, 240, 181
track:1160, 786, 632, 240, 181
track:1161, 788, 633, 240, 181
track:1162, 789, 632, 240, 181
track:1163, 793, 638, 229, 172
track:1164, 795, 637, 229, 172
track:1165, 793, 639, 229, 172
track:1166, 791, 640, 229, 172
init :1167, 775, 641, 318, 168
track:1168, 775, 641, 318, 168
track:1169, 776, 643, 318, 168
track:1170, 772, 642, 318, 168
track:1171, 777, 645, 303, 160
track:1172, 767, 639, 318, 168
track:1173, 762, 639, 318, 168
track:1174, 762, 638, 318, 168
track:1175, 760, 637, 318, 168
track:1176, 761, 637, 318, 168
track:1177, 765, 636, 318, 168
init :1178, 766, 638, 369, 153
track:1179, 770, 637, 369, 153
track:1180, 770, 636, 369, 153
track:1181, 774, 635, 369, 153
track:1182, 774, 635, 369, 153
track:1183, 780, 634, 369, 153
track:1184, 775, 632, 369, 153
track:1185, 777, 633, 369, 153
track:1186, 777, 632, 369, 153
track:1187, 777, 632, 369, 153
track:1188, 777, 630, 369, 153
init :1189, 789, 633, 387, 132
track:1190, 789, 633, 387, 132
track:1191, 789, 633, 387, 132
track:1192, 786, 632, 387, 132
track:1193, 785, 629, 387, 132
track:1194, 785, 627, 387, 132
track:1195, 785, 625, 387, 132
track:1196, 789, 627, 369, 126
track:1197, 778, 623, 387, 132
track:1198, 775, 621, 387, 132
track:1199, 771, 621, 387, 132
init :1200, 793, 630, 373, 109
track:1201, 792, 629, 373, 109
track:1202, 791, 629, 373, 109
track:1203, 792, 628, 373, 109
track:1204, 803, 629, 355, 104
track:1205, 806, 627, 355, 104
track:1206, 815, 631, 338, 99
track:1207, 820, 631, 338, 99
track:1208, 825, 631, 338, 99
track:1209, 832, 633, 322, 94
track:1210, 831, 631, 338, 99
init :1211, 853, 636, 346, 103
track:1212, 864, 638, 330, 98
track:1213, 866, 639, 330, 98
track:1214, 874, 641, 314, 93
track:1215, 867, 640, 330, 98
track:1216, 867, 641, 330, 98
track:1217, 872, 643, 314, 93
track:1218, 872, 644, 314, 93
track:1219, 871, 645, 314, 93
track:1220, 869, 645, 314, 93
track:1221, 867, 647, 314, 93
init :1222, 886, 651, 304, 98
track:1223, 894, 654, 290, 93
track:1224, 894, 655, 290, 93
track:1225, 901, 658, 276, 89
track:1226, 900, 658, 276, 89
track:1227, 907, 660, 263, 85
track:1228, 899, 659, 276, 89
track:1229, 899, 659, 276, 89
track:1230, 904, 662, 263, 85
track:1231, 904, 663, 263, 85
track:1232, 902, 663, 263, 85
init :1233, 913, 662, 253, 98
track:1234, 913, 662, 253, 98
track:1235, 912, 662, 253, 98
track:1236, 915, 665, 241, 93
track:1237, 911, 665, 241, 93
track:1238, 913, 667, 229, 89
track:1239, 912, 667, 229, 89
track:1240, 919, 668, 219, 85
track:1241, 918, 668, 219, 85
track:1242, 914, 668, 219, 85
track:1243, 913, 669, 219, 85
init :1244, 936, 669, 193, 96
track:1245, 941, 671, 184, 91
track:1246, 938, 671, 184, 91
track:1247, 939, 674, 184, 91
track:1248, 936, 677, 175, 87
track:1249, 940, 678, 167, 83
track:1250, 943, 678, 159, 79
track:1251, 936, 677, 159, 79
track:1252, 932, 675, 159, 79
track:1253, 922, 674, 159, 79
track:1254, 925, 674, 159, 79
init :1255, 950, 667, 133, 85
track:1256, 944, 666, 133, 85
track:1257, 942, 667, 127, 81
track:1258, 940, 666, 127, 81
track:1259, 937, 664, 127, 81
track:1260, 934, 663, 127, 81
track:1261, 926, 662, 127, 81
track:1262, 922, 660, 127, 81
track:1263, 921, 662, 121, 77
track:1264, 921, 663, 121, 77
track:1265, 920, 663, 121, 77
init :1266, 946, 659, 101, 83
track:1267, 946, 658, 101, 83
track:1268, 944, 657, 101, 83
track:1269, 945, 656, 101, 83
track:1270, 941, 656, 101, 83
track:1271, 939, 656, 101, 83
track:1272, 935, 656, 101, 83
track:1273, 931, 657, 96, 79
track:1274, 932, 656, 96, 79
track:1275, 927, 656, 96, 79
track:1276, 923, 655, 96, 79
init :1277, 918, 656, 124, 75
track:1278, 910, 657, 124, 75
track:1279, 911, 658, 124, 75
track:1280, 905, 657, 124, 75
track:1281, 898, 658, 124, 75
track:1282, 890, 660, 124, 75
track:1283, 886, 657, 130, 79
track:1284, 885, 657, 130, 79
track:1285, 877, 660, 124, 75
track:1286, 872, 657, 130, 79
track:1287, 871, 656, 130, 79
init :1288, 872, 659, 143, 72
track:1289, 872, 659, 143, 72
track:1290, 872, 660, 143, 72
track:1291, 869, 660, 143, 72
track:1292, 868, 660, 143, 72
track:1293, 866, 660, 143, 72
track:1294, 866, 659, 143, 72
track:1295, 865, 659, 143, 72
track:1296, 861, 657, 150, 76
track:1297, 861, 657, 150, 76
track:1298, 862, 657, 150, 76
init :1299, 867, 656, 147, 70
track:1300, 865, 657, 147, 70
track:1301, 863, 657, 147, 70
track:1302, 864, 658, 147, 70
track:1303, 863, 658, 147, 70
track:1304, 863, 659, 147, 70
track:1305, 867, 660, 140, 67
track:1306, 868, 661, 140, 67
track:1307, 872, 662, 133, 63
track:1308, 872, 663, 133, 63
track:1309, 871, 663, 133, 63
init :1310, 867, 664, 156, 59
track:1311, 868, 664, 156, 59
track:1312, 868, 664, 156, 59
track:1313, 868, 664, 156, 59
track:1314, 868, 665, 156, 59
track:1315, 868, 665, 156, 59
track:1316, 870, 667, 149, 56
track:1317, 864, 666, 156, 59
track:1318, 862, 667, 156, 59
track:1319, 861, 667, 156, 59
track:1320, 860, 668, 156, 59
init :1321, 858, 672, 166, 54
track:1322, 859, 672, 166, 54
track:1323, 864, 674, 166, 54
track:1324, 867, 675, 158, 51
track:1325, 867, 676, 158, 51
track:1326, 868, 676, 158, 51
track:1327, 867, 676, 166, 54
track:1328, 872, 678, 158, 51
track:1329, 872, 679, 158, 51
track:1330, 871, 679, 158, 51
track:1331, 871, 679, 158, 51
init :1332, 867, 677, 170, 51
track:1333, 865, 677, 170, 51
track:1334, 859, 676, 178, 54
track:1335, 855, 676, 178, 54
track:1336, 850, 677, 178, 54
track:1337, 847, 676, 178, 54
track:1338, 846, 676, 178, 54
track:1339, 849, 677, 170, 51
track:1340, 848, 678, 170, 51
track:1341, 851, 679, 162, 49
track:1342, 850, 679, 162, 49
init :1343, 844, 677, 175, 49
track:1344, 844, 677, 175, 49
track:1345, 844, 677, 175, 49
track:1346, 843, 677, 175, 49
track:1347, 844, 677, 175, 49
track:1348, 844, 677, 175, 49
track:1349, 839, 676, 184, 51
track:1350, 838, 677, 184, 51
track:1351, 837, 677, 184, 51
track:1352, 835, 677, 184, 51
track:1353, 831, 677, 193, 54
init :1354, 849, 682, 175, 49
track:1355, 848, 682, 175, 49
track:1356, 850, 683, 175, 49
track:1357, 851, 683, 175, 49
track:1358, 855, 684, 167, 47
track:1359, 855, 684, 167, 47
track:1360, 855, 685, 167, 47
track:1361, 850, 684, 175, 49
track:1362, 850, 684, 175, 49
track:1363, 855, 686, 167, 47
track:1364, 857, 686, 167, 47
init :1365, 849, 687, 180, 51
track:1366, 850, 687, 180, 51
track:1367, 849, 688, 180, 51
track:1368, 849, 688, 180, 51
track:1369, 850, 688, 180, 51
track:1370, 843, 688, 189, 54
track:1371, 840, 689, 189, 54
track:1372, 834, 688, 198, 56
track:1373, 833, 689, 198, 56
track:1374, 835, 691, 189, 54
track:1375, 839, 692, 180, 51
init :1376, 835, 693, 189, 59
track:1377, 834, 693, 189, 59
track:1378, 829, 694, 189, 59
track:1379, 827, 695, 189, 59
track:1380, 825, 695, 189, 59
track:1381, 820, 697, 189, 59
track:1382, 817, 697, 189, 59
track:1383, 810, 697, 198, 62
track:1384, 813, 699, 189, 59
track:1385, 812, 699, 189, 59
track:1386, 808, 699, 198, 62
init :1387, 812, 700, 198, 62
track:1388, 813, 700, 198, 62
track:1389, 814, 701, 198, 62
track:1390, 816, 701, 198, 62
track:1391, 831, 703, 198, 62
track:1392, 829, 704, 198, 62
track:1393, 832, 705, 198, 62
track:1394, 833, 705, 198, 62
track:1395, 834, 706, 198, 62
track:1396, 835, 706, 198, 62
track:1397, 835, 707, 198, 62
init :1398, 835, 708, 207, 64
track:1399, 835, 708, 207, 64
track:1400, 831, 708, 207, 64
track:1401, 822, 707, 217, 67
track:1402, 815, 709, 217, 67
track:1403, 817, 712, 207, 64
track:1404, 810, 710, 217, 67
track:1405, 808, 710, 217, 67
track:1406, 810, 711, 207, 64
track:1407, 807, 711, 207, 64
track:1408, 806, 712, 207, 64
init :1409, 793, 713, 230, 67
track:1410, 792, 713, 230, 67
track:1411, 791, 713, 230, 67
track:1412, 793, 715, 230, 67
track:1413, 791, 715, 230, 67
track:1414, 791, 715, 230, 67
track:1415, 794, 716, 230, 67
track:1416, 794, 716, 230, 67
track:1417, 793, 717, 230, 67
track:1418, 792, 719, 230, 67
track:1419, 788, 717, 241, 70
init :1420, 789, 719, 249, 77
track:1421, 782, 717, 261, 81
track:1422, 780, 718, 261, 81
track:1423, 781, 718, 261, 81
track:1424, 781, 719, 261, 81
track:1425, 789, 721, 249, 77
track:1426, 789, 721, 249, 77
track:1427, 787, 721, 249, 77
track:1428, 780, 721, 261, 81
track:1429, 780, 721, 261, 81
track:1430, 780, 721, 261, 81
init :1431, 789, 719, 249, 98
track:1432, 793, 720, 237, 93
track:1433, 793, 721, 237, 93
track:1434, 793, 721, 237, 93
track:1435, 790, 723, 237, 93
track:1436, 788, 724, 237, 93
track:1437, 786, 725, 237, 93
track:1438, 781, 724, 249, 98
track:1439, 786, 727, 237, 93
track:1440, 785, 729, 237, 93
track:1441, 782, 730, 237, 93
init :1442, 780, 721, 240, 111
track:1443, 778, 721, 240, 111
track:1444, 776, 721, 240, 111
track:1445, 772, 721, 240, 111
track:1446, 767, 721, 240, 111
track:1447, 757, 717, 252, 117
track:1448, 755, 716, 252, 117
track:1449, 754, 715, 252, 117
track:1450, 759, 717, 240, 111
track:1451, 755, 714, 252, 117
track:1452, 757, 715, 252, 117
init :1453, 784, 711, 230, 135
track:1454, 784, 711, 230, 135
track:1455, 787, 710, 230, 135
track:1456, 792, 710, 230, 135
track:1457, 796, 708, 230, 135
track:1458, 800, 708, 230, 135
track:1459, 802, 709, 230, 135
track:1460, 805, 710, 230, 135
track:1461, 808, 710, 230, 135
track:1462, 816, 713, 219, 129
track:1463, 815, 714, 219, 129
init :1464, 835, 708, 198, 150
track:1465, 837, 707, 198, 150
track:1466, 837, 707, 198, 150
track:1467, 837, 706, 198, 150
track:1468, 838, 707, 198, 150
track:1469, 833, 706, 198, 150
track:1470, 831, 705, 198, 150
track:1471, 834, 708, 189, 143
track:1472, 824, 700, 198, 150
track:1473, 823, 699, 198, 150
track:1474, 822, 697, 198, 150
init :1475, 849, 685, 156, 158
track:1476, 849, 685, 156, 158
track:1477, 850, 684, 156, 158
track:1478, 850, 684, 156, 158
track:1479, 849, 683, 156, 158
track:1480, 848, 680, 156, 158
track:1481, 849, 676, 156, 158
track:1482, 855, 674, 156, 158
track:1483, 855, 673, 156, 158
track:1484, 860, 672, 156, 158
track:1485, 863, 674, 149, 150
init :1486, 858, 654, 230, 168
track:1487, 862, 654, 230, 168
track:1488, 864, 654, 230, 168
track:1489, 869, 653, 230, 168
track:1490, 871, 651, 230, 168
track:1491, 873, 650, 230, 168
track:1492, 875, 647, 230, 168
track:1493, 873, 646, 230, 168
track:1494, 868, 640, 241, 176
track:1495, 867, 636, 241, 176
track:1496, 866, 638, 230, 168
init :1497, 849, 646, 300, 140
track:1498, 849, 646, 300, 140
track:1499, 846, 644, 300, 140
track:1500, 842, 641, 300, 140
track:1501, 834, 638, 300, 140
track:1502, 829, 636, 300, 140
track:1503, 830, 635, 300, 140
track:1504, 827, 633, 300, 140
track:1505, 826, 629, 300, 140
track:1506, 827, 625, 300, 140
track:1507, 821, 622, 300, 140
init :1508, 826, 628, 309, 122
track:1509, 834, 631, 294, 116
track:1510, 828, 627, 309, 122
track:1511, 825, 623, 309, 122
track:1512, 820, 621, 309, 122
track:1513, 818, 620, 309, 122
track:1514, 805, 619, 309, 122
track:1515, 791, 621, 294, 116
track:1516, 761, 622, 294, 116
track:1517, 736, 623, 294, 116
track:1518, 737, 624, 294, 116
init :1519, 724, 623, 286, 109
track:1520, 701, 623, 286, 109
track:1521, 679, 624, 286, 109
track:1522, 675, 627, 272, 104
track:1523, 674, 627, 272, 104
track:1524, 666, 628, 272, 104
track:1525, 664, 628, 272, 104
track:1526, 667, 629, 272, 104
track:1527, 664, 625, 286, 109
track:1528, 672, 628, 272, 104
track:1529, 703, 630, 259, 99
init :1530, 729, 633, 253, 88
track:1531, 756, 633, 253, 88
track:1532, 783, 633, 253, 88
track:1533, 788, 636, 241, 84
track:1534, 817, 637, 229, 80
track:1535, 840, 637, 229, 80
track:1536, 862, 637, 229, 80
track:1537, 880, 637, 229, 80
track:1538, 884, 640, 219, 76
track:1539, 895, 640, 219, 76
track:1540, 900, 641, 219, 76
init :1541, 909, 643, 230, 75
track:1542, 909, 643, 230, 75
track:1543, 909, 643, 230, 75
track:1544, 909, 644, 230, 75
track:1545, 905, 645, 230, 75
track:1546, 901, 646, 230, 75
track:1547, 893, 648, 230, 75
track:1548, 891, 650, 230, 75
track:1549, 890, 653, 219, 71
track:1550, 876, 655, 219, 71
track:1551, 872, 656, 219, 71
init :1552, 872, 662, 212, 72
track:1553, 872, 662, 212, 72
track:1554, 869, 664, 212, 72
track:1555, 874, 666, 202, 69
track:1556, 873, 667, 202, 69
track:1557, 874, 668, 202, 69
track:1558, 876, 668, 202, 69
track:1559, 879, 669, 202, 69
track:1560, 882, 669, 202, 69
track:1561, 885, 668, 202, 69
track:1562, 889, 669, 202, 69
init :1563, 904, 669, 189, 72
track:1564, 910, 671, 180, 69
track:1565, 910, 671, 180, 69
track:1566, 909, 672, 180, 69
track:1567, 909, 671, 180, 69
track:1568, 908, 671, 180, 69
track:1569, 911, 674, 171, 65
track:1570, 909, 674, 171, 65
track:1571, 906, 674, 171, 65
track:1572, 903, 675, 171, 65
track:1573, 904, 674, 171, 65
init :1574, 913, 672, 156, 75
track:1575, 911, 672, 156, 75
track:1576, 907, 673, 156, 75
track:1577, 906, 673, 156, 75
track:1578, 904, 673, 156, 75
track:1579, 905, 676, 149, 71
track:1580, 904, 678, 141, 68
track:1581, 900, 679, 141, 68
track:1582, 900, 680, 141, 68
track:1583, 897, 679, 141, 68
track:1584, 896, 678, 141, 68
init :1585, 900, 677, 138, 72
track:1586, 900, 677, 138, 72
track:1587, 902, 679, 131, 69
track:1588, 902, 678, 131, 69
track:1589, 899, 677, 138, 72
track:1590, 899, 678, 138, 72
track:1591, 902, 679, 131, 69
track:1592, 901, 680, 131, 69
track:1593, 900, 679, 131, 69
track:1594, 900, 680, 131, 69
track:1595, 897, 680, 131, 69
init :1596, 913, 680, 106, 72
track:1599, 912, 681, 106, 72
track:1600, 911, 682, 106, 72
track:1601, 909, 681, 106, 72
track:1602, 907, 681, 106, 72
track:1603, 909, 683, 101, 69
track:1604, 906, 682, 101, 69
track:1605, 906, 684, 96, 65
track:1606, 904, 685, 96, 65
init :1607, 913, 682, 87, 72
track:1608, 913, 682, 87, 72
elapseTime: 21.082
