init :7, 821, 630, 235, 197
track:8, 821, 630, 235, 197
track:9, 822, 630, 235, 197
track:10, 821, 631, 235, 197
track:11, 823, 630, 235, 197
track:12, 823, 630, 235, 197
track:13, 824, 630, 235, 197
track:14, 824, 630, 235, 197
track:15, 824, 630, 235, 197
track:16, 825, 630, 235, 197
track:17, 826, 630, 235, 197
track:18, 825, 630, 235, 197
track:19, 825, 629, 235, 197
track:20, 821, 626, 247, 207
track:21, 820, 626, 247, 207
track:22, 827, 631, 235, 197
init :23, 826, 633, 230, 197
track:24, 826, 633, 230, 197
track:25, 826, 633, 230, 197
track:26, 827, 633, 230, 197
track:27, 827, 632, 230, 197
track:28, 827, 632, 230, 197
track:29, 827, 633, 230, 197
track:30, 828, 632, 230, 197
track:31, 828, 632, 230, 197
track:32, 827, 633, 230, 197
track:33, 828, 633, 230, 197
track:34, 828, 632, 230, 197
track:35, 828, 633, 230, 197
track:36, 828, 634, 230, 197
track:37, 822, 627, 241, 207
track:38, 827, 632, 230, 197
track:39, 827, 632, 230, 197
track:40, 827, 632, 230, 197
track:41, 827, 632, 230, 197
track:42, 827, 632, 230, 197
track:43, 827, 632, 230, 197
track:44, 828, 633, 230, 197
init :45, 826, 630, 240, 197
track:46, 826, 630, 240, 197
track:48, 826, 629, 240, 197
track:49, 826, 629, 240, 197
track:50, 826, 629, 240, 197
track:51, 826, 628, 240, 197
track:52, 826, 629, 240, 197
track:53, 828, 629, 240, 197
track:54, 827, 628, 240, 197
track:55, 827, 628, 240, 197
track:56, 826, 629, 240, 197
track:57, 826, 628, 240, 197
track:58, 826, 628, 240, 197
track:59, 827, 628, 240, 197
track:60, 827, 628, 240, 197
track:61, 827, 627, 240, 197
track:62, 826, 629, 240, 197
track:63, 826, 628, 240, 197
track:64, 825, 628, 240, 197
track:65, 825, 628, 240, 197
track:66, 825, 628, 240, 197
init :67, 826, 630, 240, 197
track:68, 826, 630, 240, 197
track:69, 826, 629, 240, 197
track:70, 826, 629, 240, 197
track:71, 825, 628, 240, 197
track:72, 826, 630, 240, 197
track:73, 826, 629, 240, 197
track:74, 826, 629, 240, 197
track:75, 826, 630, 240, 197
track:76, 825, 629, 240, 197
track:77, 826, 629, 240, 197
track:78, 826, 629, 240, 197
track:79, 826, 629, 240, 197
track:80, 826, 629, 240, 197
track:81, 826, 629, 240, 197
track:82, 826, 629, 240, 197
track:83, 825, 630, 240, 197
track:84, 825, 629, 240, 197
track:85, 826, 630, 240, 197
track:86, 825, 629, 240, 197
track:87, 825, 630, 240, 197
track:88, 825, 629, 240, 197
init :89, 826, 633, 240, 197
track:90, 826, 633, 240, 197
track:91, 827, 633, 240, 197
track:92, 827, 633, 240, 197
track:93, 827, 634, 240, 197
track:94, 827, 633, 240, 197
track:95, 827, 633, 240, 197
track:96, 828, 633, 240, 197
track:97, 829, 632, 240, 197
track:98, 829, 632, 240, 197
track:99, 829, 631, 240, 197
track:100, 829, 631, 240, 197
track:101, 830, 632, 240, 197
track:102, 831, 631, 240, 197
track:103, 832, 629, 240, 197
track:104, 831, 628, 240, 197
track:105, 832, 628, 240, 197
track:106, 833, 628, 240, 197
track:107, 834, 626, 240, 197
track:108, 834, 624, 240, 197
track:109, 834, 623, 240, 197
track:110, 835, 622, 240, 197
init :111, 840, 625, 221, 181
track:112, 840, 624, 221, 181
track:113, 841, 622, 221, 181
track:114, 841, 622, 221, 181
track:115, 842, 621, 221, 181
track:116, 843, 619, 221, 181
track:117, 844, 615, 221, 181
track:120, 844, 613, 221, 181
track:121, 846, 611, 221, 181
track:122, 847, 610, 221, 181
track:123, 851, 612, 210, 172
track:124, 852, 611, 210, 172
track:125, 849, 609, 210, 172
track:126, 849, 605, 210, 172
track:127, 847, 604, 210, 172
track:128, 846, 604, 210, 172
track:129, 846, 605, 210, 172
track:130, 850, 610, 200, 164
track:131, 852, 611, 200, 164
track:132, 855, 614, 200, 164
init :133, 863, 617, 180, 163
track:134, 863, 617, 180, 163
track:135, 862, 619, 180, 163
track:136, 863, 619, 180, 163
track:137, 864, 622, 180, 163
track:138, 865, 622, 180, 163
track:139, 865, 623, 180, 163
track:140, 869, 626, 171, 155
track:141, 869, 626, 171, 155
track:142, 867, 626, 171, 155
track:143, 861, 623, 180, 163
track:144, 860, 623, 180, 163
track:145, 857, 627, 180, 163
track:146, 857, 628, 180, 163
track:147, 858, 629, 180, 163
track:148, 858, 632, 180, 163
track:149, 858, 631, 180, 163
track:150, 860, 634, 180, 163
track:151, 859, 637, 180, 163
track:152, 860, 640, 180, 163
track:153, 860, 643, 180, 163
track:154, 860, 643, 180, 163
init :155, 863, 649, 175, 158
track:156, 863, 649, 175, 158
track:157, 864, 651, 175, 158
track:158, 865, 652, 175, 158
track:159, 865, 652, 175, 158
track:160, 870, 656, 167, 150
track:161, 868, 656, 167, 150
track:162, 866, 655, 167, 150
track:163, 864, 656, 167, 150
track:164, 864, 656, 167, 150
track:165, 864, 657, 167, 150
track:166, 864, 658, 167, 150
track:167, 865, 657, 167, 150
track:168, 864, 657, 167, 150
track:169, 865, 657, 167, 150
track:170, 866, 656, 167, 150
track:171, 867, 655, 167, 150
track:172, 867, 653, 167, 150
track:173, 868, 654, 167, 150
track:174, 868, 654, 167, 150
track:175, 865, 654, 167, 150
track:176, 863, 654, 167, 150
init :177, 863, 651, 161, 155
track:178, 864, 651, 161, 155
track:179, 864, 652, 161, 155
track:180, 865, 654, 161, 155
track:181, 865, 655, 161, 155
track:182, 867, 658, 161, 155
track:183, 868, 660, 161, 155
track:184, 870, 661, 161, 155
track:185, 869, 662, 161, 155
track:186, 867, 661, 161, 155
track:187, 865, 656, 161, 155
track:188, 860, 653, 161, 155
track:189, 860, 653, 161, 155
track:190, 857, 651, 161, 155
track:191, 857, 649, 161, 155
track:192, 857, 644, 161, 155
track:193, 855, 643, 161, 155
track:194, 854, 642, 161, 155
track:195, 857, 641, 161, 155
track:196, 857, 640, 161, 155
track:197, 858, 638, 161, 155
track:198, 855, 637, 161, 155
init :199, 858, 636, 161, 150
track:200, 857, 638, 161, 150
track:201, 855, 638, 161, 150
track:202, 854, 637, 161, 150
track:203, 854, 635, 161, 150
track:204, 854, 635, 161, 150
track:205, 854, 634, 161, 150
track:206, 855, 633, 161, 150
track:207, 854, 631, 161, 150
track:208, 853, 630, 161, 150
track:209, 851, 628, 161, 150
track:210, 850, 626, 161, 150
track:211, 850, 624, 161, 150
track:212, 850, 622, 161, 150
track:213, 848, 620, 161, 150
track:214, 849, 619, 161, 150
track:215, 850, 617, 161, 150
track:216, 849, 616, 161, 150
track:217, 852, 620, 153, 143
track:218, 853, 620, 153, 143
track:219, 852, 622, 153, 143
track:220, 851, 624, 153, 143
init :221, 849, 638, 143, 122
track:222, 849, 640, 143, 122
track:223, 850, 640, 143, 122
track:224, 849, 642, 143, 122
track:225, 849, 645, 143, 122
track:226, 849, 645, 143, 122
track:227, 849, 646, 143, 122
track:228, 850, 646, 143, 122
track:229, 852, 650, 136, 116
track:230, 852, 650, 136, 116
track:231, 853, 649, 136, 116
track:232, 852, 646, 136, 116
track:233, 851, 645, 136, 116
track:234, 851, 645, 136, 116
track:235, 853, 647, 130, 111
track:236, 855, 646, 130, 111
track:237, 857, 646, 130, 111
track:238, 857, 647, 130, 111
track:239, 858, 649, 130, 111
track:240, 859, 650, 130, 111
track:241, 859, 651, 130, 111
track:242, 859, 651, 130, 111
init :243, 863, 651, 120, 98
track:244, 863, 651, 120, 98
track:245, 863, 654, 120, 98
track:246, 863, 654, 120, 98
track:247, 864, 654, 120, 98
track:248, 863, 655, 120, 98
track:249, 863, 656, 120, 98
track:250, 863, 658, 120, 98
track:251, 864, 660, 120, 98
track:252, 865, 660, 120, 98
track:253, 865, 661, 120, 98
track:254, 867, 664, 120, 98
track:255, 867, 667, 120, 98
track:256, 867, 668, 120, 98
track:257, 868, 672, 120, 98
track:258, 868, 672, 120, 98
track:259, 868, 673, 120, 98
track:260, 869, 674, 120, 98
track:261, 869, 675, 120, 98
track:262, 865, 673, 126, 103
track:263, 865, 674, 126, 103
track:264, 865, 676, 126, 103
init :265, 867, 680, 124, 96
track:266, 867, 681, 124, 96
track:267, 868, 683, 124, 96
track:268, 868, 684, 124, 96
track:269, 868, 685, 124, 96
track:270, 868, 687, 124, 96
track:271, 866, 688, 130, 101
track:272, 867, 691, 130, 101
track:273, 867, 692, 130, 101
track:274, 868, 694, 130, 101
track:275, 868, 696, 130, 101
track:276, 865, 697, 137, 106
track:277, 868, 700, 137, 106
track:278, 864, 697, 144, 111
track:279, 864, 697, 144, 111
track:280, 863, 694, 151, 117
track:281, 862, 693, 151, 117
track:282, 865, 694, 151, 117
track:283, 866, 695, 151, 117
track:284, 868, 697, 151, 117
track:285, 869, 698, 151, 117
track:286, 871, 697, 151, 117
init :287, 867, 682, 161, 140
track:288, 867, 682, 161, 140
track:289, 867, 679, 161, 140
track:290, 864, 672, 169, 147
track:291, 863, 665, 169, 147
track:292, 865, 660, 169, 147
track:293, 865, 659, 169, 147
track:294, 862, 654, 178, 154
track:295, 865, 651, 178, 154
track:296, 866, 651, 178, 154
track:297, 864, 651, 178, 154
track:298, 860, 649, 186, 162
track:299, 855, 646, 196, 170
track:300, 848, 643, 205, 179
track:301, 841, 640, 216, 188
track:302, 840, 644, 216, 188
track:303, 840, 646, 216, 188
track:304, 834, 646, 227, 197
track:305, 825, 644, 238, 207
track:306, 818, 638, 250, 217
track:307, 811, 630, 262, 228
track:308, 812, 630, 262, 228
init :309, 821, 628, 258, 223
track:310, 819, 622, 258, 223
track:311, 817, 608, 258, 223
track:312, 825, 605, 246, 212
track:313, 818, 599, 258, 223
track:314, 825, 597, 246, 212
track:315, 824, 588, 246, 212
track:316, 824, 577, 246, 212
track:317, 831, 576, 234, 202
track:318, 831, 575, 234, 202
track:319, 832, 574, 234, 202
track:320, 838, 566, 234, 202
track:321, 841, 559, 234, 202
track:322, 847, 562, 223, 193
track:323, 846, 562, 223, 193
track:324, 852, 571, 212, 183
track:325, 856, 573, 202, 175
track:326, 855, 562, 202, 175
track:327, 852, 562, 202, 175
track:328, 852, 562, 202, 175
track:329, 850, 572, 202, 175
track:330, 849, 579, 202, 175
init :331, 849, 589, 198, 176
track:332, 852, 596, 189, 168
track:333, 852, 596, 189, 168
track:334, 846, 594, 198, 176
track:335, 846, 596, 198, 176
track:336, 845, 598, 198, 176
track:337, 846, 599, 198, 176
track:338, 847, 599, 198, 176
track:339, 847, 595, 198, 176
track:340, 853, 597, 189, 168
track:341, 853, 597, 189, 168
track:342, 853, 596, 189, 168
track:343, 853, 596, 189, 168
track:344, 852, 595, 189, 168
track:345, 858, 595, 180, 160
track:346, 857, 596, 180, 160
track:347, 859, 597, 180, 160
track:348, 857, 598, 180, 160
track:349, 861, 603, 171, 152
track:350, 862, 607, 171, 152
track:351, 862, 610, 171, 152
track:352, 868, 617, 163, 145
init :353, 872, 628, 147, 119
track:354, 871, 630, 147, 119
track:355, 872, 631, 147, 119
track:356, 871, 632, 147, 119
track:357, 875, 635, 140, 113
track:358, 873, 635, 140, 113
track:359, 874, 636, 140, 113
track:360, 874, 636, 140, 113
track:361, 872, 637, 140, 113
track:362, 874, 638, 133, 108
track:363, 875, 638, 133, 108
track:364, 874, 639, 133, 108
track:365, 874, 640, 133, 108
track:366, 875, 643, 127, 103
track:367, 874, 643, 127, 103
track:368, 874, 644, 127, 103
track:369, 874, 644, 127, 103
track:370, 876, 650, 121, 98
track:371, 876, 658, 121, 98
track:372, 875, 661, 121, 98
track:373, 875, 661, 121, 98
track:374, 874, 662, 121, 98
init :375, 867, 662, 124, 101
track:376, 866, 662, 124, 101
track:377, 864, 663, 124, 101
track:378, 863, 664, 124, 101
track:379, 863, 665, 124, 101
track:380, 863, 665, 124, 101
track:381, 863, 664, 124, 101
track:382, 861, 664, 124, 101
track:383, 860, 664, 124, 101
track:384, 858, 663, 124, 101
track:385, 857, 662, 124, 101
track:386, 858, 662, 124, 101
track:387, 858, 662, 124, 101
track:388, 858, 662, 124, 101
track:389, 857, 661, 124, 101
track:390, 856, 661, 124, 101
track:391, 856, 664, 124, 101
track:392, 860, 668, 118, 96
track:393, 860, 669, 118, 96
track:394, 860, 669, 118, 96
track:395, 861, 675, 118, 96
track:396, 862, 677, 118, 96
init :397, 867, 687, 110, 77
track:398, 867, 687, 110, 77
track:399, 869, 691, 110, 77
track:400, 870, 696, 110, 77
track:401, 871, 702, 110, 77
track:402, 872, 705, 110, 77
track:403, 873, 706, 110, 77
track:404, 873, 708, 110, 77
track:405, 874, 708, 110, 77
track:406, 874, 708, 110, 77
track:407, 875, 708, 110, 77
track:408, 875, 708, 110, 77
track:409, 875, 706, 110, 77
track:410, 876, 705, 110, 77
track:411, 877, 701, 110, 77
track:412, 881, 701, 105, 73
track:413, 878, 699, 110, 77
track:414, 878, 698, 110, 77
track:415, 878, 700, 110, 77
track:416, 878, 701, 110, 77
track:417, 878, 702, 110, 77
track:418, 879, 702, 110, 77
init :419, 881, 698, 101, 83
track:420, 877, 697, 106, 87
track:421, 876, 697, 106, 87
track:422, 876, 696, 106, 87
track:423, 876, 696, 106, 87
track:424, 876, 691, 106, 87
track:425, 875, 690, 106, 87
track:426, 874, 688, 106, 87
track:427, 873, 687, 106, 87
track:428, 872, 686, 106, 87
track:429, 872, 687, 106, 87
track:430, 871, 687, 106, 87
track:431, 871, 687, 106, 87
track:432, 870, 687, 106, 87
track:433, 870, 687, 106, 87
track:434, 869, 686, 106, 87
track:435, 868, 687, 106, 87
track:436, 867, 688, 106, 87
track:437, 867, 689, 106, 87
track:438, 867, 689, 106, 87
track:439, 868, 691, 106, 87
track:440, 869, 692, 106, 87
init :441, 867, 693, 115, 88
track:442, 868, 694, 115, 88
track:443, 868, 694, 115, 88
track:444, 867, 695, 115, 88
track:445, 867, 696, 115, 88
track:446, 867, 697, 115, 88
track:447, 868, 696, 115, 88
track:448, 868, 696, 115, 88
track:449, 867, 695, 115, 88
track:450, 868, 695, 115, 88
track:451, 869, 696, 115, 88
track:452, 870, 698, 115, 88
track:453, 867, 696, 121, 92
track:454, 868, 697, 121, 92
track:455, 869, 697, 121, 92
track:456, 870, 697, 121, 92
track:457, 869, 698, 121, 92
track:458, 869, 697, 121, 92
track:459, 869, 696, 121, 92
track:460, 869, 694, 121, 92
track:461, 869, 694, 121, 92
track:462, 869, 694, 121, 92
init :463, 867, 687, 124, 101
track:464, 866, 685, 124, 101
track:465, 866, 682, 124, 101
track:466, 867, 683, 124, 101
track:467, 867, 683, 124, 101
track:468, 866, 684, 124, 101
track:469, 866, 685, 124, 101
track:470, 868, 687, 124, 101
track:471, 866, 684, 130, 106
track:472, 866, 684, 130, 106
track:473, 867, 687, 130, 106
track:474, 867, 689, 130, 106
track:475, 869, 689, 130, 106
track:476, 867, 686, 137, 111
track:477, 864, 683, 144, 117
track:478, 866, 682, 144, 117
track:479, 867, 679, 144, 117
track:480, 866, 671, 151, 123
track:481, 868, 667, 151, 123
track:482, 868, 666, 151, 123
track:483, 870, 658, 151, 123
track:484, 873, 657, 151, 123
init :485, 876, 656, 156, 140
track:486, 875, 660, 156, 140
track:487, 875, 660, 156, 140
track:488, 875, 666, 156, 140
track:490, 869, 665, 164, 147
track:491, 866, 667, 164, 147
track:492, 865, 668, 164, 147
track:493, 863, 667, 164, 147
track:494, 861, 667, 164, 147
track:495, 858, 660, 164, 147
track:496, 857, 655, 164, 147
track:497, 856, 655, 164, 147
track:498, 855, 652, 164, 147
track:499, 854, 648, 164, 147
track:500, 854, 644, 164, 147
track:501, 853, 639, 164, 147
track:502, 853, 640, 164, 147
track:503, 853, 636, 164, 147
track:504, 853, 635, 164, 147
track:505, 852, 634, 164, 147
track:506, 851, 634, 164, 147
init :507, 853, 630, 156, 137
track:508, 853, 629, 156, 137
track:509, 853, 624, 156, 137
track:510, 853, 622, 156, 137
track:511, 852, 620, 156, 137
track:512, 852, 620, 156, 137
track:513, 851, 620, 156, 137
track:514, 851, 621, 156, 137
track:515, 852, 622, 156, 137
track:516, 856, 623, 149, 130
track:517, 856, 623, 149, 130
track:518, 855, 620, 149, 130
track:519, 855, 620, 149, 130
track:520, 856, 620, 149, 130
track:521, 857, 618, 149, 130
track:522, 857, 618, 149, 130
track:523, 856, 620, 149, 130
track:524, 857, 623, 149, 130
track:525, 861, 627, 141, 124
track:526, 862, 628, 141, 124
track:527, 867, 630, 135, 118
track:528, 866, 630, 135, 118
init :529, 867, 636, 138, 98
track:530, 868, 635, 138, 98
track:531, 868, 634, 138, 98
track:532, 869, 635, 138, 98
track:533, 870, 637, 138, 98
track:534, 871, 637, 138, 98
track:535, 870, 638, 138, 98
track:536, 870, 641, 138, 98
track:537, 871, 641, 138, 98
track:538, 874, 644, 131, 93
track:539, 877, 648, 125, 89
track:540, 877, 648, 125, 89
track:543, 875, 649, 125, 89
track:544, 874, 649, 125, 89
track:546, 875, 655, 119, 85
track:547, 876, 656, 119, 85
track:548, 874, 659, 119, 85
track:549, 873, 661, 119, 85
track:550, 873, 663, 119, 85
init :551, 872, 664, 106, 85
track:552, 872, 664, 106, 85
track:553, 872, 664, 106, 85
track:554, 871, 663, 106, 85
track:555, 871, 664, 106, 85
track:556, 871, 665, 106, 85
track:557, 874, 667, 101, 81
track:558, 870, 669, 106, 85
track:559, 870, 673, 106, 85
track:560, 871, 675, 106, 85
track:561, 871, 679, 106, 85
track:562, 871, 680, 106, 85
track:563, 870, 681, 106, 85
track:564, 872, 684, 101, 81
track:565, 873, 686, 101, 81
track:566, 872, 688, 101, 81
track:567, 872, 689, 101, 81
track:568, 873, 690, 101, 81
track:569, 874, 692, 101, 81
track:570, 872, 694, 101, 81
track:571, 873, 697, 101, 81
track:572, 873, 698, 101, 81
init :573, 872, 700, 106, 83
track:574, 873, 701, 106, 83
track:575, 873, 701, 106, 83
track:576, 872, 699, 106, 83
track:577, 873, 699, 106, 83
track:578, 871, 695, 111, 87
track:579, 871, 692, 111, 87
track:580, 872, 692, 111, 87
track:581, 873, 693, 111, 87
track:582, 872, 692, 111, 87
track:583, 871, 695, 111, 87
track:584, 872, 696, 111, 87
track:585, 870, 696, 111, 87
track:586, 871, 696, 111, 87
track:587, 871, 697, 111, 87
track:588, 872, 697, 111, 87
track:589, 872, 696, 111, 87
track:590, 871, 696, 111, 87
track:591, 869, 696, 111, 87
track:592, 866, 695, 117, 92
track:593, 866, 693, 117, 92
track:594, 866, 691, 117, 92
init :595, 872, 685, 110, 85
track:596, 871, 683, 110, 85
track:597, 870, 683, 110, 85
track:598, 870, 678, 110, 85
track:599, 870, 673, 110, 85
track:600, 870, 669, 110, 85
track:601, 871, 668, 110, 85
track:602, 871, 668, 110, 85
track:603, 871, 668, 110, 85
track:604, 870, 662, 110, 85
track:605, 870, 659, 110, 85
track:606, 870, 658, 110, 85
track:607, 870, 659, 110, 85
track:608, 870, 658, 110, 85
track:609, 871, 658, 110, 85
track:610, 871, 660, 110, 85
track:611, 871, 662, 110, 85
track:612, 870, 663, 110, 85
track:613, 870, 666, 110, 85
track:614, 871, 668, 110, 85
track:615, 871, 671, 110, 85
track:616, 870, 673, 110, 85
init :617, 863, 667, 129, 103
track:618, 860, 663, 135, 108
track:619, 859, 662, 135, 108
track:620, 861, 661, 135, 108
track:621, 862, 661, 135, 108
track:622, 862, 661, 135, 108
track:623, 861, 660, 135, 108
track:624, 860, 658, 135, 108
track:625, 861, 658, 135, 108
track:626, 862, 659, 135, 108
track:627, 862, 660, 135, 108
track:628, 863, 660, 135, 108
track:629, 862, 660, 135, 108
track:630, 862, 657, 135, 108
track:631, 862, 656, 135, 108
track:632, 862, 656, 135, 108
track:633, 864, 659, 135, 108
track:634, 861, 660, 142, 114
track:635, 861, 663, 142, 114
track:636, 862, 664, 142, 114
track:637, 863, 664, 142, 114
track:638, 864, 665, 142, 114
init :639, 863, 667, 147, 111
track:640, 863, 666, 147, 111
track:641, 863, 664, 147, 111
track:642, 863, 665, 147, 111
track:643, 862, 663, 147, 111
track:644, 863, 662, 147, 111
track:645, 866, 655, 140, 106
track:646, 867, 654, 140, 106
track:647, 868, 654, 140, 106
track:648, 871, 655, 133, 101
track:649, 868, 653, 140, 106
track:650, 870, 654, 140, 106
track:651, 871, 653, 140, 106
track:652, 871, 653, 140, 106
track:653, 876, 655, 133, 101
track:654, 876, 656, 133, 101
track:655, 877, 659, 133, 101
track:656, 878, 662, 133, 101
track:657, 879, 663, 133, 101
track:658, 880, 665, 133, 101
track:659, 882, 664, 133, 101
track:660, 881, 664, 133, 101
init :661, 876, 662, 143, 111
track:662, 876, 662, 143, 111
track:663, 877, 662, 143, 111
track:664, 878, 660, 143, 111
track:665, 880, 659, 143, 111
track:666, 880, 657, 143, 111
track:667, 875, 654, 150, 117
track:668, 876, 652, 150, 117
track:669, 877, 652, 150, 117
track:670, 877, 652, 150, 117
track:671, 875, 652, 150, 117
track:672, 874, 653, 150, 117
track:673, 872, 653, 150, 117
track:674, 870, 651, 150, 117
track:675, 871, 650, 150, 117
track:676, 870, 650, 150, 117
track:677, 873, 651, 143, 111
track:678, 871, 654, 143, 111
track:679, 871, 664, 143, 111
track:680, 872, 671, 143, 111
track:681, 872, 673, 143, 111
track:682, 872, 673, 143, 111
init :683, 867, 669, 143, 114
track:684, 866, 669, 143, 114
track:685, 866, 672, 143, 114
track:686, 867, 675, 143, 114
track:687, 867, 675, 143, 114
track:688, 867, 675, 143, 114
track:689, 864, 674, 143, 114
track:690, 864, 672, 143, 114
track:691, 863, 670, 143, 114
track:692, 864, 670, 143, 114
track:693, 863, 669, 143, 114
track:694, 863, 668, 143, 114
track:695, 864, 667, 143, 114
track:696, 863, 666, 143, 114
track:697, 862, 666, 143, 114
track:698, 860, 664, 143, 114
track:699, 858, 664, 143, 114
track:700, 857, 665, 143, 114
track:701, 858, 667, 143, 114
track:702, 857, 667, 143, 114
track:703, 857, 671, 143, 114
track:704, 856, 676, 143, 114
init :705, 853, 677, 147, 124
track:706, 853, 678, 147, 124
track:707, 853, 678, 147, 124
track:708, 851, 680, 147, 124
track:709, 852, 680, 147, 124
track:710, 852, 679, 147, 124
track:711, 852, 678, 147, 124
track:712, 852, 676, 147, 124
track:713, 852, 675, 147, 124
track:714, 851, 674, 147, 124
track:715, 851, 676, 147, 124
track:716, 851, 676, 147, 124
track:717, 851, 677, 147, 124
track:718, 852, 678, 147, 124
track:719, 849, 675, 154, 130
track:720, 849, 675, 154, 130
track:721, 850, 675, 154, 130
track:722, 850, 675, 154, 130
track:723, 851, 674, 154, 130
track:724, 850, 671, 154, 130
track:725, 848, 666, 162, 137
track:726, 848, 665, 162, 137
init :727, 853, 667, 152, 122
track:728, 854, 664, 152, 122
track:729, 854, 661, 152, 122
track:730, 855, 660, 152, 122
track:731, 855, 658, 152, 122
track:732, 856, 658, 152, 122
track:733, 855, 657, 152, 122
track:734, 856, 652, 152, 122
track:735, 857, 646, 152, 122
track:736, 854, 644, 160, 128
track:737, 855, 642, 160, 128
track:738, 854, 641, 160, 128
track:739, 853, 641, 160, 128
track:740, 854, 642, 160, 128
track:741, 855, 643, 160, 128
track:742, 855, 644, 160, 128
track:743, 853, 644, 160, 128
track:744, 853, 644, 160, 128
track:745, 853, 642, 160, 128
track:746, 854, 642, 160, 128
track:747, 855, 640, 160, 128
track:748, 855, 631, 160, 128
init :749, 849, 628, 166, 114
track:750, 848, 629, 166, 114
track:751, 848, 629, 166, 114
track:752, 847, 631, 166, 114
track:753, 849, 632, 166, 114
track:754, 850, 633, 166, 114
track:755, 852, 633, 166, 114
track:756, 852, 633, 166, 114
track:757, 852, 633, 166, 114
track:758, 852, 630, 166, 114
track:759, 852, 631, 166, 114
track:760, 852, 635, 166, 114
track:761, 852, 636, 166, 114
track:762, 855, 637, 166, 114
track:763, 858, 636, 166, 114
track:764, 860, 636, 166, 114
track:765, 858, 637, 166, 114
track:766, 857, 637, 166, 114
track:767, 855, 638, 166, 114
track:768, 856, 640, 166, 114
track:769, 856, 641, 166, 114
track:770, 864, 651, 158, 109
init :771, 867, 643, 147, 132
track:772, 868, 643, 147, 132
track:773, 868, 642, 147, 132
track:774, 869, 642, 147, 132
track:775, 869, 643, 147, 132
track:776, 870, 643, 147, 132
track:777, 870, 642, 147, 132
track:778, 870, 641, 147, 132
track:779, 872, 641, 147, 132
track:780, 873, 641, 147, 132
track:781, 876, 644, 140, 126
track:782, 876, 645, 140, 126
track:783, 877, 644, 140, 126
track:784, 876, 643, 140, 126
track:785, 875, 644, 140, 126
track:786, 879, 645, 133, 120
track:787, 878, 646, 133, 120
track:788, 878, 647, 133, 120
track:789, 880, 650, 127, 114
track:790, 880, 649, 127, 114
track:791, 879, 649, 127, 114
track:792, 879, 647, 127, 114
init :793, 876, 654, 133, 93
track:794, 876, 655, 133, 93
track:795, 876, 658, 133, 93
track:796, 876, 659, 133, 93
track:797, 877, 659, 133, 93
track:798, 876, 659, 133, 93
track:799, 876, 660, 133, 93
track:800, 876, 661, 133, 93
track:801, 876, 661, 133, 93
track:802, 875, 662, 133, 93
track:803, 875, 663, 133, 93
track:804, 876, 663, 133, 93
track:805, 874, 663, 133, 93
track:806, 874, 664, 133, 93
track:807, 873, 663, 133, 93
track:808, 873, 664, 133, 93
track:809, 873, 665, 133, 93
track:810, 874, 667, 133, 93
track:811, 874, 668, 133, 93
track:812, 873, 669, 133, 93
track:813, 871, 670, 133, 93
track:814, 869, 670, 133, 93
init :815, 863, 667, 143, 103
track:816, 863, 667, 143, 103
track:817, 863, 670, 143, 103
track:818, 862, 676, 143, 103
track:819, 859, 676, 150, 108
track:820, 857, 687, 150, 108
track:821, 853, 685, 158, 114
track:822, 852, 686, 158, 114
track:823, 851, 685, 158, 114
track:824, 850, 684, 158, 114
track:825, 850, 684, 158, 114
track:826, 850, 684, 158, 114
track:827, 849, 689, 158, 114
track:828, 849, 694, 158, 114
track:829, 850, 696, 158, 114
track:830, 852, 698, 158, 114
track:831, 853, 698, 158, 114
track:832, 853, 698, 158, 114
track:833, 851, 695, 166, 119
track:834, 851, 688, 166, 119
track:835, 850, 678, 166, 119
track:836, 852, 678, 166, 119
init :837, 853, 664, 166, 142
track:838, 852, 663, 166, 142
track:839, 850, 659, 166, 142
track:840, 849, 654, 166, 142
track:841, 849, 653, 166, 142
track:842, 843, 650, 174, 149
track:843, 841, 645, 174, 149
track:844, 836, 639, 183, 157
track:845, 829, 625, 183, 157
track:846, 828, 625, 183, 157
track:847, 828, 615, 183, 157
track:848, 827, 612, 183, 157
track:849, 826, 610, 183, 157
track:850, 826, 609, 183, 157
track:851, 825, 608, 183, 157
track:852, 829, 604, 183, 157
track:853, 834, 600, 183, 157
track:854, 835, 602, 183, 157
track:855, 835, 605, 183, 157
track:856, 836, 606, 183, 157
track:857, 834, 607, 183, 157
track:858, 836, 605, 183, 157
init :859, 830, 594, 198, 166
track:860, 830, 592, 198, 166
track:861, 830, 592, 198, 166
track:862, 830, 594, 198, 166
track:863, 832, 600, 198, 166
track:864, 832, 605, 198, 166
track:865, 832, 612, 198, 166
track:866, 832, 611, 198, 166
track:867, 832, 615, 198, 166
track:868, 833, 618, 198, 166
track:869, 834, 619, 198, 166
track:870, 834, 624, 198, 166
track:871, 834, 625, 198, 166
track:872, 834, 625, 198, 166
track:873, 834, 625, 198, 166
track:874, 837, 624, 198, 166
track:875, 836, 624, 198, 166
track:876, 842, 629, 189, 158
track:877, 842, 630, 189, 158
track:878, 849, 633, 180, 151
track:879, 850, 632, 180, 151
track:880, 850, 632, 180, 151
init :881, 863, 643, 147, 124
track:882, 863, 643, 147, 124
track:883, 865, 642, 147, 124
track:884, 867, 642, 147, 124
track:885, 869, 642, 147, 124
track:886, 869, 642, 147, 124
track:887, 870, 644, 147, 124
track:888, 870, 644, 147, 124
track:889, 875, 645, 140, 118
track:890, 877, 643, 140, 118
track:891, 877, 643, 140, 118
track:892, 882, 645, 133, 112
track:893, 883, 643, 133, 112
track:894, 883, 643, 133, 112
track:895, 884, 644, 133, 112
track:896, 887, 647, 127, 107
track:897, 888, 645, 127, 107
track:898, 885, 645, 127, 107
track:899, 884, 645, 127, 107
track:900, 882, 647, 127, 107
track:901, 883, 647, 127, 107
track:902, 881, 649, 127, 107
init :903, 881, 654, 120, 96
track:904, 882, 654, 120, 96
track:905, 883, 655, 120, 96
track:906, 883, 655, 120, 96
track:907, 908, 640, 120, 96
track:908, 912, 639, 120, 96
track:909, 916, 650, 114, 91
track:910, 920, 656, 114, 91
track:911, 918, 656, 114, 91
track:912, 918, 658, 114, 91
track:913, 921, 664, 114, 91
track:914, 920, 665, 114, 91
track:915, 918, 665, 120, 96
track:916, 923, 668, 114, 91
track:917, 923, 670, 114, 91
track:918, 924, 672, 114, 91
track:919, 924, 672, 114, 91
track:920, 920, 673, 114, 91
track:921, 920, 674, 114, 91
track:922, 915, 673, 114, 91
track:923, 910, 672, 114, 91
track:924, 904, 671, 114, 91
init :925, 780, 581, 300, 254
track:926, 780, 581, 300, 254
track:927, 779, 582, 300, 254
track:928, 773, 582, 300, 254
track:929, 770, 581, 300, 254
track:930, 767, 578, 300, 254
track:931, 765, 580, 300, 254
track:932, 765, 577, 300, 254
track:933, 763, 575, 300, 254
track:934, 764, 573, 300, 254
track:935, 764, 571, 300, 254
track:936, 764, 571, 300, 254
track:937, 763, 568, 300, 254
track:938, 765, 566, 300, 254
track:939, 765, 562, 300, 254
track:940, 770, 570, 286, 242
track:941, 771, 569, 286, 242
track:942, 771, 566, 286, 242
track:943, 767, 566, 286, 242
track:944, 765, 566, 286, 242
track:945, 767, 566, 286, 242
track:946, 773, 571, 272, 230
init :947, 766, 571, 341, 231
track:948, 764, 572, 341, 231
track:949, 761, 574, 341, 231
track:950, 759, 573, 341, 231
track:951, 759, 575, 341, 231
track:952, 758, 576, 341, 231
track:953, 755, 578, 341, 231
track:954, 754, 579, 341, 231
track:955, 753, 580, 341, 231
track:956, 751, 581, 341, 231
track:957, 752, 581, 341, 231
track:958, 751, 584, 341, 231
track:959, 752, 585, 341, 231
track:960, 752, 585, 341, 231
track:961, 752, 585, 341, 231
track:962, 750, 587, 341, 231
track:963, 749, 587, 341, 231
track:964, 747, 589, 341, 231
track:965, 738, 583, 358, 243
track:966, 733, 584, 358, 243
track:967, 732, 584, 358, 243
track:968, 722, 585, 358, 243
init :969, 715, 584, 429, 244
track:970, 715, 584, 429, 244
track:971, 713, 585, 429, 244
track:972, 710, 586, 429, 244
track:973, 709, 588, 429, 244
track:974, 702, 587, 429, 244
track:975, 703, 587, 429, 244
track:976, 699, 589, 429, 244
track:977, 697, 589, 429, 244
track:978, 697, 589, 429, 244
track:979, 698, 591, 429, 244
track:980, 684, 583, 450, 256
track:981, 675, 575, 473, 269
track:982, 675, 577, 473, 269
track:983, 675, 578, 473, 269
track:984, 682, 582, 473, 269
track:985, 678, 579, 473, 269
track:986, 682, 581, 473, 269
track:987, 683, 580, 473, 269
track:988, 684, 579, 473, 269
track:989, 687, 579, 473, 269
track:990, 689, 577, 473, 269
init :991, 701, 586, 507, 249
track:992, 702, 587, 507, 249
track:993, 703, 586, 507, 249
track:994, 705, 585, 507, 249
track:995, 704, 585, 507, 249
track:996, 705, 584, 507, 249
track:997, 721, 589, 483, 237
track:998, 721, 587, 483, 237
track:999, 713, 581, 507, 249
track:1000, 713, 579, 507, 249
track:1001, 728, 581, 483, 237
track:1002, 734, 580, 483, 237
track:1003, 750, 583, 460, 226
track:1004, 764, 586, 438, 215
track:1005, 754, 581, 460, 226
track:1006, 761, 578, 460, 226
track:1007, 762, 576, 460, 226
track:1008, 762, 574, 460, 226
track:1009, 755, 573, 460, 226
track:1010, 753, 574, 460, 226
track:1011, 756, 572, 460, 226
track:1012, 738, 567, 483, 237
init :1013, 766, 576, 470, 189
track:1014, 776, 581, 448, 180
track:1015, 776, 581, 448, 180
track:1016, 772, 580, 448, 180
track:1017, 767, 580, 448, 180
track:1018, 766, 581, 448, 180
track:1019, 761, 580, 448, 180
track:1020, 760, 579, 448, 180
track:1021, 758, 580, 448, 180
track:1022, 758, 580, 448, 180
track:1023, 755, 581, 448, 180
track:1024, 750, 580, 448, 180
track:1025, 748, 579, 448, 180
track:1026, 747, 578, 448, 180
track:1027, 747, 579, 448, 180
track:1028, 754, 582, 426, 171
track:1029, 752, 583, 426, 171
track:1030, 750, 584, 426, 171
track:1031, 753, 589, 406, 163
track:1032, 746, 591, 406, 163
track:1033, 742, 592, 406, 163
track:1034, 739, 593, 406, 163
init :1035, 743, 589, 433, 160
track:1036, 740, 590, 433, 160
track:1037, 739, 593, 433, 160
track:1038, 737, 594, 433, 160
track:1039, 744, 597, 433, 160
track:1040, 729, 597, 455, 168
track:1041, 724, 600, 455, 168
track:1042, 724, 602, 455, 168
track:1043, 735, 606, 433, 160
track:1044, 744, 612, 412, 152
track:1045, 744, 611, 412, 152
track:1046, 745, 613, 412, 152
track:1047, 745, 614, 412, 152
track:1048, 750, 616, 412, 152
track:1049, 752, 616, 412, 152
track:1050, 756, 616, 412, 152
track:1051, 761, 614, 412, 152
track:1052, 773, 615, 393, 145
track:1053, 779, 615, 393, 145
track:1054, 794, 613, 393, 145
track:1055, 785, 608, 412, 152
track:1056, 788, 608, 412, 152
init :1057, 789, 610, 452, 145
track:1058, 789, 610, 452, 145
track:1059, 790, 611, 452, 145
track:1060, 791, 611, 452, 145
track:1061, 791, 611, 452, 145
track:1062, 790, 612, 452, 145
track:1063, 788, 613, 452, 145
track:1064, 784, 614, 452, 145
track:1065, 784, 614, 452, 145
track:1066, 777, 613, 452, 145
track:1067, 770, 613, 452, 145
track:1068, 752, 610, 475, 152
track:1069, 753, 613, 452, 145
track:1070, 750, 613, 452, 145
track:1071, 731, 609, 475, 152
track:1072, 718, 608, 475, 152
track:1073, 702, 609, 475, 152
track:1074, 702, 611, 452, 145
track:1075, 699, 611, 452, 145
track:1076, 691, 611, 452, 145
track:1077, 684, 611, 452, 145
track:1078, 666, 611, 452, 145
init :1079, 687, 625, 433, 129
track:1080, 687, 625, 433, 129
track:1081, 680, 625, 433, 129
track:1082, 675, 625, 433, 129
track:1083, 672, 625, 433, 129
track:1084, 673, 625, 433, 129
track:1085, 672, 626, 433, 129
track:1086, 670, 626, 433, 129
track:1087, 659, 623, 455, 135
track:1088, 660, 623, 455, 135
track:1089, 662, 624, 455, 135
track:1090, 652, 620, 477, 142
track:1091, 651, 621, 477, 142
track:1092, 656, 622, 477, 142
track:1093, 660, 625, 477, 142
track:1094, 675, 627, 455, 135
track:1095, 672, 629, 455, 135
track:1096, 674, 629, 455, 135
track:1097, 665, 625, 477, 142
track:1098, 679, 629, 455, 135
track:1099, 677, 629, 455, 135
track:1100, 678, 630, 455, 135
init :1101, 692, 625, 461, 163
track:1102, 692, 624, 461, 163
track:1103, 693, 625, 461, 163
track:1104, 687, 625, 461, 163
track:1105, 701, 629, 439, 155
track:1106, 702, 628, 439, 155
track:1107, 700, 628, 439, 155
track:1108, 699, 629, 439, 155
track:1109, 697, 630, 439, 155
track:1110, 693, 630, 439, 155
track:1111, 689, 633, 439, 155
track:1112, 688, 633, 439, 155
track:1113, 686, 634, 439, 155
track:1114, 684, 637, 439, 155
track:1115, 686, 637, 439, 155
track:1116, 686, 639, 439, 155
track:1117, 684, 638, 439, 155
track:1118, 665, 635, 461, 163
track:1119, 666, 641, 439, 155
track:1120, 673, 640, 439, 155
track:1121, 668, 640, 439, 155
track:1122, 664, 641, 439, 155
init :1123, 710, 628, 383, 189
track:1124, 710, 629, 383, 189
track:1125, 708, 629, 383, 189
track:1126, 716, 632, 365, 180
track:1127, 721, 631, 365, 180
track:1128, 718, 631, 365, 180
track:1129, 716, 625, 383, 189
track:1130, 716, 625, 383, 189
track:1131, 715, 627, 383, 189
track:1132, 721, 628, 383, 189
track:1133, 702, 620, 402, 198
track:1134, 685, 616, 422, 208
track:1135, 673, 609, 443, 219
track:1136, 676, 605, 443, 219
track:1137, 672, 603, 443, 219
track:1138, 646, 596, 466, 230
track:1139, 656, 598, 443, 219
track:1140, 666, 599, 422, 208
track:1141, 665, 600, 422, 208
track:1142, 666, 602, 422, 208
track:1143, 665, 612, 402, 198
track:1144, 652, 614, 383, 189
init :1145, 821, 630, 203, 184
track:1146, 815, 630, 203, 184
track:1147, 808, 631, 203, 184
track:1148, 798, 631, 203, 184
track:1149, 790, 632, 203, 184
track:1150, 789, 632, 203, 184
track:1151, 785, 632, 203, 184
track:1152, 783, 633, 203, 184
track:1153, 781, 633, 203, 184
track:1154, 778, 633, 203, 184
track:1155, 782, 633, 203, 184
track:1156, 787, 636, 203, 184
track:1157, 793, 644, 193, 175
track:1158, 786, 642, 193, 175
track:1159, 796, 642, 193, 175
track:1160, 797, 641, 193, 175
track:1161, 791, 636, 203, 184
track:1162, 796, 637, 203, 184
track:1163, 798, 638, 203, 184
track:1164, 802, 643, 193, 175
track:1165, 797, 644, 193, 175
track:1166, 805, 644, 193, 175
init :1167, 775, 641, 318, 168
track:1168, 775, 641, 318, 168
track:1169, 776, 643, 318, 168
track:1170, 772, 642, 318, 168
track:1171, 777, 645, 303, 160
track:1172, 767, 639, 318, 168
track:1173, 762, 639, 318, 168
track:1174, 762, 638, 318, 168
track:1175, 760, 637, 318, 168
track:1176, 761, 637, 318, 168
track:1177, 765, 636, 318, 168
track:1178, 765, 635, 318, 168
track:1179, 764, 633, 318, 168
track:1180, 766, 632, 318, 168
track:1181, 765, 631, 318, 168
track:1182, 771, 631, 318, 168
track:1183, 774, 630, 318, 168
track:1184, 761, 626, 318, 168
track:1185, 771, 630, 303, 160
track:1186, 780, 622, 318, 168
track:1187, 777, 617, 334, 176
track:1188, 802, 624, 334, 176
init :1189, 789, 633, 387, 132
track:1190, 789, 633, 387, 132
track:1191, 789, 633, 387, 132
track:1192, 786, 632, 387, 132
track:1193, 785, 629, 387, 132
track:1194, 785, 627, 387, 132
track:1195, 785, 625, 387, 132
track:1196, 789, 627, 369, 126
track:1197, 778, 623, 387, 132
track:1198, 775, 621, 387, 132
track:1199, 771, 621, 387, 132
track:1200, 782, 622, 369, 126
track:1201, 784, 621, 369, 126
track:1202, 787, 619, 369, 126
track:1203, 787, 620, 369, 126
track:1204, 791, 620, 369, 126
track:1205, 802, 623, 351, 120
track:1206, 808, 624, 351, 120
track:1207, 811, 625, 351, 120
track:1208, 814, 625, 351, 120
track:1209, 815, 624, 351, 120
track:1210, 818, 624, 351, 120
init :1211, 853, 636, 346, 103
track:1212, 864, 638, 330, 98
track:1213, 866, 639, 330, 98
track:1214, 874, 641, 314, 93
track:1215, 867, 640, 330, 98
track:1216, 867, 641, 330, 98
track:1217, 872, 643, 314, 93
track:1218, 872, 644, 314, 93
track:1219, 871, 645, 314, 93
track:1220, 869, 645, 314, 93
track:1221, 867, 647, 314, 93
track:1222, 873, 651, 299, 89
track:1223, 871, 653, 299, 89
track:1224, 872, 654, 299, 89
track:1225, 873, 654, 299, 89
track:1226, 877, 657, 285, 85
track:1227, 879, 658, 285, 85
track:1228, 879, 659, 285, 85
track:1229, 878, 659, 285, 85
track:1230, 883, 662, 271, 81
track:1231, 883, 663, 271, 81
track:1232, 885, 666, 258, 77
init :1233, 913, 662, 253, 98
track:1234, 913, 662, 253, 98
track:1235, 912, 662, 253, 98
track:1236, 915, 665, 241, 93
track:1237, 911, 665, 241, 93
track:1238, 913, 667, 229, 89
track:1239, 912, 667, 229, 89
track:1240, 919, 668, 219, 85
track:1241, 918, 668, 219, 85
track:1242, 914, 668, 219, 85
track:1243, 913, 669, 219, 85
track:1244, 918, 668, 219, 85
track:1245, 912, 669, 219, 85
track:1246, 917, 671, 208, 81
track:1247, 911, 674, 208, 81
track:1248, 910, 675, 208, 81
track:1249, 916, 678, 198, 77
track:1250, 907, 679, 198, 77
track:1251, 900, 677, 208, 81
track:1252, 874, 669, 219, 85
track:1253, 865, 667, 219, 85
track:1254, 856, 664, 229, 89
init :1255, 950, 667, 133, 85
track:1256, 944, 666, 133, 85
track:1257, 942, 667, 127, 81
track:1258, 940, 666, 127, 81
track:1259, 937, 664, 127, 81
track:1260, 934, 663, 127, 81
track:1261, 926, 662, 127, 81
track:1262, 922, 660, 127, 81
track:1263, 921, 662, 121, 77
track:1264, 921, 663, 121, 77
track:1265, 920, 663, 121, 77
track:1266, 921, 663, 121, 77
track:1267, 919, 660, 121, 77
track:1268, 919, 660, 121, 77
track:1269, 918, 660, 121, 77
track:1270, 918, 658, 121, 77
track:1271, 918, 657, 121, 77
track:1272, 911, 659, 121, 77
track:1273, 909, 659, 115, 73
track:1274, 909, 658, 115, 73
track:1275, 906, 657, 115, 73
track:1276, 899, 657, 115, 73
init :1277, 918, 656, 124, 75
track:1278, 910, 657, 124, 75
track:1279, 911, 658, 124, 75
track:1280, 905, 657, 124, 75
track:1281, 898, 658, 124, 75
track:1282, 890, 660, 124, 75
track:1283, 886, 657, 130, 79
track:1284, 885, 657, 130, 79
track:1285, 877, 660, 124, 75
track:1286, 872, 657, 130, 79
track:1287, 871, 656, 130, 79
track:1288, 869, 656, 130, 79
track:1289, 869, 656, 130, 79
track:1290, 869, 655, 130, 79
track:1291, 866, 654, 130, 79
track:1292, 866, 655, 130, 79
track:1293, 862, 655, 130, 79
track:1294, 862, 658, 124, 75
track:1295, 865, 659, 118, 71
track:1296, 864, 660, 112, 68
track:1297, 864, 659, 112, 68
track:1298, 863, 659, 112, 68
init :1299, 867, 656, 147, 70
track:1300, 865, 657, 147, 70
track:1301, 863, 657, 147, 70
track:1302, 864, 658, 147, 70
track:1303, 863, 658, 147, 70
track:1304, 863, 659, 147, 70
track:1305, 867, 660, 140, 67
track:1306, 868, 661, 140, 67
track:1307, 872, 662, 133, 63
track:1308, 872, 663, 133, 63
track:1309, 871, 663, 133, 63
track:1310, 870, 662, 140, 67
track:1311, 874, 664, 133, 63
track:1312, 871, 663, 140, 67
track:1313, 870, 663, 140, 67
track:1314, 869, 663, 140, 67
track:1315, 866, 662, 147, 70
track:1316, 866, 662, 147, 70
track:1317, 866, 665, 140, 67
track:1318, 864, 665, 140, 67
track:1319, 865, 666, 140, 67
track:1320, 858, 665, 147, 70
init :1321, 858, 672, 166, 54
track:1322, 859, 672, 166, 54
track:1323, 864, 674, 166, 54
track:1324, 867, 675, 158, 51
track:1325, 867, 676, 158, 51
track:1326, 868, 676, 158, 51
track:1327, 867, 676, 166, 54
track:1328, 872, 678, 158, 51
track:1329, 872, 679, 158, 51
track:1330, 871, 679, 158, 51
track:1331, 871, 679, 158, 51
track:1332, 867, 679, 158, 51
track:1333, 863, 679, 158, 51
track:1334, 862, 679, 158, 51
track:1335, 858, 679, 158, 51
track:1336, 854, 679, 158, 51
track:1337, 850, 679, 158, 51
track:1338, 848, 678, 158, 51
track:1339, 847, 678, 158, 51
track:1340, 847, 679, 158, 51
track:1341, 847, 679, 158, 51
track:1342, 846, 679, 158, 51
init :1343, 844, 677, 175, 49
track:1344, 844, 677, 175, 49
track:1345, 844, 677, 175, 49
track:1346, 843, 677, 175, 49
track:1347, 844, 677, 175, 49
track:1348, 844, 677, 175, 49
track:1349, 839, 676, 184, 51
track:1350, 838, 677, 184, 51
track:1351, 837, 677, 184, 51
track:1352, 835, 677, 184, 51
track:1353, 831, 677, 193, 54
track:1354, 831, 677, 193, 54
track:1355, 833, 678, 193, 54
track:1356, 837, 679, 184, 51
track:1357, 836, 679, 184, 51
track:1358, 836, 679, 184, 51
track:1359, 836, 680, 184, 51
track:1360, 836, 680, 184, 51
track:1361, 834, 680, 184, 51
track:1362, 835, 681, 184, 51
track:1363, 840, 683, 175, 49
track:1364, 841, 683, 175, 49
init :1365, 849, 687, 180, 51
track:1366, 850, 687, 180, 51
track:1367, 849, 688, 180, 51
track:1368, 849, 688, 180, 51
track:1369, 850, 688, 180, 51
track:1370, 843, 688, 189, 54
track:1371, 840, 689, 189, 54
track:1372, 834, 688, 198, 56
track:1373, 833, 689, 198, 56
track:1374, 835, 691, 189, 54
track:1375, 839, 692, 180, 51
track:1376, 838, 691, 180, 51
track:1377, 831, 691, 189, 54
track:1378, 825, 691, 189, 54
track:1379, 825, 692, 189, 54
track:1380, 822, 692, 189, 54
track:1381, 822, 693, 189, 54
track:1382, 818, 695, 189, 54
track:1383, 815, 696, 189, 54
track:1384, 812, 697, 189, 54
track:1385, 805, 696, 198, 56
track:1386, 806, 697, 198, 56
init :1387, 812, 700, 198, 62
track:1388, 813, 700, 198, 62
track:1389, 814, 701, 198, 62
track:1390, 816, 701, 198, 62
track:1391, 831, 703, 198, 62
track:1392, 829, 704, 198, 62
track:1393, 832, 705, 198, 62
track:1394, 833, 705, 198, 62
track:1395, 834, 706, 198, 62
track:1396, 835, 706, 198, 62
track:1397, 835, 707, 198, 62
track:1398, 835, 708, 198, 62
track:1399, 835, 708, 198, 62
track:1400, 831, 708, 198, 62
track:1401, 821, 709, 208, 65
track:1402, 818, 710, 208, 65
track:1403, 807, 710, 218, 68
track:1404, 805, 711, 218, 68
track:1405, 801, 711, 218, 68
track:1406, 799, 711, 218, 68
track:1407, 800, 713, 208, 65
track:1408, 797, 712, 208, 65
init :1409, 793, 713, 230, 67
track:1410, 792, 713, 230, 67
track:1411, 791, 713, 230, 67
track:1412, 793, 715, 230, 67
track:1413, 791, 715, 230, 67
track:1414, 791, 715, 230, 67
track:1415, 794, 716, 230, 67
track:1416, 794, 716, 230, 67
track:1417, 793, 717, 230, 67
track:1418, 792, 719, 230, 67
track:1419, 788, 717, 241, 70
track:1420, 791, 719, 230, 67
track:1421, 789, 720, 230, 67
track:1422, 788, 721, 230, 67
track:1423, 783, 720, 241, 70
track:1424, 784, 721, 241, 70
track:1425, 787, 721, 241, 70
track:1426, 786, 723, 241, 70
track:1427, 786, 723, 241, 70
track:1428, 788, 724, 241, 70
track:1429, 787, 724, 241, 70
track:1430, 786, 725, 241, 70
init :1431, 789, 719, 249, 98
track:1432, 793, 720, 237, 93
track:1433, 793, 721, 237, 93
track:1434, 793, 721, 237, 93
track:1435, 790, 723, 237, 93
track:1436, 788, 724, 237, 93
track:1437, 786, 725, 237, 93
track:1438, 781, 724, 249, 98
track:1439, 786, 727, 237, 93
track:1440, 785, 729, 237, 93
track:1441, 782, 730, 237, 93
track:1442, 783, 732, 226, 89
track:1443, 778, 732, 226, 89
track:1444, 778, 732, 226, 89
track:1445, 772, 732, 226, 89
track:1446, 763, 731, 237, 93
track:1447, 760, 730, 237, 93
track:1448, 753, 727, 249, 98
track:1449, 754, 726, 249, 98
track:1450, 753, 727, 249, 98
track:1451, 757, 724, 249, 98
track:1452, 758, 724, 249, 98
init :1453, 784, 711, 230, 135
track:1454, 784, 711, 230, 135
track:1455, 787, 710, 230, 135
track:1456, 792, 710, 230, 135
track:1457, 796, 708, 230, 135
track:1458, 800, 708, 230, 135
track:1459, 802, 709, 230, 135
track:1460, 805, 710, 230, 135
track:1461, 808, 710, 230, 135
track:1462, 816, 713, 219, 129
track:1463, 815, 714, 219, 129
track:1464, 816, 713, 219, 129
track:1465, 819, 714, 219, 129
track:1466, 818, 716, 219, 129
track:1467, 825, 719, 219, 129
track:1468, 819, 716, 230, 135
track:1469, 811, 716, 230, 135
track:1470, 803, 714, 230, 135
track:1471, 825, 723, 219, 129
track:1472, 815, 721, 219, 129
track:1473, 807, 721, 219, 129
track:1474, 800, 717, 219, 129
init :1475, 849, 685, 156, 158
track:1476, 849, 685, 156, 158
track:1477, 850, 684, 156, 158
track:1478, 850, 684, 156, 158
track:1479, 849, 683, 156, 158
track:1480, 848, 680, 156, 158
track:1481, 849, 676, 156, 158
track:1482, 855, 674, 156, 158
track:1483, 855, 673, 156, 158
track:1484, 860, 672, 156, 158
track:1485, 863, 674, 149, 150
track:1486, 864, 673, 149, 150
track:1487, 871, 665, 156, 158
track:1488, 872, 665, 156, 158
track:1489, 881, 668, 149, 150
track:1490, 883, 666, 149, 150
track:1491, 889, 664, 149, 150
track:1492, 894, 665, 141, 143
track:1493, 895, 664, 141, 143
track:1494, 893, 662, 141, 143
track:1495, 889, 658, 141, 143
track:1496, 891, 658, 135, 136
init :1497, 849, 646, 300, 140
track:1498, 849, 646, 300, 140
track:1499, 846, 644, 300, 140
track:1500, 842, 641, 300, 140
track:1501, 834, 638, 300, 140
track:1502, 829, 636, 300, 140
track:1503, 830, 635, 300, 140
track:1504, 827, 633, 300, 140
track:1505, 826, 629, 300, 140
track:1506, 827, 625, 300, 140
track:1507, 821, 622, 300, 140
track:1508, 823, 622, 300, 140
track:1509, 822, 623, 300, 140
track:1510, 817, 618, 300, 140
track:1511, 823, 615, 300, 140
track:1512, 817, 615, 300, 140
track:1513, 817, 614, 300, 140
track:1514, 797, 611, 300, 140
track:1515, 778, 613, 286, 133
track:1516, 760, 610, 286, 133
track:1517, 728, 613, 286, 133
track:1518, 731, 614, 286, 133
init :1519, 724, 623, 286, 109
track:1520, 701, 623, 286, 109
track:1521, 679, 624, 286, 109
track:1522, 675, 627, 272, 104
track:1523, 674, 627, 272, 104
track:1524, 666, 628, 272, 104
track:1525, 664, 628, 272, 104
track:1526, 667, 629, 272, 104
track:1527, 664, 625, 286, 109
track:1528, 672, 628, 272, 104
track:1529, 703, 630, 259, 99
track:1530, 722, 628, 259, 99
track:1531, 749, 628, 259, 99
track:1532, 775, 627, 259, 99
track:1533, 782, 629, 247, 94
track:1534, 805, 629, 247, 94
track:1535, 831, 628, 247, 94
track:1536, 852, 627, 247, 94
track:1537, 872, 628, 247, 94
track:1538, 869, 628, 247, 94
track:1539, 890, 629, 247, 94
track:1540, 891, 629, 247, 94
init :1541, 909, 643, 230, 75
track:1542, 909, 643, 230, 75
track:1543, 909, 643, 230, 75
track:1544, 909, 644, 230, 75
track:1545, 905, 645, 230, 75
track:1546, 901, 646, 230, 75
track:1547, 893, 648, 230, 75
track:1548, 891, 650, 230, 75
track:1549, 890, 653, 219, 71
track:1550, 876, 655, 219, 71
track:1551, 872, 656, 219, 71
track:1552, 867, 657, 219, 71
track:1553, 872, 660, 209, 68
track:1554, 868, 661, 209, 68
track:1555, 867, 662, 209, 68
track:1556, 867, 663, 209, 68
track:1557, 875, 665, 199, 65
track:1558, 874, 666, 199, 65
track:1559, 880, 667, 189, 62
track:1560, 888, 670, 180, 59
track:1561, 894, 671, 172, 56
track:1562, 901, 672, 163, 53
init :1563, 904, 669, 189, 72
track:1564, 910, 671, 180, 69
track:1565, 910, 671, 180, 69
track:1566, 909, 672, 180, 69
track:1567, 909, 671, 180, 69
track:1568, 908, 671, 180, 69
track:1569, 911, 674, 171, 65
track:1570, 909, 674, 171, 65
track:1571, 906, 674, 171, 65
track:1572, 903, 675, 171, 65
track:1573, 904, 674, 171, 65
track:1574, 906, 676, 163, 62
track:1575, 900, 675, 163, 62
track:1576, 903, 678, 155, 59
track:1577, 899, 678, 155, 59
track:1578, 900, 679, 155, 59
track:1579, 898, 679, 155, 59
track:1580, 896, 679, 155, 59
track:1581, 892, 679, 155, 59
track:1582, 890, 678, 155, 59
track:1583, 890, 679, 155, 59
track:1584, 887, 679, 155, 59
init :1585, 900, 677, 138, 72
track:1586, 900, 677, 138, 72
track:1587, 902, 679, 131, 69
track:1588, 902, 678, 131, 69
track:1589, 899, 677, 138, 72
track:1590, 899, 678, 138, 72
track:1591, 902, 679, 131, 69
track:1592, 901, 680, 131, 69
track:1593, 900, 679, 131, 69
track:1594, 900, 680, 131, 69
track:1595, 897, 680, 131, 69
track:1596, 894, 681, 131, 69
track:1599, 893, 682, 131, 69
track:1600, 890, 681, 131, 69
track:1601, 893, 683, 125, 65
track:1602, 892, 684, 125, 65
track:1603, 892, 684, 125, 65
track:1604, 892, 685, 119, 62
track:1605, 890, 687, 114, 59
track:1606, 884, 686, 119, 62
init :1607, 913, 682, 87, 72
track:1608, 913, 682, 87, 72
elapseTime: 17.989
